GeoFIPS,GeoName,under_5,5_to_9,10_to_14,15_to_19,20_to_24,25_to_29,30_to_34,35_to_39,40_to_44,45_to_49,50_to_54,55_to_59,60_to_64,65_to_69,70_to_74,75_to_79,80_to_84,85_over
1001,"Autauga, AL",5.735096407481152,5.639795102193632,7.447116284610542,6.6778986062184105,6.107792583516278,6.342642228689097,6.277973485815422,6.861693980701486,6.638756998689607,6.926362723575161,6.485594186620378,7.283742618403363,5.959735198516023,4.557444563571076,4.463845067306547,3.61634417385681,1.443134051496741,1.5350317387382788
1003,"Baldwin, AL",5.185502527632593,5.211635678176677,6.913289349670122,6.134864193299632,5.000428412304001,5.349584440065119,5.676891440322166,6.359352240596349,5.709022363122269,6.286093736612116,6.55642190043698,6.779196298517694,7.631736783480421,6.543141119012938,6.172992888355753,4.191157570045412,2.299717247879359,1.9989718104703968
1005,"Barbour, AL",5.221690718334204,6.495960123809141,5.378462033203361,5.8487759778108295,6.005547292679986,6.793423644330105,6.745186316678057,6.717047875547695,5.748281545202396,5.937211078506251,6.34722836354866,6.262813040157575,6.6969489890260085,6.327129477026973,5.209631386421192,4.494111026249146,1.8651766692125256,1.905374442255899
1007,"Bibb, AL",5.199766302638084,6.462630892993573,5.851422407981664,5.878387488202778,5.037975821311401,7.590670082243495,7.22664149925846,6.148038290413914,7.433373780953666,7.316525099995506,5.905352568423891,6.561502853804324,6.606444654172846,5.833445687834255,4.076221293425015,3.653768369960901,1.7347534942249787,1.4830794121612512
1009,"Blount, AL",5.772127900875129,5.966789105743351,6.999339844609577,6.271476209015353,5.899080860571796,6.229158555783131,5.643482235049173,5.993872403811975,6.07681500414713,6.505069654857221,6.598168491968109,6.999339844609577,6.77928804780202,5.533456336645394,5.122128747228194,3.217834351778188,2.682939214922897,1.709633190581783
1011,"Bullock, AL",5.441518202943454,5.828814872192099,7.271494965143299,8.636715724244771,3.5340821068938806,7.281177381874516,6.109604957397367,7.600697134004647,4.628195197521301,5.906274206041829,7.89116963594113,6.167699457784663,7.106893880712625,5.635166537567777,4.521688613477924,3.0790085205267235,0.9682416731216112,2.39155693261038
1013,"Butler, AL",5.5529213423950265,5.689900426742532,7.180865075601918,5.584531900321374,6.100837679785048,5.695168853063589,5.484431800221274,6.243085190453612,6.369527422159001,5.479163373900216,5.953321742795427,6.258890469416785,7.223012486170381,7.607607607607608,4.488699225541331,4.209472630525262,2.665823718455297,2.212739054844318
1015,"Calhoun, AL",5.598216284154887,5.567225082212772,6.160362252716035,7.585096675332725,7.140028580775125,6.51245674144729,6.224066390041494,6.16552745303972,5.746285360100549,5.906406570134812,6.11559718324409,6.664830150996023,6.713038687350424,6.062223446566003,4.741653897143644,4.052960520652193,1.7768289113479452,1.267195812744271
1017,"Chambers, AL",6.0268115104588,4.654455102276668,6.633537501444586,5.154281751993528,6.151045880041604,6.720212643013984,5.798566970992719,6.656650872529759,4.692014330290073,6.223275164682769,6.887784583381486,8.193690049693748,6.474633075234022,6.760661042413036,4.772911129088177,3.9639431411071295,2.504911591355599,1.7306136600023114
1019,"Cherokee, AL",4.591327934899677,4.316087598228888,6.518010291595197,5.3412581275679125,5.345247117954446,5.309346204475647,5.097929713989389,5.871793848976823,4.906458175435797,6.482109378116399,6.93685428218118,7.802465196058877,8.237265148190993,7.451434042043958,6.422274522318401,4.004946348079301,2.9797758187402765,2.385416251146834
1021,"Chilton, AL",6.0013291980505095,7.419140451927338,6.278245458573327,6.101019051838724,6.391227292866637,6.260522817899868,6.194062915374391,5.443066016836508,6.984935755427559,6.278245458573327,6.457687195392113,6.6171909614532565,6.725742135578201,5.039875941515286,4.960124058484714,3.400531679220204,1.969428444838281,1.4776251661497564
1023,"Choctaw, AL",5.41479201199779,4.617570447549136,6.140974031099534,7.277606756650091,5.099060699344857,4.349198831794143,5.2963927697529405,4.254479437998263,5.580550951140579,5.888388980977188,6.669823979793196,8.295840239955798,7.830136553792723,6.227800142079091,6.835582918935986,4.483384639671639,2.1627594916725865,3.575657115794459
1025,"Clarke, AL",6.162720097146327,5.152224824355972,6.739526411657559,6.383901465868679,6.106340532570041,5.8764853846821055,5.243299505594588,5.186919941018302,6.097666753404458,5.958886286755139,6.505334374186833,7.20357359701622,6.999739786625033,7.199236707433429,3.924885072426056,3.907537514094892,2.658513314251019,2.693208430913349
1027,"Clay, AL",5.243155746357942,5.763952424519671,5.792103596312197,7.136322049405306,5.313533675839257,5.017946372017736,5.7358012527271445,5.2572313322542055,5.397987191216835,6.721092265465551,6.981490604546414,7.43894714617496,7.375607009641777,5.573932014920121,6.108804278978113,4.637905552818636,2.3365472587796465,2.1676402280244917
1029,"Cleburne, AL",5.949550977284733,6.959852086634971,6.094823032223983,5.606180665610143,5.196777601690439,6.3061278394083455,6.557052297939777,4.9986793449550975,5.764659270998415,6.46460644479662,6.642894875858425,6.642894875858425,7.177760169043845,6.292921288959325,5.190174326465927,4.272319070258848,1.294241944004226,2.588483888008452
1031,"Coffee, AL",5.914972273567468,6.168897850968092,7.386246942624022,6.448962826042308,5.827218581377546,6.2211766463152784,6.344405235347934,6.738363300285666,6.293993539834575,6.76450269795926,6.458298325211449,5.575160103810751,6.745831699620979,4.979555256819582,5.190537538042159,3.185272316510764,2.0743479153830355,1.6822569502791314
1033,"Colbert, AL",5.514230836389034,5.458355159769513,6.485070717653222,5.701065130085559,5.538676444910075,6.299982538851056,6.066003143006809,7.180024445608521,4.681334031779291,6.212676794133055,6.687620045398987,6.79762528374367,7.379081543565566,6.502531866596822,5.084686572376462,3.532390431290379,3.0382399161864853,1.840405098655492
1035,"Conecuh, AL",4.016931582584657,6.098825155494126,6.7208016586040085,6.47892190739461,4.276088458880442,6.176572218382861,6.375259156876297,5.044920525224603,4.2069799585349,5.6150656530753285,6.357982031789911,6.090186592950933,9.096406357982032,7.066344160331721,6.107463718037319,5.856945404284727,2.652038700760193,1.7622667588113337
1037,"Coosa, AL",4.492206409139317,2.807629005712073,5.615258011424146,5.52812469745377,3.630554748765611,6.7092651757188495,3.117436344273405,5.1311840449220645,5.770161680704812,6.796398489689224,7.425694646141931,9.08122761157905,9.468486784780715,8.326072223835803,5.99283570529577,3.950043566656985,3.4950140381450288,2.6624068157614484
1039,"Covington, AL",5.718928133823451,5.519151883224122,6.797719887059826,6.3422300356933565,5.175536732193277,5.303393532576847,5.881412817644238,5.649672366949017,5.314048265942145,5.926695434446753,6.267646902136274,6.944222470832667,7.410367055564435,6.5872889030952,5.375312982792606,3.492088860476267,3.215065792978531,3.079217942570988
1041,"Crenshaw, AL",5.361605452480121,6.482393032942067,7.065505490344566,5.717531238167361,6.096175691026127,6.202196137826581,5.581219235138205,5.035971223021583,5.967436577054146,5.778114350624763,6.739871260886028,6.05831124574025,8.140855736463461,5.770541461567588,6.30064369556986,3.301779628928436,2.059825823551685,2.340022718667172
1043,"Cullman, AL",5.859498889946083,6.227629015450138,6.215169226586924,6.351094196003807,5.662407684291605,6.1120927914457885,6.142675909564587,5.264827148747225,6.670517874133479,6.470028544243577,6.564043314756921,6.97295093108604,6.704499116487699,5.358841919260568,5.6374881065651765,3.690362919668343,2.50781568574147,1.5880567260205698
1045,"Dale, AL",6.557476493782226,6.612071580224447,6.118693762005864,5.89020321504398,6.7050854312000805,7.1782428470326565,6.826407845516126,6.472550803760995,5.570720857345061,5.847740370033364,5.8093216054999495,6.620159741178849,6.284501061571126,5.4332221211202105,5.065210797694874,3.21706601961379,2.2181781417450206,1.573147305631382
1047,"Dallas, AL",5.95940092887335,6.319469811616135,6.893492668162605,6.984814486249544,6.045504357355321,5.646297552575275,5.625423994155403,5.956791734070866,5.056619527213902,5.591504461723113,6.029849188540417,6.870009914940249,7.608412044043209,7.076136304336482,4.605228826384177,3.258884308302458,2.58049365965663,1.891666231800866
1049,"DeKalb, AL",5.733816964285714,5.784040178571429,7.998046875000001,6.817801339285714,6.164899553571428,6.136997767857142,5.619419642857143,6.25,6.254185267857143,6.248604910714286,6.527622767857142,6.120256696428571,7.081473214285714,5.623604910714287,4.8828125,3.161272321428572,1.8470982142857144,1.7480468749999998
1051,"Elmore, AL",5.456473646999795,5.758660797774078,6.448559764636121,6.716537049285014,6.007252491618583,6.8944283531370445,7.178370241977787,6.9434624945834384,6.0654092640317465,6.819166647661186,6.524961798982827,6.930918877004127,6.481629301890665,4.768855337879444,4.831573425775994,3.207745113690789,1.8564554017378612,1.1095399913335005
1053,"Escambia, AL",5.765202013331519,6.010066657597606,7.024894572167052,6.951435178887226,4.976193715140797,6.505237382669024,6.4780301999727925,5.653652564276969,6.728336280778126,6.148823289348388,6.078084614338185,6.423615834580329,6.673921915385662,5.854985716229084,4.693239015099986,3.681131818800163,2.3126105291797034,2.0405387022173853
1055,"Etowah, AL",5.7504741262530485,5.722413592909394,6.173317335603979,5.872392305608236,6.122034291906956,6.276851027596083,5.523087045709641,5.755312149243333,6.282656655184425,6.781940627781863,6.737430816271239,6.781940627781863,6.788713859968262,6.831288462282773,4.920269381120099,3.505631458760692,2.410303053760112,1.7639431822580025
1057,"Fayette, AL",5.191139473522735,5.448855617598332,6.430631404552985,6.786525127324048,6.019512793765724,5.540897097625329,5.234092164202001,5.313861446892066,5.553169294962263,5.700435663005461,6.952199791372646,6.933791495367246,7.657851138246303,8.087378045038966,4.325949561268945,3.9516475424924833,2.871694176842364,2.000368165920108
1059,"Franklin, AL",7.241260816594296,6.022929617943832,7.347474305707413,7.050701321420762,5.638686701446378,6.191621630064665,6.422792165193216,4.782730936240667,6.632095217269065,5.844865827371841,6.972603167661116,6.803911155540283,5.99481428259036,5.445003280122458,4.292274530630096,3.0801911842804035,1.8524882071787825,2.383555652744369
1061,"Geneva, AL",5.373963297932225,7.295380343002964,5.381468833264533,5.865575862198371,4.848575824670695,5.918114609524524,5.655420872893759,6.0044282658460615,5.621645963898375,5.835553720869141,7.317896948999887,7.299133110669119,7.265358201673735,6.526062971441437,5.332682853604533,4.195594250759935,1.9626974893984312,2.300446579352272
1063,"Greene, AL",7.059434207111341,7.448741240591747,4.113677653776279,5.3205294575655335,5.3464832597975605,6.086166623410329,6.579288865818842,5.644951985465871,4.749545808460939,4.736568907344926,5.125875940825331,6.994549701531275,7.124318712691409,7.993771087464313,4.996106929665196,7.137295613807424,1.180898001557228,2.3617960031144563
1065,"Hale, AL",6.566273232939899,9.428842762176096,4.382037715371049,5.535205535205535,6.38990638990639,5.854022520689187,6.966490299823633,4.470221136887804,5.752272418939086,4.931488264821597,5.731922398589065,7.156423823090489,7.142857142857142,6.810473477140144,5.2096052096052095,2.740469407136074,2.353819020485687,2.577669244335911
1067,"Henry, AL",4.796898507117231,5.7516491146858,6.393935887050111,5.369748871658373,5.005207730586737,5.444971646800139,5.531767156579099,5.601203564402269,6.584886008563824,6.266635806040967,6.318713111908345,7.14616363846777,6.914708945723874,7.435482004397639,6.469158662191877,4.322416386992247,2.337692396713343,2.308760560120356
1069,"Houston, AL",6.147234678624813,5.8725710014947685,6.800261584454409,6.240657698056801,5.812780269058296,6.338751868460389,6.32940956651719,5.8641629297458895,6.627428998505232,6.128550074738415,6.3658445440956655,6.467675635276532,6.833893871449925,5.5876307922272055,5.113041853512706,3.394992526158445,2.175822122571001,1.899289985052317
1071,"Jackson, AL",4.965981223155574,5.682466076247672,6.248812193545935,5.741381276369303,5.479113611311719,5.764187160287354,5.648257250370596,6.427458284237334,5.904823444448668,6.419856322931317,6.784750465620131,6.912083317495914,7.463225512182143,7.23326618267513,5.064806720133794,4.568778744916188,2.0905393591546617,1.6002128549165686
1073,"Jefferson, AL",6.167805850371505,6.337381836031922,6.391527150751564,6.55128557934743,6.526741686686053,7.134240217771266,7.09883751199304,6.472150119372569,6.369512022788633,5.966248428818992,5.96178590288056,6.088670390396644,6.608257160494746,5.745204644001993,4.127836493049616,2.590496307259786,1.9185886517965385,1.9434300461871437
1075,"Lamar, AL",6.813107670147642,4.84695714800144,6.496218941303565,5.480734605689594,5.106229744328412,5.509542671948146,5.639178970111631,3.5938062657544108,7.799783939503061,6.157724162765574,6.424198775657184,6.712279438242708,7.274036730284479,6.186532229024127,6.179330212459488,4.465250270075622,2.4990997479294204,2.8159884767734966
1077,"Lauderdale, AL",4.958178290875552,5.204125984585865,5.759628534172948,6.910918169385873,8.721602052391098,6.381918604034814,5.46491534946835,5.844438083728227,5.2603123111662375,5.847618441836551,6.14339174591059,6.907737811277549,6.477329347284504,6.147632223388354,5.424630813429592,3.760243403407224,2.651358542971938,2.134020290684731
1079,"Lawrence, AL",5.278415267544389,5.643797560091798,7.168740186012804,5.471675323106656,5.541128155574344,6.48025123807223,5.861215122599347,5.601521922937553,5.649836936828119,6.090711438579539,7.606594999396063,7.974996980311631,7.063051093127188,5.843096992390386,5.139509602609011,3.3760115956033334,2.174175625075492,2.0352699601401136
1081,"Lee, AL",5.492045727076505,5.219670408734283,6.559848337768235,9.040348092230737,12.541256009958545,7.172550049678517,6.484474035837054,6.293754211253612,5.953998835124424,5.934013224763884,5.672487237760241,5.571988168518667,5.409819215878853,4.077064513550244,3.837808206662632,2.1647271107659627,1.2111279878487489,1.363018626588856
1083,"Limestone, AL",5.464543805602741,6.033647155922801,6.540369869192602,6.221748769182046,5.6171364408487605,6.286048810449237,6.7658998646820026,6.775496885766658,7.311970364398891,6.447278764671446,7.384907724642272,6.898338755650246,6.875305905047073,5.2735630860181,3.996199579650476,2.448200078695573,2.2831313160395013,1.3762128235395732
1085,"Lowndes, AL",5.7913917068846645,5.939131291243967,6.28385698808234,6.963459076135132,5.732295873140943,6.342952821826062,5.55500837190978,5.643652122525362,5.683049345021176,4.3139958632916375,7.081650743622575,8.243868807249088,7.052102826750714,6.313404904954201,4.717817393873732,2.9350930759381466,2.915394464690239,2.4918743228602382
1087,"Macon, AL",4.661943952495051,3.807688300864674,5.151578289405146,12.44921345973539,12.048130013543078,6.130846963225336,4.510886550682363,3.2295030732367955,4.286904885925617,4.85988123762892,5.625585998541515,6.479841650171893,6.531930409417648,7.578914470257319,4.682779456193353,3.5784977601833523,2.39608292530472,1.989790603187832
1089,"Madison, AL",5.667028408260022,5.928713816219878,6.131904838871058,6.771238208121996,6.922861812145794,7.058065939591719,6.924914246718029,6.446696991387471,6.104966635110485,5.982846778062553,6.607813105307852,7.184803774427179,6.899002260243573,4.859395404085884,4.131807348228877,2.758215510761171,2.037554421585454,1.582170500871002
1091,"Marengo, AL",6.449426485922836,5.250260688216893,7.137643378519291,7.153284671532846,6.246089676746611,4.4942648592283625,5.192909280500521,6.3764337851929085,5.354535974973931,5.896767466110532,6.360792492179354,7.351407716371219,6.830031282586027,6.538060479666319,4.963503649635037,3.4202294056308653,1.9708029197080288,3.013555787278415
1093,"Marion, AL",4.913878711091326,5.403554429339452,6.468513508886073,6.451391980275998,5.588466938328255,5.787076670205115,5.499434989555867,6.033626682190186,4.746087730712598,6.728760743759203,7.3040441050577,9.14289627777968,4.996062048419683,6.146628771016677,5.369311372119303,4.215320343800295,3.0510563983152417,2.153888299147348
1095,"Marshall, AL",7.042267904373844,6.095605731033568,7.686651756992739,6.932998376275237,5.86889699049253,6.104796625920366,5.943445360129898,5.708566935245039,6.166069258499025,5.972039255333272,6.405032525555794,6.545959580486708,6.286572102570387,5.159155663123066,5.030483134707882,3.4414795298346657,1.9331515578566836,1.6768277115692942
1097,"Mobile, AL",6.395121267619927,6.17959881897564,6.716230386732322,6.50457381160632,6.583582601636231,7.006170900603559,6.80925296826601,5.842059737410541,6.333025674232504,5.828287563001657,6.011916555120108,6.494667510715718,6.61040209916932,5.523850023436858,4.514132183880274,3.137156360086789,1.878331295695833,1.6316402418103886
1099,"Monroe, AL",3.1186919660880097,6.41905530884134,7.529269277351636,6.782398062171982,6.97920872022608,4.784012918853452,4.1431166733952365,6.176826806620912,5.581348405329027,6.277755349212757,6.4241017359709325,6.585587404117884,8.200444085587403,6.716794509487283,5.435002018570851,5.172587807832055,1.86213161081954,1.8116673395236171
1101,"Montgomery, AL",6.700068381463363,6.508512615503305,6.507197587361703,6.752231164413586,7.148492977749724,7.0546876369820986,6.981046061052373,6.146879876562692,6.40111865060579,5.807164273315449,5.9053530412217485,6.624235091964302,5.842670033138709,5.572212578682517,3.86399102274122,2.677397296302141,1.6543054021356056,1.852436308803675
1103,"Morgan, AL",5.983655830124612,6.224106838231711,6.578284674497572,6.223294503744862,6.0445809166382345,6.123377361862521,5.816314925833861,6.15262140338906,6.35326802164059,6.31508830075872,6.527107601826128,6.745625578788323,6.993387597277055,5.852057643255186,4.641679257851212,2.8675407385745157,2.5255479196113795,2.032460886094458
1105,"Perry, AL",6.097417148248614,5.165703502771554,6.392263238589456,13.798797027951409,5.873334119589575,3.785823799976412,3.526359240476471,4.139639108385422,6.368675551362189,6.191767897157684,5.118528128317019,6.309706333294021,6.746078546998467,4.705743601839839,5.366198844203326,4.269371388135394,3.160750088453827,2.983842434249322
1107,"Pickens, AL",4.988110964332893,5.136063408190225,5.770145310435932,5.939233817701453,6.346103038309114,5.706737120211361,6.631439894319683,5.495376486129459,7.096433289299868,6.488771466314399,6.59445178335535,6.039630118890357,8.364597093791282,6.631439894319683,4.612945838837517,3.2021136063408187,2.6103038309114925,2.346103038309115
1109,"Pike, AL",5.073188471679243,5.682334757705246,4.98227111555596,10.710064551322848,15.349880292147771,6.915780222444464,4.812558717459163,5.236839712701155,4.609509955450496,4.839833924296149,5.26411491953814,4.942873594569203,6.255114101281935,4.791344667697064,3.973088462587508,2.9457223383944,1.788041337091251,1.8274388580780072
1111,"Randolph, AL",5.554804093962757,5.870417962937914,5.874926732494703,6.348347535957437,5.951575814960098,6.25366337526489,4.991207899364263,4.504260787231164,6.204066910140223,6.113891519004463,6.731592948284414,6.614364939807926,8.097750123991162,6.181523062356283,6.001172280084765,3.5574191803056947,3.23729654177375,1.911718292078092
1113,"Russell, AL",6.747778212034189,6.528573127835648,6.978878145762884,6.351849649101939,5.646654998385698,7.49375520399667,6.94149433295383,7.26605379870516,5.510713860898231,6.042583561317949,6.467399615966286,6.712093663443729,6.411323896752706,4.851399344084012,4.336522285850228,2.3721728491563154,2.1427721796462134,1.1979812741083111
1115,"St. Clair, AL",5.430717735692713,5.8406655109628325,7.073779696682257,6.0227433792344005,5.283529039784559,6.0227433792344005,6.734700552775324,6.223356120324033,7.119571735409239,6.661651348139426,6.666012494684853,7.3583445087713555,6.166661215233485,5.642233343145913,4.952081902332123,3.375527426160337,2.2449001842584417,1.180780427174304
1117,"Shelby, AL",5.335036352918059,6.279586987977634,6.864627806856142,7.000393004519552,5.903106522088641,5.863359474088497,6.19116097107844,6.51538969970882,7.1129352078458,7.109809035531181,6.817288626091927,6.669911931259937,6.1791028778649135,5.789671126672502,4.095285732149556,2.933689419246503,1.9757409028385644,1.3639043212633308
1119,"Sumter, AL",5.3706133158412594,4.583469990160709,6.206953099376845,9.937684486716956,13.602820596917024,5.862577894391604,3.148573302722204,6.280747786159396,4.001311905542801,3.919317809117744,5.567399147261398,7.182682846835029,5.731387340111512,6.879304690062316,4.017710724827812,3.1075762545096755,3.140373893079698,1.4594949163660216
1121,"Talladega, AL",5.330127612354355,6.1895074286418845,5.394242031933913,6.089636890450651,6.216632760002466,6.433635410887121,6.352259416805375,5.300536341779175,6.717218420565933,6.412674927563036,6.728315147031625,5.937981628752851,8.321311879662167,6.231428395290056,5.087232599716416,2.8321311879662168,3.06762838296036,1.3574995376363972
1123,"Tallapoosa, AL",5.401081185910645,6.113791180819859,5.468958328282951,6.028944752854476,5.335628227194492,5.6604688371191,5.505321083125258,5.07866475964219,5.228964146323725,5.873796998860634,6.8265011757290734,7.929504739279047,7.291944437710601,6.727109645826768,6.613173013987541,4.268987418486825,2.5138784514314803,2.133281617415335
1125,"Tuscaloosa, AL",5.559730175593156,5.535978027103361,5.919467260902237,9.99274479827948,11.686057056979244,7.349778457233177,6.773680892044326,5.920762832638044,5.93501412173192,5.512657735858834,5.295433541488526,5.152488793304485,5.733768645436565,4.97715475172527,3.528705551093031,2.3635547033572584,1.4933623541402157,1.2696603010908714
1127,"Walker, AL",5.680384130013235,6.566838006709963,6.032811105297178,5.920465388285265,6.112838191387855,5.997414509526301,6.111299208963033,5.875834897965465,5.391055434146942,5.9835636677029145,6.694573547970083,7.131644556619163,6.859244667425898,5.872756933115824,5.655760411216104,4.049062759703284,1.8914094001046509,2.1730431838468403
1129,"Washington, AL",5.461967085655047,5.798885577296877,5.060256576389788,6.453284955293507,9.193987300764546,4.392898794868472,4.626150058312816,4.90475573409356,5.455487883892705,6.019178437216535,6.472722560580537,8.818193598548659,7.574186860178826,5.222236620448361,7.250226772061683,3.271996889983154,3.161850460023325,0.861733834391603
1131,"Wilcox, AL",6.302078344986113,4.846279092040992,7.556747437984868,8.361268077770328,5.229384158605497,5.918973278421607,5.56460109184944,4.252466238866009,6.081792931711521,5.679532611818791,5.966861411742171,7.662101331290107,5.804041758452256,7.106598984771575,5.23896178526961,3.0935734125083805,2.997797145867254,2.3369409060434823
1133,"Winston, AL",5.242020714436694,4.984147114774888,6.197421264003382,5.888818431621222,5.829634326780807,5.48721200591841,5.242020714436694,5.719720989220038,4.886916085394208,6.252377932783766,7.080955400549567,8.273092369477911,7.203551046290426,7.017543859649122,5.461847389558233,4.654407102092581,2.9718875502008038,1.6064257028112447
2013,"Aleutians East Borough, AK",3.1699442324625773,2.5829175227472847,3.6395656002348105,4.167889638978574,7.924860581156443,8.365130613442911,6.750807161725858,10.155562078074553,8.42383328441444,9.9501027296742,7.455239213384209,8.834751981215145,6.956266510126211,5.92896976812445,1.995890813031993,1.262107425887878,1.5556207807455238,0.8805400645729381
2016,"Aleutians West Census Area, AK",4.215366928530369,5.384173213259245,3.908794788273615,6.399693427859743,6.112282046369036,8.373251580762599,8.584019927189116,8.833109791147729,7.0894807434374405,7.338570607396052,14.696301973558151,7.932554129143514,4.828511209043878,3.908794788273615,1.5136999425177238,0.1916075876604713,0.5748227629814141,0.1149645525962828
2020,"Anchorage Municipality, AK",6.685840494849901,7.013699195662494,6.336652056943517,6.305345507338117,7.448894637979317,8.388779182176597,8.436255048611159,7.337429560263388,6.51726676620544,5.815449610216256,5.957877209519944,6.002944879831014,5.792399733034259,4.693230216668845,3.1616174821277445,1.9141718901587343,1.29836173857999,0.8937847898332841
2050,"Bethel Census Area, AK",10.626820584744848,10.384075952098392,8.55539971949509,8.50145646779588,7.401014133131945,7.33628223109289,7.843348797065487,6.624231308663287,4.272305534577624,4.628330995792426,5.502211673319668,5.539971949509116,5.0436940338763625,3.479339734599201,1.936562736001726,1.2137231632322796,0.6095587442011005,0.5016722408026756
2060,"Bristol Bay Borough, AK",7.728337236533958,4.449648711943794,3.395784543325527,4.683840749414521,5.269320843091335,14.754098360655735,8.19672131147541,6.908665105386416,4.449648711943794,3.864168618266979,5.035128805620609,7.845433255269321,10.772833723653395,5.152224824355972,2.224824355971897,3.0444964871194378,1.5222482435597189,0.702576112412178
2068,"Denali Borough, AK",3.046168491194669,2.379819133745835,4.47405997144217,5.045216563541171,5.378391242265588,3.712517848643503,7.1394574012375065,6.139933365064255,22.56068538791052,3.950499762018087,10.376011423131844,9.23369823893384,2.4750118990956684,7.900999524036173,2.6178010471204187,1.2375059495478342,1.8562589243217515,0.475963826749167
2070,"Dillingham Census Area, AK",8.632056036258756,8.796868562010712,8.34363411619283,7.2105480016481245,7.231149567367121,7.8697981046559535,7.849196538936959,6.139266584260404,4.470539761021838,4.903172641120725,4.491141326740832,5.933250927070458,6.427688504326329,4.470539761021838,3.9761021837659674,1.7717346518335393,0.6592501030078286,0.8240626287597858
2090,"Fairbanks North Star Borough, AK",7.139222629518478,7.096646901836986,6.070675707951277,6.391551314136181,9.59407678169036,9.5078868939449,8.283575115006386,8.048889396566942,5.054050405507845,5.32923498686383,5.21812272193896,5.345849904983437,5.151663049460534,4.937745978670599,3.06441396068495,1.7102981339370087,1.3250397200386297,0.7310563972626922
2100,"Haines Borough, AK",3.7037037037037033,7.166907166907167,11.207311207311207,8.273208273208272,1.3468013468013469,2.982202982202982,2.3088023088023086,5.483405483405483,6.541606541606542,5.05050505050505,9.331409331409333,5.868205868205869,9.13900913900914,6.685906685906685,8.417508417508419,3.318903318903319,2.5974025974025974,0.5772005772005772
2110,"Juneau City and Borough, AK",5.229226361031518,6.188488850130809,5.817864706615174,5.852124081225863,5.444126074498568,7.356422075495203,8.09144138532453,7.58377974336614,6.795814127320295,6.565341970848388,6.33486981437648,6.605830322661019,7.359536564096175,6.506166687429923,3.911797682820481,2.482247414974461,1.040239192724555,0.8346829450604211
2122,"Kenai Peninsula Borough, AK",5.680763062378661,6.016713091922005,6.545116907233899,6.133198278045074,5.319490166286824,6.018401283025239,6.447201823246392,6.332404828226555,6.011648518612307,5.879969612560141,6.090993500464252,6.887819701190175,8.057736135730565,7.193382290875327,5.309361019667427,3.229509580484511,1.358993838102473,1.4872963619481725
2130,"Ketchikan Gateway Borough, AK*",5.427749820273185,6.527677929547089,5.528396836808052,5.859094176851186,5.708123652048886,7.102803738317758,6.736161035226456,5.9453630481667865,7.455068296189792,5.95255212077642,6.29762760603882,7.541337167505392,7.246585190510424,6.074766355140187,5.125808770668583,2.7246585190510424,1.6462976276060388,1.0999281092739035
2150,"Kodiak Island Borough, AK",6.276310753922694,8.794489092996557,6.039035591274397,5.794106391121317,7.011098354381937,8.13624186758515,7.730577879831611,9.35323383084577,6.452353616532721,4.1561423650975895,4.852659778032913,5.878300803673938,7.2254114045158815,6.046689628779181,2.227324913892078,1.9211634137007272,0.6659012629161883,1.4389590508993493
2164,"Lake and Peninsula Borough, AK",8.208208208208207,6.906906906906906,7.607607607607608,7.207207207207207,4.904904904904905,7.007007007007007,12.512512512512512,9.00900900900901,7.4074074074074066,2.5025025025025025,3.503503503503504,7.107107107107106,6.906906906906906,4.504504504504505,2.002002002002002,1.5015015015015014,0.2002002002002001,1.001001001001001
2170,"Matanuska-Susitna Borough, AK",6.462300181297797,7.387195037778044,7.724942711736501,6.90496130166297,5.840181849973772,6.6886923551228135,7.29700628560385,7.052208243988184,6.8985192479362425,5.98926937907805,6.019639060932625,6.5304018921232085,6.3187344125307146,5.6579637588463205,3.2210268633640404,1.969427853599728,1.1696928980959131,0.8678366663292257
2180,"Nome Census Area, AK",8.993811139948093,9.433020562986624,10.451187861848672,7.925733679377121,7.656218806148932,7.3567578358953885,7.286883609502895,5.659812337791975,6.608105410261529,5.809542822918747,4.751447394689559,6.188860051906568,4.3920942303853066,3.014573767219006,2.176083050509084,0.988221201836694,0.9482930724695549,0.3593531643042523
2185,"North Slope Borough, AK",5.565726839985354,6.453679970706701,6.73745880629806,5.9685097034053465,5.693885023800806,9.492859758330283,8.311973636030757,7.0944708897839615,6.719150494324423,8.092273892347125,7.030391797876236,9.080922738923473,6.1607469791285245,3.41450018308312,2.3983888685463204,1.162577810325888,0.2746246796045404,0.3478579274990846
2188,"Northwest Arctic Borough, AK",10.42697214267118,10.179640718562874,10.505076802915909,7.758396250976308,6.0661286123405365,7.302785732882063,8.890913824524864,6.0010413954699295,4.803436605050768,4.907576152043738,4.777401718302525,4.543087737568341,5.935954178599323,2.5644363447019005,2.486331684457173,1.288726894038011,1.002343139807342,0.5597500650872169
2220,"Sitka City and Borough, AK",4.703379815646419,5.54242495863862,6.310564878279366,5.967856298747341,5.731505554242496,7.22051524462302,7.22051524462302,8.236823445993855,5.896951075395887,6.121484282675491,5.873316000945403,6.405105176081305,8.520444339399669,6.606003308910423,3.013471992436776,1.8080831954620653,3.34436303474356,1.4771921531552823
2240,"Southeast Fairbanks Census Area, AK",7.01219512195122,7.491289198606271,8.246225319396052,6.286295005807201,5.139372822299651,5.908826945412312,6.620209059233449,6.837979094076655,6.184668989547038,5.313588850174216,7.592915214866434,6.533101045296168,6.66376306620209,6.329849012775841,3.12137049941928,1.8002322880371662,1.3066202090592334,1.6114982578397212
2290,"Yukon-Koyukuk Census Area, AK",7.282913165266107,8.720821661998132,7.3389355742296924,6.162464985994398,6.050420168067227,6.479925303454716,6.629318394024277,5.91970121381886,6.069094304388422,4.612511671335201,5.172735760971055,6.573295985060692,6.760037348272642,6.349206349206349,5.023342670401494,2.3902894491129785,1.1391223155929038,1.3258636788048552
4001,"Apache, AZ",6.193417506888303,7.301601719805008,8.234172041057317,7.89202773488358,6.461380082962425,6.668786144669513,6.393254004299513,5.6287280104157205,5.487934114512369,5.394071517243468,5.6105610561056105,5.955733187997699,6.941290459321162,5.257819359917644,4.396402943046598,3.0898961455778604,1.6486511036424745,1.4442728676537375
4003,"Cochise, AZ",5.363175675675675,6.006183069862315,6.098610402855686,6.373502039775625,5.873119581845996,6.266732534421214,6.238048189699133,5.756788628250892,5.626115502294748,4.89944543600204,5.374330698623152,5.958375828658848,6.975076491585925,6.55357598164202,6.673890872004079,4.58152728199898,3.053289138194798,2.328212646608873
4005,"Coconino, AZ",4.87336304896168,5.672229708717736,5.851214539926056,10.567015652534469,13.1688607857365,7.551915966967278,6.3667461386959685,5.57617221243219,5.6190180021422895,5.089665180885249,5.003282540340693,5.303894129435749,5.913410041118137,5.073770775025051,3.676445181576311,2.3081441553505404,1.4850903562420097,0.8997615839120972
4007,"Gila, AZ",4.708062674329359,5.677755105861211,5.636571257417772,4.908365937213351,4.801662329882626,4.994477620322357,4.792302364327299,4.565791197888392,4.666878825885921,4.459087590557666,5.546715588086635,6.082105617851327,9.595836687320991,8.598064359123159,8.704767966453883,5.9023942791890525,3.105636571257418,3.2535240270315806
4009,"Graham, AZ",6.576860062933972,6.428627155228462,8.727537513327958,7.466257509167034,7.4454528905416995,7.643096767482381,7.177593425740514,6.615868722856474,7.073570332613841,5.6848620393727405,5.06592463526903,4.904688840922685,5.143941955114036,4.197331807661301,3.9372740748446153,2.460146152445843,1.8802174082646343,1.5707487062127792
4011,"Greenlee, AZ",7.2550880523041235,8.689233364968892,7.223452493936517,7.908889591901297,7.191816935568912,4.97732784983655,5.694400506168934,9.965200885795635,6.886006538015396,5.567858272698513,4.10207740166614,6.7067383739323,4.133712960033745,3.564272909416851,5.230412316777391,2.0774016661394072,2.2355794579774333,0.5905304228619636
4012,"La Paz, AZ",4.358251903363108,4.358251903363108,4.693963191655177,3.339128349619328,4.190396259217073,5.341406390504167,3.225226305377375,4.208380792518434,4.184401414783286,4.84383430249985,4.735927102691686,4.873808524668785,7.193813320544332,8.248905940890834,10.2391942929081,11.522091001738504,7.163839098375398,3.2791799052814583
4013,"Maricopa, AZ",5.855981814862134,6.283256723113808,6.856146342333144,6.780563008943388,6.805817637209478,7.359862203165021,7.160533448164029,6.683381213309978,6.520072464307808,6.258949989742423,6.159014785129155,5.9998587185228365,5.641486741545849,4.810160349962795,4.204681201506431,2.968558552031869,1.8506745062088243,1.8010002999410273
4015,"Mohave, AZ",4.145563859234744,4.58294628645048,4.77433027274552,4.763594097904579,4.3612209364745205,5.016127601771936,5.202376895751742,4.664167783073253,4.573610482240967,4.800937314742635,5.607550798444655,7.146558122383058,9.093540090277228,9.647153279901415,8.140354480485836,6.603681107599811,4.166569418706151,2.7097171718114725
4017,"Navajo, AZ",6.295397255158249,7.368126225375782,7.728503407711698,6.99561198767622,5.695079824479507,6.027448417514704,5.975165717486696,5.349640556437308,5.59051442442349,5.389786201101671,5.331901783213519,6.571748669592008,6.681915787508169,6.579217626738866,5.166651106339278,3.5636261786948,2.26869573335823,1.4209690971898048
4019,"Pima, AZ",5.146331565925711,5.577646818426447,5.930488788777361,6.783621916110334,8.860189966739991,6.878595692795328,5.9988890946121085,5.956774460304319,5.594626978500431,5.39642917786286,5.37407676375417,5.771239829891414,6.339067894738356,6.2523443653209485,5.2887922309532005,4.033027850340515,2.554410860395264,2.2634457445512397
4021,"Pinal, AZ",5.380557440150644,6.012166022827446,6.808311295109129,6.108395755738015,5.775168575107652,6.431699966308055,6.747388874273661,7.071846918571646,6.068934642242314,5.840937097600488,5.375019038256511,5.722553757113385,5.897936483760944,6.270394011141418,5.992089315961213,4.543797220645316,2.237514365229913,1.7152892199622467
4023,"Santa Cruz, AZ",6.547096450520506,6.973535682929888,8.108616580960742,7.6424599690622514,6.45093858438898,6.112295664534471,5.66913332497178,6.482294410301434,4.584221748400854,5.541619632927798,5.5917889543877255,5.614783226723525,6.208453530665998,5.407834775701326,5.378569338183034,3.900664743509344,2.071574898616163,1.7141184832141811
4025,"Yavapai, AZ",3.807761846697221,4.023041668418618,4.991380397763108,5.048564100407854,4.563343564731111,4.5015347096665685,4.45696505907581,4.839591304713451,4.2017407391834505,4.656267081528823,5.490896859101039,7.380061388386664,9.303704326619854,9.962157843838035,9.684648698650296,6.507589454652483,3.529832233107682,3.050918723457932
4027,"Yuma, AZ",6.879055065712859,6.643702232182176,7.365907600771135,7.119790188575846,7.729456780216662,7.184377660563476,6.747433626586552,5.619110062923856,5.58730562596025,4.855314276767103,4.903265581727617,4.66253045886463,5.020697348977855,5.111706968596788,4.584242614031139,4.465342949690274,3.298364762641041,2.222396195210741
5001,"Arkansas, AR",6.150140977443609,6.743421052631579,6.913768796992481,5.633223684210527,4.722744360902255,5.639097744360902,5.639097744360902,6.191259398496241,6.308740601503759,5.856437969924812,6.09140037593985,6.643562030075188,7.548167293233082,7.319078947368421,4.887218045112782,3.4421992481203008,2.061795112781955,2.2086466165413534
5003,"Ashley, AR",6.041644757598065,5.689346934483122,6.877694815438005,6.756756756756757,5.1109475233988855,5.373856346618992,5.016300347039647,4.9006204648228,5.768219581449154,6.556946051109475,6.604269639289094,6.294037227889368,7.918813755389631,5.536859817015459,6.39920075717741,3.6702071721526974,1.9823325270796088,3.501945525291829
5005,"Baxter, AR",4.205641013372886,4.507069208870601,5.413746082629602,5.243893686753905,4.11951867180211,4.507069208870601,4.684098466543862,5.119494748929451,4.84916628788785,5.1266716107270165,5.916126408459128,6.624243439152173,8.576349848089759,8.825147723738667,7.2773378627305565,6.497452214061865,4.478361761680342,4.028611755699624
5007,"Benton, AR",6.706150882287246,7.498743578289033,7.111695890104981,6.923581639490731,5.945317735090463,7.096688630779539,7.566799754299754,7.766431203931204,6.917648536966718,6.278269488496761,5.896805896805897,5.583747487156578,5.138415791824882,4.53672939468394,3.4115339513066787,2.6789702926066563,1.4843226490953765,1.4581471967835604
5009,"Boone, AR",5.626360788062238,6.818543890393499,6.106951303701344,6.207848760023365,5.514842546864213,5.95560511921831,5.621050395624237,6.260952684403377,5.153735861080134,6.120227284796346,6.324677393659392,6.266263076841379,7.18230577239658,6.614093781530456,5.384737932133184,3.5393765599277787,2.702989750942595,2.599437098401572
5011,"Bradley, AR",6.22311442500717,5.85030111843992,9.14826498422713,6.567249784915401,4.292132683299876,5.95545358952299,5.104674505305421,6.35694484274926,7.41802886913297,7.733486282382182,4.636268043208106,5.85030111843992,6.404741420514291,6.156199216136125,4.416403785488959,3.1067775547270813,2.4185068349106205,2.361150941592582
5013,"Calhoun, AR",3.9178713597318247,4.14833438089252,6.64152524617641,7.1024512884978,5.656819610307982,5.510161324114812,8.757594804106432,5.698721977791745,3.058872826314687,4.211187932118165,7.835742719463649,9.155667295202178,6.871988267337105,5.950136182694322,6.851037083595222,5.887282631468678,1.5294364131573437,1.2151686570291222
5015,"Carroll, AR",5.242930681898315,6.247796347225161,6.060926591918765,7.18214512375714,4.114660461180453,5.454481348282913,5.570834214794443,4.851561949086807,5.796488258938016,5.933996192088005,5.835272547775192,6.142021014032861,8.451449122064734,7.492419434454551,6.6991044355123055,4.181651505535576,2.767787885198505,1.9744728862562584
5017,"Chicot, AR",5.647840531561462,4.7097908931014265,7.787766269298417,6.175493453195231,6.64451827242525,4.80750439710768,5.169044361930819,6.576118819620872,4.201680672268908,6.351377760406487,6.126636701192105,6.243892905999608,8.295876490130937,6.155950752393981,5.677154582763338,3.967168262653898,2.2571819425444595,3.20500293140512
5019,"Clark, AR",5.016535469747077,4.974614560529135,6.213610321859425,10.568727001723415,15.357026410172807,5.766453956868042,5.291350319064698,4.741720620429456,4.834878196469328,4.918720014905212,4.979272439331128,5.584796683590293,5.589454562392286,5.13764031859891,4.122222739764311,2.9251478876519634,2.338255158600773,1.6395733383017377
5021,"Clay, AR",5.207401802297586,5.358739767489854,6.5488064937745065,6.507532503267524,5.234917795968907,5.84026965673798,6.081034601362042,5.915938639334113,5.152369814954943,5.764600674141844,6.61759647795281,6.459379514342711,7.257343330811033,7.133521359290088,4.677718924124648,5.0904588291944695,2.634656394029029,2.5177134209259133
