GeoFIPS,GeoName,less_10k,10k_15k,15k_25k,25k_35k,35k_50k,50k_75k,75k_100k,100k_150k,150k_200k,200k_more
1001,"Autauga, AL",5.5,4.8,10.9,8.1,12.1,17.8,13.9,16.2,6.0,4.7
1003,"Baldwin, AL",4.9,4.2,7.0,9.5,13.4,17.0,14.6,15.3,7.0,7.1
1005,"Barbour, AL",12.3,7.1,18.4,10.7,13.7,16.2,7.0,9.3,1.9,3.3
1007,"Bibb, AL",7.5,7.8,11.6,10.2,10.7,17.5,16.8,10.9,3.7,3.3
1009,"Blount, AL",8.4,4.2,9.5,11.0,13.0,18.5,11.7,14.1,5.8,3.7
1011,"Bullock, AL",15.2,10.9,18.6,11.8,10.2,13.8,7.3,9.3,1.4,1.5
1013,"Butler, AL",6.3,8.0,13.2,12.3,15.1,15.7,10.3,12.4,4.1,2.6
1015,"Calhoun, AL",8.2,6.6,10.7,12.0,11.5,19.4,12.2,12.5,3.9,2.9
1017,"Chambers, AL",4.6,6.6,13.1,14.9,12.3,18.4,13.1,12.4,2.0,2.5
1019,"Cherokee, AL",6.9,6.2,13.4,13.4,14.3,17.6,10.9,9.4,4.2,3.6
1021,"Chilton, AL",7.0,4.1,11.1,11.7,11.9,21.4,14.2,11.1,4.7,2.8
1023,"Choctaw, AL",11.1,8.4,13.6,12.0,14.9,9.2,12.3,10.7,4.5,3.2
1025,"Clarke, AL",13.1,6.1,10.6,13.2,10.6,18.9,10.2,9.9,4.4,2.9
1027,"Clay, AL",9.9,8.7,8.9,10.9,16.0,16.5,9.1,13.6,3.4,3.1
1029,"Cleburne, AL",9.1,5.7,9.8,11.4,16.7,16.9,13.2,9.7,4.7,2.9
1031,"Coffee, AL",6.5,5.0,9.0,7.7,14.9,17.6,11.9,16.6,6.7,4.1
1033,"Colbert, AL",7.7,5.5,10.9,11.0,13.0,18.9,13.7,13.1,4.2,2.0
1035,"Conecuh, AL",5.6,8.7,11.3,14.9,21.3,15.9,8.9,10.0,1.2,2.2
1037,"Coosa, AL",3.0,5.8,11.5,10.4,19.3,18.0,11.5,13.7,5.2,1.7
1039,"Covington, AL",7.9,8.8,11.8,11.4,12.6,17.9,11.7,11.1,4.0,2.9
1041,"Crenshaw, AL",11.1,8.5,11.6,10.3,15.4,13.9,12.4,10.5,3.4,2.9
1043,"Cullman, AL",5.8,5.5,10.1,10.9,15.5,19.5,13.1,11.5,5.0,3.1
1045,"Dale, AL",8.3,6.3,12.4,9.8,13.2,18.1,12.8,12.7,4.5,1.9
1047,"Dallas, AL",13.3,7.3,16.4,13.0,11.8,16.5,9.0,9.5,2.3,0.8
1049,"DeKalb, AL",6.5,8.2,13.7,11.9,14.6,18.5,10.7,10.3,2.9,2.5
1051,"Elmore, AL",4.6,3.0,7.7,8.9,13.1,18.6,15.5,17.4,6.3,5.0
1053,"Escambia, AL",12.6,7.5,12.1,13.5,15.7,17.5,8.6,8.1,2.9,1.6
1055,"Etowah, AL",6.9,6.9,12.4,11.4,15.4,17.2,11.1,12.5,4.0,2.2
1057,"Fayette, AL",9.6,6.9,14.1,12.2,10.8,15.4,15.6,10.6,2.2,2.5
1059,"Franklin, AL",7.4,4.5,14.1,13.0,16.8,16.3,13.7,7.2,5.6,1.5
1061,"Geneva, AL",8.6,6.1,15.4,10.5,15.6,16.2,11.0,11.3,3.0,2.2
1063,"Greene, AL",14.5,13.1,18.6,15.8,7.0,15.5,7.3,5.3,2.2,0.8
1065,"Hale, AL",13.8,10.7,14.9,11.7,9.4,14.3,11.3,10.1,1.7,2.2
1067,"Henry, AL",7.3,4.7,13.8,10.9,9.3,18.4,12.7,14.3,5.3,3.3
1069,"Houston, AL",7.5,5.9,11.4,10.6,14.4,16.9,11.0,12.9,5.1,4.4
1071,"Jackson, AL",6.7,7.7,13.0,12.3,15.5,17.1,9.7,12.6,3.1,2.4
1073,"Jefferson, AL",7.7,4.7,9.2,9.8,11.9,17.4,11.6,13.9,6.1,7.6
1075,"Lamar, AL",8.8,8.8,11.8,12.1,16.9,15.2,8.9,13.5,2.9,1.1
1077,"Lauderdale, AL",6.4,5.0,12.1,11.3,15.2,16.3,13.5,12.5,4.2,3.5
1079,"Lawrence, AL",5.7,4.8,11.1,10.4,16.2,21.3,10.7,12.2,3.0,4.7
1081,"Lee, AL",12.7,5.5,8.2,8.3,11.2,14.7,11.8,15.5,6.2,5.8
1083,"Limestone, AL",4.1,4.0,8.7,7.5,11.5,16.5,14.7,17.8,8.8,6.3
1085,"Lowndes, AL",10.5,13.2,17.7,11.9,11.2,12.3,9.1,9.8,2.2,2.1
1087,"Macon, AL",12.9,7.0,11.8,13.6,13.6,18.4,8.9,8.2,2.6,3.0
1089,"Madison, AL",4.8,4.1,7.8,8.4,11.8,15.2,12.4,16.7,9.6,9.3
1091,"Marengo, AL",11.3,11.1,17.8,9.5,9.5,15.1,8.8,8.4,5.2,3.2
1093,"Marion, AL",6.6,9.3,15.4,8.2,16.2,18.5,13.2,8.0,1.9,2.6
1095,"Marshall, AL",6.3,6.2,10.9,9.0,15.2,18.4,12.2,11.9,5.1,4.8
1097,"Mobile, AL",7.9,5.3,11.3,10.1,14.3,17.9,11.2,13.3,4.8,3.8
1099,"Monroe, AL",12.0,9.4,16.2,14.1,8.5,16.4,10.3,7.6,3.6,2.1
1101,"Montgomery, AL",8.7,6.1,9.9,9.9,13.4,18.0,11.7,12.8,4.8,4.7
1103,"Morgan, AL",5.4,4.9,10.5,11.1,12.9,17.6,12.6,14.0,6.2,4.7
1105,"Perry, AL",11.0,16.6,17.7,13.2,14.9,12.4,6.1,6.8,1.2,0.0
1107,"Pickens, AL",6.8,7.8,13.0,14.4,14.6,16.0,10.7,10.3,4.6,1.9
1109,"Pike, AL",12.1,6.2,13.8,12.5,13.0,14.1,8.4,12.9,3.8,3.3
1111,"Randolph, AL",8.7,8.1,12.2,12.0,11.2,18.4,10.2,12.7,3.3,3.3
1113,"Russell, AL",11.2,6.0,12.6,11.0,15.2,17.8,10.2,8.7,4.1,3.2
1115,"St. Clair, AL",4.3,3.8,8.6,9.4,12.5,17.7,16.3,18.6,4.9,3.9
1117,"Shelby, AL",3.8,2.6,5.7,6.1,10.3,16.8,13.5,20.9,9.2,11.1
1119,"Sumter, AL",16.2,8.6,20.9,11.8,10.4,15.8,8.4,5.1,2.0,0.7
1121,"Talladega, AL",8.4,8.0,13.0,11.1,12.9,17.6,11.0,12.0,4.2,1.9
1123,"Tallapoosa, AL",9.0,7.0,11.3,10.9,11.1,21.1,10.5,12.0,4.0,2.9
1125,"Tuscaloosa, AL",8.6,4.6,9.0,9.6,12.3,17.7,12.3,15.4,5.7,4.8
1127,"Walker, AL",7.4,7.2,13.8,9.9,13.3,17.9,11.2,13.2,3.5,2.5
1129,"Washington, AL",9.8,10.3,11.6,10.1,12.1,10.9,10.3,10.9,6.8,7.3
1131,"Wilcox, AL",11.1,13.0,14.1,10.6,16.3,12.4,10.3,8.4,2.1,1.7
1133,"Winston, AL",6.6,8.4,12.0,14.3,12.9,18.0,12.2,9.7,2.9,3.0
2013,"Aleutians East Borough, AK",3.8,3.9,10.8,6.6,8.3,17.9,13.6,20.9,8.8,5.4
2016,"Aleutians West Census Area, AK",1.5,1.0,3.2,4.5,7.4,19.2,20.6,21.6,10.3,10.8
2020,"Anchorage Municipality, AK",3.3,2.2,5.1,5.5,9.0,17.1,14.1,20.2,11.1,12.5
2050,"Bethel Census Area, AK",8.0,5.4,9.7,9.6,11.1,15.2,11.1,15.9,8.2,5.8
2060,"Bristol Bay Borough, AK",1.3,1.0,6.0,8.9,12.1,19.0,13.7,20.0,9.5,8.6
2068,"Denali Borough, AK",1.5,3.8,12.8,3.4,11.5,12.4,19.0,17.9,14.3,3.4
2070,"Dillingham Census Area, AK",5.4,4.3,8.7,8.8,13.4,16.7,14.2,16.9,7.9,3.6
2090,"Fairbanks North Star Borough, AK",3.7,2.2,4.9,6.2,11.5,20.0,13.5,17.8,10.2,10.0
2100,"Haines Borough, AK",6.7,4.3,12.2,4.7,13.8,13.7,10.5,20.6,6.0,7.6
2110,"Juneau City and Borough, AK",3.6,2.4,5.5,4.1,9.2,16.2,15.1,20.1,11.4,12.4
2122,"Kenai Peninsula Borough, AK",5.1,3.9,8.8,6.8,10.6,18.1,13.0,16.6,9.0,8.1
2130,"Ketchikan Gateway Borough, AK*",4.0,2.9,6.2,7.5,10.5,16.3,14.7,17.5,11.2,9.3
2150,"Kodiak Island Borough, AK",4.7,2.2,5.7,6.7,6.5,19.8,12.4,27.9,7.0,7.2
2164,"Lake and Peninsula Borough, AK",3.4,7.2,13.5,11.6,14.4,18.5,14.1,9.4,5.6,2.2
2170,"Matanuska-Susitna Borough, AK",5.1,3.0,6.6,6.5,9.0,17.1,13.9,19.8,9.8,9.4
2180,"Nome Census Area, AK",6.3,3.2,10.8,8.0,10.2,20.3,12.3,15.0,7.3,6.7
2185,"North Slope Borough, AK",5.8,1.8,5.8,4.9,8.7,18.3,13.8,19.4,9.2,12.5
2188,"Northwest Arctic Borough, AK",6.2,4.4,7.7,6.2,10.9,18.0,12.9,14.6,10.3,8.9
2220,"Sitka City and Borough, AK",2.2,3.0,6.5,6.0,10.7,16.4,17.3,22.2,9.5,6.1
2240,"Southeast Fairbanks Census Area, AK",4.7,4.6,12.6,6.4,12.4,12.5,14.8,18.3,7.0,6.7
2290,"Yukon-Koyukuk Census Area, AK",12.0,6.3,14.0,11.8,11.2,18.8,9.3,9.4,5.2,2.1
4001,"Apache, AZ",19.9,6.6,12.3,11.4,13.2,14.7,9.3,8.8,2.5,1.3
4003,"Cochise, AZ",6.4,5.8,9.4,9.9,13.9,18.2,13.4,13.7,6.3,3.0
4005,"Coconino, AZ",7.5,4.9,8.6,8.1,11.1,19.5,11.9,14.7,7.0,6.6
4007,"Gila, AZ",7.8,6.2,10.1,11.0,13.8,19.7,12.7,11.6,4.0,3.0
4009,"Graham, AZ",8.1,5.5,8.2,8.3,13.7,21.8,16.0,12.5,3.8,2.3
4011,"Greenlee, AZ",3.6,2.3,7.1,9.2,12.2,30.2,12.3,15.8,4.1,3.2
4012,"La Paz, AZ",12.7,6.2,10.5,14.5,17.4,17.5,9.2,8.2,2.0,1.7
4013,"Maricopa, AZ",4.7,2.7,6.5,7.6,11.9,17.8,13.9,17.6,8.0,9.2
4015,"Mohave, AZ",6.4,4.7,11.9,12.0,15.1,19.7,12.0,11.3,3.7,3.1
4017,"Navajo, AZ",12.2,5.2,11.1,10.3,14.8,18.5,10.3,11.6,4.4,1.7
4019,"Pima, AZ",6.4,4.4,9.2,9.6,13.4,17.3,13.1,14.9,5.8,5.9
4021,"Pinal, AZ",5.3,2.6,7.5,8.1,12.8,20.8,14.3,18.2,6.3,4.2
4023,"Santa Cruz, AZ",7.5,6.8,10.8,15.5,13.5,17.5,10.3,10.8,3.8,3.5
4025,"Yavapai, AZ",5.3,4.0,10.2,9.9,14.9,20.1,13.1,12.9,4.4,5.0
4027,"Yuma, AZ",7.9,4.5,11.2,10.4,14.0,19.7,12.5,12.5,4.3,3.0
5001,"Arkansas, AR",6.8,9.1,9.8,6.8,9.9,23.3,14.4,11.8,5.4,2.6
5003,"Ashley, AR",7.9,8.5,16.5,10.1,12.1,17.5,12.1,10.7,1.8,2.7
5005,"Baxter, AR",5.7,4.0,15.3,14.7,17.1,18.9,10.0,8.4,3.5,2.4
5007,"Benton, AR",3.1,2.7,6.3,7.0,11.2,18.9,14.5,18.0,7.9,10.5
5009,"Boone, AR",6.8,5.5,11.9,11.5,15.9,18.2,13.1,12.0,3.3,1.9
5011,"Bradley, AR",11.0,8.3,15.4,8.5,14.9,16.0,10.0,10.8,3.4,1.7
5013,"Calhoun, AR",7.3,4.7,9.5,10.2,8.9,24.8,17.2,12.2,5.1,0.1
5015,"Carroll, AR",6.2,6.4,11.8,11.7,11.3,21.5,13.4,10.7,2.9,4.0
5017,"Chicot, AR",17.4,9.3,14.2,10.6,12.9,16.2,6.1,7.5,1.9,3.8
5019,"Clark, AR",9.3,5.4,14.8,12.8,11.5,14.4,14.0,12.6,1.9,3.3
5021,"Clay, AR",7.0,8.6,16.0,9.9,16.9,18.4,12.0,7.2,1.4,2.5
5023,"Cleburne, AR",5.0,6.5,11.4,13.3,16.2,20.7,10.9,7.7,4.4,3.9
5025,"Cleveland, AR",5.8,6.4,16.9,7.8,15.1,13.4,12.8,13.2,4.9,3.8
5027,"Columbia, AR",11.6,6.9,13.1,13.8,13.2,13.9,9.6,10.2,3.5,4.1
5029,"Conway, AR",6.2,7.3,14.5,11.3,13.4,17.3,13.2,10.0,3.5,3.4
5031,"Craighead, AR",6.3,5.7,10.8,11.8,14.3,16.3,11.6,13.8,4.3,5.1
5033,"Crawford, AR",5.4,4.5,12.4,11.7,14.2,19.0,13.0,13.2,3.8,2.8
5035,"Crittenden, AR",8.1,6.5,13.4,10.9,14.8,15.3,11.3,13.5,3.0,3.2
5037,"Cross, AR",5.4,9.7,10.4,13.5,15.1,15.5,13.1,11.5,3.0,3.0
5039,"Dallas, AR",12.7,8.5,15.6,14.1,8.0,14.3,10.7,13.2,2.2,0.6
5041,"Desha, AR",10.0,9.6,14.5,17.0,14.0,18.2,6.1,6.2,2.1,2.3
5043,"Drew, AR",9.6,5.7,15.8,11.5,12.0,15.4,9.9,14.0,3.6,2.5
5045,"Faulkner, AR",8.2,3.7,8.9,11.6,13.1,17.3,12.4,15.0,5.9,4.0
5047,"Franklin, AR",10.3,6.9,15.4,9.8,13.6,18.6,11.8,9.4,2.0,2.3
5049,"Fulton, AR",7.1,10.2,13.6,17.4,15.6,14.0,10.7,6.8,3.3,1.3
5051,"Garland, AR",6.9,5.5,11.3,10.4,15.9,19.4,12.6,10.7,4.6,2.7
5053,"Grant, AR",6.0,6.5,9.7,5.8,13.2,18.3,12.2,17.6,7.8,2.9
5055,"Greene, AR",8.2,5.1,9.9,10.1,15.4,21.9,12.1,11.5,4.1,1.5
5057,"Hempstead, AR",8.1,6.5,13.2,14.0,11.9,18.7,11.5,10.8,2.9,2.4
5059,"Hot Spring, AR",5.1,7.6,10.1,15.4,13.9,18.3,11.2,14.2,2.4,1.8
5061,"Howard, AR",4.3,6.4,19.7,16.1,11.6,16.7,10.2,10.0,2.2,2.8
5063,"Independence, AR",7.4,6.0,9.8,14.0,12.8,22.0,12.4,9.4,4.1,2.1
5065,"Izard, AR",7.1,9.9,12.9,12.0,14.2,19.4,12.8,6.0,3.8,2.0
5067,"Jackson, AR",8.5,7.0,17.4,11.0,17.0,18.7,8.5,6.7,2.4,2.8
5069,"Jefferson, AR",8.8,7.2,13.4,10.8,15.4,18.1,9.8,10.8,3.4,2.4
5071,"Johnson, AR",8.8,6.0,13.1,15.6,16.6,16.9,10.8,7.5,2.2,2.4
5073,"Lafayette, AR",11.2,8.1,15.4,14.3,10.3,20.7,6.5,9.5,3.0,1.0
5075,"Lawrence, AR",6.2,7.6,13.7,14.6,14.9,17.4,12.4,9.0,1.9,2.2
5077,"Lee, AR",17.6,11.7,17.7,8.7,11.7,8.8,9.7,8.1,2.9,3.1
5079,"Lincoln, AR",5.1,5.1,17.8,8.8,13.7,23.7,10.6,7.5,3.0,4.6
5081,"Little River, AR",6.6,4.7,10.2,12.4,12.6,18.7,15.5,12.3,5.0,2.0
5083,"Logan, AR",6.7,7.1,11.4,9.0,19.9,21.9,11.2,7.7,3.4,1.7
5085,"Lonoke, AR",4.7,4.8,7.9,8.5,14.1,18.6,13.1,16.7,6.8,4.9
5087,"Madison, AR",6.1,4.9,16.9,10.1,14.3,14.5,15.1,12.2,2.2,3.8
5089,"Marion, AR",8.2,7.0,14.5,14.1,17.3,18.1,8.6,9.1,1.5,1.6
5091,"Miller, AR",9.8,5.5,12.5,10.5,15.2,18.9,8.5,13.0,3.7,2.3
5093,"Mississippi, AR",8.2,6.8,15.0,9.7,14.1,17.9,9.3,10.8,4.8,3.3
5095,"Monroe, AR",12.1,9.4,14.1,11.3,11.2,15.9,11.7,9.2,3.6,1.6
5097,"Montgomery, AR",8.6,8.9,15.3,9.5,17.0,16.9,8.0,11.4,2.5,1.8
5099,"Nevada, AR",7.1,12.0,12.6,8.7,20.8,23.7,7.3,5.3,1.1,1.3
5101,"Newton, AR",4.9,7.4,16.8,12.5,14.7,15.1,15.4,11.2,1.3,0.7
5103,"Ouachita, AR",10.4,6.1,11.4,13.6,12.4,21.0,11.0,10.6,2.9,0.6
5105,"Perry, AR",6.8,5.1,11.3,14.7,14.5,12.8,14.4,15.6,3.5,1.5
5107,"Phillips, AR",14.7,11.7,14.4,11.2,12.8,14.0,8.2,9.2,1.8,2.1
5109,"Pike, AR",7.6,7.0,12.8,12.4,13.5,19.5,11.6,9.2,3.0,3.5
5111,"Poinsett, AR",9.9,8.0,15.7,8.7,13.9,20.8,9.5,9.8,2.5,1.2
5113,"Polk, AR",6.5,7.9,14.2,11.3,16.2,18.3,12.2,6.4,3.1,3.8
5115,"Pope, AR",7.3,4.9,13.3,12.2,15.0,18.3,9.5,10.6,5.4,3.4
5117,"Prairie, AR",5.5,5.1,13.1,13.4,14.0,18.6,15.9,7.4,2.9,4.0
5119,"Pulaski, AR",7.4,4.6,9.8,10.7,13.6,16.7,11.7,13.1,5.5,6.9
5121,"Randolph, AR",6.3,8.0,17.1,11.4,14.5,14.9,12.7,9.0,4.1,1.9
5123,"St. Francis, AR",12.2,12.5,13.9,11.5,16.9,14.0,8.0,7.3,1.9,2.0
5125,"Saline, AR",3.9,3.1,8.1,7.5,12.2,19.7,14.6,19.5,7.0,4.4
5127,"Scott, AR",6.4,7.3,13.1,14.2,17.2,22.2,6.5,9.3,2.2,1.8
5129,"Searcy, AR",9.0,12.2,11.3,11.6,17.6,18.1,11.3,6.5,1.8,0.5
5131,"Sebastian, AR",5.9,5.7,11.0,12.8,14.5,19.1,10.0,13.1,3.8,4.2
5133,"Sevier, AR",7.4,8.6,10.5,10.7,13.8,18.1,12.0,14.0,2.3,2.7
5135,"Sharp, AR",9.4,6.7,14.9,16.7,15.5,18.3,10.6,4.3,2.1,1.5
5137,"Stone, AR",11.2,9.2,19.6,10.3,15.5,14.6,10.3,6.2,1.9,1.1
5139,"Union, AR",9.9,6.0,11.8,13.3,11.3,16.0,11.4,10.7,5.3,4.2
5141,"Van Buren, AR",7.6,6.6,15.4,10.8,19.1,17.8,9.9,8.8,2.8,1.2
5143,"Washington, AR",6.4,3.9,9.0,11.2,13.6,18.6,11.9,12.5,6.3,6.6
5145,"White, AR",5.6,6.0,13.7,12.5,14.9,17.4,11.4,11.8,3.7,3.1
5147,"Woodruff, AR",9.2,6.9,17.8,9.9,12.0,13.7,15.9,6.4,3.2,5.0
5149,"Yell, AR",5.2,4.9,12.2,11.1,15.8,19.0,16.3,10.5,3.7,1.3
6001,"Alameda, CA",4.0,3.0,4.7,4.9,6.6,11.4,10.6,17.5,12.7,24.7
6003,"Alpine, CA",1.2,0.9,6.9,12.0,5.3,17.5,9.0,24.9,13.4,9.0
6005,"Amador, CA",5.0,4.4,7.1,7.4,12.6,16.4,14.1,19.3,6.8,7.1
6007,"Butte, CA",6.0,5.9,9.5,9.9,11.7,16.1,12.1,14.5,6.8,7.5
6009,"Calaveras, CA",5.1,3.8,7.6,7.3,11.8,17.1,14.8,15.7,8.7,8.2
6011,"Colusa, CA",6.2,4.8,11.9,7.9,13.7,15.3,13.9,14.6,5.0,6.8
6013,"Contra Costa, CA",3.5,2.5,3.9,4.7,6.9,12.2,11.3,19.0,12.8,23.1
6015,"Del Norte, CA",5.4,8.4,9.6,8.9,14.5,18.1,12.5,15.6,3.4,3.6
6017,"El Dorado, CA",3.9,3.0,6.5,6.1,8.0,14.7,12.4,18.8,10.2,16.3
6019,"Fresno, CA",6.5,4.8,9.3,9.4,12.1,16.8,12.1,15.2,7.1,6.7
6021,"Glenn, CA",6.2,6.0,9.4,8.2,15.0,19.0,12.0,16.7,4.3,3.3
6023,"Humboldt, CA",6.6,7.2,9.7,11.9,12.0,16.7,11.9,13.0,5.4,5.6
6025,"Imperial, CA",7.4,7.2,13.2,9.0,13.9,14.5,12.1,15.4,3.6,3.6
6027,"Inyo, CA",4.9,4.6,9.2,9.9,13.4,19.9,12.8,13.8,7.0,4.4
6029,"Kern, CA",5.9,5.5,9.0,10.2,12.6,16.9,12.9,14.5,6.7,5.8
6031,"Kings, CA",5.3,2.9,8.3,8.8,13.2,19.4,15.1,15.4,7.2,4.2
6033,"Lake, CA",6.0,6.2,10.0,10.2,13.2,17.7,11.7,13.8,5.2,6.0
6035,"Lassen, CA",5.1,3.7,8.5,10.0,14.1,19.9,14.4,16.2,4.9,3.1
6037,"Los Angeles, CA",5.4,4.3,7.0,7.2,10.0,15.4,12.4,16.8,9.0,12.5
6039,"Madera, CA",5.4,3.6,7.8,8.9,12.6,18.5,14.5,16.5,6.4,5.8
6041,"Marin, CA",3.1,2.2,4.2,4.1,6.2,10.5,9.4,16.2,12.0,32.1
6043,"Mariposa, CA",5.4,5.2,10.4,13.8,12.7,18.0,11.5,12.0,7.3,3.5
6045,"Mendocino, CA",5.2,6.6,9.6,9.7,13.4,17.8,10.7,15.5,6.1,5.4
6047,"Merced, CA",5.8,4.9,8.9,9.4,13.7,19.2,13.1,14.7,5.2,5.1
6049,"Modoc, CA",5.5,2.7,12.3,15.9,11.7,21.9,14.2,11.1,2.2,2.5
6051,"Mono, CA",3.2,1.0,7.0,5.8,10.3,24.8,21.5,15.6,4.3,6.5
6053,"Monterey, CA",2.9,2.5,6.2,7.1,10.2,16.4,15.1,18.4,9.1,12.1
6055,"Napa, CA",3.5,2.5,4.1,6.5,8.8,13.0,12.7,18.8,12.2,17.9
6057,"Nevada, CA",4.5,3.8,7.2,8.5,11.0,15.1,12.7,16.6,8.2,12.4
6059,"Orange, CA",4.2,2.6,4.6,5.4,7.7,13.2,12.1,19.3,12.0,18.9
6061,"Placer, CA",3.7,2.4,4.9,5.6,7.6,13.5,12.6,19.4,12.5,17.9
6063,"Plumas, CA",5.6,5.4,9.2,8.0,15.3,18.4,11.7,14.1,5.7,6.7
6065,"Riverside, CA",4.8,3.3,7.0,7.5,10.6,16.3,13.2,18.5,8.9,10.0
6067,"Sacramento, CA",4.6,4.0,6.4,7.1,10.4,16.7,13.7,18.2,9.2,9.8
6069,"San Benito, CA",2.1,2.4,3.4,4.9,9.3,17.5,12.3,22.0,11.9,14.0
6071,"San Bernardino, CA",4.6,3.8,7.3,8.1,11.1,18.1,13.9,17.3,8.4,7.6
6073,"San Diego, CA",4.0,2.9,5.7,6.3,9.1,15.0,12.6,18.9,10.8,14.7
6075,"San Francisco, CA",4.5,4.7,4.9,4.5,6.0,9.1,8.3,14.9,11.7,31.5
6077,"San Joaquin, CA",4.9,3.3,7.1,7.8,9.8,17.2,13.7,18.3,9.0,9.0
6079,"San Luis Obispo, CA",4.7,3.1,6.0,7.2,9.9,15.3,12.2,19.8,10.2,11.7
6081,"San Mateo, CA",2.6,1.9,3.6,3.7,5.8,9.7,9.6,16.9,12.7,33.3
6083,"Santa Barbara, CA",4.6,3.3,5.6,5.6,10.1,15.4,13.1,17.6,9.7,14.9
6085,"Santa Clara, CA",2.8,2.1,3.6,3.7,5.4,9.6,9.1,16.6,13.3,33.9
6087,"Santa Cruz, CA",4.1,2.7,5.9,5.5,7.7,13.2,12.4,17.0,11.7,19.8
6089,"Shasta, CA",5.2,5.4,8.9,8.7,12.9,17.1,13.6,14.9,7.1,6.2
6091,"Sierra, CA",3.6,8.3,7.6,9.3,13.4,18.9,14.0,12.4,7.6,5.0
6093,"Siskiyou, CA",7.3,5.9,11.6,10.4,14.9,19.5,10.1,13.4,4.2,2.7
6095,"Solano, CA",3.7,2.3,4.9,5.4,9.5,15.3,14.3,21.2,11.2,12.2
6097,"Sonoma, CA",3.7,2.8,5.0,5.9,9.0,14.3,13.4,19.6,11.8,14.5
6099,"Stanislaus, CA",4.1,4.1,7.4,8.1,12.5,18.1,13.7,17.1,7.9,6.9
6101,"Sutter, CA",4.4,4.2,6.9,7.3,13.6,18.1,14.2,16.7,6.5,8.0
6103,"Tehama, CA",6.5,7.6,9.5,11.1,12.9,17.4,11.8,13.4,4.9,4.8
6105,"Trinity, CA",9.2,4.5,15.2,11.8,16.4,19.3,6.4,8.7,3.8,4.6
6107,"Tulare, CA",6.1,4.5,9.7,9.9,13.6,18.6,12.8,13.7,6.0,5.1
6109,"Tuolumne, CA",3.3,6.1,7.7,8.4,12.4,16.3,14.5,16.8,7.6,7.0
6111,"Ventura, CA",3.3,2.4,4.8,6.1,9.0,13.7,13.6,19.9,11.6,15.7
6113,"Yolo, CA",7.0,4.4,6.1,6.5,8.2,15.5,12.4,16.5,10.0,13.2
6115,"Yuba, CA",6.1,5.2,8.7,8.2,12.3,17.7,13.2,17.4,7.5,3.8
8001,"Adams, CO*",3.9,2.3,5.5,6.6,11.2,18.4,15.2,21.0,8.9,7.0
8003,"Alamosa, CO",7.9,6.3,12.0,10.4,19.0,18.0,9.3,10.5,2.6,4.2
8005,"Arapahoe, CO",3.5,2.4,4.6,5.8,10.7,17.2,13.5,19.7,10.2,12.5
8007,"Archuleta, CO",3.8,4.4,8.4,6.0,17.6,20.4,16.0,11.6,5.0,6.8
8009,"Baca, CO",8.0,11.8,12.2,13.8,12.8,13.1,11.7,9.8,4.3,2.6
8011,"Bent, CO",6.4,12.0,15.1,11.8,14.8,16.0,14.3,6.9,1.8,0.9
8013,"Boulder, CO*",5.6,2.3,5.7,5.5,8.3,13.7,12.1,18.2,11.7,16.8
8015,"Chaffee, CO",5.5,5.6,5.5,11.5,10.7,20.3,13.1,13.7,8.3,5.8
8017,"Cheyenne, CO",7.3,3.5,3.2,7.6,16.7,15.1,19.3,16.4,5.5,5.5
8019,"Clear Creek, CO",2.8,3.9,5.5,5.1,13.2,18.1,10.1,17.1,9.3,15.0
8021,"Conejos, CO",7.7,5.4,14.9,18.1,16.5,14.3,10.1,8.7,3.2,1.0
8023,"Costilla, CO",15.2,12.0,7.5,15.2,16.9,16.0,6.6,5.0,2.4,3.1
8025,"Crowley, CO",14.2,6.5,12.2,15.2,12.4,23.7,7.8,4.3,2.8,1.0
8027,"Custer, CO",5.0,2.8,11.1,6.8,11.5,25.5,12.4,18.0,2.7,4.1
8029,"Delta, CO",6.9,5.7,10.4,10.5,13.5,19.0,13.1,13.8,3.5,3.6
8031,"Denver, CO",5.2,3.4,6.1,6.4,10.3,16.9,12.4,17.0,9.6,12.6
8033,"Dolores, CO",2.6,7.8,6.8,11.2,12.8,19.8,4.5,23.0,10.0,1.6
8035,"Douglas, CO",1.9,0.8,2.0,3.7,5.3,11.1,12.3,22.9,15.9,24.1
8037,"Eagle, CO",5.5,1.5,6.2,4.7,10.4,13.3,13.8,18.3,10.6,15.7
8039,"Elbert, CO",2.7,1.3,3.7,4.2,7.1,12.4,11.3,21.9,17.7,17.6
8041,"El Paso, CO",4.1,2.8,6.2,6.9,11.3,18.0,14.2,18.4,9.5,8.7
8043,"Fremont, CO",6.3,5.7,11.0,9.8,13.8,17.5,14.9,13.7,4.3,2.9
8045,"Garfield, CO",3.3,2.8,5.9,5.0,10.1,21.1,14.9,21.4,8.2,7.4
8047,"Gilpin, CO",2.3,3.7,4.5,2.5,10.4,14.8,14.3,13.9,18.0,15.6
8049,"Grand, CO",5.0,2.0,4.2,13.6,10.4,17.6,15.0,19.2,8.2,4.7
8051,"Gunnison, CO",3.7,4.0,8.4,8.7,12.8,20.6,10.3,16.4,6.8,8.3
8053,"Hinsdale, CO",3.6,4.5,12.7,7.2,23.1,15.4,10.0,12.0,5.2,6.3
8055,"Huerfano, CO",8.5,5.5,14.6,10.8,14.4,17.5,13.8,9.3,4.0,1.6
8057,"Jackson, CO",3.3,5.2,12.0,19.1,15.8,19.3,13.8,7.0,0.9,3.5
8059,"Jefferson, CO*",3.4,2.0,4.6,5.2,8.8,15.8,13.2,21.3,12.2,13.5
8061,"Kiowa, CO",4.6,3.8,11.3,10.4,24.0,16.4,14.2,8.9,3.8,2.6
8063,"Kit Carson, CO",2.6,5.5,10.8,14.1,14.1,20.3,11.3,13.0,5.0,3.3
8065,"Lake, CO",7.4,3.0,5.1,4.7,11.8,20.7,14.2,22.2,7.5,3.4
8067,"La Plata, CO",3.3,3.3,7.5,8.9,11.3,15.6,15.1,18.4,8.9,7.7
8069,"Larimer, CO",4.9,3.0,6.2,6.6,10.0,16.0,14.2,18.8,9.9,10.4
8071,"Las Animas, CO",12.6,5.5,10.5,14.7,10.6,18.1,10.6,11.2,2.6,3.6
8073,"Lincoln, CO",8.8,8.3,11.7,12.1,12.3,12.7,12.7,14.7,4.2,2.6
8075,"Logan, CO",5.5,4.0,11.1,12.9,15.3,17.6,13.0,13.4,4.8,2.4
8077,"Mesa, CO",5.7,3.3,9.3,8.3,13.6,19.4,14.2,15.6,5.4,5.2
8079,"Mineral, CO",9.3,2.3,5.7,2.6,26.2,21.2,10.4,16.8,1.8,3.6
8081,"Moffat, CO",8.7,5.0,8.9,11.5,10.8,15.8,14.3,13.8,8.6,2.5
8083,"Montezuma, CO",4.1,3.4,12.9,10.1,11.5,22.0,13.6,14.0,3.3,5.2
8085,"Montrose, CO",5.1,5.4,10.0,10.2,13.2,19.0,15.5,12.9,4.7,4.0
8087,"Morgan, CO",5.7,4.5,8.8,8.1,12.2,23.0,15.3,14.9,5.1,2.4
8089,"Otero, CO",9.6,7.3,10.1,13.0,12.6,24.2,9.1,10.5,2.2,1.6
8091,"Ouray, CO",2.5,3.5,9.3,7.4,13.1,17.6,16.4,15.4,6.2,8.7
8093,"Park, CO",1.6,2.4,9.8,6.7,8.7,17.0,15.6,20.8,11.9,5.5
8095,"Phillips, CO",3.0,7.6,10.1,8.2,20.1,16.0,10.8,13.4,5.4,5.5
8097,"Pitkin, CO",2.6,0.8,2.1,5.3,5.5,21.0,15.1,19.3,6.3,21.9
8099,"Prowers, CO",6.1,6.7,10.3,13.4,16.9,16.7,14.8,10.0,2.4,2.8
8101,"Pueblo, CO",8.0,5.5,10.4,9.7,13.5,19.7,12.1,12.7,5.0,3.5
8103,"Rio Blanco, CO",4.1,5.7,8.1,10.0,13.9,18.1,14.2,19.1,3.2,3.5
8105,"Rio Grande, CO",6.1,6.6,10.3,11.4,15.2,14.8,13.0,14.4,4.7,3.4
8107,"Routt, CO",5.1,2.9,3.8,4.5,10.0,19.3,11.4,19.7,9.0,14.1
8109,"Saguache, CO",9.2,8.4,8.4,13.1,14.0,19.1,11.4,12.4,2.4,1.6
8111,"San Juan, CO",6.1,4.3,10.4,9.8,11.7,19.0,16.6,14.7,6.1,1.2
8113,"San Miguel, CO",4.6,2.6,8.1,10.3,10.9,18.1,12.1,13.9,8.4,11.0
8115,"Sedgwick, CO",7.2,8.5,15.4,9.9,13.0,16.1,10.1,14.6,2.5,2.6
8117,"Summit, CO",0.9,1.2,4.0,7.1,9.6,17.2,13.6,23.2,10.0,13.3
8119,"Teller, CO",4.4,3.5,6.3,5.5,15.4,19.5,13.3,19.8,6.1,6.3
8121,"Washington, CO",4.4,3.9,9.7,13.3,14.5,21.5,12.2,12.1,3.7,4.6
8123,"Weld, CO*",3.8,2.8,5.7,7.3,10.2,16.7,14.3,22.2,9.1,7.8
8125,"Yuma, CO",6.5,5.2,5.2,8.3,15.2,19.5,14.6,16.8,4.8,3.9
9001,"Fairfield, CT",4.1,2.9,5.5,5.7,8.2,13.3,9.8,16.1,10.5,23.9
9003,"Hartford, CT",5.4,3.6,6.6,7.2,9.7,14.6,12.7,18.1,10.0,12.0
9005,"Litchfield, CT",3.7,2.4,5.9,6.6,9.7,16.2,13.4,20.0,10.7,11.3
9007,"Middlesex, CT",3.6,2.7,5.7,6.3,9.1,15.1,12.7,19.4,11.9,13.7
9009,"New Haven, CT",5.6,3.8,7.6,6.9,10.1,15.8,12.5,17.1,9.4,11.0
9011,"New London, CT",3.5,3.2,6.5,6.9,11.2,16.3,13.3,19.0,10.0,10.1
9013,"Tolland, CT",5.1,2.9,5.8,6.8,8.5,13.9,12.4,19.8,11.6,13.2
9015,"Windham, CT",4.4,4.8,7.2,7.0,9.8,19.2,15.8,17.2,7.1,7.4
10001,"Kent, DE",4.3,4.1,8.2,8.3,13.9,19.1,14.7,16.5,7.4,3.5
10003,"New Castle, DE",5.2,2.8,5.8,7.6,10.2,16.5,13.8,18.3,9.4,10.5
10005,"Sussex, DE",4.7,3.7,7.3,8.4,12.3,17.9,14.2,16.4,7.5,7.6
11001,"District of Columbia, DC",8.3,3.6,5.1,5.5,6.8,12.2,11.3,15.9,10.2,21.1
12001,"Alachua, FL",10.2,5.1,9.7,9.2,13.2,16.4,11.3,12.6,5.5,6.9
12003,"Baker, FL",5.8,3.4,5.5,8.9,14.3,21.1,12.9,14.5,7.9,5.6
12005,"Bay, FL",5.2,3.9,8.5,7.8,14.0,21.4,14.4,13.9,6.1,4.8
12007,"Bradford, FL",10.3,6.3,8.7,8.2,18.1,18.9,11.3,11.5,5.1,1.8
12009,"Brevard, FL",4.4,3.7,8.9,8.9,13.6,18.7,12.8,15.7,6.6,6.7
12011,"Broward, FL",6.3,3.9,7.7,8.7,12.8,17.5,12.4,15.5,6.7,8.5
12013,"Calhoun, FL",9.2,10.8,13.8,9.6,15.0,16.8,12.1,8.7,2.2,1.9
12015,"Charlotte, FL",5.1,3.7,9.3,10.2,14.7,20.8,13.2,13.1,5.0,4.9
12017,"Citrus, FL",6.6,5.2,11.9,12.3,15.5,18.4,12.3,11.1,3.3,3.4
12019,"Clay, FL",3.6,2.1,5.6,9.0,11.5,19.0,16.6,18.8,7.6,6.3
12021,"Collier, FL",4.2,3.2,6.5,8.0,11.2,16.6,13.2,15.3,8.3,13.6
12023,"Columbia, FL",6.6,6.2,11.7,11.0,16.8,17.7,10.1,12.2,4.8,3.0
12027,"DeSoto, FL",7.7,5.0,17.5,14.1,18.1,17.6,9.1,6.9,3.2,0.9
12029,"Dixie, FL",7.1,3.5,12.8,11.4,22.5,15.9,12.1,8.8,3.9,2.0
12031,"Duval, FL",6.7,3.9,8.2,9.4,13.6,18.6,13.1,14.5,6.1,5.8
12033,"Escambia, FL",6.1,4.4,9.2,10.3,13.7,19.4,12.4,14.3,5.3,4.9
12035,"Flagler, FL",4.3,3.3,8.8,9.3,14.7,18.2,13.6,15.3,6.4,6.1
12037,"Franklin, FL",8.1,5.7,13.5,9.7,9.5,21.1,10.8,13.9,4.4,3.4
12039,"Gadsden, FL",9.9,4.5,12.2,14.1,16.3,19.4,9.2,9.8,2.5,2.0
12041,"Gilchrist, FL",7.5,3.5,11.7,10.0,15.9,20.7,13.7,10.6,3.2,3.1
12043,"Glades, FL",7.1,7.1,13.0,20.5,13.8,11.1,10.1,14.3,1.7,1.2
12045,"Gulf, FL",4.0,4.4,8.8,8.6,20.4,15.6,12.9,14.3,5.9,5.2
12047,"Hamilton, FL",9.8,5.9,13.1,16.8,15.2,20.5,8.5,5.3,3.3,1.6
12049,"Hardee, FL",9.6,10.1,12.8,12.0,12.1,18.7,9.6,10.9,1.3,2.9
12051,"Hendry, FL",7.9,4.6,14.5,18.8,15.5,13.1,10.9,8.5,3.5,2.7
12053,"Hernando, FL",6.1,3.9,10.0,11.3,15.2,21.3,12.5,12.4,4.2,3.1
12055,"Highlands, FL",6.5,5.9,13.7,12.9,13.9,20.3,10.5,9.8,3.9,2.6
12057,"Hillsborough, FL",6.2,3.8,7.5,9.1,12.6,17.6,12.6,15.1,7.0,8.5
12059,"Holmes, FL",7.0,8.4,12.5,13.3,16.2,20.7,9.1,9.0,1.8,1.8
12061,"Indian River, FL",4.9,3.0,9.7,9.2,14.2,18.2,12.5,14.6,5.9,7.8
12063,"Jackson, FL",7.7,8.3,11.4,14.3,14.6,19.2,10.4,8.3,2.9,3.0
12065,"Jefferson, FL",8.6,4.7,9.0,10.6,15.6,17.0,8.3,15.2,7.1,3.8
12067,"Lafayette, FL",8.9,9.2,7.4,2.7,11.1,25.3,16.2,13.8,5.0,0.4
12069,"Lake, FL",4.3,3.4,8.6,11.2,13.3,19.9,14.1,14.7,5.8,4.6
12071,"Lee, FL",5.7,3.4,7.9,9.2,13.2,19.0,13.8,14.9,5.6,7.2
12073,"Leon, FL",8.6,4.4,8.8,10.4,12.1,17.5,12.0,13.8,5.7,6.7
12075,"Levy, FL",7.4,5.7,15.0,13.5,14.1,19.8,11.7,8.8,2.1,1.7
12077,"Liberty, FL",11.5,5.4,13.8,10.3,15.4,20.8,6.7,10.9,3.6,1.6
12079,"Madison, FL",11.5,7.8,12.9,12.2,15.1,17.0,9.3,10.2,2.7,1.4
12081,"Manatee, FL",4.3,3.6,7.9,9.0,14.2,17.5,13.3,15.9,7.1,7.1
12083,"Marion, FL",6.2,4.3,11.7,10.9,16.1,19.9,12.3,11.0,4.1,3.4
12085,"Martin, FL",5.2,3.0,8.1,9.1,11.7,16.1,12.3,16.5,6.9,11.1
12086,"Miami-Dade, FL",7.6,5.0,9.5,9.6,12.0,17.2,11.8,13.4,6.3,7.5
12087,"Monroe, FL",4.7,2.7,6.1,8.0,11.8,17.6,12.3,16.4,9.0,11.4
12089,"Nassau, FL",4.4,3.7,4.7,6.8,10.5,18.0,16.2,17.6,8.1,10.1
12091,"Okaloosa, FL",4.4,3.0,6.9,9.5,11.8,18.5,13.8,18.1,6.9,7.1
12093,"Okeechobee, FL",6.3,7.0,12.0,11.7,15.4,19.3,8.9,12.8,4.0,2.6
12095,"Orange, FL",5.5,3.4,7.8,8.4,12.9,17.8,13.3,15.8,7.0,8.1
12097,"Osceola, FL",4.8,3.7,9.7,9.7,14.5,20.6,13.9,13.9,4.9,4.2
12099,"Palm Beach, FL",5.4,3.3,7.8,8.4,11.8,16.7,12.5,15.6,7.1,11.3
12101,"Pasco, FL",5.2,4.7,9.9,9.8,13.7,18.3,12.5,14.4,6.3,5.2
12103,"Pinellas, FL",5.8,4.0,9.0,9.4,13.3,17.6,12.9,14.5,6.4,7.2
12105,"Polk, FL",5.7,4.4,9.7,10.8,14.5,20.1,13.1,12.7,4.4,4.5
12107,"Putnam, FL",9.6,8.3,12.2,13.9,16.0,19.0,7.6,8.7,3.0,1.8
12109,"St. Johns, FL",3.6,1.8,5.0,5.8,9.7,16.2,12.5,18.3,11.9,15.1
12111,"St. Lucie, FL",5.0,3.6,9.3,9.1,13.5,21.1,13.9,15.0,4.8,4.7
12113,"Santa Rosa, FL",3.5,2.1,6.0,7.3,12.1,17.7,16.2,19.4,8.3,7.5
12115,"Sarasota, FL",4.0,2.7,7.5,8.0,12.5,18.5,13.9,16.2,6.8,9.8
12117,"Seminole, FL",4.4,2.5,6.4,8.0,11.6,18.0,13.9,18.0,7.8,9.3
12119,"Sumter, FL",4.8,3.2,7.5,8.7,13.8,21.0,16.0,15.2,5.7,4.0
12121,"Suwannee, FL",9.2,5.5,10.5,13.5,12.9,19.6,12.7,10.4,2.8,2.8
12123,"Taylor, FL",5.1,6.2,14.9,14.5,15.1,20.0,7.9,8.9,4.4,2.9
12125,"Union, FL",5.1,5.6,5.8,9.6,18.7,20.8,12.6,16.3,4.3,1.3
12127,"Volusia, FL",5.8,4.7,9.4,10.7,13.4,19.7,13.3,14.1,4.6,4.5
12129,"Wakulla, FL",2.6,1.6,9.0,8.4,10.4,22.0,14.4,21.5,5.6,4.6
12131,"Walton, FL",4.5,3.4,9.0,8.7,12.1,17.7,13.1,17.5,6.8,7.1
12133,"Washington, FL",7.4,5.5,14.9,15.7,13.6,17.5,12.2,8.6,2.4,2.2
13001,"Appling, GA",10.0,6.5,18.3,12.7,9.1,17.1,8.9,12.1,4.1,1.3
13003,"Atkinson, GA",6.6,6.4,12.1,24.7,12.8,13.3,11.5,7.9,3.7,1.1
13005,"Bacon, GA",10.6,7.8,12.2,13.3,13.0,16.8,10.8,10.3,3.6,1.6
13007,"Baker, GA",17.1,4.9,15.9,12.9,11.2,16.4,4.9,9.2,7.1,0.3
13009,"Baldwin, GA",11.6,5.8,10.3,10.0,11.8,16.5,15.0,12.6,3.6,3.0
13011,"Banks, GA",6.7,6.4,10.9,6.6,10.9,20.7,15.2,15.6,3.9,3.1
13013,"Barrow, GA",4.4,2.6,6.7,9.1,12.4,19.7,16.9,18.2,5.8,4.1
13015,"Bartow, GA",6.2,4.0,7.4,8.8,12.0,18.9,15.6,16.8,6.0,4.2
13017,"Ben Hill, GA",13.6,9.4,10.9,16.8,13.0,14.9,10.0,6.8,2.7,2.0
13019,"Berrien, GA",9.9,8.6,10.3,10.4,14.8,16.0,14.8,11.2,2.7,1.3
13021,"Bibb, GA",12.3,6.9,10.6,11.4,13.6,14.5,10.3,11.3,4.6,4.4
13023,"Bleckley, GA",9.3,7.1,11.5,9.9,13.0,18.5,12.6,12.7,1.9,3.5
13025,"Brantley, GA",9.7,7.2,22.6,9.3,12.3,17.0,9.4,10.3,2.3,0.0
13027,"Brooks, GA",13.7,9.7,13.6,9.1,11.9,18.2,9.2,7.4,2.9,4.2
13029,"Bryan, GA",4.0,1.7,6.5,6.4,6.5,20.2,15.8,21.0,8.7,9.3
13031,"Bulloch, GA",7.9,5.7,12.8,8.7,14.3,18.7,11.7,12.7,3.8,3.7
13033,"Burke, GA",5.9,7.8,11.6,10.0,17.5,16.4,8.3,14.8,3.4,4.3
13035,"Butts, GA",5.1,4.6,8.2,10.6,20.0,16.1,12.3,18.0,2.6,2.6
13037,"Calhoun, GA",10.0,6.7,14.8,10.9,13.5,19.3,11.3,6.7,2.4,4.4
13039,"Camden, GA",7.0,3.9,7.6,9.5,14.1,16.2,13.6,17.8,6.5,3.7
13043,"Candler, GA",10.2,7.3,18.7,12.1,11.0,16.3,7.0,12.5,3.1,1.8
13045,"Carroll, GA",6.0,4.0,9.6,9.8,12.6,17.1,15.0,16.3,5.0,4.5
13047,"Catoosa, GA",4.4,4.5,8.3,9.3,14.3,18.3,16.3,14.6,5.2,4.7
13049,"Charlton, GA",12.7,4.0,15.1,8.3,13.3,19.8,10.0,13.1,1.0,2.7
13051,"Chatham, GA",6.1,4.1,8.5,9.0,12.8,18.2,13.5,15.1,6.2,6.6
13053,"Chattahoochee, GA",10.2,4.2,8.7,10.8,16.1,22.2,11.4,11.1,3.9,1.5
13055,"Chattooga, GA",8.1,8.6,15.0,15.5,16.4,16.6,9.4,6.1,3.2,1.2
13057,"Cherokee, GA",3.4,2.5,4.8,5.9,8.8,15.7,14.2,21.1,12.4,11.2
13059,"Clarke, GA",11.5,6.1,12.1,12.3,12.8,15.5,9.3,11.3,4.7,4.3
13061,"Clay, GA",12.0,10.7,13.3,13.2,17.9,10.7,16.8,3.3,1.2,0.9
13063,"Clayton, GA",6.7,3.4,10.5,10.9,16.5,21.0,12.9,12.4,3.6,1.9
13065,"Clinch, GA",22.9,2.6,10.9,6.3,9.8,26.3,9.4,8.9,1.7,1.2
13067,"Cobb, GA",3.9,1.9,4.9,6.4,10.0,16.6,13.3,18.5,10.9,13.7
13069,"Coffee, GA",11.4,7.7,12.6,9.7,15.2,15.8,10.6,10.8,3.8,2.4
13071,"Colquitt, GA",9.0,9.2,13.2,10.6,14.3,15.3,10.4,12.7,1.9,3.3
13073,"Columbia, GA",3.1,1.5,5.9,6.0,8.0,18.8,14.6,19.7,11.4,11.0
13075,"Cook, GA",12.6,7.6,12.2,11.9,10.0,15.5,11.8,11.9,2.3,4.3
13077,"Coweta, GA",3.8,2.4,5.6,6.9,10.3,16.1,14.3,19.9,11.7,9.0
13079,"Crawford, GA",5.4,6.4,12.0,5.7,15.7,21.6,11.1,13.7,5.1,3.4
13081,"Crisp, GA",7.9,12.4,12.1,11.0,12.4,14.8,11.6,10.4,3.2,4.2
13083,"Dade, GA",3.5,4.0,13.5,14.6,16.0,15.5,13.9,10.2,4.2,4.6
13085,"Dawson, GA",4.8,1.4,5.2,5.3,14.6,17.1,10.1,21.4,9.6,10.4
13087,"Decatur, GA",10.8,5.4,13.7,9.2,16.2,12.4,13.9,12.1,3.7,2.6
13089,"DeKalb, GA",5.2,3.2,7.1,8.6,12.0,17.3,12.4,15.3,7.6,11.3
13091,"Dodge, GA",10.2,7.0,10.5,14.8,15.4,14.6,10.5,11.1,3.2,2.8
13093,"Dooly, GA",9.6,6.7,13.7,14.7,9.9,12.4,10.5,13.6,5.5,3.3
13095,"Dougherty, GA",12.5,7.4,12.0,10.7,16.1,18.0,8.7,9.0,2.8,2.8
13097,"Douglas, GA",5.3,2.9,7.0,7.9,12.7,20.1,14.4,16.6,7.5,5.5
13099,"Early, GA",9.3,7.1,17.5,9.8,14.5,14.5,14.8,9.6,1.9,1.1
13101,"Echols, GA",14.5,6.8,15.4,8.4,10.9,22.6,4.7,13.6,0.5,2.4
13103,"Effingham, GA",4.1,3.5,6.3,7.9,11.3,19.9,16.0,17.0,9.0,5.0
13105,"Elbert, GA",9.8,4.9,16.0,11.7,16.7,14.8,11.0,10.5,3.4,1.2
13107,"Emanuel, GA",9.6,8.6,12.5,11.4,15.8,19.4,9.7,9.6,1.3,2.2
13109,"Evans, GA",9.6,7.5,12.3,8.4,13.6,22.1,8.3,12.2,3.6,2.5
13111,"Fannin, GA",6.5,6.8,9.9,9.8,17.3,17.6,11.4,9.4,6.6,4.8
13113,"Fayette, GA",2.5,1.9,4.6,4.5,8.2,15.6,14.9,20.5,10.8,16.5
13115,"Floyd, GA",6.4,4.6,11.1,13.0,12.3,18.7,10.2,14.9,4.6,4.2
13117,"Forsyth, GA",2.2,1.2,3.5,3.6,6.5,11.5,10.9,22.4,15.4,22.9
13119,"Franklin, GA",7.7,8.2,10.6,10.6,13.2,18.8,13.3,9.7,4.8,3.0
13121,"Fulton, GA",6.2,3.7,6.8,7.1,9.9,14.8,12.1,14.8,8.3,16.3
13123,"Gilmer, GA",6.4,3.2,12.1,9.7,11.5,20.3,17.1,11.5,4.0,4.2
13125,"Glascock, GA",5.6,9.5,7.4,10.1,16.3,21.1,9.2,14.3,4.1,2.4
13127,"Glynn, GA",5.9,3.6,9.4,11.4,10.7,17.8,12.6,15.9,6.7,6.0
13129,"Gordon, GA",6.7,5.6,10.6,12.3,14.1,17.0,11.4,14.3,4.3,3.8
13131,"Grady, GA",9.0,5.9,12.4,12.5,12.2,15.5,11.3,12.5,6.0,2.8
13133,"Greene, GA",6.0,5.7,10.2,9.6,9.9,14.3,13.1,13.0,6.3,11.8
13135,"Gwinnett, GA",3.9,2.4,5.7,7.9,11.5,18.1,13.4,19.1,9.1,9.0
13137,"Habersham, GA",5.7,6.1,8.2,10.9,13.3,19.0,13.6,14.2,4.7,4.4
13139,"Hall, GA",3.8,2.9,8.4,7.6,12.7,18.9,14.3,15.8,7.4,8.1
13141,"Hancock, GA",10.7,7.0,18.5,14.8,13.1,13.2,8.2,7.0,4.5,2.9
13143,"Haralson, GA",6.1,5.5,9.4,6.1,16.7,17.9,12.0,13.4,9.3,3.6
13145,"Harris, GA",2.8,2.3,5.5,6.5,7.9,20.4,15.2,19.7,9.4,10.3
13147,"Hart, GA",8.6,4.6,11.9,9.2,14.2,18.5,14.0,12.7,3.9,2.4
13149,"Heard, GA",6.8,8.3,12.7,8.1,10.8,22.1,13.6,11.2,3.4,3.2
13151,"Henry, GA",2.6,2.1,5.0,8.6,11.5,21.7,15.7,18.6,7.4,6.8
13153,"Houston, GA",4.9,3.0,8.3,8.8,10.3,17.7,14.4,19.9,7.9,4.8
13155,"Irwin, GA",11.3,6.6,12.1,10.9,15.0,21.6,11.1,8.5,1.1,1.9
13157,"Jackson, GA",3.7,3.8,6.6,7.4,10.7,18.8,14.7,18.5,9.7,6.0
13159,"Jasper, GA",6.8,4.2,7.5,11.3,16.5,19.1,12.7,13.4,4.5,4.0
13161,"Jeff Davis, GA",12.9,6.1,11.9,8.7,20.6,14.7,10.0,8.9,3.1,3.0
13163,"Jefferson, GA",10.7,5.3,14.2,10.6,14.8,17.6,7.5,15.0,2.6,1.9
13165,"Jenkins, GA",6.2,18.9,17.5,14.4,13.0,17.2,5.4,5.5,1.8,0.2
13167,"Johnson, GA",6.2,9.2,15.4,11.7,10.2,18.0,16.2,6.7,6.0,0.5
13169,"Jones, GA",5.7,4.9,9.7,10.3,11.1,16.8,13.3,20.2,4.4,3.6
13171,"Lamar, GA",6.8,5.8,10.3,9.3,13.1,17.7,14.4,13.4,5.8,3.3
13173,"Lanier, GA",15.6,5.8,13.0,16.7,12.7,11.1,11.9,9.3,2.6,1.3
13175,"Laurens, GA",11.3,8.3,13.4,8.8,15.6,15.5,9.3,11.8,2.4,3.4
13177,"Lee, GA",4.3,2.6,4.8,4.1,11.9,22.3,16.8,22.4,6.4,4.4
13179,"Liberty, GA",7.9,3.7,8.7,10.6,18.5,21.2,12.7,11.2,3.9,1.7
13181,"Lincoln, GA",6.6,9.2,11.9,11.4,18.0,15.4,9.2,10.8,5.2,2.2
13183,"Long, GA",8.1,5.3,11.7,9.0,13.3,18.1,12.0,17.2,4.2,1.2
13185,"Lowndes, GA",14.3,4.6,11.0,10.2,10.7,17.6,12.0,11.6,4.6,3.3
13187,"Lumpkin, GA",3.8,6.1,11.9,9.4,9.6,17.1,15.7,14.2,7.6,4.5
13189,"McDuffie, GA",8.1,4.1,11.9,12.4,12.7,23.3,10.1,11.6,4.3,1.5
13191,"McIntosh, GA",10.4,5.7,13.0,8.4,12.6,17.7,15.4,9.1,5.4,2.4
13193,"Macon, GA",17.7,9.6,14.7,10.4,12.1,15.8,5.9,8.9,2.1,2.6
13195,"Madison, GA",6.3,6.0,9.1,13.7,13.5,16.8,13.8,12.9,4.4,3.6
13197,"Marion, GA",7.5,5.1,15.8,9.7,12.2,26.9,6.8,9.4,3.7,2.7
13199,"Meriwether, GA",12.4,6.4,11.6,7.2,15.1,20.0,15.2,9.2,1.2,1.7
13201,"Miller, GA",6.3,9.9,17.8,7.4,6.2,22.4,8.9,15.6,3.4,2.0
13205,"Mitchell, GA",10.0,10.3,11.0,11.4,12.1,22.9,7.7,9.9,2.3,2.5
13207,"Monroe, GA",5.7,4.7,7.7,6.1,9.7,21.1,10.3,17.9,7.7,9.1
13209,"Montgomery, GA",9.4,6.4,9.4,11.2,14.4,15.1,14.6,9.5,4.8,5.3
13211,"Morgan, GA",2.7,5.4,5.5,7.6,10.3,19.9,13.4,21.7,6.9,6.7
13213,"Murray, GA",5.0,5.5,9.5,14.0,12.6,22.0,13.3,11.7,3.1,3.4
13215,"Muscogee, GA",9.6,5.1,10.6,11.1,13.2,17.8,12.4,11.6,4.4,4.2
13217,"Newton, GA",5.7,2.7,9.6,7.7,12.6,20.8,14.1,18.2,4.8,3.8
13219,"Oconee, GA",2.5,0.7,3.7,5.2,9.5,16.1,9.7,22.9,12.8,16.8
13221,"Oglethorpe, GA",7.1,4.5,10.7,9.2,12.1,18.4,13.7,14.3,5.0,5.0
13223,"Paulding, GA",3.2,1.3,4.9,5.0,10.2,20.8,15.9,23.0,9.8,5.9
13225,"Peach, GA",10.4,4.3,10.9,12.9,8.5,16.2,11.4,16.8,4.6,4.0
13227,"Pickens, GA",3.2,4.2,8.1,9.1,11.1,16.3,16.1,20.0,5.3,6.5
13229,"Pierce, GA",4.9,5.4,14.4,12.5,11.4,23.0,11.4,10.0,3.7,3.4
13231,"Pike, GA",6.5,3.3,5.0,6.7,10.2,16.6,16.1,23.0,6.3,6.4
13233,"Polk, GA",6.9,7.2,10.0,11.4,15.5,17.7,11.8,12.9,4.4,2.1
13235,"Pulaski, GA",8.7,6.3,12.5,13.7,12.1,13.6,11.1,14.7,6.3,1.0
13237,"Putnam, GA",4.1,4.8,7.3,16.2,11.2,16.2,13.3,12.8,6.9,7.1
13239,"Quitman, GA",15.4,7.3,17.2,13.1,17.9,14.3,6.0,5.0,0.7,3.1
13241,"Rabun, GA",5.9,7.4,11.9,10.9,15.6,16.1,13.3,10.1,4.3,4.6
13243,"Randolph, GA",12.2,9.8,23.2,12.9,19.2,10.7,4.2,5.7,2.1,0.0
13245,"Richmond, GA",9.3,6.1,12.4,12.1,12.7,18.6,11.9,9.8,3.8,3.3
13247,"Rockdale, GA",4.5,2.3,6.8,9.9,13.6,21.1,14.2,15.3,6.4,5.9
13249,"Schley, GA",12.6,4.6,10.1,10.4,11.4,23.7,9.7,11.9,3.9,1.8
13251,"Screven, GA",8.0,5.6,12.8,15.4,13.5,13.9,11.4,13.3,3.7,2.3
13253,"Seminole, GA",9.1,9.6,12.4,10.7,16.5,15.6,9.7,11.6,3.6,1.3
13255,"Spalding, GA",6.2,6.3,11.4,9.8,14.6,18.8,13.6,11.2,3.7,4.5
13257,"Stephens, GA",6.3,6.5,11.6,10.3,15.2,22.0,10.6,11.6,4.3,1.7
13259,"Stewart, GA",4.6,12.3,19.7,9.8,16.0,15.0,5.7,12.9,1.1,2.9
13261,"Sumter, GA",11.0,9.3,10.8,16.1,13.8,13.1,10.3,10.3,3.4,2.0
13263,"Talbot, GA",6.4,7.5,16.1,16.1,10.3,18.7,9.9,8.3,2.8,3.8
13265,"Taliaferro, GA",6.6,9.1,11.6,10.2,29.9,18.3,5.6,4.6,2.5,1.5
13267,"Tattnall, GA",8.4,6.7,9.8,10.4,14.8,20.3,11.1,11.3,3.8,3.5
13269,"Taylor, GA",17.5,7.4,12.5,12.1,14.3,12.6,8.4,10.4,1.9,2.9
13271,"Telfair, GA",8.0,12.0,12.7,11.9,12.2,15.5,14.2,7.3,3.8,2.5
13273,"Terrell, GA",12.3,6.2,10.9,15.6,11.6,16.0,12.0,12.9,0.8,1.7
13275,"Thomas, GA",5.9,6.0,9.4,13.1,13.4,15.7,13.3,13.5,5.3,4.4
13277,"Tift, GA",7.5,6.2,13.9,13.4,11.9,16.9,11.5,10.7,5.0,3.0
13279,"Toombs, GA",11.0,7.2,12.4,10.6,14.0,15.4,10.1,12.4,5.0,1.9
13281,"Towns, GA",6.1,6.3,10.3,9.9,13.8,22.5,11.8,10.5,6.0,2.9
13283,"Treutlen, GA",14.9,10.8,9.6,14.4,9.2,14.9,12.2,8.8,2.1,3.3
13285,"Troup, GA",9.5,6.3,12.1,10.2,13.4,16.3,11.3,13.4,3.2,4.3
13287,"Turner, GA",7.7,4.8,18.0,18.7,13.2,11.3,14.3,8.6,2.7,0.6
13289,"Twiggs, GA",11.7,12.5,9.9,7.9,11.6,15.1,15.7,8.7,5.1,1.8
13291,"Union, GA",5.8,4.4,14.0,9.2,13.7,18.9,12.5,11.5,3.8,6.2
13293,"Upson, GA",13.1,5.1,12.8,10.2,13.8,17.1,9.5,11.2,4.2,3.0
13295,"Walker, GA",5.5,5.6,11.1,11.6,17.8,18.2,11.8,11.8,3.4,3.3
13297,"Walton, GA",3.7,3.6,8.0,7.2,10.5,19.1,15.5,17.8,8.8,5.8
13299,"Ware, GA",11.3,8.7,10.3,13.8,15.2,17.2,10.5,8.3,2.0,2.6
13301,"Warren, GA",15.1,8.3,9.8,13.4,15.6,18.6,6.7,6.5,3.2,2.9
13303,"Washington, GA",10.2,6.4,15.6,13.5,14.1,13.4,11.8,9.7,3.7,1.7
13305,"Wayne, GA",8.0,7.2,15.8,11.3,10.6,18.1,10.1,11.0,5.8,2.0
13307,"Webster, GA",11.4,12.6,18.2,8.6,12.4,9.7,14.0,7.4,5.7,0.0
13309,"Wheeler, GA",13.7,13.8,17.2,12.3,8.3,16.7,9.7,6.4,0.4,1.5
13311,"White, GA",3.7,2.9,8.8,8.9,15.8,14.7,22.6,14.7,4.6,3.1
13313,"Whitfield, GA",4.8,3.7,10.9,12.7,16.1,18.5,13.2,12.3,3.6,4.0
13315,"Wilcox, GA",11.0,8.5,13.8,11.7,12.3,19.6,10.6,6.7,4.4,1.2
13317,"Wilkes, GA",9.1,9.8,15.2,8.3,12.6,18.7,11.1,11.6,2.1,1.7
13319,"Wilkinson, GA",12.1,10.1,16.0,12.1,11.7,15.7,9.2,8.5,2.2,2.3
13321,"Worth, GA",6.6,6.1,8.3,14.0,10.8,17.6,16.2,13.6,4.7,2.1
15001,"Hawaii, HI",7.2,3.8,7.9,8.1,10.2,16.9,13.4,17.0,7.9,7.6
15003,"Honolulu, HI",4.2,2.3,4.5,5.4,9.0,14.7,13.5,20.0,12.1,14.2
15007,"Kauai, HI",5.5,2.4,6.4,7.2,8.5,13.5,14.4,22.1,10.2,9.8
16001,"Ada, ID",4.1,2.6,6.2,6.8,10.9,19.2,14.8,18.0,7.8,9.5
16003,"Adams, ID",8.4,6.3,6.5,7.4,16.5,20.6,12.6,10.0,2.4,9.5
16005,"Bannock, ID",4.8,5.6,10.0,9.1,15.1,19.3,12.9,14.4,5.3,3.6
16007,"Bear Lake, ID",4.8,4.3,9.0,10.6,11.7,17.3,18.6,16.4,3.6,3.6
16009,"Benewah, ID",7.8,3.7,9.3,14.4,14.4,24.5,10.6,8.0,4.2,3.1
16011,"Bingham, ID",4.2,3.2,9.7,9.2,13.2,19.6,13.0,18.0,5.9,3.9
16013,"Blaine, ID",3.4,2.6,5.7,7.4,11.4,21.7,16.3,17.1,5.9,8.4
16015,"Boise, ID",4.5,2.2,6.1,13.5,13.7,20.3,12.6,18.8,5.2,3.1
16017,"Bonner, ID",4.6,4.2,10.8,10.9,15.5,18.3,12.8,12.8,4.8,5.2
16019,"Bonneville, ID",3.9,2.8,9.1,8.0,13.5,20.2,14.4,15.4,6.5,6.2
16021,"Boundary, ID",8.4,3.4,10.9,13.2,12.8,17.5,15.8,11.1,2.7,4.2
16023,"Butte, ID",5.1,10.0,13.0,16.6,12.6,15.8,10.8,11.2,3.3,1.7
16025,"Camas, ID",1.2,7.2,4.8,23.6,20.6,12.2,8.7,10.1,2.1,9.6
16027,"Canyon, ID",3.6,3.6,8.6,9.0,14.2,22.7,14.6,15.9,4.3,3.4
16029,"Caribou, ID",2.2,2.0,10.0,10.9,11.5,22.4,12.9,21.7,4.9,1.5
16031,"Cassia, ID",4.5,4.4,9.2,7.9,15.4,22.2,14.5,13.6,4.2,4.1
16033,"Clark, ID",1.1,1.4,9.6,23.4,19.1,29.4,7.4,6.0,2.5,0.0
16035,"Clearwater, ID",6.7,6.3,10.7,12.1,13.2,21.5,13.6,11.1,2.4,2.4
16037,"Custer, ID",3.3,13.2,15.1,11.1,9.8,24.0,10.1,10.0,2.3,1.0
16039,"Elmore, ID",6.2,3.5,9.1,16.7,16.5,19.7,12.2,10.4,3.9,1.8
16041,"Franklin, ID",4.9,6.3,6.4,4.9,20.4,20.3,11.1,14.9,8.2,2.7
16043,"Fremont (includes Yellowstone Park), ID",3.3,3.8,10.5,8.2,13.5,24.6,11.5,18.8,4.4,1.3
16045,"Gem, ID",4.6,5.4,10.0,7.6,12.6,24.5,11.6,13.4,5.6,4.6
16047,"Gooding, ID",2.1,4.6,12.3,13.5,14.1,21.3,13.4,10.3,5.3,2.9
16049,"Idaho, ID",5.0,8.8,10.8,13.9,13.9,18.5,11.9,11.7,2.9,2.6
16051,"Jefferson, ID",4.1,1.1,5.4,8.3,11.3,24.4,16.5,18.7,4.5,5.5
16053,"Jerome, ID",3.2,4.7,8.1,10.1,14.5,23.2,15.0,12.4,4.2,4.5
16055,"Kootenai, ID",3.9,2.9,7.3,9.3,13.3,21.3,13.0,18.0,6.7,4.4
16057,"Latah, ID",8.0,4.4,8.1,10.1,13.1,20.3,13.1,12.2,4.7,6.0
16059,"Lemhi, ID",8.7,6.1,16.9,7.0,17.4,17.0,11.2,9.8,3.0,2.7
16061,"Lewis, ID",6.0,7.1,13.0,13.0,15.9,20.4,12.3,7.8,2.6,1.9
16063,"Lincoln, ID",6.2,4.1,7.7,11.8,13.1,27.9,10.6,11.5,5.1,2.1
16065,"Madison, ID",4.9,6.0,12.4,11.4,11.7,20.3,9.4,16.0,3.6,4.5
16067,"Minidoka, ID",3.7,9.2,9.5,10.1,12.2,23.7,9.7,14.8,3.8,3.3
16069,"Nez Perce, ID",5.5,5.6,9.5,9.7,12.4,14.5,15.6,15.4,7.5,4.3
16071,"Oneida, ID",5.3,4.3,8.0,6.6,20.8,18.3,20.4,7.8,6.0,2.6
16073,"Owyhee, ID",3.6,4.5,11.0,12.8,13.9,22.6,12.9,13.0,2.3,3.4
16075,"Payette, ID",3.3,3.4,8.0,10.1,18.5,20.8,12.1,16.5,3.0,4.4
16077,"Power, ID",3.2,1.7,4.7,17.6,20.1,17.8,15.1,14.5,4.9,0.4
16079,"Shoshone, ID",4.9,6.5,15.9,14.0,15.1,20.1,10.4,7.6,3.3,2.2
16081,"Teton, ID",1.8,5.3,6.7,7.8,7.7,19.8,12.1,20.9,14.1,3.8
16083,"Twin Falls, ID",3.1,5.3,9.5,10.5,14.2,21.2,13.1,14.2,4.6,4.3
16085,"Valley, ID",3.7,6.4,9.3,11.4,8.7,17.4,12.8,16.8,9.3,4.1
16087,"Washington, ID",8.9,5.6,12.8,13.0,15.4,21.5,8.1,10.3,2.5,2.0
17001,"Adams, IL",5.1,3.4,10.0,9.7,14.3,19.2,14.5,14.6,5.2,4.1
17003,"Alexander, IL",9.8,8.5,15.3,12.7,16.7,17.2,9.1,7.3,1.6,1.6
17005,"Bond, IL",8.3,4.3,9.8,8.5,15.4,18.4,13.1,14.2,5.1,2.9
17007,"Boone, IL",3.6,3.0,6.6,8.8,11.0,17.7,13.7,19.1,8.6,7.9
17009,"Brown, IL",2.3,7.1,10.8,5.5,17.9,20.5,13.6,17.7,2.9,1.8
17011,"Bureau, IL",4.3,4.4,9.8,9.1,14.8,18.4,13.9,16.3,5.0,4.0
17013,"Calhoun, IL",2.8,5.9,8.5,5.7,10.7,16.7,10.7,26.7,5.7,6.8
17015,"Carroll, IL",4.6,3.7,9.1,14.0,13.7,20.4,11.2,16.4,4.6,2.4
17017,"Cass, IL",6.2,3.6,11.1,8.9,12.8,22.8,14.7,13.7,4.4,1.9
17019,"Champaign, IL",11.9,3.9,8.1,8.6,12.3,15.9,11.3,14.6,6.5,6.9
17021,"Christian, IL",6.0,5.3,11.0,10.5,13.9,20.1,12.8,12.4,5.5,2.5
17023,"Clark, IL",2.5,5.1,9.0,6.7,15.3,17.5,16.2,19.8,4.4,3.5
17025,"Clay, IL",3.9,5.7,12.0,9.0,14.5,21.8,12.8,12.6,3.9,4.0
17027,"Clinton, IL",3.5,3.5,5.9,8.5,10.7,19.7,15.7,18.9,7.9,5.9
17029,"Coles, IL",8.6,6.6,10.4,10.9,14.5,18.3,11.1,12.2,4.4,3.0
17031,"Cook, IL",6.8,3.7,7.6,7.7,10.3,15.5,12.4,16.1,8.5,11.4
17033,"Crawford, IL",6.5,5.3,9.7,9.0,13.3,20.2,11.6,14.7,5.8,4.0
17035,"Cumberland, IL",2.8,3.2,8.1,11.0,12.1,18.3,18.6,16.6,6.7,2.6
17037,"DeKalb, IL",7.7,3.6,8.2,9.1,10.8,18.9,12.5,15.9,8.0,5.0
17039,"De Witt, IL",4.8,5.9,6.9,12.1,13.2,17.2,14.6,17.9,3.3,4.1
17041,"Douglas, IL",4.6,3.4,11.7,7.7,11.6,19.2,13.9,19.1,4.4,4.3
17043,"DuPage, IL",3.2,1.8,4.3,5.0,8.1,14.6,12.8,20.4,12.3,17.3
17045,"Edgar, IL",6.5,6.2,8.2,11.1,17.7,17.1,15.0,13.0,3.2,2.0
17047,"Edwards, IL",4.6,5.0,11.0,9.9,14.3,19.2,15.1,15.9,4.1,1.1
17049,"Effingham, IL",3.5,3.5,9.8,8.1,11.9,19.8,14.0,17.4,6.0,6.0
17051,"Fayette, IL",6.8,6.4,12.7,11.4,15.0,17.9,10.0,13.9,3.7,2.2
17053,"Ford, IL",6.9,4.4,10.2,10.0,15.7,14.1,15.1,14.9,3.9,4.9
17055,"Franklin, IL",8.1,8.0,12.5,8.8,14.7,18.3,11.8,11.8,4.3,1.7
17057,"Fulton, IL",5.1,4.7,9.0,12.8,14.9,18.4,13.3,14.0,4.3,3.5
17059,"Gallatin, IL",9.9,6.8,9.8,8.4,13.5,19.8,10.4,11.7,4.8,4.7
17061,"Greene, IL",5.3,5.0,11.6,9.8,12.9,19.6,11.5,16.0,3.4,4.8
