GeoFIPS,GeoName,agri_forestry_mining,construction,manufacturing,wholesale_trade,retail_trade,transport_utilities,information,finance_real_estate,prof_sci_mgmt_admin,education_health,arts_entertainment,other_services,public_admin
1001,"Autauga, AL",0.0077306636774767,0.0718178655637586,0.1208689265973483,0.0302655482973213,0.1175833945344207,0.0445672761006532,0.0120211820184762,0.0608403231417417,0.0964400293765219,0.2016157087085926,0.0974836689729813,0.0474276216613196,0.0913377913493873
1003,"Baldwin, AL",0.0175055333582454,0.0868665382735922,0.0946563568944206,0.0216064464821255,0.1434073988904538,0.0465089539797062,0.0136441595523489,0.0713348088955321,0.1150363620684699,0.1889294508800674,0.1025898991060392,0.0465760249887416,0.0513380666302566
1005,"Barbour, AL",0.0547833197056418,0.0459058521200794,0.2541759140287349,0.0122649223221586,0.0953159677607756,0.0636607872912043,0.0058404392010279,0.0387805162948253,0.0559514075458474,0.1824553206401121,0.0815325312463497,0.0379628548066814,0.0713701670365611
1007,"Bibb, AL",0.0363614252705825,0.1162592727714945,0.1348656208196522,0.0308889699623008,0.1155296120637237,0.05630548461632,0.0172686367505776,0.0606834488629454,0.0625076006323726,0.2123312659613279,0.0349021038550407,0.069439377356196,0.0526571810774656
1009,"Blount, AL",0.0182725622834515,0.0952400593961392,0.1703514271572347,0.036833855799373,0.1220095693779904,0.0755650882692625,0.0083732057416267,0.0445883517571357,0.0833608315459495,0.2132486388384755,0.0464032337898036,0.0519716218445801,0.033781554198977
1011,"Bullock, AL",0.0440020953378732,0.0479308538501833,0.4264012572027239,0.0047145102147721,0.0618124672603457,0.0277632268203247,0.0154531168150864,0.0235725510738606,0.0217391304347826,0.1325301204819277,0.074384494499738,0.0303823991618648,0.0893137768465165
1013,"Butler, AL",0.0245804149596934,0.0438747191753667,0.2479185938945421,0.0204836791330778,0.0972644376899696,0.0488965243821858,0.0112329853310426,0.0426853442579622,0.0609224263248315,0.1791991542222809,0.1044006871943967,0.0547112462006079,0.0638297872340425
1015,"Calhoun, AL",0.0096183237218022,0.0521875573125751,0.180791881482689,0.0248812992888146,0.128196768080207,0.0446273918448026,0.013816151447843,0.0370468485725348,0.0700792696594868,0.2316752593075622,0.0915167199885884,0.0439956799054469,0.0715668493876469
1017,"Chambers, AL",0.0226773484946375,0.0472929319033466,0.3070810182194082,0.0176379377180514,0.0814704742214756,0.0474867553947538,0.0155704871430417,0.0333376405220312,0.0775940043933324,0.1974415299134255,0.0774647887323943,0.0399922470603437,0.0349528362837575
1019,"Cherokee, AL",0.0341025117418827,0.0983255054114764,0.2059424137226873,0.01439656932816,0.1043496017970185,0.0686134367980396,0.0033694098427608,0.032162548499081,0.0279763120277721,0.2383091688789054,0.0673881968552174,0.0487032877271799,0.0563610373698182
1021,"Chilton, AL",0.0188807235726399,0.161503674392312,0.1460146975692481,0.0347088750706613,0.1318824194460147,0.0531373657433578,0.0050310910118711,0.0674392312040701,0.0448275862068965,0.171791972866026,0.0565291124929338,0.0605992085924251,0.0476540418315432
1023,"Choctaw, AL",0.0927021696252465,0.0948937102783256,0.1661187815033969,0.0179706333552487,0.1402586017970633,0.0613631382862152,0.0087661626123164,0.0412009642778873,0.0473372781065088,0.205347359193513,0.059171597633136,0.0324348016655708,0.0324348016655708
1025,"Clarke, AL",0.0375267598539226,0.0962095453973051,0.1478403223775343,0.0139780884019644,0.1417957436091172,0.0803425261302103,0.0064223649414431,0.0700163707341644,0.0376526885782647,0.2129454728623599,0.0557864248835159,0.06787558242035,0.0316081098098476
1027,"Clay, AL",0.0246640898214614,0.0872446162341247,0.2753543162157187,0.0130682863979385,0.1205595435302779,0.0605558623228418,0.0069942941284741,0.0397570403092214,0.0502484815019326,0.2026504693539481,0.0303699613473219,0.0320265046935394,0.0565065341431989
1029,"Cleburne, AL",0.0244452149791955,0.1338418862690707,0.210124826629681,0.0417822468793342,0.0925797503467406,0.0391816920943134,0.004507628294036,0.0409153952843273,0.0653606102635228,0.1733703190013869,0.0631067961165048,0.0518377253814147,0.0589459084604715
1031,"Coffee, AL",0.0327436087439792,0.0481659874027417,0.0993423490181548,0.0243608743979251,0.1102723230826231,0.1099018154872174,0.0101426454242311,0.0394127454612819,0.0769729529455353,0.2215172286031863,0.0815116709892552,0.0516394961096702,0.0940163023341978
1033,"Colbert, AL",0.0175550845763186,0.0865357699844043,0.1922661654736673,0.0237133602591274,0.1101291638341264,0.0636221857879793,0.0139560922941576,0.0358299676090694,0.0660615027792218,0.2079417763026352,0.0736993641780301,0.0653816931259247,0.0433078737953373
1035,"Conecuh, AL",0.0285643930066486,0.0536813592711154,0.2610194533366166,0.0110810145284412,0.1253385865550357,0.0507264220635311,0.0086185668554543,0.0765821226298941,0.0408766313715833,0.1780349667569564,0.061314947057375,0.035459246491012,0.0687022900763358
1037,"Coosa, AL",0.0305232558139534,0.0903585271317829,0.2388565891472868,0.0225290697674418,0.1383236434108527,0.0540213178294573,0.0016957364341085,0.0288275193798449,0.0264050387596899,0.1838662790697674,0.0632267441860465,0.0734011627906976,0.0479651162790697
1039,"Covington, AL",0.0569121831778174,0.068956389385216,0.1438025279597644,0.027198729402422,0.1022433988485209,0.0865594599960293,0.0113162596783799,0.0362649725365627,0.0732578916021441,0.2187148434914962,0.0630666401958837,0.0489047713586129,0.0628019323671497
1041,"Crenshaw, AL",0.0461244019138755,0.0633492822966507,0.2267942583732057,0.0229665071770334,0.1236363636363636,0.077511961722488,0.0116746411483253,0.0413397129186602,0.0838277511961722,0.1783732057416268,0.0357894736842105,0.0357894736842105,0.052822966507177
1043,"Cullman, AL",0.0219121956279335,0.1034670539117807,0.1567824080076757,0.0217047428882607,0.1409122734227109,0.057231024557218,0.004745481420014,0.0456655343204626,0.0792469465549879,0.2075823976350387,0.077328008713015,0.0443170915125897,0.0391048414283121
1045,"Dale, AL",0.0218198434911749,0.0702576112412178,0.1059576169532187,0.0171931227508996,0.1428000228480036,0.1074427371908379,0.0035985605757696,0.0355857656937225,0.0674016107842577,0.1961501113840178,0.1084708973553435,0.049066087850574,0.0742560118809619
1047,"Dallas, AL",0.0138973217297443,0.0467516697024893,0.2429332793631518,0.0197665789651217,0.1113809620184847,0.0473588342440801,0.0166632935303244,0.0534979423868312,0.0821696012952843,0.215745800445254,0.0518113742157458,0.0521486878499629,0.0458746542535249
1049,"DeKalb, AL",0.0280358216935106,0.0839069705273006,0.2631491011160863,0.0169083739891732,0.0924614047985029,0.0749849629085076,0.0222883111675466,0.0435741495689367,0.0531978881240393,0.1787408942057074,0.0545345184789146,0.060749849629085,0.0274677537926886
1051,"Elmore, AL",0.0127743029789038,0.0692250609562175,0.1091911374960245,0.0231633626629916,0.1268684405809392,0.0575903742181702,0.007473762323757,0.0535354606169829,0.0821583801547757,0.2188593236510124,0.0874324181066468,0.0451341036785752,0.1065938725750026
1053,"Escambia, AL",0.0290078691559944,0.065962042894615,0.153602839068045,0.0202129301033791,0.1542200277734917,0.0425088720876407,0.0082548989353494,0.0247646968060484,0.0476006789075759,0.1903255670421231,0.1131769788612868,0.0690479864218484,0.0813146119426014
1055,"Etowah, AL",0.006115717623345,0.0706170690366026,0.1749965642035824,0.0185991112739933,0.1388977965092308,0.0456502817353062,0.0102157680150258,0.0308992624490356,0.05799624352925,0.2435979660085207,0.0965000687159283,0.0581565806954052,0.0477575702047734
1057,"Fayette, AL",0.0181153662799936,0.0448116955347211,0.2594946766248212,0.0238360082631495,0.1460352772922294,0.0632448752582234,0.0212935007150802,0.0224058477673605,0.0411568409343715,0.2291434927697441,0.0587954870491021,0.0456062291434927,0.0260607023677101
1059,"Franklin, AL",0.0209339774557165,0.0973851698489379,0.3311862587224906,0.025381489149605,0.0858063031976075,0.0515297906602254,0.0108120542903151,0.0345065562456866,0.0647956445057894,0.1663216011042098,0.0489226286327735,0.0371137182731385,0.0253048079135035
1061,"Geneva, AL",0.037863614687649,0.0807820696232713,0.1337148307105388,0.0497854077253218,0.1236051502145922,0.0843109203624225,0.0108726752503576,0.0328087744396757,0.0665712923223652,0.2313781592751549,0.0609442060085836,0.0446351931330472,0.0427277062470195
1063,"Greene, AL",0.027651858567543,0.1251133272892112,0.241613780598368,0.0004533091568449,0.0743427017225748,0.0330915684496826,0.0045330915684496,0.0843155031731641,0.0761559383499546,0.1523118766999093,0.0471441523118767,0.0122393472348141,0.1210335448776065
1065,"Hale, AL",0.0333886736764434,0.0402139826600258,0.1984873639549898,0.0108836008116583,0.1449916989485334,0.0431654676258992,0.0005534034311012,0.0130972145360634,0.0470392916436081,0.282051282051282,0.0999815532189632,0.0544180040582918,0.0317284633831396
1067,"Henry, AL",0.0395496129486277,0.0464461646727656,0.1235749472202674,0.0278676988036593,0.1272343420126671,0.0781140042223786,0.0083040112596762,0.0291344123856439,0.0817733990147783,0.2520760028149191,0.0616467276565798,0.0827586206896551,0.0415200562983814
1069,"Houston, AL",0.0107271881025731,0.0632549480263303,0.0903167180123672,0.0351071610629668,0.1391431547685011,0.0855958687027638,0.0092643897249495,0.0367029411112834,0.0812739644052394,0.2432899665329462,0.0978523460183071,0.0552982113965291,0.0521731421352423
1071,"Jackson, AL",0.0123008671103044,0.0791994353700342,0.2605363984674329,0.0208711433756805,0.0958862673926194,0.0489514014922363,0.0120488001613228,0.0314579552329098,0.0762754587618471,0.200796531558782,0.0751663641863278,0.0490018148820326,0.0375075620084694
1073,"Jefferson, AL",0.0055314438561694,0.0521591783338797,0.0934145304278104,0.0283259266953842,0.1067789402610555,0.0580217297448199,0.0205513914632681,0.0880031942140577,0.1089765855020337,0.258582015665932,0.0862665026277604,0.0495038255907186,0.0438847356171098
1075,"Lamar, AL",0.0292628024760832,0.0437066216469705,0.294691427499531,0.0345151003564059,0.1131119864940911,0.0234477583942975,0.0165072219095854,0.0427687113111986,0.057775276683549,0.1988369911836428,0.0165072219095854,0.0643406490339523,0.0645282311011067
1077,"Lauderdale, AL",0.0084323860794168,0.0704604463924156,0.1402301040947095,0.0253686191372287,0.1569043138562683,0.0552392749100783,0.0114813844358162,0.0426145160906124,0.0705795478907124,0.2178128200852766,0.1059288725852171,0.046973630928277,0.0479740835139706
1079,"Lawrence, AL",0.0127950584601808,0.081991322891389,0.2250900801529524,0.0358114567247591,0.1394220163247297,0.0647841753070078,0.0052209721303036,0.0347819692624457,0.0581660416207074,0.2227369659533789,0.0461063313478932,0.0437532171483197,0.029340392675932
1081,"Lee, AL",0.0055948285638679,0.0562003049433586,0.1193059388349147,0.0137224511397573,0.1146687836288259,0.0459053163472321,0.013168008669464,0.0618077344724605,0.0932345417658992,0.3078667825955468,0.0904623294144331,0.0414571756196524,0.0366058040045867
1083,"Limestone, AL",0.0183050404236309,0.0847043953888731,0.1824620279369783,0.0179999564165704,0.1133169169081915,0.0428425112772124,0.0093050622153457,0.0377214583015537,0.1211619342326047,0.1950358473708296,0.0694937784654274,0.0427771361328422,0.0648739349299396
1085,"Lowndes, AL",0.0494941208640962,0.0516817063166529,0.2420016406890894,0.0360951599671862,0.1096527208094066,0.0839485917418649,0.0008203445447087,0.0196882690730106,0.0883237626469784,0.1602406343997812,0.0751982499316379,0.0300792999726551,0.0527754990429313
1087,"Macon, AL",0.0179584120982986,0.037402106400216,0.1248987307588441,0.0039157439913583,0.0806103159600324,0.0496894409937888,0.0045908722657304,0.0337564137186065,0.1126113961652714,0.307993518768566,0.1231433972454766,0.036456926816095,0.0669727248177153
1089,"Madison, AL",0.0050809544098849,0.0542021729867916,0.1199776310183212,0.0141297400937366,0.1106518960374946,0.0391031103536429,0.0165743502343417,0.0392202812100553,0.1917021729867916,0.2069876438005965,0.0770664678312739,0.0361259054111631,0.0891776736259054
1091,"Marengo, AL",0.0319858445624064,0.073907717435688,0.1807540492718116,0.010344358241459,0.1192323397305022,0.0552606506056893,0.0081665986116782,0.0235470259970055,0.0470940519940111,0.2705866340002722,0.0547162106982441,0.0445079624336463,0.0798965564175854
1093,"Marion, AL",0.0207249466950959,0.0892110874200426,0.2066524520255863,0.0245628997867803,0.0987633262260127,0.077185501066098,0.0070788912579957,0.0603837953091684,0.0504904051172707,0.2345415778251599,0.0443496801705756,0.0469083155650319,0.0391471215351812
1095,"Marshall, AL",0.0171560132692974,0.0856810417388721,0.2090409466752488,0.031341288310145,0.1158340347576372,0.0545130464920532,0.019260286181116,0.0400802099321681,0.0919195920186166,0.189458830519384,0.0601079368223003,0.0433975342872703,0.0422092389958904
1097,"Mobile, AL",0.0123065744808873,0.0758489152276829,0.1217260992473008,0.0253113540637807,0.1133703438802039,0.0628838708944972,0.0163709228795567,0.057383377042108,0.0941157771647196,0.2316110940817183,0.0936503070967156,0.0542499687794466,0.0411713951613818
1099,"Monroe, AL",0.0441266912669126,0.0556580565805658,0.1932656826568265,0.018450184501845,0.1554428044280442,0.0522755227552275,0.0058425584255842,0.0350553505535055,0.0564268142681426,0.2317035670356703,0.0545817958179581,0.0338253382533825,0.0633456334563345
1101,"Montgomery, AL",0.00426144949729,0.0442868368559972,0.1198142290100945,0.0204710765449013,0.1079869436440934,0.0541798472728738,0.013096653301364,0.0507344200197457,0.1149382442425097,0.2295037375833652,0.0904475025689589,0.0471681005822973,0.1031109588765086
1103,"Morgan, AL",0.0129529339512031,0.083617144026948,0.2126067779576796,0.0254592150075372,0.1175255429624253,0.0430275622057208,0.0133995868460722,0.0341317253829118,0.0939646027580816,0.1817318965998548,0.0882511678112147,0.0538961159808683,0.039435728509482
1105,"Perry, AL",0.0241308793456032,0.0470347648261758,0.1533742331288343,0.0192229038854805,0.0907975460122699,0.0830265848670756,0.0171779141104294,0.0,0.1124744376278118,0.2466257668711656,0.174642126789366,0.0118609406952965,0.0196319018404908
1107,"Pickens, AL",0.0203016241299303,0.1002030162412993,0.208961716937355,0.0160962877030162,0.1065835266821345,0.0858468677494199,0.0063805104408352,0.0279872389791183,0.0514791183294663,0.2295533642691415,0.0498839907192575,0.0369779582366589,0.0597447795823665
1109,"Pike, AL",0.0132430841671571,0.0478958210712183,0.1525897586815774,0.022218952324897,0.1517068864037669,0.0822542672160094,0.0135373749264273,0.0360506180105944,0.0777663331371394,0.2357268981753973,0.0751912889935256,0.0281783402001177,0.0636403766921718
1111,"Randolph, AL",0.0387931034482758,0.0749521072796934,0.2376676245210728,0.01352969348659,0.122485632183908,0.0665708812260536,0.0122126436781609,0.0498084291187739,0.0404693486590038,0.2060584291187739,0.0579501915708812,0.0416666666666666,0.0378352490421455
1113,"Russell, AL",0.0165987824639775,0.0663513335961109,0.1447904348968598,0.014102395655411,0.1418998817500985,0.062979021591556,0.0124819340428327,0.0667017036745062,0.0889064073928086,0.1896816011912582,0.0815048394867078,0.0385407086234835,0.0754609556343888
1115,"St. Clair, AL",0.003602792163927,0.1054817483549751,0.1400085065926092,0.0426830793865245,0.0911456378693487,0.0613225249568415,0.0136355675648627,0.0635992894493232,0.0922715104205759,0.2128649703520228,0.0697290400060046,0.0553929295203782,0.048262403362606
1117,"Shelby, AL",0.0080403453041152,0.0713131965756743,0.0797842746639387,0.0385326369819989,0.1080421400240492,0.0606794809669951,0.0157755882194583,0.1095497047685708,0.1125558606579443,0.2168201152210197,0.0829878497460471,0.0560939715357418,0.039824835334446
1119,"Sumter, AL",0.0276508226691042,0.0575868372943327,0.1334552102376599,0.0130255941499085,0.1350548446069469,0.0404478976234003,0.0139396709323583,0.0207952468007312,0.0287934186471663,0.3069012797074954,0.1220292504570383,0.0457038391224862,0.0546160877513711
1121,"Talladega, AL",0.017538432985864,0.0644313155371338,0.1976862878530112,0.0199201954901172,0.1192118531349562,0.0684834049924216,0.0113211048903461,0.0359120294472455,0.063101240372421,0.2164001361007145,0.0792477342324229,0.0472331343375916,0.0595131306257539
1123,"Tallapoosa, AL",0.0116168950059978,0.0859271418650167,0.2262769114211756,0.0297998611023423,0.1091609318770124,0.0532230570111749,0.0065660710903466,0.0430582738809268,0.0600416692973041,0.2109981690763305,0.0687543405518025,0.0520234863312077,0.0425531914893617
1125,"Tuscaloosa, AL",0.0127667628826953,0.071840249846212,0.1482610135806558,0.0213883499739743,0.1093550371456963,0.0429565135096768,0.010135806558463,0.0448492878436568,0.0797425826905787,0.2864051483461884,0.0930582501301282,0.0478114796763355,0.0314295178157384
1127,"Walker, AL",0.0507524690390343,0.0686236087160997,0.1312509797773945,0.0168913622824894,0.146104405079166,0.0712102210377802,0.0126587239379213,0.0404844019438783,0.0667032450227308,0.1963473898730208,0.0939802476877253,0.0608637717510581,0.0441291738517008
1129,"Washington, AL",0.0409312805107022,0.0886218550506947,0.2183627487795719,0.0133308298911002,0.1012016522718738,0.0955689072474652,0.0015020653398422,0.0337964701464513,0.0788584303417198,0.1873826511453248,0.0426211040180247,0.0458129928651896,0.052009012392039
1131,"Wilcox, AL",0.0802943058221369,0.0748560460652591,0.2133717210492642,0.0047984644913627,0.1074856046065259,0.0697376839411388,0.0031989763275751,0.0095969289827255,0.0335892514395393,0.2018554062699936,0.0617402431222008,0.0559820857325655,0.083493282149712
1133,"Winston, AL",0.0200356655827126,0.0858071960558061,0.2157767754117276,0.0180425889017098,0.1422427357599916,0.1138151683625301,0.0138466379943354,0.0461554599811182,0.0463652575264869,0.1653204657505507,0.0537081716143921,0.045526067345012,0.0333578097136263
2013,"Aleutians East Borough, AK",0.0976050610031631,0.0103931314957071,0.4731134206958879,0.0,0.0311793944871215,0.0456394035246272,0.0045187528242205,0.0185268865793041,0.0216900135562584,0.097153185720741,0.0361500225937641,0.0108450067781292,0.1531857207410754
2016,"Aleutians West Census Area, AK",0.0128590971272229,0.055266757865937,0.2952120383036936,0.0128590971272229,0.160875512995896,0.1688098495212038,0.0090287277701778,0.0095759233926128,0.0303693570451436,0.0632010943912448,0.0601915184678522,0.013406292749658,0.108344733242134
2020,"Anchorage Municipality, AK",0.0245162450379673,0.0532234194110568,0.0245300764879182,0.0197789734297846,0.1087705224138646,0.0997800799457807,0.0187001203336145,0.0477392495055256,0.1099323642097401,0.238122242354666,0.1056791933498388,0.0492122989252963,0.1000152145949459
2050,"Bethel Census Area, AK",0.0229315153393244,0.0303687635574837,0.0156492097923768,0.0029439107530213,0.096529284164859,0.1059807871087697,0.0103811589711806,0.0195227765726681,0.0632166098543538,0.3066315463278587,0.0486519987604586,0.0325379609544468,0.244654477843198
2060,"Bristol Bay Borough, AK",0.0248306997742663,0.0428893905191873,0.0744920993227991,0.0045146726862302,0.0609480812641083,0.164785553047404,0.0383747178329571,0.0316027088036117,0.0383747178329571,0.1918735891647855,0.1196388261851015,0.0338600451467268,0.1738148984198645
2068,"Denali Borough, AK",0.0629555997349237,0.0497017892644135,0.0397614314115308,0.0079522862823061,0.0861497680583167,0.3167660702451955,0.0019880715705765,0.0066269052352551,0.0205434062292909,0.0589794565937707,0.272365805168986,0.0152418820410868,0.0609675281643472
2070,"Dillingham Census Area, AK",0.0863270777479892,0.0300268096514745,0.002680965147453,0.0037533512064343,0.1195710455764075,0.0798927613941018,0.0042895442359249,0.0160857908847185,0.0364611260053619,0.3908847184986595,0.0246648793565683,0.0439678284182305,0.1613941018766756
2090,"Fairbanks North Star Borough, AK",0.0414213774026526,0.081802491902499,0.0188902286214152,0.0148473887036905,0.1015674870558195,0.0817079225476984,0.0241861124902475,0.0430054140955623,0.0716362862614369,0.2744402676312741,0.0996524576211078,0.0443057427240702,0.1025368229425254
2100,"Haines Borough, AK",0.0215419501133786,0.1780045351473922,0.0419501133786848,0.0079365079365079,0.0963718820861678,0.0498866213151927,0.0657596371882086,0.0226757369614512,0.010204081632653,0.173469387755102,0.1678004535147392,0.0634920634920634,0.100907029478458
2110,"Juneau City and Borough, AK",0.0511926605504587,0.070091743119266,0.0315596330275229,0.009480122324159,0.0666666666666666,0.07565749235474,0.0214678899082568,0.0331498470948012,0.0629969418960244,0.221223241590214,0.0815290519877675,0.0303975535168195,0.2445871559633027
2122,"Kenai Peninsula Borough, AK",0.0814052433242838,0.0842011426719072,0.0365898132015073,0.0115888001944973,0.1036508772640706,0.0662911787349568,0.017626321974148,0.03691397544471,0.0610235422829125,0.2645163904534219,0.0939665302483893,0.0513797155476315,0.0908464686575631
2130,"Ketchikan Gateway Borough, AK*",0.0418098510882016,0.0605670103092783,0.0504009163802978,0.0144616265750286,0.1121134020618556,0.1122565864833906,0.0156071019473081,0.0491122565864833,0.0693012600229095,0.2352520045819014,0.0979381443298969,0.0307846506300114,0.1103951890034364
2150,"Kodiak Island Borough, AK",0.0697412823397075,0.0430660453157641,0.2090631528201832,0.0223364936525791,0.0848465370400128,0.0768118270930419,0.0043387433713642,0.0056242969628796,0.0848465370400128,0.1902619315442712,0.0674915635545556,0.0358348063634902,0.1057367829021372
2164,"Lake and Peninsula Borough, AK",0.05720823798627,0.0183066361556064,0.0366132723112128,0.0,0.0320366132723112,0.091533180778032,0.0,0.0022883295194508,0.022883295194508,0.3684210526315789,0.0594965675057208,0.0091533180778032,0.3020594965675057
2170,"Matanuska-Susitna Borough, AK",0.0498399122316011,0.1271970087096701,0.0268678772138011,0.0211808432035465,0.1120614378792289,0.0769092985245057,0.0190761928217988,0.0375254685086089,0.0757674137429191,0.2386539193515885,0.0716252826724581,0.0492129950966124,0.0940823500436603
2180,"Nome Census Area, AK",0.0161954433159483,0.0293713972001098,0.0142739500411748,0.0041174855888004,0.0815262146582486,0.1136426022508921,0.0134504529234147,0.0139994510019214,0.0230579192972824,0.4106505627230304,0.0441943453197913,0.0430963491627779,0.1924238265166072
2185,"North Slope Borough, AK",0.1829374024622854,0.0511531125368475,0.0749089647997225,0.0041616091555401,0.0535807178775793,0.1271024796254551,0.0029478064851742,0.0400554881220738,0.0870469915033813,0.1798161955956303,0.0469915033813074,0.011791225940697,0.1375065025143055
2188,"Northwest Arctic Borough, AK",0.0664893617021276,0.0417933130699088,0.0068389057750759,0.0041793313069908,0.077127659574468,0.1132218844984802,0.0079787234042553,0.0144376899696048,0.0349544072948328,0.3879179331306991,0.0345744680851063,0.0387537993920972,0.1717325227963526
2220,"Sitka City and Borough, AK",0.0752908966461327,0.0522473191877709,0.0611453342459502,0.0086698608259183,0.1213780515628564,0.0707278120009126,0.0127766370066164,0.0305726671229751,0.0465434633812457,0.2959160392425279,0.0851015286333561,0.0408396075747205,0.0987907825690166
2240,"Southeast Fairbanks Census Area, AK",0.1286099345398536,0.0770119368502117,0.0423565652676164,0.0,0.09819021948402,0.0735463996919522,0.0088563727377743,0.039276087793608,0.072391220639199,0.2148633038120908,0.0442818636888717,0.0308047747400847,0.1698113207547169
2290,"Yukon-Koyukuk Census Area, AK",0.0524490680537494,0.0485478977026441,0.0541829215431296,0.0030342436064152,0.0901603814477676,0.1235370611183355,0.0095361941915908,0.0069354139575205,0.0251408755960121,0.2609449501517122,0.0342436064152579,0.047680970957954,0.2436064152579107
4001,"Apache, AZ",0.0268336314847942,0.0907312164579606,0.0208519677996422,0.0030187835420393,0.0857558139534883,0.0770348837209302,0.0128018783542039,0.0282312164579606,0.0356663685152057,0.4112254025044722,0.0838550983899821,0.0160442754919499,0.1079494633273703
4003,"Cochise, AZ",0.0305014336351116,0.0649086763145418,0.0399611676788657,0.0097532341453502,0.108730499175942,0.0521527103605535,0.0146072742871334,0.0405707448129501,0.1306752760029801,0.2103041112591154,0.0893369155397015,0.0414060912559546,0.1670918655317996
4005,"Coconino, AZ",0.0125620670175125,0.0629441322510629,0.0783456724050783,0.0108078375405108,0.1183064252371183,0.0432164838105432,0.0091576725240091,0.033999345880534,0.0778104837510778,0.2839027145957839,0.1752445514821752,0.0350994558915351,0.0586031576130586
4007,"Gila, AZ",0.0857507172457762,0.0830411220911699,0.0368717458293486,0.0153012432260121,0.110243332270747,0.0482414196153437,0.0109977685686962,0.0434597811072149,0.062851981723515,0.2580490914886834,0.1355860163638295,0.0318775900541919,0.0777281904154712
4009,"Graham, AZ",0.1149271483794231,0.1034046981861433,0.0401427297056199,0.0204430567945286,0.1323223312518584,0.0426702349093071,0.0068391317276241,0.0386559619387451,0.0609574784418673,0.2239815640796907,0.1059322033898305,0.0501784121320249,0.0595450490633363
4011,"Greenlee, AZ",0.3728080711025702,0.0754263752101849,0.0321883257266394,0.0045640163343742,0.0807110257026183,0.0132116262310833,0.0,0.034110016814797,0.0727840499639683,0.1695892385299063,0.0638962286812395,0.0473216430458803,0.0333893826567379
4012,"La Paz, AZ",0.100076103500761,0.0770547945205479,0.0367199391171993,0.0251141552511415,0.1227168949771689,0.0572678843226788,0.0081811263318112,0.0397640791476407,0.0555555555555555,0.1643835616438356,0.1632420091324201,0.0218797564687975,0.1280441400304414
4013,"Maricopa, AZ",0.0053400329269084,0.0745373712880746,0.0763569171452426,0.0245229222301814,0.1192546168740522,0.0576282083262343,0.0189527398143554,0.103892491478821,0.1348082981833722,0.2074880006928017,0.0941283170471585,0.0452801469944547,0.0378099369983423
4015,"Mohave, AZ",0.0109979848003898,0.0781976476166642,0.0551874925911779,0.0148439866707058,0.1320680162796517,0.0645654149598935,0.0149888703028067,0.0593891179221052,0.0768146674920643,0.2206314292111744,0.1629018874385891,0.0483121056860239,0.0611013790287528
4017,"Navajo, AZ",0.0237197242029583,0.0897813660203901,0.0231598797807767,0.0132300076610289,0.1243738582120337,0.0583711473864105,0.0097530791443219,0.0352112676056338,0.0477046378690553,0.3371736696328599,0.1090223348458954,0.0390123165772879,0.0894867110613471
4019,"Pima, AZ",0.0097939191624811,0.0622917727146611,0.0676398686570555,0.0181590577913325,0.1161812672453155,0.0495681980543242,0.0162299856029606,0.0588858570389288,0.1265497571728496,0.259044027850297,0.1070383826379133,0.0488953167020948,0.0597225893697854
4021,"Pinal, AZ",0.0274249279109078,0.0744630605548374,0.0884272148752113,0.0180844188127672,0.1289400417619568,0.0605424082728447,0.0170341553147061,0.0676829571442776,0.1104330317192005,0.2100775579198568,0.0892040369891617,0.0417681714228895,0.0659180173013821
4023,"Santa Cruz, AZ",0.0419093851132686,0.068824163969795,0.0444983818770226,0.0712513484358144,0.1160733549083063,0.1187162891046386,0.016504854368932,0.0336030204962243,0.0607335490830636,0.2138079827400215,0.0740021574973031,0.0467098166127292,0.0933656957928802
4025,"Yavapai, AZ",0.0219348431529178,0.0921867915974006,0.0559705520412789,0.0164835164835164,0.1359269414279237,0.0400159761652885,0.0156307346877091,0.0520844577819037,0.1077527580474535,0.2323560525918089,0.1167447483753967,0.0648977741315658,0.0480148535158358
4027,"Yuma, AZ",0.0988958424682106,0.0606290110415753,0.0532679608296461,0.0331778743306626,0.1144550298295265,0.056111398998153,0.0096730046106217,0.037961228258992,0.083868138876709,0.2152907880575597,0.1058051314757975,0.0420669403808081,0.0887976508417374
5001,"Arkansas, AR",0.0927595980417418,0.055913424375161,0.2348621489306879,0.0242205617108992,0.0989435712445246,0.0591342437516104,0.0122391136305076,0.0265395516619427,0.0394228291677402,0.2267456841020355,0.0421283174439577,0.0351713475908271,0.0519196083483638
5003,"Ashley, AR",0.0969705549263873,0.0857870894677236,0.1557191392978482,0.0036806342015855,0.1022083805209513,0.0687995469988674,0.0070781426953567,0.0236409966024915,0.0423272933182332,0.2546715741789354,0.0704983012457531,0.026330690826727,0.0622876557191393
5005,"Baxter, AR",0.0143452105506709,0.0703378065710319,0.1776294043762808,0.0146757453559859,0.1524426522112778,0.0340450849474449,0.0070734448337409,0.0585707675018179,0.0555959542539829,0.2678654062272757,0.0550670985654789,0.0599590136841409,0.0323924109208699
5007,"Benton, AR",0.0138427989001611,0.07493198941004,0.1317108036554324,0.0308144496065231,0.216576350548096,0.0545397524633326,0.0082998446514138,0.0466556293805748,0.1001305511592797,0.1793729168338061,0.0762520877245443,0.0451240236013157,0.0217488020654797
5009,"Boone, AR",0.0200455020598905,0.0815962614523765,0.1140625960769845,0.0151878497202238,0.1039168665067945,0.1357683084301789,0.0149418926397343,0.046670356022874,0.0673307507839881,0.2406690032589313,0.0848551927688618,0.0467933345631187,0.0281620857160425
5011,"Bradley, AR",0.1134485349361382,0.0866516403706486,0.1948409717004758,0.0187828700225394,0.0766341096919609,0.0252942649636864,0.0085149010768845,0.0548459804658151,0.0493363385925369,0.2101177059854745,0.0904082143751565,0.032556974705735,0.0385674931129476
5013,"Calhoun, AR",0.0889603429796355,0.1136120042872454,0.1291532690246516,0.0,0.1436227224008574,0.0691318327974276,0.0085744908896034,0.0187566988210075,0.112540192926045,0.1838156484458735,0.0192926045016077,0.0262593783494105,0.0862808145766345
5015,"Carroll, AR",0.0760675778928601,0.0940657101621529,0.237711180915188,0.0038203582647083,0.1055267849562781,0.03803378894643,0.0204601409287715,0.0535699125562441,0.0486458952372867,0.1517955683844129,0.0949995755157483,0.0523813566516682,0.0229221495882502
5017,"Chicot, AR",0.0939244663382594,0.0673234811165845,0.1852216748768473,0.0417077175697865,0.0778325123152709,0.0302134646962233,0.0085385878489326,0.0430213464696223,0.0197044334975369,0.2239737274220032,0.0535303776683087,0.0650246305418719,0.089983579638752
5019,"Clark, AR",0.032597375546761,0.0544678192043324,0.1183086856904811,0.0140595709227244,0.1167465111435117,0.0620704019995834,0.0052072484898979,0.0329098104561549,0.0583211830868569,0.2783795042699438,0.1490314517808789,0.047802541137263,0.03009789627161
5021,"Clay, AR",0.0848475272554905,0.0515089271606888,0.1366724601042818,0.0249644493600884,0.1314583662505925,0.0538789698214567,0.0110601990835835,0.0559330067941222,0.0423447622057197,0.2567546215831885,0.049138884499921,0.0674672144098593,0.0339706114710064
5023,"Cleburne, AR",0.0214849921011058,0.0889942074776198,0.1259610321221695,0.0168509741969457,0.1281727224855187,0.0730911005792522,0.0042127435492364,0.057925223802001,0.0973143759873617,0.1907319641916798,0.0878357030015797,0.0581358609794628,0.0492890995260663
5025,"Cleveland, AR",0.0718582887700534,0.0457887700534759,0.1681149732620321,0.0137032085561497,0.0952540106951871,0.0758689839572192,0.0030080213903743,0.0581550802139037,0.0324197860962566,0.3125,0.0130347593582887,0.0554812834224598,0.0548128342245989
5027,"Columbia, AR",0.0489409141583054,0.0342251950947603,0.1373467112597547,0.0091415830546265,0.1318840579710145,0.09520624303233,0.0080267558528428,0.0480490523968784,0.0586399108138238,0.2807134894091416,0.0816053511705685,0.0486064659977703,0.0176142697881828
5029,"Conway, AR",0.0733082706766917,0.0808270676691729,0.1784608580274214,0.0225563909774436,0.0908889871738169,0.0559486952675807,0.013047324192835,0.0205661211853162,0.0860238832375055,0.2357363998230871,0.0550641309155241,0.0338345864661654,0.0537372843874391
5031,"Craighead, AR",0.0236011253516723,0.0720928415129728,0.1292396061269146,0.0276453579243513,0.1349835886214442,0.0378633948108784,0.0165481400437636,0.0483354173179118,0.0649030947170991,0.2892700844013754,0.0697288215067208,0.0465184432635198,0.0392700844013754
5033,"Crawford, AR",0.015668240273482,0.0702832492267621,0.1866351945303597,0.020918118183298,0.1329562103206902,0.0701611590428129,0.0061452059254435,0.046434966628683,0.0757773075044766,0.2147973302946443,0.0781377177274947,0.0554289435129415,0.0266563568289109
5035,"Crittenden, AR",0.024312436560491,0.0512832906375368,0.1146019623954758,0.0412296389385663,0.1291507564406206,0.1051283290637536,0.0159021702353907,0.0349944414906472,0.0673304654647397,0.2330707139059403,0.0950746773647832,0.0508482768621006,0.0370728406399536
5037,"Cross, AR",0.0704088704088704,0.0763686763686763,0.0885654885654885,0.0382536382536382,0.1599445599445599,0.0964656964656964,0.0094248094248094,0.0432432432432432,0.0591822591822591,0.1957033957033957,0.0683298683298683,0.0311850311850311,0.0629244629244629
5039,"Dallas, AR",0.032626427406199,0.0289559543230016,0.3022022838499184,0.0020391517128874,0.0591353996737357,0.080342577487765,0.0028548123980424,0.0754486133768352,0.0101957585644371,0.2255301794453507,0.0795269168026101,0.0342577487765089,0.0668841761827079
5041,"Desha, AR",0.0925058548009367,0.0601873536299765,0.1222482435597189,0.043559718969555,0.0953161592505854,0.0468384074941452,0.0060889929742388,0.0377049180327868,0.0538641686182669,0.2496487119437939,0.0449648711943793,0.0548009367681498,0.092271662763466
5043,"Drew, AR",0.0523964256701868,0.0640400758191172,0.1190089358245329,0.0119144327105334,0.1154887625236934,0.0282967776875169,0.0067695640400758,0.0431898185756837,0.0649878147847278,0.3199295965339832,0.0400758191172488,0.0341186027619821,0.0997833739507175
5045,"Faulkner, AR",0.0131752975887679,0.0762539424153016,0.0756604605419337,0.022687964187608,0.125038152406145,0.0478855088683148,0.022823617187235,0.0491742123647709,0.0908196832502458,0.2960965849357344,0.0971445043578526,0.04247634550819,0.0407637263878997
5047,"Franklin, AR",0.0489449003516998,0.0827960140679953,0.240767878077374,0.0131887456037514,0.0870457209847596,0.0814771395076201,0.0061547479484173,0.0439624853458382,0.0364888628370457,0.2189331770222743,0.0562719812426729,0.0269636576787807,0.0570046893317702
5049,"Fulton, AR",0.0372457730948296,0.0624846851261945,0.0828228375398186,0.0240137221269296,0.1450624846851262,0.0891938250428816,0.0026954177897574,0.0294045577064444,0.0370007351139426,0.3241852487135506,0.0705709384954667,0.0512129380053908,0.0441068365596667
5051,"Garland, AR",0.0137944339941156,0.0884580137944339,0.0695027251241981,0.02303091689577,0.1406453479959485,0.0254184150870592,0.0195581922538947,0.0544542516760719,0.0965610379588096,0.2267640958857859,0.1275985144455698,0.0716249457386774,0.0425891091496647
5053,"Grant, AR",0.0457995289191311,0.0861031143679665,0.1400157026956294,0.0251243130070662,0.0748495158335514,0.0862339701648783,0.0065427898455901,0.0435749803716304,0.0758963622088458,0.2376341271918346,0.0628107825176655,0.0616330803454593,0.0537817325307511
5055,"Greene, AR",0.0355355608350604,0.0927058585654349,0.1986048627609563,0.0140019208411262,0.1260172875701359,0.0579790729414143,0.0064702016883182,0.0327553960471111,0.0507000960420563,0.2867613607642926,0.0418035687206187,0.0324521053429712,0.0242127078805034
5057,"Hempstead, AR",0.0826517967781908,0.059727385377943,0.2232961586121437,0.0141263940520446,0.0828996282527881,0.0594795539033457,0.0017348203221809,0.0329615861214374,0.030359355638166,0.2532837670384139,0.0789343246592317,0.045724907063197,0.0348203221809169
5059,"Hot Spring, AR",0.0155813024370755,0.0820615261685976,0.1165001997602876,0.0187774670395525,0.1486216540151818,0.0432281262485018,0.0078306032760687,0.0393128246104674,0.0864562524970036,0.2429085097882541,0.0957251298441869,0.0600878945265681,0.0429085097882541
5061,"Howard, AR",0.0907142857142857,0.0364285714285714,0.3396428571428571,0.01,0.0621428571428571,0.0435714285714285,0.0282142857142857,0.0116071428571428,0.0210714285714285,0.2216071428571428,0.07375,0.0278571428571428,0.0333928571428571
5063,"Independence, AR",0.0168150346191889,0.074740356083086,0.2067260138476755,0.0204624134520276,0.0992828882294757,0.0639836795252225,0.0071092977250247,0.0389465875370919,0.0338773491592482,0.2470326409495549,0.0853115727002967,0.0694238377843719,0.0362883283877349
5065,"Izard, AR",0.0623165500112892,0.0462858433054865,0.1724994355384962,0.0090313840596071,0.0695416572589749,0.0352223978324678,0.0119665838789794,0.0349966132309776,0.0663806728381124,0.2894558591104086,0.0751862722962294,0.0374802438473696,0.0896364867916008
5067,"Jackson, AR",0.0837696335078534,0.0597871981084276,0.150312447221753,0.0219557507177841,0.1614592129707819,0.0472893092383043,0.0011822327309576,0.0246579969599729,0.0309069413950346,0.2176997128863367,0.0974497551089343,0.0388447897314642,0.0646850194223948
5069,"Jefferson, AR",0.0188784229561623,0.0363658042208179,0.1744763721632685,0.0223758992090934,0.1069114900043718,0.0583045188982949,0.0060013512976431,0.0432017805333651,0.0483287627677755,0.261674814196574,0.0654187035491435,0.0533762569055284,0.1046858232979611
5071,"Johnson, AR",0.0371143806359753,0.0654959658281917,0.2539155196962506,0.0054105363075462,0.1459895586141433,0.0584717607973421,0.0058851447555766,0.0303749406739439,0.0322733744660655,0.2,0.0687233032747983,0.0580920740389178,0.0382534409112482
5073,"Lafayette, AR",0.1406388642413487,0.1015971606033717,0.1313220940550133,0.0017746228926353,0.1370896184560781,0.0390417036379769,0.0,0.0306122448979591,0.0545696539485359,0.2311446317657498,0.0204081632653061,0.0297249334516415,0.0820763087843833
5075,"Lawrence, AR",0.0673985971332723,0.069685879841415,0.1489783470570296,0.0207380298871607,0.123360780725831,0.0946935041171088,0.004269594388533,0.037816407441293,0.0430009149130832,0.2355901189387008,0.0661787130222628,0.044525770051845,0.0437633424824641
5077,"Lee, AR",0.1251466562377786,0.0500586624951114,0.087602659366445,0.0148611654282362,0.1204536566288619,0.0453656628861947,0.0,0.040281579976535,0.0410637465780211,0.1857645678529526,0.1263199061400078,0.0559249120062573,0.1071568244035979
5079,"Lincoln, AR",0.0502215657311669,0.0620384047267356,0.1518463810930576,0.0112259970457902,0.0957163958641063,0.0570162481536189,0.0262924667651403,0.0499261447562777,0.0333825701624815,0.2614475627769572,0.0333825701624815,0.073559822747415,0.093943870014771
5081,"Little River, AR",0.0290464743589743,0.0835336538461538,0.1802884615384615,0.016025641025641,0.1217948717948717,0.0496794871794871,0.0,0.0442708333333333,0.0410657051282051,0.2880608974358974,0.0540865384615384,0.0436698717948717,0.0484775641025641
5083,"Logan, AR",0.059223513928493,0.0410177670541785,0.2280105286246984,0.0052643123491993,0.1305110769905681,0.0569203772757183,0.0112963369159903,0.025334503180522,0.0568107041017767,0.2445711778898881,0.0551656064926519,0.0479271770125027,0.0379469181838122
5085,"Lonoke, AR",0.0232157431758411,0.079108854024969,0.0720957649406003,0.0340981227895166,0.1269006378283607,0.0979716453553399,0.0156283062785284,0.06916356821136,0.0634200900819201,0.2336991022036818,0.0689519663855385,0.0395695414286146,0.0761766572957286
5087,"Madison, AR",0.0441020993807581,0.1024014499320344,0.1886421990635855,0.0119317323667119,0.1391028545536927,0.0759703972209636,0.0191813925388914,0.0309620903186829,0.0557317625736293,0.1925690983235161,0.0447062377284398,0.0505965866183356,0.0441020993807581
5089,"Marion, AR",0.0164106145251396,0.060754189944134,0.2559357541899441,0.0106494413407821,0.1394902234636871,0.0408519553072625,0.0309008379888268,0.0450418994413407,0.0726256983240223,0.2021648044692737,0.0408519553072625,0.0417248603351955,0.0425977653631284
5091,"Miller, AR",0.0122743682310469,0.0610709987966305,0.1627557160048134,0.0346570397111913,0.1223826714801444,0.0726835138387484,0.0100481347773766,0.0481949458483754,0.0622141997593261,0.2219013237063778,0.0759927797833935,0.0371239470517448,0.0787003610108303
