GeoFIPS,GeoName,agri_forestry_mining,construction,manufacturing,wholesale_trade,retail_trade,transport_utilities,information,finance_real_estate,prof_sci_mgmt_admin,education_health,arts_entertainment,other_services,public_admin
10180,"Abilene, TX (MA)",0.0300235954339646,0.0705184618327912,0.0686308271156176,0.0187360499968114,0.1227345194821758,0.0569861615968369,0.0104457623876028,0.0707607933167527,0.0697149416491295,0.2859894139404375,0.0839104648938205,0.0490147312033671,0.0625342771506919
10420,"Akron, OH (MA)",0.0052313165243892,0.0614276084358165,0.1507366894574952,0.0291843451366033,0.1184905938266499,0.0511632386012813,0.0149773696702599,0.0627729659610384,0.100876323406955,0.2354319022505707,0.092645567684229,0.0463794304747554,0.0306826485699557
10500,"Albany, GA (MA)",0.0270741230759301,0.0564393817160928,0.0949046435832069,0.0277356481332085,0.1189615670076478,0.0579721836780793,0.0120526638484623,0.0443544483526412,0.0832876181870986,0.2661912291458259,0.0820291071025202,0.0533899125496143,0.0756074736196715
10540,"Albany-Lebanon, OR (MA)",0.0485436893203883,0.0758648487609968,0.131260733938523,0.0174021240054677,0.1125617749114997,0.0541516245487364,0.0065717990957204,0.04120079913077,0.0757596999754652,0.2410185412358487,0.0744979145490869,0.0539939013704391,0.0671725491570572
10580,"Albany-Schenectady-Troy, NY (MA)",0.0069030174353885,0.0550945981253828,0.0790114457474207,0.0193763132529591,0.1017646167661646,0.0427179094220479,0.0174375841195469,0.0722687082970141,0.117621357198218,0.2673009070090657,0.0784779110028916,0.0446610297879254,0.0973646018359743
10740,"Albuquerque, NM (MA)",0.0125182403176805,0.0706121570222232,0.0442480204769992,0.0220247350668612,0.1069803602612252,0.0403774848695069,0.0160993230150946,0.0583690165777575,0.1398535990239935,0.2606248355381192,0.0991483864794392,0.0552257015046767,0.0739181398464225
10780,"Alexandria, LA (MA)",0.0293577688734215,0.0792931147331619,0.061700802988458,0.0261170798678182,0.1040692198400408,0.0534633865998307,0.0082374163886272,0.0398780351526955,0.0669529541354703,0.2980156766335148,0.106032790025702,0.0489455787742852,0.0779361759869733
10900,"Allentown-Bethlehem-Easton, PA-NJ (MA)",0.0060614657210401,0.0571631205673758,0.13403073286052,0.0318676122931442,0.111966903073286,0.0789858156028368,0.018853427895981,0.0519692671394799,0.0943971631205673,0.25625768321513,0.0810260047281323,0.0459338061465721,0.0314869976359338
11020,"Altoona, PA (MA)",0.0106429998408853,0.0662447182787334,0.1052808372964658,0.0325831373866308,0.138765624171278,0.0671286883651857,0.0119512755688347,0.0326008167883598,0.0785849406856072,0.2600639994342591,0.0996234287431713,0.0491487368067464,0.0473807966338419
11100,"Amarillo, TX (MA)",0.0238147949017995,0.0874711407697903,0.1073168031879566,0.0288196970176159,0.1113491887788987,0.0636484392295771,0.0095512192036433,0.0542237262405515,0.0795249691641101,0.2376498307979379,0.0901989310224864,0.0515591890951643,0.0548720705904677
11180,"Ames, IA (MA)",0.0343452553740852,0.0503261882572227,0.0975814706736131,0.0236047240004277,0.1079858830000152,0.0418773776603058,0.0170809588559729,0.0565749469084686,0.0821658289154049,0.3371426825355598,0.0817838754526148,0.030342383084045,0.0391884252822636
11260,"Anchorage, AK (MA)",0.030492283143384,0.0706801718262082,0.0250817653927644,0.0201097954676346,0.1095471333238226,0.0943828892376136,0.0187888682824248,0.0453289372876609,0.101869904523383,0.238247710833188,0.0976429375307115,0.0492124632121778,0.098615139939026
11460,"Ann Arbor, MI (MA)",0.0053711602754226,0.0310846075646897,0.1243122294769275,0.0134200404540071,0.084502761562405,0.0302985841097498,0.0158986344152509,0.0397727868199587,0.1268589454709328,0.3751951958246434,0.0908538310783193,0.0395998616598719,0.0228313612878208
11500,"Anniston-Oxford, AL (MA)",0.0096183237218022,0.0521875573125751,0.180791881482689,0.0248812992888146,0.128196768080207,0.0446273918448026,0.013816151447843,0.0370468485725348,0.0700792696594868,0.2316752593075622,0.0915167199885884,0.0439956799054469,0.0715668493876469
11540,"Appleton, WI (MA)",0.0176646159468843,0.0714883961746969,0.2310029237985015,0.0331668392519948,0.0978178108058719,0.0429965889017481,0.0143068161052567,0.0677270512273862,0.0843942254979594,0.2023283791192057,0.067399646707681,0.0426006578546628,0.02710604860815
11700,"Asheville, NC (MA)",0.010172770628993,0.0791820390533609,0.1093809052461081,0.0181949068658328,0.1260910645190317,0.0338027535318995,0.0122334203185458,0.0496355619544677,0.1007198776208044,0.2464995950688382,0.1262350400431926,0.0551201295779717,0.0327319355709529
12020,"Athens-Clarke County, GA (MA)",0.0127668684195161,0.0488877644357083,0.0838701516065624,0.019374112060409,0.1131989179300546,0.0426308312087655,0.0118618998501449,0.0439834186404063,0.1103867037736216,0.323608975731273,0.10992935406652,0.0446451160889788,0.0348558861880388
12060,"Atlanta-Sandy Springs-Alpharetta, GA (MA)",0.0035711823646231,0.0660537821721273,0.085388544641271,0.0306823394343379,0.1089338222621708,0.074192100776612,0.0287543981057984,0.0729220524405344,0.1566792876062903,0.1978978578871592,0.0880993289160044,0.045922256602793,0.0409030467902776
12100,"Atlantic City-Hammonton, NJ (MA)",0.0044824334976892,0.0667264324466358,0.0491212884677805,0.0169714206222854,0.1213580227831275,0.0509065335332395,0.0127594788011808,0.047297401734238,0.0925545233936658,0.2444008222946968,0.1988268389569841,0.0417175448629766,0.0528772586054994
12220,"Auburn-Opelika, AL (MA)",0.0055948285638679,0.0562003049433586,0.1193059388349147,0.0137224511397573,0.1146687836288259,0.0459053163472321,0.013168008669464,0.0618077344724605,0.0932345417658992,0.3078667825955468,0.0904623294144331,0.0414571756196524,0.0366058040045867
12260,"Augusta-Richmond County, GA-SC (MA)",0.0111902417137838,0.0668334619786537,0.1157655790750464,0.015840484872451,0.1081837435408008,0.0663733806849507,0.0132244854504043,0.0429662695772195,0.1216667870736168,0.2369076453343574,0.0937995490442856,0.0486051171686369,0.0586432544857926
12420,"Austin-Round Rock-Georgetown, TX (MA)",0.0074378221910898,0.0747740004934812,0.0804258511309497,0.0196498270331675,0.1013375328918497,0.0427921102615947,0.0298373995856744,0.071521661011504,0.1765867988798969,0.2008021554200966,0.0893822045363843,0.0462564148421936,0.059196221722117
12540,"Bakersfield, CA (MA)",0.1439159363980579,0.0720399731928503,0.0542703393592865,0.0253791317085033,0.1022234664359215,0.0647613230516037,0.0093089806779268,0.0349482661599323,0.0795222219394463,0.2192247983101315,0.0823047362125569,0.0454251110602114,0.0666757154935711
12580,"Baltimore-Columbia-Towson, MD (MA)",0.0040667524767321,0.0632770990125302,0.0544744437118435,0.0210001100069157,0.0963737656628477,0.0514461004650419,0.016941065021094,0.0681026890034424,0.1491182280057988,0.2566153044143603,0.0735413748622286,0.047942695505762,0.0971003718514023
12620,"Bangor, ME (MA)",0.0152368602342262,0.0772108981372668,0.04508921938107,0.0197349758884791,0.1365373964960624,0.0480069160216665,0.0116167551431157,0.0421174913212032,0.0657292215423268,0.3517580473045075,0.0834515270629871,0.0535046129324202,0.0500060785346679
12700,"Barnstable Town, MA (MA)",0.0083563235724613,0.1008258744422464,0.0455517213849142,0.0215916046447675,0.1235884288869767,0.0383929601078693,0.0181852052266941,0.0605966521480719,0.1287601238368121,0.2441430332922318,0.1115063559509975,0.0489048958120802,0.0495968206938764
12940,"Baton Rouge, LA (MA)",0.0148357444431421,0.092887371537017,0.0994286654812701,0.0262175460297113,0.1135586584237551,0.0466244878313977,0.0163594694145255,0.0543777790523976,0.0953412919491958,0.2402447935240441,0.0884209371282647,0.044579554154582,0.0671237010306964
12980,"Battle Creek, MI (MA)",0.017359601297789,0.0458239957186339,0.2193698364384386,0.0127939258119543,0.1203966953206007,0.0468776131384419,0.0108372077465966,0.0392681539953841,0.0694384051911563,0.2312439375188145,0.0995919323008997,0.0448707228149981,0.0421279727062916
13020,"Bay City, MI (MA)",0.0126363200366995,0.0601163542340012,0.167233146360281,0.0241049273307337,0.1235273265633797,0.0503784640407031,0.0137831807661029,0.0463123214546364,0.0616594032153804,0.2561669829222011,0.0959401130179118,0.0565715119794816,0.0315699480784869
13140,"Beaumont-Port Arthur, TX (MA)",0.0145207726056586,0.129699349378408,0.130094391007416,0.0224934309365479,0.1183867936386326,0.0534144166252671,0.0065720561916789,0.0382771396591868,0.0870049260494041,0.2101441901945879,0.0897283190978685,0.0504097060531151,0.049254508562228
13220,"Beckley, WV (MA)",0.0402272889374955,0.0645015572620717,0.0395140391336392,0.0217541190176172,0.137966287059271,0.0488813865576187,0.0254392430042081,0.0270321675661539,0.0644064572882242,0.2812581726540025,0.1193504671786215,0.0549677848838591,0.0747010294572169
13380,"Bellingham, WA (MA)",0.0258194636238098,0.0845264917508539,0.1069118395232211,0.0276001162875208,0.1056490297259975,0.0416454684206701,0.0191783559851733,0.0493404317174213,0.0974816483756086,0.2340831455774402,0.0968911258085616,0.0573806235918308,0.0534922596118904
13460,"Bend, OR (MA)",0.0225905501942599,0.0948531562016961,0.0732025734218991,0.0236558465973179,0.1321071980615783,0.0302565066633245,0.0141412875464761,0.0521159710907799,0.1228432969879266,0.2364018047374357,0.1144671429168233,0.0485858712453523,0.0347787943351297
13740,"Billings, MT (MA)",0.0406520031421838,0.0823950423321986,0.0482456140350877,0.0291743039190014,0.1247163306275639,0.0686370777690495,0.0158200226935497,0.0563847429519071,0.0950619708475168,0.2410535044077856,0.1048376538360827,0.051878764074365,0.0411429693637077
13780,"Binghamton, NY (MA)",0.008352817127401,0.057369458579746,0.1084399211479393,0.0203273277403383,0.1202493925640673,0.0457341952046944,0.012983083482327,0.0430935680557465,0.0883326456700133,0.3155641131435382,0.0924677944345115,0.0442580112776784,0.0428276715719983
13820,"Birmingham-Hoover, AL (MA)",0.0074957664617431,0.0674089176073984,0.1002431218493743,0.0323514925797798,0.1075662109685433,0.0594991179719831,0.0177936152552583,0.0875807708081103,0.1042539455791656,0.2399489032045382,0.0804951130349809,0.0522309716436332,0.043132053035491
13900,"Bismarck, ND (MA)",0.041925866467907,0.0820600292406043,0.0562021615113379,0.0251841871398675,0.1098242697015738,0.0654616862081816,0.0130866037898116,0.0545394604821833,0.0770862597827021,0.2590516870681994,0.0847977524868847,0.0497376945790213,0.0810423415417252
13980,"Blacksburg-Christiansburg, VA (MA)",0.0089182210981136,0.0475814100537464,0.1288333860259247,0.0099984192222573,0.1096401096005901,0.0279929391927495,0.0133443987775318,0.0361339445673938,0.0929629044156391,0.3286305195489514,0.1114184845610707,0.0456844767625671,0.038860786173464
14010,"Bloomington, IL (MA)",0.0133436336821406,0.0404054591848678,0.0579511669827,0.0180490202963691,0.1055434604490015,0.0416578879602968,0.0102535290399606,0.1909076011892221,0.0870145375377484,0.2681953320691996,0.0927499590327036,0.0413769693564623,0.0325514432193272
14020,"Bloomington, IN (MA)",0.0069892133980949,0.0540591686116192,0.121491200403709,0.0119851132277802,0.0874534788368132,0.0414180281334763,0.0204503879391913,0.04531634390967,0.0737147543051788,0.3347883681322147,0.113164700687567,0.0438150507790323,0.0453541916356525
14100,"Bloomsburg-Berwick, PA (MA)",0.0203071848263065,0.0599165034532522,0.1358365116998247,0.0173178022884238,0.10336563240903,0.0569528914544892,0.0112359550561797,0.0411297804350067,0.0619781465828265,0.3195031440057726,0.076280795794248,0.0526234408823832,0.0435522111122564
14260,"Boise City, ID (MA)",0.0246872243817985,0.0877296137806378,0.0957518047888152,0.0295517155021287,0.1133314822678818,0.051122072322216,0.0194035213798059,0.0689957425494615,0.1149212208321083,0.2131746861355197,0.0840928145994621,0.0459690327638584,0.0512690686963054
14460,"Boston-Cambridge-Newton, MA-NH (MA)",0.0032427131088266,0.0545992712826786,0.0875649116104021,0.0191464102079089,0.0947889077626182,0.0381743634252948,0.0242836830572282,0.0794406423302107,0.1670164595048197,0.2728241237097119,0.0787393017355265,0.0422391304429576,0.0379400818218158
14500,"Boulder, CO (MA)",0.0111024334331578,0.0517027289736429,0.1034110765876873,0.0164457604548851,0.0954382258581068,0.0279976851201546,0.0336163255215503,0.0511408649335033,0.1947926440759864,0.2427533585422999,0.0964720556919636,0.0443704032498216,0.0307564375572398
14540,"Bowling Green, KY (MA)",0.0159102250176973,0.0628749811421476,0.1663784799990716,0.0283041858629933,0.1226282624084668,0.0630606584581819,0.0077404231121839,0.0415685091272005,0.0823943089902635,0.2404173097677873,0.1047336110756519,0.0397813649603695,0.0242076800779844
14740,"Bremerton-Silverdale-Port Orchard, WA (MA)",0.0065335107239401,0.0667079071580499,0.1115357563534366,0.0144652435872448,0.1199759336310557,0.0423618937859618,0.0142025473065157,0.0460650639368851,0.1214419483589956,0.2118518392976688,0.0996720533527672,0.0408111383223029,0.1043751641851754
14860,"Bridgeport-Stamford-Norwalk, CT (MA)",0.0023719116163855,0.068725623451812,0.0798674204533032,0.0237088035046541,0.1030585284660332,0.0376948319139676,0.02608277765288,0.1197547237135473,0.1561810985457088,0.2297660470133507,0.0779265779915477,0.0491171332457444,0.025744522431065
15180,"Brownsville-Harlingen, TX (MA)",0.0186629795558561,0.0756662762193428,0.0598350460687589,0.0168757773725712,0.1185108258564683,0.0550953375759259,0.0089843136781345,0.0430921012908913,0.0836362319015589,0.3215877117774208,0.0892393522599654,0.0535556870464068,0.0552583593966985
15260,"Brunswick, GA (MA)",0.0105625252934034,0.0664305949008498,0.0825576689599352,0.011351679481991,0.1341562120598947,0.0635167948199109,0.0124848239579117,0.0478551193848644,0.1209024686361796,0.2132537434237151,0.1193443949817887,0.0483812221772561,0.0692027519222986
15380,"Buffalo-Cheektowaga, NY (MA)",0.0050217692459924,0.0508361369483475,0.1087879194820615,0.0216685278900794,0.1131965451923892,0.048821774900342,0.0152455401317463,0.0809808882983234,0.0994547086596364,0.2798567329167962,0.0886867066240705,0.0430101636934211,0.0444325860167934
15500,"Burlington, NC (MA)",0.0063637280104844,0.0767805836987751,0.1529058924340944,0.0306971117495841,0.1313826301728917,0.0450249508543777,0.0095770956197388,0.0484021372044961,0.0868743384243157,0.2527471142698724,0.0793134734613639,0.0406900549422854,0.0392408891577196
15540,"Burlington-South Burlington, VT (MA)",0.0190691530313713,0.0522801131344565,0.1127211430145956,0.0177562746671205,0.1113029102137074,0.0309255792467968,0.0199525094616388,0.0489492920992276,0.1120079745204347,0.2882740512022562,0.0883032262770173,0.0444676764484209,0.053990096682956
15680,"California-Lexington Park, MD (MA)",0.0074369476180211,0.1028598117410361,0.044891140331968,0.0111194941438528,0.1005784292591794,0.0498311417690594,0.0106524394625278,0.0280053172379104,0.1699360494359416,0.1802471797082704,0.0604476539484084,0.0452863404469354,0.1887080548968887
15940,"Canton-Massillon, OH (MA)",0.0108768582391545,0.0614817688130333,0.173259178495796,0.0284056360472186,0.1199861614912041,0.0584152810685006,0.0128320717925062,0.0532258402700605,0.0800851277965319,0.2347199798712599,0.0894156375149393,0.0476851948923322,0.0296112637074623
15980,"Cape Coral-Fort Myers, FL (MA)",0.0069006937844222,0.1224168836355418,0.0338471445244898,0.0208940252808727,0.1465306135085183,0.0523325831008851,0.0168198606239416,0.068106039732393,0.130840745361613,0.2016092331220918,0.1180888576550024,0.0483358151889564,0.0332775044812715
16020,"Cape Girardeau, MO-IL (MA)",0.0198364401170115,0.0639933380308756,0.0965131424422949,0.0329255012491192,0.1282215531783144,0.0386906668374863,0.0122776674567078,0.0503704652702154,0.0643776824034334,0.3025430785984241,0.0922212969487327,0.0576516558836717,0.0403775115837123
16060,"Carbondale-Marion, IL (MA)",0.0270403060239695,0.0534138167014687,0.0774535436663215,0.0216533015143273,0.1190756110828405,0.0434469809963326,0.0130025092561722,0.0591342188843461,0.0587130849813121,0.3288178420396919,0.0894909543947077,0.0486760602923371,0.0600817701661724
16180,"Carson City, NV (MA)",0.0051351154490494,0.0859494500691965,0.0990603831305994,0.0226891980479277,0.1121713161920023,0.0373297399664942,0.0167164396532886,0.0341612644766552,0.1023016971374462,0.1825697428800349,0.1460048073421225,0.039514895476728,0.1163959501784543
16220,"Casper, WY (MA)",0.0806312415238564,0.0827025027740106,0.0432252496609542,0.027789421772901,0.1163851559610405,0.0659844655406238,0.0119097521883861,0.0493650597953396,0.0759462458389841,0.2484527185303908,0.1010972753051411,0.0516582418937245,0.0448526692146467
16300,"Cedar Rapids, IA (MA)",0.0191684646496881,0.0661426500072844,0.1694428449525818,0.0249196978001012,0.1127838327216722,0.0571099533102544,0.0195430926232976,0.0823418410883636,0.0962655141075182,0.2261573576240261,0.0686609824965485,0.0340772704883345,0.0233864981303289
16540,"Chambersburg-Waynesboro, PA (MA)",0.0306204350268881,0.0642106108034352,0.1530754207132728,0.02510902426626,0.1176926987184632,0.0747117211119137,0.0079059314551729,0.0355432485218182,0.078898788024721,0.2423549241512159,0.0717018487305027,0.0356770206276587,0.0624983278486769
16580,"Champaign-Urbana, IL (MA)",0.0138056713697987,0.0406070813890346,0.0756090602019309,0.0172754967740747,0.100293600611131,0.0478504569677223,0.0224204103045531,0.0489365031154798,0.0803121922485757,0.4011559948826978,0.0886140026322813,0.0374317769739809,0.0256877525287388
16620,"Charleston, WV (MA)",0.0297403877752218,0.0506756103690243,0.0590168370996114,0.0180066111229243,0.1242388509791034,0.0620904293363747,0.0157352457907251,0.0667201484603042,0.0926137132473758,0.2678084707428814,0.0836152403781098,0.0475923527478687,0.0821461019504745
16700,"Charleston-North Charleston, SC (MA)",0.0048675084795088,0.0785317122040542,0.0945944901864333,0.0216488234279106,0.1070980635557535,0.0534344264194968,0.0173762326514529,0.0593037660093384,0.1418221994442284,0.2124731836338397,0.1036753552122259,0.0489970099590768,0.0561772288166803
16740,"Charlotte-Concord-Gastonia, NC-SC (MA)",0.0060535603072451,0.0704965368864061,0.1161756657293298,0.0310045860305357,0.1137010964953667,0.0610549757487685,0.0192900145318663,0.1043908883311,0.1235623832260743,0.1918379979995093,0.0866114329929982,0.0505422084662275,0.0252786532545718
16820,"Charlottesville, VA (MA)",0.0126168309435749,0.0607703099094503,0.048007724962195,0.0115510047916628,0.0888461748683659,0.0299706670067593,0.0172536301856541,0.0585657806037859,0.143449268497094,0.3413103284930858,0.0931914661030845,0.0518428771840326,0.0426239364512543
16860,"Chattanooga, TN-GA (MA)",0.0070314109648054,0.073067485811684,0.1432804510292382,0.0203712375208376,0.1104721946468373,0.0700930903369608,0.011594148607391,0.0812714229522935,0.0926033452583865,0.2197344022176852,0.091558186143213,0.0489501582723032,0.0299724662383637
16940,"Cheyenne, WY (MA)",0.0260902130492676,0.0764189414114514,0.0288781624500665,0.0187042276964047,0.1555426098535286,0.0710927097203728,0.0211592876165113,0.048164946737683,0.0736309920106524,0.2441744340878828,0.0869673768308921,0.041444740346205,0.1077313581890812
16980,"Chicago-Naperville-Elgin, IL-IN-WI (MA)",0.0034662691561229,0.054278486478466,0.1150356223602598,0.0295705081409289,0.1009046310214522,0.0702464983554342,0.0187151026011919,0.0772719817794237,0.1385061386495158,0.2248938268816019,0.0877929099551508,0.045882375251926,0.0334356493685254
17020,"Chico, CA (MA)",0.0410694053200004,0.0640936353336174,0.0630229826512686,0.0192197748510961,0.1271893807885409,0.0406536178705445,0.0199162188289346,0.0543330249576416,0.1019822666652807,0.2673929087450495,0.1093209151481762,0.0468904296123821,0.0449154392274669
17140,"Cincinnati, OH-KY-IN (MA)",0.0040187847947462,0.0567593988937365,0.1383913570589484,0.0274791690748013,0.1119032194184813,0.0583409273581127,0.0152140350122624,0.0769536804810713,0.118607466427242,0.2304381057858852,0.0873245645868447,0.0408536131877072,0.0337156779201601
17300,"Clarksville, TN-KY (MA)",0.0138510928638475,0.065161661815629,0.1386529102281959,0.0188441121023529,0.1134511780528013,0.0512159145586344,0.0159413773791776,0.04529212712085,0.097446697744859,0.226555289997397,0.0938971580018457,0.0473587480378933,0.0723317320965159
17420,"Cleveland, TN (MA)",0.0084553801462832,0.0605709542994484,0.1991077758373247,0.0152162260301212,0.1151764563484515,0.0639946051562256,0.0090432797883561,0.0472567565230923,0.0748015838708004,0.2224508498608061,0.0771186001072052,0.0726920616257154,0.0341154704061694
17460,"Cleveland-Elyria, OH (MA)",0.0037908463197611,0.0521325237248567,0.1394818321568751,0.0277998685734696,0.1062542057476413,0.0483189836348315,0.0150647167126791,0.0749634432961616,0.1088610292710169,0.2509240311240125,0.0879709204001207,0.0444472290906507,0.0399903699479227
17660,"Coeur d'Alene, ID (MA)",0.020784428174447,0.1012955373117283,0.0800543085180626,0.0247433668743417,0.1316220228654087,0.0416449897854305,0.0179167353982413,0.068659670849776,0.0892918321511502,0.2192135416005786,0.1020949383953609,0.0566940324074661,0.0459845956680074
17780,"College Station-Bryan, TX (MA)",0.0275384923015396,0.0736412717456508,0.0615236952609478,0.0195880823835232,0.1072185562887422,0.0449830033993201,0.0143091381723655,0.0448470305938812,0.0971005798840232,0.3211757648470306,0.1088262347530494,0.0483183363327334,0.0309298140371925
17820,"Colorado Springs, CO (MA)",0.0081206296221691,0.0777330148772697,0.0583148686368737,0.0166613910391067,0.1083738597450433,0.0441915340565739,0.0238180196253345,0.0734798998589968,0.1429023625219418,0.2359701879082616,0.096146873471267,0.0578573278466806,0.0564300307904808
17860,"Columbia, MO (MA)",0.0141082896582269,0.0533051598139809,0.0584169926921089,0.0222466228685317,0.0997361039344504,0.0453421421716985,0.0180021406953569,0.0793441352328929,0.0766959474422381,0.3461836568982062,0.1039067690263527,0.0383202923156418,0.0443917472503137
17900,"Columbia, SC (MA)",0.008028602854671,0.0628022529086459,0.0927806374394218,0.0249254176991647,0.1089475792971272,0.0540667450982393,0.0173178954137946,0.0742479883832803,0.1023251303435762,0.2389823631041549,0.0891823125744866,0.0562793320896569,0.0701137427937802
17980,"Columbus, GA-AL (MA)",0.0102207812258761,0.0548093253049251,0.1101049868766404,0.0157943492357572,0.1185888528639802,0.0516751582522772,0.0152076578662961,0.0965802068859039,0.089099891925274,0.2289871854253512,0.0993824301374093,0.0451211980855334,0.0644279759147753
18020,"Columbus, IN (MA)",0.005674668772051,0.0416471342922701,0.3367792553847672,0.0174681108287483,0.1067577903333251,0.0320495423256272,0.0096469369124867,0.0399200611877328,0.0838123905159014,0.1886704004342355,0.0723890355530334,0.0342947373615257,0.0308899360982951
18140,"Columbus, OH (MA)",0.0058195112642987,0.0527074600916851,0.0883048380391206,0.0272050398276547,0.1127582160381785,0.064532692231464,0.0189961458297804,0.0951190036126508,0.1185178083681861,0.2437695831209284,0.0846571576854329,0.0400525811694147,0.0475599627212045
18580,"Corpus Christi, TX (MA)",0.0273893392182659,0.1119764036837414,0.065494631413657,0.0225406357424776,0.1157163773713024,0.0512615116920595,0.0107955268853711,0.0542269660060263,0.0881466706276789,0.2362867631456096,0.1053770742265416,0.0530598820184187,0.0577282179688494
18700,"Corvallis, OR (MA)",0.0310764860327981,0.0478414324452287,0.0887100245340679,0.020703309947058,0.0912710368871863,0.0218869711186674,0.0150002152111221,0.0367150174321008,0.1062927732105195,0.3541944647699393,0.1011922696164937,0.0456462789996987,0.039469719795119
18880,"Crestview-Fort Walton Beach-Destin, FL (MA)",0.0062083765570434,0.086157062424276,0.0398555602188769,0.0202643311345333,0.1091533959978144,0.0496511747610487,0.0108409024318781,0.0763060159485591,0.1420720456759132,0.1711421353964571,0.1436162209675248,0.0488830465390676,0.095849731947007
19060,"Cumberland, MD-WV (MA)",0.0121491411813992,0.0611122748219522,0.1139243820695433,0.0203183912861332,0.1265971931294512,0.0593056137410976,0.0138510682865521,0.0491726015919564,0.0658253037285295,0.2626466275659824,0.0925848345203183,0.0532572266443234,0.0692553414327607
19100,"Dallas-Fort Worth-Arlington, TX (MA)",0.009054341486619,0.0826450692380815,0.0902152983413892,0.0303939517710573,0.1118989861618033,0.0698296855445308,0.0211645624733601,0.0914055711255364,0.1362505177516534,0.1940623468495188,0.0852053724240301,0.0491450000300904,0.0287292968023291
19140,"Dalton, GA (MA)",0.0146256855790115,0.0558463677984905,0.3812209947341282,0.0196259199649983,0.0898010844258324,0.0460490335484475,0.0094379424035501,0.02514180352204,0.061346625623076,0.1527259090269856,0.0757535509477006,0.0472990921449442,0.0211259902807944
19180,"Danville, IL (MA)",0.0218323329595673,0.0551414814326231,0.1575093991161532,0.0353208891234087,0.1227161796715256,0.0644746388760635,0.0078490864718686,0.0614735175779961,0.066387441461645,0.2379790251302684,0.0718290350240749,0.054448914979223,0.043038058175582
19300,"Daphne-Fairhope-Foley, AL (MA)",0.0175055333582454,0.0868665382735922,0.0946563568944206,0.0216064464821255,0.1434073988904538,0.0465089539797062,0.0136441595523489,0.0713348088955321,0.1150363620684699,0.1889294508800674,0.1025898991060392,0.0465760249887416,0.0513380666302566
19340,"Davenport-Moline-Rock Island, IA-IL (MA)",0.0157320339194819,0.0726139839094321,0.1629699646355176,0.0261186529989189,0.1223252554554195,0.0596904657138356,0.0117664314466843,0.0575501268449558,0.0765035337320665,0.2180592450144771,0.0883297208324505,0.0427035630666601,0.0456370224300994
19430,"Dayton-Kettering, OH (MA)",0.0054794735315559,0.0522784105607249,0.1440602454657814,0.0202952174151622,0.1080007629977449,0.0511025578715498,0.0151737257023106,0.0566551955704322,0.1122678017564626,0.2449849882806682,0.0906399512935686,0.0410398718581869,0.0580217976958513
19460,"Decatur, AL (MA)",0.0129210479415433,0.0832887779956038,0.2151280223370759,0.0275500504960494,0.1219479593655319,0.0474217311233885,0.0117477573813342,0.0342630547139547,0.0867343907800154,0.1900136636369037,0.0797392027564902,0.0518475613378482,0.03739678013426
19500,"Decatur, IL (MA)",0.0214720531267293,0.0470835639180962,0.1809407858328721,0.0242612064194798,0.1019811842833425,0.0620475926950747,0.0135694521306032,0.0515771997786386,0.0653680132816823,0.2302379634753735,0.0962257885998893,0.060011068068622,0.045224128389596
19660,"Deltona-Daytona Beach-Ormond Beach, FL (MA)",0.0063557986595042,0.0866069490065343,0.0571216461343437,0.0214906536492439,0.1336923863485148,0.0545303012263364,0.0172499527254645,0.0753345986567028,0.1225951268708459,0.2190631937975809,0.1147090339886401,0.0492705714265703,0.0419797875097175
19740,"Denver-Aurora-Lakewood, CO (MA)",0.0121897977016249,0.0787357884261326,0.0669181746514878,0.0264337286574811,0.0994325588481,0.0535734301548248,0.0328778982816992,0.0849396795750291,0.1605679489569251,0.201869217912141,0.0904728965260562,0.0477497735003805,0.0442391068081172
19780,"Des Moines-West Des Moines, IA (MA)",0.0165518425054104,0.0633781098396573,0.0928506874699977,0.0300867014044393,0.112237153683804,0.0468933114143887,0.0182708527202465,0.1515491205157567,0.1035509226606309,0.2118968379330041,0.0726650558209011,0.0449517148534818,0.0351176891782809
19820,"Detroit-Warren-Dearborn, MI (MA)",0.0034634646011187,0.051994224159159,0.1955257146825934,0.0229013157862783,0.1049418603239269,0.0479187885304972,0.0136921232043385,0.0655911518703243,0.1162283545604712,0.2163332153103494,0.0868561736948625,0.042705863896672,0.0318477493794079
20020,"Dothan, AL (MA)",0.0185300355610837,0.0642810441882345,0.101341115310402,0.036741137635746,0.1351959048940343,0.0845333205759938,0.0094244845237525,0.0351943102266022,0.0788722511920139,0.2422937696343427,0.0875791353713183,0.0566266405141207,0.0493868503723548
20100,"Dover, DE (MA)",0.0093856868275879,0.0759966051771049,0.0820748358752901,0.0158133845885025,0.1441551633758518,0.0584109233419036,0.0085369811038166,0.0535308654302189,0.0691944784204088,0.2581937545243503,0.0943311450038691,0.0356955642644966,0.0946806120665984
20220,"Dubuque, IA (MA)",0.017667982644725,0.0568737051948559,0.1671813313528515,0.0345541961458781,0.1257280225149513,0.0418246491810968,0.0173161865301176,0.0699097056639174,0.073036782238205,0.2471367705116679,0.0806003987022632,0.0448149161552593,0.0233553531642106
20260,"Duluth, MN-WI (MA)",0.0275282939580202,0.0686248673442496,0.0803484305667338,0.0224713499191601,0.1147997521385175,0.0591733677110561,0.0115668691818434,0.0573500188745094,0.0707331144365068,0.2901047713335375,0.1007756355011716,0.0441805970042948,0.0523429320303986
20500,"Durham-Chapel Hill, NC (MA)",0.0059685278677818,0.0637417426468741,0.0822124682892522,0.0166936678974204,0.0850130610604576,0.0298991535428126,0.0170798482907593,0.0554812498430161,0.1438035315098083,0.3295751387737674,0.0841904654258659,0.0453683470223293,0.0409727978298545
20700,"East Stroudsburg, PA (MA)",0.0076015529784266,0.0644938370880398,0.1120632248174999,0.0198519895965522,0.1239618540250537,0.0869341240623704,0.0134566334543718,0.0588774830692683,0.0879392880925756,0.2287125105228109,0.1082561660530977,0.0495671512394928,0.0382841850004397
20740,"Eau Claire, WI (MA)",0.0221112221112221,0.0523476523476523,0.1534909534909534,0.0228660228660228,0.1483294483294483,0.0586635586635586,0.0156177156177156,0.0623265623265623,0.0645798645798645,0.253979353979354,0.0766344766344766,0.0397935397935397,0.0292596292596292
20940,"El Centro, CA (MA)",0.0948393945620163,0.0603040887610437,0.0407335114033285,0.0256318060406821,0.1220121909458256,0.0639168550099308,0.0076022190260941,0.0349633586740634,0.0730429422642284,0.2399664406547496,0.0894116841312238,0.0381480720498596,0.1094274364769536
21060,"Elizabethtown-Fort Knox, KY (MA)",0.008993046766821,0.0600032756130607,0.1640635468933788,0.0184625463424802,0.1228801572294269,0.0651698107589,0.0187305510474517,0.0450694578860384,0.0729568363533493,0.2064529577297023,0.0880544347334097,0.0469454908208388,0.0822178878251418
21140,"Elkhart-Goshen, IN (MA)",0.0127622270697845,0.050569815090416,0.3445903243562822,0.0277262441132698,0.1042486391714745,0.0396016391103137,0.0090823836415159,0.0336384579315406,0.0548714603168131,0.1869075044341603,0.0725265539948217,0.0466657152759372,0.0168090354936698
21300,"Elmira, NY (MA)",0.0097980997624703,0.050394083351328,0.1477542647376376,0.0170859425610019,0.1248110559274454,0.0529583243359965,0.0108777801770675,0.0464532498380479,0.0633232563161304,0.2839019650183546,0.0833513280069099,0.0506909954653422,0.0585996545022673
21340,"El Paso, TX (MA)",0.0106943122728276,0.0724551926857666,0.0669117105718812,0.0239354087534118,0.1155132969948491,0.0718225867583581,0.0170912670387771,0.0460166277195919,0.1065368370248979,0.2627768673463544,0.0931021413165292,0.0431699010462538,0.0699738504705006
21420,"Enid, OK (MA)",0.0723725834797891,0.0657644991212653,0.0949384885764499,0.0206326889279437,0.1398242530755711,0.0611950790861159,0.0073462214411247,0.0371177504393673,0.0602460456942003,0.216414762741652,0.0921265377855887,0.0687170474516696,0.0633040421792618
21500,"Erie, PA (MA)",0.009229659896647,0.0530384969755237,0.1559588190521972,0.0213275647958979,0.1076393061731362,0.0444898449705564,0.0087729840163441,0.0664022753675439,0.0717221487801946,0.2786604174177783,0.0941152906301326,0.0545847854825141,0.0340584064415334
21660,"Eugene-Springfield, OR (MA)",0.0228602432012171,0.0620979740689778,0.099020035574051,0.0296730095870948,0.1226913223926346,0.0403452249107852,0.0110693470259869,0.0505531876810864,0.104154780682619,0.2697083599020035,0.0998366725956751,0.0470964638498282,0.0408933785280397
21780,"Evansville, IN-KY (MA)",0.0115313228112206,0.0621783142680374,0.1806047362670633,0.0284136532968262,0.1120815617307515,0.0566627614622138,0.0163031316229415,0.0488567404267642,0.0799755156844419,0.2372740795345347,0.0919149104216304,0.0486197954374926,0.0255834770360814
21820,"Fairbanks, AK (MA)",0.0414213774026526,0.081802491902499,0.0188902286214152,0.0148473887036905,0.1015674870558195,0.0817079225476984,0.0241861124902475,0.0430054140955623,0.0716362862614369,0.2744402676312741,0.0996524576211078,0.0443057427240702,0.1025368229425254
22020,"Fargo, ND-MN (MA)",0.0234223524250272,0.0762323270920901,0.083060898116305,0.0318996872302183,0.1042683876080895,0.0416295164097991,0.0101473273043773,0.0796855319209159,0.093540808672639,0.2955108337225265,0.0881345617684937,0.0403133358807795,0.0321544318487383
22140,"Farmington, NM (MA)",0.1059245175812408,0.0701064271509429,0.0318844380340479,0.0163465110688607,0.1263576564173168,0.0712865228698179,0.0081076946611595,0.0327804366354159,0.0601630280382001,0.257523110207828,0.1052470552241089,0.0499355318079503,0.0643370703031097
22180,"Fayetteville, NC (MA)",0.0100644953403249,0.07092977006228,0.101541141582628,0.0166096899088204,0.1401376504765405,0.050397998177415,0.0133169535643619,0.0393768974770792,0.0861297257563475,0.2411904198490577,0.1004334932710365,0.0478453722957018,0.0820263922384062
22220,"Fayetteville-Springdale-Rogers, AR (MA)",0.0133869217720861,0.0807570640463346,0.1297965982548099,0.0286993596894723,0.1724941546831303,0.0552745388694469,0.0101471644482479,0.0447873527209376,0.096466830692116,0.2137934196249828,0.0831028317312835,0.046323181074927,0.0249705823922245
22380,"Flagstaff, AZ (MA)",0.0125620670175125,0.0629441322510629,0.0783456724050783,0.0108078375405108,0.1183064252371183,0.0432164838105432,0.0091576725240091,0.033999345880534,0.0778104837510778,0.2839027145957839,0.1752445514821752,0.0350994558915351,0.0586031576130586
22420,"Flint, MI (MA)",0.0065236350950636,0.060334903192046,0.1769405197976626,0.0221873364730507,0.1310308738880167,0.0451770451770451,0.0107855107855107,0.047351590208733,0.0817721960579103,0.2457875457875457,0.0944357230071515,0.0482818768533054,0.0293912436769579
22500,"Florence, SC (MA)",0.0130957943925233,0.0552102803738317,0.1488200934579439,0.0273831775700934,0.1307359813084112,0.0564485981308411,0.0096378504672897,0.0494042056074766,0.0751285046728972,0.2744976635514018,0.0869742990654205,0.0312850467289719,0.0413785046728971
22520,"Florence-Muscle Shoals, AL (MA)",0.0118379411237833,0.0764614557831253,0.1596554606795246,0.0247507016182002,0.1394428852928882,0.0583686630441273,0.0124052069027288,0.0400818056965426,0.0688929360482474,0.2141279035051053,0.0938974144622917,0.0538454648593778,0.0462321609840568
22540,"Fond du Lac, WI (MA)",0.0283565779481765,0.078846474412402,0.2266303643199792,0.0186697782963827,0.105313848604397,0.0525643162749347,0.0215776703524661,0.0555092515419236,0.0525087514585764,0.2002741197607008,0.0681039432498008,0.0493600785316071,0.0422848252486525
22660,"Fort Collins, CO (MA)",0.0178891540705383,0.0691699814372845,0.0992893131795279,0.0224078493768231,0.1105701405462742,0.0385733227260673,0.0160381861575179,0.0573906125696101,0.141750198886237,0.2465181649429859,0.0919066560594007,0.0488411561919915,0.0396552638557411
22900,"Fort Smith, AR-OK (MA)",0.0223435378702411,0.0705202975314071,0.1708797827791269,0.0254699122320592,0.1187735434154922,0.0692295925196474,0.0077442300705585,0.0438457272883721,0.0805877966231332,0.2217813641317857,0.0873377057957435,0.0435493431745606,0.0379371665678719
23060,"Fort Wayne, IN (MA)",0.0061984684984626,0.0565500088129883,0.1932492508959871,0.0287352382444527,0.1106715497150467,0.0526576056089775,0.0149771841522884,0.0659945947004563,0.0787489473374982,0.2391453359707017,0.0823182076340063,0.0460772409471024,0.0246763674820312
23420,"Fresno, CA (MA)",0.0899610026246845,0.0611592396834981,0.0644166392009026,0.0327231523159052,0.105814963348241,0.0593958173450509,0.0119205425470747,0.0432675999412994,0.0934686012187581,0.246924836829304,0.0816130142012033,0.0468160964613671,0.0625184942827105
23460,"Gadsden, AL (MA)",0.006115717623345,0.0706170690366026,0.1749965642035824,0.0185991112739933,0.1388977965092308,0.0456502817353062,0.0102157680150258,0.0308992624490356,0.05799624352925,0.2435979660085207,0.0965000687159283,0.0581565806954052,0.0477575702047734
23540,"Gainesville, FL (MA)",0.0142278120001798,0.0540913791663722,0.0439103037621803,0.014202118434491,0.113514173213173,0.0365105568438023,0.0149343850566221,0.0465182006795948,0.0978539449258419,0.3556117959160077,0.1098913804510505,0.0466787854651498,0.0520551640855338
23580,"Gainesville, GA (MA)",0.0087386018237082,0.1040622689558859,0.1744331717735973,0.0369465209890741,0.116764560913497,0.0606978559106218,0.0142323174238067,0.0468352090692516,0.1081697198718475,0.1695863796927626,0.0774459870204551,0.0599379774911689,0.0221494290643226
23900,"Gettysburg, PA (MA)",0.0308664572936937,0.0791121558351476,0.1578004277374231,0.026145931677617,0.1098630084198763,0.0521377237432804,0.0110787846091597,0.029787480010019,0.0824646923951369,0.2407468064199148,0.0814435174659447,0.0491898036646692,0.0493632107281169
24020,"Glens Falls, NY (MA)",0.0186261754582434,0.0743729516971064,0.1087762059254623,0.0144266398774723,0.1311407914889412,0.0367253503730175,0.0093707284135636,0.0513990217552411,0.0823603036840631,0.2641590224139918,0.1034238566558521,0.0401837914395349,0.0650351608175096
24140,"Goldsboro, NC (MA)",0.0375772703340418,0.0584816988748269,0.1417289054425615,0.0286850880443049,0.1276691172169029,0.0467424582203935,0.009204188685868,0.033501686784579,0.0776115910376162,0.2308847331370293,0.0881808077065579,0.0556736413096468,0.0640588132056707
24220,"Grand Forks, ND-MN (MA)",0.0463673409449686,0.0638055728918095,0.0764895921289327,0.0223576489592128,0.129997430155292,0.0441646169095781,0.0105363633026175,0.0421087411432137,0.0562061749697125,0.3264804141121186,0.087796908843937,0.0522963398068945,0.0413928558317118
24260,"Grand Island, NE (MA)",0.0464480169277217,0.083709648285294,0.1773024023946533,0.0244884267024488,0.1236549428431347,0.0577245632596186,0.0135731427244342,0.0570278430057027,0.0566407761979717,0.2104095166825794,0.0670399710990116,0.0444094650736717,0.0375712848037571
24300,"Grand Junction, CO (MA)",0.0473952481433778,0.1007645720862678,0.0556712614069222,0.0252939080869255,0.1215368172974158,0.0560275136334986,0.0155654818996464,0.0523827793154476,0.0896522430188265,0.2480748677756159,0.0918034583869995,0.0492450193198322,0.0465868296292236
24340,"Grand Rapids-Kentwood, MI (MA)",0.0131224905260821,0.0602346511615214,0.2037051523922665,0.0371024638553888,0.1073395346637145,0.0404226558989351,0.0129623935946673,0.0543037875659262,0.0958380255682076,0.2267845804823647,0.0782873994618559,0.0476251985292913,0.0222716662997778
24420,"Grants Pass, OR (MA)",0.0405105105105105,0.0622522522522522,0.1025525525525525,0.0171171171171171,0.1175975975975976,0.0375075075075075,0.0118018018018018,0.048078078078078,0.0949249249249249,0.2486486486486486,0.1117717717717717,0.0499399399399399,0.0572972972972972
24500,"Great Falls, MT (MA)",0.0366365270865362,0.0790838262500977,0.0451833129218021,0.0349688615577038,0.1423248299762878,0.0553195924642363,0.0129765223962269,0.0573260025536128,0.0710321286187039,0.2464496964327592,0.0969070015894937,0.0548505615342522,0.0669411366182869
24540,"Greeley, CO (MA)",0.0548949310283437,0.1057810955658008,0.1038595888098322,0.0306949961017354,0.1082735292492617,0.0561718428661759,0.0138188872450013,0.0489892137783698,0.1103853449810611,0.195932299116598,0.0839999263320093,0.0493698317300313,0.0378285131957788
24580,"Green Bay, WI (MA)",0.0188869935037622,0.0652836846286862,0.1827651072580268,0.0297997382810674,0.1067088844230499,0.0622225078282002,0.0125017525821376,0.0673867831939056,0.0822369958405384,0.2159122774220685,0.0845971397859513,0.0422547553395335,0.0294433799130719
24660,"Greensboro-High Point, NC (MA)",0.0066198825311379,0.0570181651756039,0.1540689121598797,0.0306285346903638,0.1148808421144395,0.0640385097364033,0.0139072017783783,0.0656512547810262,0.0940540923405507,0.2341422484717061,0.0870882324096372,0.0459986487811788,0.0319034750296941
