GeoFIPS,GeoName,under_5,5_to_9,10_to_14,15_to_19,20_to_24,25_to_29,30_to_34,35_to_39,40_to_44,45_to_49,50_to_54,55_to_59,60_to_64,65_to_69,70_to_74,75_to_79,80_to_84,85_over
1001,"Autauga, AL",5.697213207644362,6.3806040625697555,6.875118048043408,6.763508988821923,6.263843815999588,6.363433438074143,6.389189374817563,7.273476536341626,6.035474510207936,7.089750854238569,6.65361699205,7.149848039973214,5.929016638335137,4.51072305499751,4.448908806813304,3.2160579680282972,1.3753670220985936,1.584848640945071
1003,"Baldwin, AL",5.298704271984009,5.164420532644157,7.22358462737363,6.076229136489515,4.922709801832423,5.410093734452805,5.570353672550202,6.472476236180882,5.724009492319411,6.480401178174709,6.523107810030335,7.043952608846876,7.482906340393869,6.489646943834175,6.133024554111944,3.964232095134526,2.1912464612932623,1.8289005023532676
1005,"Barbour, AL",5.225860089473059,6.338334850944218,5.6296765509323405,5.887010570489727,5.67718436992755,6.9994853319608845,7.058870105704897,6.880715784472861,5.760323053169167,6.235401243121263,6.4135555643533,6.096836771051902,6.789659131398709,6.061205906805496,5.356506591709886,3.9391899916861317,1.967615503384932,1.6825685894136744
1007,"Bibb, AL",5.336426914153132,5.68445475638051,5.488131358200963,6.527752989469928,5.3185793325004465,8.107263965732644,6.768695341781189,7.250580046403712,6.411743708727467,7.536141352846689,6.18418704265572,7.067642334463681,6.282348741745493,5.613064429769766,3.953239336069962,3.5382830626450117,1.5348920221310012,1.3965732643226842
1009,"Blount, AL",5.887847292982814,6.076353508593167,7.122478092520888,6.098430813124108,5.750288703213097,6.22410162353101,5.718021873514028,5.566877250186808,6.553562937300455,6.646966918008287,6.657156443176415,6.9017050472114665,6.821887100061137,5.74009917804497,4.848515725833843,2.8275932341552883,2.637388764350248,1.9207254941919705
1011,"Bullock, AL",5.37261698440208,5.988831118813788,8.511457731561718,8.434430964760255,5.478528788754092,5.218563450799152,5.622953976506836,7.654534950895436,5.141536683997689,5.873290968611593,6.81686886192952,6.046601193914886,7.644906605045253,5.141536683997689,4.727517812439823,2.7440785673021373,1.579048719430002,2.0026959368380512
1013,"Butler, AL",5.667066367759762,5.594077472498827,7.663834002398207,5.880819561023929,5.416818726865126,5.8756060685052915,5.4950211146447,6.574214066002815,6.115426724362651,5.427245711902404,5.682706845315677,6.443876753036859,7.351024451279913,7.392732391429019,4.916323445075856,4.061310672019185,2.0280485897502736,2.413847036129503
1015,"Calhoun, AL",5.768520506764011,5.69637105432682,6.415288812540262,6.871376422589651,6.308782477990123,6.72535967360962,6.161906806957269,6.41013528022332,5.740176079020829,6.039080953403478,6.329396607257891,6.91088683701954,6.943525875026841,5.945458449645695,4.877818337985828,3.690788060983466,1.7375993128623577,1.4275284517929998
1017,"Chambers, AL",5.902279382212781,5.2104265947063215,6.2324166044669,5.391284377332491,5.98840213584429,6.841017396796234,5.652523396681404,6.812309812252397,4.372165126026297,6.482172589998278,6.927140150427744,8.023769880002297,6.56255382672102,7.1568008267784355,4.975024401446862,3.8209795027846356,2.2478038697823965,1.4009301257392204
1019,"Cherokee, AL",4.36036036036036,5.785785785785786,5.465465465465465,5.801801801801801,4.768768768768769,5.34934934934935,4.5525525525525525,6.03003003003003,4.908908908908908,6.478478478478479,7.395395395395396,8.032032032032033,8.208208208208207,7.1991991991991995,6.626626626626626,3.8878878878878878,2.926926926926927,2.2222222222222223
1021,"Chilton, AL",6.04142051407807,6.7458813563100515,6.828365695432151,6.409256080433377,5.905432819849745,6.35575272532715,6.08154803040774,5.909891432775264,6.792696792028,6.440466370912009,6.525180016496868,6.487281806629958,7.042379115857058,4.862117395278329,5.1140290255701455,3.290456339032927,1.5382214593040104,1.6296230242771474
1023,"Choctaw, AL",5.472170106316447,4.151031894934333,6.762038774233896,6.793308317698561,4.2682926829268295,5.456535334584115,5.964665415884928,4.401188242651657,5.010944340212633,6.4962476547842405,6.386804252657911,8.372420262664166,7.668855534709193,6.386804252657911,6.590056285178236,4.4793621013133205,1.9308943089430894,3.4083802376485304
1025,"Clarke, AL",6.146663239955453,5.20431765612953,6.789171592564037,6.609269253833633,5.564122333590336,6.04386190353808,4.925897369999143,5.619806390816414,6.039578514520689,6.0952625717467654,6.66495331105971,8.099888631885548,6.459350638224963,6.97764070932922,4.060652788486251,3.915017561894971,2.411548016790885,2.3729975156343697
1027,"Clay, AL",5.245346869712352,4.928087986463621,7.586012408347434,6.436830231246475,5.520304568527918,5.125493513818387,6.119571347997744,4.617879300620417,5.992667794698252,6.676536943034404,6.606034968979131,7.600112803158489,7.374506486181613,5.520304568527918,5.795262267343486,4.526226734348562,2.305414551607445,2.023406655386351
1029,"Cleburne, AL",5.749036288714608,6.925428685364881,6.320616775222651,5.71580486508042,5.110992954938189,6.141167087598032,6.533297886481456,5.34361292037751,5.589525455270504,6.991891532633258,6.619699587930347,6.55323674066197,7.211218928618902,6.387079622491028,4.911604413133058,3.841552572112189,0.9902964242988169,3.0639372590721785
1031,"Coffee, AL",6.055464434515393,5.687838169032672,7.903022076428558,6.504157004694304,5.672756065833381,6.385385441999887,6.174235997209811,6.798258017080482,6.162924419810342,6.719076975284204,6.5588296287917345,5.953660237920178,6.524894896593329,5.359802424448089,4.856437230171747,2.967403804460532,2.2359217992949114,1.4799313764304431
1033,"Colbert, AL",5.603197802391309,5.781049146841818,6.341016746200849,5.693003926816813,5.4588036415503,6.358625790205849,6.0363802849143315,6.862244448748878,4.875944284984768,6.260015143777845,6.844635404743876,6.9520505731743825,7.3218404972794024,6.390322069414851,5.071404673440279,3.4055891105671874,2.9266231136311607,1.8172533413161
1035,"Conecuh, AL",4.313126167430803,5.162166751570725,7.972491085073867,5.790456783834267,3.1923925963661066,7.556461198845304,5.731023942944473,5.068772287315334,4.865002547121752,5.97724571234505,6.181015452538632,5.382917303447105,9.98471726948548,6.894209543216166,6.8517575140091695,5.272542027508915,1.859398879266429,1.944302937680421
1037,"Coosa, AL",4.453169890825513,2.9975100555449146,5.35338057843325,5.200153227351082,3.801953648726298,6.895230798697567,2.6048649683968588,5.429994253974335,6.694119900402222,6.914384217582839,7.565600459682054,9.701206665389773,8.676498755027772,9.777820340930857,5.343803868990615,4.050948094234821,2.5090978739705037,2.030262401838728
1039,"Covington, AL",5.6548412910109365,6.1189650573486265,6.535076020272072,6.036276340357428,5.1800480128034145,5.572152574019738,5.78287543344892,6.052280608162176,4.913310216057615,6.084289143771673,6.404374499866631,7.156575086689784,7.583355561483063,6.3937049879967995,5.404107762069885,3.112830088023473,3.0168044811949852,2.9981328354227794
1041,"Crenshaw, AL",5.458646616541354,6.142857142857143,7.007518796992482,6.022556390977444,5.586466165413534,6.097744360902255,6.015037593984962,5.924812030075188,5.443609022556391,5.962406015037594,6.2857142857142865,6.2631578947368425,8.526315789473685,4.857142857142857,7.022556390977444,3.037593984962406,2.2030075187969924,2.142857142857143
1043,"Cullman, AL",6.071457264515833,6.027843771878479,6.528251213717591,6.3595358606204595,5.503334136739777,6.12769571554821,6.0760481584776596,5.336914230623558,6.76353452926121,6.511035361360741,6.638432668801432,7.170976368373331,6.67401209700559,5.136062619793639,5.81666264963445,3.466124941179171,2.4171056709017664,1.3749727415671016
1045,"Dale, AL",6.492324494872884,6.508504742835183,6.251643306433671,6.140404101692858,6.637946726533585,7.285156645025586,6.627834071557147,6.124223853730559,5.9361284711688205,6.067592985862508,5.901745444248934,6.6864874704204835,6.338612139231034,5.5619602370406325,4.661933944137694,3.1753736626013795,2.0852294561414153,1.516898246465627
1047,"Dallas, AL",6.120729278382106,6.738675246412338,6.894438486287728,7.144681068382616,5.896021653643838,5.865379704815893,5.4849088402022375,6.347990398856034,4.900158316735611,5.551299729329452,6.100301312496808,7.103825136612022,7.566007864766866,6.626321434043206,4.60905980287013,2.6556355650886063,2.609672641846688,1.7848935192278228
1049,"DeKalb, AL",5.8822707325935655,6.079324705816586,7.9604214998462695,6.765519747323699,5.83056153394639,6.08072225172597,5.558040081616681,6.191128378567236,6.290354138133438,6.590826508650808,6.5614780445537635,6.431506274981133,6.828409313245939,5.883668278502949,4.5504094809514495,2.870559297872935,1.9104452581267295,1.7343544735444558
1051,"Elmore, AL",5.613568035251188,6.211415326004635,6.345672779014527,6.68992265852707,5.862575448098593,6.936635072177724,6.921717577398848,6.599270190255433,6.316985289055149,6.893030087439469,6.619925183026186,7.154659995869002,6.331902783834026,4.755238335666583,4.844743304339843,2.9020264842907304,1.8314093590067244,1.1693020907442682
1053,"Escambia, AL",5.72683641096559,5.710566989343529,7.3429322920903495,6.789771956940265,4.699151278505383,6.833157081265762,6.534884351527969,6.46709509476938,6.317958729900486,6.279996746115675,6.065782694758535,6.567423194772093,6.705713278559614,6.152552943409528,4.238184332546978,3.462675235228721,2.11231324059763,1.9930041487025134
1055,"Etowah, AL",5.825955851084394,5.790196002628832,6.158425793482043,6.003788610971508,6.095604438087139,6.2608729268952725,5.575636911895465,6.023118258785325,6.186453782812077,6.898751304751228,6.6165384466695025,6.4792979471914025,7.170332856535354,6.559515985618742,5.023775466810995,3.2106545018749757,2.3881779873970697,1.7329029265086788
1057,"Fayette, AL",5.523984112435075,5.707302169263673,6.446684998472349,6.538344026886649,5.523984112435075,5.438435685915063,5.71341277115796,4.845707302169264,5.841735410937978,5.945615643140849,6.684998472349527,7.412160097769631,7.418270699663918,7.8582340360525516,4.399633363886343,3.550259700580507,2.590895203177513,2.56034219370608
1059,"Franklin, AL",7.217331585190736,5.931198102016608,7.93844040706749,6.79278266841481,5.412998688893051,6.38696385090841,6.190297808578386,5.163264031966036,6.9707186114753075,6.130985827558219,6.739714053817819,6.212149591059499,6.433789099082225,5.528500967721796,4.030093026159705,3.202846975088968,1.8574015108946744,1.860523194106262
1061,"Geneva, AL",5.4653435573597955,8.198015336039694,4.769959404600812,6.0968275447301155,4.751165238310029,5.600661554653436,5.574349721846339,5.999097880018042,5.296196060742746,5.766050218012329,7.814614343707713,7.521425349571493,7.156818523530297,6.491505036836566,5.213501729063299,3.7212449255751014,1.9508344609833108,2.6123891144188844
1063,"Greene, AL",6.865367469112214,6.776206852630239,4.8910966755827285,5.158578525028658,5.820914533180487,5.744491147624506,7.158323780410139,2.713030187237295,6.2412431537383775,4.241497898356897,5.73175391669851,7.744236403005987,8.037192714303911,9.514711501719527,5.043943446694689,4.470768055024838,1.7704750987135396,2.07616864093746
1065,"Hale, AL",6.606383696605708,9.30562116202173,3.643970578311627,6.565895134624469,5.789864363317363,6.059788109858965,6.8560631621566905,4.406505162291652,5.7831162696538225,5.007085498346718,6.059788109858965,7.982994803967879,6.532154666306768,7.072002159389973,4.453741817936433,2.571023685808759,2.550779404818139,2.75322221472434
1067,"Henry, AL",4.951937081270026,5.884066414214972,6.618118263909118,6.111272939120303,5.348092047771629,4.410136906495776,4.800466064666472,5.633556655986018,6.693853772210895,6.507427905621905,6.373434314011068,7.2706087969705795,6.979318380425284,7.07253131371978,6.682202155549083,4.194581998252257,2.1555490824351877,2.3128459073696477
1069,"Houston, AL",6.122890320154201,5.954586056132763,6.923981007004842,6.268628649334775,5.566263927412909,6.471722062902543,6.331625217432185,5.794744017676648,6.698321658596211,6.28837384232053,6.40966574209017,6.692680174885996,6.678576465610456,5.5465187344271545,5.03502421136759,3.211884725682854,2.091109961919985,1.9134032250481876
1071,"Jackson, AL",5.153383573114105,5.811829184745376,6.338966278450179,5.699550886808251,5.235213519068281,5.849889624724062,5.701453908807186,6.257136332496003,5.887950064702748,6.299002816472559,6.9041638121336675,7.250513815939712,7.503615741797976,7.18771408997488,4.93453604323666,4.1409758696810535,2.234147826748877,1.6099566110984243
1073,"Jefferson, AL",6.309121998364434,6.389710802170842,6.5253141030406665,6.326072410973162,6.215597353356628,7.2669689985874655,7.069065496989071,6.647535499219388,6.208460337521374,6.085941565682849,6.053527618764404,6.266894654672515,6.765147572671176,5.63184893316482,4.052040740465393,2.4817485688796372,1.876440413352167,1.8285629321240056
1075,"Lamar, AL",5.8295642185368655,4.580371885993252,7.121832148754398,5.973149544116591,5.075741259243306,5.176250987149113,5.43470457319262,3.9342379208844855,7.6674563859573555,6.446981118529687,6.554670112714481,6.784406633642042,7.617201522004451,5.779309354583962,5.965970277837605,4.680881613899059,2.7927345825256658,2.5845358604350634
1077,"Lauderdale, AL",5.080242548906173,5.561269310706863,5.740181268882175,6.470827708855606,8.213880139701313,6.279059801589852,5.491632919800304,6.3604808124959815,4.877761350731718,6.053009363416254,6.334768914315099,7.362173512459558,6.3819073943133855,5.9383771506931495,5.61804975252298,3.605022390777999,2.551905894452658,2.079449765378929
1079,"Lawrence, AL",5.146725497899604,5.775333192299556,7.398229018707123,5.5607603735380335,5.603070506814953,6.334431382030282,5.358276164284203,5.929462963522621,5.5456496116534195,6.240744658345674,7.975460122699387,7.652089818368641,7.340808123545589,6.065459820484149,4.874731783976547,3.227658738553598,2.097373749584454,1.8737344736921635
1081,"Lee, AL",5.6763614615934,5.373846698756844,6.641970004006434,8.537767893951447,12.53955627297167,7.428160001858056,6.6152604472108845,6.164681836920736,6.068875817980176,6.049714614192065,5.657200257805287,5.6583615428833545,5.31810501500961,4.318238562793588,3.546564628417807,1.919023591506361,1.201930055799748,1.2843812963425327
1083,"Limestone, AL",5.357795627216772,6.035547388284577,6.80122904255214,6.37047136350613,5.269865734017013,6.476184830611459,6.748866297163519,6.606597705918967,7.332760307063042,6.648092711698627,7.557030933538833,6.842724048331802,6.859519645909284,5.184899769801516,4.093185927265183,2.3187804420206093,2.2367784067893735,1.2596698183111532
1085,"Lowndes, AL",6.202825624153281,5.9996129281981805,6.318947164699051,6.096380878652989,5.9899361331527,5.970582543061738,5.806077027288562,4.944842268240759,6.2705631894716465,5.206115734468744,6.72537255660925,8.534933230114186,6.91890845751887,6.6769885813818455,4.296497000193536,3.367524675827366,2.748209792916586,1.9256822140507064
1087,"Macon, AL",4.617752693689072,4.1508465879938425,5.495125705489995,9.70241149307337,11.698306824012313,5.808106721395587,4.643406875320677,4.458696767573114,4.545920985120574,5.166752180605439,5.885069266290405,7.024114930733709,6.5469471523858385,7.296049256028733,5.028219599794767,3.3042585941508467,2.9040533606977936,1.7239610056439199
1089,"Madison, AL",5.788056491054537,5.844317268918668,6.480718253874798,6.542735948543631,6.6120806282366305,7.076559143161437,6.895739619886484,6.459784010948609,6.022781689864424,6.21223658834643,6.910655267971394,7.597821792023531,6.609202169834279,4.811212380511266,4.102849935496364,2.584855645311122,1.9008292576979138,1.5475639083184831
1091,"Marengo, AL",6.578336856214878,5.887508377584163,6.305098726607207,7.042326132907151,6.939217404753312,3.835644687322782,5.186369026138062,6.686601020776409,4.763623240707326,5.954529050884157,6.459761818837964,7.449605609114812,7.207300097953291,6.722689075630252,4.74815693148425,3.37165541063051,2.4900757849151933,2.371500747538279
1093,"Marion, AL",4.980947196516059,5.259934676102341,6.750136091453457,6.42691888949374,5.117038649972782,5.8757485029940115,5.2463255307566685,6.273816004354926,4.916303756124115,6.896434403919434,7.301306477953185,8.689439303211758,5.467474142623844,6.88622754491018,4.701959716929776,4.133777898747958,2.9327708219923787,2.143440391943386
1095,"Marshall, AL",7.028267424031941,6.37997921361611,7.505736836147728,6.86979697259696,5.578365696292408,6.209160415316066,5.895306599162371,5.577336667386986,6.2966278722769315,6.226653906708239,6.460243468239023,6.8770001749349134,6.226653906708239,5.335514874612827,4.735591022751829,3.2064540692948063,1.9901419030860579,1.6011689768365593
1097,"Mobile, AL",6.489797887222035,6.316386088466548,6.778013602817038,6.4434904249674405,6.373064492788577,7.096136221118132,6.710723071728329,5.712941970961363,6.428054604215909,5.933625970768414,6.148762722492885,6.569871207370605,6.728811924171531,5.587043557956683,4.355313298924316,2.8684096280931937,1.8957117360474653,1.5638415898895375
1099,"Monroe, AL",5.085756897837435,5.224956500124285,6.9997514292816305,8.008948545861298,5.741983594332588,4.683072334079045,4.305244842157594,6.065125528212777,5.528212776534924,6.442953020134229,6.631866766094954,6.805866268953517,8.148148148148149,7.198608003977132,4.548844146159582,5.021128511061397,1.7897091722595078,1.7698235147899577
1101,"Montgomery, AL",6.728888733673255,6.4333484668575815,6.67694000139694,6.61800656562129,6.962876300901026,7.311674931899141,6.9410491024656,6.015575888803521,6.658168610742473,5.960571348746246,5.968429140182999,6.831476566319759,5.758451491234197,5.538433331005098,3.664786617308095,2.622756164000838,1.531832786198226,1.7767339526437103
1103,"Morgan, AL",6.027339162208013,6.520781678193918,6.45063943625212,6.241028317891165,5.622797859846013,6.242659532820044,5.870742529035626,6.23368785071121,6.130921310191831,6.542803079733786,6.798088216103354,6.668406629257471,7.146352603419026,5.804678324416026,4.566586193396842,2.7363630431945714,2.4003327678454913,1.9957914654834923
1105,"Perry, AL",6.446793840496437,4.091013560101127,6.8949666743277405,11.928292346586991,6.745575729717307,5.125258561250287,4.091013560101127,6.320386118133762,4.424270282693634,7.929211675476902,3.2636175591817973,6.458285451620317,6.676626062974029,5.194208227993564,7.216731785796368,2.7464950586072168,2.872902780969892,1.5743507239715009
1107,"Pickens, AL",5.020790020790021,5.254677754677755,5.291060291060291,5.977130977130978,6.003118503118503,6.626819126819126,5.665280665280665,6.107068607068608,7.208939708939709,6.725571725571726,6.82952182952183,6.824324324324324,7.546777546777547,6.798336798336798,4.298336798336798,3.1392931392931396,2.177754677754678,2.5051975051975055
1109,"Pike, AL",5.283940197733301,5.983240897034,5.027730889799855,8.602604292259466,16.629491198456716,6.80009645526887,4.690137448758138,5.5069930069930075,4.458041958041958,5.326139377863516,5.271883289124669,5.142271521581867,6.028454304316373,4.702194357366771,4.120448517000241,2.556064625030142,1.8808777429467085,1.989389920424403
1111,"Randolph, AL",5.708697234352257,5.881550218340611,6.0725982532751095,6.568413391557497,5.676855895196507,5.303857350800582,4.903566229985444,5.449417758369723,5.704148471615721,6.204512372634643,6.750363901018923,6.4183042212518195,8.48344250363901,5.635917030567686,6.641193595342067,3.9574235807860263,2.442685589519651,2.197052401746725
1113,"Russell, AL",6.762075134168158,6.4077008263054775,7.092597325155464,6.060141408978619,5.727915495357356,7.825198057756197,6.835335207428231,7.0312633103330775,5.813101627055115,6.279921628758838,6.555924695459579,6.591702870772638,6.624073600817787,4.749978703467075,4.25249169435216,2.2489138768208536,2.0904676718630206,1.0511968651503536
1115,"St. Clair, AL",5.64416227934345,6.035703225235588,7.120736185462107,5.927310533999911,5.1110472061230805,6.063354421979383,6.784497633057558,6.446046984913507,6.770119010750786,6.844224218024156,6.632969074901562,7.517807370703005,6.354245011724108,5.63199575277618,4.859974339689422,2.865770030526921,2.282882803167721,1.1071539176215548
1117,"Shelby, AL",5.509104085514992,6.456200742820907,7.029169308814204,6.833046471600689,5.745991484735937,5.8347676419965575,6.163148835945285,6.861128725428029,6.916387353926987,7.257903795633662,6.811305371863393,6.506477035963402,6.523688739922094,5.784491348854063,3.956427212609838,2.6986140048917475,1.7863936950810761,1.3257541443971375
1119,"Sumter, AL",6.024675532767184,4.750841211344336,5.872456337125461,8.49222880948566,13.042781605511939,6.088767825668963,3.8215029642685465,6.184906265021631,3.2206377183143724,5.551994872616568,4.534529722800833,7.9394327832078195,5.69620253164557,6.673609998397692,4.133952892164717,3.0283608396090367,3.396891523794264,1.5462265662554078
1121,"Talladega, AL",5.285277947464874,6.0,5.84728161270617,6.442272449602932,6.34208918753818,6.519242516799023,6.163714111178987,5.525962125839952,6.502138057422114,6.563225412339646,6.734270006108735,5.839951130116066,8.393402565668906,6.177153329260843,4.858888210140501,2.6487477092241907,2.817348808796579,1.339034819792303
1123,"Tallapoosa, AL",5.714078093208022,6.353551012498788,5.287762813680845,6.116170913671156,5.169072764267028,5.716500339114427,5.227206666020734,4.863869780060072,5.476697994380389,6.106481930045538,7.029357620385622,7.928010851661662,7.557407227981784,6.619998062203275,6.510996996415076,3.836837515744598,2.4246681523108227,2.0613312663501597
1125,"Tuscaloosa, AL",5.880015182299225,5.987184353301034,5.844292125298622,8.429301837504745,11.075933823036907,7.828261403469602,6.72352586572596,6.148831186228762,5.959498984125567,5.768380629172341,5.500904239880327,5.4754515617673984,5.950568219875415,4.82663153899395,3.6281229766237244,2.2152760722498828,1.6222733260398758,1.1355466744066625
1127,"Walker, AL",5.827223364113262,6.479123845752676,6.163143847593337,6.066509187962082,5.883977053103046,5.995950547596405,5.997484431082615,5.968340644844618,5.241279872380894,6.1263306439242875,6.8717980182225356,7.16630364757493,7.0267202503297845,5.712182102647483,5.802681228333896,3.6675154155290364,1.8498634843697273,2.153572414639384
1129,"Washington, AL",5.290869397714139,4.9120328753049955,6.446641838962373,6.806215487350713,6.998844227558752,5.70823166816489,4.314883780660074,4.610247848979068,5.772441248234236,6.0164376524977525,7.2428406318222684,7.172210093745987,8.0647232567099,5.200975985617054,8.642609477334018,3.0820598433286244,2.81237960703737,0.9053550789777836
1131,"Wilcox, AL",6.382182294591053,4.669661239004305,8.394160583941606,7.420924574209247,6.185663484933558,5.689687441512259,5.427662361968931,4.688377316114543,6.101441137937488,5.661613325846902,6.026576829496538,6.999812839228897,6.5506269885831925,6.681639528354857,5.249859629421673,3.172375070185289,2.7512633352049414,1.9464720194647203
1133,"Winston, AL",5.04862579281184,5.708245243128964,5.898520084566596,5.6405919661733614,5.754756871035941,5.395348837209302,5.188160676532769,5.792811839323467,5.006342494714588,6.435517970401691,7.141649048625792,9.226215644820297,6.308668076109937,6.5961945031712474,5.966173361522198,4.646934460887949,2.7103594080338267,1.5348837209302326
2013,"Aleutians East Borough, AK",3.5787621003226753,3.0214139043707835,4.429451452038721,4.634790261073628,8.125550014667057,5.544147843942506,7.304194778527427,9.914931064828396,5.485479612789675,10.501613376356703,9.856262833675565,8.829568788501026,7.069521853916104,5.368143150484013,2.610736286300968,0.9680258140217073,1.3787034320915226,1.3787034320915226
2016,"Aleutians West Census Area, AK",3.085126642544277,4.094458198438393,2.8185107598552657,5.027613787849933,11.88345077128166,9.388687868977337,7.122452866120739,8.36031232146258,6.094077318605979,7.808036564463912,13.711673966863454,7.769948581222624,5.8845934107788995,4.4182060559893355,1.2759474385831269,0.4189678156541611,0.8188916396876786,0.01904399162064369
2020,"Anchorage Municipality, AK",6.911073510058281,7.122323061409356,6.372352971337743,6.26570271240322,7.2491411577706,8.605855509408809,8.411013690201507,7.251533952041567,6.209984788664992,6.00215351484387,6.102650874224478,6.027106940812525,6.003862653608846,4.526824932916304,3.1181527628228136,1.7050368319403855,1.2025500350373446,0.9126801004973593
2050,"Bethel Census Area, AK",10.273306686831587,10.386734363184617,9.160635194987577,8.858161391379497,7.172950199848763,7.956141298476828,7.010910662201578,6.152101112671492,4.839580857729286,4.958409852003888,5.125850707572647,5.331100788592416,5.29869288106298,3.33801447553203,1.982283677217241,1.0262504050988441,0.756184509020201,0.3726909365885276
2060,"Bristol Bay Borough, AK",7.891637220259129,4.829210836277975,3.297997644287397,3.651354534746761,4.593639575971731,11.54299175500589,5.889281507656066,8.598351001177857,4.946996466431095,4.358068315665489,5.30035335689046,10.011778563015312,12.014134275618375,4.593639575971731,2.944640753828033,3.297997644287397,1.2956419316843346,0.9422850412249705
2068,"Denali Borough, AK",2.194787379972565,1.0059442158207592,3.9780521262002746,4.846822130772748,12.254229538180155,2.7892089620484684,7.9103795153177865,8.733424782807498,5.441243712848651,6.95016003657979,8.596250571559214,9.144947416552354,14.357567443987197,7.361682670324646,1.0516689529035208,1.6918152720621855,1.2345679012345678,0.4572473708276178
2070,"Dillingham Census Area, AK",9.471320677689324,9.205960400081649,8.430291896305368,7.266789140640947,6.776893243519086,8.042457644417228,7.511737089201878,8.328230251071647,3.7966932026944273,3.939579506021637,4.63359869361094,5.9808124106960605,5.368442539293734,4.266176770769545,3.653806899367218,1.8983466013472137,0.6531945294958155,0.7756685037762808
2090,"Fairbanks North Star Borough, AK",7.495702477637443,7.495702477637443,5.7087566521528785,6.214165868922994,9.942459520942059,9.840554200249102,8.307857003160095,7.462763384080125,5.35672008975903,5.501857970745967,4.994390060628519,5.609939371480921,4.981008553870858,4.818371779431595,2.967606460179724,1.6726883447076142,0.9922901934142401,0.6371655909993927
2100,"Haines Borough, AK",4.337464251668256,8.198284080076263,13.822688274547188,5.243088655862726,0.19065776930409914,2.8598665395614873,4.575786463298379,7.292659675881792,6.7683508102955185,5.48141086749285,7.626310772163966,5.386081982840801,7.340324118207817,8.913250714966635,6.67302192564347,1.811248808388942,2.7168732125834127,0.7626310772163966
2110,"Juneau City and Borough, AK",5.517990074441688,5.97394540942928,5.902605459057072,5.9770471464019845,5.825062034739454,7.658188585607941,8.19789081885856,7.270471464019851,6.349255583126551,6.724565756823821,6.327543424317618,7.589950372208437,6.8021091811414385,5.629652605459057,3.9050868486352357,2.186724565756824,1.228287841191067,0.9336228287841191
2122,"Kenai Peninsula Borough, AK",5.860911924511591,6.315681899473693,6.3957350411336895,6.0601931494949834,5.060380507911635,6.084038766159663,6.257771116145186,6.1589821328200856,6.041457307829878,5.956294391170309,6.317385157806885,6.939074449421743,8.683210982609731,7.192859941067262,5.004172982916319,2.714993783107084,1.5261194665394902,1.430736999880772
2130,"Ketchikan Gateway Borough, AK*",5.122318674223402,6.808235884927183,5.7392926321830835,6.148217232226128,5.868426716407202,6.679101800703063,6.76519119018581,6.341918358562307,6.693450032283521,5.983212569050864,6.578664179639859,8.042183800846546,7.267379295501828,5.803859674295143,4.95013989525791,2.1522347370686563,1.671568979123323,1.384604347514169
2150,"Kodiak Island Borough, AK",6.914813133605689,8.51868663943108,6.574368285671055,5.099107277954305,5.507641095475866,8.980178544409139,7.762142532909669,9.335754274474201,6.180965350279921,4.819185958541383,5.60599182932365,6.544106521410198,6.801331517627478,5.18232712967166,2.1183234982599486,1.9670146769556665,0.5220154334997731,1.5660463004993193
2164,"Lake and Peninsula Borough, AK",7.809330628803246,7.505070993914807,7.403651115618662,6.490872210953347,6.490872210953347,10.547667342799189,6.085192697768763,7.302231237322515,7.910750507099391,3.3468559837728193,4.36105476673428,7.403651115618662,7.403651115618662,4.86815415821501,1.5212981744421907,2.231237322515213,0.5070993914807302,0.8113590263691683
2170,"Matanuska-Susitna Borough, AK",6.7458125403765665,7.472356680741898,7.9498534740232385,6.864718604585842,5.619481869165878,6.765474173041093,7.268250208319679,7.235480820545471,6.527662044622544,6.0688906157836096,6.1007237353356984,6.9368112576891034,6.220566067767094,5.267445017648656,3.230125366314942,1.8182328873575702,1.0214686303332179,0.8866460063478986
2180,"Nome Census Area, AK",9.404170804369414,9.662363455809334,10.347567030784509,7.934458788480637,6.822244289970208,7.715988083416088,7.507447864945382,5.79940417080437,6.4746772591857,5.342601787487586,4.865938430983118,6.3952333664349545,4.160873882820258,3.008937437934459,2.234359483614697,1.0427010923535254,0.9533267130089375,0.32770605759682225
2185,"North Slope Borough, AK",6.764841233317993,8.237459733087897,7.749654855039116,7.004141739530604,5.752416014726185,9.157846295444086,8.00736309249885,7.399907961343764,6.056143580303727,6.461113667740451,6.829268292682928,7.998159226875287,5.255407271053842,3.5710998619420153,2.13529682466636,1.0124252185918086,0.23009664058904739,0.37735849056603776
2188,"Northwest Arctic Borough, AK",9.96656378600823,10.32664609053498,10.172325102880658,8.011831275720164,6.352880658436214,8.359053497942387,7.818930041152264,5.928497942386831,4.552469135802469,5.105452674897119,5.195473251028806,4.513888888888888,6.044238683127572,2.7520576131687244,2.1733539094650207,1.4531893004115226,0.8873456790123456,0.38580246913580246
2220,"Sitka City and Borough, AK",4.872035689128904,5.189011505048134,7.184785160835877,5.75252406668232,5.529467011035454,7.313923456210378,7.02042733035924,8.687485325193707,5.987320967363231,5.505987320967363,6.222117868044142,7.3256633012444246,7.560460201925334,6.2103780230100964,3.9093683963371686,1.9018548955153793,2.6766846677623857,1.150504813336464
2240,"Southeast Fairbanks Census Area, AK",7.475543875018251,7.18353044240035,8.599795590597168,6.57030223390276,4.891224996349832,6.497298875748285,6.307490144546649,6.541100890640969,5.7380639509417435,5.3292451452766825,7.256533800554825,6.789312308366186,6.5265002190100745,6.263688129653964,3.562563877938385,1.2702584318878667,1.3578624616732369,1.8396846254927726
2290,"Yukon-Koyukuk Census Area, AK",7.93300202466409,9.05577029265599,6.828639793852384,6.313270752806921,5.834713786121847,6.607767347690043,6.478925087428676,6.515737161789067,5.632247377139702,4.2702006258052645,5.208908521995214,6.773421682311797,7.012700165654334,6.718203570771212,3.920485919381557,2.503221056506534,1.3620467513344376,1.0307380820909258
4001,"Apache, AZ",6.3529553352488985,7.515833496306771,8.293592887337715,7.943074631805394,6.166413431017104,6.697456109999549,6.318354820754291,5.671475636724685,5.459359439170791,5.397680261158666,5.766250959035999,6.237118830201736,6.811788244851293,5.502986174837904,3.921893099453914,2.6130910294405245,1.912054518375882,1.4186210942788802
4003,"Cochise, AZ",5.563105554312027,6.49202187190228,5.7885396348287665,6.275381319348959,5.9843954849230965,6.2569948517890825,6.064336648226905,5.966808428996258,5.466376746714418,4.945959773606626,5.479966744476066,5.858887858536117,7.3809676078406286,6.670290666069772,6.323346017331244,4.1057781472835995,3.026572442682186,2.3502702011319667
4005,"Coconino, AZ",5.106180403195761,5.110319990064991,6.598501469553339,11.679154420388846,12.035158891142665,7.57337417725711,6.255605690552082,5.625698555284182,5.442176870748299,5.087552262284224,5.122738750672682,5.769204233417505,5.742296918767507,5.013039698638076,3.4482758620689653,2.143616067116502,1.3860716700473292,0.8610340687999337
4007,"Gila, AZ",5.111725019262934,5.649207870553081,5.827742384093514,4.920035331040575,4.649414594726655,5.057225009866381,5.025276728495988,4.606190449343181,4.213414519554227,4.619345624025108,5.662363045235008,6.662156321061434,9.176673995978275,8.926725677021668,8.280242806938414,4.831707729604781,3.5011557760613403,3.2793971171374334
4009,"Graham, AZ",6.821339625114694,6.70074714903657,8.535850045877574,7.641892777559313,7.261764320356534,7.736269497968279,7.164766024380653,6.899986892122166,6.60374885306069,5.749115218246166,4.873508978896317,4.679512386944554,5.481714510420763,4.322978109844016,3.740988333988727,2.383012190326386,1.6384847293223228,1.7643203565342773
4011,"Greenlee, AZ",7.377908195346887,7.828547474324041,7.7342276252358,7.189268497170405,9.484384824984279,4.045273527562356,4.579752672395724,9.4529448752882,7.660867742611612,5.334311465101655,5.103751833997065,6.990148815761894,4.32823307482708,3.489834416264934,4.254873192202893,2.1274365961014463,2.5256759589184656,0.4925592119052609
4012,"La Paz, AZ",4.476105669338082,4.749183734045711,4.529533986346097,3.5737607598693972,4.416740872662511,4.7729296527159395,3.8349658652419114,4.3811219946571685,4.487978628673197,4.44048679133274,4.351439596319382,4.677945978035025,7.663995250816266,9.427129712080736,9.361828435737607,10.614425645592164,7.331552389433066,2.9088750371029977
4013,"Maricopa, AZ",6.082658260948812,6.450721356956173,7.057839991243789,6.805869958366784,6.548106721353293,7.394624364522143,7.095598859311236,6.700516076026989,6.501921374541868,6.366044404795216,6.161061150131916,6.092550214256961,5.578122846153106,4.8076037979605175,4.141476914424986,2.7418571134822285,1.7352363741777885,1.738190221346194
4015,"Mohave, AZ",4.26034438690989,4.534396092278273,5.180003218569251,4.748336283688481,4.206859339057338,5.151604078116569,5.063093423705709,4.930090782585647,4.3890871569620495,4.8718725446576485,5.814250688679156,7.504472864621298,8.91401686908943,9.812849664416824,7.838636083947859,6.253490727680642,3.8887889659872963,2.637806829046641
4017,"Navajo, AZ",6.577305855978388,7.2648650676772135,8.160661857816882,7.190762505979794,5.451697323865715,6.178652834188483,5.8465983172152445,5.406672982581208,5.522985864232851,5.401982947030739,5.470457466067593,6.625144218593176,6.687990694969467,6.412216604601863,4.95173953418567,3.30459904886079,2.0898798412891972,1.4557870348657242
4019,"Pima, AZ",5.382281078543046,5.7917247549183,6.023884536496812,6.6964039870036896,8.545760016540056,6.874170944184074,5.93055688397711,6.076055273930185,5.535894916541312,5.4716476195168795,5.4773477556438595,6.0609837275605445,6.3308223750631605,6.236431985299445,5.215817781139892,3.844596898932722,2.325655539807722,2.1799639249011897
4021,"Pinal, AZ",5.508231797919763,6.242852897473997,6.955364041604755,6.086181277860327,5.5453194650817235,6.3750371471025264,6.695750371471025,6.954413075780089,6.189598811292719,5.847013372956909,5.3627340267459145,5.790906389301634,6.023893016344725,6.6367904903417525,5.715780089153046,4.285289747399703,2.1548885586924222,1.6299554234769686
4023,"Santa Cruz, AZ",6.712597180962013,7.85664622969471,7.791332195604997,7.608031519288709,6.063670648715842,5.732886669616333,5.718138339338011,6.529296504645724,4.810062575058467,5.480058150559383,5.680214061479468,5.92461496323452,6.135305395781978,5.227229631502434,5.303078187219518,3.4300402418726166,1.9214967448328173,2.075300760592462
4025,"Yavapai, AZ",3.9531372305797103,4.347082198050379,4.918109919628383,4.980131657178053,4.4433228252826265,4.506200035074362,4.384295240580181,4.553678744508938,4.429635269409596,4.779951152534978,5.676486062218497,7.571357078391198,9.585138736210856,9.845202297798442,9.55091984652828,5.90532488697073,3.4184670792894445,3.151559739765344
4027,"Yuma, AZ",7.037409334594765,6.6269512771996215,7.48531614632608,7.1458136234626295,7.992845316934721,7.3438978240302735,6.594429990539262,5.597110532954904,5.451257489750867,4.94914853358562,5.018133081046988,4.76486124251025,5.022567801955219,4.989061021759697,4.561849574266793,4.469705928729108,2.8190042573320717,2.130637023021129
5001,"Arkansas, AR",6.298847912927691,6.790945406125166,6.750419730214786,5.523070688357552,5.233601574711979,5.627279569269959,5.772014126092746,6.252532854744398,5.795171655184392,5.685173391999074,6.408846176113009,6.7562091124876975,7.763561627974296,6.594106408846176,5.540438835176287,3.242054072830429,2.1420714409772477,1.8236554159671163
5003,"Ashley, AR",5.882656750335709,6.378473298212994,6.791653754777399,5.810350170436938,5.872327238921599,5.650242743518231,4.57597355645078,5.634748476397066,5.794855903315773,6.7038529077574625,6.40429707674827,6.409461832455325,7.561202355128602,5.448817270943084,6.941431670281996,3.7496126433219708,1.6010742691870674,2.7889680818097307
5005,"Baxter, AR",4.197608255376603,4.916096055550198,5.3018613173883695,5.205420001928826,4.026424920435915,4.479699103095766,4.706336194425692,4.959494647506992,4.94502845018806,5.311505448934324,5.897386440351046,6.753303115054489,8.752049377953515,8.814736233002218,7.430803356157778,6.934130581541133,4.291638537949657,3.0764779631594177
5007,"Benton, AR",6.816632828025569,7.526885577564622,7.439718194666647,6.895549800196575,5.7196869148485865,7.053025031028719,7.5247332965054134,7.760766785998695,6.859678449209754,6.401601297108052,5.918414199315575,5.707490655513068,5.072926456556207,4.673319606563022,3.2416939886790015,2.5278541040412663,1.44382187721954,1.4162009369596877
5009,"Boone, AR",5.7444251568967815,6.697823474429162,6.355988783549206,6.067565763119242,5.255708372279344,6.1236480170917345,5.605554813726799,5.960742422219255,5.4159433836293225,5.990118840966751,6.6577647215916675,6.817999732941647,6.71651755908666,6.6417412204566695,5.317131793296835,3.5011349979970623,2.3554546668447056,2.7747362798771533
5011,"Bradley, AR",6.737755968670378,6.2281777861658965,8.662829102576202,5.78465603472681,4.161555157119939,6.24705105218458,3.6425403416061153,6.53958667547419,9.304520147211475,5.879022364820232,6.341417382278003,5.86958573181089,6.605643106539587,6.737755968670378,3.548174011512692,3.3783146173445315,2.1326790601113523,2.1987354911767483
5013,"Calhoun, AR",3.866140095614217,4.843067969237165,5.757638744543754,8.023279983371442,6.048638536686759,5.383496154645604,4.967782165869881,6.214924132197049,5.341924755768032,4.177925587196009,8.29349407607566,9.540636042402827,7.150280606942423,6.401995427146123,5.030139264186239,4.905425067553523,2.8268551236749118,1.2263562668883807
5015,"Carroll, AR",5.256801875399588,6.031114584073311,6.485756908432194,7.135753356539035,4.297790722455068,5.022376926902039,5.128933721673652,4.489592953043972,5.931661575619805,6.375648220501527,5.992043759323719,6.592313703203807,8.474817077502308,7.682744903033317,6.627832634794345,3.9958798039354972,2.582226326632095,1.896710946934716
5017,"Chicot, AR",5.785679961556943,5.305141758769822,7.5828928399807785,6.275828928399808,6.67948101874099,4.1710716001922155,5.237866410379626,6.170110523786641,4.430562229697261,5.708793849111005,6.814031715521383,7.573282075925036,7.429120615088899,6.074002883229217,5.1513695338779435,4.440172993753003,2.5756847669389717,2.5949062950504564
5019,"Clark, AR",5.099911910612453,4.914460568408364,5.915897816310445,10.793268116277991,14.836107376327137,5.939079234085956,5.15554731327368,4.450832212898141,4.919096851963467,5.123093328387964,5.169456163938987,5.939079234085956,5.54963141545737,5.577449116787983,3.5513932032083084,2.7585887152858266,2.5731373730817375,1.7339700496082342
5021,"Clay, AR",5.374803901507401,5.674919855398676,6.650296705545325,6.479776277198009,5.245208375963441,5.7976945638087445,5.770411295273173,6.336539117386263,4.835959347929882,5.934110906486597,6.725325694018143,6.213764408976195,7.618852738558079,6.71850487688425,5.067867130482232,4.924629970670487,2.435031716799673,2.1963031171134304
