GeoFIPS,GeoName,agri_forestry_mining,construction,manufacturing,wholesale_trade,retail_trade,transport_utilities,information,finance_real_estate,prof_sci_mgmt_admin,education_health,arts_entertainment,other_services,public_admin
1001,"Autauga, AL",0.0077306636774767115,0.07181786556375865,0.12086892659734838,0.030265548297321324,0.11758339453442078,0.04456727610065324,0.012021182018476287,0.06084032314174172,0.09644002937652198,0.20161570870859263,0.09748366897298133,0.04742762166131963,0.09133779134938734
1003,"Baldwin, AL",0.017505533358245423,0.08686653827359223,0.09465635689442065,0.021606446482125577,0.14340739889045387,0.04650895397970623,0.013644159552348923,0.0713348088955321,0.11503636206846991,0.18892945088006746,0.10258989910603926,0.04657602498874165,0.05133806663025669
1005,"Barbour, AL",0.05478331970564186,0.04590585212007943,0.25417591402873496,0.012264922322158627,0.09531596776077561,0.0636607872912043,0.005840439201027918,0.03878051629482537,0.055951407545847445,0.18245532064011213,0.08153253124634972,0.03796285480668146,0.07137016703656116
1007,"Bibb, AL",0.03636142527058251,0.11625927277149459,0.1348656208196522,0.030888969962300863,0.1155296120637237,0.05630548461632008,0.01726863675057765,0.0606834488629454,0.06250760063237261,0.21233126596132798,0.034902103855040736,0.06943937735619604,0.05265718107746564
1009,"Blount, AL",0.018272562283451577,0.09524005939613925,0.17035142715723478,0.03683385579937304,0.12200956937799043,0.0755650882692625,0.008373205741626795,0.04458835175713578,0.08336083154594952,0.2132486388384755,0.04640323378980366,0.0519716218445801,0.03378155419897707
1011,"Bullock, AL",0.044002095337873234,0.04793085385018334,0.4264012572027239,0.004714510214772132,0.061812467260345734,0.02776322682032478,0.015453116815086433,0.02357255107386066,0.021739130434782608,0.13253012048192772,0.07438449449973808,0.030382399161864852,0.08931377684651651
1013,"Butler, AL",0.024580414959693406,0.04387471917536672,0.2479185938945421,0.020483679133077838,0.0972644376899696,0.04889652438218581,0.011232985331042685,0.04268534425796221,0.060922426324831504,0.17919915422228094,0.10440068719439673,0.0547112462006079,0.06382978723404255
1015,"Calhoun, AL",0.009618323721802213,0.05218755731257514,0.18079188148268904,0.024881299288814624,0.12819676808020705,0.04462739184480264,0.01381615144784301,0.0370468485725348,0.07007926965948688,0.2316752593075622,0.09151671998858843,0.043995679905446984,0.07156684938764697
1017,"Chambers, AL",0.02267734849463755,0.047292931903346686,0.3070810182194082,0.017637937718051427,0.08147047422147564,0.047486755394753846,0.015570487143041737,0.03333764052203127,0.07759400439333247,0.1974415299134255,0.07746478873239436,0.03999224706034371,0.034952836283757595
1019,"Cherokee, AL",0.034102511741882786,0.09832550541147642,0.20594241372268737,0.014396569328160098,0.10434960179701858,0.06861343679803962,0.003369409842760874,0.03216254849908107,0.027976312027772104,0.23830916887890546,0.06738819685521748,0.048703287727179904,0.056361037369818255
1021,"Chilton, AL",0.01888072357263991,0.16150367439231203,0.14601469756924818,0.034708875070661394,0.1318824194460147,0.05313736574335783,0.005031091011871114,0.0674392312040701,0.04482758620689655,0.17179197286602602,0.05652911249293386,0.0605992085924251,0.047654041831543245
1023,"Choctaw, AL",0.09270216962524655,0.09489371027832566,0.1661187815033969,0.01797063335524874,0.14025860179706334,0.06136313828621521,0.008766162612316459,0.04120096427788735,0.047337278106508875,0.20534735919351305,0.05917159763313609,0.032434801665570896,0.032434801665570896
1025,"Clarke, AL",0.03752675985392268,0.09620954539730513,0.1478403223775343,0.013978088401964487,0.14179574360911723,0.0803425261302103,0.006422364941443143,0.07001637073416446,0.037652688578264704,0.2129454728623599,0.05578642488351593,0.06787558242035008,0.03160810980984763
1027,"Clay, AL",0.02466408982146144,0.08724461623412479,0.27535431621571876,0.013068286397938524,0.12055954353027794,0.060555862322841894,0.006994294128474139,0.03975704030922143,0.05024848150193263,0.2026504693539481,0.030369961347321922,0.03202650469353948,0.05650653414319897
1029,"Cleburne, AL",0.02444521497919556,0.13384188626907073,0.210124826629681,0.04178224687933426,0.09257975034674064,0.03918169209431346,0.004507628294036061,0.040915395284327326,0.06536061026352288,0.17337031900138697,0.06310679611650485,0.0518377253814147,0.05894590846047157
1031,"Coffee, AL",0.032743608743979254,0.04816598740274176,0.09934234901815488,0.024360874397925156,0.11027232308262319,0.10990181548721749,0.010142645424231198,0.039412745461281956,0.07697295294553538,0.22151722860318637,0.08151167098925528,0.051639496109670245,0.09401630233419785
1033,"Colbert, AL",0.01755508457631863,0.08653576998440436,0.19226616547366737,0.023713360259127444,0.11012916383412645,0.06362218578797936,0.013956092294157636,0.03582996760906946,0.06606150277922182,0.20794177630263527,0.07369936417803015,0.06538169312592475,0.04330787379533731
1035,"Conecuh, AL",0.02856439300664861,0.05368135927111549,0.2610194533366166,0.01108101452844127,0.1253385865550357,0.05072642206353115,0.008618566855454321,0.07658212262989411,0.04087663137158335,0.1780349667569564,0.06131494705737503,0.035459246491012064,0.06870229007633588
1037,"Coosa, AL",0.030523255813953487,0.09035852713178294,0.23885658914728683,0.02252906976744186,0.1383236434108527,0.05402131782945736,0.001695736434108527,0.02882751937984496,0.02640503875968992,0.18386627906976744,0.06322674418604651,0.07340116279069768,0.04796511627906977
1039,"Covington, AL",0.05691218317781748,0.06895638938521607,0.14380252795976442,0.027198729402422076,0.10224339884852095,0.08655945999602939,0.011316259678379988,0.036264972536562766,0.07325789160214413,0.21871484349149625,0.06306664019588379,0.04890477135861293,0.06280193236714976
1041,"Crenshaw, AL",0.046124401913875596,0.06334928229665072,0.22679425837320574,0.022966507177033493,0.12363636363636364,0.07751196172248803,0.011674641148325358,0.04133971291866029,0.08382775119617225,0.1783732057416268,0.035789473684210524,0.035789473684210524,0.052822966507177035
1043,"Cullman, AL",0.021912195627933513,0.10346705391178072,0.15678240800767576,0.02170474288826077,0.1409122734227109,0.05723102455721806,0.004745481420014003,0.04566553432046262,0.07924694655498794,0.20758239763503877,0.07732800871301507,0.044317091512589786,0.03910484142831211
1045,"Dale, AL",0.02181984349117496,0.0702576112412178,0.10595761695321872,0.01719312275089964,0.14280002284800367,0.10744273719083795,0.003598560575769692,0.03558576569372251,0.06740161078425773,0.19615011138401783,0.10847089735534357,0.04906608785057406,0.0742560118809619
1047,"Dallas, AL",0.013897321729744316,0.046751669702489375,0.24293327936315187,0.01976657896512177,0.11138096201848478,0.04735883424408015,0.016663293530324495,0.053497942386831275,0.08216960129528436,0.215745800445254,0.051811374215745803,0.0521486878499629,0.045874654253524924
1049,"DeKalb, AL",0.02803582169351066,0.08390697052730067,0.26314910111608636,0.016908373989173293,0.09246140479850297,0.07498496290850765,0.022288311167546614,0.04357414956893671,0.0531978881240393,0.1787408942057074,0.054534518478914655,0.06074984962908508,0.02746775379268863
1051,"Elmore, AL",0.012774302978903848,0.06922506095621754,0.10919113749602459,0.023163362662991627,0.12686844058093927,0.05759037421817025,0.007473762323757023,0.05353546061698293,0.08215838015477579,0.2188593236510124,0.08743241810664688,0.04513410367857521,0.10659387257500265
1053,"Escambia, AL",0.029007869155994445,0.06596204289461503,0.15360283906804506,0.020212930103379108,0.15422002777349175,0.042508872087640794,0.008254898935349484,0.02476469680604845,0.047600678907575994,0.19032556704212314,0.11317697886128684,0.06904798642184848,0.08131461194260145
1055,"Etowah, AL",0.006115717623345091,0.07061706903660268,0.1749965642035824,0.018599111273993312,0.13889779650923084,0.04565028173530625,0.010215768015025883,0.030899262449035687,0.05799624352925008,0.24359796600852077,0.09650006871592835,0.0581565806954052,0.04775757020477347
1057,"Fayette, AL",0.018115366279993644,0.04481169553472112,0.25949467662482123,0.023836008263149532,0.14603527729222945,0.06324487525822342,0.02129350071508025,0.02240584776736056,0.041156840934371525,0.22914349276974416,0.058795487049102174,0.04560622914349277,0.026060702367710156
1059,"Franklin, AL",0.020933977455716585,0.09738516984893797,0.33118625872249063,0.025381489149605092,0.08580630319760754,0.05152979066022544,0.01081205429031516,0.03450655624568668,0.06479564450578944,0.1663216011042098,0.04892262863277356,0.037113718273138564,0.025304807913503567
1061,"Geneva, AL",0.037863614687649025,0.08078206962327134,0.13371483071053886,0.04978540772532189,0.12360515021459227,0.0843109203624225,0.010872675250357653,0.032808774439675725,0.06657129232236528,0.23137815927515498,0.06094420600858369,0.04463519313304721,0.042727706247019555
1063,"Greene, AL",0.027651858567543066,0.12511332728921123,0.24161378059836808,0.00045330915684496827,0.0743427017225748,0.03309156844968268,0.004533091568449683,0.0843155031731641,0.07615593834995467,0.15231187669990934,0.0471441523118767,0.012239347234814143,0.12103354487760652
1065,"Hale, AL",0.03338867367644346,0.04021398266002583,0.19848736395498986,0.010883600811658366,0.14499169894853348,0.04316546762589928,0.0005534034311012728,0.013097214536063457,0.04703929164360819,0.28205128205128205,0.09998155321896329,0.05441800405829183,0.03172846338313964
1067,"Henry, AL",0.03954961294862773,0.04644616467276566,0.12357494722026742,0.027867698803659396,0.12723434201266715,0.0781140042223786,0.008304011259676284,0.02913441238564391,0.08177339901477833,0.2520760028149191,0.06164672765657987,0.08275862068965517,0.04152005629838142
1069,"Houston, AL",0.010727188102573195,0.06325494802633037,0.09031671801236729,0.035107161062966824,0.1391431547685011,0.0855958687027638,0.009264389724949577,0.03670294111128349,0.08127396440523947,0.2432899665329462,0.09785234601830714,0.05529821139652918,0.05217314213524236
1071,"Jackson, AL",0.012300867110304496,0.07919943537003428,0.26053639846743293,0.020871143375680582,0.09588626739261948,0.04895140149223634,0.012048800161322848,0.03145795523290986,0.07627545876184715,0.20079653155878202,0.07516636418632788,0.04900181488203267,0.03750756200846945
1073,"Jefferson, AL",0.005531443856169475,0.05215917833387977,0.09341453042781044,0.028325926695384297,0.10677894026105558,0.05802172974481995,0.020551391463268162,0.08800319421405779,0.10897658550203372,0.258582015665932,0.08626650262776045,0.0495038255907186,0.04388473561710982
1075,"Lamar, AL",0.029262802476083285,0.04370662164697055,0.29469142749953103,0.034515100356405926,0.11311198649409117,0.023447758394297503,0.016507221909585444,0.04276871131119865,0.05777527668354905,0.19883699118364284,0.016507221909585444,0.06434064903395235,0.06452823110110674
1077,"Lauderdale, AL",0.00843238607941688,0.07046044639241561,0.1402301040947095,0.025368619137228748,0.15690431385626832,0.05523927491007837,0.011481384435816203,0.04261451609061242,0.07057954789071247,0.21781282008527666,0.10592887258521712,0.046973630928277076,0.0479740835139706
1079,"Lawrence, AL",0.012795058460180895,0.08199132289138908,0.22509008015295243,0.035811456724759175,0.13942201632472975,0.06478417530700786,0.005220972130303699,0.03478196926244577,0.058166041620707404,0.2227369659533789,0.04610633134789323,0.04375321714831973,0.029340392675932053
1081,"Lee, AL",0.005594828563867993,0.05620030494335866,0.11930593883491475,0.013722451139757305,0.11466878362882597,0.045905316347232196,0.013168008669464082,0.06180773447246059,0.09323454176589926,0.30786678259554684,0.09046232941443315,0.04145717561965247,0.03660580400458675
1083,"Limestone, AL",0.018305040423630934,0.08470439538887314,0.18246202793697835,0.01799995641657042,0.11331691690819151,0.042842511277212406,0.009305062215345725,0.03772145830155375,0.12116193423260477,0.1950358473708296,0.06949377846542744,0.04277713613284229,0.06487393492993963
1085,"Lowndes, AL",0.049494120864096255,0.051681706316652996,0.24200164068908941,0.03609515996718622,0.10965272080940662,0.08394859174186492,0.0008203445447087777,0.019688269073010665,0.0883237626469784,0.16024063439978123,0.07519824993163796,0.030079299972655182,0.05277549904293136
1087,"Macon, AL",0.017958412098298678,0.03740210640021604,0.12489873075884418,0.003915743991358358,0.0806103159600324,0.049689440993788817,0.004590872265730489,0.033756413718606534,0.1126113961652714,0.307993518768566,0.12314339724547664,0.03645692681609506,0.06697272481771537
1089,"Madison, AL",0.00508095440988496,0.05420217298679165,0.11997763101832126,0.014129740093736685,0.11065189603749467,0.03910311035364295,0.016574350234341714,0.03922028121005539,0.19170217298679165,0.2069876438005965,0.07706646783127397,0.03612590541116319,0.08917767362590541
1091,"Marengo, AL",0.031985844562406426,0.07390771743568804,0.18075404927181163,0.010344358241459099,0.11923233973050225,0.055260650605689396,0.008166598611678236,0.02354702599700558,0.04709405199401116,0.2705866340002722,0.05471621069824418,0.04450796243364639,0.0798965564175854
1093,"Marion, AL",0.020724946695095947,0.08921108742004265,0.20665245202558635,0.024562899786780383,0.09876332622601279,0.07718550106609808,0.007078891257995735,0.060383795309168445,0.050490405117270785,0.2345415778251599,0.044349680170575695,0.046908315565031986,0.03914712153518124
1095,"Marshall, AL",0.01715601326929742,0.08568104173887212,0.2090409466752488,0.03134128831014507,0.11583403475763727,0.054513046492053276,0.019260286181116006,0.04008020993216815,0.09191959201861663,0.18945883051938406,0.06010793682230034,0.04339753428727039,0.04220923899589048
1097,"Mobile, AL",0.012306574480887345,0.07584891522768299,0.12172609924730084,0.025311354063780753,0.1133703438802039,0.06288387089449723,0.01637092287955678,0.05738337704210801,0.09411577716471964,0.23161109408171837,0.0936503070967156,0.054249968779446656,0.04117139516138188
1099,"Monroe, AL",0.04412669126691267,0.05565805658056581,0.19326568265682656,0.01845018450184502,0.15544280442804428,0.05227552275522755,0.005842558425584256,0.03505535055350553,0.05642681426814268,0.23170356703567035,0.05458179581795818,0.033825338253382534,0.06334563345633457
1101,"Montgomery, AL",0.0042614494972900005,0.04428683685599726,0.1198142290100945,0.020471076544901372,0.1079869436440934,0.05417984727287381,0.013096653301364067,0.05073442001974572,0.11493824424250972,0.22950373758336523,0.09044750256895892,0.047168100582297354,0.10311095887650863
1103,"Morgan, AL",0.012952933951203172,0.08361714402694806,0.21260677795767963,0.025459215007537266,0.11752554296242533,0.043027562205720876,0.013399586846072247,0.03413172538291181,0.09396460275808162,0.18173189659985484,0.08825116781121471,0.05389611598086837,0.03943572850948207
1105,"Perry, AL",0.024130879345603273,0.04703476482617587,0.15337423312883436,0.019222903885480574,0.09079754601226994,0.08302658486707566,0.01717791411042945,0.0,0.11247443762781185,0.24662576687116564,0.17464212678936605,0.011860940695296524,0.0196319018404908
1107,"Pickens, AL",0.020301624129930394,0.1002030162412993,0.208961716937355,0.01609628770301624,0.10658352668213457,0.08584686774941995,0.0063805104408352666,0.02798723897911833,0.051479118329466354,0.22955336426914152,0.04988399071925754,0.036977958236658934,0.05974477958236659
1109,"Pike, AL",0.013243084167157151,0.04789582107121836,0.1525897586815774,0.022218952324897,0.15170688640376692,0.08225426721600941,0.01353737492642731,0.03605061801059447,0.07776633313713949,0.2357268981753973,0.0751912889935256,0.028178340200117717,0.06364037669217186
1111,"Randolph, AL",0.03879310344827586,0.07495210727969348,0.2376676245210728,0.013529693486590038,0.12248563218390805,0.06657088122605365,0.01221264367816092,0.04980842911877394,0.04046934865900383,0.20605842911877395,0.05795019157088123,0.041666666666666664,0.037835249042145594
1113,"Russell, AL",0.016598782463977578,0.0663513335961109,0.1447904348968598,0.014102395655411028,0.14189988175009854,0.06297902159155608,0.012481934042832743,0.0667017036745062,0.08890640739280865,0.18968160119125826,0.08150483948670784,0.038540708623483556,0.07546095563438883
1115,"St. Clair, AL",0.0036027921639270434,0.1054817483549751,0.14000850659260927,0.042683079386524554,0.09114563786934875,0.061322524956841554,0.013635567564862769,0.06359928944932322,0.09227151042057595,0.21286497035202281,0.06972904000600465,0.055392929520378296,0.04826240336260602
1117,"Shelby, AL",0.008040345304115293,0.07131319657567436,0.0797842746639387,0.038532636981998956,0.10804214002404924,0.0606794809669951,0.015775588219458354,0.10954970476857087,0.11255586065794433,0.21682011522101977,0.08298784974604713,0.056093971535741846,0.03982483533444606
1119,"Sumter, AL",0.027650822669104205,0.05758683729433273,0.13345521023765997,0.013025594149908592,0.13505484460694697,0.04044789762340036,0.013939670932358319,0.020795246800731262,0.028793418647166363,0.3069012797074954,0.12202925045703839,0.04570383912248629,0.05461608775137111
1121,"Talladega, AL",0.017538432985864084,0.06443131553713384,0.19768628785301123,0.019920195490117233,0.11921185313495623,0.06848340499242167,0.011321104890346129,0.03591202944724551,0.06310124037242104,0.21640013610071454,0.0792477342324229,0.04723313433759164,0.05951313062575397
1123,"Tallapoosa, AL",0.011616895005997854,0.08592714186501674,0.2262769114211756,0.02979986110234232,0.10916093187701244,0.05322305701117495,0.006566071090346613,0.043058273880926826,0.060041669297304125,0.21099816907633057,0.06875434055180252,0.05202348633120778,0.0425531914893617
1125,"Tuscaloosa, AL",0.01276676288269531,0.07184024984621208,0.14826101358065585,0.021388349973974354,0.1093550371456963,0.04295651350967681,0.010135806558463066,0.04484928784365684,0.07974258269057871,0.2864051483461884,0.09305825013012824,0.04781147967633559,0.03142951781573842
1127,"Walker, AL",0.05075246903903433,0.0686236087160997,0.13125097977739458,0.016891362282489417,0.146104405079166,0.07121022103778021,0.012658723937921305,0.040484401943878354,0.06670324502273084,0.19634738987302086,0.09398024768772535,0.06086377175105816,0.04412917385170089
1129,"Washington, AL",0.04093128051070222,0.08862185505069471,0.2183627487795719,0.013330829891100264,0.10120165227187383,0.09556890724746527,0.0015020653398422831,0.033796470146451374,0.07885843034171987,0.18738265114532482,0.04262110401802478,0.04581299286518964,0.052009012392039054
1131,"Wilcox, AL",0.08029430582213691,0.07485604606525911,0.21337172104926425,0.0047984644913627635,0.10748560460652591,0.06973768394113884,0.003198976327575176,0.009596928982725527,0.03358925143953935,0.2018554062699936,0.061740243122200895,0.05598208573256558,0.08349328214971209
1133,"Winston, AL",0.02003566558271268,0.08580719605580615,0.21577677541172768,0.01804258890170985,0.1422427357599916,0.11381516836253015,0.013846637994335467,0.046155459981118224,0.04636525752648694,0.1653204657505507,0.05370817161439211,0.045526067345012064,0.03335780971362635
2013,"Aleutians East Borough, AK",0.09760506100316313,0.010393131495707185,0.4731134206958879,0.0,0.031179394487121554,0.045639403524627205,0.004518752824220515,0.01852688657930411,0.021690013556258474,0.09715318572074108,0.03615002259376412,0.010845006778129237,0.15318572074107548
2016,"Aleutians West Census Area, AK",0.012859097127222982,0.05526675786593707,0.2952120383036936,0.012859097127222982,0.16087551299589603,0.16880984952120384,0.009028727770177838,0.009575923392612859,0.03036935704514364,0.06320109439124487,0.060191518467852256,0.013406292749658003,0.10834473324213406
2020,"Anchorage Municipality, AK",0.02451624503796733,0.05322341941105686,0.024530076487918228,0.019778973429784644,0.10877052241386465,0.09978007994578071,0.018700120333614574,0.04773924950552567,0.1099323642097401,0.23812224235466603,0.10567919334983886,0.04921229892529634,0.10001521459494599
2050,"Bethel Census Area, AK",0.02293151533932445,0.03036876355748373,0.01564920979237682,0.002943910753021382,0.09652928416485901,0.10598078710876975,0.010381158971180663,0.019522776572668113,0.06321660985435389,0.3066315463278587,0.04865199876045863,0.03253796095444685,0.24465447784319802
2060,"Bristol Bay Borough, AK",0.024830699774266364,0.04288939051918736,0.0744920993227991,0.004514672686230248,0.060948081264108354,0.16478555304740405,0.03837471783295711,0.03160270880361174,0.03837471783295711,0.19187358916478556,0.11963882618510158,0.033860045146726865,0.17381489841986456
2068,"Denali Borough, AK",0.06295559973492379,0.04970178926441352,0.039761431411530816,0.007952286282306162,0.08614976805831677,0.3167660702451955,0.0019880715705765406,0.0066269052352551355,0.02054340622929092,0.058979456593770706,0.27236580516898606,0.015241882041086813,0.06096752816434725
2070,"Dillingham Census Area, AK",0.08632707774798927,0.030026809651474532,0.002680965147453083,0.0037533512064343165,0.1195710455764075,0.07989276139410188,0.004289544235924933,0.0160857908847185,0.03646112600536193,0.3908847184986595,0.024664879356568366,0.04396782841823056,0.1613941018766756
2090,"Fairbanks North Star Borough, AK",0.04142137740265267,0.081802491902499,0.01889022862141523,0.014847388703690569,0.10156748705581956,0.08170792254769842,0.024186112490247536,0.043005414095562335,0.07163628626143698,0.2744402676312741,0.09965245762110787,0.044305742724070264,0.10253682294252547
2100,"Haines Borough, AK",0.021541950113378686,0.17800453514739228,0.04195011337868481,0.007936507936507936,0.0963718820861678,0.049886621315192746,0.06575963718820861,0.022675736961451247,0.01020408163265306,0.17346938775510204,0.16780045351473924,0.06349206349206349,0.10090702947845805
2110,"Juneau City and Borough, AK",0.051192660550458714,0.07009174311926605,0.03155963302752294,0.009480122324159021,0.06666666666666667,0.07565749235474006,0.02146788990825688,0.033149847094801226,0.06299694189602446,0.22122324159021406,0.08152905198776758,0.03039755351681957,0.24458715596330274
2122,"Kenai Peninsula Borough, AK",0.08140524332428381,0.08420114267190729,0.03658981320150735,0.011588800194497345,0.10365087726407067,0.06629117873495685,0.01762632197414806,0.036913975444710076,0.061023542282912596,0.26451639045342196,0.09396653024838932,0.05137971554763159,0.09084646865756311
2130,"Ketchikan Gateway Borough, AK*",0.0418098510882016,0.06056701030927835,0.050400916380297825,0.014461626575028638,0.11211340206185567,0.11225658648339061,0.015607101947308133,0.04911225658648339,0.06930126002290951,0.23525200458190149,0.0979381443298969,0.030784650630011456,0.11039518900343642
2150,"Kodiak Island Borough, AK",0.06974128233970754,0.0430660453157641,0.2090631528201832,0.022336493652579142,0.08484653704001285,0.07681182709304193,0.004338743371364293,0.00562429696287964,0.08484653704001285,0.19026193154427126,0.06749156355455568,0.035834806363490276,0.10573678290213723
2164,"Lake and Peninsula Borough, AK",0.057208237986270026,0.018306636155606407,0.036613272311212815,0.0,0.032036613272311214,0.09153318077803203,0.0,0.002288329519450801,0.02288329519450801,0.3684210526315789,0.059496567505720827,0.009153318077803204,0.30205949656750575
2170,"Matanuska-Susitna Borough, AK",0.0498399122316011,0.12719700870967018,0.02686787721380113,0.02118084320354656,0.1120614378792289,0.07690929852450575,0.019076192821798805,0.03752546850860892,0.07576741374291919,0.23865391935158856,0.07162528267245818,0.04921299509661241,0.0940823500436603
2180,"Nome Census Area, AK",0.016195443315948393,0.0293713972001098,0.014273950041174856,0.0041174855888004395,0.08152621465824869,0.11364260225089212,0.013450452923414768,0.013999451001921494,0.02305791929728246,0.41065056272303047,0.044194345319791384,0.04309634916277793,0.1924238265166072
2185,"North Slope Borough, AK",0.1829374024622854,0.05115311253684758,0.07490896479972256,0.0041616091555401425,0.05358071787757933,0.12710247962545518,0.0029478064851742674,0.040055488122073865,0.08704699150338131,0.1798161955956303,0.04699150338130744,0.01179122594069707,0.13750650251430555
2188,"Northwest Arctic Borough, AK",0.06648936170212766,0.04179331306990881,0.006838905775075988,0.004179331306990881,0.07712765957446809,0.11322188449848024,0.007978723404255319,0.014437689969604863,0.034954407294832825,0.3879179331306991,0.034574468085106384,0.03875379939209726,0.1717325227963526
2220,"Sitka City and Borough, AK",0.07529089664613278,0.05224731918777093,0.06114533424595026,0.008669860825918321,0.12137805156285648,0.07072781200091262,0.012776637006616473,0.03057266712297513,0.04654346338124572,0.29591603924252796,0.08510152863335615,0.040839607574720514,0.09879078256901666
2240,"Southeast Fairbanks Census Area, AK",0.12860993453985367,0.07701193685021178,0.04235656526761648,0.0,0.09819021948402003,0.07354639969195226,0.008856372737774355,0.03927608779360801,0.07239122063919907,0.21486330381209087,0.04428186368887178,0.030804774740084712,0.16981132075471697
2290,"Yukon-Koyukuk Census Area, AK",0.05244906805374946,0.04854789770264413,0.054182921543129606,0.003034243606415258,0.09016038144776767,0.1235370611183355,0.00953619419159081,0.006935413957520589,0.025140875596012136,0.2609449501517122,0.03424360641525791,0.04768097095795405,0.2436064152579107
4001,"Apache, AZ",0.026833631484794274,0.09073121645796065,0.02085196779964222,0.003018783542039356,0.08575581395348837,0.07703488372093023,0.012801878354203936,0.028231216457960645,0.03566636851520572,0.41122540250447226,0.0838550983899821,0.01604427549194991,0.1079494633273703
4003,"Cochise, AZ",0.030501433635111642,0.06490867631454181,0.03996116767886573,0.009753234145350282,0.10873049917594202,0.052152710360553585,0.014607274287133407,0.04057074481295013,0.13067527600298015,0.21030411125911544,0.08933691553970154,0.041406091255954666,0.1670918655317996
4005,"Coconino, AZ",0.012562067017512562,0.06294413225106295,0.07834567240507835,0.010807837540510809,0.1183064252371183,0.043216483810543216,0.009157672524009158,0.033999345880534,0.07781048375107781,0.2839027145957839,0.17524455148217524,0.0350994558915351,0.0586031576130586
4007,"Gila, AZ",0.08575071724577622,0.08304112209116991,0.036871745829348636,0.015301243226012113,0.110243332270747,0.04824141961534375,0.010997768568696206,0.04345978110721496,0.06285198172351504,0.25804909148868344,0.13558601636382955,0.031877590054191905,0.07772819041547126
4009,"Graham, AZ",0.11492714837942314,0.10340469818614333,0.04014272970561998,0.020443056794528694,0.13232233125185847,0.042670234909307166,0.006839131727624145,0.03865596193874517,0.06095747844186738,0.22398156407969075,0.1059322033898305,0.05017841213202498,0.059545049063336304
4011,"Greenlee, AZ",0.37280807110257025,0.07542637521018496,0.03218832572663944,0.004564016334374249,0.0807110257026183,0.013211626231083353,0.0,0.03411001681479702,0.0727840499639683,0.16958923852990632,0.0638962286812395,0.04732164304588037,0.03338938265673793
4012,"La Paz, AZ",0.10007610350076103,0.07705479452054795,0.03671993911719939,0.02511415525114155,0.12271689497716895,0.05726788432267884,0.008181126331811263,0.03976407914764079,0.05555555555555555,0.1643835616438356,0.1632420091324201,0.021879756468797563,0.1280441400304414
4013,"Maricopa, AZ",0.005340032926908476,0.07453737128807468,0.07635691714524269,0.024522922230181494,0.11925461687405223,0.05762820832623431,0.018952739814355492,0.10389249147882107,0.1348082981833722,0.20748800069280174,0.09412831704715853,0.04528014699445476,0.037809936998342356
4015,"Mohave, AZ",0.01099798480038987,0.07819764761666426,0.0551874925911779,0.014843986670705847,0.13206801627965176,0.06456541495989358,0.014988870302806791,0.05938911792210529,0.07681466749206432,0.22063142921117448,0.1629018874385891,0.048312105686023996,0.06110137902875282
4017,"Navajo, AZ",0.023719724202958335,0.08978136602039012,0.023159879780776712,0.013230007661028935,0.12437385821203371,0.05837114738641051,0.009753079144321998,0.035211267605633804,0.047704637869055336,0.33717366963285994,0.10902233484589546,0.03901231657728799,0.08948671106134716
4019,"Pima, AZ",0.009793919162481185,0.062291772714661166,0.06763986865705553,0.018159057791332502,0.1161812672453155,0.04956819805432425,0.016229985602960677,0.058885857038928804,0.12654975717284966,0.259044027850297,0.10703838263791336,0.04889531670209489,0.059722589369785445
4021,"Pinal, AZ",0.027424927910907827,0.07446306055483742,0.0884272148752113,0.018084418812767226,0.12894004176195684,0.06054240827284479,0.017034155314706177,0.06768295714427762,0.11043303171920056,0.21007755791985683,0.08920403698916178,0.04176817142288953,0.06591801730138212
4023,"Santa Cruz, AZ",0.04190938511326861,0.06882416396979504,0.04449838187702265,0.07125134843581446,0.11607335490830636,0.11871628910463862,0.01650485436893204,0.03360302049622438,0.060733549083063644,0.21380798274002158,0.07400215749730313,0.04670981661272924,0.09336569579288026
4025,"Yavapai, AZ",0.02193484315291781,0.09218679159740063,0.05597055204127896,0.016483516483516484,0.13592694142792375,0.04001597616528854,0.015630734687709147,0.05208445778190376,0.10775275804745353,0.23235605259180897,0.11674474837539671,0.06489777413156587,0.048014853515835836
4027,"Yuma, AZ",0.09889584246821062,0.060629011041575316,0.05326796082964617,0.033177874330662625,0.11445502982952659,0.056111398998153095,0.009673004610621703,0.03796122825899204,0.08386813887670905,0.2152907880575597,0.10580513147579756,0.04206694038080812,0.08879765084173742
5001,"Arkansas, AR",0.09275959804174182,0.055913424375161044,0.23486214893068796,0.024220561710899254,0.0989435712445246,0.05913424375161041,0.0122391136305076,0.026539551661942797,0.03942282916774027,0.22674568410203555,0.042128317443957744,0.03517134759082711,0.05191960834836382
5003,"Ashley, AR",0.09697055492638731,0.08578708946772368,0.15571913929784825,0.003680634201585504,0.1022083805209513,0.06879954699886749,0.007078142695356738,0.023640996602491506,0.042327293318233296,0.25467157417893543,0.07049830124575311,0.026330690826727066,0.0622876557191393
5005,"Baxter, AR",0.014345210550670985,0.07033780657103193,0.17762940437628083,0.014675745355985986,0.15244265221127784,0.034045084947444966,0.007073444833740993,0.058570767501817944,0.05559595425398294,0.2678654062272757,0.05506709856547894,0.05995901368414094,0.03239241092086997
5007,"Benton, AR",0.013842798900161183,0.07493198941004003,0.13171080365543247,0.030814449606523183,0.21657635054809607,0.054539752463332626,0.008299844651413818,0.04665562938057486,0.10013055115927971,0.17937291683380618,0.07625208772454435,0.045124023601315726,0.021748802065479793
5009,"Boone, AR",0.02004550205989055,0.08159626145237656,0.11406259607698456,0.015187849720223821,0.10391686650679456,0.13576830843017892,0.014941892639734366,0.04667035602287401,0.06733075078398819,0.2406690032589313,0.08485519276886183,0.04679333456311874,0.02816208571604255
5011,"Bradley, AR",0.11344853493613824,0.08665164037064864,0.19484097170047585,0.018782870022539443,0.07663410969196092,0.02529426496368645,0.008514901076884547,0.054845980465815174,0.04933633859253694,0.21011770598547458,0.09040821437515652,0.032556974705735035,0.03856749311294766
5013,"Calhoun, AR",0.08896034297963558,0.11361200428724544,0.12915326902465166,0.0,0.14362272240085744,0.06913183279742766,0.00857449088960343,0.018756698821007504,0.11254019292604502,0.18381564844587353,0.01929260450160772,0.026259378349410504,0.08628081457663452
5015,"Carroll, AR",0.07606757789286017,0.09406571016215298,0.23771118091518806,0.003820358264708379,0.10552678495627812,0.038033788946430086,0.020460140928771544,0.053569912556244166,0.0486458952372867,0.15179556838441294,0.09499957551574836,0.05238135665166822,0.022922149588250274
5017,"Chicot, AR",0.09392446633825945,0.06732348111658457,0.1852216748768473,0.041707717569786536,0.07783251231527094,0.030213464696223317,0.008538587848932676,0.04302134646962233,0.019704433497536946,0.22397372742200328,0.053530377668308704,0.06502463054187192,0.08998357963875206
5019,"Clark, AR",0.03259737554676109,0.054467819204332434,0.11830868569048116,0.014059570922724432,0.11674651114351177,0.06207040199958342,0.005207248489897938,0.032909810456154966,0.0583211830868569,0.2783795042699438,0.14903145178087898,0.04780254113726307,0.03009789627161008
5021,"Clay, AR",0.08484752725549059,0.051508927160688896,0.13667246010428188,0.024964449360088483,0.1314583662505925,0.05387896982145678,0.011060199083583504,0.055933006794122296,0.042344762205719706,0.2567546215831885,0.049138884499921,0.06746721440985938,0.033970611471006475
5023,"Cleburne, AR",0.021484992101105844,0.0889942074776198,0.12596103212216955,0.01685097419694576,0.1281727224855187,0.07309110057925224,0.00421274354923644,0.057925223802001054,0.09731437598736177,0.19073196419167984,0.08783570300157978,0.058135860979462876,0.04928909952606635
5025,"Cleveland, AR",0.07185828877005347,0.04578877005347594,0.1681149732620321,0.013703208556149732,0.09525401069518717,0.07586898395721925,0.0030080213903743314,0.05815508021390375,0.03241978609625668,0.3125,0.01303475935828877,0.05548128342245989,0.05481283422459893
5027,"Columbia, AR",0.04894091415830546,0.03422519509476031,0.13734671125975473,0.009141583054626532,0.1318840579710145,0.09520624303233,0.008026755852842809,0.04804905239687848,0.05863991081382386,0.2807134894091416,0.08160535117056857,0.04860646599777035,0.017614269788182833
5029,"Conway, AR",0.07330827067669173,0.08082706766917293,0.17846085802742148,0.022556390977443608,0.0908889871738169,0.055948695267580714,0.013047324192835028,0.02056612118531623,0.08602388323750552,0.23573639982308714,0.055064130915524104,0.03383458646616541,0.05373728438743919
5031,"Craighead, AR",0.023601125351672397,0.07209284151297281,0.12923960612691465,0.027645357924351358,0.1349835886214442,0.0378633948108784,0.016548140043763676,0.04833541731791185,0.0649030947170991,0.2892700844013754,0.06972882150672086,0.04651844326351985,0.03927008440137543
5033,"Crawford, AR",0.01566824027348201,0.07028324922676217,0.18663519453035976,0.020918118183298064,0.13295621032069022,0.07016115904281296,0.006145205925443594,0.04643496662868305,0.07577730750447664,0.21479733029464432,0.07813771772749471,0.05542894351294156,0.026656356828910956
5035,"Crittenden, AR",0.024312436560491084,0.05128329063753685,0.11460196239547586,0.04122963893856639,0.12915075644062063,0.10512832906375369,0.015902170235390787,0.034994441490647205,0.06733046546473971,0.23307071390594036,0.09507467736478321,0.05084827686210063,0.0370728406399536
5037,"Cross, AR",0.07040887040887041,0.07636867636867636,0.08856548856548857,0.038253638253638256,0.15994455994455994,0.09646569646569647,0.009424809424809425,0.043243243243243246,0.05918225918225918,0.1957033957033957,0.06832986832986833,0.031185031185031187,0.06292446292446292
5039,"Dallas, AR",0.03262642740619902,0.02895595432300163,0.30220228384991843,0.0020391517128874386,0.059135399673735725,0.08034257748776509,0.0028548123980424145,0.07544861337683524,0.010195758564437194,0.22553017944535073,0.07952691680261012,0.03425774877650897,0.06688417618270799
5041,"Desha, AR",0.09250585480093677,0.060187353629976584,0.12224824355971897,0.04355971896955504,0.09531615925058548,0.0468384074941452,0.006088992974238876,0.03770491803278689,0.053864168618266976,0.2496487119437939,0.04496487119437939,0.054800936768149885,0.09227166276346604
5043,"Drew, AR",0.05239642567018684,0.06404007581911725,0.1190089358245329,0.011914432710533442,0.11548876252369347,0.028296777687516924,0.006769564040075819,0.04318981857568373,0.06498781478472786,0.31992959653398323,0.04007581911724885,0.03411860276198213,0.09978337395071757
5045,"Faulkner, AR",0.013175297588767931,0.07625394241530166,0.07566046054193373,0.022687964187608097,0.12503815240614508,0.04788550886831485,0.02282361718723505,0.04917421236477092,0.09081968325024588,0.2960965849357344,0.09714450435785262,0.04247634550819005,0.040763726387899754
5047,"Franklin, AR",0.048944900351699884,0.0827960140679953,0.240767878077374,0.013188745603751465,0.08704572098475967,0.08147713950762016,0.00615474794841735,0.043962485345838215,0.03648886283704572,0.21893317702227433,0.05627198124267292,0.026963657678780773,0.05700468933177022
5049,"Fulton, AR",0.037245773094829696,0.06248468512619456,0.08282283753981867,0.024013722126929673,0.1450624846851262,0.08919382504288165,0.0026954177897574125,0.029404557706444498,0.03700073511394266,0.3241852487135506,0.07057093849546679,0.05121293800539083,0.04410683655966675
5051,"Garland, AR",0.013794433994115661,0.08845801379443399,0.06950272512419814,0.02303091689577003,0.1406453479959485,0.025418415087059276,0.019558192253894758,0.054454251676071964,0.09656103795880963,0.22676409588578594,0.12759851444556986,0.07162494573867748,0.04258910914966479
5053,"Grant, AR",0.04579952891913112,0.0861031143679665,0.1400157026956294,0.025124313007066214,0.07484951583355143,0.0862339701648783,0.00654278984559016,0.04357498037163046,0.07589636220884585,0.2376341271918346,0.06281078251766553,0.06163308034545931,0.053781732530751115
5055,"Greene, AR",0.035535560835060404,0.09270585856543496,0.19860486276095637,0.01400192084112622,0.12601728757013597,0.05797907294141435,0.006470201688318253,0.032755396047111154,0.05070009604205631,0.2867613607642926,0.04180356872061871,0.03245210534297124,0.024212707880503462
5057,"Hempstead, AR",0.08265179677819083,0.059727385377943,0.22329615861214375,0.01412639405204461,0.0828996282527881,0.05947955390334572,0.001734820322180917,0.032961586121437424,0.030359355638166045,0.2532837670384139,0.07893432465923172,0.045724907063197026,0.03482032218091698
5059,"Hot Spring, AR",0.01558130243707551,0.08206152616859769,0.11650019976028765,0.018777467039552537,0.1486216540151818,0.0432281262485018,0.007830603276068717,0.03931282461046744,0.0864562524970036,0.2429085097882541,0.09572512984418698,0.06008789452656812,0.0429085097882541
5061,"Howard, AR",0.09071428571428572,0.03642857142857143,0.33964285714285714,0.01,0.062142857142857146,0.04357142857142857,0.028214285714285713,0.011607142857142858,0.02107142857142857,0.22160714285714286,0.07375,0.027857142857142858,0.03339285714285714
5063,"Independence, AR",0.016815034619188922,0.07474035608308606,0.20672601384767555,0.020462413452027695,0.09928288822947577,0.06398367952522255,0.007109297725024728,0.03894658753709199,0.03387734915924827,0.2470326409495549,0.08531157270029674,0.0694238377843719,0.036288328387734915
5065,"Izard, AR",0.06231655001128923,0.04628584330548657,0.17249943553849628,0.009031384059607135,0.06954165725897493,0.035222397832467826,0.011966583878979453,0.03499661323097765,0.06638067283811244,0.28945585911040866,0.0751862722962294,0.03748024384736961,0.08963648679160081
5067,"Jackson, AR",0.08376963350785341,0.05978719810842763,0.15031244722175308,0.021955750717784158,0.16145921297078197,0.04728930923830434,0.0011822327309576085,0.024657996959972978,0.030906941395034623,0.21769971288633677,0.0974497551089343,0.03884478973146428,0.06468501942239487
5069,"Jefferson, AR",0.018878422956162315,0.036365804220817935,0.17447637216326856,0.022375899209093438,0.10691149000437185,0.05830451889829498,0.006001351297643178,0.04320178053336513,0.04832876276777553,0.26167481419657407,0.06541870354914352,0.0533762569055284,0.10468582329796113
5071,"Johnson, AR",0.03711438063597532,0.06549596582819174,0.2539155196962506,0.0054105363075462745,0.14598955861414334,0.05847176079734219,0.005885144755576649,0.030374940673943997,0.0322733744660655,0.2,0.0687233032747983,0.05809207403891789,0.03825344091124822
5073,"Lafayette, AR",0.14063886424134872,0.10159716060337179,0.1313220940550133,0.001774622892635315,0.1370896184560781,0.03904170363797693,0.0,0.030612244897959183,0.05456965394853593,0.2311446317657498,0.02040816326530612,0.029724933451641525,0.08207630878438332
5075,"Lawrence, AR",0.06739859713327234,0.06968587984141507,0.1489783470570296,0.02073802988716072,0.12336078072583105,0.09469350411710888,0.004269594388533089,0.037816407441293075,0.043000914913083256,0.23559011893870083,0.06617871302226289,0.044525770051845076,0.04376334248246416
