GeoFIPS,GeoName,rural_housing,urban_housing,total_housing,rural_pop,urban_pop,total_pop
1001020100,"Autauga, AL (CT)",132,620,752,318,1594,1912
1001020200,"Autauga, AL (CT)",0,822,822,0,2170,2170
1001020300,"Autauga, AL (CT)",0,1326,1326,0,3373,3373
1001020400,"Autauga, AL (CT)",0,1823,1823,0,4386,4386
1001020500,"Autauga, AL (CT)",1,4307,4308,4,10762,10766
1001020600,"Autauga, AL (CT)",36,1416,1452,73,3595,3668
1001020700,"Autauga, AL (CT)",173,1128,1301,386,2505,2891
1001020801,"Autauga, AL (CT)",912,257,1169,2462,619,3081
1001020802,"Autauga, AL (CT)",3061,942,4003,7789,2646,10435
1001020900,"Autauga, AL (CT)",2320,0,2320,5675,0,5675
1001021000,"Autauga, AL (CT)",1261,0,1261,2894,0,2894
1001021100,"Autauga, AL (CT)",1598,0,1598,3320,0,3320
1003010100,"Baldwin, AL (CT)",1984,0,1984,3804,0,3804
1003010200,"Baldwin, AL (CT)",1194,75,1269,2726,176,2902
1003010300,"Baldwin, AL (CT)",2733,367,3100,6366,1460,7826
1003010400,"Baldwin, AL (CT)",1877,82,1959,4523,213,4736
1003010500,"Baldwin, AL (CT)",261,1716,1977,546,4269,4815
1003010600,"Baldwin, AL (CT)",553,822,1375,1360,1965,3325
1003010701,"Baldwin, AL (CT)",95,3202,3297,205,7677,7882
1003010703,"Baldwin, AL (CT)",1588,3934,5522,4053,9113,13166
1003010704,"Baldwin, AL (CT)",3,2163,2166,8,5047,5055
1003010705,"Baldwin, AL (CT)",36,4243,4279,92,8239,8331
1003010800,"Baldwin, AL (CT)",0,3128,3128,0,6861,6861
1003010903,"Baldwin, AL (CT)",492,1513,2005,1176,3997,5173
1003010904,"Baldwin, AL (CT)",2708,150,2858,6453,378,6831
1003010905,"Baldwin, AL (CT)",1921,1401,3322,4600,3411,8011
1003010906,"Baldwin, AL (CT)",603,1158,1761,1522,2780,4302
1003011000,"Baldwin, AL (CT)",1929,0,1929,4305,0,4305
1003011101,"Baldwin, AL (CT)",585,3141,3726,1445,6952,8397
1003011102,"Baldwin, AL (CT)",1314,256,1570,3083,632,3715
1003011201,"Baldwin, AL (CT)",49,2236,2285,123,4107,4230
1003011202,"Baldwin, AL (CT)",244,2604,2848,442,4623,5065
1003011300,"Baldwin, AL (CT)",2160,271,2431,3917,570,4487
1003011401,"Baldwin, AL (CT)",4346,742,5088,8912,1720,10632
1003011403,"Baldwin, AL (CT)",1828,3898,5726,2928,6203,9131
1003011405,"Baldwin, AL (CT)",1715,6255,7970,839,2993,3832
1003011406,"Baldwin, AL (CT)",3539,3267,6806,1102,2310,3412
1003011407,"Baldwin, AL (CT)",1137,5923,7060,1067,3732,4799
1003011408,"Baldwin, AL (CT)",2497,0,2497,433,0,433
1003011501,"Baldwin, AL (CT)",710,1809,2519,1503,3813,5316
1003011502,"Baldwin, AL (CT)",390,4811,5201,821,9713,10534
1003011601,"Baldwin, AL (CT)",3140,21,3161,6015,47,6062
1003011602,"Baldwin, AL (CT)",1638,1604,3242,2691,2204,4895
1003990000,"Baldwin, AL (CT)",0,0,0,0,0,0
1005950100,"Barbour, AL (CT)",1082,545,1627,2088,1233,3321
1005950200,"Barbour, AL (CT)",1294,0,1294,4264,0,4264
1005950300,"Barbour, AL (CT)",832,0,832,1638,0,1638
1005950400,"Barbour, AL (CT)",1477,0,1477,4303,0,4303
1005950500,"Barbour, AL (CT)",1790,187,1977,3074,393,3467
1005950600,"Barbour, AL (CT)",580,359,939,1413,686,2099
1005950700,"Barbour, AL (CT)",190,532,722,430,1297,1727
1005950800,"Barbour, AL (CT)",351,657,1008,788,1267,2055
1005950900,"Barbour, AL (CT)",240,1713,1953,615,3968,4583
1007010001,"Bibb, AL (CT)",1164,0,1164,2732,0,2732
1007010002,"Bibb, AL (CT)",1832,649,2481,4298,1727,6025
1007010003,"Bibb, AL (CT)",2118,260,2378,4756,635,5391
1007010004,"Bibb, AL (CT)",1718,1240,2958,3877,4890,8767
1009050101,"Blount, AL (CT)",2233,998,3231,5248,2610,7858
1009050102,"Blount, AL (CT)",1813,1227,3040,4286,2764,7050
1009050200,"Blount, AL (CT)",1498,0,1498,3789,0,3789
1009050300,"Blount, AL (CT)",2251,0,2251,5269,0,5269
1009050400,"Blount, AL (CT)",1978,0,1978,4451,0,4451
1009050500,"Blount, AL (CT)",3157,0,3157,7329,0,7329
1009050601,"Blount, AL (CT)",1549,0,1549,3922,0,3922
1009050602,"Blount, AL (CT)",3613,0,3613,8923,0,8923
1009050700,"Blount, AL (CT)",3408,162,3570,8345,386,8731
1011952100,"Bullock, AL (CT)",792,0,792,1434,0,1434
1011952200,"Bullock, AL (CT)",895,1571,2466,1795,5307,7102
1011952500,"Bullock, AL (CT)",1235,0,1235,2378,0,2378
1013952700,"Butler, AL (CT)",708,414,1122,1586,853,2439
1013952800,"Butler, AL (CT)",0,682,682,0,1394,1394
1013952900,"Butler, AL (CT)",679,277,956,1527,653,2180
1013953000,"Butler, AL (CT)",806,0,806,1469,0,1469
1013953100,"Butler, AL (CT)",452,914,1366,981,2042,3023
1013953200,"Butler, AL (CT)",1525,481,2006,3243,1084,4327
1013953300,"Butler, AL (CT)",904,0,904,1774,0,1774
1013953400,"Butler, AL (CT)",1390,0,1390,2931,0,2931
1013953500,"Butler, AL (CT)",732,0,732,1410,0,1410
1015000200,"Calhoun, AL (CT)",0,1627,1627,0,3104,3104
1015000300,"Calhoun, AL (CT)",0,1545,1545,0,2951,2951
1015000400,"Calhoun, AL (CT)",235,1124,1359,605,2207,2812
1015000500,"Calhoun, AL (CT)",0,1030,1030,0,1814,1814
1015000600,"Calhoun, AL (CT)",0,890,890,0,2191,2191
1015000700,"Calhoun, AL (CT)",284,1092,1376,501,2214,2715
1015000800,"Calhoun, AL (CT)",0,697,697,0,1379,1379
1015000900,"Calhoun, AL (CT)",263,1526,1789,554,2808,3362
1015001000,"Calhoun, AL (CT)",91,2678,2769,201,5591,5792
1015001100,"Calhoun, AL (CT)",215,2675,2890,505,6060,6565
1015001201,"Calhoun, AL (CT)",0,1486,1486,0,3482,3482
1015001202,"Calhoun, AL (CT)",80,1644,1724,184,4134,4318
1015001300,"Calhoun, AL (CT)",0,1015,1015,0,2211,2211
1015001400,"Calhoun, AL (CT)",710,902,1612,1775,1956,3731
1015001500,"Calhoun, AL (CT)",797,1450,2247,1775,3423,5198
1015001600,"Calhoun, AL (CT)",239,1445,1684,574,3217,3791
1015001700,"Calhoun, AL (CT)",63,2647,2710,162,6167,6329
1015001800,"Calhoun, AL (CT)",796,2267,3063,1831,5088,6919
1015002000,"Calhoun, AL (CT)",2530,537,3067,6079,1256,7335
1015002101,"Calhoun, AL (CT)",171,1326,1497,294,3698,3992
1015002102,"Calhoun, AL (CT)",163,1395,1558,380,3031,3411
1015002103,"Calhoun, AL (CT)",451,2717,3168,944,5857,6801
1015002200,"Calhoun, AL (CT)",778,954,1732,1752,1900,3652
1015002300,"Calhoun, AL (CT)",947,896,1843,2077,1766,3843
1015002400,"Calhoun, AL (CT)",1894,0,1894,4518,0,4518
1015002501,"Calhoun, AL (CT)",2403,463,2866,5988,1081,7069
1015002502,"Calhoun, AL (CT)",2007,0,2007,4661,0,4661
1015002600,"Calhoun, AL (CT)",2122,15,2137,4584,31,4615
1015981901,"Calhoun, AL (CT)",5,0,5,6,0,6
1015981902,"Calhoun, AL (CT)",2,0,2,5,0,5
1015981903,"Calhoun, AL (CT)",0,0,0,0,0,0
1017953800,"Chambers, AL (CT)",1903,0,1903,3619,0,3619
1017953900,"Chambers, AL (CT)",485,984,1469,984,1916,2900
1017954000,"Chambers, AL (CT)",3151,0,3151,6669,0,6669
1017954200,"Chambers, AL (CT)",1044,423,1467,2307,950,3257
1017954300,"Chambers, AL (CT)",788,1967,2755,1789,2919,4708
1017954400,"Chambers, AL (CT)",0,560,560,0,995,995
1017954500,"Chambers, AL (CT)",0,1936,1936,0,3804,3804
1017954600,"Chambers, AL (CT)",0,1629,1629,0,3411,3411
1017954700,"Chambers, AL (CT)",616,1518,2134,1448,3404,4852
1019955701,"Cherokee, AL (CT)",2160,322,2482,2714,618,3332
1019955702,"Cherokee, AL (CT)",2325,0,2325,3872,0,3872
1019955800,"Cherokee, AL (CT)",3243,269,3512,5126,435,5561
1019955900,"Cherokee, AL (CT)",1780,290,2070,3632,603,4235
1019956000,"Cherokee, AL (CT)",1358,1063,2421,1966,2051,4017
1019956100,"Cherokee, AL (CT)",3457,0,3457,4972,0,4972
1021060101,"Chilton, AL (CT)",1277,938,2215,2901,2318,5219
1021060102,"Chilton, AL (CT)",1221,1560,2781,2944,3359,6303
1021060200,"Chilton, AL (CT)",1402,0,1402,2807,0,2807
1021060300,"Chilton, AL (CT)",1969,0,1969,3808,0,3808
1021060401,"Chilton, AL (CT)",2201,41,2242,5358,108,5466
1021060402,"Chilton, AL (CT)",3625,0,3625,8776,0,8776
1021060500,"Chilton, AL (CT)",1374,0,1374,2902,0,2902
1021060600,"Chilton, AL (CT)",1364,0,1364,3261,0,3261
1021060700,"Chilton, AL (CT)",2306,0,2306,5101,0,5101
1023956700,"Choctaw, AL (CT)",1841,0,1841,3184,0,3184
1023956800,"Choctaw, AL (CT)",2318,0,2318,4423,0,4423
1023956900,"Choctaw, AL (CT)",1897,0,1897,3879,0,3879
1023957000,"Choctaw, AL (CT)",1213,0,1213,2373,0,2373
1025957500,"Clarke, AL (CT)",872,0,872,1760,0,1760
1025957601,"Clarke, AL (CT)",495,0,495,998,0,998
1025957602,"Clarke, AL (CT)",1011,1549,2560,2230,3285,5515
1025957700,"Clarke, AL (CT)",924,0,924,1329,0,1329
1025957800,"Clarke, AL (CT)",2699,0,2699,5488,0,5488
1025957901,"Clarke, AL (CT)",1540,110,1650,3233,260,3493
1025957902,"Clarke, AL (CT)",695,1278,1973,1570,2660,4230
1025958001,"Clarke, AL (CT)",578,0,578,1289,0,1289
1025958002,"Clarke, AL (CT)",887,0,887,1731,0,1731
1027958900,"Clay, AL (CT)",2631,0,2631,5324,0,5324
1027959000,"Clay, AL (CT)",1555,0,1555,3224,0,3224
1027959100,"Clay, AL (CT)",1438,0,1438,2904,0,2904
1027959200,"Clay, AL (CT)",1152,0,1152,2480,0,2480
1029959500,"Cleburne, AL (CT)",1250,0,1250,2684,0,2684
1029959600,"Cleburne, AL (CT)",1855,0,1855,4202,0,4202
1029959700,"Cleburne, AL (CT)",1554,0,1554,3419,0,3419
1029959800,"Cleburne, AL (CT)",2059,0,2059,4667,0,4667
1031010100,"Coffee, AL (CT)",986,0,986,2057,0,2057
1031010200,"Coffee, AL (CT)",888,0,888,1841,0,1841
1031010300,"Coffee, AL (CT)",1822,69,1891,4098,160,4258
1031010400,"Coffee, AL (CT)",1008,0,1008,2152,0,2152
1031010500,"Coffee, AL (CT)",2093,0,2093,4558,0,4558
1031010600,"Coffee, AL (CT)",733,0,733,1561,0,1561
1031010700,"Coffee, AL (CT)",1037,0,1037,2286,0,2286
1031010800,"Coffee, AL (CT)",1102,152,1254,2471,369,2840
1031010900,"Coffee, AL (CT)",275,758,1033,615,1502,2117
1031011000,"Coffee, AL (CT)",438,1055,1493,1029,2497,3526
1031011100,"Coffee, AL (CT)",0,925,925,0,2026,2026
1031011201,"Coffee, AL (CT)",258,2928,3186,589,7447,8036
1031011202,"Coffee, AL (CT)",7,3904,3911,13,8517,8530
1031011300,"Coffee, AL (CT)",128,1764,1892,303,3857,4160
1033020100,"Colbert, AL (CT)",0,1841,1841,0,3467,3467
1033020200,"Colbert, AL (CT)",0,1084,1084,0,1957,1957
1033020300,"Colbert, AL (CT)",0,1048,1048,0,2032,2032
1033020400,"Colbert, AL (CT)",0,673,673,0,1530,1530
1033020500,"Colbert, AL (CT)",338,1994,2332,854,4367,5221
1033020600,"Colbert, AL (CT)",1,2158,2159,2,4126,4128
1033020701,"Colbert, AL (CT)",1219,1369,2588,2646,3457,6103
1033020703,"Colbert, AL (CT)",174,2135,2309,379,4796,5175
1033020704,"Colbert, AL (CT)",0,1939,1939,0,4321,4321
1033020801,"Colbert, AL (CT)",2147,0,2147,4487,0,4487
1033020802,"Colbert, AL (CT)",1768,0,1768,3766,0,3766
1033020901,"Colbert, AL (CT)",1701,218,1919,3843,484,4327
1033020902,"Colbert, AL (CT)",1802,0,1802,3972,0,3972
1033021000,"Colbert, AL (CT)",2149,0,2149,3942,0,3942
1035960200,"Conecuh, AL (CT)",1074,0,1074,1808,0,1808
1035960300,"Conecuh, AL (CT)",915,0,915,1731,0,1731
1035960400,"Conecuh, AL (CT)",1708,0,1708,3251,0,3251
1035960500,"Conecuh, AL (CT)",553,334,887,1120,651,1771
1035960600,"Conecuh, AL (CT)",1630,879,2509,2798,1869,4667
1037961000,"Coosa, AL (CT)",1881,0,1881,3956,0,3956
1037961100,"Coosa, AL (CT)",2119,0,2119,3927,0,3927
1037961200,"Coosa, AL (CT)",2478,0,2478,3656,0,3656
1039961600,"Covington, AL (CT)",2359,0,2359,4133,0,4133
1039961700,"Covington, AL (CT)",2052,0,2052,4032,0,4032
1039961800,"Covington, AL (CT)",842,657,1499,1680,1449,3129
1039961900,"Covington, AL (CT)",561,438,999,1269,858,2127
1039962000,"Covington, AL (CT)",563,1428,1991,1062,2855,3917
1039962100,"Covington, AL (CT)",268,664,932,518,1493,2011
1039962300,"Covington, AL (CT)",1487,0,1487,3279,0,3279
1039962400,"Covington, AL (CT)",895,631,1526,1889,1255,3144
1039962500,"Covington, AL (CT)",111,583,694,383,1141,1524
1039962600,"Covington, AL (CT)",284,427,711,596,921,1517
1039962700,"Covington, AL (CT)",106,711,817,197,1489,1686
1039962800,"Covington, AL (CT)",834,0,834,1736,0,1736
1039962900,"Covington, AL (CT)",927,0,927,1846,0,1846
1039963000,"Covington, AL (CT)",2001,0,2001,3684,0,3684
1041963400,"Crenshaw, AL (CT)",965,0,965,1925,0,1925
1041963500,"Crenshaw, AL (CT)",903,0,903,1903,0,1903
1041963600,"Crenshaw, AL (CT)",1538,0,1538,3180,0,3180
1041963700,"Crenshaw, AL (CT)",1754,0,1754,3809,0,3809
1041963800,"Crenshaw, AL (CT)",892,0,892,1681,0,1681
1041963900,"Crenshaw, AL (CT)",683,0,683,1408,0,1408
1043964100,"Cullman, AL (CT)",2394,106,2500,5369,213,5582
1043964200,"Cullman, AL (CT)",3096,0,3096,7373,0,7373
1043964300,"Cullman, AL (CT)",1794,352,2146,4206,795,5001
1043964400,"Cullman, AL (CT)",1753,22,1775,4064,48,4112
1043964500,"Cullman, AL (CT)",1891,0,1891,4180,0,4180
1043964600,"Cullman, AL (CT)",1672,0,1672,4007,0,4007
1043964700,"Cullman, AL (CT)",1382,601,1983,3153,1490,4643
1043964800,"Cullman, AL (CT)",31,2062,2093,58,4231,4289
1043964900,"Cullman, AL (CT)",404,2596,3000,850,5833,6683
1043965000,"Cullman, AL (CT)",211,2692,2903,463,5608,6071
1043965100,"Cullman, AL (CT)",1311,189,1500,3129,449,3578
1043965200,"Cullman, AL (CT)",1001,0,1001,2309,0,2309
1043965300,"Cullman, AL (CT)",1962,0,1962,4539,0,4539
1043965401,"Cullman, AL (CT)",736,744,1480,1861,1449,3310
1043965402,"Cullman, AL (CT)",1287,625,1912,2788,1401,4189
1043965500,"Cullman, AL (CT)",2901,0,2901,5631,0,5631
1043965600,"Cullman, AL (CT)",1954,0,1954,2257,0,2257
1043965700,"Cullman, AL (CT)",1285,0,1285,2652,0,2652
1045020000,"Dale, AL (CT)",652,806,1458,1793,2849,4642
1045020100,"Dale, AL (CT)",1749,0,1749,3823,0,3823
1045020200,"Dale, AL (CT)",1078,0,1078,2067,0,2067
1045020300,"Dale, AL (CT)",924,154,1078,2064,332,2396
1045020400,"Dale, AL (CT)",817,250,1067,1827,715,2542
1045020500,"Dale, AL (CT)",177,856,1033,394,1655,2049
1045020700,"Dale, AL (CT)",264,1467,1731,483,3035,3518
1045020801,"Dale, AL (CT)",280,1130,1410,697,2664,3361
1045020802,"Dale, AL (CT)",345,1742,2087,686,3665,4351
1045021101,"Dale, AL (CT)",471,1588,2059,1138,3755,4893
1045021102,"Dale, AL (CT)",565,1848,2413,1078,3309,4387
1045021200,"Dale, AL (CT)",1171,66,1237,2557,139,2696
1045021300,"Dale, AL (CT)",1662,183,1845,3655,379,4034
1045021400,"Dale, AL (CT)",1464,968,2432,3310,2182,5492
1047956100,"Dallas, AL (CT)",2638,230,2868,6259,494,6753
1047956201,"Dallas, AL (CT)",1004,167,1171,2103,447,2550
1047956202,"Dallas, AL (CT)",1031,0,1031,2327,0,2327
1047956300,"Dallas, AL (CT)",57,1588,1645,113,3678,3791
1047956400,"Dallas, AL (CT)",0,1415,1415,0,3150,3150
1047956500,"Dallas, AL (CT)",0,1731,1731,0,3811,3811
1047956600,"Dallas, AL (CT)",0,1753,1753,0,3811,3811
1047956701,"Dallas, AL (CT)",0,821,821,0,1855,1855
1047956702,"Dallas, AL (CT)",0,796,796,0,1602,1602
1047956800,"Dallas, AL (CT)",13,1245,1258,36,2753,2789
1047956900,"Dallas, AL (CT)",1424,0,1424,2804,0,2804
1047957000,"Dallas, AL (CT)",800,0,800,1274,0,1274
1047957100,"Dallas, AL (CT)",681,0,681,1345,0,1345
1047957200,"Dallas, AL (CT)",292,504,796,664,1090,1754
1047957300,"Dallas, AL (CT)",1522,496,2018,3074,1130,4204
1049960100,"DeKalb, AL (CT)",2687,0,2687,5937,0,5937
1049960200,"DeKalb, AL (CT)",1648,0,1648,3530,0,3530
1049960300,"DeKalb, AL (CT)",3038,0,3038,6908,0,6908
1049960400,"DeKalb, AL (CT)",2814,0,2814,6483,0,6483
1049960500,"DeKalb, AL (CT)",2436,0,2436,5373,0,5373
1049960600,"DeKalb, AL (CT)",2809,0,2809,6393,0,6393
1049960700,"DeKalb, AL (CT)",3077,0,3077,8628,0,8628
1049960800,"DeKalb, AL (CT)",1772,0,1772,4498,0,4498
1049960900,"DeKalb, AL (CT)",1364,372,1736,2758,1051,3809
1049961000,"DeKalb, AL (CT)",1547,259,1806,3369,545,3914
1049961100,"DeKalb, AL (CT)",645,769,1414,1559,1699,3258
1049961200,"DeKalb, AL (CT)",836,75,911,1938,169,2107
1049961300,"DeKalb, AL (CT)",1139,1352,2491,2413,3554,5967
1049961400,"DeKalb, AL (CT)",2470,0,2470,4304,0,4304
1051030100,"Elmore, AL (CT)",2778,26,2804,6263,3841,10104
1051030200,"Elmore, AL (CT)",2235,0,2235,4757,0,4757
1051030300,"Elmore, AL (CT)",2525,0,2525,2464,0,2464
1051030400,"Elmore, AL (CT)",2035,1282,3317,4998,2714,7712
1051030500,"Elmore, AL (CT)",1994,0,1994,4695,0,4695
1051030600,"Elmore, AL (CT)",2116,491,2607,5259,2146,7405
1051030701,"Elmore, AL (CT)",2407,0,2407,6257,0,6257
1051030702,"Elmore, AL (CT)",1242,276,1518,3036,642,3678
1051030800,"Elmore, AL (CT)",848,1782,2630,1913,3871,5784
1051030901,"Elmore, AL (CT)",256,1969,2225,651,5583,6234
1051030902,"Elmore, AL (CT)",316,1162,1478,876,2823,3699
1051031000,"Elmore, AL (CT)",107,2715,2822,259,6257,6516
1051031100,"Elmore, AL (CT)",0,1630,1630,0,4221,4221
1051031200,"Elmore, AL (CT)",338,386,724,779,1030,1809
1051031300,"Elmore, AL (CT)",349,1392,1741,766,3202,3968
1053969800,"Escambia, AL (CT)",1761,1182,2943,3540,2415,5955
1053969900,"Escambia, AL (CT)",1636,422,2058,3581,780,4361
1053970100,"Escambia, AL (CT)",1124,947,2071,2412,2104,4516
1053970200,"Escambia, AL (CT)",113,707,820,172,1567,1739
1053970300,"Escambia, AL (CT)",1398,287,1685,3081,551,3632
1053970400,"Escambia, AL (CT)",1261,0,1261,5744,0,5744
1053970500,"Escambia, AL (CT)",1656,499,2155,3783,1036,4819
1053970600,"Escambia, AL (CT)",562,1279,1841,1302,2733,4035
1053970700,"Escambia, AL (CT)",309,1343,1652,722,2796,3518
1055000200,"Etowah, AL (CT)",150,1425,1575,295,3365,3660
1055000300,"Etowah, AL (CT)",0,1362,1362,0,2684,2684
1055000400,"Etowah, AL (CT)",175,1602,1777,381,3485,3866
1055000500,"Etowah, AL (CT)",0,911,911,0,1814,1814
1055000600,"Etowah, AL (CT)",0,971,971,0,1964,1964
1055000700,"Etowah, AL (CT)",0,620,620,0,1376,1376
1055000800,"Etowah, AL (CT)",0,573,573,0,1089,1089
1055000900,"Etowah, AL (CT)",45,1230,1275,75,2623,2698
1055001000,"Etowah, AL (CT)",0,677,677,0,1286,1286
1055001100,"Etowah, AL (CT)",2,2095,2097,4,4725,4729
1055001200,"Etowah, AL (CT)",0,1695,1695,0,3546,3546
1055001300,"Etowah, AL (CT)",0,1306,1306,0,2571,2571
1055001600,"Etowah, AL (CT)",91,1515,1606,212,3312,3524
1055001700,"Etowah, AL (CT)",48,954,1002,61,1577,1638
1055010100,"Etowah, AL (CT)",422,590,1012,952,1107,2059
1055010200,"Etowah, AL (CT)",216,2243,2459,480,5038,5518
1055010300,"Etowah, AL (CT)",1343,0,1343,2918,0,2918
1055010401,"Etowah, AL (CT)",0,1765,1765,0,3471,3471
1055010402,"Etowah, AL (CT)",986,1471,2457,2307,3197,5504
1055010501,"Etowah, AL (CT)",749,2667,3416,1821,6370,8191
1055010502,"Etowah, AL (CT)",1144,1039,2183,2623,2365,4988
1055010601,"Etowah, AL (CT)",667,1639,2306,1499,3796,5295
1055010602,"Etowah, AL (CT)",1593,125,1718,3684,300,3984
1055010700,"Etowah, AL (CT)",1550,56,1606,3636,133,3769
1055010800,"Etowah, AL (CT)",1278,4,1282,2940,13,2953
1055010900,"Etowah, AL (CT)",741,0,741,1721,0,1721
1055011001,"Etowah, AL (CT)",1847,97,1944,4392,221,4613
1055011002,"Etowah, AL (CT)",1658,376,2034,3841,924,4765
1055011100,"Etowah, AL (CT)",2340,0,2340,5302,0,5302
1055011200,"Etowah, AL (CT)",0,1401,1401,0,2934,2934
1057020000,"Fayette, AL (CT)",713,0,713,1469,0,1469
1057020100,"Fayette, AL (CT)",1740,0,1740,3669,0,3669
1057020200,"Fayette, AL (CT)",1151,976,2127,2355,2144,4499
1057020300,"Fayette, AL (CT)",1529,615,2144,2790,1264,4054
1057020400,"Fayette, AL (CT)",1713,0,1713,3550,0,3550
1059972900,"Franklin, AL (CT)",1339,417,1756,2936,1072,4008
1059973000,"Franklin, AL (CT)",295,1940,2235,672,4701,5373
1059973100,"Franklin, AL (CT)",1186,0,1186,2378,0,2378
1059973200,"Franklin, AL (CT)",542,1000,1542,1309,2610,3919
1059973300,"Franklin, AL (CT)",986,401,1387,2440,1012,3452
1059973400,"Franklin, AL (CT)",1280,0,1280,2652,0,2652
1059973500,"Franklin, AL (CT)",1050,0,1050,2231,0,2231
1059973600,"Franklin, AL (CT)",823,0,823,1795,0,1795
1059973700,"Franklin, AL (CT)",2763,0,2763,5896,0,5896
1061050100,"Geneva, AL (CT)",2498,0,2498,5098,0,5098
1061050200,"Geneva, AL (CT)",1143,0,1143,2323,0,2323
1061050300,"Geneva, AL (CT)",1312,1246,2558,2758,2654,5412
1061050400,"Geneva, AL (CT)",2803,0,2803,5907,0,5907
1061050500,"Geneva, AL (CT)",1979,0,1979,4288,0,4288
1061050600,"Geneva, AL (CT)",1652,54,1706,3641,121,3762
1063060000,"Greene, AL (CT)",1041,0,1041,1814,0,1814
1063060100,"Greene, AL (CT)",2125,0,2125,4410,0,4410
1063060200,"Greene, AL (CT)",1841,0,1841,2821,0,2821
1065040000,"Hale, AL (CT)",841,726,1567,1827,1707,3534
1065040100,"Hale, AL (CT)",1015,0,1015,1582,0,1582
1065040200,"Hale, AL (CT)",777,0,777,1590,0,1590
1065040300,"Hale, AL (CT)",1076,0,1076,2093,0,2093
1065040400,"Hale, AL (CT)",2519,0,2519,5399,0,5399
1065040500,"Hale, AL (CT)",701,0,701,1562,0,1562
1067030100,"Henry, AL (CT)",888,0,888,1910,0,1910
1067030200,"Henry, AL (CT)",1383,0,1383,2962,0,2962
1067030300,"Henry, AL (CT)",2416,0,2416,3093,0,3093
1067030400,"Henry, AL (CT)",883,0,883,1842,0,1842
1067030500,"Henry, AL (CT)",1574,975,2549,3832,2119,5951
1067030600,"Henry, AL (CT)",772,0,772,1544,0,1544
1069040100,"Houston, AL (CT)",1676,395,2071,3956,993,4949
1069040201,"Houston, AL (CT)",0,3923,3923,0,9001,9001
1069040202,"Houston, AL (CT)",25,3386,3411,59,8083,8142
1069040301,"Houston, AL (CT)",0,1932,1932,0,3928,3928
1069040302,"Houston, AL (CT)",43,1530,1573,120,3469,3589
1069040400,"Houston, AL (CT)",0,1195,1195,0,2484,2484
1069040500,"Houston, AL (CT)",0,1729,1729,0,3458,3458
1069040600,"Houston, AL (CT)",0,1192,1192,0,2471,2471
1069040700,"Houston, AL (CT)",0,1130,1130,0,2662,2662
1069040800,"Houston, AL (CT)",717,2759,3476,1614,6160,7774
1069040900,"Houston, AL (CT)",358,1631,1989,776,3881,4657
1069041000,"Houston, AL (CT)",0,2117,2117,0,5145,5145
1069041100,"Houston, AL (CT)",0,1790,1790,0,3849,3849
1069041200,"Houston, AL (CT)",0,1208,1208,0,2539,2539
1069041400,"Houston, AL (CT)",46,1316,1362,118,2975,3093
1069041500,"Houston, AL (CT)",555,1400,1955,1284,2889,4173
1069041600,"Houston, AL (CT)",1756,537,2293,4071,1306,5377
1069041700,"Houston, AL (CT)",725,0,725,1402,0,1402
1069041800,"Houston, AL (CT)",1146,0,1146,2305,0,2305
1069041900,"Houston, AL (CT)",3223,206,3429,7046,526,7572
1069042000,"Houston, AL (CT)",2607,0,2607,5683,0,5683
1069042100,"Houston, AL (CT)",2526,540,3066,5893,1401,7294
1071950100,"Jackson, AL (CT)",3014,0,3014,6749,0,6749
1071950200,"Jackson, AL (CT)",619,1036,1655,1352,2164,3516
1071950300,"Jackson, AL (CT)",2742,0,2742,5897,0,5897
1071950400,"Jackson, AL (CT)",1018,0,1018,2119,0,2119
1071950500,"Jackson, AL (CT)",1537,0,1537,3518,0,3518
1071950600,"Jackson, AL (CT)",2244,506,2750,4973,978,5951
1071950700,"Jackson, AL (CT)",1221,968,2189,2425,1847,4272
1071950800,"Jackson, AL (CT)",8,1866,1874,20,4039,4059
1071950900,"Jackson, AL (CT)",1136,1449,2585,2408,3205,5613
1071951000,"Jackson, AL (CT)",2159,0,2159,4438,0,4438
1071951100,"Jackson, AL (CT)",3263,0,3263,7095,0,7095
1073000100,"Jefferson, AL (CT)",0,1496,1496,0,3042,3042
1073000300,"Jefferson, AL (CT)",0,1339,1339,0,2735,2735
1073000400,"Jefferson, AL (CT)",0,1547,1547,0,3338,3338
1073000500,"Jefferson, AL (CT)",0,1879,1879,0,2864,2864
1073000700,"Jefferson, AL (CT)",0,1174,1174,0,2577,2577
1073000800,"Jefferson, AL (CT)",0,2053,2053,0,3859,3859
1073001100,"Jefferson, AL (CT)",0,2398,2398,0,5355,5355
1073001200,"Jefferson, AL (CT)",0,1582,1582,0,2876,2876
1073001400,"Jefferson, AL (CT)",0,1147,1147,0,2181,2181
1073001500,"Jefferson, AL (CT)",0,1734,1734,0,3189,3189
1073001600,"Jefferson, AL (CT)",0,1403,1403,0,3390,3390
1073001902,"Jefferson, AL (CT)",0,1073,1073,0,1894,1894
1073002000,"Jefferson, AL (CT)",0,1763,1763,0,3885,3885
1073002100,"Jefferson, AL (CT)",0,1507,1507,0,3186,3186
1073002200,"Jefferson, AL (CT)",0,1172,1172,0,2630,2630
1073002303,"Jefferson, AL (CT)",0,1669,1669,0,2936,2936
1073002305,"Jefferson, AL (CT)",0,1653,1653,0,2952,2952
1073002306,"Jefferson, AL (CT)",0,1875,1875,0,3259,3259
1073002400,"Jefferson, AL (CT)",0,1921,1921,0,3629,3629
1073002700,"Jefferson, AL (CT)",0,1832,1832,0,3992,3992
1073002900,"Jefferson, AL (CT)",0,1357,1357,0,2064,2064
1073003001,"Jefferson, AL (CT)",0,1264,1264,0,3779,3779
1073003002,"Jefferson, AL (CT)",0,1404,1404,0,2203,2203
1073003100,"Jefferson, AL (CT)",0,1800,1800,0,3637,3637
1073003200,"Jefferson, AL (CT)",0,590,590,0,931,931
1073003300,"Jefferson, AL (CT)",0,596,596,0,947,947
1073003400,"Jefferson, AL (CT)",0,1176,1176,0,2477,2477
1073003500,"Jefferson, AL (CT)",0,1309,1309,0,2795,2795
1073003600,"Jefferson, AL (CT)",0,2101,2101,0,4683,4683
1073003700,"Jefferson, AL (CT)",0,2253,2253,0,5063,5063
1073003802,"Jefferson, AL (CT)",0,2320,2320,0,5409,5409
1073003803,"Jefferson, AL (CT)",0,2140,2140,0,4199,4199
1073003900,"Jefferson, AL (CT)",0,862,862,0,1783,1783
1073004000,"Jefferson, AL (CT)",0,2039,2039,0,3772,3772
1073004200,"Jefferson, AL (CT)",0,1331,1331,0,2341,2341
1073004500,"Jefferson, AL (CT)",0,1696,1696,0,5003,5003
1073004701,"Jefferson, AL (CT)",0,2588,2588,0,3480,3480
1073004702,"Jefferson, AL (CT)",0,1949,1949,0,2944,2944
1073004800,"Jefferson, AL (CT)",0,1393,1393,0,1861,1861
1073004901,"Jefferson, AL (CT)",0,1050,1050,0,1167,1167
1073004902,"Jefferson, AL (CT)",0,2093,2093,0,3146,3146
1073005000,"Jefferson, AL (CT)",0,2076,2076,0,3482,3482
1073005101,"Jefferson, AL (CT)",0,1188,1188,0,1507,1507
1073005103,"Jefferson, AL (CT)",0,1426,1426,0,2587,2587
1073005104,"Jefferson, AL (CT)",0,2194,2194,0,3648,3648
1073005200,"Jefferson, AL (CT)",0,1739,1739,0,3740,3740
1073005302,"Jefferson, AL (CT)",0,1594,1594,0,3463,3463
1073005500,"Jefferson, AL (CT)",8,1002,1010,10,2157,2167
1073005600,"Jefferson, AL (CT)",0,2578,2578,0,4578,4578
1073005701,"Jefferson, AL (CT)",0,1254,1254,0,2372,2372
1073005702,"Jefferson, AL (CT)",0,1693,1693,0,3413,3413
1073005800,"Jefferson, AL (CT)",0,2547,2547,0,4216,4216
1073005903,"Jefferson, AL (CT)",0,2279,2279,0,4950,4950
1073005905,"Jefferson, AL (CT)",0,2310,2310,0,5174,5174
1073005907,"Jefferson, AL (CT)",0,840,840,0,2096,2096
1073005908,"Jefferson, AL (CT)",0,1975,1975,0,4101,4101
1073005909,"Jefferson, AL (CT)",0,1015,1015,0,2539,2539
1073005910,"Jefferson, AL (CT)",0,2175,2175,0,5234,5234
1073010001,"Jefferson, AL (CT)",20,2429,2449,43,5246,5289
1073010002,"Jefferson, AL (CT)",76,2042,2118,165,4767,4932
1073010100,"Jefferson, AL (CT)",0,931,931,0,2007,2007
1073010200,"Jefferson, AL (CT)",0,1181,1181,0,2743,2743
1073010301,"Jefferson, AL (CT)",0,1286,1286,0,2685,2685
1073010302,"Jefferson, AL (CT)",0,1805,1805,0,4117,4117
1073010401,"Jefferson, AL (CT)",0,1796,1796,0,3765,3765
1073010402,"Jefferson, AL (CT)",0,806,806,0,1855,1855
1073010500,"Jefferson, AL (CT)",0,730,730,0,1628,1628
1073010602,"Jefferson, AL (CT)",0,2810,2810,0,6266,6266
1073010603,"Jefferson, AL (CT)",0,1040,1040,0,2437,2437
1073010701,"Jefferson, AL (CT)",0,1248,1248,0,2218,2218
1073010702,"Jefferson, AL (CT)",0,2143,2143,0,4484,4484
1073010703,"Jefferson, AL (CT)",0,979,979,0,2304,2304
1073010704,"Jefferson, AL (CT)",0,1456,1456,0,4892,4892
1073010705,"Jefferson, AL (CT)",0,1536,1536,0,3487,3487
1073010706,"Jefferson, AL (CT)",0,2771,2771,0,4880,4880
1073010801,"Jefferson, AL (CT)",0,2837,2837,0,5792,5792
1073010802,"Jefferson, AL (CT)",0,1355,1355,0,3448,3448
1073010803,"Jefferson, AL (CT)",0,2691,2691,0,6514,6514
1073010804,"Jefferson, AL (CT)",0,1153,1153,0,2984,2984
1073010805,"Jefferson, AL (CT)",12,2880,2892,28,7339,7367
1073010900,"Jefferson, AL (CT)",0,2239,2239,0,4989,4989
1073011001,"Jefferson, AL (CT)",296,2270,2566,614,5049,5663
1073011002,"Jefferson, AL (CT)",0,969,969,0,2171,2171
1073011104,"Jefferson, AL (CT)",0,3333,3333,0,7903,7903
1073011107,"Jefferson, AL (CT)",731,3073,3804,2005,8428,10433
1073011108,"Jefferson, AL (CT)",0,2085,2085,0,4548,4548
1073011109,"Jefferson, AL (CT)",47,1619,1666,102,4021,4123
1073011110,"Jefferson, AL (CT)",270,1833,2103,685,4992,5677
1073011111,"Jefferson, AL (CT)",499,2650,3149,1177,6841,8018
1073011205,"Jefferson, AL (CT)",11,899,910,23,2064,2087
1073011206,"Jefferson, AL (CT)",1154,1097,2251,2931,2755,5686
1073011207,"Jefferson, AL (CT)",0,1993,1993,0,5010,5010
1073011208,"Jefferson, AL (CT)",0,1528,1528,0,3975,3975
1073011209,"Jefferson, AL (CT)",0,1431,1431,0,3221,3221
1073011210,"Jefferson, AL (CT)",69,1559,1628,169,3651,3820
1073011301,"Jefferson, AL (CT)",1194,313,1507,2807,814,3621
1073011302,"Jefferson, AL (CT)",1190,1273,2463,3145,3122,6267
1073011400,"Jefferson, AL (CT)",2795,0,2795,6581,0,6581
1073011500,"Jefferson, AL (CT)",2069,329,2398,5070,832,5902
1073011600,"Jefferson, AL (CT)",888,747,1635,2118,1909,4027
1073011703,"Jefferson, AL (CT)",205,3939,4144,471,8640,9111
1073011704,"Jefferson, AL (CT)",584,982,1566,1537,2447,3984
1073011705,"Jefferson, AL (CT)",136,3041,3177,356,7339,7695
1073011706,"Jefferson, AL (CT)",929,60,989,2235,159,2394
1073011802,"Jefferson, AL (CT)",0,3248,3248,0,7512,7512
1073011803,"Jefferson, AL (CT)",0,2051,2051,0,4802,4802
1073011804,"Jefferson, AL (CT)",0,1274,1274,0,2978,2978
1073011901,"Jefferson, AL (CT)",182,1168,1350,366,2591,2957
1073011904,"Jefferson, AL (CT)",0,1017,1017,0,2337,2337
1073012001,"Jefferson, AL (CT)",371,1549,1920,807,3601,4408
1073012002,"Jefferson, AL (CT)",141,2783,2924,343,6044,6387
1073012103,"Jefferson, AL (CT)",387,1473,1860,821,3325,4146
1073012104,"Jefferson, AL (CT)",101,1286,1387,229,2795,3024
1073012200,"Jefferson, AL (CT)",1352,0,1352,4160,0,4160
1073012302,"Jefferson, AL (CT)",1232,395,1627,2878,951,3829
1073012304,"Jefferson, AL (CT)",2,1023,1025,6,2605,2611
1073012305,"Jefferson, AL (CT)",0,3076,3076,0,7947,7947
1073012401,"Jefferson, AL (CT)",0,1583,1583,0,3737,3737
1073012402,"Jefferson, AL (CT)",35,1413,1448,81,2996,3077
1073012403,"Jefferson, AL (CT)",383,1150,1533,908,2684,3592
1073012500,"Jefferson, AL (CT)",107,2001,2108,204,4250,4454
1073012602,"Jefferson, AL (CT)",72,1401,1473,136,2837,2973
1073012701,"Jefferson, AL (CT)",178,1316,1494,382,3155,3537
1073012703,"Jefferson, AL (CT)",105,2079,2184,271,5322,5593
1073012704,"Jefferson, AL (CT)",495,434,929,1135,996,2131
1073012802,"Jefferson, AL (CT)",0,1435,1435,0,2759,2759
1073012803,"Jefferson, AL (CT)",0,2762,2762,0,4734,4734
1073012905,"Jefferson, AL (CT)",0,1802,1802,0,4277,4277
1073012906,"Jefferson, AL (CT)",0,3121,3121,0,6671,6671
1073012907,"Jefferson, AL (CT)",0,2263,2263,0,4831,4831
1073012908,"Jefferson, AL (CT)",0,2423,2423,0,4746,4746
1073012910,"Jefferson, AL (CT)",0,1796,1796,0,3347,3347
1073012911,"Jefferson, AL (CT)",0,2114,2114,0,5757,5757
1073012912,"Jefferson, AL (CT)",0,2880,2880,0,5473,5473
1073012913,"Jefferson, AL (CT)",0,2112,2112,0,4614,4614
1073012914,"Jefferson, AL (CT)",0,1207,1207,0,1927,1927
1073012915,"Jefferson, AL (CT)",0,2940,2940,0,6083,6083
1073013002,"Jefferson, AL (CT)",0,845,845,0,1514,1514
1073013100,"Jefferson, AL (CT)",0,2078,2078,0,4508,4508
1073013200,"Jefferson, AL (CT)",0,1038,1038,0,2292,2292
1073013300,"Jefferson, AL (CT)",0,1580,1580,0,3588,3588
1073013400,"Jefferson, AL (CT)",0,2067,2067,0,4838,4838
1073013601,"Jefferson, AL (CT)",0,1660,1660,0,3511,3511
1073013801,"Jefferson, AL (CT)",0,1038,1038,0,2122,2122
1073013901,"Jefferson, AL (CT)",0,809,809,0,1704,1704
1073013902,"Jefferson, AL (CT)",0,981,981,0,2141,2141
1073014001,"Jefferson, AL (CT)",995,707,1702,2414,1597,4011
1073014002,"Jefferson, AL (CT)",976,457,1433,2462,1194,3656
1073014102,"Jefferson, AL (CT)",2194,0,2194,4918,0,4918
1073014104,"Jefferson, AL (CT)",619,742,1361,1485,1832,3317
1073014105,"Jefferson, AL (CT)",50,1741,1791,102,4084,4186
1073014203,"Jefferson, AL (CT)",2048,2991,5039,4953,7549,12502
1073014204,"Jefferson, AL (CT)",394,3276,3670,878,8909,9787
1073014301,"Jefferson, AL (CT)",235,1113,1348,302,2500,2802
1073014302,"Jefferson, AL (CT)",1198,1673,2871,2239,3427,5666
1073014404,"Jefferson, AL (CT)",0,2590,2590,0,5433,5433
1073014405,"Jefferson, AL (CT)",0,1837,1837,0,3929,3929
1073014406,"Jefferson, AL (CT)",0,2264,2264,0,5759,5759
1073014408,"Jefferson, AL (CT)",0,2046,2046,0,3648,3648
1073014409,"Jefferson, AL (CT)",0,1494,1494,0,3309,3309
1073014410,"Jefferson, AL (CT)",0,2142,2142,0,5180,5180
1073014412,"Jefferson, AL (CT)",0,1692,1692,0,4162,4162
1073014413,"Jefferson, AL (CT)",0,3501,3501,0,8852,8852
1075030000,"Lamar, AL (CT)",2380,0,2380,4689,0,4689
1075030100,"Lamar, AL (CT)",2836,0,2836,5713,0,5713
1075030200,"Lamar, AL (CT)",2138,0,2138,4162,0,4162
1077010100,"Lauderdale, AL (CT)",0,616,616,0,1959,1959
1077010200,"Lauderdale, AL (CT)",0,1305,1305,0,1953,1953
1077010300,"Lauderdale, AL (CT)",0,864,864,0,1513,1513
1077010400,"Lauderdale, AL (CT)",0,1507,1507,0,2871,2871
1077010600,"Lauderdale, AL (CT)",0,1611,1611,0,2740,2740
1077010700,"Lauderdale, AL (CT)",0,916,916,0,2098,2098
1077010800,"Lauderdale, AL (CT)",0,1720,1720,0,3797,3797
1077010900,"Lauderdale, AL (CT)",0,3536,3536,0,7081,7081
1077011000,"Lauderdale, AL (CT)",0,2359,2359,0,4612,4612
1077011101,"Lauderdale, AL (CT)",296,2218,2514,676,5243,5919
1077011102,"Lauderdale, AL (CT)",0,2204,2204,0,4465,4465
1077011200,"Lauderdale, AL (CT)",1877,66,1943,3847,176,4023
1077011300,"Lauderdale, AL (CT)",1273,0,1273,2353,0,2353
1077011400,"Lauderdale, AL (CT)",2800,0,2800,6563,0,6563
1077011501,"Lauderdale, AL (CT)",361,2527,2888,817,5443,6260
1077011502,"Lauderdale, AL (CT)",2313,56,2369,5091,140,5231
1077011602,"Lauderdale, AL (CT)",2141,0,2141,5073,0,5073
1077011603,"Lauderdale, AL (CT)",1570,476,2046,3553,925,4478
1077011604,"Lauderdale, AL (CT)",1954,805,2759,4618,1992,6610
1077011700,"Lauderdale, AL (CT)",2145,0,2145,4480,0,4480
1077011801,"Lauderdale, AL (CT)",2190,0,2190,4922,0,4922
1077011802,"Lauderdale, AL (CT)",2085,0,2085,3708,0,3708
1079979100,"Lawrence, AL (CT)",787,0,787,1668,0,1668
1079979200,"Lawrence, AL (CT)",2308,0,2308,4655,0,4655
1079979300,"Lawrence, AL (CT)",2017,0,2017,4615,0,4615
1079979400,"Lawrence, AL (CT)",908,1145,2053,2121,2393,4514
1079979500,"Lawrence, AL (CT)",2557,0,2557,6071,0,6071
1079979600,"Lawrence, AL (CT)",2233,28,2261,5409,72,5481
1079979700,"Lawrence, AL (CT)",947,0,947,2124,0,2124
1079979800,"Lawrence, AL (CT)",1219,240,1459,2743,526,3269
1079979900,"Lawrence, AL (CT)",840,0,840,1942,0,1942
1081040200,"Lee, AL (CT)",0,2936,2936,0,5133,5133
1081040300,"Lee, AL (CT)",0,1437,1437,0,2470,2470
1081040400,"Lee, AL (CT)",0,3266,3266,0,6960,6960
1081040500,"Lee, AL (CT)",614,2320,2934,1390,6262,7652
1081040602,"Lee, AL (CT)",401,1408,1809,838,3314,4152
1081040603,"Lee, AL (CT)",0,596,596,0,988,988
1081040604,"Lee, AL (CT)",273,2808,3081,565,4581,5146
1081040700,"Lee, AL (CT)",0,273,273,0,3977,3977
1081040800,"Lee, AL (CT)",0,2623,2623,0,3750,3750
1081040901,"Lee, AL (CT)",29,1470,1499,75,3189,3264
1081040902,"Lee, AL (CT)",0,2737,2737,0,5201,5201
1081041000,"Lee, AL (CT)",2170,992,3162,4506,2730,7236
1081041100,"Lee, AL (CT)",513,3697,4210,1052,7990,9042
1081041200,"Lee, AL (CT)",255,1621,1876,617,3783,4400
1081041300,"Lee, AL (CT)",0,1468,1468,0,3325,3325
1081041400,"Lee, AL (CT)",0,1610,1610,0,3565,3565
1081041600,"Lee, AL (CT)",5,1586,1591,15,3211,3226
1081041700,"Lee, AL (CT)",1819,1711,3530,4354,4174,8528
1081041800,"Lee, AL (CT)",3036,1,3037,6705,0,6705
1081041900,"Lee, AL (CT)",2882,551,3433,6242,1381,7623
1081042002,"Lee, AL (CT)",381,2390,2771,858,5763,6621
1081042003,"Lee, AL (CT)",311,1048,1359,893,2752,3645
1081042004,"Lee, AL (CT)",0,3991,3991,0,9990,9990
1081042005,"Lee, AL (CT)",0,2022,2022,0,5181,5181
1081042006,"Lee, AL (CT)",0,867,867,0,1998,1998
1081042101,"Lee, AL (CT)",1505,0,1505,3643,0,3643
1081042102,"Lee, AL (CT)",2723,45,2768,6688,138,6826
1083020101,"Limestone, AL (CT)",1738,18,1756,4200,57,4257
1083020102,"Limestone, AL (CT)",2712,0,2712,6317,0,6317
1083020201,"Limestone, AL (CT)",1296,717,2013,3051,1769,4820
1083020202,"Limestone, AL (CT)",2033,0,2033,4957,0,4957
1083020300,"Limestone, AL (CT)",1684,0,1684,3583,0,3583
1083020401,"Limestone, AL (CT)",2995,125,3120,5632,329,5961
1083020402,"Limestone, AL (CT)",1541,685,2226,3702,1702,5404
1083020500,"Limestone, AL (CT)",0,1267,1267,0,2805,2805
1083020600,"Limestone, AL (CT)",101,1749,1850,225,3915,4140
1083020700,"Limestone, AL (CT)",93,1108,1201,108,1954,2062
1083020801,"Limestone, AL (CT)",1476,833,2309,3652,4380,8032
1083020802,"Limestone, AL (CT)",1136,2166,3302,2750,5478,8228
1083020900,"Limestone, AL (CT)",89,1715,1804,229,3526,3755
1083021000,"Limestone, AL (CT)",0,1109,1109,0,2445,2445
1083021100,"Limestone, AL (CT)",2169,714,2883,4739,1839,6578
1083021200,"Limestone, AL (CT)",1968,1740,3708,4545,4893,9438
1085780800,"Lowndes, AL (CT)",1611,0,1611,3620,0,3620
1085781000,"Lowndes, AL (CT)",1447,0,1447,2932,0,2932
1085781100,"Lowndes, AL (CT)",786,0,786,1861,0,1861
1085781200,"Lowndes, AL (CT)",1296,0,1296,2886,0,2886
1087231400,"Macon, AL (CT)",746,0,746,1403,0,1403
1087231500,"Macon, AL (CT)",1533,0,1533,3156,0,3156
1087231601,"Macon, AL (CT)",599,7,606,1175,12,1187
1087231602,"Macon, AL (CT)",205,613,818,472,1087,1559
1087231603,"Macon, AL (CT)",523,109,632,1076,231,1307
1087231700,"Macon, AL (CT)",0,370,370,0,2113,2113
1087231800,"Macon, AL (CT)",117,559,676,192,1070,1262
1087231900,"Macon, AL (CT)",163,977,1140,297,1643,1940
1087232000,"Macon, AL (CT)",0,851,851,0,1531,1531
1087232100,"Macon, AL (CT)",46,925,971,86,1849,1935
1087232200,"Macon, AL (CT)",1029,0,1029,2309,0,2309
1087232300,"Macon, AL (CT)",887,0,887,1750,0,1750
1089000201,"Madison, AL (CT)",63,347,410,120,640,760
1089000202,"Madison, AL (CT)",0,1069,1069,0,4399,4399
1089000301,"Madison, AL (CT)",0,1651,1651,0,3954,3954
1089000302,"Madison, AL (CT)",0,1538,1538,0,3650,3650
1089000403,"Madison, AL (CT)",581,1460,2041,1344,3542,4886
1089000501,"Madison, AL (CT)",0,751,751,0,1807,1807
1089000502,"Madison, AL (CT)",0,1007,1007,0,2333,2333
1089000503,"Madison, AL (CT)",0,756,756,0,1878,1878
1089000601,"Madison, AL (CT)",0,670,670,0,1598,1598
1089000602,"Madison, AL (CT)",0,909,909,0,1992,1992
1089000701,"Madison, AL (CT)",0,1384,1384,0,2997,2997
1089000702,"Madison, AL (CT)",0,1451,1451,0,2651,2651
1089000901,"Madison, AL (CT)",171,1934,2105,335,3858,4193
1089000902,"Madison, AL (CT)",0,1218,1218,0,2061,2061
1089001000,"Madison, AL (CT)",0,1884,1884,0,2882,2882
1089001200,"Madison, AL (CT)",0,1392,1392,0,3380,3380
1089001301,"Madison, AL (CT)",0,2276,2276,0,3868,3868
1089001302,"Madison, AL (CT)",0,1023,1023,0,1844,1844
1089001401,"Madison, AL (CT)",0,755,755,0,1579,1579
1089001402,"Madison, AL (CT)",0,2823,2823,0,4853,4853
1089001500,"Madison, AL (CT)",0,1896,1896,0,4946,4946
1089001700,"Madison, AL (CT)",0,899,899,0,1871,1871
1089001801,"Madison, AL (CT)",0,1620,1620,0,3571,3571
1089001901,"Madison, AL (CT)",0,1534,1534,0,3386,3386
1089001902,"Madison, AL (CT)",209,456,665,528,805,1333
1089001903,"Madison, AL (CT)",0,966,966,0,2484,2484
1089002000,"Madison, AL (CT)",0,1206,1206,0,2095,2095
1089002100,"Madison, AL (CT)",0,1851,1851,0,3495,3495
1089002200,"Madison, AL (CT)",0,979,979,0,2101,2101
1089002300,"Madison, AL (CT)",0,2452,2452,0,5172,5172
1089002400,"Madison, AL (CT)",0,2492,2492,0,4744,4744
1089002501,"Madison, AL (CT)",0,1859,1859,0,3427,3427
1089002502,"Madison, AL (CT)",0,1775,1775,0,3082,3082
1089002600,"Madison, AL (CT)",0,2210,2210,0,4036,4036
1089002701,"Madison, AL (CT)",0,1395,1395,0,2534,2534
1089002721,"Madison, AL (CT)",0,1928,1928,0,4039,4039
1089002722,"Madison, AL (CT)",0,1361,1361,0,3074,3074
1089002801,"Madison, AL (CT)",0,2331,2331,0,3894,3894
1089002802,"Madison, AL (CT)",24,2508,2532,61,5768,5829
1089002911,"Madison, AL (CT)",0,1872,1872,0,4535,4535
1089002912,"Madison, AL (CT)",0,1055,1055,0,2466,2466
1089002921,"Madison, AL (CT)",2,2928,2930,3,6221,6224
1089002922,"Madison, AL (CT)",0,1760,1760,0,4387,4387
1089003000,"Madison, AL (CT)",0,1452,1452,0,3086,3086
1089003100,"Madison, AL (CT)",0,1220,1220,0,2982,2982
1089010100,"Madison, AL (CT)",2530,1241,3771,6036,3319,9355
1089010200,"Madison, AL (CT)",1213,1010,2223,2990,2526,5516
1089010301,"Madison, AL (CT)",1834,1373,3207,4514,3611,8125
1089010302,"Madison, AL (CT)",1539,0,1539,3868,0,3868
1089010401,"Madison, AL (CT)",2485,0,2485,6027,0,6027
1089010402,"Madison, AL (CT)",2478,206,2684,6211,525,6736
1089010501,"Madison, AL (CT)",672,3567,4239,1692,9650,11342
1089010502,"Madison, AL (CT)",605,594,1199,1517,1409,2926
1089010612,"Madison, AL (CT)",66,1940,2006,128,4160,4288
1089010621,"Madison, AL (CT)",113,2393,2506,270,6489,6759
1089010622,"Madison, AL (CT)",27,4948,4975,47,9717,9764
1089010623,"Madison, AL (CT)",0,2134,2134,0,5845,5845
1089010624,"Madison, AL (CT)",0,3040,3040,0,8187,8187
1089010701,"Madison, AL (CT)",1134,1930,3064,2770,5078,7848
1089010702,"Madison, AL (CT)",526,2448,2974,1226,5973,7199
1089010800,"Madison, AL (CT)",288,3549,3837,718,9108,9826
1089010901,"Madison, AL (CT)",490,4334,4824,1060,11561,12621
1089010902,"Madison, AL (CT)",1341,0,1341,3124,0,3124
1089011011,"Madison, AL (CT)",0,3085,3085,0,9111,9111
1089011012,"Madison, AL (CT)",0,2218,2218,0,5976,5976
1089011013,"Madison, AL (CT)",0,2042,2042,0,5058,5058
1089011014,"Madison, AL (CT)",0,3323,3323,0,8722,8722
1089011021,"Madison, AL (CT)",0,2136,2136,0,3912,3912
1089011022,"Madison, AL (CT)",0,3464,3464,0,6466,6466
1089011100,"Madison, AL (CT)",167,217,384,422,1533,1955
1089011200,"Madison, AL (CT)",498,3654,4152,957,7359,8316
1089011300,"Madison, AL (CT)",2055,223,2278,4741,501,5242
1089011400,"Madison, AL (CT)",1964,0,1964,4339,0,4339
1091972900,"Marengo, AL (CT)",681,1773,2454,1476,3759,5235
1091973000,"Marengo, AL (CT)",2428,0,2428,4762,0,4762
1091973100,"Marengo, AL (CT)",1143,0,1143,2150,0,2150
1091973200,"Marengo, AL (CT)",1159,0,1159,2473,0,2473
1091973300,"Marengo, AL (CT)",1089,0,1089,2088,0,2088
1091973400,"Marengo, AL (CT)",808,1156,1964,1626,2693,4319
1093964000,"Marion, AL (CT)",2312,98,2410,4864,223,5087
1093964100,"Marion, AL (CT)",1402,0,1402,2767,0,2767
1093964200,"Marion, AL (CT)",771,0,771,1560,0,1560
1093964300,"Marion, AL (CT)",1516,673,2189,3293,1164,4457
1093964400,"Marion, AL (CT)",1706,838,2544,3775,2043,5818
1093964500,"Marion, AL (CT)",1150,0,1150,2175,0,2175
1093964600,"Marion, AL (CT)",1543,0,1543,3298,0,3298
1093964700,"Marion, AL (CT)",2728,0,2728,5614,0,5614
1095030100,"Marshall, AL (CT)",1332,0,1332,2662,0,2662
1095030201,"Marshall, AL (CT)",2604,0,2604,5381,0,5381
1095030202,"Marshall, AL (CT)",2304,144,2448,4515,305,4820
1095030300,"Marshall, AL (CT)",2949,30,2979,6365,65,6430
1095030401,"Marshall, AL (CT)",672,1433,2105,1546,3037,4583
1095030402,"Marshall, AL (CT)",914,573,1487,2049,1404,3453
1095030500,"Marshall, AL (CT)",1928,1523,3451,4096,3358,7454
1095030600,"Marshall, AL (CT)",1409,1464,2873,3323,3187,6510
1095030701,"Marshall, AL (CT)",535,1175,1710,1221,2503,3724
1095030702,"Marshall, AL (CT)",1098,785,1883,2379,1645,4024
1095030801,"Marshall, AL (CT)",585,1346,1931,1423,3591,5014
1095030802,"Marshall, AL (CT)",909,1897,2806,2096,5630,7726
1095030902,"Marshall, AL (CT)",404,1436,1840,946,3321,4267
1095030903,"Marshall, AL (CT)",76,2095,2171,91,5401,5492
1095030904,"Marshall, AL (CT)",1110,1015,2125,2837,2572,5409
1095031000,"Marshall, AL (CT)",2446,0,2446,6028,0,6028
1095031100,"Marshall, AL (CT)",602,1396,1998,1501,3187,4688
1095031200,"Marshall, AL (CT)",429,1724,2153,1091,4263,5354
1097000200,"Mobile, AL (CT)",0,856,856,0,1416,1416
1097000401,"Mobile, AL (CT)",0,738,738,0,1233,1233
1097000402,"Mobile, AL (CT)",0,250,250,0,103,103
1097000500,"Mobile, AL (CT)",0,1021,1021,0,1815,1815
1097000600,"Mobile, AL (CT)",0,1235,1235,0,2897,2897
1097000701,"Mobile, AL (CT)",0,946,946,0,2162,2162
1097000702,"Mobile, AL (CT)",0,1153,1153,0,2451,2451
1097000800,"Mobile, AL (CT)",0,1745,1745,0,4029,4029
1097000901,"Mobile, AL (CT)",0,851,851,0,1708,1708
1097000902,"Mobile, AL (CT)",0,1076,1076,0,2045,2045
1097000903,"Mobile, AL (CT)",0,743,743,0,1627,1627
1097001001,"Mobile, AL (CT)",0,985,985,0,2058,2058
1097001002,"Mobile, AL (CT)",0,1148,1148,0,2176,2176
1097001100,"Mobile, AL (CT)",0,1070,1070,0,2244,2244
1097001200,"Mobile, AL (CT)",0,966,966,0,3484,3484
1097001302,"Mobile, AL (CT)",0,1245,1245,0,3045,3045
1097001400,"Mobile, AL (CT)",0,1078,1078,0,2172,2172
1097001501,"Mobile, AL (CT)",0,1011,1011,0,2164,2164
1097001502,"Mobile, AL (CT)",0,645,645,0,1608,1608
1097001800,"Mobile, AL (CT)",0,1154,1154,0,2634,2634
1097001901,"Mobile, AL (CT)",0,941,941,0,2254,2254
1097001902,"Mobile, AL (CT)",0,1453,1453,0,3418,3418
1097002000,"Mobile, AL (CT)",106,674,780,227,1592,1819
1097002100,"Mobile, AL (CT)",0,1478,1478,0,3906,3906
1097002200,"Mobile, AL (CT)",0,1042,1042,0,2850,2850
1097002301,"Mobile, AL (CT)",0,1033,1033,0,2188,2188
1097002302,"Mobile, AL (CT)",0,817,817,0,2007,2007
1097002400,"Mobile, AL (CT)",0,1625,1625,0,3761,3761
1097002501,"Mobile, AL (CT)",0,1879,1879,0,3439,3439
1097002502,"Mobile, AL (CT)",0,1256,1256,0,2339,2339
1097002600,"Mobile, AL (CT)",0,1485,1485,0,2682,2682
1097002700,"Mobile, AL (CT)",0,1101,1101,0,2446,2446
1097002800,"Mobile, AL (CT)",0,2205,2205,0,4536,4536
1097002900,"Mobile, AL (CT)",0,1685,1685,0,3667,3667
1097003000,"Mobile, AL (CT)",10,1387,1397,22,3122,3144
1097003100,"Mobile, AL (CT)",0,1901,1901,0,4370,4370
1097003202,"Mobile, AL (CT)",0,1283,1283,0,2768,2768
1097003203,"Mobile, AL (CT)",0,1745,1745,0,3629,3629
1097003204,"Mobile, AL (CT)",0,2822,2822,0,4769,4769
1097003205,"Mobile, AL (CT)",0,1742,1742,0,3557,3557
1097003301,"Mobile, AL (CT)",0,1426,1426,0,2683,2683
1097003302,"Mobile, AL (CT)",0,1902,1902,0,4674,4674
1097003402,"Mobile, AL (CT)",0,1418,1418,0,3693,3693
1097003404,"Mobile, AL (CT)",0,920,920,0,2540,2540
1097003405,"Mobile, AL (CT)",0,759,759,0,1899,1899
1097003406,"Mobile, AL (CT)",0,1188,1188,0,2791,2791
1097003407,"Mobile, AL (CT)",62,2757,2819,145,6990,7135
1097003408,"Mobile, AL (CT)",4,1618,1622,11,3983,3994
1097003501,"Mobile, AL (CT)",0,1631,1631,0,3664,3664
1097003502,"Mobile, AL (CT)",0,1123,1123,0,2561,2561
1097003602,"Mobile, AL (CT)",0,697,697,0,1532,1532
1097003605,"Mobile, AL (CT)",0,0,0,0,791,791
1097003606,"Mobile, AL (CT)",0,1572,1572,0,3125,3125
1097003607,"Mobile, AL (CT)",0,1968,1968,0,3805,3805
1097003608,"Mobile, AL (CT)",0,543,543,0,1300,1300
1097003703,"Mobile, AL (CT)",0,1862,1862,0,3425,3425
1097003704,"Mobile, AL (CT)",0,2118,2118,0,4259,4259
1097003705,"Mobile, AL (CT)",0,2239,2239,0,4379,4379
1097003706,"Mobile, AL (CT)",0,1479,1479,0,3163,3163
1097003707,"Mobile, AL (CT)",0,2262,2262,0,4477,4477
1097003708,"Mobile, AL (CT)",0,1563,1563,0,3833,3833
1097003709,"Mobile, AL (CT)",0,2426,2426,0,5762,5762
1097003710,"Mobile, AL (CT)",0,2064,2064,0,4402,4402
1097003800,"Mobile, AL (CT)",167,526,693,392,1075,1467
1097003901,"Mobile, AL (CT)",0,938,938,0,2076,2076
1097003902,"Mobile, AL (CT)",0,477,477,0,969,969
1097004000,"Mobile, AL (CT)",0,1262,1262,0,2538,2538
1097004100,"Mobile, AL (CT)",0,463,463,0,910,910
1097004800,"Mobile, AL (CT)",0,629,629,0,1303,1303
1097004900,"Mobile, AL (CT)",0,1466,1466,0,3289,3289
1097005000,"Mobile, AL (CT)",0,759,759,0,1872,1872
1097005100,"Mobile, AL (CT)",0,628,628,0,1557,1557
1097005200,"Mobile, AL (CT)",0,774,774,0,1534,1534
1097005300,"Mobile, AL (CT)",0,1019,1019,0,1990,1990
1097005400,"Mobile, AL (CT)",0,2054,2054,0,4068,4068
1097005500,"Mobile, AL (CT)",0,1294,1294,0,2973,2973
1097005600,"Mobile, AL (CT)",61,2824,2885,146,7018,7164
1097005700,"Mobile, AL (CT)",1923,868,2791,4967,2215,7182
1097005800,"Mobile, AL (CT)",2096,0,2096,4942,0,4942
1097005900,"Mobile, AL (CT)",1779,0,1779,4538,0,4538
1097006000,"Mobile, AL (CT)",2065,0,2065,4996,0,4996
1097006102,"Mobile, AL (CT)",1144,70,1214,2761,180,2941
1097006103,"Mobile, AL (CT)",467,1454,1921,1229,3851,5080
1097006104,"Mobile, AL (CT)",1850,34,1884,4514,78,4592
1097006105,"Mobile, AL (CT)",1505,1004,2509,4015,2560,6575
1097006200,"Mobile, AL (CT)",2249,0,2249,6036,0,6036
1097006301,"Mobile, AL (CT)",2297,1646,3943,6048,4472,10520
1097006302,"Mobile, AL (CT)",21,2381,2402,47,6266,6313
1097006402,"Mobile, AL (CT)",179,1640,1819,416,4286,4702
1097006403,"Mobile, AL (CT)",18,700,718,37,1784,1821
1097006404,"Mobile, AL (CT)",0,3912,3912,0,10046,10046
1097006405,"Mobile, AL (CT)",0,2761,2761,0,6901,6901
1097006406,"Mobile, AL (CT)",186,2457,2643,495,7053,7548
1097006407,"Mobile, AL (CT)",1987,281,2268,5202,814,6016
1097006501,"Mobile, AL (CT)",1369,538,1907,3441,1437,4878
1097006502,"Mobile, AL (CT)",2954,1520,4474,7781,4177,11958
1097006600,"Mobile, AL (CT)",1353,850,2203,3452,2096,5548
1097006701,"Mobile, AL (CT)",1270,1366,2636,3373,3968,7341
1097006702,"Mobile, AL (CT)",879,689,1568,2167,1897,4064
1097006801,"Mobile, AL (CT)",0,2972,2972,0,7958,7958
1097006802,"Mobile, AL (CT)",60,1294,1354,168,3112,3280
1097006901,"Mobile, AL (CT)",0,3133,3133,0,7604,7604
1097006902,"Mobile, AL (CT)",0,1669,1669,0,3973,3973
1097007000,"Mobile, AL (CT)",330,1746,2076,635,3924,4559
1097007101,"Mobile, AL (CT)",0,1913,1913,0,4717,4717
1097007102,"Mobile, AL (CT)",348,897,1245,750,2360,3110
1097007103,"Mobile, AL (CT)",1579,6,1585,3375,15,3390
1097007201,"Mobile, AL (CT)",818,342,1160,2044,955,2999
1097007202,"Mobile, AL (CT)",2656,0,2656,2771,0,2771
1097007300,"Mobile, AL (CT)",627,1129,1756,1539,2900,4439
1097007400,"Mobile, AL (CT)",0,1712,1712,0,3647,3647
1097007500,"Mobile, AL (CT)",0,809,809,0,1856,1856
1097007600,"Mobile, AL (CT)",0,1050,1050,0,2371,2371
1097007700,"Mobile, AL (CT)",0,816,816,0,1563,1563
1097990000,"Mobile, AL (CT)",0,0,0,0,0,0
1099075600,"Monroe, AL (CT)",851,0,851,1341,0,1341
1099075700,"Monroe, AL (CT)",1106,0,1106,1867,0,1867
1099075800,"Monroe, AL (CT)",808,0,808,1500,0,1500
1099075900,"Monroe, AL (CT)",1392,1560,2952,3021,3302,6323
1099076000,"Monroe, AL (CT)",936,736,1672,2010,1532,3542
1099076100,"Monroe, AL (CT)",2920,0,2920,6681,0,6681
1099076200,"Monroe, AL (CT)",1024,0,1024,1814,0,1814
1101000100,"Montgomery, AL (CT)",0,565,565,0,1174,1174
1101000200,"Montgomery, AL (CT)",0,590,590,0,1605,1605
1101000300,"Montgomery, AL (CT)",0,818,818,0,1666,1666
1101000400,"Montgomery, AL (CT)",0,2146,2146,0,4893,4893
1101000500,"Montgomery, AL (CT)",0,1719,1719,0,3656,3656
1101000600,"Montgomery, AL (CT)",0,665,665,0,1148,1148
1101000700,"Montgomery, AL (CT)",0,843,843,0,1388,1388
1101000900,"Montgomery, AL (CT)",6,391,397,18,2497,2515
1101001000,"Montgomery, AL (CT)",0,850,850,0,1369,1369
1101001100,"Montgomery, AL (CT)",0,1802,1802,0,3569,3569
1101001200,"Montgomery, AL (CT)",0,952,952,0,1771,1771
1101001300,"Montgomery, AL (CT)",0,1259,1259,0,2497,2497
1101001400,"Montgomery, AL (CT)",0,1885,1885,0,3618,3618
1101001500,"Montgomery, AL (CT)",0,1088,1088,0,3760,3760
1101001600,"Montgomery, AL (CT)",0,1908,1908,0,3769,3769
1101001700,"Montgomery, AL (CT)",0,2396,2396,0,5463,5463
1101001800,"Montgomery, AL (CT)",0,1615,1615,0,3411,3411
1101001900,"Montgomery, AL (CT)",0,1499,1499,0,3151,3151
1101002000,"Montgomery, AL (CT)",0,2045,2045,0,4554,4554
1101002100,"Montgomery, AL (CT)",0,1641,1641,0,4091,4091
1101002201,"Montgomery, AL (CT)",0,2007,2007,0,4518,4518
1101002202,"Montgomery, AL (CT)",0,494,494,0,1185,1185
1101002300,"Montgomery, AL (CT)",0,1444,1444,0,3136,3136
1101002400,"Montgomery, AL (CT)",0,968,968,0,2008,2008
1101002500,"Montgomery, AL (CT)",0,1124,1124,0,2754,2754
1101002600,"Montgomery, AL (CT)",0,2614,2614,0,5956,5956
1101002700,"Montgomery, AL (CT)",0,1934,1934,0,4467,4467
1101002800,"Montgomery, AL (CT)",0,2335,2335,0,4220,4220
1101002900,"Montgomery, AL (CT)",0,3415,3415,0,8217,8217
1101003000,"Montgomery, AL (CT)",19,1305,1324,19,3325,3344
1101003100,"Montgomery, AL (CT)",0,1481,1481,0,3774,3774
1101003200,"Montgomery, AL (CT)",0,2456,2456,0,5724,5724
1101003301,"Montgomery, AL (CT)",0,1583,1583,0,3495,3495
1101003302,"Montgomery, AL (CT)",0,3037,3037,0,6376,6376
1101005101,"Montgomery, AL (CT)",732,721,1453,1835,1854,3689
1101005102,"Montgomery, AL (CT)",0,1978,1978,0,4576,4576
1101005301,"Montgomery, AL (CT)",0,308,308,0,623,623
1101005302,"Montgomery, AL (CT)",0,860,860,0,2104,2104
1101005402,"Montgomery, AL (CT)",0,2680,2680,0,5656,5656
1101005403,"Montgomery, AL (CT)",0,2011,2011,0,3614,3614
1101005406,"Montgomery, AL (CT)",1,3955,3956,4,8892,8896
1101005407,"Montgomery, AL (CT)",0,2039,2039,0,4599,4599
1101005408,"Montgomery, AL (CT)",32,3292,3324,68,7569,7637
1101005409,"Montgomery, AL (CT)",0,1450,1450,0,2495,2495
1101005410,"Montgomery, AL (CT)",0,2699,2699,0,4933,4933
1101005501,"Montgomery, AL (CT)",337,234,571,998,2248,3246
1101005502,"Montgomery, AL (CT)",333,0,333,839,0,839
1101005503,"Montgomery, AL (CT)",384,1075,1459,975,2747,3722
1101005504,"Montgomery, AL (CT)",375,0,375,870,0,870
1101005603,"Montgomery, AL (CT)",0,3085,3085,0,7828,7828
1101005604,"Montgomery, AL (CT)",1404,0,1404,3533,0,3533
1101005605,"Montgomery, AL (CT)",0,1496,1496,0,3473,3473
1101005606,"Montgomery, AL (CT)",0,2372,2372,0,4964,4964
1101005607,"Montgomery, AL (CT)",0,1623,1623,0,4531,4531
1101005608,"Montgomery, AL (CT)",363,0,363,947,0,947
1101005609,"Montgomery, AL (CT)",2,2310,2312,1,4621,4622
1101005610,"Montgomery, AL (CT)",587,0,587,1284,0,1284
1101005611,"Montgomery, AL (CT)",175,1169,1344,517,2623,3140
1101005612,"Montgomery, AL (CT)",459,0,459,1107,0,1107
1101005700,"Montgomery, AL (CT)",783,0,783,1526,0,1526
1101005800,"Montgomery, AL (CT)",1107,0,1107,2186,0,2186
1101005901,"Montgomery, AL (CT)",2148,132,2280,4542,323,4865
1101005902,"Montgomery, AL (CT)",0,1501,1501,0,3762,3762
1101006000,"Montgomery, AL (CT)",1317,365,1682,2794,817,3611
1101006100,"Montgomery, AL (CT)",0,848,848,0,2243,2243
1103000100,"Morgan, AL (CT)",0,1911,1911,0,4435,4435
1103000200,"Morgan, AL (CT)",0,1476,1476,0,3623,3623
1103000300,"Morgan, AL (CT)",0,1352,1352,0,2748,2748
1103000400,"Morgan, AL (CT)",0,2020,2020,0,3929,3929
1103000600,"Morgan, AL (CT)",0,1229,1229,0,3526,3526
1103000700,"Morgan, AL (CT)",0,1548,1548,0,4116,4116
1103000800,"Morgan, AL (CT)",0,1327,1327,0,3121,3121
1103000900,"Morgan, AL (CT)",0,2355,2355,0,5511,5511
1103001000,"Morgan, AL (CT)",0,1312,1312,0,3234,3234
1103005101,"Morgan, AL (CT)",237,1846,2083,522,4514,5036
1103005103,"Morgan, AL (CT)",117,292,409,247,628,875
1103005105,"Morgan, AL (CT)",786,137,923,1716,298,2014
1103005106,"Morgan, AL (CT)",58,2946,3004,150,6112,6262
1103005107,"Morgan, AL (CT)",950,772,1722,2311,2042,4353
1103005108,"Morgan, AL (CT)",0,1733,1733,0,3909,3909
1103005109,"Morgan, AL (CT)",1,2127,2128,5,4572,4577
1103005200,"Morgan, AL (CT)",2681,0,2681,6530,0,6530
1103005301,"Morgan, AL (CT)",1412,1955,3367,3422,4518,7940
1103005302,"Morgan, AL (CT)",303,1168,1471,678,2803,3481
1103005303,"Morgan, AL (CT)",0,1855,1855,0,3971,3971
1103005304,"Morgan, AL (CT)",716,1558,2274,1639,3915,5554
1103005404,"Morgan, AL (CT)",1344,697,2041,3316,1845,5161
1103005405,"Morgan, AL (CT)",2257,0,2257,5208,0,5208
1103005500,"Morgan, AL (CT)",2317,0,2317,5687,0,5687
1103005600,"Morgan, AL (CT)",2416,0,2416,5655,0,5655
1103005701,"Morgan, AL (CT)",1167,0,1167,2658,0,2658
1103005702,"Morgan, AL (CT)",2815,0,2815,6376,0,6376
1105686800,"Perry, AL (CT)",614,0,614,1055,0,1055
1105687000,"Perry, AL (CT)",2318,0,2318,5557,0,5557
1105687100,"Perry, AL (CT)",1805,0,1805,3979,0,3979
1107050000,"Pickens, AL (CT)",2111,0,2111,4837,0,4837
1107050100,"Pickens, AL (CT)",1798,0,1798,3656,0,3656
1107050200,"Pickens, AL (CT)",1106,0,1106,2029,0,2029
1107050300,"Pickens, AL (CT)",1816,0,1816,3840,0,3840
1107050400,"Pickens, AL (CT)",2652,0,2652,5384,0,5384
1109188600,"Pike, AL (CT)",1036,0,1036,2002,0,2002
1109188700,"Pike, AL (CT)",728,140,868,1347,321,1668
1109188800,"Pike, AL (CT)",1183,0,1183,2431,0,2431
1109188900,"Pike, AL (CT)",672,1503,2175,1597,3397,4994
1109189000,"Pike, AL (CT)",707,3190,3897,1405,6648,8053
1109189100,"Pike, AL (CT)",686,1988,2674,1594,5429,7023
1109189200,"Pike, AL (CT)",1311,48,1359,2651,102,2753
1109189300,"Pike, AL (CT)",2075,0,2075,3975,0,3975
1111000100,"Randolph, AL (CT)",1995,0,1995,3615,0,3615
1111000200,"Randolph, AL (CT)",1496,0,1496,3251,0,3251
1111000300,"Randolph, AL (CT)",3020,0,3020,4266,0,4266
1111000400,"Randolph, AL (CT)",1221,897,2118,2652,1939,4591
1111000500,"Randolph, AL (CT)",1237,1157,2394,2742,2336,5078
1111000600,"Randolph, AL (CT)",959,0,959,2112,0,2112
1113030200,"Russell, AL (CT)",0,1095,1095,0,2091,2091
1113030300,"Russell, AL (CT)",0,1636,1636,0,3548,3548
1113030401,"Russell, AL (CT)",0,2642,2642,0,5290,5290
1113030402,"Russell, AL (CT)",0,1359,1359,0,2857,2857
1113030500,"Russell, AL (CT)",0,990,990,0,2019,2019
1113030600,"Russell, AL (CT)",149,2724,2873,303,6369,6672
1113030700,"Russell, AL (CT)",0,1693,1693,0,3793,3793
1113030800,"Russell, AL (CT)",31,1561,1592,80,3030,3110
1113030901,"Russell, AL (CT)",1398,1768,3166,2996,4035,7031
1113030902,"Russell, AL (CT)",2408,477,2885,5779,1167,6946
1113031000,"Russell, AL (CT)",1629,0,1629,3727,0,3727
1113031100,"Russell, AL (CT)",1073,0,1073,1873,0,1873
1113031200,"Russell, AL (CT)",1962,0,1962,3990,0,3990
1115040103,"St. Clair, AL (CT)",2554,925,3479,6524,2234,8758
1115040104,"St. Clair, AL (CT)",91,2234,2325,206,5023,5229
1115040105,"St. Clair, AL (CT)",1783,64,1847,4228,144,4372
1115040106,"St. Clair, AL (CT)",2205,596,2801,5406,1258,6664
1115040201,"St. Clair, AL (CT)",2026,400,2426,4902,906,5808
1115040203,"St. Clair, AL (CT)",1087,1538,2625,2541,3596,6137
1115040204,"St. Clair, AL (CT)",1151,1928,3079,2592,4069,6661
1115040205,"St. Clair, AL (CT)",1683,1312,2995,2799,2480,5279
1115040300,"St. Clair, AL (CT)",2465,0,2465,5509,0,5509
1115040401,"St. Clair, AL (CT)",2097,0,2097,4731,0,4731
1115040402,"St. Clair, AL (CT)",1654,0,1654,3718,0,3718
1115040501,"St. Clair, AL (CT)",3181,1247,4428,7972,3030,11002
1115040502,"St. Clair, AL (CT)",3320,0,3320,9725,0,9725
1117030102,"Shelby, AL (CT)",1869,0,1869,4127,0,4127
1117030103,"Shelby, AL (CT)",457,0,457,1038,0,1038
1117030211,"Shelby, AL (CT)",454,637,1091,995,1723,2718
1117030212,"Shelby, AL (CT)",0,2112,2112,0,3231,3231
1117030213,"Shelby, AL (CT)",6,2124,2130,18,4694,4712
1117030214,"Shelby, AL (CT)",2135,542,2677,5585,1529,7114
1117030215,"Shelby, AL (CT)",585,1022,1607,1359,2383,3742
1117030216,"Shelby, AL (CT)",18,2662,2680,12,6417,6429
1117030217,"Shelby, AL (CT)",105,1962,2067,275,5002,5277
1117030303,"Shelby, AL (CT)",0,4000,4000,0,7016,7016
1117030304,"Shelby, AL (CT)",0,2186,2186,0,5639,5639
1117030305,"Shelby, AL (CT)",0,1401,1401,0,3987,3987
1117030306,"Shelby, AL (CT)",0,1498,1498,0,3938,3938
1117030314,"Shelby, AL (CT)",0,1651,1651,0,3084,3084
1117030315,"Shelby, AL (CT)",66,2273,2339,138,5532,5670
1117030316,"Shelby, AL (CT)",55,2101,2156,110,5250,5360
1117030317,"Shelby, AL (CT)",0,1573,1573,0,3834,3834
1117030319,"Shelby, AL (CT)",0,959,959,0,2459,2459
1117030320,"Shelby, AL (CT)",0,1983,1983,0,5250,5250
1117030330,"Shelby, AL (CT)",0,2268,2268,0,5410,5410
1117030331,"Shelby, AL (CT)",0,1471,1471,0,4399,4399
1117030332,"Shelby, AL (CT)",18,460,478,28,1122,1150
1117030333,"Shelby, AL (CT)",0,1951,1951,0,4761,4761
1117030334,"Shelby, AL (CT)",480,776,1256,1233,2453,3686
1117030336,"Shelby, AL (CT)",317,1812,2129,966,5103,6069
1117030337,"Shelby, AL (CT)",41,525,566,102,1282,1384
1117030340,"Shelby, AL (CT)",0,2020,2020,0,5668,5668
1117030341,"Shelby, AL (CT)",0,1018,1018,0,2091,2091
1117030342,"Shelby, AL (CT)",73,761,834,187,2437,2624
1117030344,"Shelby, AL (CT)",288,1096,1384,562,2287,2849
1117030345,"Shelby, AL (CT)",164,885,1049,383,2482,2865
1117030405,"Shelby, AL (CT)",52,519,571,116,1134,1250
1117030406,"Shelby, AL (CT)",436,1149,1585,1024,2402,3426
1117030407,"Shelby, AL (CT)",50,541,591,100,1854,1954
1117030408,"Shelby, AL (CT)",1018,531,1549,2292,1212,3504
1117030501,"Shelby, AL (CT)",695,2054,2749,1581,5153,6734
1117030502,"Shelby, AL (CT)",482,416,898,1126,996,2122
1117030604,"Shelby, AL (CT)",81,2337,2418,195,6626,6821
1117030605,"Shelby, AL (CT)",557,2215,2772,1581,5266,6847
1117030607,"Shelby, AL (CT)",0,2175,2175,0,5825,5825
1117030608,"Shelby, AL (CT)",22,1264,1286,44,3123,3167
1117030609,"Shelby, AL (CT)",1278,1623,2901,3377,3564,6941
1117030701,"Shelby, AL (CT)",1354,66,1420,3486,997,4483
1117030703,"Shelby, AL (CT)",837,746,1583,2121,1645,3766
1117030704,"Shelby, AL (CT)",2499,0,2499,3874,0,3874
1117030800,"Shelby, AL (CT)",1800,0,1800,4006,0,4006
1117030900,"Shelby, AL (CT)",1268,24,1292,2687,60,2747
1117980000,"Shelby, AL (CT)",19,2,21,34,3,37
1119011300,"Sumter, AL (CT)",2910,0,2910,6251,0,6251
1119011400,"Sumter, AL (CT)",934,0,934,1850,0,1850
1119011500,"Sumter, AL (CT)",2261,0,2261,4447,0,4447
1119011600,"Sumter, AL (CT)",681,0,681,1215,0,1215
1121010101,"Talladega, AL (CT)",250,1804,2054,550,4621,5171
1121010102,"Talladega, AL (CT)",2037,108,2145,4775,255,5030
1121010201,"Talladega, AL (CT)",1811,0,1811,4019,0,4019
1121010202,"Talladega, AL (CT)",2028,0,2028,3752,0,3752
1121010301,"Talladega, AL (CT)",1209,208,1417,2681,797,3478
1121010302,"Talladega, AL (CT)",2475,0,2475,4450,0,4450
1121010400,"Talladega, AL (CT)",1311,0,1311,2783,0,2783
1121010500,"Talladega, AL (CT)",247,1079,1326,572,2326,2898
1121010600,"Talladega, AL (CT)",0,1487,1487,0,3086,3086
1121010700,"Talladega, AL (CT)",1,572,573,2,2494,2496
1121010900,"Talladega, AL (CT)",0,1478,1478,0,3375,3375
1121011000,"Talladega, AL (CT)",678,641,1319,1528,1394,2922
1121011100,"Talladega, AL (CT)",2172,8,2180,4721,21,4742
1121011200,"Talladega, AL (CT)",1134,0,1134,2902,0,2902
1121011300,"Talladega, AL (CT)",652,2205,2857,1353,4838,6191
1121011400,"Talladega, AL (CT)",1141,145,1286,2571,302,2873
1121011500,"Talladega, AL (CT)",2227,328,2555,4861,730,5591
1121011600,"Talladega, AL (CT)",1155,1020,2175,2537,2320,4857
1121011700,"Talladega, AL (CT)",540,1418,1958,1237,3071,4308
1121011800,"Talladega, AL (CT)",0,1157,1157,0,2216,2216
1121011900,"Talladega, AL (CT)",45,1256,1301,92,2856,2948
1121012000,"Talladega, AL (CT)",210,851,1061,545,1658,2203
1123961900,"Tallapoosa, AL (CT)",1166,0,1166,2507,0,2507
1123962000,"Tallapoosa, AL (CT)",1094,745,1839,2485,1651,4136
1123962100,"Tallapoosa, AL (CT)",434,1320,1754,1016,3035,4051
1123962200,"Tallapoosa, AL (CT)",1181,1052,2233,2648,2125,4773
1123962300,"Tallapoosa, AL (CT)",1966,1209,3175,3793,2589,6382
1123962400,"Tallapoosa, AL (CT)",2087,0,2087,4703,0,4703
1123962501,"Tallapoosa, AL (CT)",2869,0,2869,4243,0,4243
1123962502,"Tallapoosa, AL (CT)",3320,0,3320,2950,0,2950
1123962600,"Tallapoosa, AL (CT)",939,0,939,1705,0,1705
1123962700,"Tallapoosa, AL (CT)",2097,632,2729,4840,1326,6166
1125010101,"Tuscaloosa, AL (CT)",354,867,1221,819,2457,3276
1125010102,"Tuscaloosa, AL (CT)",1478,0,1478,3083,0,3083
1125010103,"Tuscaloosa, AL (CT)",2894,0,2894,6727,0,6727
1125010201,"Tuscaloosa, AL (CT)",658,728,1386,1535,1912,3447
1125010202,"Tuscaloosa, AL (CT)",329,3089,3418,812,7877,8689
1125010203,"Tuscaloosa, AL (CT)",851,289,1140,1909,664,2573
1125010204,"Tuscaloosa, AL (CT)",484,2041,2525,949,3970,4919
1125010301,"Tuscaloosa, AL (CT)",1097,1578,2675,2622,3702,6324
1125010302,"Tuscaloosa, AL (CT)",1232,362,1594,2851,870,3721
1125010303,"Tuscaloosa, AL (CT)",1373,0,1373,3043,0,3043
1125010403,"Tuscaloosa, AL (CT)",0,1741,1741,0,4131,4131
1125010404,"Tuscaloosa, AL (CT)",0,1256,1256,0,2497,2497
1125010405,"Tuscaloosa, AL (CT)",35,1223,1258,76,2820,2896
1125010406,"Tuscaloosa, AL (CT)",0,1845,1845,0,4219,4219
1125010407,"Tuscaloosa, AL (CT)",0,2074,2074,0,3665,3665
1125010500,"Tuscaloosa, AL (CT)",187,897,1084,403,1971,2374
1125010601,"Tuscaloosa, AL (CT)",1818,0,1818,4520,0,4520
1125010602,"Tuscaloosa, AL (CT)",2047,1828,3875,4937,5018,9955
1125010701,"Tuscaloosa, AL (CT)",1519,1069,2588,3683,2885,6568
1125010702,"Tuscaloosa, AL (CT)",2682,544,3226,6339,1345,7684
1125010703,"Tuscaloosa, AL (CT)",1073,0,1073,2686,0,2686
1125010802,"Tuscaloosa, AL (CT)",202,1441,1643,470,3355,3825
1125010803,"Tuscaloosa, AL (CT)",0,1345,1345,0,2751,2751
1125010804,"Tuscaloosa, AL (CT)",0,1175,1175,0,2655,2655
1125011200,"Tuscaloosa, AL (CT)",0,501,501,0,7031,7031
1125011401,"Tuscaloosa, AL (CT)",0,1647,1647,0,3769,3769
1125011402,"Tuscaloosa, AL (CT)",0,2223,2223,0,3525,3525
1125011600,"Tuscaloosa, AL (CT)",0,1221,1221,0,2844,2844
1125011701,"Tuscaloosa, AL (CT)",0,899,899,0,2701,2701
1125011703,"Tuscaloosa, AL (CT)",33,1662,1695,48,4156,4204
1125011800,"Tuscaloosa, AL (CT)",0,1295,1295,0,2685,2685
1125011901,"Tuscaloosa, AL (CT)",0,1907,1907,0,3334,3334
1125011902,"Tuscaloosa, AL (CT)",0,905,905,0,1926,1926
1125012000,"Tuscaloosa, AL (CT)",0,2601,2601,0,4096,4096
1125012100,"Tuscaloosa, AL (CT)",0,2380,2380,0,4466,4466
1125012303,"Tuscaloosa, AL (CT)",0,3115,3115,0,6612,6612
1125012304,"Tuscaloosa, AL (CT)",0,1809,1809,0,3141,3141
1125012305,"Tuscaloosa, AL (CT)",89,1912,2001,215,4028,4243
1125012403,"Tuscaloosa, AL (CT)",19,1468,1487,34,2996,3030
1125012404,"Tuscaloosa, AL (CT)",0,1478,1478,0,2656,2656
1125012405,"Tuscaloosa, AL (CT)",0,3016,3016,0,6210,6210
1125012501,"Tuscaloosa, AL (CT)",369,367,736,824,961,1785
1125012502,"Tuscaloosa, AL (CT)",97,2348,2445,285,5837,6122
1125012503,"Tuscaloosa, AL (CT)",310,1193,1503,783,3041,3824
1125012600,"Tuscaloosa, AL (CT)",0,1288,1288,0,2876,2876
1125012700,"Tuscaloosa, AL (CT)",0,1677,1677,0,4281,4281
1125012800,"Tuscaloosa, AL (CT)",0,1338,1338,0,3067,3067
1127020100,"Walker, AL (CT)",785,967,1752,1743,1996,3739
1127020200,"Walker, AL (CT)",445,1430,1875,961,3343,4304
1127020300,"Walker, AL (CT)",270,2877,3147,577,6472,7049
1127020400,"Walker, AL (CT)",215,850,1065,497,1809,2306
1127020600,"Walker, AL (CT)",1094,42,1136,2397,100,2497
1127020700,"Walker, AL (CT)",1199,152,1351,2656,436,3092
1127020800,"Walker, AL (CT)",2705,0,2705,5613,0,5613
1127020900,"Walker, AL (CT)",2139,0,2139,5071,0,5071
1127021000,"Walker, AL (CT)",1728,0,1728,3851,0,3851
1127021100,"Walker, AL (CT)",1787,0,1787,3581,0,3581
1127021200,"Walker, AL (CT)",1498,0,1498,3445,0,3445
1127021300,"Walker, AL (CT)",1739,0,1739,3557,0,3557
1127021400,"Walker, AL (CT)",1720,0,1720,3691,0,3691
1127021500,"Walker, AL (CT)",1713,0,1713,3456,0,3456
1127021600,"Walker, AL (CT)",790,0,790,1484,0,1484
1127021700,"Walker, AL (CT)",1162,688,1850,2483,1602,4085
1127021800,"Walker, AL (CT)",929,795,1724,2100,1609,3709
1127021900,"Walker, AL (CT)",1097,0,1097,2493,0,2493
1129043900,"Washington, AL (CT)",1393,0,1393,2775,0,2775
1129044000,"Washington, AL (CT)",2091,0,2091,4321,0,4321
1129044100,"Washington, AL (CT)",1521,0,1521,3353,0,3353
1129044200,"Washington, AL (CT)",2237,0,2237,4589,0,4589
1129044300,"Washington, AL (CT)",1165,0,1165,2543,0,2543
1131034700,"Wilcox, AL (CT)",592,0,592,1308,0,1308
1131034800,"Wilcox, AL (CT)",2287,0,2287,4533,0,4533
1131035100,"Wilcox, AL (CT)",1651,0,1651,3789,0,3789
1131035200,"Wilcox, AL (CT)",1119,0,1119,2040,0,2040
1133965501,"Winston, AL (CT)",1151,0,1151,2393,0,2393
1133965502,"Winston, AL (CT)",2011,0,2011,2871,0,2871
1133965503,"Winston, AL (CT)",2009,0,2009,2620,0,2620
1133965600,"Winston, AL (CT)",2869,0,2869,5415,0,5415
1133965700,"Winston, AL (CT)",1077,1124,2201,2292,2303,4595
1133965800,"Winston, AL (CT)",1424,728,2152,3036,1396,4432
1133965900,"Winston, AL (CT)",1076,0,1076,2158,0,2158
2013000100,"Aleutians East Borough, AK (CT)",747,0,747,3141,0,3141
2016000100,"Aleutians West Census Area, AK (CT)",823,0,823,1185,0,1185
2016000200,"Aleutians West Census Area, AK (CT)",1106,0,1106,4376,0,4376
2020000101,"Anchorage Municipality, AK (CT)",214,1834,2048,686,5050,5736
2020000102,"Anchorage Municipality, AK (CT)",748,1389,2137,1662,3597,5259
2020000201,"Anchorage Municipality, AK (CT)",0,1593,1593,0,4110,4110
2020000202,"Anchorage Municipality, AK (CT)",225,1980,2205,600,5347,5947
2020000203,"Anchorage Municipality, AK (CT)",354,3164,3518,1009,9540,10549
2020000204,"Anchorage Municipality, AK (CT)",968,156,1124,2457,924,3381
2020000300,"Anchorage Municipality, AK (CT)",113,1732,1845,253,7747,8000
2020000400,"Anchorage Municipality, AK (CT)",156,1299,1455,655,5282,5937
2020000500,"Anchorage Municipality, AK (CT)",0,999,999,0,1988,1988
2020000600,"Anchorage Municipality, AK (CT)",0,2530,2530,0,7747,7747
2020000701,"Anchorage Municipality, AK (CT)",0,2234,2234,0,5949,5949
2020000702,"Anchorage Municipality, AK (CT)",0,1925,1925,0,5107,5107
2020000703,"Anchorage Municipality, AK (CT)",0,2255,2255,0,5706,5706
2020000801,"Anchorage Municipality, AK (CT)",0,2593,2593,0,7323,7323
2020000802,"Anchorage Municipality, AK (CT)",0,1917,1917,0,4407,4407
2020000901,"Anchorage Municipality, AK (CT)",0,1650,1650,0,4906,4906
2020000902,"Anchorage Municipality, AK (CT)",0,1525,1525,0,3141,3141
2020001000,"Anchorage Municipality, AK (CT)",0,2330,2330,0,4131,4131
2020001100,"Anchorage Municipality, AK (CT)",0,510,510,0,940,940
2020001200,"Anchorage Municipality, AK (CT)",0,2066,2066,0,3718,3718
2020001300,"Anchorage Municipality, AK (CT)",0,1282,1282,0,3059,3059
2020001400,"Anchorage Municipality, AK (CT)",0,2736,2736,0,5224,5224
2020001500,"Anchorage Municipality, AK (CT)",0,2112,2112,0,5104,5104
2020001601,"Anchorage Municipality, AK (CT)",0,1542,1542,0,4092,4092
2020001602,"Anchorage Municipality, AK (CT)",0,1533,1533,0,4224,4224
2020001701,"Anchorage Municipality, AK (CT)",0,2810,2810,0,6843,6843
2020001702,"Anchorage Municipality, AK (CT)",0,2015,2015,0,5258,5258
2020001731,"Anchorage Municipality, AK (CT)",0,2233,2233,0,5823,5823
2020001732,"Anchorage Municipality, AK (CT)",0,2169,2169,0,6179,6179
2020001801,"Anchorage Municipality, AK (CT)",0,2162,2162,0,4907,4907
2020001802,"Anchorage Municipality, AK (CT)",0,2282,2282,0,5537,5537
2020001900,"Anchorage Municipality, AK (CT)",0,1825,1825,0,4194,4194
2020002000,"Anchorage Municipality, AK (CT)",0,1632,1632,0,3748,3748
2020002100,"Anchorage Municipality, AK (CT)",0,1891,1891,0,3787,3787
2020002201,"Anchorage Municipality, AK (CT)",0,1977,1977,0,5053,5053
2020002202,"Anchorage Municipality, AK (CT)",0,1462,1462,0,2960,2960
2020002301,"Anchorage Municipality, AK (CT)",1,2517,2518,25,7063,7088
2020002302,"Anchorage Municipality, AK (CT)",0,1889,1889,0,4791,4791
2020002303,"Anchorage Municipality, AK (CT)",0,3451,3451,0,9273,9273
2020002400,"Anchorage Municipality, AK (CT)",0,1319,1319,0,3299,3299
2020002501,"Anchorage Municipality, AK (CT)",0,1995,1995,0,4993,4993
2020002502,"Anchorage Municipality, AK (CT)",0,2437,2437,0,5236,5236
2020002601,"Anchorage Municipality, AK (CT)",0,1746,1746,0,4784,4784
2020002602,"Anchorage Municipality, AK (CT)",0,2063,2063,0,5805,5805
2020002603,"Anchorage Municipality, AK (CT)",0,2147,2147,0,6341,6341
2020002702,"Anchorage Municipality, AK (CT)",61,3541,3602,157,9513,9670
2020002711,"Anchorage Municipality, AK (CT)",0,2497,2497,0,6589,6589
2020002712,"Anchorage Municipality, AK (CT)",0,3430,3430,0,9068,9068
2020002811,"Anchorage Municipality, AK (CT)",0,2690,2690,0,6313,6313
2020002812,"Anchorage Municipality, AK (CT)",1,2487,2488,1,7165,7166
2020002813,"Anchorage Municipality, AK (CT)",193,1536,1729,493,4086,4579
2020002821,"Anchorage Municipality, AK (CT)",0,1666,1666,0,5050,5050
2020002822,"Anchorage Municipality, AK (CT)",0,1480,1480,0,4020,4020
2020002823,"Anchorage Municipality, AK (CT)",606,1298,1904,1447,3770,5217
2020002900,"Anchorage Municipality, AK (CT)",1859,0,1859,2570,0,2570
2050000100,"Bethel Census Area, AK (CT)",2805,0,2805,9483,0,9483
2050000200,"Bethel Census Area, AK (CT)",647,1743,2390,1646,4434,6080
2050000300,"Bethel Census Area, AK (CT)",724,0,724,1450,0,1450
2060000100,"Bristol Bay Borough, AK (CT)",969,0,969,997,0,997
2068000100,"Denali Borough, AK (CT)",1771,0,1771,1826,0,1826
2070000100,"Dillingham Census Area, AK (CT)",1358,0,1358,2466,0,2466
2070000200,"Dillingham Census Area, AK (CT)",1069,0,1069,2381,0,2381
2090000100,"Fairbanks North Star Borough, AK (CT)",0,1210,1210,0,1709,1709
2090000200,"Fairbanks North Star Borough, AK (CT)",0,1479,1479,0,3418,3418
2090000300,"Fairbanks North Star Borough, AK (CT)",0,2119,2119,0,4958,4958
2090000400,"Fairbanks North Star Borough, AK (CT)",0,1925,1925,0,4717,4717
2090000500,"Fairbanks North Star Borough, AK (CT)",0,1486,1486,0,2371,2371
2090000600,"Fairbanks North Star Borough, AK (CT)",0,1785,1785,0,4024,4024
2090000700,"Fairbanks North Star Borough, AK (CT)",0,1904,1904,0,4142,4142
2090000800,"Fairbanks North Star Borough, AK (CT)",0,2206,2206,0,5388,5388
2090000900,"Fairbanks North Star Borough, AK (CT)",1946,662,2608,4316,1456,5772
2090001000,"Fairbanks North Star Borough, AK (CT)",31,655,686,43,1486,1529
2090001100,"Fairbanks North Star Borough, AK (CT)",67,2046,2113,134,8009,8143
2090001200,"Fairbanks North Star Borough, AK (CT)",1298,1462,2760,3065,3789,6854
2090001300,"Fairbanks North Star Borough, AK (CT)",2308,193,2501,4945,1517,6462
2090001400,"Fairbanks North Star Borough, AK (CT)",998,1981,2979,2370,4987,7357
2090001500,"Fairbanks North Star Borough, AK (CT)",761,2973,3734,1821,8231,10052
2090001600,"Fairbanks North Star Borough, AK (CT)",225,1800,2025,490,4346,4836
2090001700,"Fairbanks North Star Borough, AK (CT)",1337,0,1337,1422,0,1422
2090001800,"Fairbanks North Star Borough, AK (CT)",155,737,892,438,2305,2743
2090001900,"Fairbanks North Star Borough, AK (CT)",5769,265,6034,11080,604,11684
2100000100,"Haines Borough, AK (CT)",1631,0,1631,2508,0,2508
2105000200,"Hoonah-Angoon Census Area, AK (CT)",70,0,70,95,0,95
2105000300,"Hoonah-Angoon Census Area, AK (CT)",1701,0,1701,2055,0,2055
2110000100,"Juneau City and Borough, AK (CT)",1094,962,2056,2592,2341,4933
2110000200,"Juneau City and Borough, AK (CT)",0,2618,2618,0,7083,7083
2110000300,"Juneau City and Borough, AK (CT)",124,1907,2031,380,5103,5483
2110000400,"Juneau City and Borough, AK (CT)",847,903,1750,2367,2437,4804
2110000500,"Juneau City and Borough, AK (CT)",233,1754,1987,440,3058,3498
2110000600,"Juneau City and Borough, AK (CT)",424,2189,2613,959,4515,5474
2122000100,"Kenai Peninsula Borough, AK (CT)",367,0,367,373,0,373
2122000200,"Kenai Peninsula Borough, AK (CT)",2523,24,2547,5200,423,5623
2122000300,"Kenai Peninsula Borough, AK (CT)",875,0,875,895,0,895
2122000400,"Kenai Peninsula Borough, AK (CT)",4455,0,4455,6497,0,6497
2122000500,"Kenai Peninsula Borough, AK (CT)",1118,1972,3090,2023,4240,6263
2122000600,"Kenai Peninsula Borough, AK (CT)",1132,2034,3166,2602,4498,7100
2122000700,"Kenai Peninsula Borough, AK (CT)",3981,875,4856,7653,2286,9939
2122000800,"Kenai Peninsula Borough, AK (CT)",2911,0,2911,3724,0,3724
2122000900,"Kenai Peninsula Borough, AK (CT)",1119,0,1119,2132,0,2132
2122001000,"Kenai Peninsula Borough, AK (CT)",2220,0,2220,4027,0,4027
2122001100,"Kenai Peninsula Borough, AK (CT)",1672,0,1672,3089,0,3089
2122001200,"Kenai Peninsula Borough, AK (CT)",1031,0,1031,966,0,966
2122001300,"Kenai Peninsula Borough, AK (CT)",2269,0,2269,4772,0,4772
2130000100,"Ketchikan Gateway Borough, AK (CT)",1078,616,1694,2110,1374,3484
2130000200,"Ketchikan Gateway Borough, AK (CT)",11,2168,2179,23,4861,4884
2130000300,"Ketchikan Gateway Borough, AK (CT)",0,1394,1394,0,2841,2841
2130000400,"Ketchikan Gateway Borough, AK (CT)",395,504,899,992,1276,2268
2150000100,"Kodiak Island Borough, AK (CT)",1111,0,1111,1832,0,1832
2150000200,"Kodiak Island Borough, AK (CT)",338,2335,2673,826,6326,7152
2150000300,"Kodiak Island Borough, AK (CT)",136,548,684,295,1960,2255
2150000400,"Kodiak Island Borough, AK (CT)",5,475,480,3,1049,1052
2150000500,"Kodiak Island Borough, AK (CT)",355,0,355,1301,0,1301
2164000100,"Lake and Peninsula Borough, AK (CT)",1502,0,1502,1631,0,1631
2170000101,"Matanuska-Susitna Borough, AK (CT)",1898,0,1898,620,0,620
2170000102,"Matanuska-Susitna Borough, AK (CT)",2521,0,2521,2181,0,2181
2170000200,"Matanuska-Susitna Borough, AK (CT)",1607,0,1607,2050,0,2050
2170000300,"Matanuska-Susitna Borough, AK (CT)",2080,75,2155,5387,227,5614
2170000401,"Matanuska-Susitna Borough, AK (CT)",973,0,973,1912,0,1912
2170000402,"Matanuska-Susitna Borough, AK (CT)",1857,0,1857,2105,0,2105
2170000501,"Matanuska-Susitna Borough, AK (CT)",1279,0,1279,1716,0,1716
2170000502,"Matanuska-Susitna Borough, AK (CT)",1780,0,1780,1896,0,1896
2170000601,"Matanuska-Susitna Borough, AK (CT)",1030,579,1609,2776,1705,4481
2170000603,"Matanuska-Susitna Borough, AK (CT)",958,1243,2201,2572,3559,6131
2170000604,"Matanuska-Susitna Borough, AK (CT)",1178,710,1888,2673,2061,4734
2170000701,"Matanuska-Susitna Borough, AK (CT)",1507,0,1507,3362,0,3362
2170000703,"Matanuska-Susitna Borough, AK (CT)",1297,195,1492,3165,511,3676
2170000705,"Matanuska-Susitna Borough, AK (CT)",0,1320,1320,0,3750,3750
2170000706,"Matanuska-Susitna Borough, AK (CT)",860,922,1782,2367,2607,4974
2170000800,"Matanuska-Susitna Borough, AK (CT)",30,1942,1972,86,4809,4895
2170000900,"Matanuska-Susitna Borough, AK (CT)",301,898,1199,754,1790,2544
2170001001,"Matanuska-Susitna Borough, AK (CT)",353,927,1280,874,2584,3458
2170001003,"Matanuska-Susitna Borough, AK (CT)",0,1313,1313,0,3434,3434
2170001004,"Matanuska-Susitna Borough, AK (CT)",43,1767,1810,117,4714,4831
2170001100,"Matanuska-Susitna Borough, AK (CT)",482,1420,1902,1264,4100,5364
2170001201,"Matanuska-Susitna Borough, AK (CT)",446,1508,1954,1166,3976,5142
2170001202,"Matanuska-Susitna Borough, AK (CT)",98,1671,1769,255,4409,4664
2170001300,"Matanuska-Susitna Borough, AK (CT)",2261,0,2261,5461,0,5461
2180000100,"Nome Census Area, AK (CT)",2194,0,2194,5725,0,5725
2180000200,"Nome Census Area, AK (CT)",450,1364,1814,545,3222,3767
2185000100,"North Slope Borough, AK (CT)",184,1370,1554,378,3835,4213
2185000200,"North Slope Borough, AK (CT)",945,0,945,2690,0,2690
2185000300,"North Slope Borough, AK (CT)",1,0,1,2527,0,2527
2188000100,"Northwest Arctic Borough, AK (CT)",1542,0,1542,4322,0,4322
2188000200,"Northwest Arctic Borough, AK (CT)",56,1109,1165,1,3200,3201
2195000200,"Petersburg Census Area, AK (CT)",1994,0,1994,3815,0,3815
2198000100,"Prince of Wales-Hyder Census Area, AK (CT)",1238,0,1238,1685,0,1685
2198000200,"Prince of Wales-Hyder Census Area, AK (CT)",1120,0,1120,2327,0,2327
2198000300,"Prince of Wales-Hyder Census Area, AK (CT)",90,0,90,87,0,87
2198940100,"Prince of Wales-Hyder Census Area, AK (CT)",544,0,544,1460,0,1460
2220000100,"Sitka City and Borough, AK (CT)",493,1204,1697,850,2696,3546
2220000200,"Sitka City and Borough, AK (CT)",395,2010,2405,1004,4331,5335
2230000100,"Skagway Municipality, AK (CT)",636,0,636,968,0,968
2240000100,"Southeast Fairbanks Census Area, AK (CT)",1474,0,1474,2219,0,2219
2240000400,"Southeast Fairbanks Census Area, AK (CT)",2441,0,2441,4810,0,4810
2261000100,"Valdez-Cordova Census Area, AK (CT)",2633,0,2633,2952,0,2952
2261000200,"Valdez-Cordova Census Area, AK (CT)",1211,0,1211,2264,0,2264
2261000300,"Valdez-Cordova Census Area, AK (CT)",2258,0,2258,4420,0,4420
2270000100,"Wade Hampton Census Area, AK (CT)",2183,0,2183,7459,0,7459
2275000300,"Wrangell City and Borough, AK (CT)",1428,0,1428,2369,0,2369
2282000100,"Yakutat City and Borough, AK (CT)",450,0,450,662,0,662
2290000100,"Yukon-Koyukuk Census Area, AK (CT)",1011,0,1011,1311,0,1311
2290000200,"Yukon-Koyukuk Census Area, AK (CT)",1216,0,1216,1461,0,1461
2290000300,"Yukon-Koyukuk Census Area, AK (CT)",1013,0,1013,1758,0,1758
2290000400,"Yukon-Koyukuk Census Area, AK (CT)",798,0,798,1058,0,1058
4001942600,"Apache, AZ (CT)",667,0,667,1578,0,1578
4001942700,"Apache, AZ (CT)",2393,0,2393,5628,0,5628
4001944000,"Apache, AZ (CT)",1245,1114,2359,2862,3181,6043
4001944100,"Apache, AZ (CT)",2418,0,2418,5870,0,5870
4001944201,"Apache, AZ (CT)",525,858,1383,1249,2761,4010
4001944202,"Apache, AZ (CT)",1253,232,1485,3407,646,4053
4001944300,"Apache, AZ (CT)",2912,0,2912,6958,0,6958
4001944901,"Apache, AZ (CT)",1810,0,1810,4021,0,4021
4001944902,"Apache, AZ (CT)",2037,0,2037,4853,0,4853
4001945001,"Apache, AZ (CT)",463,1138,1601,1179,3318,4497
4001945002,"Apache, AZ (CT)",1626,0,1626,3916,0,3916
4001945100,"Apache, AZ (CT)",774,0,774,2221,0,2221
4001970200,"Apache, AZ (CT)",3168,244,3412,4365,625,4990
4001970300,"Apache, AZ (CT)",397,1161,1558,1084,2439,3523
4001970501,"Apache, AZ (CT)",112,2028,2140,226,4855,5081
4001970502,"Apache, AZ (CT)",3637,302,3939,3550,726,4276
4003000100,"Cochise, AZ (CT)",1348,0,1348,1971,0,1971
4003000201,"Cochise, AZ (CT)",1603,0,1603,3747,0,3747
4003000202,"Cochise, AZ (CT)",200,1626,1826,311,3671,3982
4003000203,"Cochise, AZ (CT)",1763,0,1763,2740,0,2740
4003000301,"Cochise, AZ (CT)",278,2007,2285,499,3713,4212
4003000302,"Cochise, AZ (CT)",2227,307,2534,4548,303,4851
4003000303,"Cochise, AZ (CT)",1662,14,1676,3437,20,3457
4003000400,"Cochise, AZ (CT)",1391,0,1391,2206,0,2206
4003000500,"Cochise, AZ (CT)",2079,0,2079,5651,0,5651
4003000600,"Cochise, AZ (CT)",615,590,1205,1367,1617,2984
4003000700,"Cochise, AZ (CT)",27,1592,1619,88,5108,5196
4003000800,"Cochise, AZ (CT)",296,1676,1972,644,4516,5160
4003000901,"Cochise, AZ (CT)",0,1427,1427,0,3586,3586
4003000902,"Cochise, AZ (CT)",0,1165,1165,0,2846,2846
4003001000,"Cochise, AZ (CT)",176,1049,1225,220,1436,1656
4003001100,"Cochise, AZ (CT)",481,1403,1884,1281,2318,3599
4003001200,"Cochise, AZ (CT)",615,801,1416,1249,1787,3036
4003001300,"Cochise, AZ (CT)",2606,0,2606,5613,0,5613
4003001401,"Cochise, AZ (CT)",17,594,611,50,4309,4359
4003001402,"Cochise, AZ (CT)",35,305,340,121,1130,1251
4003001501,"Cochise, AZ (CT)",0,1918,1918,0,3636,3636
4003001502,"Cochise, AZ (CT)",0,1820,1820,0,3812,3812
4003001601,"Cochise, AZ (CT)",0,2152,2152,0,4825,4825
4003001602,"Cochise, AZ (CT)",0,1756,1756,0,3441,3441
4003001701,"Cochise, AZ (CT)",0,2191,2191,0,4274,4274
4003001702,"Cochise, AZ (CT)",298,1391,1689,646,3332,3978
4003001703,"Cochise, AZ (CT)",741,1341,2082,1416,3095,4511
4003001800,"Cochise, AZ (CT)",0,4206,4206,0,9219,9219
4003001900,"Cochise, AZ (CT)",441,2450,2891,981,6102,7083
4003002001,"Cochise, AZ (CT)",157,1998,2155,343,4636,4979
4003002002,"Cochise, AZ (CT)",1792,0,1792,4332,0,4332
4003002100,"Cochise, AZ (CT)",2003,411,2414,4219,934,5153
4005000100,"Coconino, AZ (CT)",116,1425,1541,261,3543,3804
4005000200,"Coconino, AZ (CT)",1,1838,1839,4,3784,3788
4005000300,"Coconino, AZ (CT)",0,2570,2570,0,7175,7175
4005000400,"Coconino, AZ (CT)",0,1974,1974,0,5373,5373
4005000500,"Coconino, AZ (CT)",1,1577,1578,1,4395,4396
4005000600,"Coconino, AZ (CT)",244,3150,3394,415,5046,5461
4005000700,"Coconino, AZ (CT)",0,1822,1822,0,3647,3647
4005000800,"Coconino, AZ (CT)",0,1493,1493,0,4122,4122
4005000900,"Coconino, AZ (CT)",433,2818,3251,526,6379,6905
4005001000,"Coconino, AZ (CT)",0,564,564,0,8156,8156
4005001101,"Coconino, AZ (CT)",0,2133,2133,0,4797,4797
4005001102,"Coconino, AZ (CT)",0,3221,3221,0,6650,6650
4005001200,"Coconino, AZ (CT)",99,1363,1462,240,2624,2864
4005001301,"Coconino, AZ (CT)",1337,691,2028,3138,1964,5102
4005001302,"Coconino, AZ (CT)",1698,528,2226,3935,1601,5536
4005001500,"Coconino, AZ (CT)",7519,0,7519,3186,0,3186
4005001600,"Coconino, AZ (CT)",1139,1400,2539,1145,2005,3150
4005001700,"Coconino, AZ (CT)",547,1211,1758,778,2639,3417
4005002000,"Coconino, AZ (CT)",1190,0,1190,2037,0,2037
4005002100,"Coconino, AZ (CT)",253,2534,2787,582,6665,7247
4005002200,"Coconino, AZ (CT)",2832,1505,4337,3756,2701,6457
4005002300,"Coconino, AZ (CT)",4325,0,4325,6674,0,6674
4005942201,"Coconino, AZ (CT)",1239,0,1239,4073,0,4073
4005942202,"Coconino, AZ (CT)",1191,0,1191,3813,0,3813
4005944900,"Coconino, AZ (CT)",40,1339,1379,125,4506,4631
4005945000,"Coconino, AZ (CT)",1201,217,1418,3266,914,4180
4005945100,"Coconino, AZ (CT)",1372,0,1372,3679,0,3679
4005945200,"Coconino, AZ (CT)",187,984,1171,663,3438,4101
4007000100,"Gila, AZ (CT)",3898,0,3898,2949,0,2949
4007000200,"Gila, AZ (CT)",2583,408,2991,1459,768,2227
4007000301,"Gila, AZ (CT)",4,3146,3150,8,5802,5810
4007000302,"Gila, AZ (CT)",717,1062,1779,1037,1874,2911
4007000400,"Gila, AZ (CT)",1504,1654,3158,1961,2520,4481
4007000500,"Gila, AZ (CT)",1419,1654,3073,2183,3246,5429
4007000600,"Gila, AZ (CT)",1358,0,1358,1640,0,1640
4007000700,"Gila, AZ (CT)",1644,0,1644,1710,0,1710
4007000800,"Gila, AZ (CT)",855,323,1178,725,556,1281
4007000900,"Gila, AZ (CT)",45,1385,1430,102,2782,2884
4007001000,"Gila, AZ (CT)",785,1698,2483,1406,3688,5094
4007001100,"Gila, AZ (CT)",116,1871,1987,215,3637,3852
4007001200,"Gila, AZ (CT)",848,1164,2012,2171,2852,5023
4007001300,"Gila, AZ (CT)",642,0,642,1340,0,1340
4007940200,"Gila, AZ (CT)",298,162,460,1022,656,1678
4007940400,"Gila, AZ (CT)",660,795,1455,2080,3208,5288
4009940500,"Graham, AZ (CT)",998,173,1171,3995,785,4780
4009961100,"Graham, AZ (CT)",997,775,1772,2280,2105,4385
4009961201,"Graham, AZ (CT)",119,1178,1297,348,3221,3569
4009961202,"Graham, AZ (CT)",140,1232,1372,395,3214,3609
4009961300,"Graham, AZ (CT)",0,1513,1513,0,3409,3409
4009961400,"Graham, AZ (CT)",0,1866,1866,0,4947,4947
4009961500,"Graham, AZ (CT)",1595,180,1775,4006,443,4449
4009961600,"Graham, AZ (CT)",510,0,510,3161,0,3161
4009961700,"Graham, AZ (CT)",874,830,1704,3099,1812,4911
4011960100,"Greenlee, AZ (CT)",729,835,1564,1262,1624,2886
4011960200,"Greenlee, AZ (CT)",37,1391,1428,79,2884,2963
4011960300,"Greenlee, AZ (CT)",1380,0,1380,2588,0,2588
4012020100,"La Paz, AZ (CT)",2138,0,2138,2815,0,2815
4012020201,"La Paz, AZ (CT)",2339,0,2339,1837,0,1837
4012020202,"La Paz, AZ (CT)",1363,0,1363,647,0,647
4012020501,"La Paz, AZ (CT)",1920,0,1920,1984,0,1984
4012020502,"La Paz, AZ (CT)",968,3114,4082,1046,3342,4388
4012020602,"La Paz, AZ (CT)",613,652,1265,810,931,1741
4012940200,"La Paz, AZ (CT)",0,1096,1096,0,3080,3080
4012940300,"La Paz, AZ (CT)",926,920,1846,2402,1595,3997
4012980000,"La Paz, AZ (CT)",0,0,0,0,0,0
4013010101,"Maricopa, AZ (CT)",3137,0,3137,5073,0,5073
4013010102,"Maricopa, AZ (CT)",2088,1165,3253,2686,1954,4640
4013030401,"Maricopa, AZ (CT)",383,2544,2927,650,3633,4283
4013030402,"Maricopa, AZ (CT)",1123,972,2095,2304,1591,3895
4013040502,"Maricopa, AZ (CT)",985,1711,2696,1755,3106,4861
4013040506,"Maricopa, AZ (CT)",0,4236,4236,0,5209,5209
4013040507,"Maricopa, AZ (CT)",0,4689,4689,0,6097,6097
4013040512,"Maricopa, AZ (CT)",0,1162,1162,0,1690,1690
4013040513,"Maricopa, AZ (CT)",0,2172,2172,0,3031,3031
4013040514,"Maricopa, AZ (CT)",0,2229,2229,0,3104,3104
4013040515,"Maricopa, AZ (CT)",2352,273,2625,4299,493,4792
4013040516,"Maricopa, AZ (CT)",1962,0,1962,2856,0,2856
4013040517,"Maricopa, AZ (CT)",2493,474,2967,6095,1526,7621
4013040518,"Maricopa, AZ (CT)",2738,39,2777,6601,78,6679
4013040519,"Maricopa, AZ (CT)",255,2011,2266,324,3271,3595
4013040520,"Maricopa, AZ (CT)",311,1172,1483,837,3305,4142
4013040521,"Maricopa, AZ (CT)",244,1368,1612,624,3936,4560
4013040522,"Maricopa, AZ (CT)",0,2935,2935,0,4181,4181
4013040523,"Maricopa, AZ (CT)",0,2164,2164,0,3300,3300
4013040524,"Maricopa, AZ (CT)",0,1015,1015,0,1474,1474
4013040525,"Maricopa, AZ (CT)",0,2116,2116,0,3046,3046
4013040526,"Maricopa, AZ (CT)",0,1632,1632,0,2365,2365
4013040527,"Maricopa, AZ (CT)",0,2742,2742,0,4184,4184
4013040528,"Maricopa, AZ (CT)",0,4437,4437,0,6212,6212
4013040529,"Maricopa, AZ (CT)",0,2345,2345,0,3222,3222
4013040530,"Maricopa, AZ (CT)",0,1518,1518,0,3559,3559
4013040531,"Maricopa, AZ (CT)",0,2737,2737,0,3395,3395
4013050603,"Maricopa, AZ (CT)",2061,0,2061,4536,0,4536
4013050604,"Maricopa, AZ (CT)",1436,0,1436,3727,0,3727
4013050605,"Maricopa, AZ (CT)",1654,728,2382,4042,1786,5828
4013050606,"Maricopa, AZ (CT)",76,2419,2495,157,6642,6799
4013050607,"Maricopa, AZ (CT)",320,2085,2405,883,5622,6505
4013050608,"Maricopa, AZ (CT)",106,2616,2722,177,6986,7163
4013050609,"Maricopa, AZ (CT)",3,2111,2114,11,4863,4874
4013050610,"Maricopa, AZ (CT)",325,2298,2623,946,6969,7915
4013050611,"Maricopa, AZ (CT)",446,1065,1511,1173,3304,4477
4013050701,"Maricopa, AZ (CT)",0,1907,1907,0,5092,5092
4013050702,"Maricopa, AZ (CT)",2,2057,2059,1,5279,5280
4013060801,"Maricopa, AZ (CT)",0,2833,2833,0,5832,5832
4013060802,"Maricopa, AZ (CT)",0,737,737,0,1975,1975
4013060901,"Maricopa, AZ (CT)",0,1543,1543,0,4640,4640
4013060902,"Maricopa, AZ (CT)",0,1112,1112,0,3842,3842
4013060903,"Maricopa, AZ (CT)",0,1546,1546,0,4983,4983
4013060904,"Maricopa, AZ (CT)",0,1145,1145,0,3527,3527
4013061009,"Maricopa, AZ (CT)",0,3528,3528,0,8318,8318
4013061010,"Maricopa, AZ (CT)",0,2260,2260,0,4638,4638
4013061011,"Maricopa, AZ (CT)",15,1830,1845,32,5673,5705
4013061012,"Maricopa, AZ (CT)",0,3201,3201,0,7680,7680
4013061013,"Maricopa, AZ (CT)",0,1917,1917,0,5709,5709
4013061014,"Maricopa, AZ (CT)",0,2223,2223,0,4905,4905
4013061015,"Maricopa, AZ (CT)",0,2003,2003,0,5757,5757
4013061016,"Maricopa, AZ (CT)",60,1445,1505,167,4447,4614
4013061017,"Maricopa, AZ (CT)",0,0,0,0,3496,3496
4013061018,"Maricopa, AZ (CT)",0,3169,3169,0,4660,4660
4013061019,"Maricopa, AZ (CT)",110,1023,1133,292,2869,3161
4013061020,"Maricopa, AZ (CT)",0,1312,1312,0,3835,3835
4013061021,"Maricopa, AZ (CT)",0,579,579,0,1753,1753
4013061022,"Maricopa, AZ (CT)",0,3390,3390,0,8869,8869
4013061023,"Maricopa, AZ (CT)",0,3309,3309,0,9200,9200
4013061024,"Maricopa, AZ (CT)",49,649,698,116,2061,2177
4013061025,"Maricopa, AZ (CT)",0,2629,2629,0,7445,7445
4013061026,"Maricopa, AZ (CT)",0,1917,1917,0,5458,5458
4013061027,"Maricopa, AZ (CT)",0,2199,2199,0,5539,5539
4013061028,"Maricopa, AZ (CT)",0,1101,1101,0,2417,2417
4013061029,"Maricopa, AZ (CT)",0,2148,2148,0,4905,4905
4013061030,"Maricopa, AZ (CT)",0,2522,2522,0,7272,7272
4013061031,"Maricopa, AZ (CT)",24,1219,1243,40,3275,3315
4013061032,"Maricopa, AZ (CT)",0,1928,1928,0,5579,5579
4013061033,"Maricopa, AZ (CT)",0,2195,2195,0,6011,6011
4013061034,"Maricopa, AZ (CT)",0,2358,2358,0,6764,6764
4013061035,"Maricopa, AZ (CT)",0,2366,2366,0,6699,6699
4013061036,"Maricopa, AZ (CT)",0,852,852,0,2489,2489
4013061037,"Maricopa, AZ (CT)",0,1444,1444,0,3957,3957
4013061038,"Maricopa, AZ (CT)",0,1550,1550,0,4525,4525
4013061039,"Maricopa, AZ (CT)",68,1174,1242,192,3516,3708
4013061040,"Maricopa, AZ (CT)",0,1461,1461,0,3929,3929
4013061041,"Maricopa, AZ (CT)",0,1420,1420,0,4319,4319
4013061042,"Maricopa, AZ (CT)",0,1561,1561,0,2120,2120
4013061043,"Maricopa, AZ (CT)",10,789,799,24,2428,2452
4013061044,"Maricopa, AZ (CT)",108,1870,1978,303,5250,5553
4013061045,"Maricopa, AZ (CT)",228,1555,1783,410,4550,4960
4013061046,"Maricopa, AZ (CT)",0,2043,2043,0,5183,5183
4013061047,"Maricopa, AZ (CT)",0,1022,1022,0,3264,3264
4013061100,"Maricopa, AZ (CT)",0,2576,2576,0,3436,3436
4013061200,"Maricopa, AZ (CT)",0,2226,2226,0,6114,6114
4013061300,"Maricopa, AZ (CT)",0,726,726,0,1930,1930
4013061401,"Maricopa, AZ (CT)",0,700,700,0,1972,1972
4013061402,"Maricopa, AZ (CT)",0,1852,1852,0,5505,5505
4013071503,"Maricopa, AZ (CT)",0,3746,3746,0,4708,4708
4013071504,"Maricopa, AZ (CT)",0,2627,2627,0,3394,3394
4013071505,"Maricopa, AZ (CT)",0,4207,4207,0,5964,5964
4013071506,"Maricopa, AZ (CT)",0,2876,2876,0,4260,4260
4013071509,"Maricopa, AZ (CT)",0,2244,2244,0,5401,5401
4013071510,"Maricopa, AZ (CT)",0,1355,1355,0,4078,4078
4013071511,"Maricopa, AZ (CT)",0,1480,1480,0,3339,3339
4013071512,"Maricopa, AZ (CT)",0,2143,2143,0,5917,5917
4013071513,"Maricopa, AZ (CT)",0,588,588,0,1550,1550
4013071514,"Maricopa, AZ (CT)",0,1597,1597,0,4021,4021
4013071515,"Maricopa, AZ (CT)",0,1947,1947,0,3674,3674
4013071516,"Maricopa, AZ (CT)",0,2217,2217,0,2886,2886
4013071517,"Maricopa, AZ (CT)",0,1428,1428,0,3740,3740
4013071600,"Maricopa, AZ (CT)",0,1959,1959,0,3668,3668
4013071701,"Maricopa, AZ (CT)",0,968,968,0,2634,2634
4013071702,"Maricopa, AZ (CT)",0,2662,2662,0,3219,3219
4013071801,"Maricopa, AZ (CT)",0,3907,3907,0,5148,5148
4013071802,"Maricopa, AZ (CT)",0,2532,2532,0,3302,3302
4013071903,"Maricopa, AZ (CT)",0,2609,2609,0,6306,6306
4013071906,"Maricopa, AZ (CT)",0,2186,2186,0,5816,5816
4013071909,"Maricopa, AZ (CT)",0,1808,1808,0,3797,3797
4013071910,"Maricopa, AZ (CT)",0,2346,2346,0,6218,6218
4013071911,"Maricopa, AZ (CT)",0,1199,1199,0,3081,3081
4013071912,"Maricopa, AZ (CT)",0,1213,1213,0,2817,2817
4013071913,"Maricopa, AZ (CT)",0,1960,1960,0,5071,5071
4013071914,"Maricopa, AZ (CT)",0,989,989,0,3125,3125
4013071915,"Maricopa, AZ (CT)",0,1438,1438,0,3439,3439
4013082002,"Maricopa, AZ (CT)",0,2376,2376,0,5807,5807
4013082007,"Maricopa, AZ (CT)",0,1296,1296,0,4077,4077
4013082008,"Maricopa, AZ (CT)",0,1486,1486,0,5058,5058
4013082009,"Maricopa, AZ (CT)",0,1358,1358,0,4668,4668
4013082010,"Maricopa, AZ (CT)",0,1225,1225,0,3931,3931
4013082012,"Maricopa, AZ (CT)",0,1897,1897,0,5708,5708
4013082016,"Maricopa, AZ (CT)",0,707,707,0,2348,2348
4013082017,"Maricopa, AZ (CT)",0,1448,1448,0,4275,4275
4013082018,"Maricopa, AZ (CT)",0,1494,1494,0,4685,4685
4013082019,"Maricopa, AZ (CT)",0,860,860,0,2391,2391
4013082020,"Maricopa, AZ (CT)",0,1388,1388,0,3833,3833
4013082021,"Maricopa, AZ (CT)",0,694,694,0,2070,2070
4013082022,"Maricopa, AZ (CT)",0,1753,1753,0,4171,4171
4013082023,"Maricopa, AZ (CT)",0,1829,1829,0,5366,5366
4013082024,"Maricopa, AZ (CT)",0,1597,1597,0,4081,4081
4013082025,"Maricopa, AZ (CT)",0,856,856,0,2378,2378
4013082026,"Maricopa, AZ (CT)",0,2118,2118,0,5995,5995
4013082027,"Maricopa, AZ (CT)",0,1422,1422,0,3978,3978
4013082028,"Maricopa, AZ (CT)",0,1358,1358,0,4214,4214
4013082203,"Maricopa, AZ (CT)",0,2304,2304,0,7512,7512
4013082204,"Maricopa, AZ (CT)",1,1593,1594,2,5357,5359
4013082205,"Maricopa, AZ (CT)",0,1607,1607,0,5124,5124
4013082206,"Maricopa, AZ (CT)",0,890,890,0,3092,3092
4013082207,"Maricopa, AZ (CT)",80,729,809,212,2182,2394
4013082208,"Maricopa, AZ (CT)",81,742,823,238,2653,2891
4013082209,"Maricopa, AZ (CT)",0,915,915,0,2840,2840
4013082210,"Maricopa, AZ (CT)",0,1480,1480,0,4633,4633
4013082211,"Maricopa, AZ (CT)",0,1477,1477,0,4823,4823
4013083000,"Maricopa, AZ (CT)",0,2169,2169,0,6545,6545
4013092305,"Maricopa, AZ (CT)",0,1491,1491,0,3667,3667
4013092306,"Maricopa, AZ (CT)",0,2293,2293,0,5893,5893
4013092307,"Maricopa, AZ (CT)",0,2435,2435,0,5847,5847
4013092308,"Maricopa, AZ (CT)",0,2587,2587,0,6612,6612
4013092309,"Maricopa, AZ (CT)",0,2052,2052,0,5212,5212
4013092311,"Maricopa, AZ (CT)",0,1453,1453,0,2876,2876
4013092312,"Maricopa, AZ (CT)",0,2772,2772,0,5001,5001
4013092401,"Maricopa, AZ (CT)",0,1896,1896,0,4045,4045
4013092402,"Maricopa, AZ (CT)",0,1554,1554,0,3369,3369
4013092500,"Maricopa, AZ (CT)",0,2054,2054,0,4935,4935
4013092600,"Maricopa, AZ (CT)",0,1246,1246,0,3177,3177
4013092705,"Maricopa, AZ (CT)",0,1435,1435,0,3702,3702
4013092708,"Maricopa, AZ (CT)",0,796,796,0,2056,2056
4013092709,"Maricopa, AZ (CT)",0,1444,1444,0,4130,4130
4013092710,"Maricopa, AZ (CT)",0,1498,1498,0,4269,4269
4013092711,"Maricopa, AZ (CT)",0,1103,1103,0,3120,3120
4013092712,"Maricopa, AZ (CT)",0,1510,1510,0,4905,4905
4013092713,"Maricopa, AZ (CT)",0,1466,1466,0,5027,5027
4013092715,"Maricopa, AZ (CT)",0,1299,1299,0,4037,4037
4013092716,"Maricopa, AZ (CT)",0,1168,1168,0,3908,3908
4013092717,"Maricopa, AZ (CT)",0,1608,1608,0,4870,4870
4013092718,"Maricopa, AZ (CT)",0,1257,1257,0,3791,3791
4013092719,"Maricopa, AZ (CT)",0,1740,1740,0,4277,4277
4013092720,"Maricopa, AZ (CT)",6,2043,2049,11,4396,4407
4013092721,"Maricopa, AZ (CT)",0,888,888,0,2801,2801
4013092723,"Maricopa, AZ (CT)",0,1774,1774,0,4114,4114
4013092724,"Maricopa, AZ (CT)",0,1605,1605,0,3472,3472
4013092801,"Maricopa, AZ (CT)",0,1718,1718,0,4756,4756
4013092802,"Maricopa, AZ (CT)",0,1739,1739,0,5217,5217
4013092900,"Maricopa, AZ (CT)",0,1145,1145,0,2866,2866
4013093001,"Maricopa, AZ (CT)",0,2144,2144,0,4841,4841
4013093002,"Maricopa, AZ (CT)",0,1397,1397,0,4082,4082
4013093101,"Maricopa, AZ (CT)",0,1780,1780,0,4547,4547
4013093104,"Maricopa, AZ (CT)",0,1830,1830,0,4385,4385
4013093105,"Maricopa, AZ (CT)",0,2234,2234,0,5242,5242
4013093106,"Maricopa, AZ (CT)",0,1194,1194,0,4068,4068
4013093200,"Maricopa, AZ (CT)",0,1534,1534,0,3355,3355
4013103205,"Maricopa, AZ (CT)",0,1045,1045,0,2652,2652
4013103206,"Maricopa, AZ (CT)",0,976,976,0,2521,2521
4013103207,"Maricopa, AZ (CT)",0,941,941,0,2459,2459
4013103208,"Maricopa, AZ (CT)",0,2687,2687,0,3927,3927
4013103209,"Maricopa, AZ (CT)",0,2545,2545,0,5353,5353
4013103210,"Maricopa, AZ (CT)",0,3496,3496,0,6044,6044
4013103211,"Maricopa, AZ (CT)",0,1800,1800,0,4395,4395
4013103212,"Maricopa, AZ (CT)",0,1681,1681,0,4245,4245
4013103214,"Maricopa, AZ (CT)",0,1537,1537,0,3852,3852
4013103215,"Maricopa, AZ (CT)",0,1009,1009,0,2779,2779
4013103216,"Maricopa, AZ (CT)",0,2229,2229,0,5192,5192
4013103217,"Maricopa, AZ (CT)",0,2738,2738,0,6295,6295
4013103219,"Maricopa, AZ (CT)",0,1798,1798,0,3012,3012
4013103220,"Maricopa, AZ (CT)",0,1734,1734,0,2994,2994
4013103302,"Maricopa, AZ (CT)",0,2506,2506,0,6246,6246
4013103303,"Maricopa, AZ (CT)",0,1730,1730,0,3475,3475
4013103304,"Maricopa, AZ (CT)",0,1942,1942,0,4674,4674
4013103305,"Maricopa, AZ (CT)",0,1182,1182,0,3092,3092
4013103306,"Maricopa, AZ (CT)",0,1494,1494,0,3619,3619
4013103400,"Maricopa, AZ (CT)",0,1842,1842,0,4656,4656
4013103501,"Maricopa, AZ (CT)",0,1254,1254,0,3107,3107
4013103502,"Maricopa, AZ (CT)",0,2619,2619,0,5914,5914
4013103604,"Maricopa, AZ (CT)",0,1980,1980,0,4098,4098
4013103605,"Maricopa, AZ (CT)",0,2546,2546,0,5967,5967
4013103606,"Maricopa, AZ (CT)",0,1846,1846,0,4089,4089
4013103607,"Maricopa, AZ (CT)",0,1868,1868,0,4496,4496
4013103608,"Maricopa, AZ (CT)",0,1586,1586,0,3587,3587
4013103609,"Maricopa, AZ (CT)",0,2533,2533,0,5280,5280
4013103611,"Maricopa, AZ (CT)",0,2365,2365,0,5121,5121
4013103612,"Maricopa, AZ (CT)",0,2463,2463,0,4762,4762
4013103614,"Maricopa, AZ (CT)",0,1252,1252,0,2998,2998
4013103615,"Maricopa, AZ (CT)",0,1938,1938,0,4748,4748
4013103701,"Maricopa, AZ (CT)",0,2558,2558,0,4700,4700
4013103702,"Maricopa, AZ (CT)",0,1731,1731,0,3056,3056
4013103900,"Maricopa, AZ (CT)",0,2418,2418,0,5827,5827
4013104000,"Maricopa, AZ (CT)",0,2831,2831,0,6725,6725
4013104100,"Maricopa, AZ (CT)",0,2625,2625,0,6567,6567
4013104202,"Maricopa, AZ (CT)",0,1882,1882,0,5131,5131
4013104203,"Maricopa, AZ (CT)",0,2379,2379,0,6211,6211
4013104204,"Maricopa, AZ (CT)",0,1126,1126,0,3230,3230
4013104205,"Maricopa, AZ (CT)",0,2603,2603,0,5156,5156
4013104206,"Maricopa, AZ (CT)",0,1474,1474,0,3813,3813
4013104207,"Maricopa, AZ (CT)",0,1925,1925,0,4240,4240
4013104212,"Maricopa, AZ (CT)",0,2321,2321,0,6174,6174
4013104214,"Maricopa, AZ (CT)",0,768,768,0,2312,2312
4013104215,"Maricopa, AZ (CT)",0,1727,1727,0,4026,4026
4013104216,"Maricopa, AZ (CT)",0,2040,2040,0,4771,4771
4013104217,"Maricopa, AZ (CT)",0,2059,2059,0,4882,4882
4013104218,"Maricopa, AZ (CT)",0,1640,1640,0,3941,3941
4013104219,"Maricopa, AZ (CT)",0,1026,1026,0,2982,2982
4013104221,"Maricopa, AZ (CT)",0,2145,2145,0,5864,5864
4013104222,"Maricopa, AZ (CT)",0,2268,2268,0,5915,5915
4013104223,"Maricopa, AZ (CT)",0,644,644,0,1857,1857
4013104224,"Maricopa, AZ (CT)",0,2553,2553,0,5898,5898
4013104225,"Maricopa, AZ (CT)",0,1398,1398,0,3699,3699
4013104226,"Maricopa, AZ (CT)",0,1914,1914,0,4373,4373
4013104227,"Maricopa, AZ (CT)",0,842,842,0,2059,2059
4013104301,"Maricopa, AZ (CT)",0,1269,1269,0,3300,3300
4013104302,"Maricopa, AZ (CT)",0,2201,2201,0,3209,3209
4013104401,"Maricopa, AZ (CT)",0,2374,2374,0,5017,5017
4013104402,"Maricopa, AZ (CT)",0,1370,1370,0,2538,2538
4013104501,"Maricopa, AZ (CT)",0,1560,1560,0,3697,3697
4013104502,"Maricopa, AZ (CT)",0,1721,1721,0,5107,5107
4013104600,"Maricopa, AZ (CT)",0,1970,1970,0,4253,4253
4013104701,"Maricopa, AZ (CT)",0,1699,1699,0,2474,2474
4013104702,"Maricopa, AZ (CT)",0,2110,2110,0,4441,4441
4013104801,"Maricopa, AZ (CT)",0,1645,1645,0,3619,3619
4013104802,"Maricopa, AZ (CT)",0,2776,2776,0,5688,5688
4013104900,"Maricopa, AZ (CT)",0,1672,1672,0,4003,4003
4013105002,"Maricopa, AZ (CT)",0,1290,1290,0,2574,2574
4013105003,"Maricopa, AZ (CT)",0,1763,1763,0,4549,4549
4013105004,"Maricopa, AZ (CT)",0,1470,1470,0,3114,3114
4013105101,"Maricopa, AZ (CT)",0,1795,1795,0,4417,4417
4013105102,"Maricopa, AZ (CT)",0,2562,2562,0,4165,4165
4013105103,"Maricopa, AZ (CT)",0,1386,1386,0,3017,3017
4013105200,"Maricopa, AZ (CT)",0,3019,3019,0,5819,5819
4013105300,"Maricopa, AZ (CT)",0,2518,2518,0,4995,4995
4013105400,"Maricopa, AZ (CT)",0,1536,1536,0,3603,3603
4013105501,"Maricopa, AZ (CT)",0,1047,1047,0,2355,2355
4013105502,"Maricopa, AZ (CT)",0,1027,1027,0,1891,1891
4013105503,"Maricopa, AZ (CT)",0,2054,2054,0,3279,3279
4013105601,"Maricopa, AZ (CT)",0,1229,1229,0,3791,3791
4013105602,"Maricopa, AZ (CT)",0,2510,2510,0,5943,5943
4013105701,"Maricopa, AZ (CT)",0,1227,1227,0,3426,3426
4013105702,"Maricopa, AZ (CT)",0,1448,1448,0,3775,3775
4013105800,"Maricopa, AZ (CT)",0,2166,2166,0,6298,6298
4013105900,"Maricopa, AZ (CT)",0,2253,2253,0,4956,4956
4013106001,"Maricopa, AZ (CT)",0,668,668,0,1671,1671
4013106002,"Maricopa, AZ (CT)",0,1169,1169,0,2248,2248
4013106003,"Maricopa, AZ (CT)",0,1405,1405,0,3175,3175
4013106100,"Maricopa, AZ (CT)",0,2856,2856,0,5282,5282
4013106200,"Maricopa, AZ (CT)",0,1341,1341,0,3285,3285
4013106300,"Maricopa, AZ (CT)",0,2752,2752,0,5093,5093
4013106400,"Maricopa, AZ (CT)",0,1493,1493,0,2732,2732
4013106501,"Maricopa, AZ (CT)",0,1671,1671,0,2877,2877
4013106502,"Maricopa, AZ (CT)",0,2113,2113,0,3542,3542
4013106600,"Maricopa, AZ (CT)",0,1769,1769,0,3607,3607
4013106701,"Maricopa, AZ (CT)",0,2057,2057,0,3961,3961
4013106702,"Maricopa, AZ (CT)",0,649,649,0,1213,1213
4013106703,"Maricopa, AZ (CT)",0,974,974,0,2029,2029
4013106801,"Maricopa, AZ (CT)",0,2136,2136,0,3941,3941
4013106802,"Maricopa, AZ (CT)",0,1535,1535,0,3248,3248
4013106900,"Maricopa, AZ (CT)",0,2297,2297,0,7077,7077
4013107000,"Maricopa, AZ (CT)",0,2732,2732,0,7123,7123
4013107101,"Maricopa, AZ (CT)",0,1241,1241,0,4262,4262
4013107102,"Maricopa, AZ (CT)",0,1830,1830,0,5197,5197
4013107201,"Maricopa, AZ (CT)",0,1548,1548,0,4301,4301
4013107202,"Maricopa, AZ (CT)",0,1400,1400,0,4928,4928
4013107300,"Maricopa, AZ (CT)",0,2354,2354,0,6202,6202
4013107400,"Maricopa, AZ (CT)",0,3235,3235,0,6572,6572
4013107500,"Maricopa, AZ (CT)",0,1848,1848,0,3337,3337
4013107601,"Maricopa, AZ (CT)",0,1930,1930,0,2800,2800
4013107602,"Maricopa, AZ (CT)",0,1442,1442,0,2680,2680
4013107700,"Maricopa, AZ (CT)",0,2225,2225,0,3797,3797
4013107800,"Maricopa, AZ (CT)",0,1950,1950,0,2408,2408
4013107900,"Maricopa, AZ (CT)",0,1992,1992,0,3701,3701
4013108000,"Maricopa, AZ (CT)",0,1219,1219,0,3467,3467
4013108100,"Maricopa, AZ (CT)",0,902,902,0,1850,1850
4013108200,"Maricopa, AZ (CT)",0,1641,1641,0,3158,3158
4013108301,"Maricopa, AZ (CT)",0,1858,1858,0,3405,3405
4013108302,"Maricopa, AZ (CT)",0,1620,1620,0,2700,2700
4013108400,"Maricopa, AZ (CT)",0,3136,3136,0,4888,4888
4013108501,"Maricopa, AZ (CT)",0,1179,1179,0,2250,2250
4013108502,"Maricopa, AZ (CT)",0,2469,2469,0,3529,3529
4013108601,"Maricopa, AZ (CT)",0,1403,1403,0,2679,2679
4013108602,"Maricopa, AZ (CT)",0,2679,2679,0,4530,4530
4013108802,"Maricopa, AZ (CT)",0,1138,1138,0,1819,1819
4013108901,"Maricopa, AZ (CT)",0,1373,1373,0,2508,2508
4013108902,"Maricopa, AZ (CT)",0,2081,2081,0,3858,3858
4013109001,"Maricopa, AZ (CT)",0,1750,1750,0,4146,4146
4013109002,"Maricopa, AZ (CT)",0,1738,1738,0,4563,4563
4013109003,"Maricopa, AZ (CT)",0,2006,2006,0,5474,5474
4013109101,"Maricopa, AZ (CT)",0,913,913,0,3283,3283
4013109102,"Maricopa, AZ (CT)",0,1724,1724,0,5299,5299
4013109200,"Maricopa, AZ (CT)",0,1703,1703,0,4096,4096
4013109300,"Maricopa, AZ (CT)",0,1153,1153,0,4670,4670
4013109400,"Maricopa, AZ (CT)",0,2596,2596,0,8290,8290
4013109500,"Maricopa, AZ (CT)",0,1405,1405,0,4867,4867
4013109601,"Maricopa, AZ (CT)",0,1411,1411,0,4723,4723
4013109602,"Maricopa, AZ (CT)",0,1815,1815,0,5719,5719
4013109603,"Maricopa, AZ (CT)",0,1247,1247,0,4450,4450
4013109604,"Maricopa, AZ (CT)",0,1057,1057,0,3814,3814
4013109701,"Maricopa, AZ (CT)",0,2649,2649,0,7467,7467
4013109702,"Maricopa, AZ (CT)",0,1308,1308,0,5053,5053
4013109703,"Maricopa, AZ (CT)",0,886,886,0,2742,2742
4013109704,"Maricopa, AZ (CT)",0,612,612,0,2360,2360
4013109705,"Maricopa, AZ (CT)",0,492,492,0,1803,1803
4013109801,"Maricopa, AZ (CT)",0,1107,1107,0,3758,3758
4013109802,"Maricopa, AZ (CT)",0,1199,1199,0,4546,4546
4013109900,"Maricopa, AZ (CT)",0,1954,1954,0,7080,7080
4013110001,"Maricopa, AZ (CT)",0,1076,1076,0,4529,4529
4013110002,"Maricopa, AZ (CT)",0,1273,1273,0,4339,4339
4013110100,"Maricopa, AZ (CT)",0,1988,1988,0,6612,6612
4013110400,"Maricopa, AZ (CT)",0,2478,2478,0,5125,5125
4013110501,"Maricopa, AZ (CT)",0,2191,2191,0,2899,2899
4013110502,"Maricopa, AZ (CT)",0,1676,1676,0,2319,2319
4013110600,"Maricopa, AZ (CT)",0,2649,2649,0,4881,4881
4013110701,"Maricopa, AZ (CT)",0,1324,1324,0,2570,2570
4013110702,"Maricopa, AZ (CT)",0,1610,1610,0,3833,3833
4013110801,"Maricopa, AZ (CT)",0,2535,2535,0,5006,5006
4013110802,"Maricopa, AZ (CT)",0,1112,1112,0,2315,2315
4013110901,"Maricopa, AZ (CT)",0,1751,1751,0,3075,3075
4013110902,"Maricopa, AZ (CT)",0,2216,2216,0,4304,4304
4013111000,"Maricopa, AZ (CT)",0,2428,2428,0,4745,4745
4013111100,"Maricopa, AZ (CT)",0,2058,2058,0,4376,4376
4013111201,"Maricopa, AZ (CT)",0,2939,2939,0,5242,5242
4013111202,"Maricopa, AZ (CT)",0,912,912,0,1964,1964
4013111203,"Maricopa, AZ (CT)",0,939,939,0,1410,1410
4013111204,"Maricopa, AZ (CT)",0,1484,1484,0,2154,2154
4013111300,"Maricopa, AZ (CT)",0,2552,2552,0,5447,5447
4013111401,"Maricopa, AZ (CT)",0,1406,1406,0,4310,4310
4013111402,"Maricopa, AZ (CT)",0,1556,1556,0,4150,4150
4013111501,"Maricopa, AZ (CT)",0,656,656,0,2115,2115
4013111502,"Maricopa, AZ (CT)",0,2291,2291,0,6524,6524
4013111601,"Maricopa, AZ (CT)",0,1138,1138,0,3161,3161
4013111602,"Maricopa, AZ (CT)",0,1819,1819,0,5055,5055
4013111700,"Maricopa, AZ (CT)",0,2691,2691,0,5647,5647
4013111800,"Maricopa, AZ (CT)",0,2361,2361,0,3487,3487
4013111900,"Maricopa, AZ (CT)",0,1199,1199,0,2238,2238
4013112100,"Maricopa, AZ (CT)",0,1035,1035,0,3838,3838
4013112201,"Maricopa, AZ (CT)",0,1149,1149,0,4400,4400
4013112202,"Maricopa, AZ (CT)",0,1504,1504,0,4305,4305
4013112301,"Maricopa, AZ (CT)",0,1800,1800,0,5017,5017
4013112302,"Maricopa, AZ (CT)",0,2227,2227,0,6754,6754
4013112401,"Maricopa, AZ (CT)",0,1567,1567,0,5377,5377
4013112402,"Maricopa, AZ (CT)",0,1285,1285,0,4999,4999
4013112502,"Maricopa, AZ (CT)",0,1345,1345,0,5397,5397
4013112503,"Maricopa, AZ (CT)",0,2057,2057,0,7944,7944
4013112504,"Maricopa, AZ (CT)",0,1185,1185,0,3596,3596
4013112505,"Maricopa, AZ (CT)",0,2649,2649,0,8369,8369
4013112507,"Maricopa, AZ (CT)",0,844,844,0,2399,2399
4013112508,"Maricopa, AZ (CT)",0,729,729,0,2148,2148
4013112509,"Maricopa, AZ (CT)",0,3254,3254,0,6909,6909
4013112510,"Maricopa, AZ (CT)",0,1214,1214,0,4162,4162
4013112511,"Maricopa, AZ (CT)",0,2026,2026,0,6816,6816
4013112512,"Maricopa, AZ (CT)",0,817,817,0,1796,1796
4013112513,"Maricopa, AZ (CT)",0,2362,2362,0,8131,8131
4013112514,"Maricopa, AZ (CT)",0,1229,1229,0,3633,3633
4013112601,"Maricopa, AZ (CT)",0,1084,1084,0,3009,3009
4013112602,"Maricopa, AZ (CT)",0,2162,2162,0,7935,7935
4013112700,"Maricopa, AZ (CT)",0,1909,1909,0,6740,6740
4013112900,"Maricopa, AZ (CT)",0,2349,2349,0,4805,4805
4013113000,"Maricopa, AZ (CT)",0,1466,1466,0,1895,1895
4013113100,"Maricopa, AZ (CT)",0,1816,1816,0,2808,2808
4013113201,"Maricopa, AZ (CT)",0,889,889,0,2666,2666
4013113202,"Maricopa, AZ (CT)",0,859,859,0,2061,2061
4013113203,"Maricopa, AZ (CT)",0,940,940,0,2317,2317
4013113300,"Maricopa, AZ (CT)",0,2009,2009,0,5175,5175
4013113400,"Maricopa, AZ (CT)",0,0,0,0,684,684
4013113501,"Maricopa, AZ (CT)",0,1495,1495,0,4416,4416
4013113502,"Maricopa, AZ (CT)",0,802,802,0,2638,2638
4013113601,"Maricopa, AZ (CT)",0,1640,1640,0,3957,3957
4013113602,"Maricopa, AZ (CT)",0,1107,1107,0,3400,3400
4013113700,"Maricopa, AZ (CT)",0,3549,3549,0,7720,7720
4013113801,"Maricopa, AZ (CT)",0,1255,1255,0,2135,2135
4013113802,"Maricopa, AZ (CT)",0,4,4,0,17,17
4013113900,"Maricopa, AZ (CT)",0,448,448,0,1372,1372
4013114000,"Maricopa, AZ (CT)",0,1164,1164,0,2614,2614
4013114100,"Maricopa, AZ (CT)",0,883,883,0,2401,2401
4013114200,"Maricopa, AZ (CT)",0,562,562,0,1539,1539
4013114301,"Maricopa, AZ (CT)",0,261,261,0,1570,1570
4013114302,"Maricopa, AZ (CT)",0,1094,1094,0,2477,2477
4013114401,"Maricopa, AZ (CT)",0,643,643,0,1724,1724
4013114402,"Maricopa, AZ (CT)",0,700,700,0,2014,2014
4013114500,"Maricopa, AZ (CT)",0,1462,1462,0,4198,4198
4013114600,"Maricopa, AZ (CT)",0,513,513,0,1914,1914
4013114703,"Maricopa, AZ (CT)",0,388,388,0,8071,8071
4013114800,"Maricopa, AZ (CT)",0,1016,1016,0,3285,3285
4013114900,"Maricopa, AZ (CT)",0,1019,1019,0,2663,2663
4013115200,"Maricopa, AZ (CT)",0,950,950,0,2623,2623
4013115300,"Maricopa, AZ (CT)",0,944,944,0,2323,2323
4013115400,"Maricopa, AZ (CT)",0,690,690,0,2232,2232
4013115500,"Maricopa, AZ (CT)",0,1051,1051,0,3699,3699
4013115600,"Maricopa, AZ (CT)",0,1189,1189,0,3864,3864
4013115700,"Maricopa, AZ (CT)",0,1827,1827,0,6427,6427
4013115801,"Maricopa, AZ (CT)",0,1472,1472,0,3862,3862
4013115802,"Maricopa, AZ (CT)",0,1112,1112,0,3389,3389
4013115900,"Maricopa, AZ (CT)",0,1727,1727,0,5332,5332
4013116000,"Maricopa, AZ (CT)",0,2088,2088,0,5558,5558
4013116100,"Maricopa, AZ (CT)",0,1378,1378,0,3963,3963
4013116202,"Maricopa, AZ (CT)",0,1412,1412,0,5033,5033
4013116203,"Maricopa, AZ (CT)",0,2351,2351,0,4760,4760
4013116204,"Maricopa, AZ (CT)",0,1167,1167,0,3638,3638
4013116205,"Maricopa, AZ (CT)",0,1856,1856,0,4256,4256
4013116300,"Maricopa, AZ (CT)",0,1936,1936,0,6118,6118
4013116400,"Maricopa, AZ (CT)",0,1669,1669,0,5604,5604
4013116500,"Maricopa, AZ (CT)",0,1419,1419,0,4920,4920
4013116602,"Maricopa, AZ (CT)",0,2177,2177,0,7325,7325
4013116603,"Maricopa, AZ (CT)",0,1776,1776,0,5736,5736
4013116604,"Maricopa, AZ (CT)",0,1362,1362,0,4000,4000
4013116605,"Maricopa, AZ (CT)",0,1744,1744,0,5066,5066
4013116606,"Maricopa, AZ (CT)",0,1843,1843,0,5663,5663
4013116607,"Maricopa, AZ (CT)",0,785,785,0,2526,2526
4013116608,"Maricopa, AZ (CT)",0,1243,1243,0,3553,3553
4013116609,"Maricopa, AZ (CT)",3,1135,1138,9,3167,3176
4013116610,"Maricopa, AZ (CT)",0,1564,1564,0,4437,4437
4013116611,"Maricopa, AZ (CT)",97,1102,1199,224,2993,3217
4013116612,"Maricopa, AZ (CT)",0,1563,1563,0,4862,4862
4013116613,"Maricopa, AZ (CT)",0,2294,2294,0,6489,6489
4013116702,"Maricopa, AZ (CT)",0,2689,2689,0,7839,7839
4013116703,"Maricopa, AZ (CT)",0,1391,1391,0,4448,4448
4013116704,"Maricopa, AZ (CT)",17,3422,3439,44,7061,7105
4013116707,"Maricopa, AZ (CT)",0,1233,1233,0,2738,2738
4013116708,"Maricopa, AZ (CT)",0,2971,2971,0,5033,5033
4013116709,"Maricopa, AZ (CT)",0,931,931,0,1789,1789
4013116710,"Maricopa, AZ (CT)",0,1721,1721,0,4638,4638
4013116711,"Maricopa, AZ (CT)",0,838,838,0,1878,1878
4013116712,"Maricopa, AZ (CT)",0,2811,2811,0,6397,6397
4013116713,"Maricopa, AZ (CT)",0,2553,2553,0,6104,6104
4013116714,"Maricopa, AZ (CT)",0,1239,1239,0,3295,3295
4013116715,"Maricopa, AZ (CT)",0,943,943,0,2075,2075
4013116717,"Maricopa, AZ (CT)",0,1997,1997,0,4021,4021
4013116718,"Maricopa, AZ (CT)",0,1302,1302,0,2599,2599
4013116719,"Maricopa, AZ (CT)",0,2788,2788,0,6404,6404
4013116720,"Maricopa, AZ (CT)",0,1827,1827,0,3774,3774
4013116721,"Maricopa, AZ (CT)",0,1438,1438,0,3536,3536
4013116725,"Maricopa, AZ (CT)",0,2287,2287,0,4773,4773
4013116727,"Maricopa, AZ (CT)",0,1522,1522,0,4065,4065
4013116728,"Maricopa, AZ (CT)",0,1671,1671,0,4612,4612
4013116729,"Maricopa, AZ (CT)",0,1492,1492,0,4303,4303
4013116730,"Maricopa, AZ (CT)",0,635,635,0,1793,1793
4013116731,"Maricopa, AZ (CT)",0,1213,1213,0,3234,3234
4013116732,"Maricopa, AZ (CT)",0,1299,1299,0,3446,3446
4013116733,"Maricopa, AZ (CT)",94,22,116,235,48,283
4013116800,"Maricopa, AZ (CT)",0,1169,1169,0,2655,2655
4013116900,"Maricopa, AZ (CT)",0,655,655,0,2387,2387
4013117000,"Maricopa, AZ (CT)",0,2470,2470,0,5678,5678
4013117100,"Maricopa, AZ (CT)",0,1444,1444,0,2600,2600
4013117200,"Maricopa, AZ (CT)",0,513,513,0,1353,1353
4013117300,"Maricopa, AZ (CT)",0,517,517,0,1677,1677
4013216806,"Maricopa, AZ (CT)",0,1776,1776,0,2967,2967
4013216807,"Maricopa, AZ (CT)",0,2667,2667,0,4911,4911
4013216809,"Maricopa, AZ (CT)",0,2263,2263,0,4939,4939
4013216810,"Maricopa, AZ (CT)",0,1272,1272,0,1318,1318
4013216813,"Maricopa, AZ (CT)",0,2725,2725,0,4041,4041
4013216816,"Maricopa, AZ (CT)",0,2227,2227,0,5531,5531
4013216818,"Maricopa, AZ (CT)",0,4425,4425,0,6644,6644
4013216819,"Maricopa, AZ (CT)",248,2730,2978,406,5680,6086
4013216820,"Maricopa, AZ (CT)",0,2500,2500,0,4061,4061
4013216821,"Maricopa, AZ (CT)",0,3283,3283,0,5737,5737
4013216822,"Maricopa, AZ (CT)",517,1781,2298,754,3402,4156
4013216826,"Maricopa, AZ (CT)",0,2882,2882,0,4521,4521
4013216829,"Maricopa, AZ (CT)",342,2841,3183,639,4051,4690
4013216830,"Maricopa, AZ (CT)",0,1908,1908,0,3144,3144
4013216831,"Maricopa, AZ (CT)",0,1386,1386,0,2896,2896
4013216832,"Maricopa, AZ (CT)",0,1823,1823,0,2268,2268
4013216833,"Maricopa, AZ (CT)",0,2284,2284,0,4498,4498
4013216834,"Maricopa, AZ (CT)",0,1363,1363,0,2218,2218
4013216835,"Maricopa, AZ (CT)",0,2036,2036,0,2483,2483
4013216836,"Maricopa, AZ (CT)",0,1482,1482,0,3580,3580
4013216837,"Maricopa, AZ (CT)",0,2974,2974,0,4608,4608
4013216838,"Maricopa, AZ (CT)",0,2183,2183,0,4791,4791
4013216839,"Maricopa, AZ (CT)",0,1589,1589,0,3953,3953
4013216840,"Maricopa, AZ (CT)",154,1774,1928,404,4190,4594
4013216841,"Maricopa, AZ (CT)",0,1434,1434,0,3056,3056
4013216842,"Maricopa, AZ (CT)",0,1483,1483,0,3556,3556
4013216843,"Maricopa, AZ (CT)",398,1772,2170,708,2606,3314
4013216844,"Maricopa, AZ (CT)",0,2596,2596,0,2965,2965
4013216845,"Maricopa, AZ (CT)",0,1856,1856,0,1892,1892
4013216846,"Maricopa, AZ (CT)",0,3146,3146,0,6585,6585
4013216847,"Maricopa, AZ (CT)",0,2718,2718,0,5825,5825
4013216848,"Maricopa, AZ (CT)",0,2637,2637,0,6026,6026
4013216849,"Maricopa, AZ (CT)",328,2510,2838,896,5840,6736
4013216850,"Maricopa, AZ (CT)",0,2428,2428,0,4168,4168
4013216851,"Maricopa, AZ (CT)",646,1394,2040,1280,2863,4143
4013216852,"Maricopa, AZ (CT)",0,2016,2016,0,2861,2861
4013216853,"Maricopa, AZ (CT)",0,2770,2770,0,4516,4516
4013216901,"Maricopa, AZ (CT)",0,2095,2095,0,2705,2705
4013216902,"Maricopa, AZ (CT)",0,1862,1862,0,3930,3930
4013217001,"Maricopa, AZ (CT)",0,3140,3140,0,3890,3890
4013217002,"Maricopa, AZ (CT)",0,2593,2593,0,5351,5351
4013217101,"Maricopa, AZ (CT)",0,1410,1410,0,2466,2466
4013217102,"Maricopa, AZ (CT)",0,1274,1274,0,2472,2472
4013217201,"Maricopa, AZ (CT)",0,1261,1261,0,1383,1383
4013217203,"Maricopa, AZ (CT)",0,2547,2547,0,2804,2804
4013217204,"Maricopa, AZ (CT)",0,2144,2144,0,3166,3166
4013217300,"Maricopa, AZ (CT)",0,2633,2633,0,2755,2755
4013217400,"Maricopa, AZ (CT)",0,2024,2024,0,3085,3085
4013217501,"Maricopa, AZ (CT)",0,1713,1713,0,3293,3293
4013217502,"Maricopa, AZ (CT)",0,1868,1868,0,2754,2754
4013217600,"Maricopa, AZ (CT)",0,2951,2951,0,4298,4298
4013217700,"Maricopa, AZ (CT)",0,2343,2343,0,4917,4917
4013217800,"Maricopa, AZ (CT)",0,2989,2989,0,6059,6059
4013217900,"Maricopa, AZ (CT)",0,1929,1929,0,3719,3719
4013218000,"Maricopa, AZ (CT)",0,2465,2465,0,5388,5388
4013218100,"Maricopa, AZ (CT)",0,955,955,0,1861,1861
4013218200,"Maricopa, AZ (CT)",0,2361,2361,0,5264,5264
4013218300,"Maricopa, AZ (CT)",0,2820,2820,0,3953,3953
4013318400,"Maricopa, AZ (CT)",0,2396,2396,0,4650,4650
4013318501,"Maricopa, AZ (CT)",0,1594,1594,0,3200,3200
4013318700,"Maricopa, AZ (CT)",0,359,359,0,2675,2675
4013318800,"Maricopa, AZ (CT)",0,3657,3657,0,6057,6057
4013318900,"Maricopa, AZ (CT)",0,2896,2896,0,6254,6254
4013319000,"Maricopa, AZ (CT)",0,1129,1129,0,9107,9107
4013319101,"Maricopa, AZ (CT)",0,1329,1329,0,2942,2942
4013319103,"Maricopa, AZ (CT)",0,2397,2397,0,4504,4504
4013319104,"Maricopa, AZ (CT)",0,3052,3052,0,5102,5102
4013319201,"Maricopa, AZ (CT)",0,2920,2920,0,5305,5305
4013319202,"Maricopa, AZ (CT)",0,2326,2326,0,3232,3232
4013319300,"Maricopa, AZ (CT)",0,1080,1080,0,2420,2420
4013319401,"Maricopa, AZ (CT)",0,2380,2380,0,5480,5480
4013319402,"Maricopa, AZ (CT)",0,1636,1636,0,4088,4088
4013319403,"Maricopa, AZ (CT)",0,2041,2041,0,4520,4520
4013319404,"Maricopa, AZ (CT)",0,1671,1671,0,3333,3333
4013319500,"Maricopa, AZ (CT)",0,2431,2431,0,5449,5449
4013319600,"Maricopa, AZ (CT)",0,2541,2541,0,5436,5436
4013319703,"Maricopa, AZ (CT)",0,2235,2235,0,4348,4348
4013319704,"Maricopa, AZ (CT)",0,721,721,0,1483,1483
4013319705,"Maricopa, AZ (CT)",0,1435,1435,0,3412,3412
4013319706,"Maricopa, AZ (CT)",0,2227,2227,0,4946,4946
4013319800,"Maricopa, AZ (CT)",0,3178,3178,0,6595,6595
4013319902,"Maricopa, AZ (CT)",0,1023,1023,0,2472,2472
4013319903,"Maricopa, AZ (CT)",0,2800,2800,0,5666,5666
4013319904,"Maricopa, AZ (CT)",0,1990,1990,0,4865,4865
4013319905,"Maricopa, AZ (CT)",0,2146,2146,0,4790,4790
4013319906,"Maricopa, AZ (CT)",0,1424,1424,0,3173,3173
4013319907,"Maricopa, AZ (CT)",0,832,832,0,2225,2225
4013319908,"Maricopa, AZ (CT)",0,995,995,0,2211,2211
4013319909,"Maricopa, AZ (CT)",0,1001,1001,0,2278,2278
4013319910,"Maricopa, AZ (CT)",0,1480,1480,0,4011,4011
4013320001,"Maricopa, AZ (CT)",0,3490,3490,0,7023,7023
4013320002,"Maricopa, AZ (CT)",0,1376,1376,0,5523,5523
4013320007,"Maricopa, AZ (CT)",0,3195,3195,0,6674,6674
4013320100,"Maricopa, AZ (CT)",0,1652,1652,0,2558,2558
4013420104,"Maricopa, AZ (CT)",0,3096,3096,0,5068,5068
4013420105,"Maricopa, AZ (CT)",0,2045,2045,0,5195,5195
4013420107,"Maricopa, AZ (CT)",0,2774,2774,0,6556,6556
4013420108,"Maricopa, AZ (CT)",60,492,552,105,1301,1406
4013420109,"Maricopa, AZ (CT)",0,1442,1442,0,3838,3838
4013420110,"Maricopa, AZ (CT)",27,1876,1903,46,4819,4865
4013420111,"Maricopa, AZ (CT)",0,1364,1364,0,3948,3948
4013420112,"Maricopa, AZ (CT)",0,1213,1213,0,3272,3272
4013420113,"Maricopa, AZ (CT)",0,1966,1966,0,3380,3380
4013420114,"Maricopa, AZ (CT)",0,1293,1293,0,3275,3275
4013420115,"Maricopa, AZ (CT)",0,1484,1484,0,2577,2577
4013420116,"Maricopa, AZ (CT)",0,2114,2114,0,2865,2865
4013420202,"Maricopa, AZ (CT)",0,2620,2620,0,5087,5087
4013420206,"Maricopa, AZ (CT)",90,3007,3097,310,3285,3595
4013420207,"Maricopa, AZ (CT)",0,1357,1357,0,2709,2709
4013420208,"Maricopa, AZ (CT)",0,1936,1936,0,5279,5279
4013420209,"Maricopa, AZ (CT)",0,2170,2170,0,3980,3980
4013420210,"Maricopa, AZ (CT)",0,2128,2128,0,5049,5049
4013420211,"Maricopa, AZ (CT)",0,1769,1769,0,4648,4648
4013420212,"Maricopa, AZ (CT)",0,1643,1643,0,2825,2825
4013420213,"Maricopa, AZ (CT)",0,3063,3063,0,1753,1753
4013420214,"Maricopa, AZ (CT)",0,2460,2460,0,3511,3511
4013420215,"Maricopa, AZ (CT)",0,661,661,0,1760,1760
4013420216,"Maricopa, AZ (CT)",0,2263,2263,0,3889,3889
4013420301,"Maricopa, AZ (CT)",0,730,730,0,2224,2224
4013420302,"Maricopa, AZ (CT)",0,1667,1667,0,4939,4939
4013420303,"Maricopa, AZ (CT)",0,1383,1383,0,4139,4139
4013420304,"Maricopa, AZ (CT)",0,378,378,0,1081,1081
4013420401,"Maricopa, AZ (CT)",0,1844,1844,0,4654,4654
4013420402,"Maricopa, AZ (CT)",12,507,519,32,1593,1625
4013420501,"Maricopa, AZ (CT)",0,2642,2642,0,6278,6278
4013420503,"Maricopa, AZ (CT)",0,1414,1414,0,3430,3430
4013420504,"Maricopa, AZ (CT)",0,1310,1310,0,3238,3238
4013420602,"Maricopa, AZ (CT)",0,1702,1702,0,4746,4746
4013420603,"Maricopa, AZ (CT)",0,1355,1355,0,3682,3682
4013420604,"Maricopa, AZ (CT)",0,1644,1644,0,4273,4273
4013420704,"Maricopa, AZ (CT)",0,1749,1749,0,4910,4910
4013420705,"Maricopa, AZ (CT)",0,1117,1117,0,3569,3569
4013420706,"Maricopa, AZ (CT)",0,1467,1467,0,4300,4300
4013420707,"Maricopa, AZ (CT)",0,2138,2138,0,2276,2276
4013420708,"Maricopa, AZ (CT)",0,3258,3258,0,3754,3754
4013420709,"Maricopa, AZ (CT)",0,2739,2739,0,2626,2626
4013420710,"Maricopa, AZ (CT)",0,1695,1695,0,2987,2987
4013420800,"Maricopa, AZ (CT)",0,1842,1842,0,4745,4745
4013420901,"Maricopa, AZ (CT)",0,1232,1232,0,3158,3158
4013420902,"Maricopa, AZ (CT)",0,1272,1272,0,3363,3363
4013421001,"Maricopa, AZ (CT)",0,1900,1900,0,3556,3556
4013421002,"Maricopa, AZ (CT)",0,1627,1627,0,2646,2646
4013421101,"Maricopa, AZ (CT)",0,1748,1748,0,3886,3886
4013421102,"Maricopa, AZ (CT)",0,2325,2325,0,5280,5280
4013421201,"Maricopa, AZ (CT)",0,2670,2670,0,4806,4806
4013421202,"Maricopa, AZ (CT)",0,1619,1619,0,3764,3764
4013421302,"Maricopa, AZ (CT)",0,2475,2475,0,5978,5978
4013421303,"Maricopa, AZ (CT)",0,1871,1871,0,4773,4773
4013421304,"Maricopa, AZ (CT)",0,1547,1547,0,2918,2918
4013421400,"Maricopa, AZ (CT)",0,1511,1511,0,2415,2415
4013421501,"Maricopa, AZ (CT)",0,1461,1461,0,3423,3423
4013421502,"Maricopa, AZ (CT)",0,1195,1195,0,3390,3390
4013421601,"Maricopa, AZ (CT)",0,1145,1145,0,3326,3326
4013421602,"Maricopa, AZ (CT)",0,1404,1404,0,4174,4174
4013421701,"Maricopa, AZ (CT)",0,2352,2352,0,4601,4601
4013421702,"Maricopa, AZ (CT)",0,1704,1704,0,3404,3404
4013421801,"Maricopa, AZ (CT)",0,788,788,0,2733,2733
4013421802,"Maricopa, AZ (CT)",0,1393,1393,0,4734,4734
4013421901,"Maricopa, AZ (CT)",0,1249,1249,0,4001,4001
4013421902,"Maricopa, AZ (CT)",0,1812,1812,0,5902,5902
4013422001,"Maricopa, AZ (CT)",0,1333,1333,0,4126,4126
4013422002,"Maricopa, AZ (CT)",0,1473,1473,0,3885,3885
4013422102,"Maricopa, AZ (CT)",0,1885,1885,0,4354,4354
4013422103,"Maricopa, AZ (CT)",0,2668,2668,0,4903,4903
4013422104,"Maricopa, AZ (CT)",0,2770,2770,0,5807,5807
4013422105,"Maricopa, AZ (CT)",0,1367,1367,0,3178,3178
4013422106,"Maricopa, AZ (CT)",0,2404,2404,0,5624,5624
4013422107,"Maricopa, AZ (CT)",0,2003,2003,0,3688,3688
4013422203,"Maricopa, AZ (CT)",0,2395,2395,0,4454,4454
4013422204,"Maricopa, AZ (CT)",0,1439,1439,0,2794,2794
4013422205,"Maricopa, AZ (CT)",0,620,620,0,1384,1384
4013422209,"Maricopa, AZ (CT)",0,2950,2950,0,6520,6520
4013422210,"Maricopa, AZ (CT)",0,2083,2083,0,5314,5314
4013422211,"Maricopa, AZ (CT)",0,1204,1204,0,2679,2679
4013422212,"Maricopa, AZ (CT)",0,1789,1789,0,4142,4142
4013422213,"Maricopa, AZ (CT)",0,960,960,0,2455,2455
4013422215,"Maricopa, AZ (CT)",0,802,802,0,2006,2006
4013422216,"Maricopa, AZ (CT)",0,1985,1985,0,5129,5129
4013422217,"Maricopa, AZ (CT)",0,1608,1608,0,3527,3527
4013422218,"Maricopa, AZ (CT)",0,1193,1193,0,3095,3095
4013422219,"Maricopa, AZ (CT)",0,1347,1347,0,2923,2923
4013422220,"Maricopa, AZ (CT)",0,811,811,0,1974,1974
4013422221,"Maricopa, AZ (CT)",0,2063,2063,0,4075,4075
4013422222,"Maricopa, AZ (CT)",0,867,867,0,2143,2143
4013422301,"Maricopa, AZ (CT)",0,1750,1750,0,5617,5617
4013422302,"Maricopa, AZ (CT)",0,1945,1945,0,4774,4774
4013422304,"Maricopa, AZ (CT)",0,1334,1334,0,2786,2786
4013422305,"Maricopa, AZ (CT)",0,2397,2397,0,5926,5926
4013422307,"Maricopa, AZ (CT)",0,1830,1830,0,4350,4350
4013422308,"Maricopa, AZ (CT)",0,2092,2092,0,5476,5476
4013422309,"Maricopa, AZ (CT)",0,2009,2009,0,5346,5346
4013422401,"Maricopa, AZ (CT)",0,1448,1448,0,3307,3307
4013422402,"Maricopa, AZ (CT)",0,1865,1865,0,4977,4977
4013422403,"Maricopa, AZ (CT)",0,1881,1881,0,5189,5189
4013422404,"Maricopa, AZ (CT)",0,1517,1517,0,4334,4334
4013422501,"Maricopa, AZ (CT)",0,2028,2028,0,5643,5643
4013422502,"Maricopa, AZ (CT)",0,2079,2079,0,6086,6086
4013422503,"Maricopa, AZ (CT)",0,2349,2349,0,6333,6333
4013422504,"Maricopa, AZ (CT)",0,1953,1953,0,4671,4671
4013422506,"Maricopa, AZ (CT)",0,1938,1938,0,5072,5072
4013422507,"Maricopa, AZ (CT)",0,1811,1811,0,4523,4523
4013422508,"Maricopa, AZ (CT)",0,1359,1359,0,3670,3670
4013422509,"Maricopa, AZ (CT)",0,1876,1876,0,5113,5113
4013422510,"Maricopa, AZ (CT)",0,1040,1040,0,3416,3416
4013422511,"Maricopa, AZ (CT)",0,1013,1013,0,3044,3044
4013422512,"Maricopa, AZ (CT)",0,1702,1702,0,5037,5037
4013422513,"Maricopa, AZ (CT)",0,1759,1759,0,4280,4280
4013422514,"Maricopa, AZ (CT)",0,1801,1801,0,4352,4352
4013422606,"Maricopa, AZ (CT)",0,2732,2732,0,9135,9135
4013422607,"Maricopa, AZ (CT)",0,3164,3164,0,4148,4148
4013422609,"Maricopa, AZ (CT)",0,1887,1887,0,3819,3819
4013422610,"Maricopa, AZ (CT)",0,2625,2625,0,3039,3039
4013422615,"Maricopa, AZ (CT)",0,2602,2602,0,6698,6698
4013422616,"Maricopa, AZ (CT)",0,2575,2575,0,4513,4513
4013422617,"Maricopa, AZ (CT)",0,2020,2020,0,5866,5866
4013422618,"Maricopa, AZ (CT)",0,2389,2389,0,2954,2954
4013422620,"Maricopa, AZ (CT)",0,1018,1018,0,3261,3261
4013422621,"Maricopa, AZ (CT)",0,1351,1351,0,4302,4302
4013422622,"Maricopa, AZ (CT)",0,1487,1487,0,4237,4237
4013422623,"Maricopa, AZ (CT)",0,1558,1558,0,4812,4812
4013422624,"Maricopa, AZ (CT)",0,3062,3062,0,2771,2771
4013422625,"Maricopa, AZ (CT)",0,2416,2416,0,3724,3724
4013422626,"Maricopa, AZ (CT)",0,2278,2278,0,2510,2510
4013422627,"Maricopa, AZ (CT)",0,1971,1971,0,3438,3438
4013422628,"Maricopa, AZ (CT)",0,1897,1897,0,3616,3616
4013422629,"Maricopa, AZ (CT)",0,1663,1663,0,3626,3626
4013422630,"Maricopa, AZ (CT)",0,2437,2437,0,3870,3870
4013422631,"Maricopa, AZ (CT)",0,1958,1958,0,3883,3883
4013422632,"Maricopa, AZ (CT)",0,1992,1992,0,3975,3975
4013422633,"Maricopa, AZ (CT)",0,1519,1519,0,2753,2753
4013422634,"Maricopa, AZ (CT)",0,2332,2332,0,4191,4191
4013422635,"Maricopa, AZ (CT)",0,1832,1832,0,1111,1111
4013422636,"Maricopa, AZ (CT)",0,1273,1273,0,2489,2489
4013422637,"Maricopa, AZ (CT)",0,1172,1172,0,3325,3325
4013422638,"Maricopa, AZ (CT)",0,1729,1729,0,4096,4096
4013422639,"Maricopa, AZ (CT)",0,3139,3139,0,3658,3658
4013422640,"Maricopa, AZ (CT)",0,2604,2604,0,4647,4647
4013422641,"Maricopa, AZ (CT)",0,2071,2071,0,6346,6346
4013422642,"Maricopa, AZ (CT)",0,2179,2179,0,5715,5715
4013422643,"Maricopa, AZ (CT)",0,1904,1904,0,5789,5789
4013422644,"Maricopa, AZ (CT)",1,3370,3371,2,7285,7287
4013422646,"Maricopa, AZ (CT)",0,2421,2421,0,7730,7730
4013522800,"Maricopa, AZ (CT)",34,656,690,86,1599,1685
4013522901,"Maricopa, AZ (CT)",0,2006,2006,0,4410,4410
4013522903,"Maricopa, AZ (CT)",0,1668,1668,0,5168,5168
4013522904,"Maricopa, AZ (CT)",0,1503,1503,0,4549,4549
4013523002,"Maricopa, AZ (CT)",0,1972,1972,0,5832,5832
4013523003,"Maricopa, AZ (CT)",0,2804,2804,0,6568,6568
4013523005,"Maricopa, AZ (CT)",0,2060,2060,0,4853,4853
4013523006,"Maricopa, AZ (CT)",0,2387,2387,0,5448,5448
4013523102,"Maricopa, AZ (CT)",0,1785,1785,0,5327,5327
4013523103,"Maricopa, AZ (CT)",0,2601,2601,0,5839,5839
4013523104,"Maricopa, AZ (CT)",0,2509,2509,0,6026,6026
4013610000,"Maricopa, AZ (CT)",1652,916,2568,4317,2727,7044
4013610100,"Maricopa, AZ (CT)",268,298,566,449,873,1322
4013610200,"Maricopa, AZ (CT)",0,3754,3754,0,7612,7612
4013610300,"Maricopa, AZ (CT)",0,3246,3246,0,8959,8959
4013610400,"Maricopa, AZ (CT)",0,1801,1801,0,5129,5129
4013610500,"Maricopa, AZ (CT)",441,2165,2606,1050,5446,6496
4013610600,"Maricopa, AZ (CT)",58,2162,2220,144,5402,5546
4013610700,"Maricopa, AZ (CT)",1598,1391,2989,3720,3473,7193
4013610800,"Maricopa, AZ (CT)",43,1263,1306,57,3448,3505
4013610900,"Maricopa, AZ (CT)",106,1991,2097,375,5652,6027
4013611000,"Maricopa, AZ (CT)",0,837,837,0,2461,2461
4013611100,"Maricopa, AZ (CT)",0,1061,1061,0,3270,3270
4013611200,"Maricopa, AZ (CT)",0,1840,1840,0,5911,5911
4013611300,"Maricopa, AZ (CT)",3,2186,2189,4,4655,4659
4013611400,"Maricopa, AZ (CT)",0,2272,2272,0,6232,6232
4013611500,"Maricopa, AZ (CT)",0,1973,1973,0,5639,5639
4013611600,"Maricopa, AZ (CT)",0,1104,1104,0,3062,3062
4013611700,"Maricopa, AZ (CT)",0,2303,2303,0,6304,6304
4013611800,"Maricopa, AZ (CT)",0,2468,2468,0,6540,6540
4013611900,"Maricopa, AZ (CT)",0,944,944,0,3171,3171
4013612000,"Maricopa, AZ (CT)",218,834,1052,526,2184,2710
4013612200,"Maricopa, AZ (CT)",910,673,1583,1703,1680,3383
4013612300,"Maricopa, AZ (CT)",49,3057,3106,103,7175,7278
4013612400,"Maricopa, AZ (CT)",0,2716,2716,0,6840,6840
4013612500,"Maricopa, AZ (CT)",0,1741,1741,0,4306,4306
4013612600,"Maricopa, AZ (CT)",0,1067,1067,0,2342,2342
4013612700,"Maricopa, AZ (CT)",0,967,967,0,2271,2271
4013612800,"Maricopa, AZ (CT)",0,902,902,0,2110,2110
4013612900,"Maricopa, AZ (CT)",0,988,988,0,2409,2409
4013613000,"Maricopa, AZ (CT)",0,1226,1226,0,2945,2945
4013613100,"Maricopa, AZ (CT)",0,1641,1641,0,2640,2640
4013613200,"Maricopa, AZ (CT)",0,1441,1441,0,3552,3552
4013613300,"Maricopa, AZ (CT)",73,2538,2611,187,6915,7102
4013613400,"Maricopa, AZ (CT)",0,1553,1553,0,3937,3937
4013613500,"Maricopa, AZ (CT)",0,1737,1737,0,4082,4082
4013613600,"Maricopa, AZ (CT)",0,1606,1606,0,3967,3967
4013613700,"Maricopa, AZ (CT)",0,1765,1765,0,5341,5341
4013613800,"Maricopa, AZ (CT)",0,1418,1418,0,4075,4075
4013613900,"Maricopa, AZ (CT)",0,2075,2075,0,6154,6154
4013614000,"Maricopa, AZ (CT)",0,1574,1574,0,4398,4398
4013614100,"Maricopa, AZ (CT)",0,2180,2180,0,5724,5724
4013614200,"Maricopa, AZ (CT)",0,1991,1991,0,4891,4891
4013614300,"Maricopa, AZ (CT)",0,1335,1335,0,3124,3124
4013614400,"Maricopa, AZ (CT)",0,1477,1477,0,3567,3567
4013614500,"Maricopa, AZ (CT)",0,1745,1745,0,4656,4656
4013614600,"Maricopa, AZ (CT)",0,3055,3055,0,6628,6628
4013614700,"Maricopa, AZ (CT)",0,1491,1491,0,2612,2612
4013614800,"Maricopa, AZ (CT)",0,1834,1834,0,4154,4154
4013614900,"Maricopa, AZ (CT)",0,1548,1548,0,3495,3495
4013615000,"Maricopa, AZ (CT)",383,2792,3175,315,6315,6630
4013615100,"Maricopa, AZ (CT)",0,1358,1358,0,3383,3383
4013615200,"Maricopa, AZ (CT)",98,3704,3802,149,5237,5386
4013615300,"Maricopa, AZ (CT)",0,1630,1630,0,2259,2259
4013615400,"Maricopa, AZ (CT)",0,1841,1841,0,2679,2679
4013615500,"Maricopa, AZ (CT)",0,2252,2252,0,2817,2817
4013615600,"Maricopa, AZ (CT)",0,2412,2412,0,3776,3776
4013615700,"Maricopa, AZ (CT)",0,1214,1214,0,2991,2991
4013615800,"Maricopa, AZ (CT)",0,2177,2177,0,4906,4906
4013615900,"Maricopa, AZ (CT)",0,1886,1886,0,4362,4362
4013616000,"Maricopa, AZ (CT)",0,696,696,0,2237,2237
4013616100,"Maricopa, AZ (CT)",0,1508,1508,0,3572,3572
4013616200,"Maricopa, AZ (CT)",0,1281,1281,0,3219,3219
4013616300,"Maricopa, AZ (CT)",0,789,789,0,2044,2044
4013616400,"Maricopa, AZ (CT)",0,3055,3055,0,5701,5701
4013616500,"Maricopa, AZ (CT)",0,1701,1701,0,3438,3438
4013616600,"Maricopa, AZ (CT)",0,2228,2228,0,5696,5696
4013616700,"Maricopa, AZ (CT)",0,1969,1969,0,4738,4738
4013616800,"Maricopa, AZ (CT)",0,2353,2353,0,5595,5595
4013616900,"Maricopa, AZ (CT)",0,2224,2224,0,4288,4288
4013617000,"Maricopa, AZ (CT)",0,2788,2788,0,5891,5891
4013617100,"Maricopa, AZ (CT)",0,942,942,0,2222,2222
4013617200,"Maricopa, AZ (CT)",0,1055,1055,0,2538,2538
4013617300,"Maricopa, AZ (CT)",0,1416,1416,0,3030,3030
4013617400,"Maricopa, AZ (CT)",0,4368,4368,0,6813,6813
4013617500,"Maricopa, AZ (CT)",0,2297,2297,0,3316,3316
4013617600,"Maricopa, AZ (CT)",0,2834,2834,0,6106,6106
4013617700,"Maricopa, AZ (CT)",0,1731,1731,0,3318,3318
4013617800,"Maricopa, AZ (CT)",0,953,953,0,2613,2613
4013617900,"Maricopa, AZ (CT)",0,1105,1105,0,2691,2691
4013618000,"Maricopa, AZ (CT)",0,1648,1648,0,4555,4555
4013618100,"Maricopa, AZ (CT)",0,1719,1719,0,4347,4347
4013618200,"Maricopa, AZ (CT)",0,1608,1608,0,3851,3851
4013618300,"Maricopa, AZ (CT)",0,1145,1145,0,3026,3026
4013618400,"Maricopa, AZ (CT)",0,1468,1468,0,3849,3849
4013618500,"Maricopa, AZ (CT)",0,1714,1714,0,3647,3647
4013618600,"Maricopa, AZ (CT)",0,1684,1684,0,4241,4241
4013618700,"Maricopa, AZ (CT)",0,1034,1034,0,2859,2859
4013618800,"Maricopa, AZ (CT)",0,2334,2334,0,5074,5074
4013618900,"Maricopa, AZ (CT)",0,3055,3055,0,6215,6215
4013619000,"Maricopa, AZ (CT)",0,1569,1569,0,3068,3068
4013619100,"Maricopa, AZ (CT)",0,1556,1556,0,2954,2954
4013619200,"Maricopa, AZ (CT)",0,2290,2290,0,4453,4453
4013619300,"Maricopa, AZ (CT)",0,2112,2112,0,3972,3972
4013619400,"Maricopa, AZ (CT)",0,2205,2205,0,4269,4269
4013619500,"Maricopa, AZ (CT)",0,2170,2170,0,5092,5092
4013619600,"Maricopa, AZ (CT)",0,788,788,0,1912,1912
4013619700,"Maricopa, AZ (CT)",0,1497,1497,0,3443,3443
4013619800,"Maricopa, AZ (CT)",0,2113,2113,0,4312,4312
4013619900,"Maricopa, AZ (CT)",0,2354,2354,0,5990,5990
4013723303,"Maricopa, AZ (CT)",13,0,13,26,0,26
4013723304,"Maricopa, AZ (CT)",641,874,1515,1523,2707,4230
4013723305,"Maricopa, AZ (CT)",1174,0,1174,2745,0,2745
4013723306,"Maricopa, AZ (CT)",76,0,76,5259,0,5259
4013723307,"Maricopa, AZ (CT)",285,533,818,707,1479,2186
4013723308,"Maricopa, AZ (CT)",260,2790,3050,597,6922,7519
4013810000,"Maricopa, AZ (CT)",0,665,665,0,1711,1711
4013810100,"Maricopa, AZ (CT)",0,2440,2440,0,6272,6272
4013810200,"Maricopa, AZ (CT)",0,1436,1436,0,3412,3412
4013810300,"Maricopa, AZ (CT)",0,2519,2519,0,5557,5557
4013810400,"Maricopa, AZ (CT)",0,1969,1969,0,4661,4661
4013810500,"Maricopa, AZ (CT)",0,2172,2172,0,5168,5168
4013810600,"Maricopa, AZ (CT)",0,2647,2647,0,6540,6540
4013810700,"Maricopa, AZ (CT)",0,2944,2944,0,6775,6775
4013810800,"Maricopa, AZ (CT)",0,1722,1722,0,4235,4235
4013810900,"Maricopa, AZ (CT)",0,2343,2343,0,5636,5636
4013811000,"Maricopa, AZ (CT)",0,981,981,0,2776,2776
4013811100,"Maricopa, AZ (CT)",0,894,894,0,2225,2225
4013811200,"Maricopa, AZ (CT)",0,1356,1356,0,2429,2429
4013811300,"Maricopa, AZ (CT)",0,1021,1021,0,2839,2839
4013811400,"Maricopa, AZ (CT)",0,1854,1854,0,5228,5228
4013811500,"Maricopa, AZ (CT)",0,883,883,0,2500,2500
4013811600,"Maricopa, AZ (CT)",0,1644,1644,0,4159,4159
4013811700,"Maricopa, AZ (CT)",0,1859,1859,0,4487,4487
4013811800,"Maricopa, AZ (CT)",0,801,801,0,2028,2028
4013811900,"Maricopa, AZ (CT)",0,2295,2295,0,5544,5544
4013812000,"Maricopa, AZ (CT)",0,1455,1455,0,3617,3617
4013812100,"Maricopa, AZ (CT)",0,2239,2239,0,6130,6130
4013812200,"Maricopa, AZ (CT)",0,2478,2478,0,6229,6229
4013812300,"Maricopa, AZ (CT)",0,1638,1638,0,4511,4511
4013812400,"Maricopa, AZ (CT)",13,2289,2302,20,6078,6098
4013812500,"Maricopa, AZ (CT)",0,708,708,0,2070,2070
4013812600,"Maricopa, AZ (CT)",0,2061,2061,0,4400,4400
4013812700,"Maricopa, AZ (CT)",0,2288,2288,0,5771,5771
4013812800,"Maricopa, AZ (CT)",0,1462,1462,0,4390,4390
4013812900,"Maricopa, AZ (CT)",0,1191,1191,0,2963,2963
4013813000,"Maricopa, AZ (CT)",0,1453,1453,0,2699,2699
4013813100,"Maricopa, AZ (CT)",0,766,766,0,2446,2446
4013813200,"Maricopa, AZ (CT)",0,1180,1180,0,4212,4212
4013813300,"Maricopa, AZ (CT)",0,1562,1562,0,4816,4816
4013813400,"Maricopa, AZ (CT)",0,1263,1263,0,3792,3792
4013813500,"Maricopa, AZ (CT)",0,903,903,0,2902,2902
4013813600,"Maricopa, AZ (CT)",0,1017,1017,0,3138,3138
4013813700,"Maricopa, AZ (CT)",0,1744,1744,0,2528,2528
4013813800,"Maricopa, AZ (CT)",0,2377,2377,0,2962,2962
4013813900,"Maricopa, AZ (CT)",0,1802,1802,0,5202,5202
4013814000,"Maricopa, AZ (CT)",0,967,967,0,1531,1531
4013814100,"Maricopa, AZ (CT)",0,1821,1821,0,5874,5874
4013814200,"Maricopa, AZ (CT)",0,1041,1041,0,2624,2624
4013814300,"Maricopa, AZ (CT)",0,1413,1413,0,4040,4040
4013814400,"Maricopa, AZ (CT)",0,1738,1738,0,4909,4909
4013814500,"Maricopa, AZ (CT)",0,1807,1807,0,5029,5029
4013814600,"Maricopa, AZ (CT)",0,1583,1583,0,4461,4461
4013814700,"Maricopa, AZ (CT)",0,1449,1449,0,4148,4148
4013814800,"Maricopa, AZ (CT)",0,2120,2120,0,5465,5465
4013814900,"Maricopa, AZ (CT)",0,1063,1063,0,3015,3015
4013815000,"Maricopa, AZ (CT)",0,1297,1297,0,4262,4262
4013815100,"Maricopa, AZ (CT)",0,1569,1569,0,4423,4423
4013815200,"Maricopa, AZ (CT)",0,2592,2592,0,6720,6720
4013815300,"Maricopa, AZ (CT)",0,1115,1115,0,3926,3926
4013815400,"Maricopa, AZ (CT)",22,2260,2282,61,6227,6288
4013815500,"Maricopa, AZ (CT)",0,2580,2580,0,5607,5607
4013815600,"Maricopa, AZ (CT)",0,1665,1665,0,5183,5183
4013815700,"Maricopa, AZ (CT)",0,1800,1800,0,5525,5525
4013815800,"Maricopa, AZ (CT)",0,1629,1629,0,4083,4083
4013815900,"Maricopa, AZ (CT)",7,1854,1861,18,5963,5981
4013816000,"Maricopa, AZ (CT)",55,2508,2563,148,8038,8186
4013816100,"Maricopa, AZ (CT)",0,2119,2119,0,7264,7264
4013816200,"Maricopa, AZ (CT)",0,1283,1283,0,3982,3982
4013816300,"Maricopa, AZ (CT)",0,2288,2288,0,3292,3292
4013816400,"Maricopa, AZ (CT)",0,2323,2323,0,6823,6823
4013816500,"Maricopa, AZ (CT)",0,1316,1316,0,3883,3883
4013816600,"Maricopa, AZ (CT)",0,1184,1184,0,4278,4278
4013816700,"Maricopa, AZ (CT)",0,683,683,0,2348,2348
4013816800,"Maricopa, AZ (CT)",0,885,885,0,2875,2875
4013816900,"Maricopa, AZ (CT)",145,892,1037,468,2925,3393
4013817000,"Maricopa, AZ (CT)",0,1094,1094,0,3523,3523
4013817100,"Maricopa, AZ (CT)",0,2877,2877,0,7549,7549
4013817200,"Maricopa, AZ (CT)",127,1807,1934,352,5799,6151
4013817300,"Maricopa, AZ (CT)",0,3612,3612,0,5248,5248
4013817400,"Maricopa, AZ (CT)",0,2159,2159,0,2755,2755
4013817500,"Maricopa, AZ (CT)",0,2061,2061,0,2704,2704
4013817600,"Maricopa, AZ (CT)",116,192,308,402,596,998
4013940700,"Maricopa, AZ (CT)",58,0,58,151,0,151
4013941000,"Maricopa, AZ (CT)",740,79,819,2619,312,2931
4013941100,"Maricopa, AZ (CT)",16,0,16,63,0,63
4013941200,"Maricopa, AZ (CT)",308,0,308,971,0,971
4013941300,"Maricopa, AZ (CT)",856,1753,2609,3020,3273,6293
4013980100,"Maricopa, AZ (CT)",0,0,0,0,0,0
4013980400,"Maricopa, AZ (CT)",0,6,6,0,15,15
4013980500,"Maricopa, AZ (CT)",0,0,0,0,0,0
4013980600,"Maricopa, AZ (CT)",0,0,0,0,0,0
4013980700,"Maricopa, AZ (CT)",3,0,3,4,0,4
4015940400,"Mohave, AZ (CT)",398,0,398,1288,0,1288
4015940501,"Mohave, AZ (CT)",2168,5,2173,2536,10,2546
4015950100,"Mohave, AZ (CT)",2341,1010,3351,4602,6249,10851
4015950401,"Mohave, AZ (CT)",1574,0,1574,2051,0,2051
4015950402,"Mohave, AZ (CT)",3216,0,3216,3950,0,3950
4015950500,"Mohave, AZ (CT)",1024,0,1024,1446,0,1446
4015950600,"Mohave, AZ (CT)",4663,6,4669,9017,12,9029
4015950703,"Mohave, AZ (CT)",0,1912,1912,0,3880,3880
4015950704,"Mohave, AZ (CT)",1116,1714,2830,2323,3672,5995
4015950705,"Mohave, AZ (CT)",7,1854,1861,18,4114,4132
4015950706,"Mohave, AZ (CT)",0,1879,1879,0,3825,3825
4015951401,"Mohave, AZ (CT)",421,2139,2560,630,3118,3748
4015951402,"Mohave, AZ (CT)",1822,1097,2919,2751,1285,4036
4015951501,"Mohave, AZ (CT)",0,2408,2408,0,4000,4000
4015951502,"Mohave, AZ (CT)",949,2200,3149,1423,3778,5201
4015951601,"Mohave, AZ (CT)",0,2211,2211,0,3440,3440
4015951602,"Mohave, AZ (CT)",0,2279,2279,0,3849,3849
4015951700,"Mohave, AZ (CT)",0,3014,3014,0,5862,5862
4015951800,"Mohave, AZ (CT)",0,1861,1861,0,3554,3554
4015951900,"Mohave, AZ (CT)",118,2156,2274,241,3864,4105
4015952001,"Mohave, AZ (CT)",0,808,808,0,1781,1781
4015952002,"Mohave, AZ (CT)",975,3055,4030,1256,6183,7439
4015952003,"Mohave, AZ (CT)",19,2104,2123,25,4290,4315
4015952004,"Mohave, AZ (CT)",89,1810,1899,207,3472,3679
4015952400,"Mohave, AZ (CT)",491,1594,2085,646,1973,2619
4015952500,"Mohave, AZ (CT)",277,3147,3424,443,4852,5295
4015952600,"Mohave, AZ (CT)",0,2200,2200,0,3098,3098
4015952700,"Mohave, AZ (CT)",0,2794,2794,0,4890,4890
4015952800,"Mohave, AZ (CT)",214,3473,3687,328,5961,6289
4015952900,"Mohave, AZ (CT)",0,2884,2884,0,5224,5224
4015953000,"Mohave, AZ (CT)",0,3073,3073,0,5289,5289
4015953100,"Mohave, AZ (CT)",0,2329,2329,0,2884,2884
4015953200,"Mohave, AZ (CT)",623,1746,2369,395,2262,2657
4015953300,"Mohave, AZ (CT)",0,3443,3443,0,6256,6256
4015953401,"Mohave, AZ (CT)",0,3154,3154,0,5427,5427
4015953402,"Mohave, AZ (CT)",186,2998,3184,310,5311,5621
4015953601,"Mohave, AZ (CT)",158,3493,3651,371,8482,8853
4015953602,"Mohave, AZ (CT)",150,1232,1382,368,2279,2647
4015953800,"Mohave, AZ (CT)",0,2835,2835,0,6345,6345
4015953900,"Mohave, AZ (CT)",227,2882,3109,548,6148,6696
4015954800,"Mohave, AZ (CT)",3784,0,3784,7012,0,7012
4015954900,"Mohave, AZ (CT)",212,1682,1894,446,3350,3796
4015955000,"Mohave, AZ (CT)",1074,2134,3208,1339,3947,5286
4017940008,"Navajo, AZ (CT)",669,0,669,1361,0,1361
4017940010,"Navajo, AZ (CT)",1117,0,1117,3088,0,3088
4017940011,"Navajo, AZ (CT)",1153,0,1153,2816,0,2816
4017940012,"Navajo, AZ (CT)",1104,0,1104,2759,0,2759
4017940013,"Navajo, AZ (CT)",1613,0,1613,4191,0,4191
4017940014,"Navajo, AZ (CT)",1067,0,1067,2750,0,2750
4017940015,"Navajo, AZ (CT)",1521,0,1521,4176,0,4176
4017940100,"Navajo, AZ (CT)",910,303,1213,3046,1050,4096
4017940301,"Navajo, AZ (CT)",91,981,1072,399,3830,4229
4017940302,"Navajo, AZ (CT)",523,226,749,2035,816,2851
4017942300,"Navajo, AZ (CT)",1000,0,1000,2516,0,2516
4017942400,"Navajo, AZ (CT)",1040,0,1040,2362,0,2362
4017942500,"Navajo, AZ (CT)",240,1399,1639,593,4688,5281
4017960100,"Navajo, AZ (CT)",121,583,704,272,1636,1908
4017960200,"Navajo, AZ (CT)",559,947,1506,1591,2164,3755
4017960400,"Navajo, AZ (CT)",132,1510,1642,306,3428,3734
4017960500,"Navajo, AZ (CT)",1032,269,1301,2021,2123,4144
4017960600,"Navajo, AZ (CT)",109,1632,1741,313,4214,4527
4017961300,"Navajo, AZ (CT)",265,2289,2554,443,3322,3765
4017961700,"Navajo, AZ (CT)",1172,3367,4539,1343,4980,6323
4017962500,"Navajo, AZ (CT)",203,2832,3035,169,2978,3147
4017963300,"Navajo, AZ (CT)",569,1133,1702,1445,3165,4610
4017963400,"Navajo, AZ (CT)",1325,263,1588,2561,701,3262
4017963700,"Navajo, AZ (CT)",2559,0,2559,1767,0,1767
4017963800,"Navajo, AZ (CT)",842,843,1685,2100,2413,4513
4017964201,"Navajo, AZ (CT)",2734,0,2734,1780,0,1780
4017964202,"Navajo, AZ (CT)",1017,0,1017,1627,0,1627
4017964800,"Navajo, AZ (CT)",2152,1703,3855,2555,1619,4174
4017964900,"Navajo, AZ (CT)",2005,1837,3842,934,1494,2428
4017965200,"Navajo, AZ (CT)",577,2044,2621,1120,3798,4918
4017965300,"Navajo, AZ (CT)",2815,541,3356,3732,859,4591
4019000100,"Pima, AZ (CT)",0,420,420,0,514,514
4019000200,"Pima, AZ (CT)",0,2275,2275,0,4409,4409
4019000300,"Pima, AZ (CT)",0,855,855,0,1673,1673
4019000400,"Pima, AZ (CT)",0,1936,1936,0,3442,3442
4019000500,"Pima, AZ (CT)",0,1744,1744,0,9289,9289
4019000600,"Pima, AZ (CT)",0,2536,2536,0,4940,4940
4019000700,"Pima, AZ (CT)",0,2439,2439,0,4851,4851
4019000800,"Pima, AZ (CT)",0,914,914,0,2087,2087
4019000900,"Pima, AZ (CT)",0,1574,1574,0,2821,2821
4019001000,"Pima, AZ (CT)",0,430,430,0,1081,1081
4019001100,"Pima, AZ (CT)",0,1023,1023,0,2900,2900
4019001200,"Pima, AZ (CT)",0,1277,1277,0,3791,3791
4019001302,"Pima, AZ (CT)",0,1484,1484,0,2545,2545
4019001303,"Pima, AZ (CT)",0,1469,1469,0,3157,3157
4019001304,"Pima, AZ (CT)",0,2649,2649,0,5331,5331
4019001400,"Pima, AZ (CT)",0,2761,2761,0,5630,5630
4019001500,"Pima, AZ (CT)",0,2408,2408,0,4761,4761
4019001600,"Pima, AZ (CT)",0,2009,2009,0,3675,3675
4019001700,"Pima, AZ (CT)",0,1598,1598,0,2868,2868
4019001801,"Pima, AZ (CT)",0,3062,3062,0,5961,5961
4019001802,"Pima, AZ (CT)",0,1488,1488,0,2378,2378
4019001900,"Pima, AZ (CT)",0,2104,2104,0,3698,3698
4019002000,"Pima, AZ (CT)",0,2881,2881,0,6988,6988
4019002100,"Pima, AZ (CT)",0,2039,2039,0,6455,6455
4019002201,"Pima, AZ (CT)",0,1273,1273,0,3508,3508
4019002202,"Pima, AZ (CT)",0,1242,1242,0,3728,3728
4019002300,"Pima, AZ (CT)",0,2136,2136,0,5647,5647
4019002400,"Pima, AZ (CT)",0,2110,2110,0,5980,5980
4019002501,"Pima, AZ (CT)",0,1643,1643,0,6213,6213
4019002503,"Pima, AZ (CT)",0,1750,1750,0,4153,4153
4019002504,"Pima, AZ (CT)",0,2481,2481,0,5825,5825
4019002505,"Pima, AZ (CT)",0,2408,2408,0,6534,6534
4019002506,"Pima, AZ (CT)",0,2747,2747,0,7958,7958
4019002602,"Pima, AZ (CT)",0,2749,2749,0,5261,5261
4019002603,"Pima, AZ (CT)",0,1496,1496,0,3268,3268
4019002604,"Pima, AZ (CT)",0,1977,1977,0,3884,3884
4019002701,"Pima, AZ (CT)",0,1171,1171,0,2347,2347
4019002702,"Pima, AZ (CT)",0,2935,2935,0,5098,5098
4019002703,"Pima, AZ (CT)",0,2008,2008,0,3364,3364
4019002801,"Pima, AZ (CT)",0,1245,1245,0,2330,2330
4019002802,"Pima, AZ (CT)",0,2168,2168,0,4112,4112
4019002803,"Pima, AZ (CT)",0,1196,1196,0,2323,2323
4019002901,"Pima, AZ (CT)",0,3084,3084,0,6057,6057
4019002903,"Pima, AZ (CT)",0,1473,1473,0,2245,2245
4019002904,"Pima, AZ (CT)",0,2003,2003,0,3850,3850
4019002905,"Pima, AZ (CT)",0,2481,2481,0,4325,4325
4019003002,"Pima, AZ (CT)",0,2305,2305,0,4479,4479
4019003003,"Pima, AZ (CT)",0,2452,2452,0,4246,4246
4019003004,"Pima, AZ (CT)",0,856,856,0,1545,1545
4019003101,"Pima, AZ (CT)",0,3337,3337,0,6023,6023
4019003102,"Pima, AZ (CT)",0,2052,2052,0,3899,3899
4019003200,"Pima, AZ (CT)",0,3255,3255,0,6099,6099
4019003302,"Pima, AZ (CT)",0,1740,1740,0,4135,4135
4019003303,"Pima, AZ (CT)",0,2006,2006,0,3599,3599
4019003304,"Pima, AZ (CT)",0,1952,1952,0,3171,3171
4019003400,"Pima, AZ (CT)",0,2540,2540,0,5619,5619
4019003501,"Pima, AZ (CT)",0,3477,3477,0,8085,8085
4019003502,"Pima, AZ (CT)",0,2055,2055,0,4313,4313
4019003503,"Pima, AZ (CT)",0,1761,1761,0,4449,4449
4019003504,"Pima, AZ (CT)",0,1085,1085,0,2683,2683
4019003600,"Pima, AZ (CT)",18,1309,1327,106,4446,4552
4019003702,"Pima, AZ (CT)",0,2437,2437,0,7634,7634
4019003704,"Pima, AZ (CT)",0,1575,1575,0,4697,4697
4019003705,"Pima, AZ (CT)",0,2015,2015,0,6064,6064
4019003706,"Pima, AZ (CT)",0,2046,2046,0,5072,5072
4019003707,"Pima, AZ (CT)",0,1135,1135,0,3507,3507
4019003801,"Pima, AZ (CT)",0,1353,1353,0,3912,3912
4019003802,"Pima, AZ (CT)",0,1724,1724,0,5269,5269
4019003901,"Pima, AZ (CT)",0,620,620,0,2095,2095
4019003902,"Pima, AZ (CT)",0,886,886,0,2701,2701
4019003903,"Pima, AZ (CT)",0,944,944,0,3232,3232
4019004008,"Pima, AZ (CT)",0,2059,2059,0,4503,4503
4019004010,"Pima, AZ (CT)",0,1536,1536,0,3170,3170
4019004011,"Pima, AZ (CT)",0,3497,3497,0,7393,7393
4019004022,"Pima, AZ (CT)",0,2792,2792,0,6282,6282
4019004025,"Pima, AZ (CT)",3,2925,2928,9,6347,6356
4019004026,"Pima, AZ (CT)",588,1770,2358,1334,4252,5586
4019004029,"Pima, AZ (CT)",0,1687,1687,0,4431,4431
4019004030,"Pima, AZ (CT)",0,726,726,0,1716,1716
4019004031,"Pima, AZ (CT)",0,2229,2229,0,3926,3926
4019004032,"Pima, AZ (CT)",0,1979,1979,0,3670,3670
4019004033,"Pima, AZ (CT)",0,1815,1815,0,3859,3859
4019004034,"Pima, AZ (CT)",0,1428,1428,0,3430,3430
4019004035,"Pima, AZ (CT)",0,2013,2013,0,3657,3657
4019004036,"Pima, AZ (CT)",0,1174,1174,0,2908,2908
4019004037,"Pima, AZ (CT)",0,1264,1264,0,2914,2914
4019004038,"Pima, AZ (CT)",0,1099,1099,0,2896,2896
4019004039,"Pima, AZ (CT)",0,1984,1984,0,2429,2429
4019004042,"Pima, AZ (CT)",0,2379,2379,0,5048,5048
4019004043,"Pima, AZ (CT)",0,1666,1666,0,4173,4173
4019004044,"Pima, AZ (CT)",257,1448,1705,560,3390,3950
4019004046,"Pima, AZ (CT)",0,2336,2336,0,4446,4446
4019004047,"Pima, AZ (CT)",0,1275,1275,0,2891,2891
4019004048,"Pima, AZ (CT)",0,2064,2064,0,4558,4558
4019004049,"Pima, AZ (CT)",0,1257,1257,0,2591,2591
4019004050,"Pima, AZ (CT)",0,785,785,0,1947,1947
4019004051,"Pima, AZ (CT)",584,1530,2114,1232,3857,5089
4019004052,"Pima, AZ (CT)",497,788,1285,466,1478,1944
4019004053,"Pima, AZ (CT)",0,1364,1364,0,2969,2969
4019004054,"Pima, AZ (CT)",0,670,670,0,1540,1540
4019004055,"Pima, AZ (CT)",0,1531,1531,0,3361,3361
4019004056,"Pima, AZ (CT)",0,860,860,0,2038,2038
4019004057,"Pima, AZ (CT)",0,1887,1887,0,4695,4695
4019004058,"Pima, AZ (CT)",0,1966,1966,0,4409,4409
4019004061,"Pima, AZ (CT)",1708,312,2020,3917,904,4821
4019004062,"Pima, AZ (CT)",594,1232,1826,1716,3682,5398
4019004063,"Pima, AZ (CT)",3,1824,1827,5,4671,4676
4019004064,"Pima, AZ (CT)",504,2461,2965,1221,6475,7696
4019004065,"Pima, AZ (CT)",0,1302,1302,0,3811,3811
4019004066,"Pima, AZ (CT)",0,1069,1069,0,2950,2950
4019004067,"Pima, AZ (CT)",0,1874,1874,0,2749,2749
4019004068,"Pima, AZ (CT)",0,2548,2548,0,4557,4557
4019004069,"Pima, AZ (CT)",0,2015,2015,0,3675,3675
4019004070,"Pima, AZ (CT)",0,1604,1604,0,3216,3216
4019004071,"Pima, AZ (CT)",0,2870,2870,0,4469,4469
4019004072,"Pima, AZ (CT)",0,1153,1153,0,2484,2484
4019004073,"Pima, AZ (CT)",4,1616,1620,38,4757,4795
4019004074,"Pima, AZ (CT)",0,697,697,0,2039,2039
4019004107,"Pima, AZ (CT)",1220,2087,3307,3052,5469,8521
4019004109,"Pima, AZ (CT)",1989,118,2107,4968,336,5304
4019004110,"Pima, AZ (CT)",0,1043,1043,0,3611,3611
4019004112,"Pima, AZ (CT)",0,978,978,0,2892,2892
4019004113,"Pima, AZ (CT)",0,0,0,0,4116,4116
4019004114,"Pima, AZ (CT)",317,1357,1674,834,4590,5424
4019004115,"Pima, AZ (CT)",0,2610,2610,0,7312,7312
4019004116,"Pima, AZ (CT)",0,841,841,0,2437,2437
4019004117,"Pima, AZ (CT)",0,1995,1995,0,5792,5792
4019004119,"Pima, AZ (CT)",2297,1155,3452,3945,2071,6016
4019004120,"Pima, AZ (CT)",371,0,371,852,0,852
4019004122,"Pima, AZ (CT)",0,1304,1304,0,3802,3802
4019004307,"Pima, AZ (CT)",0,2433,2433,0,3114,3114
4019004310,"Pima, AZ (CT)",296,501,797,776,1308,2084
4019004311,"Pima, AZ (CT)",0,1585,1585,0,4267,4267
4019004312,"Pima, AZ (CT)",0,2184,2184,0,5690,5690
4019004313,"Pima, AZ (CT)",2144,0,2144,4864,0,4864
4019004316,"Pima, AZ (CT)",1769,0,1769,3599,0,3599
4019004317,"Pima, AZ (CT)",0,2458,2458,0,2857,2857
4019004320,"Pima, AZ (CT)",0,1085,1085,0,3134,3134
4019004321,"Pima, AZ (CT)",0,1461,1461,0,4516,4516
4019004322,"Pima, AZ (CT)",0,2100,2100,0,6615,6615
4019004323,"Pima, AZ (CT)",169,1010,1179,531,2956,3487
4019004324,"Pima, AZ (CT)",19,2249,2268,59,2649,2708
4019004325,"Pima, AZ (CT)",528,667,1195,734,947,1681
4019004326,"Pima, AZ (CT)",0,1260,1260,0,3274,3274
4019004327,"Pima, AZ (CT)",297,2149,2446,687,4128,4815
4019004328,"Pima, AZ (CT)",908,2070,2978,1011,2389,3400
4019004329,"Pima, AZ (CT)",0,3412,3412,0,9743,9743
4019004330,"Pima, AZ (CT)",0,1696,1696,0,1695,1695
4019004331,"Pima, AZ (CT)",0,2501,2501,0,3519,3519
4019004332,"Pima, AZ (CT)",0,1044,1044,0,1349,1349
4019004333,"Pima, AZ (CT)",0,1347,1347,0,3972,3972
4019004334,"Pima, AZ (CT)",138,2565,2703,355,7468,7823
4019004404,"Pima, AZ (CT)",0,2518,2518,0,3247,3247
4019004407,"Pima, AZ (CT)",0,2341,2341,0,6316,6316
4019004411,"Pima, AZ (CT)",222,3042,3264,493,6592,7085
4019004412,"Pima, AZ (CT)",0,1455,1455,0,3269,3269
4019004413,"Pima, AZ (CT)",0,1371,1371,0,3196,3196
4019004414,"Pima, AZ (CT)",0,1271,1271,0,3194,3194
4019004415,"Pima, AZ (CT)",0,794,794,0,1622,1622
4019004418,"Pima, AZ (CT)",458,931,1389,1026,2322,3348
4019004419,"Pima, AZ (CT)",1019,1565,2584,2418,3869,6287
4019004421,"Pima, AZ (CT)",99,2797,2896,203,6822,7025
4019004422,"Pima, AZ (CT)",430,2234,2664,898,4414,5312
4019004423,"Pima, AZ (CT)",832,1076,1908,1730,2594,4324
4019004424,"Pima, AZ (CT)",1280,465,1745,3031,1239,4270
4019004425,"Pima, AZ (CT)",1984,743,2727,4415,1751,6166
4019004426,"Pima, AZ (CT)",0,1114,1114,0,2726,2726
4019004427,"Pima, AZ (CT)",60,3360,3420,144,7994,8138
4019004428,"Pima, AZ (CT)",1237,253,1490,2706,582,3288
4019004429,"Pima, AZ (CT)",154,2679,2833,313,7085,7398
4019004430,"Pima, AZ (CT)",300,498,798,1107,1347,2454
4019004431,"Pima, AZ (CT)",125,1314,1439,225,3678,3903
4019004504,"Pima, AZ (CT)",0,3522,3522,0,7131,7131
4019004505,"Pima, AZ (CT)",0,1871,1871,0,3723,3723
4019004506,"Pima, AZ (CT)",0,2055,2055,0,5286,5286
4019004508,"Pima, AZ (CT)",0,2467,2467,0,4566,4566
4019004510,"Pima, AZ (CT)",0,1738,1738,0,3479,3479
4019004511,"Pima, AZ (CT)",0,2249,2249,0,4423,4423
4019004512,"Pima, AZ (CT)",0,2014,2014,0,4359,4359
4019004513,"Pima, AZ (CT)",0,1501,1501,0,3180,3180
4019004610,"Pima, AZ (CT)",0,2318,2318,0,6003,6003
4019004613,"Pima, AZ (CT)",0,1614,1614,0,3562,3562
4019004614,"Pima, AZ (CT)",0,1462,1462,0,3314,3314
4019004615,"Pima, AZ (CT)",0,1353,1353,0,3030,3030
4019004616,"Pima, AZ (CT)",0,1694,1694,0,3452,3452
4019004617,"Pima, AZ (CT)",0,1533,1533,0,2466,2466
4019004618,"Pima, AZ (CT)",0,1600,1600,0,3353,3353
4019004619,"Pima, AZ (CT)",0,1773,1773,0,3232,3232
4019004620,"Pima, AZ (CT)",0,892,892,0,1752,1752
4019004621,"Pima, AZ (CT)",0,1237,1237,0,2000,2000
4019004622,"Pima, AZ (CT)",0,1486,1486,0,3115,3115
4019004623,"Pima, AZ (CT)",0,2465,2465,0,5098,5098
4019004624,"Pima, AZ (CT)",0,2337,2337,0,6128,6128
4019004625,"Pima, AZ (CT)",0,974,974,0,1756,1756
4019004626,"Pima, AZ (CT)",0,1929,1929,0,3493,3493
4019004627,"Pima, AZ (CT)",0,1158,1158,0,2823,2823
4019004628,"Pima, AZ (CT)",0,563,563,0,1283,1283
4019004630,"Pima, AZ (CT)",0,910,910,0,1995,1995
4019004631,"Pima, AZ (CT)",0,1421,1421,0,3534,3534
4019004632,"Pima, AZ (CT)",0,974,974,0,2591,2591
4019004633,"Pima, AZ (CT)",0,1276,1276,0,2934,2934
4019004634,"Pima, AZ (CT)",236,222,458,625,553,1178
4019004635,"Pima, AZ (CT)",0,2232,2232,0,4792,4792
4019004636,"Pima, AZ (CT)",0,2694,2694,0,7116,7116
4019004638,"Pima, AZ (CT)",1681,2220,3901,3136,4280,7416
4019004639,"Pima, AZ (CT)",483,776,1259,1003,2386,3389
4019004640,"Pima, AZ (CT)",346,2085,2431,581,4159,4740
4019004641,"Pima, AZ (CT)",0,1535,1535,0,3921,3921
4019004642,"Pima, AZ (CT)",401,1321,1722,762,2498,3260
4019004643,"Pima, AZ (CT)",0,2637,2637,0,4109,4109
4019004644,"Pima, AZ (CT)",0,939,939,0,2504,2504
4019004645,"Pima, AZ (CT)",0,1991,1991,0,5078,5078
4019004646,"Pima, AZ (CT)",0,1646,1646,0,4028,4028
4019004647,"Pima, AZ (CT)",0,1488,1488,0,3926,3926
4019004710,"Pima, AZ (CT)",0,2544,2544,0,4097,4097
4019004711,"Pima, AZ (CT)",0,2539,2539,0,4559,4559
4019004712,"Pima, AZ (CT)",0,1716,1716,0,3046,3046
4019004713,"Pima, AZ (CT)",50,1998,2048,99,3677,3776
4019004714,"Pima, AZ (CT)",53,2703,2756,84,5527,5611
4019004715,"Pima, AZ (CT)",37,1986,2023,95,4638,4733
4019004716,"Pima, AZ (CT)",581,2521,3102,1052,4412,5464
4019004717,"Pima, AZ (CT)",0,1212,1212,0,2019,2019
4019004718,"Pima, AZ (CT)",0,1250,1250,0,2160,2160
4019004719,"Pima, AZ (CT)",329,2899,3228,580,5120,5700
4019004720,"Pima, AZ (CT)",0,793,793,0,1356,1356
4019004721,"Pima, AZ (CT)",0,2128,2128,0,3419,3419
4019004722,"Pima, AZ (CT)",0,1387,1387,0,2363,2363
4019004723,"Pima, AZ (CT)",0,2730,2730,0,4967,4967
4019004724,"Pima, AZ (CT)",0,1201,1201,0,2536,2536
4019004725,"Pima, AZ (CT)",0,1812,1812,0,2894,2894
4019004726,"Pima, AZ (CT)",0,1971,1971,0,4101,4101
4019410501,"Pima, AZ (CT)",6,1598,1604,15,4653,4668
4019410502,"Pima, AZ (CT)",263,1608,1871,851,5392,6243
4019410503,"Pima, AZ (CT)",0,2925,2925,0,5516,5516
4019470400,"Pima, AZ (CT)",382,2006,2388,447,3076,3523
4019470500,"Pima, AZ (CT)",568,700,1268,1279,1873,3152
4019940600,"Pima, AZ (CT)",411,0,411,1300,0,1300
4019940700,"Pima, AZ (CT)",580,0,580,1412,0,1412
4019940800,"Pima, AZ (CT)",1602,0,1602,4462,0,4462
4019940900,"Pima, AZ (CT)",112,620,732,387,1498,1885
4019941000,"Pima, AZ (CT)",0,833,833,0,3484,3484
4021000201,"Pinal, AZ (CT)",1663,1559,3222,2531,2938,5469
4021000204,"Pinal, AZ (CT)",258,2217,2475,648,5962,6610
4021000205,"Pinal, AZ (CT)",0,5328,5328,0,15769,15769
4021000206,"Pinal, AZ (CT)",114,1311,1425,373,3369,3742
4021000207,"Pinal, AZ (CT)",373,3323,3696,861,10171,11032
4021000208,"Pinal, AZ (CT)",756,0,756,1688,0,1688
4021000209,"Pinal, AZ (CT)",3,3103,3106,10,8501,8511
4021000210,"Pinal, AZ (CT)",305,2714,3019,809,7663,8472
4021000211,"Pinal, AZ (CT)",0,1677,1677,0,4465,4465
4021000212,"Pinal, AZ (CT)",0,2096,2096,0,5970,5970
4021000213,"Pinal, AZ (CT)",179,5090,5269,403,11690,12093
4021000214,"Pinal, AZ (CT)",0,3242,3242,0,9099,9099
4021000215,"Pinal, AZ (CT)",627,283,910,1452,862,2314
4021000307,"Pinal, AZ (CT)",128,1047,1175,230,2196,2426
4021000308,"Pinal, AZ (CT)",0,3202,3202,0,4966,4966
4021000309,"Pinal, AZ (CT)",0,2337,2337,0,2778,2778
4021000310,"Pinal, AZ (CT)",51,1912,1963,104,2918,3022
4021000311,"Pinal, AZ (CT)",61,1276,1337,93,2795,2888
4021000312,"Pinal, AZ (CT)",0,2256,2256,0,3773,3773
4021000313,"Pinal, AZ (CT)",0,2399,2399,0,4152,4152
4021000314,"Pinal, AZ (CT)",0,3287,3287,0,5230,5230
4021000315,"Pinal, AZ (CT)",0,2568,2568,0,5001,5001
4021000316,"Pinal, AZ (CT)",664,4125,4789,1049,6328,7377
4021000317,"Pinal, AZ (CT)",0,1830,1830,0,2333,2333
4021000318,"Pinal, AZ (CT)",0,4412,4412,0,6486,6486
4021000319,"Pinal, AZ (CT)",78,1201,1279,94,1258,1352
4021000400,"Pinal, AZ (CT)",18,1469,1487,48,2844,2892
4021000603,"Pinal, AZ (CT)",0,2788,2788,0,4939,4939
4021000604,"Pinal, AZ (CT)",545,2341,2886,895,3786,4681
4021000700,"Pinal, AZ (CT)",188,1353,1541,366,3185,3551
4021000801,"Pinal, AZ (CT)",2118,3165,5283,4136,4638,8774
4021000802,"Pinal, AZ (CT)",2000,8,2008,4124,30,4154
4021000803,"Pinal, AZ (CT)",322,59,381,6074,6075,12149
4021000901,"Pinal, AZ (CT)",75,427,502,181,7100,7281
4021000902,"Pinal, AZ (CT)",158,999,1157,362,1965,2327
4021001000,"Pinal, AZ (CT)",198,1668,1866,458,3945,4403
4021001100,"Pinal, AZ (CT)",137,2718,2855,305,6974,7279
4021001200,"Pinal, AZ (CT)",2194,0,2194,4543,0,4543
4021001301,"Pinal, AZ (CT)",88,3202,3290,203,6794,6997
4021001303,"Pinal, AZ (CT)",567,0,567,1340,0,1340
4021001304,"Pinal, AZ (CT)",277,3025,3302,774,7998,8772
4021001305,"Pinal, AZ (CT)",0,2677,2677,0,5331,5331
4021001306,"Pinal, AZ (CT)",0,2124,2124,0,5179,5179
4021001403,"Pinal, AZ (CT)",0,1910,1910,0,4474,4474
4021001404,"Pinal, AZ (CT)",0,1439,1439,0,3809,3809
4021001405,"Pinal, AZ (CT)",0,2609,2609,0,3801,3801
4021001406,"Pinal, AZ (CT)",288,1715,2003,499,4328,4827
4021001407,"Pinal, AZ (CT)",76,1323,1399,127,1654,1781
4021001408,"Pinal, AZ (CT)",176,1128,1304,281,1638,1919
4021001500,"Pinal, AZ (CT)",76,1456,1532,165,3873,4038
4021001600,"Pinal, AZ (CT)",1140,947,2087,2981,2452,5433
4021001701,"Pinal, AZ (CT)",479,0,479,1087,0,1087
4021001702,"Pinal, AZ (CT)",33,926,959,70,2657,2727
4021001703,"Pinal, AZ (CT)",0,855,855,0,2001,2001
4021001704,"Pinal, AZ (CT)",0,2456,2456,0,6420,6420
4021001705,"Pinal, AZ (CT)",0,3085,3085,0,7209,7209
4021001706,"Pinal, AZ (CT)",0,1859,1859,0,4872,4872
4021001707,"Pinal, AZ (CT)",0,1873,1873,0,5070,5070
4021001708,"Pinal, AZ (CT)",0,2650,2650,0,5979,5979
4021001709,"Pinal, AZ (CT)",0,1000,1000,0,2738,2738
4021001710,"Pinal, AZ (CT)",508,1150,1658,1343,2981,4324
4021001711,"Pinal, AZ (CT)",111,741,852,244,1913,2157
4021001900,"Pinal, AZ (CT)",534,525,1059,1216,1355,2571
4021002001,"Pinal, AZ (CT)",985,518,1503,2014,1505,3519
4021002002,"Pinal, AZ (CT)",212,39,251,7805,139,7944
4021002003,"Pinal, AZ (CT)",61,1446,1507,132,3964,4096
4021002101,"Pinal, AZ (CT)",21,3768,3789,35,7931,7966
4021002102,"Pinal, AZ (CT)",296,276,572,946,374,1320
4021002103,"Pinal, AZ (CT)",1128,1024,2152,2917,2226,5143
4021002200,"Pinal, AZ (CT)",2494,0,2494,5250,0,5250
4021002300,"Pinal, AZ (CT)",1209,0,1209,2420,0,2420
4021002400,"Pinal, AZ (CT)",978,0,978,1997,0,1997
4021941200,"Pinal, AZ (CT)",1656,0,1656,6041,0,6041
4021941300,"Pinal, AZ (CT)",724,34,758,2587,143,2730
4021941400,"Pinal, AZ (CT)",3181,141,3322,8000,497,8497
4023966000,"Santa Cruz, AZ (CT)",1931,0,1931,3213,0,3213
4023966101,"Santa Cruz, AZ (CT)",1810,0,1810,2593,0,2593
4023966103,"Santa Cruz, AZ (CT)",20,388,408,69,1184,1253
4023966104,"Santa Cruz, AZ (CT)",1507,2021,3528,3544,6401,9945
4023966105,"Santa Cruz, AZ (CT)",693,2413,3106,1919,7708,9627
4023966200,"Santa Cruz, AZ (CT)",7,1674,1681,20,4949,4969
4023966301,"Santa Cruz, AZ (CT)",478,963,1441,1390,3101,4491
4023966302,"Santa Cruz, AZ (CT)",0,1259,1259,0,3324,3324
4023966401,"Santa Cruz, AZ (CT)",0,1146,1146,0,3468,3468
4023966402,"Santa Cruz, AZ (CT)",0,1700,1700,0,4537,4537
4025000202,"Yavapai, AZ (CT)",1262,2366,3628,2670,5384,8054
4025000203,"Yavapai, AZ (CT)",1330,1358,2688,2761,3053,5814
4025000204,"Yavapai, AZ (CT)",2144,1086,3230,4931,2346,7277
4025000300,"Yavapai, AZ (CT)",1712,853,2565,3766,1441,5207
4025000401,"Yavapai, AZ (CT)",26,3257,3283,22,5772,5794
4025000402,"Yavapai, AZ (CT)",0,2463,2463,0,4923,4923
4025000500,"Yavapai, AZ (CT)",612,1986,2598,949,3770,4719
4025000604,"Yavapai, AZ (CT)",0,2006,2006,0,4769,4769
4025000605,"Yavapai, AZ (CT)",0,3826,3826,0,9006,9006
4025000606,"Yavapai, AZ (CT)",0,2673,2673,0,6488,6488
4025000607,"Yavapai, AZ (CT)",228,2842,3070,475,4834,5309
4025000608,"Yavapai, AZ (CT)",0,1387,1387,0,3372,3372
4025000609,"Yavapai, AZ (CT)",0,1838,1838,0,4493,4493
4025000610,"Yavapai, AZ (CT)",228,2203,2431,445,3965,4410
4025000700,"Yavapai, AZ (CT)",3113,0,3113,3972,0,3972
4025000801,"Yavapai, AZ (CT)",0,2467,2467,0,3712,3712
4025000802,"Yavapai, AZ (CT)",409,1553,1962,642,2666,3308
4025000900,"Yavapai, AZ (CT)",0,2180,2180,0,4554,4554
4025001001,"Yavapai, AZ (CT)",8,2340,2348,18,4309,4327
4025001002,"Yavapai, AZ (CT)",746,1651,2397,841,2639,3480
4025001101,"Yavapai, AZ (CT)",300,2331,2631,380,3651,4031
4025001102,"Yavapai, AZ (CT)",163,2327,2490,260,3766,4026
4025001200,"Yavapai, AZ (CT)",3082,359,3441,5848,775,6623
4025001300,"Yavapai, AZ (CT)",1074,0,1074,2138,0,2138
4025001401,"Yavapai, AZ (CT)",1377,0,1377,2500,0,2500
4025001402,"Yavapai, AZ (CT)",2425,0,2425,3496,0,3496
4025001403,"Yavapai, AZ (CT)",2330,0,2330,3630,0,3630
4025001500,"Yavapai, AZ (CT)",3443,0,3443,6550,0,6550
4025001601,"Yavapai, AZ (CT)",375,2033,2408,1402,4526,5928
4025001602,"Yavapai, AZ (CT)",1772,10,1782,3897,21,3918
4025001603,"Yavapai, AZ (CT)",808,2118,2926,1659,4187,5846
4025001701,"Yavapai, AZ (CT)",1884,1172,3056,3598,2181,5779
4025001702,"Yavapai, AZ (CT)",665,2229,2894,1161,3351,4512
4025001703,"Yavapai, AZ (CT)",476,1284,1760,696,1965,2661
4025001801,"Yavapai, AZ (CT)",1045,1022,2067,1658,1576,3234
4025001802,"Yavapai, AZ (CT)",1072,1776,2848,1560,3173,4733
4025001900,"Yavapai, AZ (CT)",2418,4229,6647,4999,9011,14010
4025002001,"Yavapai, AZ (CT)",0,2394,2394,0,4797,4797
4025002002,"Yavapai, AZ (CT)",95,2003,2098,212,4695,4907
4025002003,"Yavapai, AZ (CT)",0,1992,1992,0,4170,4170
4025002004,"Yavapai, AZ (CT)",274,3640,3914,572,7635,8207
4025002100,"Yavapai, AZ (CT)",2282,0,2282,2349,0,2349
4027000100,"Yuma, AZ (CT)",0,900,900,0,2687,2687
4027000200,"Yuma, AZ (CT)",0,1354,1354,0,3560,3560
4027000301,"Yuma, AZ (CT)",0,1430,1430,0,3376,3376
4027000302,"Yuma, AZ (CT)",0,1571,1571,0,4502,4502
4027000402,"Yuma, AZ (CT)",0,970,970,0,3375,3375
4027000403,"Yuma, AZ (CT)",0,768,768,0,1440,1440
4027000404,"Yuma, AZ (CT)",0,1996,1996,0,3869,3869
4027000501,"Yuma, AZ (CT)",0,1384,1384,0,2896,2896
4027000502,"Yuma, AZ (CT)",0,1882,1882,0,2990,2990
4027000600,"Yuma, AZ (CT)",0,2115,2115,0,5158,5158
4027000700,"Yuma, AZ (CT)",0,1548,1548,0,4058,4058
4027000800,"Yuma, AZ (CT)",0,2231,2231,0,5048,5048
4027000901,"Yuma, AZ (CT)",0,1408,1408,0,3585,3585
4027000902,"Yuma, AZ (CT)",0,1207,1207,0,2922,2922
4027000903,"Yuma, AZ (CT)",0,1175,1175,0,3193,3193
4027000905,"Yuma, AZ (CT)",0,2264,2264,0,8171,8171
4027000907,"Yuma, AZ (CT)",0,1996,1996,0,6563,6563
4027000908,"Yuma, AZ (CT)",127,817,944,386,2419,2805
4027001001,"Yuma, AZ (CT)",0,2168,2168,0,2640,2640
4027001003,"Yuma, AZ (CT)",0,562,562,0,1108,1108
4027001004,"Yuma, AZ (CT)",0,1099,1099,0,2381,2381
4027001100,"Yuma, AZ (CT)",0,2258,2258,0,5164,5164
4027001200,"Yuma, AZ (CT)",0,1742,1742,0,4173,4173
4027010905,"Yuma, AZ (CT)",0,2752,2752,0,2815,2815
4027010907,"Yuma, AZ (CT)",200,2133,2333,464,4590,5054
4027010910,"Yuma, AZ (CT)",72,1516,1588,100,1658,1758
4027010911,"Yuma, AZ (CT)",19,1984,2003,50,6885,6935
4027010913,"Yuma, AZ (CT)",289,269,558,736,717,1453
4027010914,"Yuma, AZ (CT)",832,0,832,1426,0,1426
4027011000,"Yuma, AZ (CT)",849,323,1172,981,986,1967
4027011104,"Yuma, AZ (CT)",34,2551,2585,85,3578,3663
4027011106,"Yuma, AZ (CT)",267,3691,3958,594,4406,5000
4027011107,"Yuma, AZ (CT)",157,559,716,438,1705,2143
4027011108,"Yuma, AZ (CT)",0,1880,1880,0,3168,3168
4027011110,"Yuma, AZ (CT)",0,2704,2704,0,2906,2906
4027011111,"Yuma, AZ (CT)",31,2556,2587,68,3076,3144
4027011112,"Yuma, AZ (CT)",0,2317,2317,0,2555,2555
4027011114,"Yuma, AZ (CT)",0,2282,2282,0,2042,2042
4027011115,"Yuma, AZ (CT)",21,3211,3232,24,2878,2902
4027011201,"Yuma, AZ (CT)",2744,0,2744,4071,0,4071
4027011202,"Yuma, AZ (CT)",810,0,810,1646,0,1646
4027011403,"Yuma, AZ (CT)",0,1103,1103,0,4090,4090
4027011405,"Yuma, AZ (CT)",0,1162,1162,0,4696,4696
4027011406,"Yuma, AZ (CT)",364,1648,2012,631,6907,7538
4027011501,"Yuma, AZ (CT)",658,68,726,1986,199,2185
4027011503,"Yuma, AZ (CT)",0,1541,1541,0,5441,5441
4027011504,"Yuma, AZ (CT)",3,2356,2359,4,8335,8339
4027011600,"Yuma, AZ (CT)",26,2172,2198,65,8398,8463
4027011700,"Yuma, AZ (CT)",0,1154,1154,0,1230,1230
4027011800,"Yuma, AZ (CT)",1071,1115,2186,4692,3624,8316
4027012100,"Yuma, AZ (CT)",741,0,741,1467,0,1467
4027980003,"Yuma, AZ (CT)",0,0,0,0,0,0
4027980004,"Yuma, AZ (CT)",0,0,0,0,0,0
4027980005,"Yuma, AZ (CT)",0,0,0,502,0,502
4027980006,"Yuma, AZ (CT)",0,643,643,0,3172,3172
5001480100,"Arkansas, AR (CT)",879,0,879,1435,0,1435
5001480200,"Arkansas, AR (CT)",886,0,886,1643,0,1643
5001480300,"Arkansas, AR (CT)",138,1270,1408,308,2821,3129
5001480400,"Arkansas, AR (CT)",112,1088,1200,222,2296,2518
5001480500,"Arkansas, AR (CT)",17,1919,1936,35,4116,4151
5001480600,"Arkansas, AR (CT)",210,588,798,437,1310,1747
5001480700,"Arkansas, AR (CT)",496,906,1402,1097,1875,2972
5001480800,"Arkansas, AR (CT)",927,0,927,1424,0,1424
5003960100,"Ashley, AR (CT)",912,0,912,1928,0,1928
5003960200,"Ashley, AR (CT)",1237,0,1237,2694,0,2694
5003960300,"Ashley, AR (CT)",909,1168,2077,2235,2747,4982
5003960400,"Ashley, AR (CT)",966,0,966,1801,0,1801
5003960500,"Ashley, AR (CT)",235,1066,1301,520,2224,2744
5003960600,"Ashley, AR (CT)",262,2476,2738,557,5236,5793
5003960700,"Ashley, AR (CT)",760,146,906,1559,352,1911
5005950100,"Baxter, AR (CT)",610,1789,2399,1281,3399,4680
5005950200,"Baxter, AR (CT)",230,2118,2348,486,4163,4649
5005950300,"Baxter, AR (CT)",299,2190,2489,612,4309,4921
5005950400,"Baxter, AR (CT)",719,830,1549,1470,1815,3285
5005950500,"Baxter, AR (CT)",2816,0,2816,4962,0,4962
5005950600,"Baxter, AR (CT)",2378,197,2575,3552,264,3816
5005950700,"Baxter, AR (CT)",2277,128,2405,3226,219,3445
5005950800,"Baxter, AR (CT)",3268,7,3275,6086,11,6097
5005950900,"Baxter, AR (CT)",2724,0,2724,5658,0,5658
5007020101,"Benton, AR (CT)",1193,1149,2342,2938,3014,5952
5007020102,"Benton, AR (CT)",1280,940,2220,3227,2420,5647
5007020201,"Benton, AR (CT)",274,1512,1786,651,3423,4074
5007020203,"Benton, AR (CT)",404,894,1298,937,2004,2941
5007020205,"Benton, AR (CT)",326,1589,1915,809,4820,5629
5007020206,"Benton, AR (CT)",25,1942,1967,53,6136,6189
5007020301,"Benton, AR (CT)",0,1658,1658,0,3834,3834
5007020302,"Benton, AR (CT)",0,1559,1559,0,3777,3777
5007020304,"Benton, AR (CT)",0,1637,1637,0,3365,3365
5007020305,"Benton, AR (CT)",0,1490,1490,0,4003,4003
5007020401,"Benton, AR (CT)",0,2632,2632,0,6415,6415
5007020402,"Benton, AR (CT)",0,1729,1729,0,4378,4378
5007020404,"Benton, AR (CT)",0,1563,1563,0,4180,4180
5007020405,"Benton, AR (CT)",0,1327,1327,0,3149,3149
5007020501,"Benton, AR (CT)",59,2102,2161,139,4934,5073
5007020503,"Benton, AR (CT)",0,1856,1856,0,4045,4045
5007020504,"Benton, AR (CT)",0,1352,1352,0,3146,3146
5007020603,"Benton, AR (CT)",45,2452,2497,115,5404,5519
5007020604,"Benton, AR (CT)",0,1770,1770,0,4054,4054
5007020605,"Benton, AR (CT)",29,1728,1757,98,4053,4151
5007020606,"Benton, AR (CT)",111,1375,1486,282,3737,4019
5007020701,"Benton, AR (CT)",359,1837,2196,848,4137,4985
5007020703,"Benton, AR (CT)",137,2005,2142,375,4206,4581
5007020704,"Benton, AR (CT)",409,1310,1719,1117,2817,3934
5007020801,"Benton, AR (CT)",912,1232,2144,1743,2239,3982
5007020803,"Benton, AR (CT)",52,2144,2196,99,4044,4143
5007020805,"Benton, AR (CT)",8,2422,2430,15,4552,4567
5007020806,"Benton, AR (CT)",877,1167,2044,2214,2268,4482
5007020901,"Benton, AR (CT)",78,2497,2575,190,6649,6839
5007020902,"Benton, AR (CT)",1886,732,2618,4459,1984,6443
5007021001,"Benton, AR (CT)",2264,0,2264,5167,0,5167
5007021002,"Benton, AR (CT)",1477,1371,2848,3537,3410,6947
5007021101,"Benton, AR (CT)",226,1534,1760,544,4007,4551
5007021102,"Benton, AR (CT)",205,1033,1238,545,2738,3283
5007021201,"Benton, AR (CT)",0,1321,1321,0,4239,4239
5007021202,"Benton, AR (CT)",0,1348,1348,0,3116,3116
5007021301,"Benton, AR (CT)",2135,555,2690,5378,1140,6518
5007021304,"Benton, AR (CT)",255,1617,1872,585,4012,4597
5007021305,"Benton, AR (CT)",1808,268,2076,3622,605,4227
5007021306,"Benton, AR (CT)",171,1352,1523,457,3055,3512
5007021308,"Benton, AR (CT)",29,1031,1060,77,3002,3079
5007021310,"Benton, AR (CT)",259,2607,2866,571,6811,7382
5007021311,"Benton, AR (CT)",1061,610,1671,2734,1661,4395
5007021404,"Benton, AR (CT)",1442,0,1442,3476,0,3476
5007021405,"Benton, AR (CT)",1527,0,1527,2035,0,2035
5007021406,"Benton, AR (CT)",203,1735,1938,467,5089,5556
5007021407,"Benton, AR (CT)",838,1260,2098,1820,2520,4340
5007021408,"Benton, AR (CT)",1087,810,1897,2381,2574,4955
5007021409,"Benton, AR (CT)",1284,295,1579,1984,484,2468
5009790100,"Boone, AR (CT)",2668,335,3003,6038,859,6897
5009790200,"Boone, AR (CT)",2829,0,2829,5949,0,5949
5009790300,"Boone, AR (CT)",1990,286,2276,4697,651,5348
5009790400,"Boone, AR (CT)",2428,282,2710,5399,620,6019
5009790501,"Boone, AR (CT)",23,1795,1818,58,4003,4061
5009790502,"Boone, AR (CT)",213,1746,1959,459,3539,3998
5009790600,"Boone, AR (CT)",189,2043,2232,353,4278,4631
5011950100,"Bradley, AR (CT)",387,866,1253,875,1624,2499
5011950200,"Bradley, AR (CT)",354,579,933,733,1277,2010
5011950300,"Bradley, AR (CT)",436,657,1093,875,1327,2202
5011950400,"Bradley, AR (CT)",122,666,788,260,1573,1833
5011950500,"Bradley, AR (CT)",1793,0,1793,2964,0,2964
5013480100,"Calhoun, AR (CT)",1384,0,1384,2569,0,2569
5013480200,"Calhoun, AR (CT)",1513,0,1513,2799,0,2799
5015950100,"Carroll, AR (CT)",1706,0,1706,2734,0,2734
5015950200,"Carroll, AR (CT)",3876,0,3876,5994,0,5994
5015950300,"Carroll, AR (CT)",887,1984,2871,2189,4800,6989
5015950400,"Carroll, AR (CT)",1853,0,1853,4259,0,4259
5015950500,"Carroll, AR (CT)",2193,1060,3253,4814,2656,7470
5017080100,"Chicot, AR (CT)",1440,105,1545,2861,734,3595
5017080200,"Chicot, AR (CT)",91,1133,1224,159,2234,2393
5017080300,"Chicot, AR (CT)",337,1105,1442,691,2427,3118
5017080400,"Chicot, AR (CT)",1210,0,1210,2694,0,2694
5019953601,"Clark, AR (CT)",0,1921,1921,0,4650,4650
5019953602,"Clark, AR (CT)",958,478,1436,2054,2389,4443
5019953700,"Clark, AR (CT)",2238,0,2238,4422,0,4422
5019953800,"Clark, AR (CT)",280,1658,1938,556,3452,4008
5019953900,"Clark, AR (CT)",2852,0,2852,5472,0,5472
5021950100,"Clay, AR (CT)",1029,0,1029,2111,0,2111
5021950200,"Clay, AR (CT)",1190,0,1190,2304,0,2304
5021950300,"Clay, AR (CT)",1090,79,1169,2045,159,2204
5021950400,"Clay, AR (CT)",164,1432,1596,355,3021,3376
5021950500,"Clay, AR (CT)",1054,0,1054,2154,0,2154
5021950600,"Clay, AR (CT)",238,1755,1993,497,3437,3934
5023480100,"Cleburne, AR (CT)",2332,0,2332,4298,0,4298
5023480201,"Cleburne, AR (CT)",1298,0,1298,1492,0,1492
5023480202,"Cleburne, AR (CT)",2897,0,2897,3769,0,3769
5023480300,"Cleburne, AR (CT)",721,2130,2851,973,4320,5293
5023480400,"Cleburne, AR (CT)",1626,904,2530,2406,2037,4443
5023480501,"Cleburne, AR (CT)",1401,0,1401,3045,0,3045
5023480502,"Cleburne, AR (CT)",2517,0,2517,3630,0,3630
5025970100,"Cleveland, AR (CT)",2197,0,2197,4895,0,4895
5025970200,"Cleveland, AR (CT)",1867,0,1867,3794,0,3794
5027950100,"Columbia, AR (CT)",2005,2,2007,4259,0,4259
5027950200,"Columbia, AR (CT)",2287,97,2384,4527,274,4801
5027950300,"Columbia, AR (CT)",2377,0,2377,5088,0,5088
5027950400,"Columbia, AR (CT)",67,2832,2899,132,6363,6495
5027950500,"Columbia, AR (CT)",56,1873,1929,108,3801,3909
5029950100,"Conway, AR (CT)",2362,0,2362,5341,0,5341
5029950200,"Conway, AR (CT)",1621,0,1621,3431,0,3431
5029950300,"Conway, AR (CT)",498,1938,2436,1155,4358,5513
5029950400,"Conway, AR (CT)",190,940,1130,333,1903,2236
5029950500,"Conway, AR (CT)",1222,5,1227,2683,11,2694
5029950600,"Conway, AR (CT)",944,0,944,2058,0,2058
5031000101,"Craighead, AR (CT)",0,2005,2005,0,4037,4037
5031000102,"Craighead, AR (CT)",0,1834,1834,0,3601,3601
5031000200,"Craighead, AR (CT)",0,1725,1725,0,3786,3786
5031000300,"Craighead, AR (CT)",0,2855,2855,0,6516,6516
5031000401,"Craighead, AR (CT)",861,1294,2155,2191,3204,5395
5031000402,"Craighead, AR (CT)",0,3798,3798,0,8155,8155
5031000501,"Craighead, AR (CT)",364,2064,2428,933,5206,6139
5031000502,"Craighead, AR (CT)",205,1780,1985,504,4056,4560
5031000601,"Craighead, AR (CT)",470,1885,2355,1172,4574,5746
5031000602,"Craighead, AR (CT)",0,2147,2147,0,6150,6150
5031000700,"Craighead, AR (CT)",1477,1433,2910,3675,3906,7581
5031000801,"Craighead, AR (CT)",712,1583,2295,1904,4235,6139
5031000802,"Craighead, AR (CT)",199,2618,2817,509,6589,7098
5031000900,"Craighead, AR (CT)",2279,0,2279,5408,0,5408
5031001000,"Craighead, AR (CT)",1965,0,1965,4305,0,4305
5031001100,"Craighead, AR (CT)",2336,569,2905,5588,1404,6992
5031001200,"Craighead, AR (CT)",2057,0,2057,4835,0,4835
5033020100,"Crawford, AR (CT)",2883,0,2883,5956,0,5956
5033020201,"Crawford, AR (CT)",2743,0,2743,6120,0,6120
5033020203,"Crawford, AR (CT)",1039,1985,3024,2553,5052,7605
5033020204,"Crawford, AR (CT)",1570,614,2184,3506,1594,5100
5033020301,"Crawford, AR (CT)",0,1878,1878,0,4364,4364
5033020302,"Crawford, AR (CT)",8,1783,1791,23,4228,4251
5033020401,"Crawford, AR (CT)",1799,280,2079,4288,700,4988
5033020402,"Crawford, AR (CT)",2080,0,2080,4776,0,4776
5033020501,"Crawford, AR (CT)",125,1271,1396,258,3857,4115
5033020502,"Crawford, AR (CT)",66,2073,2139,149,4698,4847
5033020600,"Crawford, AR (CT)",1818,2100,3918,4560,5266,9826
5035030101,"Crittenden, AR (CT)",0,1022,1022,0,2490,2490
5035030102,"Crittenden, AR (CT)",0,1212,1212,0,3275,3275
5035030201,"Crittenden, AR (CT)",0,2394,2394,0,5126,5126
5035030202,"Crittenden, AR (CT)",0,1274,1274,0,3157,3157
5035030301,"Crittenden, AR (CT)",0,1237,1237,0,3285,3285
5035030302,"Crittenden, AR (CT)",0,1127,1127,0,2606,2606
5035030501,"Crittenden, AR (CT)",0,465,465,0,1006,1006
5035030502,"Crittenden, AR (CT)",0,465,465,0,1090,1090
5035030600,"Crittenden, AR (CT)",1431,997,2428,2623,2252,4875
5035030701,"Crittenden, AR (CT)",549,0,549,1190,0,1190
5035030702,"Crittenden, AR (CT)",129,317,446,320,759,1079
5035030703,"Crittenden, AR (CT)",73,753,826,182,2103,2285
5035030803,"Crittenden, AR (CT)",32,698,730,52,1911,1963
5035030804,"Crittenden, AR (CT)",0,1274,1274,0,2949,2949
5035030805,"Crittenden, AR (CT)",0,1475,1475,0,3474,3474
5035030806,"Crittenden, AR (CT)",274,1002,1276,657,2887,3544
5035030807,"Crittenden, AR (CT)",620,97,717,1404,310,1714
5035031000,"Crittenden, AR (CT)",650,0,650,1406,0,1406
5035031100,"Crittenden, AR (CT)",1181,0,1181,2798,0,2798
5035031200,"Crittenden, AR (CT)",0,741,741,0,1590,1590
5037950100,"Cross, AR (CT)",748,0,748,1454,0,1454
5037950200,"Cross, AR (CT)",1441,0,1441,3300,0,3300
5037950300,"Cross, AR (CT)",725,0,725,1544,0,1544
5037950400,"Cross, AR (CT)",1018,63,1081,2543,153,2696
5037950500,"Cross, AR (CT)",216,1946,2162,429,4458,4887
5037950600,"Cross, AR (CT)",363,1333,1696,878,3111,3989
5039970100,"Dallas, AR (CT)",1043,0,1043,1564,0,1564
5039970200,"Dallas, AR (CT)",1160,0,1160,1887,0,1887
5039970300,"Dallas, AR (CT)",334,1768,2102,821,3844,4665
5041950100,"Desha, AR (CT)",875,0,875,1528,0,1528
5041950200,"Desha, AR (CT)",533,1573,2106,1079,3531,4610
5041950300,"Desha, AR (CT)",113,681,794,252,1492,1744
5041950400,"Desha, AR (CT)",355,1191,1546,730,2336,3066
5041950500,"Desha, AR (CT)",276,664,940,498,1562,2060
5043490100,"Drew, AR (CT)",1172,5,1177,2373,7,2380
5043490200,"Drew, AR (CT)",433,773,1206,935,1666,2601
5043490300,"Drew, AR (CT)",340,2191,2531,691,5423,6114
5043490400,"Drew, AR (CT)",383,1145,1528,916,2416,3332
5043490500,"Drew, AR (CT)",1966,0,1966,4082,0,4082
5045030101,"Faulkner, AR (CT)",1269,0,1269,3122,0,3122
5045030102,"Faulkner, AR (CT)",896,1007,1903,2184,2614,4798
5045030103,"Faulkner, AR (CT)",1174,68,1242,3099,197,3296
5045030104,"Faulkner, AR (CT)",1393,490,1883,3614,1258,4872
5045030200,"Faulkner, AR (CT)",2534,0,2534,6052,0,6052
5045030301,"Faulkner, AR (CT)",1335,710,2045,3437,1741,5178
5045030302,"Faulkner, AR (CT)",2035,0,2035,5622,0,5622
5045030303,"Faulkner, AR (CT)",1764,0,1764,4387,0,4387
5045030401,"Faulkner, AR (CT)",781,148,929,1887,373,2260
5045030402,"Faulkner, AR (CT)",917,477,1394,2265,1292,3557
5045030403,"Faulkner, AR (CT)",208,1230,1438,480,2893,3373
5045030404,"Faulkner, AR (CT)",147,966,1113,354,2260,2614
5045030501,"Faulkner, AR (CT)",144,4328,4472,329,10521,10850
5045030502,"Faulkner, AR (CT)",0,2133,2133,0,4415,4415
5045030600,"Faulkner, AR (CT)",0,2134,2134,0,5332,5332
5045030701,"Faulkner, AR (CT)",0,1492,1492,0,3791,3791
5045030702,"Faulkner, AR (CT)",0,1810,1810,0,4056,4056
5045030800,"Faulkner, AR (CT)",0,1836,1836,0,5494,5494
5045030900,"Faulkner, AR (CT)",0,1597,1597,0,3641,3641
5045031001,"Faulkner, AR (CT)",0,1534,1534,0,3998,3998
5045031003,"Faulkner, AR (CT)",100,929,1029,254,2015,2269
5045031005,"Faulkner, AR (CT)",405,2384,2789,1116,5487,6603
5045031006,"Faulkner, AR (CT)",0,1565,1565,0,3745,3745
5045031101,"Faulkner, AR (CT)",1022,1434,2456,2087,2716,4803
5045031102,"Faulkner, AR (CT)",1525,691,2216,3602,1507,5109
5047950100,"Franklin, AR (CT)",1720,0,1720,3832,0,3832
5047950200,"Franklin, AR (CT)",1841,1418,3259,4153,3153,7306
5047950300,"Franklin, AR (CT)",3042,0,3042,6987,0,6987
5049550100,"Fulton, AR (CT)",2983,528,3511,5091,867,5958
5049550200,"Fulton, AR (CT)",3267,0,3267,6287,0,6287
5051010300,"Garland, AR (CT)",2710,137,2847,5341,386,5727
5051010400,"Garland, AR (CT)",2943,351,3294,6608,508,7116
5051010500,"Garland, AR (CT)",1758,879,2637,3887,2078,5965
5051010600,"Garland, AR (CT)",423,1633,2056,887,2888,3775
5051010700,"Garland, AR (CT)",25,1129,1154,122,1871,1993
5051010800,"Garland, AR (CT)",135,1312,1447,195,2489,2684
5051010900,"Garland, AR (CT)",45,2052,2097,74,3256,3330
5051011000,"Garland, AR (CT)",606,1794,2400,1246,3733,4979
5051011100,"Garland, AR (CT)",3860,1,3861,8798,1,8799
5051011200,"Garland, AR (CT)",566,3100,3666,1291,6343,7634
5051011300,"Garland, AR (CT)",0,2582,2582,0,4681,4681
5051011400,"Garland, AR (CT)",0,1742,1742,0,3589,3589
5051011500,"Garland, AR (CT)",0,1289,1289,0,2206,2206
5051011601,"Garland, AR (CT)",322,2270,2592,771,5070,5841
5051011602,"Garland, AR (CT)",207,2028,2235,438,4611,5049
5051011700,"Garland, AR (CT)",1,2646,2647,0,4180,4180
5051011800,"Garland, AR (CT)",0,3004,3004,0,4263,4263
5051011900,"Garland, AR (CT)",1361,2193,3554,2436,3458,5894
5051012001,"Garland, AR (CT)",1887,1277,3164,2961,1831,4792
5051012002,"Garland, AR (CT)",220,2060,2280,381,3146,3527
5053470100,"Grant, AR (CT)",2153,0,2153,5008,0,5008
5053470200,"Grant, AR (CT)",1325,49,1374,3075,122,3197
5053470300,"Grant, AR (CT)",1766,0,1766,3994,0,3994
5053470400,"Grant, AR (CT)",563,1902,2465,1318,4336,5654
5055480100,"Greene, AR (CT)",1322,0,1322,2967,0,2967
5055480200,"Greene, AR (CT)",1746,63,1809,4224,155,4379
5055480300,"Greene, AR (CT)",1263,129,1392,2864,344,3208
5055480400,"Greene, AR (CT)",48,2825,2873,114,6545,6659
5055480500,"Greene, AR (CT)",115,2628,2743,273,6314,6587
5055480600,"Greene, AR (CT)",2603,376,2979,6323,984,7307
5055480700,"Greene, AR (CT)",50,907,957,111,1977,2088
5055480801,"Greene, AR (CT)",65,2044,2109,172,4719,4891
5055480802,"Greene, AR (CT)",164,1544,1708,422,3582,4004
5057480100,"Hempstead, AR (CT)",2505,73,2578,5231,113,5344
5057480200,"Hempstead, AR (CT)",1564,0,1564,2771,0,2771
5057480300,"Hempstead, AR (CT)",359,2209,2568,710,4997,5707
5057480400,"Hempstead, AR (CT)",1671,118,1789,3696,276,3972
5057480500,"Hempstead, AR (CT)",85,1835,1920,201,4614,4815
5059020100,"Hot Spring, AR (CT)",3073,27,3100,7518,57,7575
5059020200,"Hot Spring, AR (CT)",184,1293,1477,367,2627,2994
5059020300,"Hot Spring, AR (CT)",64,894,958,137,2117,2254
5059020400,"Hot Spring, AR (CT)",184,2413,2597,407,4975,5382
5059020500,"Hot Spring, AR (CT)",1626,20,1646,3637,1410,5047
5059020600,"Hot Spring, AR (CT)",1760,20,1780,3800,18,3818
5059020700,"Hot Spring, AR (CT)",2774,0,2774,5853,0,5853
5061950100,"Howard, AR (CT)",1899,0,1899,4108,0,4108
5061950200,"Howard, AR (CT)",2093,131,2224,4560,428,4988
5061950300,"Howard, AR (CT)",305,1810,2115,642,4051,4693
5063490100,"Independence, AR (CT)",2865,0,2865,6263,0,6263
5063490200,"Independence, AR (CT)",260,904,1164,540,1917,2457
5063490300,"Independence, AR (CT)",612,1967,2579,1473,4676,6149
5063490400,"Independence, AR (CT)",1945,0,1945,4283,0,4283
5063490500,"Independence, AR (CT)",609,487,1096,1498,1164,2662
5063490600,"Independence, AR (CT)",332,874,1206,727,2103,2830
5063490700,"Independence, AR (CT)",2354,723,3077,5226,1653,6879
5063490800,"Independence, AR (CT)",2255,0,2255,5124,0,5124
5065960100,"Izard, AR (CT)",1884,0,1884,3127,0,3127
5065960200,"Izard, AR (CT)",2460,0,2460,5062,0,5062
5065960300,"Izard, AR (CT)",1301,0,1301,2958,0,2958
5065960400,"Izard, AR (CT)",1587,0,1587,2549,0,2549
5067480100,"Jackson, AR (CT)",1623,0,1623,3490,0,3490
5067480200,"Jackson, AR (CT)",375,1434,1809,862,2852,3714
5067480300,"Jackson, AR (CT)",339,1638,1977,760,3436,4196
5067480400,"Jackson, AR (CT)",1373,0,1373,4669,0,4669
5067480500,"Jackson, AR (CT)",819,0,819,1928,0,1928
5069000102,"Jefferson, AR (CT)",28,0,28,1386,0,1386
5069000301,"Jefferson, AR (CT)",1208,408,1616,2579,978,3557
5069000302,"Jefferson, AR (CT)",796,1615,2411,2001,3940,5941
5069000303,"Jefferson, AR (CT)",32,1733,1765,68,3983,4051
5069000502,"Jefferson, AR (CT)",59,1107,1166,134,3598,3732
5069000900,"Jefferson, AR (CT)",0,1322,1322,0,3158,3158
5069001000,"Jefferson, AR (CT)",0,740,740,0,1876,1876
5069001200,"Jefferson, AR (CT)",0,1305,1305,0,2567,2567
5069001300,"Jefferson, AR (CT)",0,967,967,0,1775,1775
5069001401,"Jefferson, AR (CT)",0,794,794,0,1760,1760
5069001402,"Jefferson, AR (CT)",0,1143,1143,0,2716,2716
5069001501,"Jefferson, AR (CT)",0,1628,1628,0,3959,3959
5069001502,"Jefferson, AR (CT)",0,1820,1820,0,3711,3711
5069001600,"Jefferson, AR (CT)",0,1609,1609,0,3721,3721
5069001700,"Jefferson, AR (CT)",0,1317,1317,0,2707,2707
5069001800,"Jefferson, AR (CT)",0,1624,1624,0,3405,3405
5069001901,"Jefferson, AR (CT)",499,272,771,1049,646,1695
5069001903,"Jefferson, AR (CT)",4,1097,1101,6,2174,2180
5069002000,"Jefferson, AR (CT)",1274,1104,2378,2854,2758,5612
5069002103,"Jefferson, AR (CT)",784,741,1525,1829,3484,5313
5069002104,"Jefferson, AR (CT)",1672,135,1807,3785,269,4054
5069002300,"Jefferson, AR (CT)",1790,0,1790,3259,0,3259
5069002400,"Jefferson, AR (CT)",1711,0,1711,4055,0,4055
5069002500,"Jefferson, AR (CT)",520,148,668,935,310,1245
5071951700,"Johnson, AR (CT)",2240,39,2279,4334,118,4452
5071951800,"Johnson, AR (CT)",2073,0,2073,4669,0,4669
5071951900,"Johnson, AR (CT)",427,922,1349,1057,2503,3560
5071952000,"Johnson, AR (CT)",466,1176,1642,1161,2661,3822
5071952100,"Johnson, AR (CT)",647,911,1558,1605,2031,3636
5071952200,"Johnson, AR (CT)",2410,0,2410,5401,0,5401
5073470100,"Lafayette, AR (CT)",2383,0,2383,4728,0,4728
5073470200,"Lafayette, AR (CT)",1970,0,1970,2917,0,2917
5075470100,"Lawrence, AR (CT)",644,0,644,1697,0,1697
5075470200,"Lawrence, AR (CT)",2308,0,2308,4589,0,4589
5075470300,"Lawrence, AR (CT)",940,0,940,1990,0,1990
5075470400,"Lawrence, AR (CT)",757,7,764,1674,16,1690
5075470501,"Lawrence, AR (CT)",250,981,1231,554,2208,2762
5075470502,"Lawrence, AR (CT)",257,1856,2113,565,4122,4687
5077470100,"Lee, AR (CT)",590,0,590,2845,0,2845
5077470200,"Lee, AR (CT)",826,0,826,1713,0,1713
5077470300,"Lee, AR (CT)",228,1873,2101,499,3804,4303
5077470400,"Lee, AR (CT)",839,0,839,1563,0,1563
5079960300,"Lincoln, AR (CT)",1313,0,1313,2958,0,2958
5079960400,"Lincoln, AR (CT)",1528,0,1528,3582,0,3582
5079960500,"Lincoln, AR (CT)",1036,0,1036,2443,0,2443
5079960600,"Lincoln, AR (CT)",983,0,983,5151,0,5151
5081030101,"Little River, AR (CT)",582,390,972,1291,840,2131
5081030102,"Little River, AR (CT)",1245,1374,2619,2322,3063,5385
5081030200,"Little River, AR (CT)",1289,0,1289,2587,0,2587
5081030300,"Little River, AR (CT)",1449,131,1580,2825,243,3068
5083950100,"Logan, AR (CT)",1991,0,1991,4084,0,4084
5083950200,"Logan, AR (CT)",1635,47,1682,3742,125,3867
5083950300,"Logan, AR (CT)",408,1435,1843,928,3018,3946
5083950400,"Logan, AR (CT)",1434,0,1434,3322,0,3322
5083950500,"Logan, AR (CT)",349,1554,1903,775,3335,4110
5083950600,"Logan, AR (CT)",1255,0,1255,3024,0,3024
5085020101,"Lonoke, AR (CT)",1265,1279,2544,3118,3631,6749
5085020102,"Lonoke, AR (CT)",523,1675,2198,1320,4053,5373
5085020103,"Lonoke, AR (CT)",1375,702,2077,3617,1781,5398
5085020104,"Lonoke, AR (CT)",2449,196,2645,6524,544,7068
5085020201,"Lonoke, AR (CT)",89,1264,1353,220,3509,3729
5085020202,"Lonoke, AR (CT)",20,1516,1536,36,3801,3837
5085020204,"Lonoke, AR (CT)",209,2066,2275,507,5028,5535
5085020205,"Lonoke, AR (CT)",0,1870,1870,0,4994,4994
5085020206,"Lonoke, AR (CT)",254,1360,1614,611,3499,4110
5085020301,"Lonoke, AR (CT)",1583,26,1609,3913,64,3977
5085020302,"Lonoke, AR (CT)",1464,0,1464,3750,0,3750
5085020400,"Lonoke, AR (CT)",1415,0,1415,3095,0,3095
5085020500,"Lonoke, AR (CT)",238,1681,1919,561,4058,4619
5085020600,"Lonoke, AR (CT)",761,0,761,1815,0,1815
5085020700,"Lonoke, AR (CT)",105,1246,1351,227,2762,2989
5085020800,"Lonoke, AR (CT)",608,0,608,1318,0,1318
5087960100,"Madison, AR (CT)",1781,0,1781,3878,0,3878
5087960200,"Madison, AR (CT)",1592,0,1592,3649,0,3649
5087960300,"Madison, AR (CT)",2340,0,2340,4895,0,4895
5087960400,"Madison, AR (CT)",1768,0,1768,3295,0,3295
5089960100,"Marion, AR (CT)",2266,0,2266,4309,0,4309
5089960201,"Marion, AR (CT)",1645,0,1645,3333,0,3333
5089960202,"Marion, AR (CT)",1888,0,1888,3833,0,3833
5089960300,"Marion, AR (CT)",3555,0,3555,5178,0,5178
5091020100,"Miller, AR (CT)",0,1859,1859,0,3783,3783
5091020200,"Miller, AR (CT)",0,1462,1462,0,2988,2988
5091020400,"Miller, AR (CT)",0,1069,1069,0,3228,3228
5091020500,"Miller, AR (CT)",0,1191,1191,0,2923,2923
5091020600,"Miller, AR (CT)",0,922,922,0,2079,2079
5091020701,"Miller, AR (CT)",0,1550,1550,0,3591,3591
5091020702,"Miller, AR (CT)",0,1922,1922,0,3613,3613
5091020801,"Miller, AR (CT)",196,1103,1299,441,2327,2768
5091020802,"Miller, AR (CT)",901,137,1038,2007,325,2332
5091020900,"Miller, AR (CT)",3193,293,3486,7306,770,8076
5091021000,"Miller, AR (CT)",3309,168,3477,7636,427,8063
5091980000,"Miller, AR (CT)",0,6,6,0,18,18
5093010100,"Mississippi, AR (CT)",0,988,988,0,1872,1872
5093010200,"Mississippi, AR (CT)",320,2216,2536,731,5272,6003
5093010300,"Mississippi, AR (CT)",134,1441,1575,237,3051,3288
5093010600,"Mississippi, AR (CT)",366,2425,2791,975,5403,6378
5093010700,"Mississippi, AR (CT)",1710,3,1713,4193,7,4200
5093010800,"Mississippi, AR (CT)",1693,1356,3049,3984,3124,7108
5093010900,"Mississippi, AR (CT)",586,510,1096,1593,1175,2768
5093011000,"Mississippi, AR (CT)",57,2059,2116,75,4599,4674
5093011100,"Mississippi, AR (CT)",246,997,1243,634,2506,3140
5093011200,"Mississippi, AR (CT)",911,0,911,2086,0,2086
5093011300,"Mississippi, AR (CT)",971,0,971,2206,0,2206
5093011400,"Mississippi, AR (CT)",157,1313,1470,143,2614,2757
5095950100,"Monroe, AR (CT)",623,1251,1874,1259,2528,3787
5095950200,"Monroe, AR (CT)",1189,0,1189,2140,0,2140
5095950300,"Monroe, AR (CT)",1392,0,1392,2222,0,2222
5097953000,"Montgomery, AR (CT)",2587,0,2587,3299,0,3299
5097953100,"Montgomery, AR (CT)",1242,0,1242,2242,0,2242
5097953200,"Montgomery, AR (CT)",1934,0,1934,3946,0,3946
5099090100,"Nevada, AR (CT)",1320,0,1320,2490,0,2490
5099090200,"Nevada, AR (CT)",1060,1317,2377,2190,2773,4963
5099090300,"Nevada, AR (CT)",866,0,866,1544,0,1544
5101180100,"Newton, AR (CT)",2152,0,2152,4077,0,4077
5101180200,"Newton, AR (CT)",2512,0,2512,4253,0,4253
5103950100,"Ouachita, AR (CT)",2680,0,2680,5686,0,5686
5103950200,"Ouachita, AR (CT)",1315,282,1597,2230,557,2787
5103950300,"Ouachita, AR (CT)",2806,0,2806,5522,0,5522
5103950400,"Ouachita, AR (CT)",74,1695,1769,122,3244,3366
5103950500,"Ouachita, AR (CT)",208,1674,1882,373,3371,3744
5103950600,"Ouachita, AR (CT)",385,2002,2387,786,4229,5015
5105952700,"Perry, AR (CT)",2470,0,2470,5282,0,5282
5105952800,"Perry, AR (CT)",1501,0,1501,3353,0,3353
5105952900,"Perry, AR (CT)",936,0,936,1810,0,1810
5107480100,"Phillips, AR (CT)",461,1037,1498,990,2197,3187
5107480200,"Phillips, AR (CT)",2712,0,2712,5903,0,5903
5107480300,"Phillips, AR (CT)",353,2340,2693,782,5418,6200
5107480400,"Phillips, AR (CT)",395,606,1001,724,1251,1975
5107480500,"Phillips, AR (CT)",108,1180,1288,200,2455,2655
5107480600,"Phillips, AR (CT)",934,0,934,1837,0,1837
5109953300,"Pike, AR (CT)",1824,0,1824,4237,0,4237
5109953400,"Pike, AR (CT)",1502,0,1502,2500,0,2500
5109953500,"Pike, AR (CT)",2254,0,2254,4554,0,4554
5111490100,"Poinsett, AR (CT)",1954,0,1954,4420,0,4420
5111490200,"Poinsett, AR (CT)",729,44,773,1645,111,1756
5111490300,"Poinsett, AR (CT)",265,1378,1643,638,2906,3544
5111490400,"Poinsett, AR (CT)",45,1688,1733,122,4078,4200
5111490500,"Poinsett, AR (CT)",2807,0,2807,6504,0,6504
5111490600,"Poinsett, AR (CT)",852,0,852,1698,0,1698
5111490700,"Poinsett, AR (CT)",1161,0,1161,2461,0,2461
5113950100,"Polk, AR (CT)",2136,0,2136,4336,0,4336
5113950200,"Polk, AR (CT)",1208,1647,2855,2549,3312,5861
5113950300,"Polk, AR (CT)",1283,0,1283,2721,0,2721
5113950400,"Polk, AR (CT)",493,1106,1599,1047,2187,3234
5113950500,"Polk, AR (CT)",1067,0,1067,2078,0,2078
5113950600,"Polk, AR (CT)",1062,0,1062,2432,0,2432
5115950700,"Pope, AR (CT)",1877,0,1877,3871,0,3871
5115950800,"Pope, AR (CT)",1854,0,1854,4330,0,4330
5115950900,"Pope, AR (CT)",2820,0,2820,6656,0,6656
5115951000,"Pope, AR (CT)",1944,0,1944,4359,0,4359
5115951100,"Pope, AR (CT)",1706,0,1706,4045,0,4045
5115951200,"Pope, AR (CT)",2682,591,3273,6864,1573,8437
5115951300,"Pope, AR (CT)",308,3082,3390,572,7128,7700
5115951400,"Pope, AR (CT)",163,1046,1209,376,4527,4903
5115951501,"Pope, AR (CT)",500,927,1427,1187,2399,3586
5115951502,"Pope, AR (CT)",0,3045,3045,0,6701,6701
5115951600,"Pope, AR (CT)",556,2450,3006,1392,5774,7166
5117460100,"Prairie, AR (CT)",1908,0,1908,3763,0,3763
5117460200,"Prairie, AR (CT)",1272,0,1272,2681,0,2681
5117460300,"Prairie, AR (CT)",1323,0,1323,2271,0,2271
5119000200,"Pulaski, AR (CT)",0,366,366,0,864,864
5119000500,"Pulaski, AR (CT)",0,1293,1293,0,2310,2310
5119001100,"Pulaski, AR (CT)",0,1202,1202,0,2364,2364
5119001200,"Pulaski, AR (CT)",0,585,585,0,2509,2509
5119001300,"Pulaski, AR (CT)",0,1151,1151,0,2340,2340
5119001501,"Pulaski, AR (CT)",0,2408,2408,0,3949,3949
5119001502,"Pulaski, AR (CT)",0,2414,2414,0,3702,3702
5119001600,"Pulaski, AR (CT)",0,3084,3084,0,5537,5537
5119001800,"Pulaski, AR (CT)",0,2096,2096,0,4359,4359
5119001900,"Pulaski, AR (CT)",0,1736,1736,0,3874,3874
5119002001,"Pulaski, AR (CT)",0,2373,2373,0,5425,5425
5119002002,"Pulaski, AR (CT)",0,2224,2224,0,5287,5287
5119002102,"Pulaski, AR (CT)",0,2100,2100,0,4633,4633
5119002103,"Pulaski, AR (CT)",0,1829,1829,0,3265,3265
5119002104,"Pulaski, AR (CT)",0,2169,2169,0,4550,4550
5119002203,"Pulaski, AR (CT)",0,3098,3098,0,5527,5527
5119002204,"Pulaski, AR (CT)",0,3548,3548,0,7413,7413
5119002206,"Pulaski, AR (CT)",0,2149,2149,0,3611,3611
5119002208,"Pulaski, AR (CT)",0,1063,1063,0,2112,2112
5119002209,"Pulaski, AR (CT)",0,1848,1848,0,3379,3379
5119002403,"Pulaski, AR (CT)",0,1774,1774,0,4141,4141
5119002405,"Pulaski, AR (CT)",141,1740,1881,346,4188,4534
5119002406,"Pulaski, AR (CT)",0,1324,1324,0,3096,3096
5119002407,"Pulaski, AR (CT)",0,777,777,0,1823,1823
5119002408,"Pulaski, AR (CT)",0,3193,3193,0,7133,7133
5119002500,"Pulaski, AR (CT)",0,939,939,0,1343,1343
5119002600,"Pulaski, AR (CT)",0,577,577,0,1342,1342
5119002700,"Pulaski, AR (CT)",151,2625,2776,314,6309,6623
5119002800,"Pulaski, AR (CT)",0,1146,1146,0,2356,2356
5119002900,"Pulaski, AR (CT)",0,795,795,0,1408,1408
5119003001,"Pulaski, AR (CT)",0,1394,1394,0,3118,3118
5119003002,"Pulaski, AR (CT)",0,1608,1608,0,3448,3448
5119003100,"Pulaski, AR (CT)",0,349,349,0,693,693
5119003202,"Pulaski, AR (CT)",0,2934,2934,0,7102,7102
5119003205,"Pulaski, AR (CT)",2,0,2,2,0,2
5119003207,"Pulaski, AR (CT)",0,950,950,0,1932,1932
5119003208,"Pulaski, AR (CT)",0,2203,2203,0,4830,4830
5119003303,"Pulaski, AR (CT)",0,2075,2075,0,4487,4487
5119003304,"Pulaski, AR (CT)",0,3166,3166,0,6012,6012
5119003305,"Pulaski, AR (CT)",0,1984,1984,0,4086,4086
5119003306,"Pulaski, AR (CT)",0,1679,1679,0,3087,3087
5119003402,"Pulaski, AR (CT)",1330,1120,2450,3126,2804,5930
5119003403,"Pulaski, AR (CT)",1176,0,1176,2709,0,2709
5119003404,"Pulaski, AR (CT)",2039,172,2211,4633,381,5014
5119003500,"Pulaski, AR (CT)",10,1266,1276,20,2893,2913
5119003604,"Pulaski, AR (CT)",67,2647,2714,154,6232,6386
5119003605,"Pulaski, AR (CT)",257,2262,2519,631,4839,5470
5119003606,"Pulaski, AR (CT)",156,1172,1328,337,2570,2907
5119003607,"Pulaski, AR (CT)",0,2003,2003,0,5004,5004
5119003608,"Pulaski, AR (CT)",0,2148,2148,0,4732,4732
5119003609,"Pulaski, AR (CT)",27,1827,1854,62,4006,4068
5119003703,"Pulaski, AR (CT)",0,2818,2818,0,6743,6743
5119003704,"Pulaski, AR (CT)",0,1752,1752,0,3747,3747
5119003706,"Pulaski, AR (CT)",0,452,452,0,1138,1138
5119003707,"Pulaski, AR (CT)",0,1835,1835,0,4269,4269
5119003710,"Pulaski, AR (CT)",0,1348,1348,0,2967,2967
5119003711,"Pulaski, AR (CT)",0,2100,2100,0,4889,4889
5119003712,"Pulaski, AR (CT)",0,1787,1787,0,4070,4070
5119003713,"Pulaski, AR (CT)",47,1575,1622,99,3668,3767
5119003800,"Pulaski, AR (CT)",182,1477,1659,403,3482,3885
5119003900,"Pulaski, AR (CT)",1458,62,1520,3244,127,3371
5119004001,"Pulaski, AR (CT)",578,576,1154,1416,1255,2671
5119004004,"Pulaski, AR (CT)",1610,0,1610,3743,0,3743
5119004005,"Pulaski, AR (CT)",717,198,915,1659,1729,3388
5119004006,"Pulaski, AR (CT)",1475,187,1662,3171,501,3672
5119004007,"Pulaski, AR (CT)",445,866,1311,908,1871,2779
5119004103,"Pulaski, AR (CT)",93,1574,1667,255,3646,3901
5119004104,"Pulaski, AR (CT)",564,160,724,1284,369,1653
5119004105,"Pulaski, AR (CT)",0,2296,2296,0,5837,5837
5119004106,"Pulaski, AR (CT)",0,2342,2342,0,5876,5876
5119004107,"Pulaski, AR (CT)",0,1475,1475,0,3552,3552
5119004108,"Pulaski, AR (CT)",0,2320,2320,0,5608,5608
5119004201,"Pulaski, AR (CT)",1129,0,1129,2552,0,2552
5119004202,"Pulaski, AR (CT)",1505,0,1505,3709,0,3709
5119004205,"Pulaski, AR (CT)",499,1269,1768,1088,2654,3742
5119004207,"Pulaski, AR (CT)",1198,1867,3065,2785,4453,7238
5119004212,"Pulaski, AR (CT)",0,2060,2060,0,5561,5561
5119004213,"Pulaski, AR (CT)",89,1305,1394,216,3478,3694
5119004214,"Pulaski, AR (CT)",0,1219,1219,0,2891,2891
5119004215,"Pulaski, AR (CT)",0,2385,2385,0,5282,5282
5119004216,"Pulaski, AR (CT)",0,3225,3225,0,6534,6534
5119004218,"Pulaski, AR (CT)",0,1382,1382,0,2694,2694
5119004219,"Pulaski, AR (CT)",0,2212,2212,0,5415,5415
5119004220,"Pulaski, AR (CT)",0,2656,2656,0,6364,6364
5119004221,"Pulaski, AR (CT)",1034,1123,2157,2310,1829,4139
5119004302,"Pulaski, AR (CT)",1497,736,2233,3360,1528,4888
5119004303,"Pulaski, AR (CT)",744,3653,4397,1639,7791,9430
5119004305,"Pulaski, AR (CT)",343,2626,2969,814,6588,7402
5119004306,"Pulaski, AR (CT)",0,2348,2348,0,5196,5196
5119004400,"Pulaski, AR (CT)",0,1371,1371,0,1606,1606
5119004500,"Pulaski, AR (CT)",0,1153,1153,0,2340,2340
5119004600,"Pulaski, AR (CT)",0,1826,1826,0,2800,2800
5119004700,"Pulaski, AR (CT)",0,2069,2069,0,3483,3483
5119004800,"Pulaski, AR (CT)",0,1550,1550,0,3243,3243
5119004900,"Pulaski, AR (CT)",0,3172,3172,0,6280,6280
5121960100,"Randolph, AR (CT)",2100,0,2100,4306,0,4306
5121960200,"Randolph, AR (CT)",3002,0,3002,6230,0,6230
5121960301,"Randolph, AR (CT)",391,1291,1682,907,2893,3800
5121960302,"Randolph, AR (CT)",315,1414,1729,672,2961,3633
5123960100,"St. Francis, AR (CT)",1468,0,1468,3136,0,3136
5123960200,"St. Francis, AR (CT)",2867,3,2870,6365,7,6372
5123960300,"St. Francis, AR (CT)",1285,0,1285,2700,0,2700
5123960400,"St. Francis, AR (CT)",219,1669,1888,490,4001,4491
5123960500,"St. Francis, AR (CT)",341,1106,1447,824,2385,3209
5123960600,"St. Francis, AR (CT)",513,1432,1945,1053,7297,8350
5125010101,"Saline, AR (CT)",0,1819,1819,0,3884,3884
5125010102,"Saline, AR (CT)",0,3369,3369,0,8532,8532
5125010103,"Saline, AR (CT)",40,3394,3434,84,7746,7830
5125010301,"Saline, AR (CT)",0,1417,1417,0,3382,3382
5125010302,"Saline, AR (CT)",0,1312,1312,0,3066,3066
5125010303,"Saline, AR (CT)",115,1347,1462,294,3298,3592
5125010404,"Saline, AR (CT)",102,2790,2892,220,6884,7104
5125010405,"Saline, AR (CT)",1822,0,1822,4547,0,4547
5125010406,"Saline, AR (CT)",2220,0,2220,5546,0,5546
5125010407,"Saline, AR (CT)",1692,0,1692,4481,0,4481
5125010408,"Saline, AR (CT)",875,1467,2342,2123,3682,5805
5125010409,"Saline, AR (CT)",538,625,1163,1386,1478,2864
5125010503,"Saline, AR (CT)",1161,1249,2410,2840,3793,6633
5125010506,"Saline, AR (CT)",1647,2199,3846,3000,3659,6659
5125010507,"Saline, AR (CT)",1314,0,1314,2951,0,2951
5125010508,"Saline, AR (CT)",1483,220,1703,3790,576,4366
5125010509,"Saline, AR (CT)",866,418,1284,2214,1011,3225
5125010510,"Saline, AR (CT)",70,3142,3212,176,8079,8255
5125010511,"Saline, AR (CT)",834,1172,2006,2190,2795,4985
5125010512,"Saline, AR (CT)",723,391,1114,1863,1036,2899
5125010600,"Saline, AR (CT)",438,2540,2978,1029,5483,6512
5127950100,"Scott, AR (CT)",2188,18,2206,4898,45,4943
5127950200,"Scott, AR (CT)",420,1522,1942,986,3285,4271
5127950300,"Scott, AR (CT)",1045,0,1045,2019,0,2019
5129970100,"Searcy, AR (CT)",1468,0,1468,2329,0,2329
5129970200,"Searcy, AR (CT)",2052,0,2052,3641,0,3641
5129970300,"Searcy, AR (CT)",1380,0,1380,2225,0,2225
5131000100,"Sebastian, AR (CT)",0,2283,2283,0,6424,6424
5131000200,"Sebastian, AR (CT)",115,1636,1751,394,4682,5076
5131000300,"Sebastian, AR (CT)",0,1021,1021,0,2640,2640
5131000400,"Sebastian, AR (CT)",0,1496,1496,0,3615,3615
5131000501,"Sebastian, AR (CT)",0,2233,2233,0,5196,5196
5131000502,"Sebastian, AR (CT)",0,1194,1194,0,3063,3063
5131000600,"Sebastian, AR (CT)",19,2368,2387,25,5035,5060
5131000700,"Sebastian, AR (CT)",0,2700,2700,0,6240,6240
5131000800,"Sebastian, AR (CT)",0,2145,2145,0,4091,4091
5131001001,"Sebastian, AR (CT)",0,2513,2513,0,4642,4642
5131001002,"Sebastian, AR (CT)",0,937,937,0,2017,2017
5131001101,"Sebastian, AR (CT)",0,2129,2129,0,4025,4025
5131001102,"Sebastian, AR (CT)",0,1426,1426,0,3058,3058
5131001201,"Sebastian, AR (CT)",0,1536,1536,0,3422,3422
5131001202,"Sebastian, AR (CT)",0,1480,1480,0,3254,3254
5131001301,"Sebastian, AR (CT)",0,1053,1053,0,2510,2510
5131001302,"Sebastian, AR (CT)",161,3722,3883,352,8348,8700
5131001303,"Sebastian, AR (CT)",6,2866,2872,12,6543,6555
5131001304,"Sebastian, AR (CT)",152,2957,3109,354,6955,7309
5131001305,"Sebastian, AR (CT)",0,2142,2142,0,4718,4718
5131010101,"Sebastian, AR (CT)",2511,0,2511,6118,0,6118
5131010102,"Sebastian, AR (CT)",1850,699,2549,4328,1999,6327
5131010201,"Sebastian, AR (CT)",564,1548,2112,1281,3582,4863
5131010202,"Sebastian, AR (CT)",220,1301,1521,576,3277,3853
5131010301,"Sebastian, AR (CT)",2486,110,2596,5848,238,6086
5131010302,"Sebastian, AR (CT)",3072,0,3072,6882,0,6882
5133080100,"Sevier, AR (CT)",1642,25,1667,3699,79,3778
5133080200,"Sevier, AR (CT)",1681,88,1769,4061,219,4280
5133080300,"Sevier, AR (CT)",186,2002,2188,534,5911,6445
5133080400,"Sevier, AR (CT)",1263,0,1263,2555,0,2555
5135470100,"Sharp, AR (CT)",1268,0,1268,1843,0,1843
5135470200,"Sharp, AR (CT)",1511,2171,3682,2079,3426,5505
5135470300,"Sharp, AR (CT)",1996,6,2002,3900,17,3917
5135470400,"Sharp, AR (CT)",2870,0,2870,5999,0,5999
5137950100,"Stone, AR (CT)",2160,0,2160,4003,0,4003
5137950201,"Stone, AR (CT)",907,0,907,1657,0,1657
5137950202,"Stone, AR (CT)",3645,0,3645,6734,0,6734
5139950100,"Union, AR (CT)",2084,0,2084,3529,0,3529
5139950200,"Union, AR (CT)",1970,11,1981,4213,25,4238
5139950300,"Union, AR (CT)",1149,0,1149,2472,0,2472
5139950400,"Union, AR (CT)",2496,105,2601,5509,255,5764
5139950500,"Union, AR (CT)",2491,245,2736,5695,561,6256
5139950600,"Union, AR (CT)",245,1615,1860,466,3296,3762
5139950700,"Union, AR (CT)",222,2116,2338,434,4404,4838
5139950800,"Union, AR (CT)",162,1587,1749,369,3116,3485
5139950900,"Union, AR (CT)",0,1116,1116,0,2605,2605
5139951000,"Union, AR (CT)",4,2035,2039,8,4682,4690
5141460100,"Van Buren, AR (CT)",2023,0,2023,3552,0,3552
5141460200,"Van Buren, AR (CT)",2067,0,2067,3876,0,3876
5141460301,"Van Buren, AR (CT)",1269,0,1269,1812,0,1812
5141460302,"Van Buren, AR (CT)",2733,0,2733,3894,0,3894
5141460400,"Van Buren, AR (CT)",2253,0,2253,4161,0,4161
5143010101,"Washington, AR (CT)",1570,192,1762,3472,530,4002
5143010102,"Washington, AR (CT)",2018,1037,3055,4685,2962,7647
5143010104,"Washington, AR (CT)",0,3091,3091,0,5803,5803
5143010105,"Washington, AR (CT)",1938,1443,3381,4502,3563,8065
5143010106,"Washington, AR (CT)",0,2967,2967,0,5451,5451
5143010107,"Washington, AR (CT)",0,2648,2648,0,5571,5571
5143010200,"Washington, AR (CT)",82,2343,2425,208,6624,6832
5143010301,"Washington, AR (CT)",0,3504,3504,0,9474,9474
5143010302,"Washington, AR (CT)",13,4539,4552,36,13521,13557
5143010401,"Washington, AR (CT)",0,2070,2070,0,5842,5842
5143010402,"Washington, AR (CT)",0,1726,1726,0,4496,4496
5143010403,"Washington, AR (CT)",4,3168,3172,4,7528,7532
5143010501,"Washington, AR (CT)",1878,32,1910,4656,113,4769
5143010503,"Washington, AR (CT)",215,3367,3582,538,7138,7676
5143010504,"Washington, AR (CT)",2500,471,2971,5943,1159,7102
5143010506,"Washington, AR (CT)",1231,3521,4752,2992,6467,9459
5143010507,"Washington, AR (CT)",44,3161,3205,126,6244,6370
5143010508,"Washington, AR (CT)",906,1656,2562,2073,4087,6160
5143010509,"Washington, AR (CT)",237,2284,2521,554,6241,6795
5143010510,"Washington, AR (CT)",0,1583,1583,0,4689,4689
5143010600,"Washington, AR (CT)",0,3868,3868,0,6485,6485
5143010701,"Washington, AR (CT)",0,3974,3974,0,6604,6604
5143010702,"Washington, AR (CT)",0,2710,2710,0,4870,4870
5143011001,"Washington, AR (CT)",1247,2190,3437,2917,5067,7984
5143011002,"Washington, AR (CT)",1710,378,2088,3822,844,4666
5143011003,"Washington, AR (CT)",1837,157,1994,4522,405,4927
5143011004,"Washington, AR (CT)",1808,0,1808,3803,0,3803
5143011101,"Washington, AR (CT)",158,3051,3209,367,6195,6562
5143011102,"Washington, AR (CT)",1102,1628,2730,2539,3921,6460
5143011103,"Washington, AR (CT)",1821,0,1821,4012,0,4012
5143011200,"Washington, AR (CT)",0,696,696,0,1868,1868
5143011300,"Washington, AR (CT)",0,2034,2034,0,7532,7532
5145070100,"White, AR (CT)",2078,0,2078,4565,0,4565
5145070200,"White, AR (CT)",2358,0,2358,5098,0,5098
5145070300,"White, AR (CT)",2174,0,2174,5287,0,5287
5145070401,"White, AR (CT)",924,1429,2353,2293,3391,5684
5145070402,"White, AR (CT)",390,1507,1897,955,3202,4157
5145070500,"White, AR (CT)",2107,512,2619,5118,1182,6300
5145070600,"White, AR (CT)",749,1151,1900,1682,2517,4199
5145070700,"White, AR (CT)",122,1780,1902,288,3763,4051
5145070800,"White, AR (CT)",3,1874,1877,11,6353,6364
5145070900,"White, AR (CT)",962,2492,3454,2430,5818,8248
5145071000,"White, AR (CT)",2888,0,2888,7016,0,7016
5145071100,"White, AR (CT)",1993,1038,3031,4291,2270,6561
5145071200,"White, AR (CT)",1085,2872,3957,2832,6714,9546
5147490100,"Woodruff, AR (CT)",2378,0,2378,4486,0,4486
5147490200,"Woodruff, AR (CT)",1515,0,1515,2774,0,2774
5149952301,"Yell, AR (CT)",364,894,1258,768,2358,3126
5149952302,"Yell, AR (CT)",289,924,1213,668,2273,2941
5149952401,"Yell, AR (CT)",1411,0,1411,3180,0,3180
5149952402,"Yell, AR (CT)",2372,0,2372,5515,0,5515
5149952500,"Yell, AR (CT)",1955,0,1955,4796,0,4796
5149952600,"Yell, AR (CT)",1543,0,1543,2627,0,2627
6001400100,"Alameda, CA (CT)",0,1396,1396,0,2937,2937
6001400200,"Alameda, CA (CT)",0,915,915,0,1974,1974
6001400300,"Alameda, CA (CT)",0,2591,2591,0,4865,4865
6001400400,"Alameda, CA (CT)",0,1903,1903,0,3703,3703
6001400500,"Alameda, CA (CT)",0,1684,1684,0,3517,3517
6001400600,"Alameda, CA (CT)",0,757,757,0,1571,1571
6001400700,"Alameda, CA (CT)",0,1929,1929,0,4206,4206
6001400800,"Alameda, CA (CT)",0,1733,1733,0,3594,3594
6001400900,"Alameda, CA (CT)",0,1153,1153,0,2302,2302
6001401000,"Alameda, CA (CT)",0,2658,2658,0,5678,5678
6001401100,"Alameda, CA (CT)",0,2147,2147,0,4156,4156
6001401200,"Alameda, CA (CT)",0,1296,1296,0,2416,2416
6001401300,"Alameda, CA (CT)",0,1839,1839,0,3528,3528
6001401400,"Alameda, CA (CT)",0,1764,1764,0,4314,4314
6001401500,"Alameda, CA (CT)",0,1244,1244,0,2630,2630
6001401600,"Alameda, CA (CT)",0,919,919,0,2163,2163
6001401700,"Alameda, CA (CT)",0,1310,1310,0,2667,2667
6001401800,"Alameda, CA (CT)",0,800,800,0,1703,1703
6001402200,"Alameda, CA (CT)",0,988,988,0,2385,2385
6001402400,"Alameda, CA (CT)",0,1168,1168,0,2351,2351
6001402500,"Alameda, CA (CT)",0,747,747,0,1784,1784
6001402600,"Alameda, CA (CT)",0,656,656,0,1151,1151
6001402700,"Alameda, CA (CT)",0,731,731,0,1569,1569
6001402800,"Alameda, CA (CT)",0,2317,2317,0,3345,3345
6001402900,"Alameda, CA (CT)",0,959,959,0,1434,1434
6001403000,"Alameda, CA (CT)",0,1732,1732,0,2788,2788
6001403100,"Alameda, CA (CT)",0,751,751,0,2238,2238
6001403300,"Alameda, CA (CT)",0,2236,2236,0,4054,4054
6001403400,"Alameda, CA (CT)",0,3071,3071,0,4146,4146
6001403501,"Alameda, CA (CT)",0,2745,2745,0,4374,4374
6001403502,"Alameda, CA (CT)",0,1296,1296,0,1991,1991
6001403600,"Alameda, CA (CT)",0,2732,2732,0,4482,4482
6001403701,"Alameda, CA (CT)",0,1915,1915,0,2587,2587
6001403702,"Alameda, CA (CT)",0,1211,1211,0,1724,1724
6001403800,"Alameda, CA (CT)",0,1975,1975,0,3461,3461
6001403900,"Alameda, CA (CT)",0,2265,2265,0,3584,3584
6001404000,"Alameda, CA (CT)",0,1831,1831,0,2819,2819
6001404101,"Alameda, CA (CT)",0,1819,1819,0,2929,2929
6001404102,"Alameda, CA (CT)",0,1706,1706,0,2283,2283
6001404200,"Alameda, CA (CT)",0,1420,1420,0,3483,3483
6001404300,"Alameda, CA (CT)",0,1395,1395,0,3218,3218
6001404400,"Alameda, CA (CT)",0,2391,2391,0,5314,5314
6001404501,"Alameda, CA (CT)",0,710,710,0,1677,1677
6001404502,"Alameda, CA (CT)",0,2548,2548,0,5784,5784
6001404600,"Alameda, CA (CT)",0,1867,1867,0,4353,4353
6001404700,"Alameda, CA (CT)",0,825,825,0,1954,1954
6001404800,"Alameda, CA (CT)",0,1288,1288,0,2684,2684
6001404900,"Alameda, CA (CT)",0,2056,2056,0,4129,4129
6001405000,"Alameda, CA (CT)",0,1606,1606,0,3136,3136
6001405100,"Alameda, CA (CT)",0,1627,1627,0,4197,4197
6001405200,"Alameda, CA (CT)",0,2597,2597,0,4597,4597
6001405301,"Alameda, CA (CT)",0,1656,1656,0,2603,2603
6001405302,"Alameda, CA (CT)",0,1561,1561,0,2530,2530
6001405401,"Alameda, CA (CT)",0,1748,1748,0,3957,3957
6001405402,"Alameda, CA (CT)",0,1251,1251,0,3114,3114
6001405500,"Alameda, CA (CT)",0,1642,1642,0,3643,3643
6001405600,"Alameda, CA (CT)",0,1511,1511,0,3137,3137
6001405700,"Alameda, CA (CT)",0,1439,1439,0,3243,3243
6001405800,"Alameda, CA (CT)",0,1382,1382,0,3965,3965
6001405901,"Alameda, CA (CT)",0,1192,1192,0,3910,3910
6001405902,"Alameda, CA (CT)",0,1001,1001,0,3035,3035
6001406000,"Alameda, CA (CT)",0,1669,1669,0,3450,3450
6001406100,"Alameda, CA (CT)",0,1620,1620,0,4381,4381
6001406201,"Alameda, CA (CT)",0,1520,1520,0,4649,4649
6001406202,"Alameda, CA (CT)",0,1406,1406,0,4718,4718
6001406300,"Alameda, CA (CT)",0,1323,1323,0,4113,4113
6001406400,"Alameda, CA (CT)",0,789,789,0,2145,2145
6001406500,"Alameda, CA (CT)",0,2015,2015,0,5930,5930
6001406601,"Alameda, CA (CT)",0,1805,1805,0,4596,4596
6001406602,"Alameda, CA (CT)",0,964,964,0,2493,2493
6001406700,"Alameda, CA (CT)",0,2335,2335,0,5048,5048
6001406800,"Alameda, CA (CT)",0,1451,1451,0,3428,3428
6001406900,"Alameda, CA (CT)",0,1561,1561,0,3719,3719
6001407000,"Alameda, CA (CT)",0,2233,2233,0,5885,5885
6001407101,"Alameda, CA (CT)",0,1096,1096,0,3414,3414
6001407102,"Alameda, CA (CT)",0,1375,1375,0,4351,4351
6001407200,"Alameda, CA (CT)",0,2008,2008,0,6746,6746
6001407300,"Alameda, CA (CT)",0,811,811,0,2598,2598
6001407400,"Alameda, CA (CT)",0,1186,1186,0,3954,3954
6001407500,"Alameda, CA (CT)",0,1386,1386,0,3931,3931
6001407600,"Alameda, CA (CT)",0,2251,2251,0,6027,6027
6001407700,"Alameda, CA (CT)",0,1826,1826,0,4109,4109
6001407800,"Alameda, CA (CT)",0,783,783,0,2425,2425
6001407900,"Alameda, CA (CT)",0,1198,1198,0,2706,2706
6001408000,"Alameda, CA (CT)",0,1058,1058,0,2671,2671
6001408100,"Alameda, CA (CT)",4,2710,2714,9,5982,5991
6001408200,"Alameda, CA (CT)",0,1819,1819,0,4054,4054
6001408300,"Alameda, CA (CT)",0,1826,1826,0,4167,4167
6001408400,"Alameda, CA (CT)",0,1275,1275,0,3323,3323
6001408500,"Alameda, CA (CT)",0,1666,1666,0,4972,4972
6001408600,"Alameda, CA (CT)",0,1897,1897,0,5492,5492
6001408700,"Alameda, CA (CT)",0,2512,2512,0,7207,7207
6001408800,"Alameda, CA (CT)",0,1937,1937,0,5547,5547
6001408900,"Alameda, CA (CT)",0,1074,1074,0,3414,3414
6001409000,"Alameda, CA (CT)",0,1071,1071,0,3552,3552
6001409100,"Alameda, CA (CT)",0,664,664,0,2255,2255
6001409200,"Alameda, CA (CT)",0,972,972,0,3152,3152
6001409300,"Alameda, CA (CT)",0,1614,1614,0,5229,5229
6001409400,"Alameda, CA (CT)",0,1260,1260,0,4306,4306
6001409500,"Alameda, CA (CT)",0,1007,1007,0,3122,3122
6001409600,"Alameda, CA (CT)",0,1561,1561,0,5063,5063
6001409700,"Alameda, CA (CT)",0,1697,1697,0,4696,4696
6001409800,"Alameda, CA (CT)",0,1289,1289,0,2887,2887
6001409900,"Alameda, CA (CT)",0,1415,1415,0,3308,3308
6001410000,"Alameda, CA (CT)",0,1179,1179,0,2805,2805
6001410100,"Alameda, CA (CT)",0,1003,1003,0,2406,2406
6001410200,"Alameda, CA (CT)",0,1179,1179,0,3062,3062
6001410300,"Alameda, CA (CT)",0,1044,1044,0,3536,3536
6001410400,"Alameda, CA (CT)",0,1352,1352,0,3792,3792
6001410500,"Alameda, CA (CT)",0,948,948,0,2193,2193
6001420100,"Alameda, CA (CT)",0,926,926,0,2355,2355
6001420200,"Alameda, CA (CT)",0,1307,1307,0,2898,2898
6001420300,"Alameda, CA (CT)",0,2140,2140,0,4571,4571
6001420400,"Alameda, CA (CT)",0,1185,1185,0,3124,3124
6001420500,"Alameda, CA (CT)",0,995,995,0,2308,2308
6001420600,"Alameda, CA (CT)",0,1336,1336,0,3283,3283
6001421100,"Alameda, CA (CT)",0,886,886,0,1992,1992
6001421200,"Alameda, CA (CT)",0,1547,1547,0,3563,3563
6001421300,"Alameda, CA (CT)",0,1750,1750,0,3844,3844
6001421400,"Alameda, CA (CT)",0,695,695,0,1593,1593
6001421500,"Alameda, CA (CT)",0,1647,1647,0,3640,3640
6001421600,"Alameda, CA (CT)",0,1707,1707,0,3558,3558
6001421700,"Alameda, CA (CT)",0,1679,1679,0,3198,3198
6001421800,"Alameda, CA (CT)",0,931,931,0,2007,2007
6001421900,"Alameda, CA (CT)",0,1792,1792,0,3632,3632
6001422000,"Alameda, CA (CT)",0,729,729,0,1756,1756
6001422100,"Alameda, CA (CT)",0,1255,1255,0,2685,2685
6001422200,"Alameda, CA (CT)",0,1629,1629,0,3144,3144
6001422300,"Alameda, CA (CT)",0,1802,1802,0,3387,3387
6001422400,"Alameda, CA (CT)",0,2378,2378,0,4196,4196
6001422500,"Alameda, CA (CT)",0,1711,1711,0,4658,4658
6001422600,"Alameda, CA (CT)",0,14,14,0,1215,1215
6001422700,"Alameda, CA (CT)",0,1383,1383,0,4885,4885
6001422800,"Alameda, CA (CT)",0,1691,1691,0,8368,8368
6001422900,"Alameda, CA (CT)",0,2171,2171,0,4336,4336
6001423000,"Alameda, CA (CT)",0,2208,2208,0,4396,4396
6001423100,"Alameda, CA (CT)",0,1967,1967,0,3964,3964
6001423200,"Alameda, CA (CT)",0,1168,1168,0,2794,2794
6001423300,"Alameda, CA (CT)",0,1745,1745,0,3647,3647
6001423400,"Alameda, CA (CT)",0,2196,2196,0,4685,4685
6001423500,"Alameda, CA (CT)",0,1577,1577,0,3118,3118
6001423601,"Alameda, CA (CT)",0,1321,1321,0,2642,2642
6001423602,"Alameda, CA (CT)",0,2716,2716,0,5659,5659
6001423700,"Alameda, CA (CT)",0,1501,1501,0,3633,3633
6001423800,"Alameda, CA (CT)",0,1324,1324,0,2925,2925
6001423901,"Alameda, CA (CT)",0,950,950,0,2020,2020
6001423902,"Alameda, CA (CT)",0,801,801,0,1552,1552
6001424001,"Alameda, CA (CT)",0,1585,1585,0,3716,3716
6001424002,"Alameda, CA (CT)",0,998,998,0,2172,2172
6001425101,"Alameda, CA (CT)",0,1293,1293,0,1596,1596
6001425102,"Alameda, CA (CT)",0,1893,1893,0,2807,2807
6001425103,"Alameda, CA (CT)",0,1424,1424,0,2502,2502
6001425104,"Alameda, CA (CT)",0,2036,2036,0,3175,3175
6001426100,"Alameda, CA (CT)",0,2189,2189,0,5922,5922
6001426200,"Alameda, CA (CT)",0,1735,1735,0,4745,4745
6001427100,"Alameda, CA (CT)",0,1469,1469,0,3646,3646
6001427200,"Alameda, CA (CT)",0,1730,1730,0,4107,4107
6001427300,"Alameda, CA (CT)",0,2212,2212,0,4896,4896
6001427600,"Alameda, CA (CT)",0,1881,1881,0,4722,4722
6001427700,"Alameda, CA (CT)",0,2429,2429,0,4866,4866
6001427800,"Alameda, CA (CT)",0,2136,2136,0,4640,4640
6001427900,"Alameda, CA (CT)",0,2224,2224,0,4567,4567
6001428000,"Alameda, CA (CT)",0,1429,1429,0,2928,2928
6001428100,"Alameda, CA (CT)",0,2056,2056,0,4651,4651
6001428200,"Alameda, CA (CT)",0,2762,2762,0,6259,6259
6001428301,"Alameda, CA (CT)",0,2536,2536,0,6526,6526
6001428302,"Alameda, CA (CT)",0,2728,2728,0,7074,7074
6001428400,"Alameda, CA (CT)",0,2013,2013,0,4357,4357
6001428500,"Alameda, CA (CT)",0,1558,1558,0,3183,3183
6001428600,"Alameda, CA (CT)",0,1638,1638,0,3271,3271
6001428700,"Alameda, CA (CT)",0,1550,1550,0,4119,4119
6001430101,"Alameda, CA (CT)",32,2237,2269,81,6442,6523
6001430102,"Alameda, CA (CT)",106,818,924,283,2002,2285
6001430200,"Alameda, CA (CT)",0,2525,2525,0,6916,6916
6001430300,"Alameda, CA (CT)",0,1354,1354,0,3670,3670
6001430400,"Alameda, CA (CT)",0,765,765,0,2046,2046
6001430500,"Alameda, CA (CT)",0,2138,2138,0,6049,6049
6001430600,"Alameda, CA (CT)",0,2180,2180,0,5887,5887
6001430700,"Alameda, CA (CT)",0,1398,1398,0,3814,3814
6001430800,"Alameda, CA (CT)",0,2214,2214,0,5394,5394
6001430900,"Alameda, CA (CT)",0,1899,1899,0,4681,4681
6001431000,"Alameda, CA (CT)",0,1231,1231,0,2714,2714
6001431100,"Alameda, CA (CT)",0,1390,1390,0,3225,3225
6001431200,"Alameda, CA (CT)",0,2691,2691,0,5627,5627
6001432100,"Alameda, CA (CT)",0,1498,1498,0,3770,3770
6001432200,"Alameda, CA (CT)",0,1784,1784,0,4080,4080
6001432300,"Alameda, CA (CT)",0,1728,1728,0,4656,4656
6001432400,"Alameda, CA (CT)",0,1923,1923,0,5814,5814
6001432501,"Alameda, CA (CT)",0,1517,1517,0,4839,4839
6001432502,"Alameda, CA (CT)",0,1466,1466,0,4485,4485
6001432600,"Alameda, CA (CT)",0,3073,3073,0,6842,6842
6001432700,"Alameda, CA (CT)",0,1080,1080,0,2478,2478
6001432800,"Alameda, CA (CT)",0,1497,1497,0,3729,3729
6001433000,"Alameda, CA (CT)",0,1478,1478,0,3832,3832
6001433102,"Alameda, CA (CT)",0,1386,1386,0,3989,3989
6001433103,"Alameda, CA (CT)",0,1547,1547,0,3530,3530
6001433104,"Alameda, CA (CT)",0,1903,1903,0,3760,3760
6001433200,"Alameda, CA (CT)",0,2843,2843,0,6897,6897
6001433300,"Alameda, CA (CT)",0,2240,2240,0,6834,6834
6001433400,"Alameda, CA (CT)",0,2333,2333,0,6305,6305
6001433500,"Alameda, CA (CT)",0,1425,1425,0,4352,4352
6001433600,"Alameda, CA (CT)",0,2164,2164,0,5978,5978
6001433700,"Alameda, CA (CT)",0,1076,1076,0,3182,3182
6001433800,"Alameda, CA (CT)",0,2573,2573,0,7369,7369
6001433900,"Alameda, CA (CT)",0,2352,2352,0,6599,6599
6001434000,"Alameda, CA (CT)",0,1795,1795,0,4884,4884
6001435102,"Alameda, CA (CT)",0,1648,1648,0,5179,5179
6001435103,"Alameda, CA (CT)",130,2000,2130,267,6136,6403
6001435104,"Alameda, CA (CT)",0,2096,2096,0,5216,5216
6001435200,"Alameda, CA (CT)",0,1429,1429,0,4140,4140
6001435300,"Alameda, CA (CT)",0,1738,1738,0,4479,4479
6001435400,"Alameda, CA (CT)",0,2161,2161,0,4503,4503
6001435500,"Alameda, CA (CT)",0,1515,1515,0,3725,3725
6001435601,"Alameda, CA (CT)",0,1611,1611,0,4902,4902
6001435602,"Alameda, CA (CT)",0,1746,1746,0,5329,5329
6001435700,"Alameda, CA (CT)",0,1527,1527,0,4594,4594
6001435800,"Alameda, CA (CT)",0,1666,1666,0,5382,5382
6001435900,"Alameda, CA (CT)",0,1696,1696,0,5073,5073
6001436000,"Alameda, CA (CT)",0,1474,1474,0,4557,4557
6001436100,"Alameda, CA (CT)",0,1800,1800,0,5261,5261
6001436200,"Alameda, CA (CT)",0,1287,1287,0,3827,3827
6001436300,"Alameda, CA (CT)",0,2290,2290,0,7129,7129
6001436401,"Alameda, CA (CT)",0,3042,3042,0,7042,7042
6001436402,"Alameda, CA (CT)",0,1051,1051,0,2618,2618
6001436500,"Alameda, CA (CT)",0,1843,1843,0,4583,4583
6001436601,"Alameda, CA (CT)",0,1937,1937,0,6091,6091
6001436602,"Alameda, CA (CT)",0,1718,1718,0,4571,4571
6001436700,"Alameda, CA (CT)",0,1050,1050,0,3284,3284
6001436800,"Alameda, CA (CT)",0,1366,1366,0,4027,4027
6001436900,"Alameda, CA (CT)",0,1926,1926,0,6724,6724
6001437000,"Alameda, CA (CT)",0,1269,1269,0,3473,3473
6001437101,"Alameda, CA (CT)",0,1880,1880,0,6448,6448
6001437102,"Alameda, CA (CT)",0,1465,1465,0,4251,4251
6001437200,"Alameda, CA (CT)",0,2435,2435,0,6755,6755
6001437300,"Alameda, CA (CT)",0,943,943,0,3111,3111
6001437400,"Alameda, CA (CT)",0,954,954,0,3408,3408
6001437500,"Alameda, CA (CT)",0,1189,1189,0,4528,4528
6001437600,"Alameda, CA (CT)",0,940,940,0,3217,3217
6001437701,"Alameda, CA (CT)",0,1107,1107,0,3649,3649
6001437702,"Alameda, CA (CT)",0,1111,1111,0,4256,4256
6001437800,"Alameda, CA (CT)",0,1393,1393,0,4621,4621
6001437900,"Alameda, CA (CT)",0,708,708,0,2338,2338
6001438000,"Alameda, CA (CT)",0,1124,1124,0,3283,3283
6001438100,"Alameda, CA (CT)",0,2185,2185,0,7675,7675
6001438201,"Alameda, CA (CT)",0,1245,1245,0,4540,4540
6001438203,"Alameda, CA (CT)",0,1263,1263,0,3920,3920
6001438204,"Alameda, CA (CT)",0,1925,1925,0,5368,5368
6001438300,"Alameda, CA (CT)",0,924,924,0,3731,3731
6001438400,"Alameda, CA (CT)",0,746,746,0,2331,2331
6001440100,"Alameda, CA (CT)",25,1002,1027,53,2257,2310
6001440200,"Alameda, CA (CT)",0,1492,1492,0,5989,5989
6001440301,"Alameda, CA (CT)",0,2195,2195,0,7312,7312
6001440304,"Alameda, CA (CT)",0,1316,1316,0,4674,4674
6001440305,"Alameda, CA (CT)",0,1023,1023,0,3883,3883
6001440306,"Alameda, CA (CT)",0,1036,1036,0,3841,3841
6001440307,"Alameda, CA (CT)",0,1626,1626,0,4219,4219
6001440308,"Alameda, CA (CT)",0,2019,2019,0,5883,5883
6001440331,"Alameda, CA (CT)",0,942,942,0,3205,3205
6001440332,"Alameda, CA (CT)",0,872,872,0,3310,3310
6001440333,"Alameda, CA (CT)",0,828,828,0,2839,2839
6001440334,"Alameda, CA (CT)",0,1070,1070,0,4016,4016
6001440335,"Alameda, CA (CT)",0,2225,2225,0,6496,6496
6001440336,"Alameda, CA (CT)",0,1480,1480,0,4459,4459
6001441100,"Alameda, CA (CT)",49,1679,1728,123,4185,4308
6001441200,"Alameda, CA (CT)",0,2641,2641,0,6816,6816
6001441301,"Alameda, CA (CT)",0,1199,1199,0,3179,3179
6001441302,"Alameda, CA (CT)",0,1855,1855,0,5553,5553
6001441401,"Alameda, CA (CT)",0,2346,2346,0,6931,6931
6001441402,"Alameda, CA (CT)",0,1728,1728,0,5233,5233
6001441501,"Alameda, CA (CT)",0,1758,1758,0,6068,6068
6001441503,"Alameda, CA (CT)",0,2021,2021,0,5389,5389
6001441521,"Alameda, CA (CT)",0,1800,1800,0,5869,5869
6001441522,"Alameda, CA (CT)",0,1457,1457,0,4980,4980
6001441523,"Alameda, CA (CT)",0,1402,1402,0,4077,4077
6001441524,"Alameda, CA (CT)",0,1332,1332,0,4010,4010
6001441601,"Alameda, CA (CT)",0,1451,1451,0,4561,4561
6001441602,"Alameda, CA (CT)",0,2330,2330,0,6802,6802
6001441700,"Alameda, CA (CT)",0,2762,2762,0,7436,7436
6001441800,"Alameda, CA (CT)",0,2413,2413,0,6786,6786
6001441921,"Alameda, CA (CT)",0,1295,1295,0,3663,3663
6001441923,"Alameda, CA (CT)",0,2227,2227,0,5605,5605
6001441924,"Alameda, CA (CT)",0,2675,2675,0,7301,7301
6001441925,"Alameda, CA (CT)",0,2919,2919,0,6159,6159
6001441926,"Alameda, CA (CT)",0,1456,1456,0,4080,4080
6001441927,"Alameda, CA (CT)",0,1817,1817,0,4103,4103
6001442000,"Alameda, CA (CT)",35,988,1023,103,3109,3212
6001442100,"Alameda, CA (CT)",0,1660,1660,0,5166,5166
6001442200,"Alameda, CA (CT)",0,2161,2161,0,6875,6875
6001442301,"Alameda, CA (CT)",0,1461,1461,0,4388,4388
6001442302,"Alameda, CA (CT)",0,2050,2050,0,4788,4788
6001442400,"Alameda, CA (CT)",0,1977,1977,0,6253,6253
6001442500,"Alameda, CA (CT)",0,2239,2239,0,7371,7371
6001442601,"Alameda, CA (CT)",0,1295,1295,0,3844,3844
6001442602,"Alameda, CA (CT)",0,1744,1744,0,5074,5074
6001442700,"Alameda, CA (CT)",0,1093,1093,0,2873,2873
6001442800,"Alameda, CA (CT)",0,943,943,0,2816,2816
6001442900,"Alameda, CA (CT)",0,2383,2383,0,7194,7194
6001443001,"Alameda, CA (CT)",0,818,818,0,2917,2917
6001443002,"Alameda, CA (CT)",0,1920,1920,0,5918,5918
6001443102,"Alameda, CA (CT)",0,1440,1440,0,4611,4611
6001443103,"Alameda, CA (CT)",172,1047,1219,466,3563,4029
6001443104,"Alameda, CA (CT)",0,1757,1757,0,5558,5558
6001443105,"Alameda, CA (CT)",0,1392,1392,0,4456,4456
6001443200,"Alameda, CA (CT)",180,1014,1194,552,3152,3704
6001443301,"Alameda, CA (CT)",0,1225,1225,0,4074,4074
6001443321,"Alameda, CA (CT)",0,1204,1204,0,3142,3142
6001443322,"Alameda, CA (CT)",0,937,937,0,2985,2985
6001444100,"Alameda, CA (CT)",0,2496,2496,0,7280,7280
6001444200,"Alameda, CA (CT)",0,1985,1985,0,6499,6499
6001444301,"Alameda, CA (CT)",0,1169,1169,0,3855,3855
6001444302,"Alameda, CA (CT)",0,1260,1260,0,4354,4354
6001444400,"Alameda, CA (CT)",0,1480,1480,0,5114,5114
6001444500,"Alameda, CA (CT)",0,1997,1997,0,6696,6696
6001444601,"Alameda, CA (CT)",0,1442,1442,0,4761,4761
6001444602,"Alameda, CA (CT)",0,1585,1585,0,4014,4014
6001450101,"Alameda, CA (CT)",0,1956,1956,0,4349,4349
6001450102,"Alameda, CA (CT)",0,1326,1326,0,9434,9434
6001450200,"Alameda, CA (CT)",0,2070,2070,0,4067,4067
6001450300,"Alameda, CA (CT)",0,1603,1603,0,4551,4551
6001450400,"Alameda, CA (CT)",0,2103,2103,0,5968,5968
6001450501,"Alameda, CA (CT)",0,1281,1281,0,3129,3129
6001450502,"Alameda, CA (CT)",10,1544,1554,2,4183,4185
6001450601,"Alameda, CA (CT)",517,830,1347,1314,2065,3379
6001450602,"Alameda, CA (CT)",0,3286,3286,0,8722,8722
6001450603,"Alameda, CA (CT)",0,1539,1539,0,4657,4657
6001450604,"Alameda, CA (CT)",0,1700,1700,0,4796,4796
6001450605,"Alameda, CA (CT)",0,1405,1405,0,3685,3685
6001450606,"Alameda, CA (CT)",0,1973,1973,0,5733,5733
6001450607,"Alameda, CA (CT)",0,2367,2367,0,5251,5251
6001450701,"Alameda, CA (CT)",179,2516,2695,424,7651,8075
6001450741,"Alameda, CA (CT)",0,1833,1833,0,4768,4768
6001450742,"Alameda, CA (CT)",0,1863,1863,0,4576,4576
6001450743,"Alameda, CA (CT)",0,1983,1983,0,4734,4734
6001450744,"Alameda, CA (CT)",0,1579,1579,0,4831,4831
6001450745,"Alameda, CA (CT)",0,2063,2063,0,5956,5956
6001450746,"Alameda, CA (CT)",0,1245,1245,0,3152,3152
6001450750,"Alameda, CA (CT)",0,1882,1882,0,3618,3618
6001450751,"Alameda, CA (CT)",24,699,723,57,2058,2115
6001450752,"Alameda, CA (CT)",26,1563,1589,84,5178,5262
6001451101,"Alameda, CA (CT)",633,1839,2472,1654,5427,7081
6001451102,"Alameda, CA (CT)",0,1345,1345,0,4011,4011
6001451201,"Alameda, CA (CT)",0,2593,2593,0,6595,6595
6001451202,"Alameda, CA (CT)",146,1180,1326,386,3248,3634
6001451300,"Alameda, CA (CT)",6,2419,2425,11,6549,6560
6001451401,"Alameda, CA (CT)",0,2327,2327,0,5850,5850
6001451403,"Alameda, CA (CT)",0,781,781,0,2220,2220
6001451404,"Alameda, CA (CT)",0,2173,2173,0,6610,6610
6001451501,"Alameda, CA (CT)",0,1802,1802,0,4668,4668
6001451503,"Alameda, CA (CT)",0,2151,2151,0,5660,5660
6001451504,"Alameda, CA (CT)",0,601,601,0,1509,1509
6001451505,"Alameda, CA (CT)",0,1155,1155,0,3337,3337
6001451506,"Alameda, CA (CT)",0,1115,1115,0,3138,3138
6001451601,"Alameda, CA (CT)",0,1854,1854,0,4617,4617
6001451602,"Alameda, CA (CT)",0,2920,2920,0,6224,6224
6001451701,"Alameda, CA (CT)",0,1063,1063,0,3102,3102
6001451703,"Alameda, CA (CT)",0,1320,1320,0,3859,3859
6001451704,"Alameda, CA (CT)",0,1660,1660,0,4449,4449
6001981900,"Alameda, CA (CT)",0,26,26,0,38,38
6001982000,"Alameda, CA (CT)",0,37,37,0,71,71
6001983200,"Alameda, CA (CT)",0,404,404,0,540,540
6001990000,"Alameda, CA (CT)",0,0,0,0,0,0
6003010000,"Alpine, CA (CT)",1760,0,1760,1175,0,1175
6005000101,"Amador, CA (CT)",2674,0,2674,3907,0,3907
6005000102,"Amador, CA (CT)",1584,0,1584,1867,0,1867
6005000200,"Amador, CA (CT)",2355,144,2499,4330,342,4672
6005000301,"Amador, CA (CT)",710,65,775,1598,4273,5871
6005000303,"Amador, CA (CT)",242,2068,2310,536,4537,5073
6005000304,"Amador, CA (CT)",1356,417,1773,2962,984,3946
6005000401,"Amador, CA (CT)",979,1625,2604,2094,2926,5020
6005000402,"Amador, CA (CT)",2248,88,2336,4489,251,4740
6005000500,"Amador, CA (CT)",592,885,1477,1233,1762,2995
6007000102,"Butte, CA (CT)",0,1680,1680,0,3900,3900
6007000103,"Butte, CA (CT)",0,1388,1388,0,3902,3902
6007000104,"Butte, CA (CT)",0,2465,2465,0,5636,5636
6007000201,"Butte, CA (CT)",0,1846,1846,0,4052,4052
6007000202,"Butte, CA (CT)",0,1895,1895,0,3723,3723
6007000300,"Butte, CA (CT)",0,1860,1860,0,4410,4410
6007000401,"Butte, CA (CT)",0,753,753,0,1771,1771
6007000402,"Butte, CA (CT)",0,3051,3051,0,7030,7030
6007000501,"Butte, CA (CT)",0,1977,1977,0,4333,4333
6007000502,"Butte, CA (CT)",0,1827,1827,0,4204,4204
6007000601,"Butte, CA (CT)",0,1344,1344,0,3304,3304
6007000603,"Butte, CA (CT)",0,1058,1058,0,3130,3130
6007000604,"Butte, CA (CT)",0,1699,1699,0,4217,4217
6007000700,"Butte, CA (CT)",0,2415,2415,0,4694,4694
6007000800,"Butte, CA (CT)",0,2280,2280,0,5295,5295
6007000901,"Butte, CA (CT)",152,757,909,362,1780,2142
6007000903,"Butte, CA (CT)",0,2632,2632,0,6117,6117
6007000904,"Butte, CA (CT)",0,2699,2699,0,6071,6071
6007001000,"Butte, CA (CT)",0,2190,2190,0,4801,4801
6007001100,"Butte, CA (CT)",0,1763,1763,0,4572,4572
6007001200,"Butte, CA (CT)",124,1469,1593,274,3282,3556
6007001300,"Butte, CA (CT)",0,1506,1506,0,4169,4169
6007001400,"Butte, CA (CT)",1512,689,2201,3909,1888,5797
6007001500,"Butte, CA (CT)",1919,231,2150,4757,540,5297
6007001600,"Butte, CA (CT)",2189,578,2767,3911,1355,5266
6007001702,"Butte, CA (CT)",701,2000,2701,1479,4260,5739
6007001703,"Butte, CA (CT)",0,1332,1332,0,2852,2852
6007001704,"Butte, CA (CT)",566,944,1510,1070,1990,3060
6007001800,"Butte, CA (CT)",210,2547,2757,374,5266,5640
6007001900,"Butte, CA (CT)",17,1589,1606,48,3325,3373
6007002000,"Butte, CA (CT)",0,2574,2574,0,5184,5184
6007002100,"Butte, CA (CT)",1,2326,2327,4,4595,4599
6007002200,"Butte, CA (CT)",678,1886,2564,1547,3609,5156
6007002300,"Butte, CA (CT)",798,1803,2601,1687,3644,5331
6007002400,"Butte, CA (CT)",3066,0,3066,5157,0,5157
6007002500,"Butte, CA (CT)",293,1359,1652,632,4298,4930
6007002601,"Butte, CA (CT)",524,650,1174,1140,1184,2324
6007002602,"Butte, CA (CT)",359,1468,1827,726,2729,3455
6007002700,"Butte, CA (CT)",192,2085,2277,448,5030,5478
6007002800,"Butte, CA (CT)",0,1994,1994,0,4275,4275
6007002900,"Butte, CA (CT)",0,979,979,0,3060,3060
6007003001,"Butte, CA (CT)",0,1172,1172,0,3140,3140
6007003002,"Butte, CA (CT)",56,1178,1234,128,3403,3531
6007003100,"Butte, CA (CT)",194,1583,1777,480,3916,4396
6007003200,"Butte, CA (CT)",839,796,1635,2151,2083,4234
6007003300,"Butte, CA (CT)",1961,54,2015,4689,163,4852
6007003400,"Butte, CA (CT)",503,630,1133,1346,1610,2956
6007003501,"Butte, CA (CT)",172,1100,1272,383,2839,3222
6007003502,"Butte, CA (CT)",332,1313,1645,814,3944,4758
6007003600,"Butte, CA (CT)",1284,0,1284,3404,0,3404
6007003700,"Butte, CA (CT)",269,1510,1779,664,3841,4505
6009000120,"Calaveras, CA (CT)",2687,41,2728,4359,75,4434
6009000121,"Calaveras, CA (CT)",442,1811,2253,788,3675,4463
6009000122,"Calaveras, CA (CT)",2139,1,2140,4045,1,4046
6009000210,"Calaveras, CA (CT)",2549,1484,4033,5948,3567,9515
6009000220,"Calaveras, CA (CT)",698,1578,2276,1625,3890,5515
6009000300,"Calaveras, CA (CT)",3539,0,3539,6969,0,6969
6009000400,"Calaveras, CA (CT)",2539,0,2539,4032,0,4032
6009000501,"Calaveras, CA (CT)",2737,0,2737,3332,0,3332
6009000503,"Calaveras, CA (CT)",3381,0,3381,2330,0,2330
6009000504,"Calaveras, CA (CT)",2299,0,2299,942,0,942
6011000100,"Colusa, CA (CT)",926,812,1738,2531,2652,5183
6011000200,"Colusa, CA (CT)",321,1620,1941,731,4390,5121
6011000300,"Colusa, CA (CT)",379,1507,1886,874,5181,6055
6011000400,"Colusa, CA (CT)",1222,0,1222,2495,0,2495
6011000500,"Colusa, CA (CT)",94,1002,1096,164,2401,2565
6013301000,"Contra Costa, CA (CT)",124,1973,2097,177,3482,3659
6013302005,"Contra Costa, CA (CT)",0,2367,2367,0,6592,6592
6013302006,"Contra Costa, CA (CT)",0,1244,1244,0,3779,3779
6013302007,"Contra Costa, CA (CT)",0,2102,2102,0,6347,6347
6013302008,"Contra Costa, CA (CT)",161,2161,2322,438,7280,7718
6013302009,"Contra Costa, CA (CT)",0,1746,1746,0,5641,5641
6013302010,"Contra Costa, CA (CT)",0,3158,3158,0,10039,10039
6013303102,"Contra Costa, CA (CT)",0,2399,2399,0,7624,7624
6013303103,"Contra Costa, CA (CT)",363,3153,3516,1022,9790,10812
6013303201,"Contra Costa, CA (CT)",0,3087,3087,0,9989,9989
6013303202,"Contra Costa, CA (CT)",0,2235,2235,0,7080,7080
6013303203,"Contra Costa, CA (CT)",0,2871,2871,0,8491,8491
6013303204,"Contra Costa, CA (CT)",0,1573,1573,0,4182,4182
6013303205,"Contra Costa, CA (CT)",166,3244,3410,410,7899,8309
6013304001,"Contra Costa, CA (CT)",60,1241,1301,53,3665,3718
6013304002,"Contra Costa, CA (CT)",235,262,497,645,781,1426
6013304003,"Contra Costa, CA (CT)",1,1675,1676,42,3391,3433
6013304004,"Contra Costa, CA (CT)",0,1784,1784,0,3738,3738
6013304005,"Contra Costa, CA (CT)",202,1931,2133,604,6134,6738
6013305000,"Contra Costa, CA (CT)",0,2478,2478,0,6620,6620
6013306002,"Contra Costa, CA (CT)",0,1111,1111,0,2985,2985
6013306003,"Contra Costa, CA (CT)",0,1819,1819,0,4881,4881
6013306004,"Contra Costa, CA (CT)",0,1243,1243,0,3324,3324
6013307101,"Contra Costa, CA (CT)",0,1541,1541,0,4166,4166
6013307102,"Contra Costa, CA (CT)",0,1869,1869,0,5038,5038
6013307201,"Contra Costa, CA (CT)",0,1163,1163,0,3467,3467
6013307202,"Contra Costa, CA (CT)",0,1575,1575,0,3933,3933
6013307204,"Contra Costa, CA (CT)",0,1363,1363,0,4300,4300
6013307205,"Contra Costa, CA (CT)",0,2664,2664,0,6595,6595
6013308001,"Contra Costa, CA (CT)",0,2563,2563,0,7229,7229
6013308002,"Contra Costa, CA (CT)",0,1363,1363,0,4194,4194
6013309000,"Contra Costa, CA (CT)",0,1193,1193,0,2771,2771
6013310000,"Contra Costa, CA (CT)",0,1814,1814,0,5641,5641
6013311000,"Contra Costa, CA (CT)",0,1563,1563,0,5001,5001
6013312000,"Contra Costa, CA (CT)",0,815,815,0,2292,2292
6013313101,"Contra Costa, CA (CT)",0,2847,2847,0,7251,7251
6013313102,"Contra Costa, CA (CT)",0,1445,1445,0,3984,3984
6013313103,"Contra Costa, CA (CT)",4,2674,2678,6,7717,7723
6013313203,"Contra Costa, CA (CT)",0,985,985,0,3222,3222
6013313204,"Contra Costa, CA (CT)",5,1832,1837,13,5529,5542
6013313205,"Contra Costa, CA (CT)",0,530,530,0,1724,1724
6013313206,"Contra Costa, CA (CT)",0,1613,1613,0,5757,5757
6013314102,"Contra Costa, CA (CT)",0,1785,1785,0,5923,5923
6013314103,"Contra Costa, CA (CT)",0,1740,1740,0,5546,5546
6013314104,"Contra Costa, CA (CT)",0,2412,2412,0,7118,7118
6013314200,"Contra Costa, CA (CT)",0,1773,1773,0,6482,6482
6013315000,"Contra Costa, CA (CT)",7,1187,1194,17,3264,3281
6013316000,"Contra Costa, CA (CT)",0,487,487,0,1483,1483
6013317000,"Contra Costa, CA (CT)",0,1092,1092,0,2144,2144
6013318000,"Contra Costa, CA (CT)",4,1582,1586,9,3258,3267
6013319000,"Contra Costa, CA (CT)",0,3214,3214,0,7412,7412
6013320001,"Contra Costa, CA (CT)",0,1267,1267,0,3615,3615
6013320003,"Contra Costa, CA (CT)",0,1046,1046,0,2805,2805
6013320004,"Contra Costa, CA (CT)",0,2591,2591,0,6216,6216
6013321101,"Contra Costa, CA (CT)",0,2571,2571,0,6549,6549
6013321102,"Contra Costa, CA (CT)",0,2775,2775,0,6689,6689
6013321103,"Contra Costa, CA (CT)",0,1851,1851,0,4518,4518
6013321200,"Contra Costa, CA (CT)",0,2406,2406,0,5533,5533
6013322000,"Contra Costa, CA (CT)",0,2576,2576,0,6085,6085
6013323000,"Contra Costa, CA (CT)",0,1739,1739,0,4352,4352
6013324001,"Contra Costa, CA (CT)",0,2757,2757,0,4615,4615
6013324002,"Contra Costa, CA (CT)",0,2532,2532,0,5141,5141
6013325000,"Contra Costa, CA (CT)",0,2243,2243,0,5514,5514
6013326000,"Contra Costa, CA (CT)",0,1424,1424,0,3437,3437
6013327000,"Contra Costa, CA (CT)",0,2896,2896,0,6695,6695
6013328000,"Contra Costa, CA (CT)",0,1450,1450,0,2281,2281
6013329000,"Contra Costa, CA (CT)",0,2354,2354,0,6309,6309
6013330000,"Contra Costa, CA (CT)",0,1999,1999,0,5353,5353
6013331000,"Contra Costa, CA (CT)",0,2800,2800,0,7013,7013
6013332000,"Contra Costa, CA (CT)",0,2877,2877,0,7534,7534
6013333101,"Contra Costa, CA (CT)",0,1498,1498,0,4091,4091
6013333102,"Contra Costa, CA (CT)",0,1570,1570,0,3855,3855
6013333200,"Contra Costa, CA (CT)",0,2231,2231,0,5926,5926
6013334001,"Contra Costa, CA (CT)",0,1580,1580,0,3749,3749
6013334004,"Contra Costa, CA (CT)",0,3303,3303,0,7367,7367
6013334006,"Contra Costa, CA (CT)",0,1723,1723,0,4767,4767
6013334200,"Contra Costa, CA (CT)",0,2826,2826,0,6794,6794
6013335000,"Contra Costa, CA (CT)",0,1273,1273,0,3358,3358
6013336101,"Contra Costa, CA (CT)",0,1580,1580,0,4802,4802
6013336102,"Contra Costa, CA (CT)",0,2701,2701,0,7595,7595
6013336201,"Contra Costa, CA (CT)",0,1242,1242,0,4032,4032
6013336202,"Contra Costa, CA (CT)",0,1696,1696,0,5701,5701
6013337100,"Contra Costa, CA (CT)",0,1222,1222,0,3200,3200
6013337200,"Contra Costa, CA (CT)",0,3124,3124,0,7183,7183
6013337300,"Contra Costa, CA (CT)",0,2333,2333,0,6098,6098
6013338101,"Contra Costa, CA (CT)",0,1907,1907,0,4996,4996
6013338102,"Contra Costa, CA (CT)",0,1368,1368,0,3601,3601
6013338201,"Contra Costa, CA (CT)",0,1450,1450,0,3790,3790
6013338203,"Contra Costa, CA (CT)",0,2675,2675,0,4564,4564
6013338204,"Contra Costa, CA (CT)",0,2902,2902,0,5662,5662
6013338301,"Contra Costa, CA (CT)",0,1123,1123,0,2922,2922
6013338302,"Contra Costa, CA (CT)",0,2191,2191,0,5807,5807
6013339001,"Contra Costa, CA (CT)",0,2017,2017,0,3362,3362
6013339002,"Contra Costa, CA (CT)",0,3522,3522,0,5574,5574
6013340001,"Contra Costa, CA (CT)",0,2467,2467,0,5857,5857
6013340002,"Contra Costa, CA (CT)",0,3024,3024,0,7000,7000
6013341000,"Contra Costa, CA (CT)",0,2096,2096,0,4864,4864
6013343001,"Contra Costa, CA (CT)",0,2209,2209,0,4806,4806
6013343002,"Contra Costa, CA (CT)",0,2113,2113,0,4380,4380
6013343003,"Contra Costa, CA (CT)",0,1513,1513,0,3843,3843
6013345101,"Contra Costa, CA (CT)",0,2085,2085,0,5730,5730
6013345102,"Contra Costa, CA (CT)",0,1318,1318,0,3895,3895
6013345103,"Contra Costa, CA (CT)",0,1936,1936,0,5062,5062
6013345105,"Contra Costa, CA (CT)",0,2388,2388,0,6223,6223
6013345108,"Contra Costa, CA (CT)",0,3369,3369,0,7353,7353
6013345111,"Contra Costa, CA (CT)",0,2004,2004,0,5099,5099
6013345112,"Contra Costa, CA (CT)",0,2452,2452,0,6513,6513
6013345113,"Contra Costa, CA (CT)",0,1484,1484,0,4337,4337
6013345114,"Contra Costa, CA (CT)",0,2600,2600,0,6307,6307
6013345115,"Contra Costa, CA (CT)",81,1792,1873,271,5463,5734
6013345116,"Contra Costa, CA (CT)",0,949,949,0,2859,2859
6013345202,"Contra Costa, CA (CT)",0,3417,3417,0,7816,7816
6013345203,"Contra Costa, CA (CT)",29,2761,2790,64,6408,6472
6013345204,"Contra Costa, CA (CT)",44,1246,1290,116,3470,3586
6013346101,"Contra Costa, CA (CT)",4,1316,1320,9,3424,3433
6013346102,"Contra Costa, CA (CT)",7,2059,2066,15,5635,5650
6013346201,"Contra Costa, CA (CT)",0,2737,2737,0,7181,7181
6013346203,"Contra Costa, CA (CT)",0,1456,1456,0,3838,3838
6013346204,"Contra Costa, CA (CT)",0,2561,2561,0,7278,7278
6013347000,"Contra Costa, CA (CT)",29,2368,2397,59,6112,6171
6013348000,"Contra Costa, CA (CT)",60,1670,1730,170,4417,4587
6013349000,"Contra Costa, CA (CT)",0,1999,1999,0,4686,4686
6013350000,"Contra Costa, CA (CT)",0,2559,2559,0,5512,5512
6013351101,"Contra Costa, CA (CT)",0,2128,2128,0,2594,2594
6013351102,"Contra Costa, CA (CT)",0,3103,3103,0,3635,3635
6013351103,"Contra Costa, CA (CT)",0,1437,1437,0,1846,1846
6013351200,"Contra Costa, CA (CT)",0,2094,2094,0,5812,5812
6013352101,"Contra Costa, CA (CT)",52,786,838,140,3001,3141
6013352102,"Contra Costa, CA (CT)",41,1825,1866,111,5475,5586
6013352201,"Contra Costa, CA (CT)",0,2357,2357,0,5750,5750
6013352202,"Contra Costa, CA (CT)",99,964,1063,226,2322,2548
6013353001,"Contra Costa, CA (CT)",17,1352,1369,19,3502,3521
6013353002,"Contra Costa, CA (CT)",0,1530,1530,0,4078,4078
6013354001,"Contra Costa, CA (CT)",32,696,728,75,1784,1859
6013354002,"Contra Costa, CA (CT)",2,2628,2630,8,6582,6590
6013355107,"Contra Costa, CA (CT)",299,1351,1650,713,4335,5048
6013355108,"Contra Costa, CA (CT)",17,3760,3777,51,12796,12847
6013355109,"Contra Costa, CA (CT)",0,2175,2175,0,6416,6416
6013355110,"Contra Costa, CA (CT)",0,1251,1251,0,4197,4197
6013355111,"Contra Costa, CA (CT)",0,1984,1984,0,6343,6343
6013355112,"Contra Costa, CA (CT)",475,1643,2118,1389,4174,5563
6013355113,"Contra Costa, CA (CT)",0,1707,1707,0,4985,4985
6013355114,"Contra Costa, CA (CT)",0,3462,3462,0,11035,11035
6013355115,"Contra Costa, CA (CT)",0,1874,1874,0,4443,4443
6013355116,"Contra Costa, CA (CT)",15,1610,1625,37,5627,5664
6013355117,"Contra Costa, CA (CT)",2,2220,2222,3,8376,8379
6013355200,"Contra Costa, CA (CT)",49,2482,2531,166,7278,7444
6013355301,"Contra Costa, CA (CT)",1,2830,2831,2,7831,7833
6013355302,"Contra Costa, CA (CT)",0,1225,1225,0,3484,3484
6013355304,"Contra Costa, CA (CT)",8,3116,3124,23,7808,7831
6013355306,"Contra Costa, CA (CT)",133,1687,1820,262,4660,4922
6013356001,"Contra Costa, CA (CT)",0,1203,1203,0,3759,3759
6013356002,"Contra Costa, CA (CT)",392,1679,2071,897,4478,5375
6013357000,"Contra Costa, CA (CT)",3,1627,1630,4,3014,3018
6013358000,"Contra Costa, CA (CT)",0,2110,2110,0,5298,5298
6013359102,"Contra Costa, CA (CT)",0,1961,1961,0,5159,5159
6013359103,"Contra Costa, CA (CT)",0,2069,2069,0,5051,5051
6013359104,"Contra Costa, CA (CT)",0,961,961,0,1932,1932
6013359105,"Contra Costa, CA (CT)",0,1591,1591,0,4542,4542
6013359202,"Contra Costa, CA (CT)",1,2318,2319,1,6147,6148
6013359203,"Contra Costa, CA (CT)",0,2389,2389,0,6726,6726
6013359204,"Contra Costa, CA (CT)",0,1529,1529,0,4702,4702
6013360101,"Contra Costa, CA (CT)",0,1771,1771,0,4576,4576
6013360102,"Contra Costa, CA (CT)",0,1543,1543,0,4326,4326
6013360200,"Contra Costa, CA (CT)",0,1878,1878,0,4626,4626
6013361000,"Contra Costa, CA (CT)",6,1826,1832,11,4464,4475
6013362000,"Contra Costa, CA (CT)",0,1222,1222,0,2767,2767
6013363000,"Contra Costa, CA (CT)",0,2791,2791,0,7043,7043
6013364002,"Contra Costa, CA (CT)",0,1871,1871,0,5518,5518
6013365002,"Contra Costa, CA (CT)",0,1736,1736,0,5462,5462
6013365003,"Contra Costa, CA (CT)",0,2478,2478,0,4924,4924
6013366001,"Contra Costa, CA (CT)",0,1322,1322,0,4307,4307
6013366002,"Contra Costa, CA (CT)",0,1834,1834,0,6093,6093
6013367100,"Contra Costa, CA (CT)",0,2080,2080,0,5099,5099
6013367200,"Contra Costa, CA (CT)",0,1631,1631,0,5171,5171
6013368001,"Contra Costa, CA (CT)",0,1410,1410,0,5327,5327
6013368002,"Contra Costa, CA (CT)",0,982,982,0,3404,3404
6013369001,"Contra Costa, CA (CT)",0,2515,2515,0,6246,6246
6013369002,"Contra Costa, CA (CT)",0,1078,1078,0,2548,2548
6013370000,"Contra Costa, CA (CT)",0,1185,1185,0,2837,2837
6013371000,"Contra Costa, CA (CT)",0,1997,1997,0,5316,5316
6013372000,"Contra Costa, CA (CT)",0,2386,2386,0,7353,7353
6013373000,"Contra Costa, CA (CT)",0,1192,1192,0,4376,4376
6013374000,"Contra Costa, CA (CT)",0,1848,1848,0,4506,4506
6013375000,"Contra Costa, CA (CT)",0,1272,1272,0,4389,4389
6013376000,"Contra Costa, CA (CT)",0,2043,2043,0,5962,5962
6013377000,"Contra Costa, CA (CT)",0,2388,2388,0,6962,6962
6013378000,"Contra Costa, CA (CT)",21,1968,1989,38,3397,3435
6013379000,"Contra Costa, CA (CT)",0,2064,2064,0,6117,6117
6013380000,"Contra Costa, CA (CT)",0,2858,2858,0,5706,5706
6013381000,"Contra Costa, CA (CT)",0,2131,2131,0,6097,6097
6013382000,"Contra Costa, CA (CT)",0,2761,2761,0,6964,6964
6013383000,"Contra Costa, CA (CT)",0,2138,2138,0,4485,4485
6013384000,"Contra Costa, CA (CT)",0,1695,1695,0,3883,3883
6013385100,"Contra Costa, CA (CT)",0,1192,1192,0,2765,2765
6013385200,"Contra Costa, CA (CT)",0,591,591,0,1320,1320
6013386000,"Contra Costa, CA (CT)",0,1534,1534,0,3317,3317
6013387000,"Contra Costa, CA (CT)",0,1184,1184,0,2532,2532
6013388000,"Contra Costa, CA (CT)",0,1203,1203,0,2576,2576
6013389100,"Contra Costa, CA (CT)",0,929,929,0,2002,2002
6013389200,"Contra Costa, CA (CT)",0,835,835,0,1714,1714
6013390100,"Contra Costa, CA (CT)",0,973,973,0,2229,2229
6013390200,"Contra Costa, CA (CT)",0,799,799,0,1719,1719
6013391000,"Contra Costa, CA (CT)",0,1135,1135,0,2556,2556
6013392000,"Contra Costa, CA (CT)",0,1136,1136,0,2451,2451
6013392200,"Contra Costa, CA (CT)",0,3263,3263,0,10605,10605
6013392300,"Contra Costa, CA (CT)",0,930,930,0,3102,3102
6013990000,"Contra Costa, CA (CT)",0,0,0,0,0,0
6015000101,"Del Norte, CA (CT)",0,1772,1772,0,3939,3939
6015000102,"Del Norte, CA (CT)",503,1102,1605,1131,2638,3769
6015000104,"Del Norte, CA (CT)",0,835,835,0,1881,1881
6015000105,"Del Norte, CA (CT)",418,2521,2939,981,5986,6967
6015000201,"Del Norte, CA (CT)",1042,460,1502,2494,4532,7026
6015000202,"Del Norte, CA (CT)",1886,0,1886,3655,0,3655
6015000203,"Del Norte, CA (CT)",647,0,647,1373,0,1373
6015990000,"Del Norte, CA (CT)",0,0,0,0,0,0
6017030200,"El Dorado, CA (CT)",46,2685,2731,55,4718,4773
6017030301,"El Dorado, CA (CT)",0,1510,1510,0,2469,2469
6017030302,"El Dorado, CA (CT)",0,2152,2152,0,2867,2867
6017030401,"El Dorado, CA (CT)",0,3225,3225,0,3498,3498
6017030402,"El Dorado, CA (CT)",87,2323,2410,132,3591,3723
6017030502,"El Dorado, CA (CT)",425,1418,1843,499,2142,2641
6017030504,"El Dorado, CA (CT)",603,1523,2126,865,2047,2912
6017030505,"El Dorado, CA (CT)",818,1273,2091,934,1770,2704
6017030601,"El Dorado, CA (CT)",2215,0,2215,5044,0,5044
6017030602,"El Dorado, CA (CT)",3110,0,3110,6781,0,6781
6017030603,"El Dorado, CA (CT)",2160,0,2160,3566,0,3566
6017030701,"El Dorado, CA (CT)",208,1979,2187,555,5650,6205
6017030704,"El Dorado, CA (CT)",718,1730,2448,1906,4055,5961
6017030706,"El Dorado, CA (CT)",0,2279,2279,0,6020,6020
6017030709,"El Dorado, CA (CT)",194,1427,1621,545,4261,4806
6017030710,"El Dorado, CA (CT)",39,1789,1828,99,4890,4989
6017030801,"El Dorado, CA (CT)",982,617,1599,2433,1578,4011
6017030803,"El Dorado, CA (CT)",447,2714,3161,1167,6074,7241
6017030804,"El Dorado, CA (CT)",1585,927,2512,4025,2352,6377
6017030807,"El Dorado, CA (CT)",0,1519,1519,0,3986,3986
6017030808,"El Dorado, CA (CT)",0,2482,2482,0,6897,6897
6017030809,"El Dorado, CA (CT)",0,1014,1014,0,2447,2447
6017030810,"El Dorado, CA (CT)",0,1456,1456,0,3437,3437
6017030901,"El Dorado, CA (CT)",1317,7,1324,3004,16,3020
6017030902,"El Dorado, CA (CT)",1461,421,1882,3623,1064,4687
6017031000,"El Dorado, CA (CT)",525,2114,2639,1180,4881,6061
6017031100,"El Dorado, CA (CT)",719,1832,2551,1598,3864,5462
6017031200,"El Dorado, CA (CT)",151,1993,2144,328,4865,5193
6017031301,"El Dorado, CA (CT)",830,757,1587,1791,1617,3408
6017031302,"El Dorado, CA (CT)",464,1858,2322,898,3803,4701
6017031402,"El Dorado, CA (CT)",3122,0,3122,5896,0,5896
6017031404,"El Dorado, CA (CT)",1021,0,1021,2407,0,2407
6017031405,"El Dorado, CA (CT)",803,403,1206,1692,734,2426
6017031406,"El Dorado, CA (CT)",2172,478,2650,4534,1010,5544
6017031502,"El Dorado, CA (CT)",593,2106,2699,1428,4603,6031
6017031503,"El Dorado, CA (CT)",1007,189,1196,2387,423,2810
6017031504,"El Dorado, CA (CT)",750,1591,2341,1793,3544,5337
6017031600,"El Dorado, CA (CT)",178,2900,3078,122,4004,4126
6017031700,"El Dorado, CA (CT)",0,882,882,0,2648,2648
6017031800,"El Dorado, CA (CT)",133,2050,2183,395,6403,6798
6017031900,"El Dorado, CA (CT)",869,0,869,133,0,133
6017032000,"El Dorado, CA (CT)",2783,1,2784,1012,3,1015
6017990000,"El Dorado, CA (CT)",0,0,0,0,0,0
6019000100,"Fresno, CA (CT)",0,480,480,0,2860,2860
6019000200,"Fresno, CA (CT)",0,830,830,0,3167,3167
6019000300,"Fresno, CA (CT)",0,1158,1158,0,3609,3609
6019000400,"Fresno, CA (CT)",0,1325,1325,0,6343,6343
6019000501,"Fresno, CA (CT)",0,848,848,0,2815,2815
6019000502,"Fresno, CA (CT)",0,1120,1120,0,3606,3606
6019000600,"Fresno, CA (CT)",0,2169,2169,0,6161,6161
6019000700,"Fresno, CA (CT)",14,1198,1212,85,3836,3921
6019000800,"Fresno, CA (CT)",86,166,252,336,628,964
6019000901,"Fresno, CA (CT)",0,793,793,0,3151,3151
6019000902,"Fresno, CA (CT)",0,1350,1350,0,5252,5252
6019001000,"Fresno, CA (CT)",0,1051,1051,0,4106,4106
6019001100,"Fresno, CA (CT)",0,868,868,0,3174,3174
6019001201,"Fresno, CA (CT)",0,1514,1514,0,5936,5936
6019001202,"Fresno, CA (CT)",0,1225,1225,0,4756,4756
6019001301,"Fresno, CA (CT)",0,1499,1499,0,5653,5653
6019001303,"Fresno, CA (CT)",0,650,650,0,2888,2888
6019001304,"Fresno, CA (CT)",0,1437,1437,0,5796,5796
6019001407,"Fresno, CA (CT)",0,1718,1718,0,4694,4694
6019001408,"Fresno, CA (CT)",0,1333,1333,0,2504,2504
6019001409,"Fresno, CA (CT)",0,671,671,0,1848,1848
6019001410,"Fresno, CA (CT)",12,2489,2501,27,9082,9109
6019001411,"Fresno, CA (CT)",0,1893,1893,0,5276,5276
6019001412,"Fresno, CA (CT)",0,805,805,0,2790,2790
6019001413,"Fresno, CA (CT)",132,1435,1567,347,4258,4605
6019001414,"Fresno, CA (CT)",0,2282,2282,0,7381,7381
6019001500,"Fresno, CA (CT)",247,480,727,685,1521,2206
6019001600,"Fresno, CA (CT)",480,1208,1688,1437,3662,5099
6019001700,"Fresno, CA (CT)",1055,744,1799,3347,2354,5701
6019001800,"Fresno, CA (CT)",699,763,1462,2034,2581,4615
6019001900,"Fresno, CA (CT)",499,430,929,1452,1462,2914
6019002000,"Fresno, CA (CT)",0,2033,2033,0,6369,6369
6019002100,"Fresno, CA (CT)",0,2244,2244,0,5419,5419
6019002200,"Fresno, CA (CT)",0,1670,1670,0,3594,3594
6019002300,"Fresno, CA (CT)",0,1384,1384,0,3624,3624
6019002400,"Fresno, CA (CT)",0,1461,1461,0,4959,4959
6019002501,"Fresno, CA (CT)",0,1434,1434,0,5098,5098
6019002502,"Fresno, CA (CT)",0,1342,1342,0,5431,5431
6019002601,"Fresno, CA (CT)",0,1468,1468,0,5821,5821
6019002602,"Fresno, CA (CT)",0,1029,1029,0,3520,3520
6019002701,"Fresno, CA (CT)",0,1256,1256,0,4673,4673
6019002702,"Fresno, CA (CT)",0,1493,1493,0,5882,5882
6019002800,"Fresno, CA (CT)",0,1352,1352,0,5205,5205
6019002903,"Fresno, CA (CT)",0,1281,1281,0,4329,4329
6019002904,"Fresno, CA (CT)",0,799,799,0,2897,2897
6019002905,"Fresno, CA (CT)",0,975,975,0,2889,2889
6019002906,"Fresno, CA (CT)",0,1612,1612,0,5520,5520
6019003001,"Fresno, CA (CT)",0,882,882,0,3175,3175
6019003003,"Fresno, CA (CT)",0,1306,1306,0,4154,4154
6019003004,"Fresno, CA (CT)",0,773,773,0,2301,2301
6019003102,"Fresno, CA (CT)",0,2897,2897,0,7048,7048
6019003103,"Fresno, CA (CT)",0,2255,2255,0,5708,5708
6019003104,"Fresno, CA (CT)",0,1679,1679,0,3810,3810
6019003201,"Fresno, CA (CT)",0,1490,1490,0,4398,4398
6019003202,"Fresno, CA (CT)",0,1733,1733,0,5265,5265
6019003301,"Fresno, CA (CT)",0,1172,1172,0,3507,3507
6019003302,"Fresno, CA (CT)",0,1605,1605,0,4749,4749
6019003400,"Fresno, CA (CT)",0,1497,1497,0,4555,4555
6019003500,"Fresno, CA (CT)",0,2242,2242,0,5674,5674
6019003600,"Fresno, CA (CT)",0,1785,1785,0,4009,4009
6019003701,"Fresno, CA (CT)",0,1129,1129,0,3314,3314
6019003702,"Fresno, CA (CT)",0,1663,1663,0,4933,4933
6019003803,"Fresno, CA (CT)",528,1905,2433,1595,6558,8153
6019003804,"Fresno, CA (CT)",0,1618,1618,0,5531,5531
6019003805,"Fresno, CA (CT)",0,2482,2482,0,6852,6852
6019003807,"Fresno, CA (CT)",0,1147,1147,0,3362,3362
6019003808,"Fresno, CA (CT)",0,1475,1475,0,5082,5082
6019003809,"Fresno, CA (CT)",0,1626,1626,0,4771,4771
6019003810,"Fresno, CA (CT)",0,1557,1557,0,5256,5256
6019003900,"Fresno, CA (CT)",1776,0,1776,5804,0,5804
6019004001,"Fresno, CA (CT)",157,2025,2182,462,6786,7248
6019004002,"Fresno, CA (CT)",141,1870,2011,428,6701,7129
6019004100,"Fresno, CA (CT)",955,0,955,3306,0,3306
6019004205,"Fresno, CA (CT)",0,2066,2066,0,5888,5888
6019004207,"Fresno, CA (CT)",68,2428,2496,202,7913,8115
6019004208,"Fresno, CA (CT)",0,2494,2494,0,7124,7124
6019004210,"Fresno, CA (CT)",0,1540,1540,0,3480,3480
6019004211,"Fresno, CA (CT)",0,2211,2211,0,6319,6319
6019004212,"Fresno, CA (CT)",0,4386,4386,0,10762,10762
6019004213,"Fresno, CA (CT)",0,1291,1291,0,3248,3248
6019004214,"Fresno, CA (CT)",0,1951,1951,0,4978,4978
6019004215,"Fresno, CA (CT)",0,1442,1442,0,4475,4475
6019004216,"Fresno, CA (CT)",0,873,873,0,2629,2629
6019004301,"Fresno, CA (CT)",0,1716,1716,0,3853,3853
6019004302,"Fresno, CA (CT)",0,2091,2091,0,4848,4848
6019004303,"Fresno, CA (CT)",0,1966,1966,0,4162,4162
6019004404,"Fresno, CA (CT)",0,1224,1224,0,3556,3556
6019004405,"Fresno, CA (CT)",0,1536,1536,0,4040,4040
6019004406,"Fresno, CA (CT)",0,2416,2416,0,5211,5211
6019004408,"Fresno, CA (CT)",0,1758,1758,0,3517,3517
6019004409,"Fresno, CA (CT)",0,1458,1458,0,3486,3486
6019004503,"Fresno, CA (CT)",0,2126,2126,0,4723,4723
6019004504,"Fresno, CA (CT)",0,2218,2218,0,4762,4762
6019004505,"Fresno, CA (CT)",0,2194,2194,0,4866,4866
6019004506,"Fresno, CA (CT)",0,1558,1558,0,3158,3158
6019004601,"Fresno, CA (CT)",0,1169,1169,0,2641,2641
6019004602,"Fresno, CA (CT)",0,1090,1090,0,2555,2555
6019004701,"Fresno, CA (CT)",0,2498,2498,0,6682,6682
6019004703,"Fresno, CA (CT)",0,1327,1327,0,4218,4218
6019004704,"Fresno, CA (CT)",0,1658,1658,0,5212,5212
6019004801,"Fresno, CA (CT)",0,1639,1639,0,4604,4604
6019004802,"Fresno, CA (CT)",0,1678,1678,0,4599,4599
6019004901,"Fresno, CA (CT)",0,1637,1637,0,4052,4052
6019004902,"Fresno, CA (CT)",0,728,728,0,1985,1985
6019005000,"Fresno, CA (CT)",0,1551,1551,0,3917,3917
6019005100,"Fresno, CA (CT)",0,2207,2207,0,5723,5723
6019005202,"Fresno, CA (CT)",0,1278,1278,0,3619,3619
6019005203,"Fresno, CA (CT)",0,1636,1636,0,4519,4519
6019005204,"Fresno, CA (CT)",0,1439,1439,0,4105,4105
6019005301,"Fresno, CA (CT)",0,1938,1938,0,5740,5740
6019005302,"Fresno, CA (CT)",0,2109,2109,0,5208,5208
6019005304,"Fresno, CA (CT)",0,2269,2269,0,5305,5305
6019005305,"Fresno, CA (CT)",0,1199,1199,0,3635,3635
6019005403,"Fresno, CA (CT)",0,1689,1689,0,4171,4171
6019005405,"Fresno, CA (CT)",0,1613,1613,0,4145,4145
6019005406,"Fresno, CA (CT)",0,1489,1489,0,3899,3899
6019005407,"Fresno, CA (CT)",0,1279,1279,0,3139,3139
6019005408,"Fresno, CA (CT)",0,389,389,0,1276,1276
6019005409,"Fresno, CA (CT)",0,1607,1607,0,3560,3560
6019005410,"Fresno, CA (CT)",0,1243,1243,0,3298,3298
6019005503,"Fresno, CA (CT)",52,1901,1953,121,4133,4254
6019005504,"Fresno, CA (CT)",0,815,815,0,2295,2295
6019005505,"Fresno, CA (CT)",0,2186,2186,0,6613,6613
6019005507,"Fresno, CA (CT)",0,2194,2194,0,5732,5732
6019005508,"Fresno, CA (CT)",0,1978,1978,0,5796,5796
6019005509,"Fresno, CA (CT)",0,1684,1684,0,4678,4678
6019005510,"Fresno, CA (CT)",0,2436,2436,0,4997,4997
6019005512,"Fresno, CA (CT)",0,1642,1642,0,4824,4824
6019005513,"Fresno, CA (CT)",0,1006,1006,0,2952,2952
6019005514,"Fresno, CA (CT)",0,1472,1472,0,3961,3961
6019005515,"Fresno, CA (CT)",560,73,633,1413,240,1653
6019005516,"Fresno, CA (CT)",0,2709,2709,0,5527,5527
6019005517,"Fresno, CA (CT)",0,2720,2720,0,7487,7487
6019005518,"Fresno, CA (CT)",0,1002,1002,0,2753,2753
6019005520,"Fresno, CA (CT)",0,817,817,0,2698,2698
6019005522,"Fresno, CA (CT)",0,1480,1480,0,4467,4467
6019005524,"Fresno, CA (CT)",0,1588,1588,0,4571,4571
6019005525,"Fresno, CA (CT)",342,86,428,977,267,1244
6019005602,"Fresno, CA (CT)",0,2367,2367,0,5467,5467
6019005605,"Fresno, CA (CT)",0,531,531,0,1470,1470
6019005606,"Fresno, CA (CT)",0,1389,1389,0,3847,3847
6019005607,"Fresno, CA (CT)",0,2022,2022,0,3993,3993
6019005608,"Fresno, CA (CT)",0,1480,1480,0,3064,3064
6019005701,"Fresno, CA (CT)",0,1395,1395,0,3697,3697
6019005702,"Fresno, CA (CT)",0,1896,1896,0,5243,5243
6019005703,"Fresno, CA (CT)",0,1843,1843,0,5176,5176
6019005704,"Fresno, CA (CT)",0,1853,1853,0,5542,5542
6019005801,"Fresno, CA (CT)",0,1869,1869,0,4856,4856
6019005802,"Fresno, CA (CT)",0,1461,1461,0,4195,4195
6019005804,"Fresno, CA (CT)",0,2128,2128,0,6626,6626
6019005805,"Fresno, CA (CT)",0,1226,1226,0,3798,3798
6019005904,"Fresno, CA (CT)",710,763,1473,1943,2249,4192
6019005905,"Fresno, CA (CT)",1549,854,2403,4461,2348,6809
6019005906,"Fresno, CA (CT)",817,33,850,2129,111,2240
6019005907,"Fresno, CA (CT)",0,964,964,0,3095,3095
6019005909,"Fresno, CA (CT)",0,1430,1430,0,4627,4627
6019005911,"Fresno, CA (CT)",0,1080,1080,0,3386,3386
6019005912,"Fresno, CA (CT)",382,773,1155,1040,2240,3280
6019006000,"Fresno, CA (CT)",60,2916,2976,138,8757,8895
6019006100,"Fresno, CA (CT)",44,2179,2223,155,7381,7536
6019006201,"Fresno, CA (CT)",47,628,675,114,2494,2608
6019006202,"Fresno, CA (CT)",170,1577,1747,452,6355,6807
6019006300,"Fresno, CA (CT)",1722,753,2475,4704,2550,7254
6019006402,"Fresno, CA (CT)",4230,0,4230,2973,0,2973
6019006403,"Fresno, CA (CT)",3253,0,3253,6304,0,6304
6019006404,"Fresno, CA (CT)",2371,0,2371,4909,0,4909
6019006405,"Fresno, CA (CT)",1967,0,1967,4795,0,4795
6019006501,"Fresno, CA (CT)",279,1351,1630,883,5779,6662
6019006502,"Fresno, CA (CT)",50,1074,1124,164,3995,4159
6019006602,"Fresno, CA (CT)",0,1522,1522,0,5597,5597
6019006603,"Fresno, CA (CT)",0,668,668,0,2047,2047
6019006604,"Fresno, CA (CT)",0,1877,1877,0,7959,7959
6019006700,"Fresno, CA (CT)",0,2137,2137,0,6304,6304
6019006802,"Fresno, CA (CT)",316,811,1127,912,3107,4019
6019006900,"Fresno, CA (CT)",510,392,902,1553,1617,3170
6019007002,"Fresno, CA (CT)",0,1418,1418,0,4514,4514
6019007003,"Fresno, CA (CT)",55,2182,2237,150,7600,7750
6019007004,"Fresno, CA (CT)",183,1661,1844,577,4943,5520
6019007100,"Fresno, CA (CT)",187,1883,2070,603,7301,7904
6019007201,"Fresno, CA (CT)",388,2422,2810,1071,6600,7671
6019007202,"Fresno, CA (CT)",0,1753,1753,0,5109,5109
6019007300,"Fresno, CA (CT)",1479,7,1486,4858,11,4869
6019007400,"Fresno, CA (CT)",1047,0,1047,3548,0,3548
6019007500,"Fresno, CA (CT)",1489,0,1489,5287,0,5287
6019007600,"Fresno, CA (CT)",1400,0,1400,4806,0,4806
6019007700,"Fresno, CA (CT)",792,814,1606,2776,2823,5599
6019007801,"Fresno, CA (CT)",106,521,627,258,2464,2722
6019007802,"Fresno, CA (CT)",258,1080,1338,979,4290,5269
6019007901,"Fresno, CA (CT)",0,0,0,5652,0,5652
6019007902,"Fresno, CA (CT)",375,529,904,1008,1734,2742
6019008000,"Fresno, CA (CT)",0,1844,1844,0,5277,5277
6019008100,"Fresno, CA (CT)",0,2025,2025,0,5691,5691
6019008200,"Fresno, CA (CT)",892,931,1823,2995,3983,6978
6019008301,"Fresno, CA (CT)",22,1347,1369,71,5918,5989
6019008302,"Fresno, CA (CT)",354,1247,1601,1269,5293,6562
6019008401,"Fresno, CA (CT)",246,2012,2258,710,7281,7991
6019008402,"Fresno, CA (CT)",378,0,378,1152,0,1152
6019008501,"Fresno, CA (CT)",247,968,1215,844,3741,4585
6019008502,"Fresno, CA (CT)",65,1733,1798,236,7693,7929
6021010100,"Glenn, CA (CT)",183,2852,3035,413,7779,8192
6021010200,"Glenn, CA (CT)",1336,526,1862,3398,1503,4901
6021010300,"Glenn, CA (CT)",1019,0,1019,2373,0,2373
6021010400,"Glenn, CA (CT)",140,2884,3024,290,7346,7636
6021010501,"Glenn, CA (CT)",1138,0,1138,3456,0,3456
6021010502,"Glenn, CA (CT)",700,0,700,1564,0,1564
6023000100,"Humboldt, CA (CT)",0,2103,2103,0,4901,4901
6023000200,"Humboldt, CA (CT)",0,2567,2567,0,6211,6211
6023000300,"Humboldt, CA (CT)",0,2319,2319,0,5544,5544
6023000400,"Humboldt, CA (CT)",0,1658,1658,0,3873,3873
6023000500,"Humboldt, CA (CT)",0,2023,2023,0,4263,4263
6023000600,"Humboldt, CA (CT)",0,2170,2170,0,4866,4866
6023000700,"Humboldt, CA (CT)",0,2423,2423,0,5360,5360
6023000800,"Humboldt, CA (CT)",98,2061,2159,218,4450,4668
6023000900,"Humboldt, CA (CT)",1206,1130,2336,2534,2540,5074
6023001000,"Humboldt, CA (CT)",0,2618,2618,0,5906,5906
6023001101,"Humboldt, CA (CT)",113,2808,2921,266,6084,6350
6023001200,"Humboldt, CA (CT)",470,1555,2025,1014,3672,4686
6023001300,"Humboldt, CA (CT)",94,599,693,248,1231,1479
6023010102,"Humboldt, CA (CT)",1796,0,1796,2884,0,2884
6023010200,"Humboldt, CA (CT)",1806,0,1806,2983,0,2983
6023010300,"Humboldt, CA (CT)",1517,152,1669,3266,341,3607
6023010400,"Humboldt, CA (CT)",401,1129,1530,884,2804,3688
6023010501,"Humboldt, CA (CT)",0,2855,2855,0,6635,6635
6023010502,"Humboldt, CA (CT)",301,2073,2374,675,4606,5281
6023010600,"Humboldt, CA (CT)",833,0,833,1798,0,1798
6023010700,"Humboldt, CA (CT)",1094,1902,2996,2829,4111,6940
6023010800,"Humboldt, CA (CT)",776,1270,2046,1829,2956,4785
6023010901,"Humboldt, CA (CT)",0,1891,1891,0,4533,4533
6023010902,"Humboldt, CA (CT)",1441,496,1937,2934,1209,4143
6023011000,"Humboldt, CA (CT)",0,1828,1828,0,4386,4386
6023011100,"Humboldt, CA (CT)",423,1638,2061,897,4079,4976
6023011200,"Humboldt, CA (CT)",1740,0,1740,3220,0,3220
6023011500,"Humboldt, CA (CT)",2743,0,2743,4409,0,4409
6023011600,"Humboldt, CA (CT)",2267,0,2267,4133,0,4133
6023940000,"Humboldt, CA (CT)",1172,0,1172,3041,0,3041
6023990100,"Humboldt, CA (CT)",0,0,0,0,0,0
6025010101,"Imperial, CA (CT)",287,0,287,4601,0,4601
6025010102,"Imperial, CA (CT)",674,1116,1790,1469,3538,5007
6025010200,"Imperial, CA (CT)",828,0,828,2640,0,2640
6025010300,"Imperial, CA (CT)",355,0,355,933,0,933
6025010400,"Imperial, CA (CT)",0,2134,2134,0,7162,7162
6025010500,"Imperial, CA (CT)",0,2208,2208,0,6593,6593
6025010600,"Imperial, CA (CT)",13,2514,2527,43,6955,6998
6025010700,"Imperial, CA (CT)",0,1393,1393,0,4322,4322
6025010800,"Imperial, CA (CT)",401,136,537,978,390,1368
6025010900,"Imperial, CA (CT)",96,2118,2214,269,6486,6755
6025011000,"Imperial, CA (CT)",223,3739,3962,665,11382,12047
6025011100,"Imperial, CA (CT)",1210,101,1311,3392,293,3685
6025011201,"Imperial, CA (CT)",54,1857,1911,150,5893,6043
6025011202,"Imperial, CA (CT)",0,2002,2002,0,5444,5444
6025011300,"Imperial, CA (CT)",276,2583,2859,785,9675,10460
6025011400,"Imperial, CA (CT)",0,1305,1305,0,4580,4580
6025011500,"Imperial, CA (CT)",0,2041,2041,0,6232,6232
6025011600,"Imperial, CA (CT)",0,2236,2236,0,6310,6310
6025011700,"Imperial, CA (CT)",0,1537,1537,0,4797,4797
6025011801,"Imperial, CA (CT)",0,1220,1220,0,3821,3821
6025011802,"Imperial, CA (CT)",0,1788,1788,0,4870,4870
6025011803,"Imperial, CA (CT)",37,2133,2170,93,5844,5937
6025011900,"Imperial, CA (CT)",269,2783,3052,685,10281,10966
6025012001,"Imperial, CA (CT)",0,1144,1144,0,3831,3831
6025012002,"Imperial, CA (CT)",0,2576,2576,0,9678,9678
6025012100,"Imperial, CA (CT)",0,2128,2128,0,6937,6937
6025012200,"Imperial, CA (CT)",0,1989,1989,0,7804,7804
6025012301,"Imperial, CA (CT)",975,0,975,5633,0,5633
6025012302,"Imperial, CA (CT)",2526,0,2526,4756,0,4756
6025012400,"Imperial, CA (CT)",1566,0,1566,1266,0,1266
6025940000,"Imperial, CA (CT)",914,582,1496,2041,1011,3052
6027000100,"Inyo, CA (CT)",211,1113,1324,437,2320,2757
6027000200,"Inyo, CA (CT)",921,0,921,1718,0,1718
6027000300,"Inyo, CA (CT)",237,919,1156,447,2010,2457
6027000400,"Inyo, CA (CT)",35,2587,2622,63,5605,5668
6027000500,"Inyo, CA (CT)",1395,0,1395,2568,0,2568
6027000800,"Inyo, CA (CT)",2060,0,2060,3378,0,3378
6029000101,"Kern, CA (CT)",1,4650,4651,2,12238,12240
6029000102,"Kern, CA (CT)",0,1272,1272,0,3055,3055
6029000200,"Kern, CA (CT)",0,3162,3162,0,7644,7644
6029000300,"Kern, CA (CT)",0,1839,1839,0,4217,4217
6029000400,"Kern, CA (CT)",0,1978,1978,0,4319,4319
6029000503,"Kern, CA (CT)",28,2147,2175,82,6265,6347
6029000504,"Kern, CA (CT)",0,1787,1787,0,4086,4086
6029000505,"Kern, CA (CT)",0,1439,1439,0,3764,3764
6029000506,"Kern, CA (CT)",0,1296,1296,0,2795,2795
6029000507,"Kern, CA (CT)",0,1369,1369,0,3598,3598
6029000600,"Kern, CA (CT)",0,2922,2922,0,6931,6931
6029000700,"Kern, CA (CT)",0,1973,1973,0,4825,4825
6029000800,"Kern, CA (CT)",0,1685,1685,0,4925,4925
6029000902,"Kern, CA (CT)",0,1422,1422,0,3340,3340
6029000903,"Kern, CA (CT)",0,1532,1532,0,3653,3653
6029000904,"Kern, CA (CT)",0,1508,1508,0,4008,4008
6029000905,"Kern, CA (CT)",0,841,841,0,2483,2483
6029000906,"Kern, CA (CT)",0,1305,1305,0,4355,4355
6029000907,"Kern, CA (CT)",0,729,729,0,2463,2463
6029000908,"Kern, CA (CT)",0,1961,1961,0,5493,5493
6029000909,"Kern, CA (CT)",0,976,976,0,2406,2406
6029000910,"Kern, CA (CT)",82,3954,4036,258,9646,9904
6029001000,"Kern, CA (CT)",192,2460,2652,568,8618,9186
6029001101,"Kern, CA (CT)",0,1263,1263,0,4413,4413
6029001102,"Kern, CA (CT)",0,1787,1787,0,6682,6682
6029001103,"Kern, CA (CT)",0,1257,1257,0,4782,4782
6029001201,"Kern, CA (CT)",0,787,787,0,2895,2895
6029001202,"Kern, CA (CT)",0,1787,1787,0,6264,6264
6029001300,"Kern, CA (CT)",0,2317,2317,0,7559,7559
6029001400,"Kern, CA (CT)",0,2381,2381,0,7766,7766
6029001500,"Kern, CA (CT)",0,912,912,0,3147,3147
6029001600,"Kern, CA (CT)",0,821,821,0,1390,1390
6029001700,"Kern, CA (CT)",0,2118,2118,0,4287,4287
6029001801,"Kern, CA (CT)",0,2234,2234,0,5579,5579
6029001802,"Kern, CA (CT)",0,2259,2259,0,5408,5408
6029001901,"Kern, CA (CT)",0,1512,1512,0,3434,3434
6029001902,"Kern, CA (CT)",0,1951,1951,0,4679,4679
6029002000,"Kern, CA (CT)",0,2479,2479,0,7111,7111
6029002100,"Kern, CA (CT)",0,1080,1080,0,3852,3852
6029002200,"Kern, CA (CT)",0,1784,1784,0,6537,6537
6029002301,"Kern, CA (CT)",0,2653,2653,0,9743,9743
6029002302,"Kern, CA (CT)",0,864,864,0,3378,3378
6029002400,"Kern, CA (CT)",160,2038,2198,488,6990,7478
6029002500,"Kern, CA (CT)",0,2562,2562,0,9122,9122
6029002600,"Kern, CA (CT)",0,1042,1042,0,3539,3539
6029002700,"Kern, CA (CT)",0,1926,1926,0,5370,5370
6029002804,"Kern, CA (CT)",0,1639,1639,0,2672,2672
6029002806,"Kern, CA (CT)",0,1153,1153,0,2176,2176
6029002807,"Kern, CA (CT)",0,1513,1513,0,3894,3894
6029002808,"Kern, CA (CT)",0,3022,3022,0,7257,7257
6029002811,"Kern, CA (CT)",0,1521,1521,0,3854,3854
6029002812,"Kern, CA (CT)",0,2198,2198,0,5215,5215
6029002813,"Kern, CA (CT)",0,1803,1803,0,4161,4161
6029002814,"Kern, CA (CT)",0,1723,1723,0,4158,4158
6029002815,"Kern, CA (CT)",0,1520,1520,0,4282,4282
6029002816,"Kern, CA (CT)",0,1857,1857,0,5465,5465
6029002817,"Kern, CA (CT)",0,1850,1850,0,5173,5173
6029002818,"Kern, CA (CT)",0,1507,1507,0,3761,3761
6029002819,"Kern, CA (CT)",0,1817,1817,0,4586,4586
6029002820,"Kern, CA (CT)",0,2021,2021,0,6301,6301
6029002821,"Kern, CA (CT)",0,1692,1692,0,4897,4897
6029002900,"Kern, CA (CT)",0,2558,2558,0,7449,7449
6029003000,"Kern, CA (CT)",0,2102,2102,0,7374,7374
6029003103,"Kern, CA (CT)",0,1086,1086,0,3979,3979
6029003112,"Kern, CA (CT)",0,1919,1919,0,5116,5116
6029003113,"Kern, CA (CT)",0,1515,1515,0,4784,4784
6029003114,"Kern, CA (CT)",0,2497,2497,0,7654,7654
6029003115,"Kern, CA (CT)",0,1541,1541,0,5482,5482
6029003121,"Kern, CA (CT)",0,2585,2585,0,8264,8264
6029003122,"Kern, CA (CT)",0,2303,2303,0,8845,8845
6029003123,"Kern, CA (CT)",0,4527,4527,0,15296,15296
6029003124,"Kern, CA (CT)",0,1685,1685,0,5414,5414
6029003202,"Kern, CA (CT)",102,4303,4405,190,15389,15579
6029003203,"Kern, CA (CT)",0,799,799,0,2383,2383
6029003204,"Kern, CA (CT)",817,2232,3049,2348,7038,9386
6029003205,"Kern, CA (CT)",0,2517,2517,0,8998,8998
6029003206,"Kern, CA (CT)",344,3093,3437,924,11188,12112
6029003303,"Kern, CA (CT)",598,0,598,1471,0,1471
6029003304,"Kern, CA (CT)",983,0,983,5248,0,5248
6029003305,"Kern, CA (CT)",137,1693,1830,263,3345,3608
6029003306,"Kern, CA (CT)",3156,113,3269,4585,312,4897
6029003400,"Kern, CA (CT)",7,1434,1441,20,4298,4318
6029003500,"Kern, CA (CT)",0,2393,2393,0,6156,6156
6029003600,"Kern, CA (CT)",0,1667,1667,0,4531,4531
6029003700,"Kern, CA (CT)",1137,0,1137,3953,0,3953
6029003803,"Kern, CA (CT)",262,1333,1595,707,4062,4769
6029003804,"Kern, CA (CT)",29,4780,4809,77,15387,15464
6029003805,"Kern, CA (CT)",0,2859,2859,0,8774,8774
6029003806,"Kern, CA (CT)",0,1736,1736,0,4889,4889
6029003807,"Kern, CA (CT)",0,1265,1265,0,3616,3616
6029003808,"Kern, CA (CT)",0,1575,1575,0,4439,4439
6029003809,"Kern, CA (CT)",218,3543,3761,645,10339,10984
6029003810,"Kern, CA (CT)",0,883,883,0,2578,2578
6029003811,"Kern, CA (CT)",0,1050,1050,0,2661,2661
6029003812,"Kern, CA (CT)",0,1863,1863,0,4367,4367
6029003813,"Kern, CA (CT)",0,2664,2664,0,7613,7613
6029003900,"Kern, CA (CT)",180,42,222,2101,149,2250
6029004000,"Kern, CA (CT)",197,1636,1833,565,7139,7704
6029004101,"Kern, CA (CT)",0,1538,1538,0,4917,4917
6029004102,"Kern, CA (CT)",0,1458,1458,0,5451,5451
6029004200,"Kern, CA (CT)",279,122,401,878,442,1320
6029004301,"Kern, CA (CT)",183,1822,2005,494,6922,7416
6029004302,"Kern, CA (CT)",0,0,0,0,5710,5710
6029004401,"Kern, CA (CT)",0,2099,2099,0,7308,7308
6029004402,"Kern, CA (CT)",0,1489,1489,0,5437,5437
6029004500,"Kern, CA (CT)",929,32,961,3825,112,3937
6029004601,"Kern, CA (CT)",0,0,0,0,5363,5363
6029004603,"Kern, CA (CT)",0,0,0,0,490,490
6029004604,"Kern, CA (CT)",451,2124,2575,1467,14378,15845
6029004701,"Kern, CA (CT)",30,1747,1777,93,8775,8868
6029004702,"Kern, CA (CT)",0,967,967,0,4051,4051
6029004800,"Kern, CA (CT)",0,2462,2462,0,9297,9297
6029004901,"Kern, CA (CT)",0,1483,1483,0,5733,5733
6029004902,"Kern, CA (CT)",0,1999,1999,0,8349,8349
6029005003,"Kern, CA (CT)",0,930,930,0,3543,3543
6029005004,"Kern, CA (CT)",0,2010,2010,0,7219,7219
6029005103,"Kern, CA (CT)",276,914,1190,668,1896,2564
6029005104,"Kern, CA (CT)",251,1310,1561,529,2724,3253
6029005201,"Kern, CA (CT)",4462,0,4462,5397,0,5397
6029005203,"Kern, CA (CT)",2829,0,2829,4679,0,4679
6029005204,"Kern, CA (CT)",1986,1910,3896,2887,3271,6158
6029005300,"Kern, CA (CT)",1,807,808,1,2138,2139
6029005401,"Kern, CA (CT)",0,2807,2807,0,6099,6099
6029005402,"Kern, CA (CT)",0,2127,2127,0,5094,5094
6029005403,"Kern, CA (CT)",9,3664,3673,15,8364,8379
6029005404,"Kern, CA (CT)",91,2768,2859,219,6453,6672
6029005501,"Kern, CA (CT)",1710,1212,2922,3434,2841,6275
6029005506,"Kern, CA (CT)",1325,1113,2438,3092,2906,5998
6029005507,"Kern, CA (CT)",22,3239,3261,24,7174,7198
6029005508,"Kern, CA (CT)",226,1660,1886,464,3734,4198
6029005600,"Kern, CA (CT)",1208,0,1208,2253,0,2253
6029005700,"Kern, CA (CT)",856,0,856,2226,0,2226
6029005801,"Kern, CA (CT)",60,2080,2140,146,5851,5997
6029005802,"Kern, CA (CT)",62,2896,2958,136,7243,7379
6029005900,"Kern, CA (CT)",149,1385,1534,353,3236,3589
6029006002,"Kern, CA (CT)",4,0,4,5906,0,5906
6029006003,"Kern, CA (CT)",24,2196,2220,60,5520,5580
6029006004,"Kern, CA (CT)",985,0,985,1601,0,1601
6029006006,"Kern, CA (CT)",348,1136,1484,875,2644,3519
6029006007,"Kern, CA (CT)",2542,112,2654,5243,231,5474
6029006008,"Kern, CA (CT)",3088,0,3088,5956,0,5956
6029006100,"Kern, CA (CT)",48,3358,3406,119,8145,8264
6029006201,"Kern, CA (CT)",518,405,923,1385,1492,2877
6029006202,"Kern, CA (CT)",446,1088,1534,1303,5098,6401
6029006301,"Kern, CA (CT)",61,933,994,208,3796,4004
6029006303,"Kern, CA (CT)",0,1554,1554,0,6784,6784
6029006304,"Kern, CA (CT)",0,967,967,0,3895,3895
6029006401,"Kern, CA (CT)",0,2001,2001,0,8320,8320
6029006403,"Kern, CA (CT)",0,1353,1353,0,5824,5824
6029006404,"Kern, CA (CT)",37,866,903,110,3454,3564
6029006500,"Kern, CA (CT)",1450,0,1450,5152,0,5152
6031000100,"Kings, CA (CT)",1159,41,1200,3329,128,3457
6031000200,"Kings, CA (CT)",816,0,816,2271,0,2271
6031000300,"Kings, CA (CT)",2,1627,1629,8,7438,7446
6031000402,"Kings, CA (CT)",707,1109,1816,2041,3239,5280
6031000403,"Kings, CA (CT)",0,1839,1839,0,5281,5281
6031000404,"Kings, CA (CT)",0,3438,3438,0,9791,9791
6031000405,"Kings, CA (CT)",0,2290,2290,0,6281,6281
6031000500,"Kings, CA (CT)",409,1274,1683,1128,4348,5476
6031000601,"Kings, CA (CT)",10,3243,3253,29,9992,10021
6031000602,"Kings, CA (CT)",0,2421,2421,0,5676,5676
6031000701,"Kings, CA (CT)",0,2015,2015,0,5321,5321
6031000702,"Kings, CA (CT)",0,1635,1635,0,4382,4382
6031000800,"Kings, CA (CT)",20,1614,1634,63,4795,4858
6031000900,"Kings, CA (CT)",0,2993,2993,0,8057,8057
6031001001,"Kings, CA (CT)",0,1487,1487,0,4176,4176
6031001002,"Kings, CA (CT)",0,1349,1349,0,4424,4424
6031001003,"Kings, CA (CT)",0,1572,1572,0,5699,5699
6031001100,"Kings, CA (CT)",80,1792,1872,266,6347,6613
6031001200,"Kings, CA (CT)",869,2,871,2503,4,2507
6031001300,"Kings, CA (CT)",129,1139,1268,368,3393,3761
6031001401,"Kings, CA (CT)",0,833,833,0,3002,3002
6031001402,"Kings, CA (CT)",0,738,738,0,2384,2384
6031001500,"Kings, CA (CT)",0,1458,1458,0,4619,4619
6031001601,"Kings, CA (CT)",1318,0,1318,4516,0,4516
6031001602,"Kings, CA (CT)",0,0,0,0,12118,12118
6031001701,"Kings, CA (CT)",37,2402,2439,79,9063,9142
6031981800,"Kings, CA (CT)",0,0,0,0,6423,6423
6033000100,"Lake, CA (CT)",1350,347,1697,2179,942,3121
6033000300,"Lake, CA (CT)",630,1220,1850,1539,2307,3846
6033000400,"Lake, CA (CT)",75,2760,2835,171,5403,5574
6033000501,"Lake, CA (CT)",450,1455,1905,709,2513,3222
6033000502,"Lake, CA (CT)",0,1643,1643,0,2703,2703
6033000600,"Lake, CA (CT)",905,2335,3240,1304,2653,3957
6033000701,"Lake, CA (CT)",149,2450,2599,242,4101,4343
6033000702,"Lake, CA (CT)",169,1795,1964,323,3706,4029
6033000801,"Lake, CA (CT)",0,1509,1509,0,2894,2894
6033000802,"Lake, CA (CT)",0,2149,2149,0,4234,4234
6033000900,"Lake, CA (CT)",2251,1695,3946,2998,3061,6059
6033001000,"Lake, CA (CT)",1338,1184,2522,3049,2996,6045
6033001100,"Lake, CA (CT)",2389,6,2395,3839,26,3865
6033001200,"Lake, CA (CT)",897,769,1666,1657,1541,3198
6033001300,"Lake, CA (CT)",1608,1964,3572,3398,4177,7575
6035040100,"Lassen, CA (CT)",1035,0,1035,1822,0,1822
6035040200,"Lassen, CA (CT)",2347,0,2347,2534,0,2534
6035040302,"Lassen, CA (CT)",1293,527,1820,3111,1311,4422
6035040303,"Lassen, CA (CT)",155,1373,1528,428,3188,3616
6035040304,"Lassen, CA (CT)",0,913,913,0,1939,1939
6035040305,"Lassen, CA (CT)",120,1634,1754,299,3847,4146
6035040400,"Lassen, CA (CT)",586,0,586,9422,0,9422
6035040500,"Lassen, CA (CT)",1368,0,1368,3213,0,3213
6035040600,"Lassen, CA (CT)",1359,0,1359,3781,0,3781
6037101110,"Los Angeles, CA (CT)",0,1734,1734,0,4731,4731
6037101122,"Los Angeles, CA (CT)",0,1369,1369,0,3664,3664
6037101210,"Los Angeles, CA (CT)",0,2317,2317,0,5990,5990
6037101220,"Los Angeles, CA (CT)",0,1317,1317,0,3363,3363
6037101300,"Los Angeles, CA (CT)",0,1582,1582,0,4199,4199
6037101400,"Los Angeles, CA (CT)",0,1568,1568,0,3903,3903
6037102103,"Los Angeles, CA (CT)",0,680,680,0,1740,1740
6037102104,"Los Angeles, CA (CT)",0,1326,1326,0,3648,3648
6037102105,"Los Angeles, CA (CT)",0,560,560,0,1731,1731
6037102107,"Los Angeles, CA (CT)",54,1272,1326,134,3717,3851
6037103101,"Los Angeles, CA (CT)",0,948,948,0,2670,2670
6037103102,"Los Angeles, CA (CT)",0,1708,1708,0,4751,4751
6037103200,"Los Angeles, CA (CT)",0,2285,2285,0,6150,6150
6037103300,"Los Angeles, CA (CT)",0,1400,1400,0,3819,3819
6037103400,"Los Angeles, CA (CT)",0,2484,2484,0,6143,6143
6037104103,"Los Angeles, CA (CT)",0,842,842,0,4085,4085
6037104105,"Los Angeles, CA (CT)",0,1456,1456,0,5412,5412
6037104108,"Los Angeles, CA (CT)",0,1346,1346,0,5256,5256
6037104124,"Los Angeles, CA (CT)",0,1215,1215,0,4175,4175
6037104201,"Los Angeles, CA (CT)",0,885,885,0,4780,4780
6037104203,"Los Angeles, CA (CT)",0,1158,1158,0,5210,5210
6037104204,"Los Angeles, CA (CT)",0,753,753,0,3375,3375
6037104310,"Los Angeles, CA (CT)",0,931,931,0,4921,4921
6037104320,"Los Angeles, CA (CT)",0,1359,1359,0,5998,5998
6037104401,"Los Angeles, CA (CT)",0,725,725,0,3357,3357
6037104403,"Los Angeles, CA (CT)",0,717,717,0,3282,3282
6037104404,"Los Angeles, CA (CT)",0,694,694,0,3236,3236
6037104500,"Los Angeles, CA (CT)",0,748,748,0,3293,3293
6037104610,"Los Angeles, CA (CT)",0,785,785,0,3672,3672
6037104620,"Los Angeles, CA (CT)",0,796,796,0,3539,3539
6037104701,"Los Angeles, CA (CT)",0,931,931,0,4208,4208
6037104703,"Los Angeles, CA (CT)",0,584,584,0,2397,2397
6037104704,"Los Angeles, CA (CT)",0,1159,1159,0,4219,4219
6037104810,"Los Angeles, CA (CT)",0,1132,1132,0,5328,5328
6037104821,"Los Angeles, CA (CT)",0,834,834,0,3514,3514
6037104822,"Los Angeles, CA (CT)",0,614,614,0,2277,2277
6037106010,"Los Angeles, CA (CT)",0,962,962,0,3152,3152
6037106020,"Los Angeles, CA (CT)",0,1433,1433,0,5557,5557
6037106111,"Los Angeles, CA (CT)",0,1345,1345,0,4334,4334
6037106112,"Los Angeles, CA (CT)",0,1501,1501,0,5969,5969
6037106113,"Los Angeles, CA (CT)",0,884,884,0,3493,3493
6037106114,"Los Angeles, CA (CT)",0,1622,1622,0,5880,5880
6037106403,"Los Angeles, CA (CT)",0,863,863,0,3825,3825
6037106405,"Los Angeles, CA (CT)",0,1174,1174,0,3966,3966
6037106406,"Los Angeles, CA (CT)",0,1670,1670,0,4962,4962
6037106407,"Los Angeles, CA (CT)",0,872,872,0,2933,2933
6037106408,"Los Angeles, CA (CT)",0,996,996,0,3463,3463
6037106510,"Los Angeles, CA (CT)",0,1538,1538,0,5108,5108
6037106520,"Los Angeles, CA (CT)",0,1463,1463,0,5837,5837
6037106603,"Los Angeles, CA (CT)",146,846,992,392,2587,2979
6037106604,"Los Angeles, CA (CT)",0,1265,1265,0,5020,5020
6037106641,"Los Angeles, CA (CT)",0,787,787,0,2317,2317
6037106642,"Los Angeles, CA (CT)",0,1095,1095,0,3236,3236
6037106643,"Los Angeles, CA (CT)",0,1344,1344,0,4320,4320
6037106645,"Los Angeles, CA (CT)",0,1205,1205,0,3389,3389
6037106646,"Los Angeles, CA (CT)",0,964,964,0,3237,3237
6037106648,"Los Angeles, CA (CT)",0,1005,1005,0,3890,3890
6037106649,"Los Angeles, CA (CT)",0,727,727,0,2853,2853
6037107010,"Los Angeles, CA (CT)",0,752,752,0,3247,3247
6037107020,"Los Angeles, CA (CT)",0,1307,1307,0,5404,5404
6037108101,"Los Angeles, CA (CT)",0,800,800,0,2230,2230
6037108102,"Los Angeles, CA (CT)",0,1253,1253,0,3430,3430
6037108103,"Los Angeles, CA (CT)",0,1075,1075,0,3256,3256
6037108104,"Los Angeles, CA (CT)",0,587,587,0,1698,1698
6037108201,"Los Angeles, CA (CT)",0,1900,1900,0,5551,5551
6037108202,"Los Angeles, CA (CT)",0,1972,1972,0,4895,4895
6037109100,"Los Angeles, CA (CT)",0,775,775,0,2492,2492
6037109200,"Los Angeles, CA (CT)",0,899,899,0,2669,2669
6037109300,"Los Angeles, CA (CT)",0,898,898,0,3085,3085
6037109400,"Los Angeles, CA (CT)",0,1068,1068,0,3720,3720
6037109500,"Los Angeles, CA (CT)",0,1054,1054,0,4303,4303
6037109601,"Los Angeles, CA (CT)",0,1323,1323,0,5020,5020
6037109603,"Los Angeles, CA (CT)",0,1316,1316,0,4252,4252
6037109604,"Los Angeles, CA (CT)",0,920,920,0,2975,2975
6037109700,"Los Angeles, CA (CT)",0,1400,1400,0,4493,4493
6037109800,"Los Angeles, CA (CT)",0,1460,1460,0,4565,4565
6037111100,"Los Angeles, CA (CT)",0,942,942,0,2982,2982
6037111201,"Los Angeles, CA (CT)",0,1130,1130,0,3410,3410
6037111202,"Los Angeles, CA (CT)",0,1938,1938,0,5213,5213
6037111204,"Los Angeles, CA (CT)",0,1955,1955,0,5859,5859
6037111205,"Los Angeles, CA (CT)",0,1298,1298,0,3375,3375
6037111206,"Los Angeles, CA (CT)",0,1538,1538,0,4490,4490
6037111301,"Los Angeles, CA (CT)",0,2778,2778,0,7087,7087
6037111302,"Los Angeles, CA (CT)",0,1915,1915,0,4786,4786
6037111400,"Los Angeles, CA (CT)",0,2847,2847,0,7560,7560
6037113101,"Los Angeles, CA (CT)",0,1140,1140,0,3558,3558
6037113102,"Los Angeles, CA (CT)",0,967,967,0,2828,2828
6037113211,"Los Angeles, CA (CT)",0,1613,1613,0,3787,3787
6037113212,"Los Angeles, CA (CT)",0,1082,1082,0,3069,3069
6037113213,"Los Angeles, CA (CT)",0,1660,1660,0,4316,4316
6037113231,"Los Angeles, CA (CT)",0,810,810,0,2125,2125
6037113232,"Los Angeles, CA (CT)",0,1388,1388,0,3894,3894
6037113233,"Los Angeles, CA (CT)",0,2448,2448,0,6655,6655
6037113234,"Los Angeles, CA (CT)",0,1585,1585,0,4667,4667
6037113235,"Los Angeles, CA (CT)",0,766,766,0,1602,1602
6037113237,"Los Angeles, CA (CT)",0,1496,1496,0,3661,3661
6037113301,"Los Angeles, CA (CT)",0,982,982,0,2201,2201
6037113303,"Los Angeles, CA (CT)",0,1398,1398,0,4006,4006
6037113321,"Los Angeles, CA (CT)",0,2406,2406,0,5473,5473
6037113322,"Los Angeles, CA (CT)",0,1370,1370,0,3947,3947
6037113401,"Los Angeles, CA (CT)",0,1777,1777,0,5543,5543
6037113421,"Los Angeles, CA (CT)",0,2064,2064,0,6109,6109
6037113422,"Los Angeles, CA (CT)",0,2158,2158,0,6057,6057
6037115101,"Los Angeles, CA (CT)",0,1724,1724,0,5046,5046
6037115103,"Los Angeles, CA (CT)",0,31,31,0,2776,2776
6037115104,"Los Angeles, CA (CT)",0,2117,2117,0,4444,4444
6037115201,"Los Angeles, CA (CT)",0,2911,2911,0,6437,6437
6037115202,"Los Angeles, CA (CT)",0,1951,1951,0,4828,4828
6037115301,"Los Angeles, CA (CT)",0,1766,1766,0,4156,4156
6037115302,"Los Angeles, CA (CT)",0,1025,1025,0,4351,4351
6037115401,"Los Angeles, CA (CT)",0,2055,2055,0,5776,5776
6037115403,"Los Angeles, CA (CT)",0,1045,1045,0,3188,3188
6037115404,"Los Angeles, CA (CT)",0,867,867,0,2913,2913
6037117101,"Los Angeles, CA (CT)",0,1376,1376,0,4796,4796
6037117102,"Los Angeles, CA (CT)",0,828,828,0,2631,2631
6037117201,"Los Angeles, CA (CT)",0,1233,1233,0,4352,4352
6037117202,"Los Angeles, CA (CT)",0,740,740,0,2471,2471
6037117301,"Los Angeles, CA (CT)",0,1236,1236,0,3851,3851
6037117302,"Los Angeles, CA (CT)",0,1744,1744,0,4914,4914
6037117303,"Los Angeles, CA (CT)",0,1038,1038,0,3512,3512
6037117404,"Los Angeles, CA (CT)",0,1335,1335,0,4279,4279
6037117405,"Los Angeles, CA (CT)",0,854,854,0,3442,3442
6037117407,"Los Angeles, CA (CT)",0,896,896,0,3636,3636
6037117408,"Los Angeles, CA (CT)",0,868,868,0,2830,2830
6037117510,"Los Angeles, CA (CT)",0,1013,1013,0,4028,4028
6037117520,"Los Angeles, CA (CT)",0,999,999,0,4052,4052
6037117530,"Los Angeles, CA (CT)",0,1565,1565,0,5641,5641
6037119001,"Los Angeles, CA (CT)",0,997,997,0,4038,4038
6037119002,"Los Angeles, CA (CT)",0,1679,1679,0,7210,7210
6037119201,"Los Angeles, CA (CT)",0,915,915,0,4137,4137
6037119202,"Los Angeles, CA (CT)",0,1086,1086,0,4707,4707
6037119310,"Los Angeles, CA (CT)",0,1150,1150,0,3871,3871
6037119320,"Los Angeles, CA (CT)",0,1183,1183,0,4694,4694
6037119340,"Los Angeles, CA (CT)",0,982,982,0,3884,3884
6037119341,"Los Angeles, CA (CT)",0,797,797,0,2719,2719
6037119342,"Los Angeles, CA (CT)",0,742,742,0,3180,3180
6037119400,"Los Angeles, CA (CT)",0,1133,1133,0,4987,4987
6037119700,"Los Angeles, CA (CT)",0,1328,1328,0,5045,5045
6037119800,"Los Angeles, CA (CT)",0,1437,1437,0,6108,6108
6037119900,"Los Angeles, CA (CT)",0,1225,1225,0,4940,4940
6037120010,"Los Angeles, CA (CT)",0,696,696,0,2844,2844
6037120020,"Los Angeles, CA (CT)",0,1120,1120,0,4057,4057
6037120030,"Los Angeles, CA (CT)",0,666,666,0,2675,2675
6037120103,"Los Angeles, CA (CT)",0,865,865,0,3287,3287
6037120104,"Los Angeles, CA (CT)",0,764,764,0,2310,2310
6037120105,"Los Angeles, CA (CT)",0,864,864,0,2812,2812
6037120106,"Los Angeles, CA (CT)",0,1197,1197,0,4417,4417
6037120107,"Los Angeles, CA (CT)",0,1046,1046,0,3818,3818
6037120108,"Los Angeles, CA (CT)",0,1302,1302,0,4838,4838
6037120300,"Los Angeles, CA (CT)",0,1463,1463,0,5531,5531
6037120400,"Los Angeles, CA (CT)",0,2022,2022,0,6272,6272
6037121010,"Los Angeles, CA (CT)",0,1301,1301,0,4989,4989
6037121020,"Los Angeles, CA (CT)",0,1046,1046,0,3741,3741
6037121101,"Los Angeles, CA (CT)",0,956,956,0,2932,2932
6037121102,"Los Angeles, CA (CT)",0,829,829,0,2721,2721
6037121210,"Los Angeles, CA (CT)",0,799,799,0,3122,3122
6037121221,"Los Angeles, CA (CT)",0,564,564,0,2365,2365
6037121222,"Los Angeles, CA (CT)",0,1270,1270,0,5293,5293
6037121600,"Los Angeles, CA (CT)",0,851,851,0,3005,3005
6037121801,"Los Angeles, CA (CT)",0,1215,1215,0,3942,3942
6037121802,"Los Angeles, CA (CT)",0,736,736,0,3525,3525
6037121900,"Los Angeles, CA (CT)",0,1072,1072,0,4110,4110
6037122000,"Los Angeles, CA (CT)",0,1538,1538,0,5446,5446
6037122120,"Los Angeles, CA (CT)",0,1132,1132,0,5000,5000
6037122121,"Los Angeles, CA (CT)",0,738,738,0,2833,2833
6037122122,"Los Angeles, CA (CT)",0,660,660,0,2439,2439
6037122200,"Los Angeles, CA (CT)",0,973,973,0,4141,4141
6037122410,"Los Angeles, CA (CT)",0,1137,1137,0,3794,3794
6037122420,"Los Angeles, CA (CT)",0,1350,1350,0,5050,5050
6037123010,"Los Angeles, CA (CT)",0,1038,1038,0,4580,4580
6037123020,"Los Angeles, CA (CT)",0,781,781,0,3432,3432
6037123103,"Los Angeles, CA (CT)",0,1523,1523,0,4165,4165
6037123104,"Los Angeles, CA (CT)",0,1605,1605,0,4596,4596
6037123203,"Los Angeles, CA (CT)",0,1098,1098,0,3765,3765
6037123204,"Los Angeles, CA (CT)",0,1056,1056,0,3449,3449
6037123205,"Los Angeles, CA (CT)",0,737,737,0,2645,2645
6037123206,"Los Angeles, CA (CT)",0,910,910,0,2945,2945
6037123301,"Los Angeles, CA (CT)",0,1565,1565,0,4559,4559
6037123303,"Los Angeles, CA (CT)",0,951,951,0,3301,3301
6037123304,"Los Angeles, CA (CT)",0,1721,1721,0,4687,4687
6037123410,"Los Angeles, CA (CT)",0,1294,1294,0,4247,4247
6037123420,"Los Angeles, CA (CT)",0,1419,1419,0,4638,4638
6037123510,"Los Angeles, CA (CT)",0,1623,1623,0,4753,4753
6037123520,"Los Angeles, CA (CT)",0,857,857,0,2567,2567
6037123601,"Los Angeles, CA (CT)",0,1895,1895,0,4995,4995
6037123602,"Los Angeles, CA (CT)",0,1332,1332,0,3332,3332
6037123700,"Los Angeles, CA (CT)",0,1547,1547,0,4114,4114
6037123800,"Los Angeles, CA (CT)",0,2396,2396,0,5531,5531
6037123901,"Los Angeles, CA (CT)",0,1532,1532,0,4500,4500
6037123902,"Los Angeles, CA (CT)",0,1114,1114,0,2561,2561
6037124000,"Los Angeles, CA (CT)",0,2160,2160,0,4550,4550
6037124102,"Los Angeles, CA (CT)",0,1433,1433,0,3549,3549
6037124103,"Los Angeles, CA (CT)",0,607,607,0,2030,2030
6037124104,"Los Angeles, CA (CT)",0,999,999,0,2439,2439
6037124105,"Los Angeles, CA (CT)",0,925,925,0,2658,2658
6037124201,"Los Angeles, CA (CT)",0,1140,1140,0,3506,3506
6037124203,"Los Angeles, CA (CT)",0,876,876,0,2748,2748
6037124204,"Los Angeles, CA (CT)",0,1076,1076,0,3071,3071
6037124300,"Los Angeles, CA (CT)",0,1385,1385,0,4046,4046
6037124400,"Los Angeles, CA (CT)",0,1723,1723,0,4192,4192
6037124500,"Los Angeles, CA (CT)",0,1243,1243,0,2779,2779
6037124600,"Los Angeles, CA (CT)",0,1398,1398,0,3123,3123
6037124700,"Los Angeles, CA (CT)",0,2222,2222,0,4796,4796
6037124902,"Los Angeles, CA (CT)",0,1608,1608,0,2766,2766
6037124903,"Los Angeles, CA (CT)",0,1703,1703,0,3262,3262
6037125100,"Los Angeles, CA (CT)",0,2971,2971,0,5431,5431
6037125200,"Los Angeles, CA (CT)",0,1754,1754,0,3524,3524
6037125310,"Los Angeles, CA (CT)",0,2168,2168,0,4750,4750
6037125320,"Los Angeles, CA (CT)",0,2753,2753,0,4843,4843
6037125401,"Los Angeles, CA (CT)",0,2334,2334,0,4024,4024
6037125402,"Los Angeles, CA (CT)",0,2011,2011,0,3544,3544
6037125501,"Los Angeles, CA (CT)",0,1668,1668,0,3077,3077
6037125502,"Los Angeles, CA (CT)",0,1796,1796,0,3083,3083
6037125600,"Los Angeles, CA (CT)",0,1287,1287,0,2657,2657
6037127102,"Los Angeles, CA (CT)",0,1514,1514,0,4726,4726
6037127103,"Los Angeles, CA (CT)",0,1173,1173,0,2939,2939
6037127104,"Los Angeles, CA (CT)",0,1234,1234,0,3573,3573
6037127210,"Los Angeles, CA (CT)",0,1885,1885,0,5531,5531
6037127220,"Los Angeles, CA (CT)",0,1658,1658,0,4931,4931
6037127300,"Los Angeles, CA (CT)",0,1761,1761,0,4460,4460
6037127400,"Los Angeles, CA (CT)",0,1809,1809,0,5818,5818
6037127520,"Los Angeles, CA (CT)",0,1239,1239,0,4045,4045
6037127603,"Los Angeles, CA (CT)",0,897,897,0,2938,2938
6037127604,"Los Angeles, CA (CT)",0,1204,1204,0,2939,2939
6037127605,"Los Angeles, CA (CT)",0,1117,1117,0,3549,3549
6037127606,"Los Angeles, CA (CT)",0,1107,1107,0,3164,3164
6037127711,"Los Angeles, CA (CT)",0,1187,1187,0,3356,3356
6037127712,"Los Angeles, CA (CT)",0,1166,1166,0,2991,2991
6037127803,"Los Angeles, CA (CT)",0,1379,1379,0,4037,4037
6037127804,"Los Angeles, CA (CT)",0,1546,1546,0,3933,3933
6037127805,"Los Angeles, CA (CT)",0,1202,1202,0,3768,3768
6037127806,"Los Angeles, CA (CT)",0,1263,1263,0,3447,3447
6037127910,"Los Angeles, CA (CT)",0,1569,1569,0,4769,4769
6037127920,"Los Angeles, CA (CT)",0,1312,1312,0,4100,4100
6037128101,"Los Angeles, CA (CT)",0,1262,1262,0,3738,3738
6037128102,"Los Angeles, CA (CT)",0,1475,1475,0,4795,4795
6037128210,"Los Angeles, CA (CT)",0,1541,1541,0,4822,4822
6037128220,"Los Angeles, CA (CT)",0,1205,1205,0,3011,3011
6037128302,"Los Angeles, CA (CT)",0,1488,1488,0,4688,4688
6037128303,"Los Angeles, CA (CT)",0,1127,1127,0,3982,3982
6037128400,"Los Angeles, CA (CT)",0,1723,1723,0,4114,4114
6037128500,"Los Angeles, CA (CT)",0,2111,2111,0,4015,4015
6037128601,"Los Angeles, CA (CT)",0,1702,1702,0,4288,4288
6037128602,"Los Angeles, CA (CT)",0,1411,1411,0,3189,3189
6037128702,"Los Angeles, CA (CT)",0,2844,2844,0,5639,5639
6037128801,"Los Angeles, CA (CT)",0,1964,1964,0,3307,3307
6037128802,"Los Angeles, CA (CT)",0,2184,2184,0,4325,4325
6037128910,"Los Angeles, CA (CT)",0,1937,1937,0,4083,4083
6037131010,"Los Angeles, CA (CT)",0,2090,2090,0,6409,6409
6037131020,"Los Angeles, CA (CT)",0,1613,1613,0,5698,5698
6037131100,"Los Angeles, CA (CT)",0,1063,1063,0,3252,3252
6037131200,"Los Angeles, CA (CT)",0,1229,1229,0,3429,3429
6037131300,"Los Angeles, CA (CT)",0,1220,1220,0,4902,4902
6037131400,"Los Angeles, CA (CT)",0,1913,1913,0,5897,5897
6037131600,"Los Angeles, CA (CT)",0,1500,1500,0,5494,5494
6037131701,"Los Angeles, CA (CT)",0,1757,1757,0,4541,4541
6037131702,"Los Angeles, CA (CT)",0,1201,1201,0,3751,3751
6037131800,"Los Angeles, CA (CT)",0,1643,1643,0,5341,5341
6037131900,"Los Angeles, CA (CT)",0,1359,1359,0,4210,4210
6037132001,"Los Angeles, CA (CT)",0,1166,1166,0,3202,3202
6037132002,"Los Angeles, CA (CT)",0,1101,1101,0,3299,3299
6037132101,"Los Angeles, CA (CT)",0,1587,1587,0,4259,4259
6037132102,"Los Angeles, CA (CT)",0,2086,2086,0,5310,5310
6037132300,"Los Angeles, CA (CT)",0,2399,2399,0,6494,6494
6037132501,"Los Angeles, CA (CT)",0,1162,1162,0,3763,3763
6037132502,"Los Angeles, CA (CT)",0,1328,1328,0,3672,3672
6037132700,"Los Angeles, CA (CT)",0,1509,1509,0,4912,4912
6037132900,"Los Angeles, CA (CT)",0,1329,1329,0,3461,3461
6037133000,"Los Angeles, CA (CT)",0,1263,1263,0,4449,4449
6037133100,"Los Angeles, CA (CT)",0,2116,2116,0,5446,5446
6037134001,"Los Angeles, CA (CT)",0,955,955,0,3765,3765
6037134002,"Los Angeles, CA (CT)",0,1045,1045,0,3372,3372
6037134101,"Los Angeles, CA (CT)",0,1479,1479,0,4922,4922
6037134103,"Los Angeles, CA (CT)",0,1334,1334,0,4193,4193
6037134104,"Los Angeles, CA (CT)",0,1395,1395,0,4322,4322
6037134201,"Los Angeles, CA (CT)",0,1231,1231,0,4270,4270
6037134302,"Los Angeles, CA (CT)",0,1267,1267,0,3732,3732
6037134303,"Los Angeles, CA (CT)",0,1838,1838,0,5057,5057
6037134304,"Los Angeles, CA (CT)",0,953,953,0,2882,2882
6037134305,"Los Angeles, CA (CT)",0,1076,1076,0,3847,3847
6037134306,"Los Angeles, CA (CT)",0,1244,1244,0,3498,3498
6037134421,"Los Angeles, CA (CT)",0,1400,1400,0,3941,3941
6037134422,"Los Angeles, CA (CT)",0,1598,1598,0,4684,4684
6037134423,"Los Angeles, CA (CT)",0,1269,1269,0,3414,3414
6037134424,"Los Angeles, CA (CT)",0,951,951,0,2887,2887
6037134520,"Los Angeles, CA (CT)",0,1935,1935,0,5453,5453
6037134521,"Los Angeles, CA (CT)",0,744,744,0,3126,3126
6037134522,"Los Angeles, CA (CT)",0,1327,1327,0,3954,3954
6037134710,"Los Angeles, CA (CT)",0,1606,1606,0,5287,5287
6037134720,"Los Angeles, CA (CT)",0,1642,1642,0,4594,4594
6037134800,"Los Angeles, CA (CT)",0,1903,1903,0,5949,5949
6037134901,"Los Angeles, CA (CT)",0,1176,1176,0,3069,3069
6037134903,"Los Angeles, CA (CT)",0,2138,2138,0,4216,4216
6037134904,"Los Angeles, CA (CT)",0,1451,1451,0,4338,4338
6037134905,"Los Angeles, CA (CT)",0,1774,1774,0,2819,2819
6037135102,"Los Angeles, CA (CT)",0,1231,1231,0,3513,3513
6037135111,"Los Angeles, CA (CT)",0,1184,1184,0,2967,2967
6037135113,"Los Angeles, CA (CT)",0,1457,1457,0,2795,2795
6037135114,"Los Angeles, CA (CT)",0,2689,2689,0,4445,4445
6037135201,"Los Angeles, CA (CT)",0,917,917,0,2620,2620
6037135202,"Los Angeles, CA (CT)",0,1507,1507,0,4255,4255
6037135203,"Los Angeles, CA (CT)",0,2504,2504,0,7055,7055
6037137103,"Los Angeles, CA (CT)",0,2523,2523,0,4199,4199
6037137104,"Los Angeles, CA (CT)",0,1085,1085,0,2717,2717
6037137201,"Los Angeles, CA (CT)",0,2339,2339,0,5270,5270
6037137301,"Los Angeles, CA (CT)",0,807,807,0,2264,2264
6037137302,"Los Angeles, CA (CT)",0,1606,1606,0,4338,4338
6037137401,"Los Angeles, CA (CT)",0,1707,1707,0,4157,4157
6037137402,"Los Angeles, CA (CT)",0,2151,2151,0,5364,5364
6037137501,"Los Angeles, CA (CT)",0,1820,1820,0,4124,4124
6037137502,"Los Angeles, CA (CT)",0,2023,2023,0,4202,4202
6037137504,"Los Angeles, CA (CT)",0,724,724,0,1939,1939
6037138000,"Los Angeles, CA (CT)",0,1879,1879,0,4484,4484
6037139001,"Los Angeles, CA (CT)",0,2185,2185,0,4767,4767
6037139200,"Los Angeles, CA (CT)",0,2433,2433,0,5175,5175
6037139301,"Los Angeles, CA (CT)",0,1712,1712,0,4462,4462
6037139302,"Los Angeles, CA (CT)",0,2079,2079,0,4422,4422
6037139303,"Los Angeles, CA (CT)",0,2011,2011,0,4186,4186
6037139401,"Los Angeles, CA (CT)",0,1308,1308,0,2645,2645
6037139402,"Los Angeles, CA (CT)",0,983,983,0,2851,2851
6037139502,"Los Angeles, CA (CT)",0,1247,1247,0,3007,3007
6037139503,"Los Angeles, CA (CT)",0,2617,2617,0,4657,4657
6037139504,"Los Angeles, CA (CT)",0,1854,1854,0,3476,3476
6037139600,"Los Angeles, CA (CT)",0,2273,2273,0,4633,4633
6037139701,"Los Angeles, CA (CT)",0,2016,2016,0,4920,4920
6037139702,"Los Angeles, CA (CT)",0,2381,2381,0,6250,6250
6037139703,"Los Angeles, CA (CT)",0,1028,1028,0,2943,2943
6037139801,"Los Angeles, CA (CT)",0,1330,1330,0,3539,3539
6037139802,"Los Angeles, CA (CT)",0,1405,1405,0,3865,3865
6037141101,"Los Angeles, CA (CT)",0,2418,2418,0,4066,4066
6037141102,"Los Angeles, CA (CT)",0,1450,1450,0,2869,2869
6037141201,"Los Angeles, CA (CT)",0,2024,2024,0,3707,3707
6037141202,"Los Angeles, CA (CT)",0,1504,1504,0,2800,2800
6037141302,"Los Angeles, CA (CT)",0,3080,3080,0,5504,5504
6037141303,"Los Angeles, CA (CT)",0,1784,1784,0,3089,3089
6037141304,"Los Angeles, CA (CT)",0,1525,1525,0,2738,2738
6037141400,"Los Angeles, CA (CT)",0,2078,2078,0,4412,4412
6037141500,"Los Angeles, CA (CT)",0,1166,1166,0,2984,2984
6037141600,"Los Angeles, CA (CT)",0,1745,1745,0,4029,4029
6037141700,"Los Angeles, CA (CT)",0,1343,1343,0,3091,3091
6037143100,"Los Angeles, CA (CT)",0,2277,2277,0,3984,3984
6037143200,"Los Angeles, CA (CT)",0,2141,2141,0,3743,3743
6037143300,"Los Angeles, CA (CT)",0,3128,3128,0,5871,5871
6037143400,"Los Angeles, CA (CT)",0,3181,3181,0,5881,5881
6037143500,"Los Angeles, CA (CT)",0,2388,2388,0,4708,4708
6037143602,"Los Angeles, CA (CT)",0,2137,2137,0,4260,4260
6037143603,"Los Angeles, CA (CT)",0,1310,1310,0,2222,2222
6037143604,"Los Angeles, CA (CT)",0,2313,2313,0,3205,3205
6037143700,"Los Angeles, CA (CT)",0,2085,2085,0,3748,3748
6037143800,"Los Angeles, CA (CT)",0,2507,2507,0,4878,4878
6037143901,"Los Angeles, CA (CT)",0,1741,1741,0,4068,4068
6037143902,"Los Angeles, CA (CT)",0,1453,1453,0,3000,3000
6037181000,"Los Angeles, CA (CT)",0,2315,2315,0,6144,6144
6037181300,"Los Angeles, CA (CT)",0,1399,1399,0,3629,3629
6037181400,"Los Angeles, CA (CT)",0,1760,1760,0,4302,4302
6037181500,"Los Angeles, CA (CT)",0,1393,1393,0,3812,3812
6037181600,"Los Angeles, CA (CT)",0,1043,1043,0,4352,4352
6037183101,"Los Angeles, CA (CT)",0,1336,1336,0,3922,3922
6037183103,"Los Angeles, CA (CT)",0,1432,1432,0,3967,3967
6037183104,"Los Angeles, CA (CT)",0,779,779,0,2065,2065
6037183220,"Los Angeles, CA (CT)",0,1184,1184,0,4114,4114
6037183221,"Los Angeles, CA (CT)",0,1051,1051,0,3118,3118
6037183222,"Los Angeles, CA (CT)",0,1361,1361,0,3483,3483
6037183300,"Los Angeles, CA (CT)",0,1041,1041,0,3480,3480
6037183401,"Los Angeles, CA (CT)",0,850,850,0,2543,2543
6037183402,"Los Angeles, CA (CT)",0,994,994,0,2820,2820
6037183510,"Los Angeles, CA (CT)",0,783,783,0,2725,2725
6037183520,"Los Angeles, CA (CT)",0,1131,1131,0,3881,3881
6037183610,"Los Angeles, CA (CT)",0,1021,1021,0,3275,3275
6037183620,"Los Angeles, CA (CT)",0,1018,1018,0,3264,3264
6037183701,"Los Angeles, CA (CT)",0,1366,1366,0,3922,3922
6037183702,"Los Angeles, CA (CT)",0,1105,1105,0,2805,2805
6037183810,"Los Angeles, CA (CT)",0,1369,1369,0,4369,4369
6037183820,"Los Angeles, CA (CT)",0,1061,1061,0,3464,3464
6037185100,"Los Angeles, CA (CT)",0,2338,2338,0,6295,6295
6037185202,"Los Angeles, CA (CT)",0,1379,1379,0,3712,3712
6037185203,"Los Angeles, CA (CT)",0,934,934,0,3200,3200
6037185204,"Los Angeles, CA (CT)",0,742,742,0,2091,2091
6037185310,"Los Angeles, CA (CT)",0,865,865,0,3061,3061
6037185320,"Los Angeles, CA (CT)",0,921,921,0,3081,3081
6037186100,"Los Angeles, CA (CT)",0,1857,1857,0,4715,4715
6037186201,"Los Angeles, CA (CT)",0,1181,1181,0,3068,3068
6037186202,"Los Angeles, CA (CT)",0,731,731,0,1974,1974
6037186203,"Los Angeles, CA (CT)",0,1094,1094,0,2936,2936
6037186301,"Los Angeles, CA (CT)",0,939,939,0,2999,2999
6037186302,"Los Angeles, CA (CT)",0,1830,1830,0,5198,5198
6037186401,"Los Angeles, CA (CT)",0,989,989,0,3452,3452
6037186403,"Los Angeles, CA (CT)",0,842,842,0,2899,2899
6037186404,"Los Angeles, CA (CT)",0,711,711,0,2471,2471
6037187101,"Los Angeles, CA (CT)",0,1281,1281,0,3235,3235
6037187102,"Los Angeles, CA (CT)",0,1174,1174,0,3254,3254
6037187200,"Los Angeles, CA (CT)",0,917,917,0,3132,3132
6037187300,"Los Angeles, CA (CT)",0,1585,1585,0,3216,3216
6037188100,"Los Angeles, CA (CT)",0,1773,1773,0,4076,4076
6037188201,"Los Angeles, CA (CT)",0,1999,1999,0,3270,3270
6037188202,"Los Angeles, CA (CT)",0,1271,1271,0,2347,2347
6037188300,"Los Angeles, CA (CT)",0,1463,1463,0,3536,3536
6037189101,"Los Angeles, CA (CT)",0,1485,1485,0,2743,2743
6037189102,"Los Angeles, CA (CT)",0,2037,2037,0,3096,3096
6037189201,"Los Angeles, CA (CT)",0,2081,2081,0,3293,3293
6037189202,"Los Angeles, CA (CT)",0,1355,1355,0,2718,2718
6037189300,"Los Angeles, CA (CT)",0,1391,1391,0,3077,3077
6037189400,"Los Angeles, CA (CT)",0,2020,2020,0,3448,3448
6037189500,"Los Angeles, CA (CT)",0,2976,2976,0,4452,4452
6037189600,"Los Angeles, CA (CT)",0,2262,2262,0,3529,3529
6037189701,"Los Angeles, CA (CT)",0,2610,2610,0,3942,3942
6037189702,"Los Angeles, CA (CT)",0,1595,1595,0,2227,2227
6037189800,"Los Angeles, CA (CT)",0,2612,2612,0,4021,4021
6037189902,"Los Angeles, CA (CT)",0,3176,3176,0,4971,4971
6037189903,"Los Angeles, CA (CT)",0,1591,1591,0,2164,2164
6037189904,"Los Angeles, CA (CT)",0,1496,1496,0,2260,2260
6037189905,"Los Angeles, CA (CT)",0,1549,1549,0,2304,2304
6037190100,"Los Angeles, CA (CT)",0,3019,3019,0,4481,4481
6037190201,"Los Angeles, CA (CT)",0,1669,1669,0,2870,2870
6037190202,"Los Angeles, CA (CT)",0,2201,2201,0,3044,3044
6037190301,"Los Angeles, CA (CT)",0,2767,2767,0,4758,4758
6037190401,"Los Angeles, CA (CT)",0,1823,1823,0,3135,3135
6037190402,"Los Angeles, CA (CT)",0,1397,1397,0,2487,2487
6037190510,"Los Angeles, CA (CT)",0,1763,1763,0,4227,4227
6037190520,"Los Angeles, CA (CT)",0,1646,1646,0,3728,3728
6037190700,"Los Angeles, CA (CT)",0,2033,2033,0,3379,3379
6037190801,"Los Angeles, CA (CT)",0,1495,1495,0,2594,2594
6037190802,"Los Angeles, CA (CT)",0,1393,1393,0,2784,2784
6037190901,"Los Angeles, CA (CT)",0,1553,1553,0,4742,4742
6037190902,"Los Angeles, CA (CT)",0,1665,1665,0,3960,3960
6037191000,"Los Angeles, CA (CT)",0,2075,2075,0,3228,3228
6037191110,"Los Angeles, CA (CT)",0,1197,1197,0,3338,3338
6037191120,"Los Angeles, CA (CT)",0,1623,1623,0,4135,4135
6037191201,"Los Angeles, CA (CT)",0,1784,1784,0,4591,4591
6037191203,"Los Angeles, CA (CT)",0,1248,1248,0,2922,2922
6037191204,"Los Angeles, CA (CT)",0,884,884,0,2124,2124
6037191301,"Los Angeles, CA (CT)",0,969,969,0,2327,2327
6037191302,"Los Angeles, CA (CT)",0,1034,1034,0,2422,2422
6037191410,"Los Angeles, CA (CT)",0,1781,1781,0,5092,5092
6037191420,"Los Angeles, CA (CT)",0,1203,1203,0,3365,3365
6037191500,"Los Angeles, CA (CT)",0,1808,1808,0,5551,5551
6037191610,"Los Angeles, CA (CT)",0,1487,1487,0,4502,4502
6037191620,"Los Angeles, CA (CT)",0,1175,1175,0,2789,2789
6037191710,"Los Angeles, CA (CT)",0,1356,1356,0,3231,3231
6037191720,"Los Angeles, CA (CT)",0,1364,1364,0,3770,3770
6037191810,"Los Angeles, CA (CT)",0,1423,1423,0,3498,3498
6037191820,"Los Angeles, CA (CT)",0,1329,1329,0,2647,2647
6037191901,"Los Angeles, CA (CT)",0,1890,1890,0,3355,3355
6037191902,"Los Angeles, CA (CT)",0,1556,1556,0,2867,2867
6037192001,"Los Angeles, CA (CT)",0,1317,1317,0,2466,2466
6037192002,"Los Angeles, CA (CT)",0,1454,1454,0,2735,2735
6037192300,"Los Angeles, CA (CT)",0,1728,1728,0,2799,2799
6037192410,"Los Angeles, CA (CT)",0,1858,1858,0,3628,3628
6037192420,"Los Angeles, CA (CT)",0,1508,1508,0,3637,3637
6037192510,"Los Angeles, CA (CT)",0,1243,1243,0,3670,3670
6037192520,"Los Angeles, CA (CT)",0,1623,1623,0,5067,5067
6037192610,"Los Angeles, CA (CT)",0,1538,1538,0,4389,4389
6037192620,"Los Angeles, CA (CT)",0,1338,1338,0,3868,3868
6037192700,"Los Angeles, CA (CT)",0,1105,1105,0,3513,3513
6037194101,"Los Angeles, CA (CT)",0,1890,1890,0,3091,3091
6037194102,"Los Angeles, CA (CT)",0,1742,1742,0,3458,3458
6037194200,"Los Angeles, CA (CT)",0,1982,1982,0,3588,3588
6037194300,"Los Angeles, CA (CT)",0,1713,1713,0,3029,3029
6037194401,"Los Angeles, CA (CT)",0,1392,1392,0,2461,2461
6037194402,"Los Angeles, CA (CT)",0,2226,2226,0,3335,3335
6037194500,"Los Angeles, CA (CT)",0,1034,1034,0,2037,2037
6037195100,"Los Angeles, CA (CT)",0,2189,2189,0,4717,4717
6037195201,"Los Angeles, CA (CT)",0,1684,1684,0,2834,2834
6037195202,"Los Angeles, CA (CT)",0,1526,1526,0,3185,3185
6037195300,"Los Angeles, CA (CT)",0,1613,1613,0,3203,3203
6037195400,"Los Angeles, CA (CT)",0,2403,2403,0,4395,4395
6037195500,"Los Angeles, CA (CT)",0,2406,2406,0,4971,4971
6037195600,"Los Angeles, CA (CT)",0,1296,1296,0,3340,3340
6037195710,"Los Angeles, CA (CT)",0,1374,1374,0,4328,4328
6037195720,"Los Angeles, CA (CT)",0,882,882,0,2304,2304
6037195802,"Los Angeles, CA (CT)",0,961,961,0,2881,2881
6037195803,"Los Angeles, CA (CT)",0,1223,1223,0,2603,2603
6037195804,"Los Angeles, CA (CT)",0,1142,1142,0,2643,2643
6037195901,"Los Angeles, CA (CT)",0,1173,1173,0,2235,2235
6037195902,"Los Angeles, CA (CT)",0,1053,1053,0,1905,1905
6037195903,"Los Angeles, CA (CT)",0,979,979,0,2216,2216
6037197200,"Los Angeles, CA (CT)",0,1161,1161,0,3757,3757
6037197300,"Los Angeles, CA (CT)",0,1786,1786,0,3909,3909
6037197410,"Los Angeles, CA (CT)",0,1722,1722,0,3704,3704
6037197420,"Los Angeles, CA (CT)",0,1391,1391,0,3509,3509
6037197500,"Los Angeles, CA (CT)",0,1652,1652,0,3889,3889
6037197600,"Los Angeles, CA (CT)",0,957,957,0,2376,2376
6037197700,"Los Angeles, CA (CT)",0,1933,1933,0,5103,5103
6037199000,"Los Angeles, CA (CT)",0,1701,1701,0,5066,5066
6037199110,"Los Angeles, CA (CT)",0,766,766,0,2710,2710
6037199120,"Los Angeles, CA (CT)",0,1094,1094,0,4086,4086
6037199201,"Los Angeles, CA (CT)",0,1183,1183,0,4089,4089
6037199202,"Los Angeles, CA (CT)",0,905,905,0,3031,3031
6037199300,"Los Angeles, CA (CT)",0,1310,1310,0,3848,3848
6037199400,"Los Angeles, CA (CT)",0,1348,1348,0,4668,4668
6037199700,"Los Angeles, CA (CT)",0,1133,1133,0,3411,3411
6037199800,"Los Angeles, CA (CT)",0,1544,1544,0,5631,5631
6037199900,"Los Angeles, CA (CT)",0,813,813,0,2683,2683
6037201110,"Los Angeles, CA (CT)",0,775,775,0,2574,2574
6037201120,"Los Angeles, CA (CT)",0,1310,1310,0,4097,4097
6037201200,"Los Angeles, CA (CT)",0,728,728,0,2519,2519
6037201301,"Los Angeles, CA (CT)",0,1051,1051,0,3442,3442
6037201302,"Los Angeles, CA (CT)",0,1901,1901,0,3732,3732
6037201401,"Los Angeles, CA (CT)",0,1356,1356,0,4803,4803
6037201402,"Los Angeles, CA (CT)",0,1385,1385,0,4311,4311
6037201501,"Los Angeles, CA (CT)",0,1576,1576,0,5306,5306
6037201503,"Los Angeles, CA (CT)",0,941,941,0,3323,3323
6037201504,"Los Angeles, CA (CT)",0,640,640,0,2428,2428
6037201601,"Los Angeles, CA (CT)",0,681,681,0,2288,2288
6037201602,"Los Angeles, CA (CT)",0,831,831,0,2840,2840
6037201700,"Los Angeles, CA (CT)",0,1438,1438,0,5093,5093
6037203100,"Los Angeles, CA (CT)",0,1212,1212,0,4839,4839
6037203200,"Los Angeles, CA (CT)",0,1279,1279,0,4844,4844
6037203300,"Los Angeles, CA (CT)",0,479,479,0,2607,2607
6037203500,"Los Angeles, CA (CT)",0,1013,1013,0,3064,3064
6037203600,"Los Angeles, CA (CT)",0,1439,1439,0,5394,5394
6037203710,"Los Angeles, CA (CT)",0,841,841,0,3259,3259
6037203720,"Los Angeles, CA (CT)",0,1060,1060,0,4001,4001
6037203800,"Los Angeles, CA (CT)",0,1163,1163,0,4589,4589
6037203900,"Los Angeles, CA (CT)",0,729,729,0,2944,2944
6037204110,"Los Angeles, CA (CT)",0,842,842,0,3078,3078
6037204120,"Los Angeles, CA (CT)",0,702,702,0,2650,2650
6037204200,"Los Angeles, CA (CT)",0,962,962,0,3303,3303
6037204300,"Los Angeles, CA (CT)",0,1332,1332,0,4787,4787
6037204410,"Los Angeles, CA (CT)",0,657,657,0,2363,2363
6037204420,"Los Angeles, CA (CT)",0,971,971,0,3138,3138
6037204600,"Los Angeles, CA (CT)",0,1093,1093,0,4101,4101
6037204700,"Los Angeles, CA (CT)",0,1266,1266,0,4972,4972
6037204810,"Los Angeles, CA (CT)",0,1119,1119,0,4478,4478
6037204820,"Los Angeles, CA (CT)",0,549,549,0,2274,2274
6037204910,"Los Angeles, CA (CT)",0,772,772,0,3105,3105
6037204920,"Los Angeles, CA (CT)",0,641,641,0,2598,2598
6037205110,"Los Angeles, CA (CT)",0,859,859,0,3766,3766
6037205120,"Los Angeles, CA (CT)",0,936,936,0,3618,3618
6037206010,"Los Angeles, CA (CT)",0,1036,1036,0,3127,3127
6037206020,"Los Angeles, CA (CT)",0,271,271,0,7883,7883
6037206031,"Los Angeles, CA (CT)",0,1940,1940,0,2957,2957
6037206032,"Los Angeles, CA (CT)",0,1726,1726,0,5275,5275
6037206050,"Los Angeles, CA (CT)",0,812,812,0,2146,2146
6037206200,"Los Angeles, CA (CT)",0,2077,2077,0,3386,3386
6037206300,"Los Angeles, CA (CT)",0,2466,2466,0,7540,7540
6037207101,"Los Angeles, CA (CT)",0,1592,1592,0,3047,3047
6037207102,"Los Angeles, CA (CT)",0,990,990,0,2553,2553
6037207103,"Los Angeles, CA (CT)",0,836,836,0,2077,2077
6037207301,"Los Angeles, CA (CT)",0,3932,3932,0,4521,4521
6037207302,"Los Angeles, CA (CT)",0,3286,3286,0,3791,3791
6037207400,"Los Angeles, CA (CT)",0,32,32,0,1363,1363
6037207501,"Los Angeles, CA (CT)",0,1581,1581,0,2218,2218
6037207502,"Los Angeles, CA (CT)",0,2043,2043,0,2589,2589
6037207710,"Los Angeles, CA (CT)",0,2376,2376,0,2490,2490
6037207900,"Los Angeles, CA (CT)",0,2648,2648,0,4163,4163
6037208000,"Los Angeles, CA (CT)",0,2444,2444,0,6893,6893
6037208301,"Los Angeles, CA (CT)",0,527,527,0,2201,2201
6037208302,"Los Angeles, CA (CT)",0,1547,1547,0,4360,4360
6037208401,"Los Angeles, CA (CT)",0,1446,1446,0,3770,3770
6037208402,"Los Angeles, CA (CT)",0,821,821,0,2775,2775
6037208501,"Los Angeles, CA (CT)",0,894,894,0,2656,2656
6037208502,"Los Angeles, CA (CT)",0,1295,1295,0,3571,3571
6037208610,"Los Angeles, CA (CT)",0,1490,1490,0,4195,4195
6037208620,"Los Angeles, CA (CT)",0,1811,1811,0,4660,4660
6037208710,"Los Angeles, CA (CT)",0,2009,2009,0,4309,4309
6037208720,"Los Angeles, CA (CT)",0,1593,1593,0,4179,4179
6037208801,"Los Angeles, CA (CT)",0,1322,1322,0,2995,2995
6037208802,"Los Angeles, CA (CT)",0,1473,1473,0,2906,2906
6037208902,"Los Angeles, CA (CT)",0,646,646,0,2339,2339
6037208903,"Los Angeles, CA (CT)",0,1353,1353,0,4019,4019
6037208904,"Los Angeles, CA (CT)",0,1298,1298,0,3926,3926
6037209102,"Los Angeles, CA (CT)",0,2016,2016,0,5267,5267
6037209103,"Los Angeles, CA (CT)",0,991,991,0,3216,3216
6037209104,"Los Angeles, CA (CT)",0,930,930,0,2434,2434
6037209200,"Los Angeles, CA (CT)",0,1558,1558,0,2785,2785
6037209300,"Los Angeles, CA (CT)",0,2210,2210,0,5021,5021
6037209401,"Los Angeles, CA (CT)",0,1467,1467,0,3914,3914
6037209402,"Los Angeles, CA (CT)",0,1298,1298,0,3728,3728
6037209403,"Los Angeles, CA (CT)",0,1332,1332,0,3600,3600
6037209510,"Los Angeles, CA (CT)",0,1065,1065,0,2692,2692
6037209520,"Los Angeles, CA (CT)",0,1007,1007,0,2791,2791
6037209810,"Los Angeles, CA (CT)",0,770,770,0,2472,2472
6037209820,"Los Angeles, CA (CT)",0,885,885,0,2968,2968
6037210010,"Los Angeles, CA (CT)",0,1260,1260,0,3520,3520
6037211000,"Los Angeles, CA (CT)",0,1763,1763,0,4431,4431
6037211120,"Los Angeles, CA (CT)",0,2640,2640,0,5194,5194
6037211121,"Los Angeles, CA (CT)",0,1005,1005,0,2351,2351
6037211122,"Los Angeles, CA (CT)",0,1370,1370,0,3075,3075
6037211201,"Los Angeles, CA (CT)",0,950,950,0,2645,2645
6037211202,"Los Angeles, CA (CT)",0,997,997,0,2645,2645
6037211310,"Los Angeles, CA (CT)",0,1348,1348,0,3846,3846
6037211320,"Los Angeles, CA (CT)",0,1306,1306,0,3184,3184
6037211410,"Los Angeles, CA (CT)",0,1241,1241,0,3095,3095
6037211420,"Los Angeles, CA (CT)",0,1402,1402,0,3859,3859
6037211500,"Los Angeles, CA (CT)",0,1868,1868,0,4355,4355
6037211701,"Los Angeles, CA (CT)",0,1235,1235,0,2827,2827
6037211703,"Los Angeles, CA (CT)",0,2113,2113,0,4750,4750
6037211704,"Los Angeles, CA (CT)",0,1798,1798,0,3016,3016
6037211802,"Los Angeles, CA (CT)",0,2361,2361,0,4192,4192
6037211803,"Los Angeles, CA (CT)",0,1727,1727,0,3529,3529
6037211804,"Los Angeles, CA (CT)",0,1434,1434,0,3221,3221
6037211910,"Los Angeles, CA (CT)",0,1900,1900,0,4657,4657
6037211921,"Los Angeles, CA (CT)",0,1109,1109,0,2474,2474
6037211922,"Los Angeles, CA (CT)",0,1433,1433,0,3389,3389
6037212101,"Los Angeles, CA (CT)",0,1283,1283,0,2507,2507
6037212102,"Los Angeles, CA (CT)",0,1387,1387,0,2446,2446
6037212202,"Los Angeles, CA (CT)",0,1247,1247,0,3612,3612
6037212203,"Los Angeles, CA (CT)",0,1122,1122,0,2679,2679
6037212204,"Los Angeles, CA (CT)",0,1296,1296,0,3344,3344
6037212303,"Los Angeles, CA (CT)",0,1325,1325,0,3326,3326
6037212304,"Los Angeles, CA (CT)",0,890,890,0,1804,1804
6037212305,"Los Angeles, CA (CT)",0,1050,1050,0,2865,2865
6037212306,"Los Angeles, CA (CT)",0,1263,1263,0,3052,3052
6037212410,"Los Angeles, CA (CT)",0,1774,1774,0,3903,3903
6037212420,"Los Angeles, CA (CT)",0,1268,1268,0,3228,3228
6037212501,"Los Angeles, CA (CT)",0,1010,1010,0,2165,2165
6037212502,"Los Angeles, CA (CT)",0,1347,1347,0,2767,2767
6037212610,"Los Angeles, CA (CT)",0,1862,1862,0,4074,4074
6037212620,"Los Angeles, CA (CT)",0,1841,1841,0,4341,4341
6037212701,"Los Angeles, CA (CT)",0,833,833,0,2430,2430
6037212702,"Los Angeles, CA (CT)",0,1522,1522,0,3635,3635
6037212800,"Los Angeles, CA (CT)",0,1462,1462,0,4273,4273
6037212900,"Los Angeles, CA (CT)",0,1535,1535,0,4074,4074
6037213100,"Los Angeles, CA (CT)",0,988,988,0,2721,2721
6037213201,"Los Angeles, CA (CT)",0,1627,1627,0,4198,4198
6037213202,"Los Angeles, CA (CT)",0,1367,1367,0,3873,3873
6037213310,"Los Angeles, CA (CT)",0,1192,1192,0,3477,3477
6037213320,"Los Angeles, CA (CT)",0,1059,1059,0,2481,2481
6037213401,"Los Angeles, CA (CT)",0,1709,1709,0,4951,4951
6037213402,"Los Angeles, CA (CT)",0,1675,1675,0,4645,4645
6037214000,"Los Angeles, CA (CT)",0,1416,1416,0,3898,3898
6037214100,"Los Angeles, CA (CT)",0,1787,1787,0,3944,3944
6037214400,"Los Angeles, CA (CT)",0,1847,1847,0,2877,2877
6037214501,"Los Angeles, CA (CT)",0,1668,1668,0,2932,2932
6037214502,"Los Angeles, CA (CT)",0,2872,2872,0,5528,5528
6037214503,"Los Angeles, CA (CT)",0,1633,1633,0,3325,3325
6037214600,"Los Angeles, CA (CT)",0,1417,1417,0,2411,2411
6037214700,"Los Angeles, CA (CT)",0,1329,1329,0,2512,2512
6037214800,"Los Angeles, CA (CT)",0,1503,1503,0,2573,2573
6037214901,"Los Angeles, CA (CT)",0,2312,2312,0,3083,3083
6037214902,"Los Angeles, CA (CT)",0,1742,1742,0,2586,2586
6037215101,"Los Angeles, CA (CT)",0,1788,1788,0,2477,2477
6037215102,"Los Angeles, CA (CT)",0,2206,2206,0,3110,3110
6037216100,"Los Angeles, CA (CT)",0,1116,1116,0,2289,2289
6037216200,"Los Angeles, CA (CT)",0,2644,2644,0,4911,4911
6037216300,"Los Angeles, CA (CT)",0,2502,2502,0,4526,4526
6037216401,"Los Angeles, CA (CT)",0,2373,2373,0,4189,4189
6037216402,"Los Angeles, CA (CT)",0,1532,1532,0,2615,2615
6037216700,"Los Angeles, CA (CT)",0,1744,1744,0,3709,3709
6037216800,"Los Angeles, CA (CT)",0,1614,1614,0,3289,3289
6037216900,"Los Angeles, CA (CT)",0,2555,2555,0,5060,5060
6037217001,"Los Angeles, CA (CT)",0,1075,1075,0,2654,2654
6037217002,"Los Angeles, CA (CT)",0,2370,2370,0,4977,4977
6037217100,"Los Angeles, CA (CT)",0,2468,2468,0,5374,5374
6037217200,"Los Angeles, CA (CT)",0,1669,1669,0,3905,3905
6037218110,"Los Angeles, CA (CT)",0,1217,1217,0,3453,3453
6037218120,"Los Angeles, CA (CT)",0,1466,1466,0,4530,4530
6037218210,"Los Angeles, CA (CT)",0,1256,1256,0,4457,4457
6037218220,"Los Angeles, CA (CT)",0,1563,1563,0,4358,4358
6037218300,"Los Angeles, CA (CT)",0,2166,2166,0,5520,5520
6037218400,"Los Angeles, CA (CT)",0,1494,1494,0,4714,4714
6037218500,"Los Angeles, CA (CT)",0,1038,1038,0,2869,2869
6037218600,"Los Angeles, CA (CT)",0,1104,1104,0,3142,3142
6037218701,"Los Angeles, CA (CT)",0,881,881,0,2430,2430
6037218702,"Los Angeles, CA (CT)",0,848,848,0,2176,2176
6037218800,"Los Angeles, CA (CT)",0,937,937,0,2658,2658
6037218900,"Los Angeles, CA (CT)",0,2145,2145,0,5464,5464
6037219010,"Los Angeles, CA (CT)",0,833,833,0,2814,2814
6037219020,"Los Angeles, CA (CT)",0,1473,1473,0,4798,4798
6037219300,"Los Angeles, CA (CT)",0,1442,1442,0,3700,3700
6037219500,"Los Angeles, CA (CT)",0,760,760,0,1737,1737
6037219700,"Los Angeles, CA (CT)",0,1411,1411,0,4306,4306
6037219800,"Los Angeles, CA (CT)",0,1018,1018,0,3310,3310
6037219901,"Los Angeles, CA (CT)",0,1470,1470,0,5234,5234
6037219902,"Los Angeles, CA (CT)",0,1237,1237,0,4113,4113
6037220000,"Los Angeles, CA (CT)",0,2048,2048,0,5345,5345
6037220100,"Los Angeles, CA (CT)",0,1034,1034,0,2334,2334
6037221110,"Los Angeles, CA (CT)",0,1148,1148,0,3565,3565
6037221120,"Los Angeles, CA (CT)",0,869,869,0,3373,3373
6037221210,"Los Angeles, CA (CT)",0,910,910,0,3300,3300
6037221220,"Los Angeles, CA (CT)",0,1027,1027,0,3378,3378
6037221302,"Los Angeles, CA (CT)",0,1347,1347,0,4403,4403
6037221303,"Los Angeles, CA (CT)",0,799,799,0,2551,2551
6037221304,"Los Angeles, CA (CT)",0,1116,1116,0,3319,3319
6037221401,"Los Angeles, CA (CT)",0,1366,1366,0,3359,3359
6037221402,"Los Angeles, CA (CT)",0,946,946,0,2715,2715
6037221500,"Los Angeles, CA (CT)",0,1244,1244,0,3507,3507
6037221601,"Los Angeles, CA (CT)",0,940,940,0,3403,3403
6037221602,"Los Angeles, CA (CT)",0,854,854,0,2816,2816
6037221710,"Los Angeles, CA (CT)",0,941,941,0,2621,2621
6037221810,"Los Angeles, CA (CT)",0,1048,1048,0,2773,2773
6037221820,"Los Angeles, CA (CT)",0,1188,1188,0,3095,3095
6037221900,"Los Angeles, CA (CT)",0,1098,1098,0,3664,3664
6037222001,"Los Angeles, CA (CT)",0,910,910,0,3237,3237
6037222002,"Los Angeles, CA (CT)",0,1355,1355,0,4655,4655
6037222100,"Los Angeles, CA (CT)",0,1166,1166,0,3877,3877
6037222200,"Los Angeles, CA (CT)",0,1258,1258,0,3965,3965
6037222500,"Los Angeles, CA (CT)",0,1347,1347,0,4963,4963
6037222600,"Los Angeles, CA (CT)",0,1813,1813,0,5631,5631
6037222700,"Los Angeles, CA (CT)",0,272,272,0,3748,3748
6037224010,"Los Angeles, CA (CT)",0,1235,1235,0,2433,2433
6037224020,"Los Angeles, CA (CT)",0,1007,1007,0,2789,2789
6037224200,"Los Angeles, CA (CT)",0,714,714,0,2392,2392
6037224310,"Los Angeles, CA (CT)",0,641,641,0,2025,2025
6037224320,"Los Angeles, CA (CT)",0,1071,1071,0,3224,3224
6037224410,"Los Angeles, CA (CT)",0,1130,1130,0,3140,3140
6037224420,"Los Angeles, CA (CT)",0,773,773,0,2369,2369
6037224600,"Los Angeles, CA (CT)",0,811,811,0,3425,3425
6037224700,"Los Angeles, CA (CT)",0,891,891,0,4856,4856
6037226001,"Los Angeles, CA (CT)",0,530,530,0,2068,2068
6037226002,"Los Angeles, CA (CT)",0,1076,1076,0,1604,1604
6037226410,"Los Angeles, CA (CT)",0,842,842,0,3491,3491
6037226420,"Los Angeles, CA (CT)",0,1199,1199,0,4906,4906
6037226700,"Los Angeles, CA (CT)",0,1324,1324,0,6170,6170
6037227010,"Los Angeles, CA (CT)",0,1059,1059,0,4662,4662
6037227020,"Los Angeles, CA (CT)",0,751,751,0,3599,3599
6037228100,"Los Angeles, CA (CT)",0,1072,1072,0,4916,4916
6037228210,"Los Angeles, CA (CT)",0,1010,1010,0,3806,3806
6037228220,"Los Angeles, CA (CT)",0,932,932,0,4389,4389
6037228310,"Los Angeles, CA (CT)",0,1037,1037,0,4449,4449
6037228320,"Los Angeles, CA (CT)",0,759,759,0,3219,3219
6037228410,"Los Angeles, CA (CT)",0,730,730,0,3320,3320
6037228420,"Los Angeles, CA (CT)",0,726,726,0,3150,3150
6037228500,"Los Angeles, CA (CT)",0,1128,1128,0,5220,5220
6037228600,"Los Angeles, CA (CT)",0,1114,1114,0,5049,5049
6037228710,"Los Angeles, CA (CT)",0,986,986,0,4235,4235
6037228720,"Los Angeles, CA (CT)",0,1001,1001,0,4492,4492
6037228800,"Los Angeles, CA (CT)",0,1226,1226,0,5575,5575
6037228900,"Los Angeles, CA (CT)",0,776,776,0,3216,3216
6037229100,"Los Angeles, CA (CT)",0,967,967,0,4557,4557
6037229200,"Los Angeles, CA (CT)",0,1153,1153,0,4394,4394
6037229300,"Los Angeles, CA (CT)",0,1300,1300,0,5498,5498
6037229410,"Los Angeles, CA (CT)",0,786,786,0,3343,3343
6037229420,"Los Angeles, CA (CT)",0,1023,1023,0,4729,4729
6037231100,"Los Angeles, CA (CT)",0,704,704,0,3350,3350
6037231210,"Los Angeles, CA (CT)",0,1124,1124,0,3688,3688
6037231220,"Los Angeles, CA (CT)",0,1142,1142,0,3824,3824
6037231300,"Los Angeles, CA (CT)",0,1584,1584,0,5348,5348
6037231400,"Los Angeles, CA (CT)",0,1512,1512,0,4688,4688
6037231500,"Los Angeles, CA (CT)",0,1430,1430,0,4752,4752
6037231600,"Los Angeles, CA (CT)",0,2097,2097,0,7110,7110
6037231710,"Los Angeles, CA (CT)",0,1271,1271,0,4358,4358
6037231720,"Los Angeles, CA (CT)",0,1504,1504,0,4966,4966
6037231800,"Los Angeles, CA (CT)",0,1390,1390,0,5303,5303
6037231900,"Los Angeles, CA (CT)",0,1438,1438,0,5968,5968
6037232110,"Los Angeles, CA (CT)",0,873,873,0,3191,3191
6037232120,"Los Angeles, CA (CT)",0,1378,1378,0,5263,5263
6037232200,"Los Angeles, CA (CT)",0,885,885,0,3119,3119
6037232300,"Los Angeles, CA (CT)",0,1068,1068,0,3926,3926
6037232400,"Los Angeles, CA (CT)",0,1984,1984,0,6957,6957
6037232500,"Los Angeles, CA (CT)",0,1438,1438,0,4619,4619
6037232600,"Los Angeles, CA (CT)",0,1810,1810,0,6288,6288
6037232700,"Los Angeles, CA (CT)",0,1612,1612,0,5895,5895
6037232800,"Los Angeles, CA (CT)",0,963,963,0,3823,3823
6037234000,"Los Angeles, CA (CT)",0,2012,2012,0,5335,5335
6037234200,"Los Angeles, CA (CT)",0,1100,1100,0,2376,2376
6037234300,"Los Angeles, CA (CT)",0,2385,2385,0,4098,4098
6037234501,"Los Angeles, CA (CT)",0,914,914,0,2728,2728
6037234502,"Los Angeles, CA (CT)",0,1158,1158,0,2698,2698
6037234600,"Los Angeles, CA (CT)",0,1738,1738,0,5024,5024
6037234700,"Los Angeles, CA (CT)",0,1443,1443,0,3888,3888
6037234800,"Los Angeles, CA (CT)",0,1130,1130,0,3426,3426
6037234901,"Los Angeles, CA (CT)",0,1147,1147,0,2999,2999
6037234902,"Los Angeles, CA (CT)",0,1606,1606,0,4005,4005
6037235100,"Los Angeles, CA (CT)",0,1718,1718,0,4520,4520
6037235201,"Los Angeles, CA (CT)",0,947,947,0,2781,2781
6037235202,"Los Angeles, CA (CT)",0,1921,1921,0,4557,4557
6037236000,"Los Angeles, CA (CT)",0,2123,2123,0,4113,4113
6037236100,"Los Angeles, CA (CT)",0,2852,2852,0,5265,5265
6037236202,"Los Angeles, CA (CT)",0,2469,2469,0,6192,6192
6037236203,"Los Angeles, CA (CT)",0,1453,1453,0,3417,3417
6037236204,"Los Angeles, CA (CT)",0,1389,1389,0,3203,3203
6037236400,"Los Angeles, CA (CT)",0,2033,2033,0,4113,4113
6037237101,"Los Angeles, CA (CT)",0,1105,1105,0,3705,3705
6037237102,"Los Angeles, CA (CT)",0,937,937,0,3254,3254
6037237201,"Los Angeles, CA (CT)",0,960,960,0,3506,3506
6037237202,"Los Angeles, CA (CT)",0,1325,1325,0,4388,4388
6037237300,"Los Angeles, CA (CT)",0,1849,1849,0,5262,5262
6037237401,"Los Angeles, CA (CT)",0,1060,1060,0,3616,3616
6037237402,"Los Angeles, CA (CT)",0,1012,1012,0,3526,3526
6037237500,"Los Angeles, CA (CT)",0,791,791,0,2675,2675
6037237600,"Los Angeles, CA (CT)",0,1183,1183,0,4259,4259
6037237710,"Los Angeles, CA (CT)",0,1116,1116,0,3887,3887
6037237720,"Los Angeles, CA (CT)",0,862,862,0,3153,3153
6037237800,"Los Angeles, CA (CT)",0,1326,1326,0,4371,4371
6037237900,"Los Angeles, CA (CT)",0,1323,1323,0,3621,3621
6037238000,"Los Angeles, CA (CT)",0,2138,2138,0,5864,5864
6037238100,"Los Angeles, CA (CT)",0,1741,1741,0,4626,4626
6037238200,"Los Angeles, CA (CT)",0,2260,2260,0,5267,5267
6037238310,"Los Angeles, CA (CT)",0,1381,1381,0,4821,4821
6037238320,"Los Angeles, CA (CT)",0,1119,1119,0,3787,3787
6037238400,"Los Angeles, CA (CT)",0,1803,1803,0,4497,4497
6037239201,"Los Angeles, CA (CT)",0,902,902,0,3562,3562
6037239202,"Los Angeles, CA (CT)",0,1115,1115,0,4724,4724
6037239310,"Los Angeles, CA (CT)",0,1066,1066,0,3996,3996
6037239320,"Los Angeles, CA (CT)",0,832,832,0,3444,3444
6037239330,"Los Angeles, CA (CT)",0,708,708,0,2879,2879
6037239501,"Los Angeles, CA (CT)",0,933,933,0,3454,3454
6037239502,"Los Angeles, CA (CT)",0,872,872,0,3372,3372
6037239601,"Los Angeles, CA (CT)",0,943,943,0,3755,3755
6037239602,"Los Angeles, CA (CT)",0,884,884,0,3313,3313
6037239701,"Los Angeles, CA (CT)",0,1065,1065,0,4261,4261
6037239702,"Los Angeles, CA (CT)",0,1042,1042,0,3927,3927
6037239801,"Los Angeles, CA (CT)",0,891,891,0,3412,3412
6037239802,"Los Angeles, CA (CT)",0,1318,1318,0,4902,4902
6037240010,"Los Angeles, CA (CT)",0,990,990,0,3673,3673
6037240020,"Los Angeles, CA (CT)",0,1266,1266,0,5055,5055
6037240200,"Los Angeles, CA (CT)",0,1402,1402,0,5252,5252
6037240300,"Los Angeles, CA (CT)",0,1627,1627,0,5691,5691
6037240401,"Los Angeles, CA (CT)",0,1437,1437,0,5383,5383
6037240402,"Los Angeles, CA (CT)",0,1134,1134,0,3854,3854
6037240500,"Los Angeles, CA (CT)",0,1587,1587,0,5655,5655
6037240600,"Los Angeles, CA (CT)",0,1301,1301,0,4932,4932
6037240700,"Los Angeles, CA (CT)",0,1647,1647,0,6161,6161
6037240800,"Los Angeles, CA (CT)",0,1068,1068,0,4377,4377
6037240900,"Los Angeles, CA (CT)",0,1392,1392,0,5620,5620
6037241001,"Los Angeles, CA (CT)",0,1112,1112,0,4285,4285
6037241002,"Los Angeles, CA (CT)",0,969,969,0,3606,3606
6037241110,"Los Angeles, CA (CT)",0,764,764,0,3074,3074
6037241120,"Los Angeles, CA (CT)",0,1244,1244,0,4564,4564
6037241201,"Los Angeles, CA (CT)",0,876,876,0,2898,2898
6037241202,"Los Angeles, CA (CT)",0,1548,1548,0,4943,4943
6037241300,"Los Angeles, CA (CT)",0,701,701,0,2313,2313
6037241400,"Los Angeles, CA (CT)",0,905,905,0,3285,3285
6037242000,"Los Angeles, CA (CT)",0,1046,1046,0,3938,3938
6037242100,"Los Angeles, CA (CT)",0,708,708,0,2714,2714
6037242200,"Los Angeles, CA (CT)",0,1588,1588,0,6554,6554
6037242300,"Los Angeles, CA (CT)",0,1162,1162,0,4586,4586
6037242600,"Los Angeles, CA (CT)",0,1254,1254,0,4409,4409
6037242700,"Los Angeles, CA (CT)",0,1235,1235,0,5273,5273
6037243000,"Los Angeles, CA (CT)",0,1395,1395,0,6769,6769
6037243100,"Los Angeles, CA (CT)",0,1403,1403,0,5350,5350
6037261101,"Los Angeles, CA (CT)",0,1619,1619,0,3499,3499
6037261102,"Los Angeles, CA (CT)",0,1889,1889,0,4362,4362
6037261200,"Los Angeles, CA (CT)",0,1888,1888,0,4341,4341
6037262100,"Los Angeles, CA (CT)",0,1496,1496,0,3586,3586
6037262200,"Los Angeles, CA (CT)",0,1960,1960,0,4675,4675
6037262301,"Los Angeles, CA (CT)",390,567,957,939,1805,2744
6037262302,"Los Angeles, CA (CT)",0,1300,1300,0,2818,2818
6037262303,"Los Angeles, CA (CT)",0,1332,1332,0,3290,3290
6037262400,"Los Angeles, CA (CT)",332,1010,1342,808,2425,3233
6037262501,"Los Angeles, CA (CT)",0,1508,1508,0,3662,3662
6037262601,"Los Angeles, CA (CT)",0,1459,1459,0,3660,3660
6037262604,"Los Angeles, CA (CT)",0,2661,2661,0,6092,6092
6037262704,"Los Angeles, CA (CT)",0,1784,1784,0,3567,3567
6037262706,"Los Angeles, CA (CT)",0,1428,1428,0,3563,3563
6037262802,"Los Angeles, CA (CT)",0,1667,1667,0,3759,3759
6037264000,"Los Angeles, CA (CT)",0,1427,1427,0,3358,3358
6037264102,"Los Angeles, CA (CT)",0,1799,1799,0,2873,2873
6037264103,"Los Angeles, CA (CT)",0,1586,1586,0,2319,2319
6037264301,"Los Angeles, CA (CT)",0,3175,3175,0,4646,4646
6037264302,"Los Angeles, CA (CT)",0,3185,3185,0,5683,5683
6037265100,"Los Angeles, CA (CT)",0,1481,1481,0,2489,2489
6037265201,"Los Angeles, CA (CT)",0,1065,1065,0,2608,2608
6037265202,"Los Angeles, CA (CT)",0,2447,2447,0,3611,3611
6037265301,"Los Angeles, CA (CT)",0,8,8,0,9344,9344
6037265303,"Los Angeles, CA (CT)",0,1841,1841,0,4523,4523
6037265304,"Los Angeles, CA (CT)",0,1184,1184,0,3570,3570
6037265305,"Los Angeles, CA (CT)",0,2110,2110,0,4082,4082
6037265410,"Los Angeles, CA (CT)",0,678,678,0,1576,1576
6037265420,"Los Angeles, CA (CT)",0,771,771,0,1811,1811
6037265510,"Los Angeles, CA (CT)",0,2557,2557,0,4234,4234
6037265520,"Los Angeles, CA (CT)",0,2433,2433,0,4561,4561
6037265601,"Los Angeles, CA (CT)",0,1476,1476,0,2890,2890
6037265602,"Los Angeles, CA (CT)",0,1852,1852,0,3042,3042
6037265700,"Los Angeles, CA (CT)",0,2704,2704,0,4720,4720
6037267100,"Los Angeles, CA (CT)",0,3023,3023,0,6087,6087
6037267200,"Los Angeles, CA (CT)",0,3071,3071,0,5927,5927
6037267300,"Los Angeles, CA (CT)",0,2222,2222,0,3680,3680
6037267402,"Los Angeles, CA (CT)",0,2721,2721,0,4580,4580
6037267403,"Los Angeles, CA (CT)",0,1851,1851,0,3011,3011
6037267404,"Los Angeles, CA (CT)",0,1698,1698,0,2806,2806
6037267501,"Los Angeles, CA (CT)",0,2700,2700,0,5379,5379
6037267502,"Los Angeles, CA (CT)",0,1694,1694,0,3243,3243
6037267600,"Los Angeles, CA (CT)",0,1258,1258,0,2549,2549
6037267700,"Los Angeles, CA (CT)",0,1762,1762,0,2990,2990
6037267800,"Los Angeles, CA (CT)",0,1269,1269,0,2917,2917
6037267901,"Los Angeles, CA (CT)",0,1812,1812,0,2428,2428
6037267902,"Los Angeles, CA (CT)",0,1784,1784,0,3375,3375
6037269000,"Los Angeles, CA (CT)",0,2461,2461,0,5138,5138
6037269100,"Los Angeles, CA (CT)",0,2090,2090,0,4359,4359
6037269300,"Los Angeles, CA (CT)",0,1559,1559,0,3885,3885
6037269500,"Los Angeles, CA (CT)",0,1451,1451,0,4043,4043
6037269601,"Los Angeles, CA (CT)",0,1067,1067,0,3413,3413
6037269602,"Los Angeles, CA (CT)",0,1148,1148,0,3252,3252
6037269700,"Los Angeles, CA (CT)",0,1722,1722,0,4085,4085
6037269800,"Los Angeles, CA (CT)",0,1699,1699,0,3458,3458
6037269903,"Los Angeles, CA (CT)",0,1804,1804,0,3650,3650
6037269904,"Los Angeles, CA (CT)",0,2275,2275,0,3902,3902
6037269905,"Los Angeles, CA (CT)",0,1379,1379,0,2423,2423
6037269906,"Los Angeles, CA (CT)",0,1618,1618,0,2878,2878
6037269907,"Los Angeles, CA (CT)",0,1473,1473,0,2761,2761
6037270100,"Los Angeles, CA (CT)",0,2510,2510,0,4412,4412
6037270200,"Los Angeles, CA (CT)",0,1320,1320,0,3761,3761
6037270300,"Los Angeles, CA (CT)",0,943,943,0,2364,2364
6037271100,"Los Angeles, CA (CT)",0,1009,1009,0,2449,2449
6037271200,"Los Angeles, CA (CT)",0,1199,1199,0,2525,2525
6037271300,"Los Angeles, CA (CT)",0,2105,2105,0,4506,4506
6037271400,"Los Angeles, CA (CT)",0,1381,1381,0,3391,3391
6037271500,"Los Angeles, CA (CT)",0,1388,1388,0,2937,2937
6037271600,"Los Angeles, CA (CT)",0,2020,2020,0,4475,4475
6037271701,"Los Angeles, CA (CT)",0,2956,2956,0,5850,5850
6037271702,"Los Angeles, CA (CT)",0,1962,1962,0,4134,4134
6037271801,"Los Angeles, CA (CT)",0,1793,1793,0,3635,3635
6037271802,"Los Angeles, CA (CT)",0,2766,2766,0,5911,5911
6037271901,"Los Angeles, CA (CT)",0,1354,1354,0,3087,3087
6037271902,"Los Angeles, CA (CT)",0,1888,1888,0,3877,3877
6037272100,"Los Angeles, CA (CT)",0,1836,1836,0,4354,4354
6037272201,"Los Angeles, CA (CT)",0,1145,1145,0,2411,2411
6037272202,"Los Angeles, CA (CT)",0,1585,1585,0,3378,3378
6037272301,"Los Angeles, CA (CT)",0,1351,1351,0,2941,2941
6037272302,"Los Angeles, CA (CT)",0,1988,1988,0,4074,4074
6037273100,"Los Angeles, CA (CT)",0,1630,1630,0,2197,2197
6037273200,"Los Angeles, CA (CT)",0,1710,1710,0,3711,3711
6037273300,"Los Angeles, CA (CT)",0,1775,1775,0,3695,3695
6037273402,"Los Angeles, CA (CT)",0,2387,2387,0,3172,3172
6037273502,"Los Angeles, CA (CT)",0,1954,1954,0,2884,2884
6037273600,"Los Angeles, CA (CT)",0,1242,1242,0,2413,2413
6037273700,"Los Angeles, CA (CT)",0,1304,1304,0,2801,2801
6037273800,"Los Angeles, CA (CT)",0,1651,1651,0,3107,3107
6037273902,"Los Angeles, CA (CT)",0,2537,2537,0,4227,4227
6037274100,"Los Angeles, CA (CT)",0,2563,2563,0,4418,4418
6037274202,"Los Angeles, CA (CT)",0,2815,2815,0,4337,4337
6037275101,"Los Angeles, CA (CT)",0,506,506,0,1177,1177
6037275102,"Los Angeles, CA (CT)",0,1395,1395,0,4226,4226
6037275200,"Los Angeles, CA (CT)",0,1669,1669,0,3887,3887
6037275302,"Los Angeles, CA (CT)",0,2659,2659,0,4775,4775
6037275311,"Los Angeles, CA (CT)",0,2316,2316,0,4993,4993
6037275400,"Los Angeles, CA (CT)",0,1944,1944,0,3349,3349
6037275500,"Los Angeles, CA (CT)",0,1688,1688,0,5207,5207
6037275602,"Los Angeles, CA (CT)",0,3739,3739,0,6470,6470
6037275603,"Los Angeles, CA (CT)",0,1179,1179,0,2711,2711
6037276000,"Los Angeles, CA (CT)",0,2267,2267,0,5396,5396
6037276100,"Los Angeles, CA (CT)",0,2962,2962,0,5592,5592
6037276400,"Los Angeles, CA (CT)",0,1586,1586,0,4009,4009
6037276500,"Los Angeles, CA (CT)",0,759,759,0,5063,5063
6037276601,"Los Angeles, CA (CT)",0,1754,1754,0,3838,3838
6037276603,"Los Angeles, CA (CT)",0,3280,3280,0,5252,5252
6037276604,"Los Angeles, CA (CT)",0,2287,2287,0,3983,3983
6037277000,"Los Angeles, CA (CT)",0,2196,2196,0,5395,5395
6037277100,"Los Angeles, CA (CT)",0,1124,1124,0,3004,3004
6037277200,"Los Angeles, CA (CT)",0,1134,1134,0,2490,2490
6037277400,"Los Angeles, CA (CT)",0,728,728,0,1533,1533
6037278001,"Los Angeles, CA (CT)",0,1012,1012,0,2458,2458
6037278102,"Los Angeles, CA (CT)",0,1752,1752,0,3158,3158
6037291110,"Los Angeles, CA (CT)",0,1194,1194,0,3510,3510
6037291120,"Los Angeles, CA (CT)",0,624,624,0,2210,2210
6037291130,"Los Angeles, CA (CT)",0,998,998,0,3582,3582
6037291210,"Los Angeles, CA (CT)",0,1504,1504,0,4967,4967
6037291220,"Los Angeles, CA (CT)",0,1012,1012,0,3353,3353
6037291300,"Los Angeles, CA (CT)",0,997,997,0,2601,2601
6037292000,"Los Angeles, CA (CT)",0,1950,1950,0,6543,6543
6037293201,"Los Angeles, CA (CT)",0,2235,2235,0,6629,6629
6037293202,"Los Angeles, CA (CT)",0,1885,1885,0,6742,6742
6037293301,"Los Angeles, CA (CT)",0,1078,1078,0,2805,2805
6037293302,"Los Angeles, CA (CT)",0,1569,1569,0,4720,4720
6037293304,"Los Angeles, CA (CT)",0,1469,1469,0,4178,4178
6037293306,"Los Angeles, CA (CT)",0,804,804,0,2189,2189
6037293307,"Los Angeles, CA (CT)",0,905,905,0,2306,2306
6037294110,"Los Angeles, CA (CT)",0,1081,1081,0,4140,4140
6037294120,"Los Angeles, CA (CT)",0,559,559,0,2370,2370
6037294200,"Los Angeles, CA (CT)",0,1359,1359,0,4951,4951
6037294301,"Los Angeles, CA (CT)",0,651,651,0,2448,2448
6037294302,"Los Angeles, CA (CT)",0,1266,1266,0,4754,4754
6037294410,"Los Angeles, CA (CT)",0,1621,1621,0,4579,4579
6037294421,"Los Angeles, CA (CT)",0,952,952,0,2950,2950
6037294510,"Los Angeles, CA (CT)",0,1107,1107,0,4214,4214
6037294520,"Los Angeles, CA (CT)",0,913,913,0,3564,3564
6037294610,"Los Angeles, CA (CT)",0,1162,1162,0,4065,4065
6037294620,"Los Angeles, CA (CT)",0,1087,1087,0,4219,4219
6037294701,"Los Angeles, CA (CT)",0,965,965,0,3019,3019
6037294810,"Los Angeles, CA (CT)",0,1020,1020,0,3991,3991
6037294820,"Los Angeles, CA (CT)",0,934,934,0,3579,3579
6037294830,"Los Angeles, CA (CT)",0,1022,1022,0,3707,3707
6037294900,"Los Angeles, CA (CT)",0,806,806,0,3265,3265
6037295103,"Los Angeles, CA (CT)",0,2084,2084,0,4875,4875
6037296210,"Los Angeles, CA (CT)",0,952,952,0,3019,3019
6037296220,"Los Angeles, CA (CT)",0,1788,1788,0,4307,4307
6037296300,"Los Angeles, CA (CT)",0,1844,1844,0,4221,4221
6037296401,"Los Angeles, CA (CT)",0,1397,1397,0,3191,3191
6037296402,"Los Angeles, CA (CT)",0,1143,1143,0,3091,3091
6037296500,"Los Angeles, CA (CT)",0,1339,1339,0,3910,3910
6037296600,"Los Angeles, CA (CT)",0,1973,1973,0,5218,5218
6037296901,"Los Angeles, CA (CT)",0,1635,1635,0,4127,4127
6037296902,"Los Angeles, CA (CT)",0,1703,1703,0,3851,3851
6037297000,"Los Angeles, CA (CT)",0,2412,2412,0,5343,5343
6037297110,"Los Angeles, CA (CT)",0,1727,1727,0,4679,4679
6037297120,"Los Angeles, CA (CT)",0,1192,1192,0,3315,3315
6037297201,"Los Angeles, CA (CT)",0,1430,1430,0,3475,3475
6037297202,"Los Angeles, CA (CT)",0,1487,1487,0,3423,3423
6037297300,"Los Angeles, CA (CT)",0,885,885,0,2374,2374
6037297400,"Los Angeles, CA (CT)",0,1657,1657,0,3603,3603
6037297500,"Los Angeles, CA (CT)",0,2221,2221,0,5163,5163
6037297601,"Los Angeles, CA (CT)",0,1315,1315,0,2594,2594
6037297602,"Los Angeles, CA (CT)",0,1806,1806,0,3503,3503
6037300100,"Los Angeles, CA (CT)",0,2068,2068,0,6002,6002
6037300200,"Los Angeles, CA (CT)",0,1977,1977,0,5546,5546
6037300301,"Los Angeles, CA (CT)",0,2185,2185,0,6140,6140
6037300400,"Los Angeles, CA (CT)",0,2118,2118,0,5740,5740
6037300501,"Los Angeles, CA (CT)",0,1336,1336,0,3868,3868
6037300502,"Los Angeles, CA (CT)",0,2635,2635,0,6026,6026
6037300600,"Los Angeles, CA (CT)",0,3303,3303,0,8053,8053
6037300701,"Los Angeles, CA (CT)",107,2146,2253,296,5848,6144
6037300702,"Los Angeles, CA (CT)",0,2139,2139,0,5604,5604
6037300800,"Los Angeles, CA (CT)",0,2899,2899,0,6947,6947
6037300901,"Los Angeles, CA (CT)",0,2356,2356,0,6463,6463
6037300902,"Los Angeles, CA (CT)",0,734,734,0,1998,1998
6037301000,"Los Angeles, CA (CT)",0,2174,2174,0,4841,4841
6037301100,"Los Angeles, CA (CT)",0,2854,2854,0,6491,6491
6037301203,"Los Angeles, CA (CT)",0,1955,1955,0,4368,4368
6037301204,"Los Angeles, CA (CT)",0,2224,2224,0,4990,4990
6037301205,"Los Angeles, CA (CT)",0,755,755,0,2209,2209
6037301206,"Los Angeles, CA (CT)",0,2015,2015,0,5363,5363
6037301300,"Los Angeles, CA (CT)",0,723,723,0,2016,2016
6037301400,"Los Angeles, CA (CT)",0,1350,1350,0,3865,3865
6037301501,"Los Angeles, CA (CT)",0,612,612,0,1902,1902
6037301502,"Los Angeles, CA (CT)",0,2589,2589,0,6908,6908
6037301601,"Los Angeles, CA (CT)",0,2356,2356,0,6198,6198
6037301602,"Los Angeles, CA (CT)",0,1683,1683,0,3908,3908
6037301701,"Los Angeles, CA (CT)",0,1155,1155,0,2849,2849
6037301702,"Los Angeles, CA (CT)",0,2103,2103,0,5556,5556
6037301801,"Los Angeles, CA (CT)",0,1945,1945,0,4079,4079
6037301802,"Los Angeles, CA (CT)",0,1405,1405,0,3578,3578
6037301900,"Los Angeles, CA (CT)",0,3426,3426,0,7810,7810
6037302002,"Los Angeles, CA (CT)",0,1888,1888,0,3532,3532
6037302003,"Los Angeles, CA (CT)",0,1463,1463,0,3578,3578
6037302004,"Los Angeles, CA (CT)",0,1700,1700,0,4214,4214
6037302102,"Los Angeles, CA (CT)",0,2761,2761,0,6439,6439
6037302103,"Los Angeles, CA (CT)",0,2047,2047,0,5504,5504
6037302104,"Los Angeles, CA (CT)",0,1565,1565,0,3917,3917
6037302201,"Los Angeles, CA (CT)",0,1699,1699,0,3856,3856
6037302202,"Los Angeles, CA (CT)",0,1993,1993,0,5254,5254
6037302301,"Los Angeles, CA (CT)",0,1549,1549,0,3790,3790
6037302302,"Los Angeles, CA (CT)",0,1827,1827,0,4895,4895
6037302401,"Los Angeles, CA (CT)",0,2252,2252,0,5944,5944
6037302503,"Los Angeles, CA (CT)",0,1524,1524,0,4330,4330
6037302504,"Los Angeles, CA (CT)",0,1512,1512,0,4234,4234
6037302505,"Los Angeles, CA (CT)",0,1504,1504,0,3749,3749
6037302506,"Los Angeles, CA (CT)",0,1369,1369,0,3534,3534
6037310100,"Los Angeles, CA (CT)",0,2084,2084,0,5849,5849
6037310201,"Los Angeles, CA (CT)",0,2130,2130,0,5466,5466
6037310202,"Los Angeles, CA (CT)",0,1916,1916,0,4985,4985
6037310300,"Los Angeles, CA (CT)",0,1082,1082,0,2987,2987
6037310400,"Los Angeles, CA (CT)",0,1351,1351,0,3379,3379
6037310501,"Los Angeles, CA (CT)",0,1144,1144,0,3205,3205
6037310601,"Los Angeles, CA (CT)",0,2488,2488,0,5716,5716
6037310602,"Los Angeles, CA (CT)",0,1159,1159,0,2655,2655
6037310701,"Los Angeles, CA (CT)",0,1177,1177,0,2361,2361
6037310702,"Los Angeles, CA (CT)",0,3890,3890,0,7104,7104
6037310703,"Los Angeles, CA (CT)",0,2177,2177,0,5114,5114
6037310800,"Los Angeles, CA (CT)",0,2092,2092,0,4909,4909
6037310900,"Los Angeles, CA (CT)",0,2570,2570,0,6870,6870
6037311000,"Los Angeles, CA (CT)",0,1480,1480,0,3755,3755
6037311100,"Los Angeles, CA (CT)",0,1399,1399,0,3897,3897
6037311200,"Los Angeles, CA (CT)",0,1322,1322,0,3138,3138
6037311300,"Los Angeles, CA (CT)",0,1525,1525,0,3811,3811
6037311400,"Los Angeles, CA (CT)",0,1036,1036,0,2274,2274
6037311500,"Los Angeles, CA (CT)",0,2502,2502,0,5633,5633
6037311600,"Los Angeles, CA (CT)",0,4124,4124,0,7249,7249
6037311700,"Los Angeles, CA (CT)",0,2768,2768,0,6137,6137
6037311801,"Los Angeles, CA (CT)",0,1368,1368,0,3033,3033
6037311802,"Los Angeles, CA (CT)",0,1525,1525,0,3813,3813
6037320000,"Los Angeles, CA (CT)",0,0,0,0,0,0
6037320100,"Los Angeles, CA (CT)",0,1773,1773,0,7144,7144
6037320201,"Los Angeles, CA (CT)",0,1135,1135,0,3756,3756
6037320202,"Los Angeles, CA (CT)",0,1519,1519,0,5797,5797
6037320300,"Los Angeles, CA (CT)",0,1864,1864,0,6948,6948
6037400204,"Los Angeles, CA (CT)",0,2192,2192,0,6454,6454
6037400205,"Los Angeles, CA (CT)",11,1044,1055,28,3176,3204
6037400206,"Los Angeles, CA (CT)",0,1837,1837,0,5328,5328
6037400207,"Los Angeles, CA (CT)",0,1585,1585,0,4798,4798
6037400302,"Los Angeles, CA (CT)",0,1177,1177,0,3016,3016
6037400304,"Los Angeles, CA (CT)",0,2560,2560,0,6714,6714
6037400402,"Los Angeles, CA (CT)",0,1448,1448,0,4125,4125
6037400403,"Los Angeles, CA (CT)",71,1345,1416,187,3628,3815
6037400404,"Los Angeles, CA (CT)",56,1470,1526,172,4281,4453
6037400501,"Los Angeles, CA (CT)",3,731,734,10,2116,2126
6037400602,"Los Angeles, CA (CT)",0,1476,1476,0,4719,4719
6037400603,"Los Angeles, CA (CT)",34,1955,1989,116,5133,5249
6037400604,"Los Angeles, CA (CT)",0,1069,1069,0,2980,2980
6037400800,"Los Angeles, CA (CT)",0,826,826,0,3967,3967
6037400900,"Los Angeles, CA (CT)",0,1540,1540,0,4086,4086
6037401001,"Los Angeles, CA (CT)",0,1059,1059,0,3140,3140
6037401002,"Los Angeles, CA (CT)",0,1707,1707,0,3973,3973
6037401101,"Los Angeles, CA (CT)",0,2111,2111,0,5663,5663
6037401102,"Los Angeles, CA (CT)",0,1195,1195,0,3101,3101
6037401201,"Los Angeles, CA (CT)",0,1097,1097,0,3110,3110
6037401202,"Los Angeles, CA (CT)",0,1406,1406,0,4371,4371
6037401203,"Los Angeles, CA (CT)",0,1739,1739,0,5216,5216
6037401303,"Los Angeles, CA (CT)",0,777,777,0,2199,2199
6037401304,"Los Angeles, CA (CT)",0,2123,2123,0,5642,5642
6037401311,"Los Angeles, CA (CT)",0,2473,2473,0,6521,6521
6037401312,"Los Angeles, CA (CT)",0,2057,2057,0,5575,5575
6037401500,"Los Angeles, CA (CT)",0,1914,1914,0,5572,5572
6037401601,"Los Angeles, CA (CT)",0,2209,2209,0,5034,5034
6037401602,"Los Angeles, CA (CT)",0,1928,1928,0,5282,5282
6037401603,"Los Angeles, CA (CT)",0,1340,1340,0,2913,2913
6037401701,"Los Angeles, CA (CT)",0,1754,1754,0,4137,4137
6037401703,"Los Angeles, CA (CT)",0,1563,1563,0,4176,4176
6037401704,"Los Angeles, CA (CT)",0,2044,2044,0,5828,5828
6037401800,"Los Angeles, CA (CT)",0,2803,2803,0,7378,7378
6037401901,"Los Angeles, CA (CT)",0,136,136,0,4610,4610
6037401902,"Los Angeles, CA (CT)",0,2939,2939,0,5711,5711
6037402001,"Los Angeles, CA (CT)",0,1099,1099,0,3080,3080
6037402002,"Los Angeles, CA (CT)",0,1554,1554,0,3913,3913
6037402101,"Los Angeles, CA (CT)",0,1074,1074,0,4623,4623
6037402102,"Los Angeles, CA (CT)",0,1287,1287,0,4815,4815
6037402200,"Los Angeles, CA (CT)",0,2097,2097,0,6584,6584
6037402301,"Los Angeles, CA (CT)",0,1351,1351,0,5454,5454
6037402303,"Los Angeles, CA (CT)",0,1144,1144,0,3996,3996
6037402304,"Los Angeles, CA (CT)",0,1005,1005,0,3848,3848
6037402402,"Los Angeles, CA (CT)",0,2136,2136,0,7076,7076
6037402403,"Los Angeles, CA (CT)",0,1057,1057,0,5381,5381
6037402404,"Los Angeles, CA (CT)",0,6,6,0,1945,1945
6037402405,"Los Angeles, CA (CT)",0,646,646,0,3006,3006
6037402406,"Los Angeles, CA (CT)",0,1225,1225,0,4776,4776
6037402501,"Los Angeles, CA (CT)",0,1381,1381,0,5577,5577
6037402502,"Los Angeles, CA (CT)",0,1794,1794,0,7225,7225
6037402600,"Los Angeles, CA (CT)",0,2527,2527,0,7453,7453
6037402702,"Los Angeles, CA (CT)",0,1676,1676,0,6313,6313
6037402703,"Los Angeles, CA (CT)",0,1316,1316,0,4686,4686
6037402705,"Los Angeles, CA (CT)",0,868,868,0,3328,3328
6037402706,"Los Angeles, CA (CT)",0,997,997,0,3945,3945
6037402801,"Los Angeles, CA (CT)",0,1172,1172,0,5170,5170
6037402803,"Los Angeles, CA (CT)",0,763,763,0,3436,3436
6037402804,"Los Angeles, CA (CT)",0,985,985,0,4085,4085
6037402902,"Los Angeles, CA (CT)",0,1472,1472,0,6445,6445
6037402903,"Los Angeles, CA (CT)",0,982,982,0,4138,4138
6037402904,"Los Angeles, CA (CT)",0,825,825,0,3603,3603
6037403000,"Los Angeles, CA (CT)",0,1515,1515,0,6835,6835
6037403200,"Los Angeles, CA (CT)",0,1,1,0,391,391
6037403303,"Los Angeles, CA (CT)",0,791,791,0,2523,2523
6037403304,"Los Angeles, CA (CT)",0,1736,1736,0,5178,5178
6037403305,"Los Angeles, CA (CT)",0,714,714,0,2100,2100
6037403312,"Los Angeles, CA (CT)",0,1616,1616,0,5160,5160
6037403316,"Los Angeles, CA (CT)",0,2500,2500,0,6783,6783
6037403317,"Los Angeles, CA (CT)",0,1467,1467,0,4721,4721
6037403318,"Los Angeles, CA (CT)",0,2051,2051,0,6243,6243
6037403319,"Los Angeles, CA (CT)",0,1651,1651,0,4260,4260
6037403320,"Los Angeles, CA (CT)",0,1730,1730,0,5573,5573
6037403321,"Los Angeles, CA (CT)",0,1969,1969,0,6034,6034
6037403322,"Los Angeles, CA (CT)",0,1259,1259,0,3808,3808
6037403323,"Los Angeles, CA (CT)",0,1824,1824,0,5356,5356
6037403324,"Los Angeles, CA (CT)",0,2239,2239,0,6804,6804
6037403325,"Los Angeles, CA (CT)",0,1548,1548,0,4795,4795
6037403401,"Los Angeles, CA (CT)",0,1531,1531,0,5038,5038
6037403402,"Los Angeles, CA (CT)",0,988,988,0,3322,3322
6037403403,"Los Angeles, CA (CT)",0,1547,1547,0,5140,5140
6037403404,"Los Angeles, CA (CT)",0,753,753,0,2521,2521
6037403405,"Los Angeles, CA (CT)",0,494,494,0,1631,1631
6037403406,"Los Angeles, CA (CT)",0,862,862,0,2796,2796
6037403407,"Los Angeles, CA (CT)",0,624,624,0,2132,2132
6037403408,"Los Angeles, CA (CT)",0,1950,1950,0,6576,6576
6037403500,"Los Angeles, CA (CT)",0,583,583,0,1628,1628
6037403600,"Los Angeles, CA (CT)",0,2279,2279,0,6672,6672
6037403702,"Los Angeles, CA (CT)",0,1193,1193,0,3794,3794
6037403703,"Los Angeles, CA (CT)",0,1732,1732,0,4748,4748
6037403721,"Los Angeles, CA (CT)",0,1734,1734,0,4998,4998
6037403722,"Los Angeles, CA (CT)",0,1820,1820,0,5734,5734
6037403801,"Los Angeles, CA (CT)",0,2049,2049,0,6212,6212
6037403802,"Los Angeles, CA (CT)",0,2005,2005,0,5553,5553
6037403901,"Los Angeles, CA (CT)",0,955,955,0,3110,3110
6037403902,"Los Angeles, CA (CT)",0,1576,1576,0,4806,4806
6037404000,"Los Angeles, CA (CT)",0,1355,1355,0,4474,4474
6037404100,"Los Angeles, CA (CT)",0,1516,1516,0,6445,6445
6037404201,"Los Angeles, CA (CT)",0,1048,1048,0,3711,3711
6037404202,"Los Angeles, CA (CT)",0,816,816,0,3366,3366
6037404301,"Los Angeles, CA (CT)",0,1542,1542,0,5665,5665
6037404302,"Los Angeles, CA (CT)",0,610,610,0,2498,2498
6037404401,"Los Angeles, CA (CT)",0,1017,1017,0,3979,3979
6037404402,"Los Angeles, CA (CT)",0,1270,1270,0,5107,5107
6037404501,"Los Angeles, CA (CT)",0,687,687,0,2355,2355
6037404503,"Los Angeles, CA (CT)",0,747,747,0,2977,2977
6037404504,"Los Angeles, CA (CT)",0,1356,1356,0,5266,5266
6037404600,"Los Angeles, CA (CT)",0,390,390,0,1422,1422
6037404701,"Los Angeles, CA (CT)",0,1288,1288,0,5873,5873
6037404702,"Los Angeles, CA (CT)",0,1414,1414,0,5882,5882
6037404703,"Los Angeles, CA (CT)",0,761,761,0,3178,3178
6037404801,"Los Angeles, CA (CT)",0,1769,1769,0,7305,7305
6037404802,"Los Angeles, CA (CT)",0,1029,1029,0,4335,4335
6037404803,"Los Angeles, CA (CT)",0,452,452,0,1741,1741
6037404901,"Los Angeles, CA (CT)",0,1268,1268,0,5658,5658
6037404902,"Los Angeles, CA (CT)",0,904,904,0,3973,3973
6037404903,"Los Angeles, CA (CT)",0,689,689,0,2905,2905
6037405001,"Los Angeles, CA (CT)",0,1335,1335,0,6170,6170
6037405002,"Los Angeles, CA (CT)",0,659,659,0,3197,3197
6037405101,"Los Angeles, CA (CT)",0,1178,1178,0,5304,5304
6037405102,"Los Angeles, CA (CT)",0,1375,1375,0,5069,5069
6037405201,"Los Angeles, CA (CT)",0,1324,1324,0,5205,5205
6037405202,"Los Angeles, CA (CT)",0,1233,1233,0,5227,5227
6037405203,"Los Angeles, CA (CT)",0,797,797,0,3484,3484
6037405301,"Los Angeles, CA (CT)",0,1096,1096,0,3349,3349
6037405302,"Los Angeles, CA (CT)",0,1618,1618,0,5351,5351
6037405400,"Los Angeles, CA (CT)",0,1289,1289,0,4795,4795
6037405500,"Los Angeles, CA (CT)",0,2043,2043,0,6808,6808
6037405600,"Los Angeles, CA (CT)",0,1701,1701,0,5428,5428
6037405701,"Los Angeles, CA (CT)",0,1096,1096,0,3853,3853
6037405702,"Los Angeles, CA (CT)",0,1554,1554,0,4854,4854
6037405800,"Los Angeles, CA (CT)",0,1705,1705,0,5881,5881
6037405900,"Los Angeles, CA (CT)",0,1283,1283,0,4049,4049
6037406000,"Los Angeles, CA (CT)",0,1629,1629,0,5059,5059
6037406101,"Los Angeles, CA (CT)",0,1222,1222,0,3139,3139
6037406102,"Los Angeles, CA (CT)",0,2374,2374,0,5828,5828
6037406200,"Los Angeles, CA (CT)",0,1990,1990,0,5678,5678
6037406300,"Los Angeles, CA (CT)",0,1785,1785,0,5532,5532
6037406402,"Los Angeles, CA (CT)",0,641,641,0,2076,2076
6037406411,"Los Angeles, CA (CT)",0,555,555,0,2126,2126
6037406412,"Los Angeles, CA (CT)",0,829,829,0,2482,2482
6037406500,"Los Angeles, CA (CT)",0,2050,2050,0,6705,6705
6037406601,"Los Angeles, CA (CT)",0,1541,1541,0,5269,5269
6037406602,"Los Angeles, CA (CT)",0,1323,1323,0,4973,4973
6037406701,"Los Angeles, CA (CT)",0,938,938,0,3246,3246
6037406702,"Los Angeles, CA (CT)",0,1733,1733,0,5823,5823
6037406800,"Los Angeles, CA (CT)",0,1371,1371,0,4926,4926
6037406901,"Los Angeles, CA (CT)",0,1213,1213,0,4701,4701
6037406902,"Los Angeles, CA (CT)",0,872,872,0,3149,3149
6037407001,"Los Angeles, CA (CT)",0,1218,1218,0,5905,5905
6037407002,"Los Angeles, CA (CT)",0,762,762,0,3804,3804
6037407101,"Los Angeles, CA (CT)",0,1173,1173,0,4834,4834
6037407102,"Los Angeles, CA (CT)",0,1259,1259,0,5445,5445
6037407200,"Los Angeles, CA (CT)",0,1635,1635,0,7315,7315
6037407301,"Los Angeles, CA (CT)",0,1059,1059,0,4828,4828
6037407302,"Los Angeles, CA (CT)",0,744,744,0,3501,3501
6037407400,"Los Angeles, CA (CT)",0,562,562,0,2133,2133
6037407501,"Los Angeles, CA (CT)",0,1031,1031,0,4411,4411
6037407502,"Los Angeles, CA (CT)",0,897,897,0,3937,3937
6037407601,"Los Angeles, CA (CT)",0,1176,1176,0,4366,4366
6037407602,"Los Angeles, CA (CT)",0,935,935,0,4008,4008
6037407701,"Los Angeles, CA (CT)",0,1256,1256,0,5401,5401
6037407702,"Los Angeles, CA (CT)",0,1703,1703,0,6497,6497
6037407801,"Los Angeles, CA (CT)",0,1075,1075,0,5074,5074
6037407802,"Los Angeles, CA (CT)",0,798,798,0,3635,3635
6037407900,"Los Angeles, CA (CT)",0,1521,1521,0,6296,6296
6037408003,"Los Angeles, CA (CT)",0,1394,1394,0,4992,4992
6037408004,"Los Angeles, CA (CT)",0,821,821,0,2246,2246
6037408005,"Los Angeles, CA (CT)",0,1684,1684,0,5088,5088
6037408006,"Los Angeles, CA (CT)",0,1141,1141,0,3863,3863
6037408133,"Los Angeles, CA (CT)",0,1665,1665,0,5739,5739
6037408134,"Los Angeles, CA (CT)",0,853,853,0,2743,2743
6037408135,"Los Angeles, CA (CT)",0,1264,1264,0,4159,4159
6037408136,"Los Angeles, CA (CT)",0,1092,1092,0,3849,3849
6037408137,"Los Angeles, CA (CT)",0,1432,1432,0,4152,4152
6037408138,"Los Angeles, CA (CT)",0,1289,1289,0,5936,5936
6037408139,"Los Angeles, CA (CT)",0,825,825,0,4482,4482
6037408140,"Los Angeles, CA (CT)",0,763,763,0,3835,3835
6037408141,"Los Angeles, CA (CT)",0,1166,1166,0,5450,5450
6037408202,"Los Angeles, CA (CT)",0,489,489,0,2037,2037
6037408211,"Los Angeles, CA (CT)",0,1824,1824,0,5947,5947
6037408212,"Los Angeles, CA (CT)",0,1344,1344,0,4485,4485
6037408301,"Los Angeles, CA (CT)",0,1225,1225,0,5427,5427
6037408302,"Los Angeles, CA (CT)",0,1098,1098,0,4036,4036
6037408303,"Los Angeles, CA (CT)",0,1153,1153,0,4029,4029
6037408401,"Los Angeles, CA (CT)",0,1235,1235,0,4289,4289
6037408402,"Los Angeles, CA (CT)",0,1834,1834,0,5799,5799
6037408501,"Los Angeles, CA (CT)",0,807,807,0,3314,3314
6037408503,"Los Angeles, CA (CT)",0,2000,2000,0,6317,6317
6037408504,"Los Angeles, CA (CT)",0,1613,1613,0,5322,5322
6037408505,"Los Angeles, CA (CT)",0,780,780,0,2682,2682
6037408623,"Los Angeles, CA (CT)",0,1019,1019,0,3023,3023
6037408624,"Los Angeles, CA (CT)",0,1021,1021,0,3227,3227
6037408625,"Los Angeles, CA (CT)",0,1348,1348,0,4160,4160
6037408626,"Los Angeles, CA (CT)",0,1569,1569,0,4341,4341
6037408627,"Los Angeles, CA (CT)",0,932,932,0,3079,3079
6037408628,"Los Angeles, CA (CT)",0,1926,1926,0,5103,5103
6037408629,"Los Angeles, CA (CT)",0,990,990,0,2926,2926
6037408630,"Los Angeles, CA (CT)",0,564,564,0,2319,2319
6037408631,"Los Angeles, CA (CT)",0,1381,1381,0,5087,5087
6037408703,"Los Angeles, CA (CT)",0,1980,1980,0,6528,6528
6037408704,"Los Angeles, CA (CT)",0,1081,1081,0,3155,3155
6037408705,"Los Angeles, CA (CT)",0,1584,1584,0,5427,5427
6037408706,"Los Angeles, CA (CT)",0,486,486,0,1665,1665
6037408722,"Los Angeles, CA (CT)",0,1288,1288,0,4400,4400
6037408723,"Los Angeles, CA (CT)",0,791,791,0,2825,2825
6037408724,"Los Angeles, CA (CT)",0,1546,1546,0,5362,5362
6037408800,"Los Angeles, CA (CT)",0,1453,1453,0,3738,3738
6037430002,"Los Angeles, CA (CT)",0,2569,2569,0,7021,7021
6037430003,"Los Angeles, CA (CT)",0,1568,1568,0,4604,4604
6037430101,"Los Angeles, CA (CT)",0,1864,1864,0,4887,4887
6037430102,"Los Angeles, CA (CT)",0,1253,1253,0,4809,4809
6037430200,"Los Angeles, CA (CT)",0,592,592,0,1292,1292
6037430301,"Los Angeles, CA (CT)",92,1673,1765,224,4198,4422
6037430302,"Los Angeles, CA (CT)",0,2531,2531,0,5837,5837
6037430400,"Los Angeles, CA (CT)",0,1537,1537,0,4424,4424
6037430501,"Los Angeles, CA (CT)",0,1853,1853,0,4172,4172
6037430502,"Los Angeles, CA (CT)",0,3260,3260,0,6745,6745
6037430600,"Los Angeles, CA (CT)",0,1550,1550,0,4505,4505
6037430701,"Los Angeles, CA (CT)",0,2026,2026,0,5271,5271
6037430721,"Los Angeles, CA (CT)",0,1304,1304,0,3957,3957
6037430723,"Los Angeles, CA (CT)",0,1788,1788,0,4118,4118
6037430724,"Los Angeles, CA (CT)",0,2171,2171,0,4812,4812
6037430801,"Los Angeles, CA (CT)",0,2389,2389,0,6342,6342
6037430802,"Los Angeles, CA (CT)",0,1404,1404,0,4163,4163
6037430803,"Los Angeles, CA (CT)",0,1847,1847,0,5439,5439
6037430901,"Los Angeles, CA (CT)",0,1701,1701,0,4324,4324
6037430902,"Los Angeles, CA (CT)",0,1747,1747,0,4652,4652
6037431001,"Los Angeles, CA (CT)",0,3044,3044,0,7171,7171
6037431002,"Los Angeles, CA (CT)",0,1386,1386,0,3163,3163
6037431100,"Los Angeles, CA (CT)",0,2114,2114,0,6629,6629
6037431200,"Los Angeles, CA (CT)",0,1529,1529,0,6439,6439
6037431300,"Los Angeles, CA (CT)",0,912,912,0,2661,2661
6037431400,"Los Angeles, CA (CT)",0,1458,1458,0,3970,3970
6037431501,"Los Angeles, CA (CT)",0,1701,1701,0,4107,4107
6037431502,"Los Angeles, CA (CT)",0,1493,1493,0,4361,4361
6037431600,"Los Angeles, CA (CT)",0,1320,1320,0,4018,4018
6037431700,"Los Angeles, CA (CT)",0,2203,2203,0,6433,6433
6037431800,"Los Angeles, CA (CT)",0,2076,2076,0,5640,5640
6037431900,"Los Angeles, CA (CT)",0,1443,1443,0,3828,3828
6037432000,"Los Angeles, CA (CT)",0,2768,2768,0,8182,8182
6037432101,"Los Angeles, CA (CT)",0,1403,1403,0,4179,4179
6037432102,"Los Angeles, CA (CT)",0,1793,1793,0,5633,5633
6037432201,"Los Angeles, CA (CT)",0,1396,1396,0,4342,4342
6037432202,"Los Angeles, CA (CT)",0,1226,1226,0,4252,4252
6037432300,"Los Angeles, CA (CT)",0,1155,1155,0,3951,3951
6037432401,"Los Angeles, CA (CT)",0,1011,1011,0,3789,3789
6037432402,"Los Angeles, CA (CT)",0,1689,1689,0,6310,6310
6037432500,"Los Angeles, CA (CT)",0,2339,2339,0,8210,8210
6037432601,"Los Angeles, CA (CT)",0,1636,1636,0,6564,6564
6037432602,"Los Angeles, CA (CT)",0,1135,1135,0,4554,4554
6037432700,"Los Angeles, CA (CT)",0,1297,1297,0,5262,5262
6037432801,"Los Angeles, CA (CT)",0,922,922,0,2568,2568
6037432802,"Los Angeles, CA (CT)",0,1538,1538,0,5821,5821
6037432901,"Los Angeles, CA (CT)",0,1261,1261,0,4464,4464
6037432902,"Los Angeles, CA (CT)",0,908,908,0,3482,3482
6037433101,"Los Angeles, CA (CT)",0,584,584,0,2281,2281
6037433102,"Los Angeles, CA (CT)",0,1248,1248,0,5085,5085
6037433200,"Los Angeles, CA (CT)",0,1579,1579,0,6163,6163
6037433302,"Los Angeles, CA (CT)",0,424,424,0,1595,1595
6037433304,"Los Angeles, CA (CT)",0,1316,1316,0,4726,4726
6037433305,"Los Angeles, CA (CT)",0,1171,1171,0,4893,4893
6037433306,"Los Angeles, CA (CT)",0,754,754,0,3333,3333
6037433307,"Los Angeles, CA (CT)",0,828,828,0,3421,3421
6037433401,"Los Angeles, CA (CT)",0,741,741,0,3371,3371
6037433402,"Los Angeles, CA (CT)",0,1117,1117,0,4776,4776
6037433403,"Los Angeles, CA (CT)",0,1237,1237,0,4675,4675
6037433501,"Los Angeles, CA (CT)",0,534,534,0,1954,1954
6037433503,"Los Angeles, CA (CT)",0,675,675,0,3108,3108
6037433504,"Los Angeles, CA (CT)",0,1034,1034,0,4679,4679
6037433601,"Los Angeles, CA (CT)",0,1312,1312,0,4923,4923
6037433602,"Los Angeles, CA (CT)",0,801,801,0,2803,2803
6037433700,"Los Angeles, CA (CT)",0,800,800,0,3294,3294
6037433801,"Los Angeles, CA (CT)",0,1362,1362,0,6197,6197
6037433802,"Los Angeles, CA (CT)",0,684,684,0,2780,2780
6037433901,"Los Angeles, CA (CT)",0,1285,1285,0,5593,5593
6037433902,"Los Angeles, CA (CT)",0,907,907,0,3780,3780
6037434001,"Los Angeles, CA (CT)",0,1026,1026,0,4395,4395
6037434003,"Los Angeles, CA (CT)",0,979,979,0,4273,4273
6037434004,"Los Angeles, CA (CT)",0,648,648,0,2796,2796
6037460000,"Los Angeles, CA (CT)",0,1862,1862,0,4851,4851
6037460100,"Los Angeles, CA (CT)",0,2469,2469,0,5793,5793
6037460200,"Los Angeles, CA (CT)",0,2178,2178,0,5315,5315
6037460301,"Los Angeles, CA (CT)",0,1705,1705,0,4638,4638
6037460302,"Los Angeles, CA (CT)",0,1426,1426,0,4442,4442
6037460401,"Los Angeles, CA (CT)",0,319,319,0,878,878
6037460501,"Los Angeles, CA (CT)",0,1930,1930,0,5418,5418
6037460502,"Los Angeles, CA (CT)",0,1499,1499,0,4417,4417
6037460600,"Los Angeles, CA (CT)",0,1556,1556,0,4511,4511
6037460700,"Los Angeles, CA (CT)",0,1740,1740,0,5034,5034
6037460800,"Los Angeles, CA (CT)",0,1383,1383,0,3248,3248
6037460900,"Los Angeles, CA (CT)",0,2091,2091,0,6998,6998
6037461000,"Los Angeles, CA (CT)",0,1819,1819,0,6243,6243
6037461100,"Los Angeles, CA (CT)",0,1751,1751,0,4844,4844
6037461200,"Los Angeles, CA (CT)",0,1780,1780,0,4443,4443
6037461300,"Los Angeles, CA (CT)",0,2623,2623,0,6638,6638
6037461400,"Los Angeles, CA (CT)",0,1397,1397,0,3204,3204
6037461501,"Los Angeles, CA (CT)",0,1396,1396,0,3700,3700
6037461502,"Los Angeles, CA (CT)",0,1785,1785,0,6563,6563
6037461600,"Los Angeles, CA (CT)",0,1775,1775,0,5826,5826
6037461700,"Los Angeles, CA (CT)",0,705,705,0,1385,1385
6037461901,"Los Angeles, CA (CT)",0,1712,1712,0,5118,5118
6037461902,"Los Angeles, CA (CT)",0,1285,1285,0,1654,1654
6037462001,"Los Angeles, CA (CT)",0,1187,1187,0,3974,3974
6037462002,"Los Angeles, CA (CT)",0,1145,1145,0,3942,3942
6037462100,"Los Angeles, CA (CT)",0,1829,1829,0,5259,5259
6037462201,"Los Angeles, CA (CT)",0,1953,1953,0,3788,3788
6037462202,"Los Angeles, CA (CT)",0,1782,1782,0,2928,2928
6037462301,"Los Angeles, CA (CT)",0,1976,1976,0,4655,4655
6037462302,"Los Angeles, CA (CT)",0,1624,1624,0,2972,2972
6037462400,"Los Angeles, CA (CT)",0,1657,1657,0,4229,4229
6037462500,"Los Angeles, CA (CT)",0,2469,2469,0,6039,6039
6037462600,"Los Angeles, CA (CT)",0,915,915,0,2324,2324
6037462700,"Los Angeles, CA (CT)",0,2338,2338,0,5471,5471
6037462800,"Los Angeles, CA (CT)",0,1194,1194,0,2915,2915
6037462900,"Los Angeles, CA (CT)",0,1437,1437,0,3818,3818
6037463000,"Los Angeles, CA (CT)",0,997,997,0,2228,2228
6037463101,"Los Angeles, CA (CT)",0,924,924,0,2383,2383
6037463102,"Los Angeles, CA (CT)",0,1265,1265,0,3779,3779
6037463200,"Los Angeles, CA (CT)",0,1521,1521,0,3403,3403
6037463300,"Los Angeles, CA (CT)",0,961,961,0,2041,2041
6037463400,"Los Angeles, CA (CT)",0,2797,2797,0,5752,5752
6037463500,"Los Angeles, CA (CT)",0,3042,3042,0,5747,5747
6037463601,"Los Angeles, CA (CT)",0,3705,3705,0,5714,5714
6037463602,"Los Angeles, CA (CT)",0,3376,3376,0,5051,5051
6037463700,"Los Angeles, CA (CT)",0,1273,1273,0,2236,2236
6037463800,"Los Angeles, CA (CT)",0,1704,1704,0,3869,3869
6037463900,"Los Angeles, CA (CT)",0,1795,1795,0,3456,3456
6037464000,"Los Angeles, CA (CT)",0,2806,2806,0,5621,5621
6037464100,"Los Angeles, CA (CT)",0,2453,2453,0,7210,7210
6037464200,"Los Angeles, CA (CT)",0,2024,2024,0,5937,5937
6037480002,"Los Angeles, CA (CT)",0,1239,1239,0,3453,3453
6037480011,"Los Angeles, CA (CT)",0,1874,1874,0,5132,5132
6037480012,"Los Angeles, CA (CT)",0,1715,1715,0,4763,4763
6037480101,"Los Angeles, CA (CT)",0,1302,1302,0,3908,3908
6037480102,"Los Angeles, CA (CT)",0,1484,1484,0,4303,4303
6037480201,"Los Angeles, CA (CT)",0,1382,1382,0,3907,3907
6037480202,"Los Angeles, CA (CT)",0,926,926,0,2534,2534
6037480302,"Los Angeles, CA (CT)",0,1797,1797,0,4255,4255
6037480303,"Los Angeles, CA (CT)",0,1496,1496,0,3858,3858
6037480304,"Los Angeles, CA (CT)",0,1832,1832,0,4098,4098
6037480400,"Los Angeles, CA (CT)",0,2444,2444,0,5654,5654
6037480500,"Los Angeles, CA (CT)",0,2271,2271,0,5485,5485
6037480600,"Los Angeles, CA (CT)",0,3695,3695,0,7863,7863
6037480702,"Los Angeles, CA (CT)",0,1764,1764,0,4460,4460
6037480703,"Los Angeles, CA (CT)",0,1384,1384,0,3277,3277
6037480704,"Los Angeles, CA (CT)",0,2002,2002,0,4531,4531
6037480802,"Los Angeles, CA (CT)",0,1047,1047,0,3279,3279
6037480803,"Los Angeles, CA (CT)",0,1293,1293,0,3464,3464
6037480804,"Los Angeles, CA (CT)",0,1947,1947,0,4998,4998
6037480901,"Los Angeles, CA (CT)",0,1703,1703,0,4686,4686
6037480902,"Los Angeles, CA (CT)",0,1445,1445,0,4218,4218
6037480903,"Los Angeles, CA (CT)",0,1051,1051,0,3206,3206
6037481001,"Los Angeles, CA (CT)",0,1457,1457,0,3842,3842
6037481002,"Los Angeles, CA (CT)",0,2137,2137,0,5447,5447
6037481101,"Los Angeles, CA (CT)",0,1538,1538,0,3814,3814
6037481102,"Los Angeles, CA (CT)",0,1499,1499,0,3624,3624
6037481103,"Los Angeles, CA (CT)",0,1703,1703,0,5350,5350
6037481201,"Los Angeles, CA (CT)",0,1211,1211,0,3598,3598
6037481202,"Los Angeles, CA (CT)",0,2070,2070,0,6608,6608
6037481300,"Los Angeles, CA (CT)",0,842,842,0,3153,3153
6037481401,"Los Angeles, CA (CT)",0,1914,1914,0,6061,6061
6037481402,"Los Angeles, CA (CT)",0,2186,2186,0,7175,7175
6037481500,"Los Angeles, CA (CT)",0,1548,1548,0,4361,4361
6037481603,"Los Angeles, CA (CT)",0,1347,1347,0,3802,3802
6037481604,"Los Angeles, CA (CT)",0,1392,1392,0,3942,3942
6037481605,"Los Angeles, CA (CT)",0,1097,1097,0,3387,3387
6037481606,"Los Angeles, CA (CT)",0,1662,1662,0,4871,4871
6037481711,"Los Angeles, CA (CT)",0,1466,1466,0,4530,4530
6037481712,"Los Angeles, CA (CT)",0,1699,1699,0,5225,5225
6037481713,"Los Angeles, CA (CT)",0,835,835,0,2507,2507
6037481714,"Los Angeles, CA (CT)",0,956,956,0,2551,2551
6037481800,"Los Angeles, CA (CT)",0,908,908,0,2596,2596
6037481901,"Los Angeles, CA (CT)",0,1999,1999,0,5770,5770
6037481902,"Los Angeles, CA (CT)",0,1313,1313,0,3355,3355
6037482001,"Los Angeles, CA (CT)",0,1070,1070,0,2761,2761
6037482002,"Los Angeles, CA (CT)",0,2636,2636,0,6947,6947
6037482101,"Los Angeles, CA (CT)",0,1552,1552,0,4568,4568
6037482102,"Los Angeles, CA (CT)",0,990,990,0,2828,2828
6037482201,"Los Angeles, CA (CT)",0,1318,1318,0,3813,3813
6037482202,"Los Angeles, CA (CT)",0,1669,1669,0,5229,5229
6037482301,"Los Angeles, CA (CT)",0,1378,1378,0,5162,5162
6037482303,"Los Angeles, CA (CT)",0,1568,1568,0,5818,5818
6037482304,"Los Angeles, CA (CT)",0,943,943,0,3556,3556
6037482401,"Los Angeles, CA (CT)",0,957,957,0,3761,3761
6037482402,"Los Angeles, CA (CT)",0,2137,2137,0,6971,6971
6037482502,"Los Angeles, CA (CT)",0,913,913,0,3373,3373
6037482503,"Los Angeles, CA (CT)",0,1066,1066,0,4357,4357
6037482521,"Los Angeles, CA (CT)",0,1585,1585,0,5754,5754
6037482522,"Los Angeles, CA (CT)",0,1560,1560,0,4269,4269
6037482600,"Los Angeles, CA (CT)",0,2433,2433,0,6866,6866
6037482701,"Los Angeles, CA (CT)",0,1411,1411,0,4298,4298
6037482702,"Los Angeles, CA (CT)",0,829,829,0,2397,2397
6037482800,"Los Angeles, CA (CT)",0,1381,1381,0,4074,4074
6037500100,"Los Angeles, CA (CT)",0,1242,1242,0,3540,3540
6037500201,"Los Angeles, CA (CT)",0,2076,2076,0,6179,6179
6037500202,"Los Angeles, CA (CT)",0,1673,1673,0,4935,4935
6037500300,"Los Angeles, CA (CT)",0,1085,1085,0,2903,2903
6037500402,"Los Angeles, CA (CT)",0,1233,1233,0,4910,4910
6037500403,"Los Angeles, CA (CT)",0,1059,1059,0,4023,4023
6037500404,"Los Angeles, CA (CT)",0,1331,1331,0,4795,4795
6037500500,"Los Angeles, CA (CT)",0,908,908,0,2950,2950
6037500600,"Los Angeles, CA (CT)",0,1421,1421,0,5688,5688
6037500700,"Los Angeles, CA (CT)",0,1807,1807,0,6496,6496
6037500800,"Los Angeles, CA (CT)",0,1436,1436,0,5470,5470
6037500900,"Los Angeles, CA (CT)",0,1668,1668,0,5719,5719
6037501001,"Los Angeles, CA (CT)",0,752,752,0,3248,3248
6037501002,"Los Angeles, CA (CT)",0,1415,1415,0,4861,4861
6037501200,"Los Angeles, CA (CT)",0,1545,1545,0,5057,5057
6037501300,"Los Angeles, CA (CT)",0,2545,2545,0,7238,7238
6037501400,"Los Angeles, CA (CT)",0,1326,1326,0,3978,3978
6037501501,"Los Angeles, CA (CT)",0,892,892,0,2244,2244
6037501503,"Los Angeles, CA (CT)",0,2101,2101,0,5016,5016
6037501504,"Los Angeles, CA (CT)",0,1673,1673,0,3592,3592
6037501600,"Los Angeles, CA (CT)",0,2385,2385,0,7190,7190
6037501700,"Los Angeles, CA (CT)",0,1315,1315,0,3695,3695
6037501802,"Los Angeles, CA (CT)",0,1307,1307,0,3326,3326
6037501803,"Los Angeles, CA (CT)",0,1554,1554,0,4705,4705
6037501804,"Los Angeles, CA (CT)",0,830,830,0,2131,2131
6037501900,"Los Angeles, CA (CT)",0,1385,1385,0,4213,4213
6037502003,"Los Angeles, CA (CT)",0,821,821,0,2693,2693
6037502004,"Los Angeles, CA (CT)",0,1013,1013,0,4359,4359
6037502005,"Los Angeles, CA (CT)",0,1286,1286,0,4251,4251
6037502100,"Los Angeles, CA (CT)",0,1569,1569,0,5110,5110
6037502200,"Los Angeles, CA (CT)",0,1859,1859,0,6585,6585
6037502301,"Los Angeles, CA (CT)",0,1352,1352,0,5461,5461
6037502302,"Los Angeles, CA (CT)",0,773,773,0,3000,3000
6037502401,"Los Angeles, CA (CT)",0,1283,1283,0,4747,4747
6037502402,"Los Angeles, CA (CT)",0,973,973,0,3755,3755
6037502500,"Los Angeles, CA (CT)",0,1115,1115,0,4215,4215
6037502601,"Los Angeles, CA (CT)",0,1830,1830,0,7145,7145
6037502602,"Los Angeles, CA (CT)",0,1369,1369,0,4321,4321
6037502700,"Los Angeles, CA (CT)",0,1948,1948,0,6956,6956
6037502801,"Los Angeles, CA (CT)",0,1785,1785,0,6186,6186
6037502802,"Los Angeles, CA (CT)",0,782,782,0,1380,1380
6037502901,"Los Angeles, CA (CT)",0,1414,1414,0,5413,5413
6037502902,"Los Angeles, CA (CT)",0,939,939,0,4043,4043
6037503000,"Los Angeles, CA (CT)",0,1289,1289,0,6057,6057
6037503103,"Los Angeles, CA (CT)",0,1159,1159,0,5004,5004
6037503104,"Los Angeles, CA (CT)",0,612,612,0,2719,2719
6037503105,"Los Angeles, CA (CT)",0,1028,1028,0,3634,3634
6037503106,"Los Angeles, CA (CT)",0,1137,1137,0,3795,3795
6037503201,"Los Angeles, CA (CT)",0,1138,1138,0,3912,3912
6037503202,"Los Angeles, CA (CT)",0,1285,1285,0,4462,4462
6037503301,"Los Angeles, CA (CT)",0,1096,1096,0,3394,3394
6037503302,"Los Angeles, CA (CT)",0,1906,1906,0,6271,6271
6037503401,"Los Angeles, CA (CT)",0,2454,2454,0,6529,6529
6037503402,"Los Angeles, CA (CT)",0,1475,1475,0,4273,4273
6037503501,"Los Angeles, CA (CT)",0,2009,2009,0,6481,6481
6037503502,"Los Angeles, CA (CT)",0,1273,1273,0,4130,4130
6037503601,"Los Angeles, CA (CT)",0,1234,1234,0,4168,4168
6037503602,"Los Angeles, CA (CT)",0,1255,1255,0,3793,3793
6037503701,"Los Angeles, CA (CT)",0,1683,1683,0,4717,4717
6037503702,"Los Angeles, CA (CT)",0,1708,1708,0,5040,5040
6037503703,"Los Angeles, CA (CT)",0,3147,3147,0,7876,7876
6037503801,"Los Angeles, CA (CT)",0,1253,1253,0,4080,4080
6037503802,"Los Angeles, CA (CT)",0,1654,1654,0,5054,5054
6037503901,"Los Angeles, CA (CT)",0,830,830,0,2702,2702
6037503902,"Los Angeles, CA (CT)",0,1442,1442,0,4636,4636
6037504001,"Los Angeles, CA (CT)",0,1234,1234,0,5709,5709
6037504002,"Los Angeles, CA (CT)",0,1613,1613,0,5383,5383
6037504101,"Los Angeles, CA (CT)",0,1430,1430,0,5126,5126
6037504102,"Los Angeles, CA (CT)",0,7,7,0,22,22
6037530003,"Los Angeles, CA (CT)",0,975,975,0,2983,2983
6037530004,"Los Angeles, CA (CT)",0,1258,1258,0,3695,3695
6037530005,"Los Angeles, CA (CT)",0,1483,1483,0,4346,4346
6037530006,"Los Angeles, CA (CT)",0,1505,1505,0,3963,3963
6037530101,"Los Angeles, CA (CT)",0,1716,1716,0,5400,5400
6037530102,"Los Angeles, CA (CT)",0,1691,1691,0,5116,5116
6037530202,"Los Angeles, CA (CT)",0,1271,1271,0,4063,4063
6037530203,"Los Angeles, CA (CT)",0,1089,1089,0,3238,3238
6037530204,"Los Angeles, CA (CT)",0,1175,1175,0,3682,3682
6037530301,"Los Angeles, CA (CT)",0,619,619,0,2168,2168
6037530302,"Los Angeles, CA (CT)",0,1836,1836,0,6556,6556
6037530400,"Los Angeles, CA (CT)",0,1256,1256,0,3683,3683
6037530500,"Los Angeles, CA (CT)",0,1182,1182,0,4567,4567
6037530601,"Los Angeles, CA (CT)",0,876,876,0,3431,3431
6037530602,"Los Angeles, CA (CT)",0,392,392,0,1590,1590
6037530700,"Los Angeles, CA (CT)",0,563,563,0,2213,2213
6037530801,"Los Angeles, CA (CT)",0,1525,1525,0,6325,6325
6037530802,"Los Angeles, CA (CT)",0,922,922,0,3668,3668
6037530901,"Los Angeles, CA (CT)",0,945,945,0,4080,4080
6037530902,"Los Angeles, CA (CT)",0,1152,1152,0,4160,4160
6037531000,"Los Angeles, CA (CT)",0,1368,1368,0,5629,5629
6037531101,"Los Angeles, CA (CT)",0,1272,1272,0,5091,5091
6037531102,"Los Angeles, CA (CT)",0,908,908,0,3548,3548
6037531201,"Los Angeles, CA (CT)",0,1263,1263,0,5335,5335
6037531202,"Los Angeles, CA (CT)",0,1144,1144,0,4747,4747
6037531301,"Los Angeles, CA (CT)",0,1302,1302,0,5601,5601
6037531302,"Los Angeles, CA (CT)",0,1536,1536,0,6709,6709
6037531502,"Los Angeles, CA (CT)",0,800,800,0,3273,3273
6037531503,"Los Angeles, CA (CT)",0,772,772,0,3116,3116
6037531504,"Los Angeles, CA (CT)",0,1121,1121,0,4414,4414
6037531602,"Los Angeles, CA (CT)",0,1169,1169,0,4494,4494
6037531603,"Los Angeles, CA (CT)",0,877,877,0,3568,3568
6037531604,"Los Angeles, CA (CT)",0,923,923,0,3580,3580
6037531701,"Los Angeles, CA (CT)",0,1395,1395,0,5718,5718
6037531702,"Los Angeles, CA (CT)",0,1330,1330,0,4754,4754
6037531800,"Los Angeles, CA (CT)",0,1325,1325,0,5066,5066
6037531901,"Los Angeles, CA (CT)",0,1744,1744,0,6529,6529
6037531902,"Los Angeles, CA (CT)",0,1126,1126,0,4077,4077
6037532001,"Los Angeles, CA (CT)",0,1074,1074,0,3415,3415
6037532002,"Los Angeles, CA (CT)",0,941,941,0,3151,3151
6037532101,"Los Angeles, CA (CT)",0,1779,1779,0,6663,6663
6037532102,"Los Angeles, CA (CT)",0,1014,1014,0,3574,3574
6037532200,"Los Angeles, CA (CT)",0,1806,1806,0,6836,6836
6037532302,"Los Angeles, CA (CT)",0,1151,1151,0,4707,4707
6037532303,"Los Angeles, CA (CT)",0,1282,1282,0,4464,4464
6037532304,"Los Angeles, CA (CT)",0,1037,1037,0,3987,3987
6037532400,"Los Angeles, CA (CT)",0,29,29,0,112,112
6037532500,"Los Angeles, CA (CT)",0,1123,1123,0,4078,4078
6037532603,"Los Angeles, CA (CT)",0,785,785,0,3319,3319
6037532604,"Los Angeles, CA (CT)",0,697,697,0,2806,2806
6037532605,"Los Angeles, CA (CT)",0,1141,1141,0,3715,3715
6037532606,"Los Angeles, CA (CT)",0,1276,1276,0,4284,4284
6037532700,"Los Angeles, CA (CT)",0,661,661,0,2990,2990
6037532800,"Los Angeles, CA (CT)",0,1052,1052,0,4409,4409
6037532900,"Los Angeles, CA (CT)",0,1661,1661,0,6681,6681
6037533001,"Los Angeles, CA (CT)",0,1067,1067,0,4527,4527
6037533002,"Los Angeles, CA (CT)",0,649,649,0,2822,2822
6037533103,"Los Angeles, CA (CT)",0,874,874,0,3577,3577
6037533104,"Los Angeles, CA (CT)",0,1312,1312,0,4356,4356
6037533105,"Los Angeles, CA (CT)",0,648,648,0,2580,2580
6037533106,"Los Angeles, CA (CT)",0,433,433,0,1743,1743
6037533107,"Los Angeles, CA (CT)",0,1009,1009,0,3645,3645
6037533201,"Los Angeles, CA (CT)",0,688,688,0,2805,2805
6037533202,"Los Angeles, CA (CT)",0,656,656,0,2762,2762
6037533203,"Los Angeles, CA (CT)",0,448,448,0,1827,1827
6037533300,"Los Angeles, CA (CT)",0,870,870,0,3558,3558
6037533401,"Los Angeles, CA (CT)",0,1193,1193,0,5004,5004
6037533402,"Los Angeles, CA (CT)",0,1036,1036,0,4105,4105
6037533403,"Los Angeles, CA (CT)",0,745,745,0,2973,2973
6037533501,"Los Angeles, CA (CT)",0,769,769,0,3090,3090
6037533502,"Los Angeles, CA (CT)",0,504,504,0,2143,2143
6037533503,"Los Angeles, CA (CT)",0,485,485,0,1920,1920
6037533601,"Los Angeles, CA (CT)",0,1113,1113,0,4484,4484
6037533602,"Los Angeles, CA (CT)",0,1432,1432,0,5420,5420
6037533603,"Los Angeles, CA (CT)",0,1784,1784,0,6617,6617
6037533701,"Los Angeles, CA (CT)",0,1028,1028,0,3934,3934
6037533702,"Los Angeles, CA (CT)",0,870,870,0,3585,3585
6037533703,"Los Angeles, CA (CT)",0,1024,1024,0,4236,4236
6037533803,"Los Angeles, CA (CT)",0,1686,1686,0,6309,6309
6037533804,"Los Angeles, CA (CT)",0,1204,1204,0,4543,4543
6037533805,"Los Angeles, CA (CT)",0,946,946,0,3604,3604
6037533806,"Los Angeles, CA (CT)",0,1052,1052,0,4165,4165
6037533901,"Los Angeles, CA (CT)",0,1454,1454,0,6065,6065
6037533902,"Los Angeles, CA (CT)",0,983,983,0,4051,4051
6037534001,"Los Angeles, CA (CT)",0,1312,1312,0,5613,5613
6037534002,"Los Angeles, CA (CT)",0,1024,1024,0,4352,4352
6037534101,"Los Angeles, CA (CT)",0,524,524,0,2295,2295
6037534102,"Los Angeles, CA (CT)",0,1501,1501,0,6263,6263
6037534201,"Los Angeles, CA (CT)",0,1011,1011,0,4439,4439
6037534202,"Los Angeles, CA (CT)",0,1303,1303,0,5790,5790
6037534203,"Los Angeles, CA (CT)",0,874,874,0,3204,3204
6037534301,"Los Angeles, CA (CT)",0,1193,1193,0,4636,4636
6037534302,"Los Angeles, CA (CT)",0,835,835,0,3673,3673
6037534403,"Los Angeles, CA (CT)",0,732,732,0,2948,2948
6037534404,"Los Angeles, CA (CT)",0,954,954,0,3647,3647
6037534405,"Los Angeles, CA (CT)",0,995,995,0,4292,4292
6037534406,"Los Angeles, CA (CT)",0,1061,1061,0,4609,4609
6037534501,"Los Angeles, CA (CT)",0,1281,1281,0,5201,5201
6037534502,"Los Angeles, CA (CT)",0,1022,1022,0,4257,4257
6037534700,"Los Angeles, CA (CT)",0,955,955,0,4283,4283
6037534802,"Los Angeles, CA (CT)",0,699,699,0,2875,2875
6037534803,"Los Angeles, CA (CT)",0,1175,1175,0,4930,4930
6037534804,"Los Angeles, CA (CT)",0,915,915,0,3878,3878
6037534900,"Los Angeles, CA (CT)",0,1494,1494,0,6569,6569
6037535001,"Los Angeles, CA (CT)",0,1040,1040,0,4325,4325
6037535002,"Los Angeles, CA (CT)",0,797,797,0,3681,3681
6037535101,"Los Angeles, CA (CT)",0,1768,1768,0,7306,7306
6037535102,"Los Angeles, CA (CT)",0,1075,1075,0,4517,4517
6037535200,"Los Angeles, CA (CT)",0,1308,1308,0,5820,5820
6037535300,"Los Angeles, CA (CT)",0,1442,1442,0,6251,6251
6037535400,"Los Angeles, CA (CT)",0,751,751,0,3495,3495
6037535501,"Los Angeles, CA (CT)",0,1058,1058,0,3866,3866
6037535502,"Los Angeles, CA (CT)",0,1250,1250,0,4958,4958
6037535503,"Los Angeles, CA (CT)",0,650,650,0,2497,2497
6037535603,"Los Angeles, CA (CT)",0,886,886,0,3493,3493
6037535604,"Los Angeles, CA (CT)",0,1033,1033,0,4435,4435
6037535605,"Los Angeles, CA (CT)",0,1100,1100,0,4153,4153
6037535606,"Los Angeles, CA (CT)",0,485,485,0,1860,1860
6037535607,"Los Angeles, CA (CT)",0,1088,1088,0,4775,4775
6037535701,"Los Angeles, CA (CT)",0,1522,1522,0,6050,6050
6037535702,"Los Angeles, CA (CT)",0,1419,1419,0,5522,5522
6037535802,"Los Angeles, CA (CT)",0,1710,1710,0,6814,6814
6037535803,"Los Angeles, CA (CT)",0,1097,1097,0,4458,4458
6037535804,"Los Angeles, CA (CT)",0,1379,1379,0,5498,5498
6037535901,"Los Angeles, CA (CT)",0,1437,1437,0,5757,5757
6037535902,"Los Angeles, CA (CT)",0,1563,1563,0,6519,6519
6037536000,"Los Angeles, CA (CT)",0,1006,1006,0,3720,3720
6037536102,"Los Angeles, CA (CT)",0,1068,1068,0,3164,3164
6037536103,"Los Angeles, CA (CT)",0,1450,1450,0,5516,5516
6037536104,"Los Angeles, CA (CT)",0,1061,1061,0,4052,4052
6037536200,"Los Angeles, CA (CT)",0,1898,1898,0,7289,7289
6037540000,"Los Angeles, CA (CT)",0,1560,1560,0,6973,6973
6037540101,"Los Angeles, CA (CT)",0,1446,1446,0,6483,6483
6037540102,"Los Angeles, CA (CT)",0,1518,1518,0,6972,6972
6037540201,"Los Angeles, CA (CT)",0,574,574,0,2370,2370
6037540202,"Los Angeles, CA (CT)",0,1629,1629,0,6845,6845
6037540203,"Los Angeles, CA (CT)",0,1309,1309,0,5594,5594
6037540300,"Los Angeles, CA (CT)",0,1174,1174,0,5267,5267
6037540400,"Los Angeles, CA (CT)",0,483,483,0,2384,2384
6037540501,"Los Angeles, CA (CT)",0,1095,1095,0,6943,6943
6037540502,"Los Angeles, CA (CT)",0,1486,1486,0,6552,6552
6037540600,"Los Angeles, CA (CT)",0,1144,1144,0,4271,4271
6037540700,"Los Angeles, CA (CT)",0,778,778,0,3014,3014
6037540800,"Los Angeles, CA (CT)",0,1835,1835,0,5042,5042
6037540901,"Los Angeles, CA (CT)",0,1228,1228,0,4994,4994
6037540902,"Los Angeles, CA (CT)",0,1399,1399,0,4506,4506
6037541001,"Los Angeles, CA (CT)",0,354,354,0,1164,1164
6037541002,"Los Angeles, CA (CT)",0,1046,1046,0,3209,3209
6037541100,"Los Angeles, CA (CT)",0,913,913,0,3321,3321
6037541200,"Los Angeles, CA (CT)",0,1874,1874,0,5662,5662
6037541300,"Los Angeles, CA (CT)",0,1510,1510,0,6044,6044
6037541400,"Los Angeles, CA (CT)",0,1630,1630,0,7312,7312
6037541500,"Los Angeles, CA (CT)",0,1311,1311,0,5836,5836
6037541603,"Los Angeles, CA (CT)",0,686,686,0,2983,2983
6037541604,"Los Angeles, CA (CT)",0,1500,1500,0,6207,6207
6037541605,"Los Angeles, CA (CT)",0,1312,1312,0,5323,5323
6037541606,"Los Angeles, CA (CT)",0,578,578,0,2506,2506
6037541700,"Los Angeles, CA (CT)",0,1392,1392,0,6366,6366
6037541801,"Los Angeles, CA (CT)",0,1168,1168,0,4903,4903
6037541802,"Los Angeles, CA (CT)",0,1133,1133,0,5431,5431
6037542000,"Los Angeles, CA (CT)",0,1240,1240,0,5732,5732
6037542103,"Los Angeles, CA (CT)",0,915,915,0,4114,4114
6037542104,"Los Angeles, CA (CT)",0,736,736,0,3524,3524
6037542105,"Los Angeles, CA (CT)",0,1093,1093,0,5200,5200
6037542106,"Los Angeles, CA (CT)",0,703,703,0,3373,3373
6037542200,"Los Angeles, CA (CT)",0,1610,1610,0,6962,6962
6037542401,"Los Angeles, CA (CT)",0,1258,1258,0,4912,4912
6037542402,"Los Angeles, CA (CT)",0,799,799,0,3152,3152
6037542501,"Los Angeles, CA (CT)",0,1201,1201,0,4307,4307
6037542502,"Los Angeles, CA (CT)",0,1340,1340,0,4284,4284
6037542601,"Los Angeles, CA (CT)",0,702,702,0,3016,3016
6037542602,"Los Angeles, CA (CT)",0,1424,1424,0,5496,5496
6037542700,"Los Angeles, CA (CT)",0,1357,1357,0,5720,5720
6037542800,"Los Angeles, CA (CT)",0,902,902,0,3123,3123
6037542900,"Los Angeles, CA (CT)",0,766,766,0,3285,3285
6037543000,"Los Angeles, CA (CT)",0,1233,1233,0,4345,4345
6037543100,"Los Angeles, CA (CT)",0,1786,1786,0,6759,6759
6037543201,"Los Angeles, CA (CT)",0,928,928,0,3607,3607
6037543202,"Los Angeles, CA (CT)",0,1202,1202,0,4867,4867
6037543304,"Los Angeles, CA (CT)",0,1995,1995,0,6061,6061
6037543305,"Los Angeles, CA (CT)",0,1043,1043,0,2666,2666
6037543306,"Los Angeles, CA (CT)",0,2173,2173,0,7214,7214
6037543321,"Los Angeles, CA (CT)",0,1821,1821,0,5418,5418
6037543322,"Los Angeles, CA (CT)",0,2121,2121,0,6611,6611
6037543400,"Los Angeles, CA (CT)",0,984,984,0,4090,4090
6037543501,"Los Angeles, CA (CT)",0,2121,2121,0,6805,6805
6037543502,"Los Angeles, CA (CT)",0,1499,1499,0,4560,4560
6037543503,"Los Angeles, CA (CT)",0,1776,1776,0,5687,5687
6037543601,"Los Angeles, CA (CT)",0,1096,1096,0,3910,3910
6037543602,"Los Angeles, CA (CT)",0,2663,2663,0,7762,7762
6037543603,"Los Angeles, CA (CT)",0,1488,1488,0,3690,3690
6037543604,"Los Angeles, CA (CT)",0,1447,1447,0,5620,5620
6037543701,"Los Angeles, CA (CT)",0,670,670,0,2994,2994
6037543702,"Los Angeles, CA (CT)",0,1914,1914,0,7083,7083
6037543703,"Los Angeles, CA (CT)",0,976,976,0,3472,3472
6037543801,"Los Angeles, CA (CT)",0,1540,1540,0,5263,5263
6037543802,"Los Angeles, CA (CT)",0,2065,2065,0,7126,7126
6037543903,"Los Angeles, CA (CT)",0,991,991,0,3804,3804
6037543905,"Los Angeles, CA (CT)",0,991,991,0,4510,4510
6037544001,"Los Angeles, CA (CT)",0,1245,1245,0,4791,4791
6037544002,"Los Angeles, CA (CT)",0,841,841,0,3142,3142
6037550000,"Los Angeles, CA (CT)",0,171,171,0,1146,1146
6037550100,"Los Angeles, CA (CT)",0,1888,1888,0,7518,7518
6037550201,"Los Angeles, CA (CT)",0,818,818,0,2941,2941
6037550202,"Los Angeles, CA (CT)",0,1468,1468,0,5496,5496
6037550300,"Los Angeles, CA (CT)",0,2170,2170,0,7727,7727
6037550400,"Los Angeles, CA (CT)",0,415,415,0,1534,1534
6037550500,"Los Angeles, CA (CT)",0,2436,2436,0,7809,7809
6037550601,"Los Angeles, CA (CT)",0,1779,1779,0,5639,5639
6037550602,"Los Angeles, CA (CT)",0,1286,1286,0,4211,4211
6037550700,"Los Angeles, CA (CT)",0,2083,2083,0,6921,6921
6037550800,"Los Angeles, CA (CT)",0,2288,2288,0,7170,7170
6037550901,"Los Angeles, CA (CT)",0,1426,1426,0,3762,3762
6037550902,"Los Angeles, CA (CT)",0,1998,1998,0,5572,5572
6037551000,"Los Angeles, CA (CT)",0,2381,2381,0,7200,7200
6037551101,"Los Angeles, CA (CT)",0,1240,1240,0,3926,3926
6037551102,"Los Angeles, CA (CT)",0,1784,1784,0,5503,5503
6037551201,"Los Angeles, CA (CT)",0,1173,1173,0,3588,3588
6037551202,"Los Angeles, CA (CT)",0,2359,2359,0,7666,7666
6037551300,"Los Angeles, CA (CT)",0,1964,1964,0,5422,5422
6037551401,"Los Angeles, CA (CT)",0,1468,1468,0,4290,4290
6037551402,"Los Angeles, CA (CT)",0,1360,1360,0,4468,4468
6037551501,"Los Angeles, CA (CT)",0,1574,1574,0,4869,4869
6037551502,"Los Angeles, CA (CT)",0,1271,1271,0,4250,4250
6037551600,"Los Angeles, CA (CT)",0,0,0,0,31,31
6037551700,"Los Angeles, CA (CT)",0,1783,1783,0,6547,6547
6037551800,"Los Angeles, CA (CT)",0,2504,2504,0,7533,7533
6037551900,"Los Angeles, CA (CT)",0,1471,1471,0,5344,5344
6037552001,"Los Angeles, CA (CT)",0,1011,1011,0,4105,4105
6037552002,"Los Angeles, CA (CT)",0,1022,1022,0,3721,3721
6037552100,"Los Angeles, CA (CT)",0,1881,1881,0,5891,5891
6037552200,"Los Angeles, CA (CT)",0,1940,1940,0,6835,6835
6037552301,"Los Angeles, CA (CT)",0,1313,1313,0,4900,4900
6037552302,"Los Angeles, CA (CT)",0,1268,1268,0,3648,3648
6037552400,"Los Angeles, CA (CT)",0,599,599,0,2794,2794
6037552601,"Los Angeles, CA (CT)",0,1169,1169,0,5720,5720
6037552602,"Los Angeles, CA (CT)",0,1123,1123,0,4191,4191
6037552700,"Los Angeles, CA (CT)",0,1769,1769,0,6985,6985
6037552800,"Los Angeles, CA (CT)",0,1642,1642,0,6401,6401
6037552900,"Los Angeles, CA (CT)",0,1981,1981,0,6881,6881
6037553000,"Los Angeles, CA (CT)",0,1231,1231,0,4825,4825
6037553100,"Los Angeles, CA (CT)",0,2025,2025,0,6298,6298
6037553200,"Los Angeles, CA (CT)",0,2038,2038,0,7055,7055
6037553300,"Los Angeles, CA (CT)",0,1072,1072,0,3390,3390
6037553400,"Los Angeles, CA (CT)",0,1029,1029,0,3861,3861
6037553502,"Los Angeles, CA (CT)",0,1336,1336,0,4183,4183
6037553503,"Los Angeles, CA (CT)",0,789,789,0,2768,2768
6037553504,"Los Angeles, CA (CT)",0,1360,1360,0,5368,5368
6037553601,"Los Angeles, CA (CT)",0,1275,1275,0,4750,4750
6037553602,"Los Angeles, CA (CT)",0,1356,1356,0,4730,4730
6037553701,"Los Angeles, CA (CT)",0,929,929,0,4176,4176
6037553702,"Los Angeles, CA (CT)",0,1126,1126,0,4902,4902
6037553801,"Los Angeles, CA (CT)",0,1058,1058,0,4174,4174
6037553802,"Los Angeles, CA (CT)",0,1971,1971,0,6342,6342
6037553901,"Los Angeles, CA (CT)",0,1722,1722,0,6896,6896
6037553902,"Los Angeles, CA (CT)",0,1649,1649,0,5809,5809
6037554001,"Los Angeles, CA (CT)",0,1241,1241,0,4171,4171
6037554002,"Los Angeles, CA (CT)",0,1844,1844,0,5659,5659
6037554101,"Los Angeles, CA (CT)",0,1102,1102,0,3799,3799
6037554103,"Los Angeles, CA (CT)",0,461,461,0,1572,1572
6037554104,"Los Angeles, CA (CT)",0,798,798,0,2600,2600
6037554105,"Los Angeles, CA (CT)",0,1608,1608,0,4569,4569
6037554201,"Los Angeles, CA (CT)",0,1212,1212,0,4108,4108
6037554203,"Los Angeles, CA (CT)",0,1227,1227,0,3689,3689
6037554204,"Los Angeles, CA (CT)",0,1735,1735,0,4391,4391
6037554301,"Los Angeles, CA (CT)",0,1040,1040,0,3554,3554
6037554302,"Los Angeles, CA (CT)",0,1227,1227,0,3916,3916
6037554403,"Los Angeles, CA (CT)",0,1810,1810,0,5483,5483
6037554404,"Los Angeles, CA (CT)",0,1424,1424,0,4447,4447
6037554405,"Los Angeles, CA (CT)",0,1279,1279,0,3040,3040
6037554406,"Los Angeles, CA (CT)",0,1754,1754,0,4875,4875
6037554511,"Los Angeles, CA (CT)",0,1233,1233,0,4029,4029
6037554512,"Los Angeles, CA (CT)",0,1924,1924,0,6108,6108
6037554513,"Los Angeles, CA (CT)",0,831,831,0,2507,2507
6037554514,"Los Angeles, CA (CT)",0,1471,1471,0,4322,4322
6037554515,"Los Angeles, CA (CT)",0,1168,1168,0,3703,3703
6037554516,"Los Angeles, CA (CT)",0,1209,1209,0,3902,3902
6037554517,"Los Angeles, CA (CT)",0,1559,1559,0,4883,4883
6037554518,"Los Angeles, CA (CT)",0,1671,1671,0,5435,5435
6037554519,"Los Angeles, CA (CT)",0,1241,1241,0,3613,3613
6037554521,"Los Angeles, CA (CT)",0,2022,2022,0,5752,5752
6037554522,"Los Angeles, CA (CT)",0,1530,1530,0,4787,4787
6037554600,"Los Angeles, CA (CT)",0,1338,1338,0,4374,4374
6037554700,"Los Angeles, CA (CT)",0,1027,1027,0,4874,4874
6037554801,"Los Angeles, CA (CT)",0,770,770,0,3366,3366
6037554802,"Los Angeles, CA (CT)",0,1805,1805,0,6165,6165
6037554900,"Los Angeles, CA (CT)",0,2122,2122,0,6991,6991
6037555001,"Los Angeles, CA (CT)",0,1603,1603,0,5411,5411
6037555002,"Los Angeles, CA (CT)",0,1152,1152,0,3475,3475
6037555102,"Los Angeles, CA (CT)",0,1957,1957,0,6526,6526
6037555103,"Los Angeles, CA (CT)",0,1523,1523,0,4727,4727
6037555104,"Los Angeles, CA (CT)",0,1367,1367,0,4239,4239
6037555202,"Los Angeles, CA (CT)",0,1171,1171,0,3399,3399
6037555211,"Los Angeles, CA (CT)",0,1306,1306,0,5818,5818
6037555212,"Los Angeles, CA (CT)",0,1231,1231,0,4561,4561
6037570001,"Los Angeles, CA (CT)",0,1526,1526,0,4463,4463
6037570002,"Los Angeles, CA (CT)",0,928,928,0,2699,2699
6037570003,"Los Angeles, CA (CT)",0,1464,1464,0,4447,4447
6037570100,"Los Angeles, CA (CT)",0,769,769,0,2837,2837
6037570202,"Los Angeles, CA (CT)",0,1638,1638,0,6415,6415
6037570203,"Los Angeles, CA (CT)",0,1208,1208,0,3973,3973
6037570204,"Los Angeles, CA (CT)",0,1141,1141,0,4130,4130
6037570301,"Los Angeles, CA (CT)",0,2248,2248,0,7330,7330
6037570303,"Los Angeles, CA (CT)",0,1207,1207,0,4247,4247
6037570304,"Los Angeles, CA (CT)",0,1496,1496,0,5171,5171
6037570402,"Los Angeles, CA (CT)",0,958,958,0,3496,3496
6037570403,"Los Angeles, CA (CT)",0,1218,1218,0,4587,4587
6037570404,"Los Angeles, CA (CT)",0,869,869,0,3501,3501
6037570501,"Los Angeles, CA (CT)",0,2170,2170,0,7419,7419
6037570502,"Los Angeles, CA (CT)",0,1864,1864,0,6616,6616
6037570601,"Los Angeles, CA (CT)",0,1629,1629,0,5421,5421
6037570602,"Los Angeles, CA (CT)",0,1889,1889,0,6356,6356
6037570603,"Los Angeles, CA (CT)",0,1772,1772,0,4435,4435
6037570701,"Los Angeles, CA (CT)",0,2598,2598,0,6569,6569
6037570702,"Los Angeles, CA (CT)",0,848,848,0,2433,2433
6037570800,"Los Angeles, CA (CT)",0,1911,1911,0,5540,5540
6037570901,"Los Angeles, CA (CT)",0,1920,1920,0,5647,5647
6037570902,"Los Angeles, CA (CT)",0,1288,1288,0,3616,3616
6037571000,"Los Angeles, CA (CT)",0,2020,2020,0,5747,5747
6037571101,"Los Angeles, CA (CT)",0,1596,1596,0,4574,4574
6037571102,"Los Angeles, CA (CT)",0,1360,1360,0,3877,3877
6037571200,"Los Angeles, CA (CT)",0,3150,3150,0,7828,7828
6037571300,"Los Angeles, CA (CT)",0,1572,1572,0,4414,4414
6037571400,"Los Angeles, CA (CT)",0,1759,1759,0,4770,4770
6037571502,"Los Angeles, CA (CT)",0,1845,1845,0,4661,4661
6037571503,"Los Angeles, CA (CT)",0,1283,1283,0,3700,3700
6037571504,"Los Angeles, CA (CT)",0,1916,1916,0,4699,4699
6037571600,"Los Angeles, CA (CT)",0,779,779,0,2039,2039
6037571701,"Los Angeles, CA (CT)",0,1838,1838,0,6352,6352
6037571703,"Los Angeles, CA (CT)",0,1117,1117,0,3667,3667
6037571704,"Los Angeles, CA (CT)",0,1180,1180,0,4107,4107
6037571800,"Los Angeles, CA (CT)",0,1406,1406,0,3190,3190
6037571900,"Los Angeles, CA (CT)",0,2432,2432,0,5509,5509
6037572001,"Los Angeles, CA (CT)",0,2261,2261,0,5278,5278
6037572002,"Los Angeles, CA (CT)",0,2171,2171,0,4409,4409
6037572100,"Los Angeles, CA (CT)",0,324,324,0,1045,1045
6037572201,"Los Angeles, CA (CT)",0,2196,2196,0,6197,6197
6037572202,"Los Angeles, CA (CT)",0,1113,1113,0,3609,3609
6037572301,"Los Angeles, CA (CT)",0,984,984,0,3833,3833
6037572302,"Los Angeles, CA (CT)",0,877,877,0,3483,3483
6037572400,"Los Angeles, CA (CT)",0,289,289,0,1152,1152
6037572500,"Los Angeles, CA (CT)",0,1301,1301,0,3365,3365
6037572600,"Los Angeles, CA (CT)",0,1278,1278,0,5370,5370
6037572700,"Los Angeles, CA (CT)",0,1385,1385,0,5499,5499
6037572800,"Los Angeles, CA (CT)",0,179,179,0,839,839
6037572900,"Los Angeles, CA (CT)",0,1329,1329,0,5250,5250
6037573002,"Los Angeles, CA (CT)",0,1164,1164,0,3990,3990
6037573003,"Los Angeles, CA (CT)",0,655,655,0,1802,1802
6037573004,"Los Angeles, CA (CT)",0,1640,1640,0,5153,5153
6037573100,"Los Angeles, CA (CT)",0,2430,2430,0,7165,7165
6037573201,"Los Angeles, CA (CT)",0,1446,1446,0,4930,4930
6037573202,"Los Angeles, CA (CT)",0,1649,1649,0,6230,6230
6037573300,"Los Angeles, CA (CT)",0,1120,1120,0,4323,4323
6037573401,"Los Angeles, CA (CT)",0,539,539,0,1439,1439
6037573402,"Los Angeles, CA (CT)",0,2494,2494,0,6430,6430
6037573403,"Los Angeles, CA (CT)",0,1372,1372,0,3208,3208
6037573601,"Los Angeles, CA (CT)",0,2333,2333,0,6114,6114
6037573700,"Los Angeles, CA (CT)",0,1760,1760,0,4554,4554
6037573800,"Los Angeles, CA (CT)",0,1569,1569,0,4284,4284
6037573902,"Los Angeles, CA (CT)",0,904,904,0,2091,2091
6037574000,"Los Angeles, CA (CT)",0,1998,1998,0,5277,5277
6037574100,"Los Angeles, CA (CT)",0,1979,1979,0,5098,5098
6037574201,"Los Angeles, CA (CT)",0,1128,1128,0,3117,3117
6037574202,"Los Angeles, CA (CT)",0,771,771,0,2161,2161
6037574300,"Los Angeles, CA (CT)",0,2279,2279,0,5795,5795
6037574400,"Los Angeles, CA (CT)",0,1975,1975,0,5141,5141
6037574500,"Los Angeles, CA (CT)",0,2354,2354,0,6357,6357
6037574601,"Los Angeles, CA (CT)",0,13,13,0,1863,1863
6037574602,"Los Angeles, CA (CT)",0,579,579,0,1277,1277
6037574700,"Los Angeles, CA (CT)",0,4,4,0,117,117
6037574800,"Los Angeles, CA (CT)",0,1600,1600,0,3000,3000
6037574901,"Los Angeles, CA (CT)",0,1461,1461,0,3725,3725
6037574902,"Los Angeles, CA (CT)",0,2051,2051,0,4783,4783
6037575001,"Los Angeles, CA (CT)",0,1775,1775,0,3608,3608
6037575002,"Los Angeles, CA (CT)",0,2060,2060,0,4627,4627
6037575101,"Los Angeles, CA (CT)",0,1514,1514,0,4754,4754
6037575102,"Los Angeles, CA (CT)",0,1285,1285,0,4510,4510
6037575103,"Los Angeles, CA (CT)",0,2075,2075,0,5119,5119
6037575201,"Los Angeles, CA (CT)",0,1364,1364,0,4667,4667
6037575202,"Los Angeles, CA (CT)",0,1301,1301,0,4916,4916
6037575300,"Los Angeles, CA (CT)",0,1433,1433,0,4947,4947
6037575401,"Los Angeles, CA (CT)",0,1283,1283,0,5155,5155
6037575402,"Los Angeles, CA (CT)",0,1042,1042,0,4065,4065
6037575500,"Los Angeles, CA (CT)",0,37,37,0,76,76
6037575801,"Los Angeles, CA (CT)",0,722,722,0,2446,2446
6037575802,"Los Angeles, CA (CT)",0,1678,1678,0,5167,5167
6037575803,"Los Angeles, CA (CT)",0,1305,1305,0,2837,2837
6037575901,"Los Angeles, CA (CT)",0,1460,1460,0,3454,3454
6037575902,"Los Angeles, CA (CT)",0,3145,3145,0,4762,4762
6037576001,"Los Angeles, CA (CT)",0,3950,3950,0,4969,4969
6037576200,"Los Angeles, CA (CT)",0,3106,3106,0,6158,6158
6037576301,"Los Angeles, CA (CT)",0,1730,1730,0,4176,4176
6037576302,"Los Angeles, CA (CT)",0,1269,1269,0,4101,4101
6037576401,"Los Angeles, CA (CT)",0,1314,1314,0,4779,4779
6037576402,"Los Angeles, CA (CT)",0,1410,1410,0,5181,5181
6037576403,"Los Angeles, CA (CT)",0,1562,1562,0,5033,5033
6037576501,"Los Angeles, CA (CT)",0,1594,1594,0,3369,3369
6037576502,"Los Angeles, CA (CT)",0,2154,2154,0,4543,4543
6037576503,"Los Angeles, CA (CT)",0,1972,1972,0,4454,4454
6037576601,"Los Angeles, CA (CT)",0,3115,3115,0,4399,4399
6037576602,"Los Angeles, CA (CT)",0,2916,2916,0,3995,3995
6037576700,"Los Angeles, CA (CT)",0,2358,2358,0,4047,4047
6037576801,"Los Angeles, CA (CT)",0,2221,2221,0,4325,4325
6037576802,"Los Angeles, CA (CT)",0,2020,2020,0,3992,3992
6037576901,"Los Angeles, CA (CT)",0,1929,1929,0,6092,6092
6037576903,"Los Angeles, CA (CT)",0,1367,1367,0,3802,3802
6037576904,"Los Angeles, CA (CT)",0,1299,1299,0,3288,3288
6037577000,"Los Angeles, CA (CT)",0,3433,3433,0,6995,6995
6037577100,"Los Angeles, CA (CT)",0,3574,3574,0,6700,6700
6037577200,"Los Angeles, CA (CT)",0,3450,3450,0,5414,5414
6037577300,"Los Angeles, CA (CT)",0,3567,3567,0,5547,5547
6037577400,"Los Angeles, CA (CT)",0,1843,1843,0,3253,3253
6037577501,"Los Angeles, CA (CT)",0,1826,1826,0,3435,3435
6037577504,"Los Angeles, CA (CT)",0,920,920,0,1448,1448
6037577602,"Los Angeles, CA (CT)",0,1833,1833,0,3441,3441
6037577603,"Los Angeles, CA (CT)",0,3981,3981,0,8255,8255
6037577604,"Los Angeles, CA (CT)",0,903,903,0,1388,1388
6037599000,"Los Angeles, CA (CT)",0,2218,2218,0,3569,3569
6037599100,"Los Angeles, CA (CT)",239,26,265,444,83,527
6037600100,"Los Angeles, CA (CT)",0,2160,2160,0,6657,6657
6037600201,"Los Angeles, CA (CT)",0,1381,1381,0,4600,4600
6037600202,"Los Angeles, CA (CT)",0,2118,2118,0,6205,6205
6037600302,"Los Angeles, CA (CT)",0,1103,1103,0,3317,3317
6037600303,"Los Angeles, CA (CT)",0,1234,1234,0,3664,3664
6037600304,"Los Angeles, CA (CT)",0,1108,1108,0,3424,3424
6037600400,"Los Angeles, CA (CT)",0,1484,1484,0,3986,3986
6037600501,"Los Angeles, CA (CT)",0,925,925,0,2478,2478
6037600502,"Los Angeles, CA (CT)",0,681,681,0,2355,2355
6037600601,"Los Angeles, CA (CT)",0,994,994,0,2461,2461
6037600602,"Los Angeles, CA (CT)",0,782,782,0,2551,2551
6037600702,"Los Angeles, CA (CT)",0,1459,1459,0,4191,4191
6037600703,"Los Angeles, CA (CT)",0,979,979,0,1914,1914
6037600704,"Los Angeles, CA (CT)",0,1282,1282,0,2971,2971
6037600801,"Los Angeles, CA (CT)",0,1285,1285,0,3245,3245
6037600802,"Los Angeles, CA (CT)",0,1198,1198,0,2597,2597
6037600902,"Los Angeles, CA (CT)",0,2632,2632,0,6613,6613
6037600911,"Los Angeles, CA (CT)",0,1178,1178,0,3349,3349
6037600912,"Los Angeles, CA (CT)",0,1572,1572,0,5517,5517
6037601001,"Los Angeles, CA (CT)",0,1133,1133,0,2154,2154
6037601002,"Los Angeles, CA (CT)",0,2108,2108,0,5311,5311
6037601100,"Los Angeles, CA (CT)",0,2252,2252,0,6533,6533
6037601202,"Los Angeles, CA (CT)",0,1065,1065,0,4115,4115
6037601211,"Los Angeles, CA (CT)",0,1126,1126,0,2823,2823
6037601212,"Los Angeles, CA (CT)",0,2116,2116,0,6511,6511
6037601301,"Los Angeles, CA (CT)",0,799,799,0,1915,1915
6037601302,"Los Angeles, CA (CT)",0,3012,3012,0,6856,6856
6037601303,"Los Angeles, CA (CT)",0,2137,2137,0,4879,4879
6037601401,"Los Angeles, CA (CT)",0,1589,1589,0,4683,4683
6037601402,"Los Angeles, CA (CT)",0,1405,1405,0,5059,5059
6037601501,"Los Angeles, CA (CT)",0,1086,1086,0,3890,3890
6037601502,"Los Angeles, CA (CT)",0,903,903,0,3963,3963
6037601600,"Los Angeles, CA (CT)",0,1084,1084,0,4375,4375
6037601700,"Los Angeles, CA (CT)",0,1352,1352,0,5646,5646
6037601801,"Los Angeles, CA (CT)",0,875,875,0,3789,3789
6037601802,"Los Angeles, CA (CT)",0,1044,1044,0,4658,4658
6037601900,"Los Angeles, CA (CT)",0,1360,1360,0,5685,5685
6037602002,"Los Angeles, CA (CT)",0,888,888,0,3195,3195
6037602003,"Los Angeles, CA (CT)",0,1347,1347,0,5124,5124
6037602004,"Los Angeles, CA (CT)",0,1107,1107,0,4126,4126
6037602103,"Los Angeles, CA (CT)",0,2208,2208,0,6992,6992
6037602104,"Los Angeles, CA (CT)",0,1742,1742,0,5416,5416
6037602105,"Los Angeles, CA (CT)",0,1423,1423,0,4273,4273
6037602106,"Los Angeles, CA (CT)",0,2216,2216,0,5702,5702
6037602200,"Los Angeles, CA (CT)",0,2635,2635,0,7314,7314
6037602301,"Los Angeles, CA (CT)",0,1984,1984,0,6265,6265
6037602302,"Los Angeles, CA (CT)",0,1412,1412,0,3477,3477
6037602402,"Los Angeles, CA (CT)",0,2248,2248,0,6769,6769
6037602403,"Los Angeles, CA (CT)",0,1762,1762,0,5230,5230
6037602404,"Los Angeles, CA (CT)",0,2030,2030,0,5863,5863
6037602504,"Los Angeles, CA (CT)",0,1792,1792,0,4407,4407
6037602505,"Los Angeles, CA (CT)",0,1717,1717,0,4072,4072
6037602506,"Los Angeles, CA (CT)",0,1731,1731,0,4329,4329
6037602507,"Los Angeles, CA (CT)",0,1711,1711,0,4156,4156
6037602508,"Los Angeles, CA (CT)",0,2534,2534,0,7022,7022
6037602509,"Los Angeles, CA (CT)",0,1135,1135,0,4118,4118
6037602600,"Los Angeles, CA (CT)",0,2825,2825,0,7910,7910
6037602700,"Los Angeles, CA (CT)",0,1100,1100,0,3045,3045
6037602801,"Los Angeles, CA (CT)",0,1152,1152,0,3819,3819
6037602802,"Los Angeles, CA (CT)",0,1303,1303,0,4304,4304
6037602900,"Los Angeles, CA (CT)",0,1346,1346,0,4427,4427
6037603001,"Los Angeles, CA (CT)",0,2464,2464,0,7139,7139
6037603004,"Los Angeles, CA (CT)",0,664,664,0,1512,1512
6037603005,"Los Angeles, CA (CT)",0,1948,1948,0,5591,5591
6037603006,"Los Angeles, CA (CT)",0,854,854,0,2035,2035
6037603101,"Los Angeles, CA (CT)",0,1638,1638,0,4244,4244
6037603102,"Los Angeles, CA (CT)",0,1476,1476,0,4084,4084
6037603200,"Los Angeles, CA (CT)",0,1140,1140,0,2777,2777
6037603301,"Los Angeles, CA (CT)",0,1611,1611,0,3828,3828
6037603302,"Los Angeles, CA (CT)",0,1576,1576,0,3804,3804
6037603400,"Los Angeles, CA (CT)",0,1537,1537,0,4367,4367
6037603500,"Los Angeles, CA (CT)",0,947,947,0,3074,3074
6037603600,"Los Angeles, CA (CT)",0,1446,1446,0,4037,4037
6037603702,"Los Angeles, CA (CT)",0,1665,1665,0,5087,5087
6037603703,"Los Angeles, CA (CT)",0,848,848,0,2703,2703
6037603704,"Los Angeles, CA (CT)",0,2136,2136,0,6348,6348
6037603801,"Los Angeles, CA (CT)",0,1470,1470,0,4483,4483
6037603802,"Los Angeles, CA (CT)",0,1173,1173,0,4153,4153
6037603900,"Los Angeles, CA (CT)",0,2446,2446,0,7527,7527
6037604001,"Los Angeles, CA (CT)",0,1330,1330,0,4470,4470
6037604002,"Los Angeles, CA (CT)",0,1635,1635,0,5078,5078
6037604100,"Los Angeles, CA (CT)",0,2097,2097,0,7058,7058
6037609900,"Los Angeles, CA (CT)",0,663,663,0,2034,2034
6037620001,"Los Angeles, CA (CT)",0,1632,1632,0,3943,3943
6037620002,"Los Angeles, CA (CT)",0,1634,1634,0,3609,3609
6037620101,"Los Angeles, CA (CT)",0,2344,2344,0,5426,5426
6037620102,"Los Angeles, CA (CT)",0,1792,1792,0,3617,3617
6037620201,"Los Angeles, CA (CT)",0,1012,1012,0,1530,1530
6037620301,"Los Angeles, CA (CT)",0,1684,1684,0,4657,4657
6037620303,"Los Angeles, CA (CT)",0,1737,1737,0,4547,4547
6037620305,"Los Angeles, CA (CT)",0,3263,3263,0,6227,6227
6037620400,"Los Angeles, CA (CT)",0,2074,2074,0,5090,5090
6037620501,"Los Angeles, CA (CT)",0,2156,2156,0,5390,5390
6037620521,"Los Angeles, CA (CT)",0,1710,1710,0,4097,4097
6037620522,"Los Angeles, CA (CT)",0,1934,1934,0,4632,4632
6037620601,"Los Angeles, CA (CT)",0,2500,2500,0,5523,5523
6037620602,"Los Angeles, CA (CT)",0,2127,2127,0,5376,5376
6037620701,"Los Angeles, CA (CT)",0,2970,2970,0,6704,6704
6037620702,"Los Angeles, CA (CT)",0,2675,2675,0,7059,7059
6037620800,"Los Angeles, CA (CT)",0,2782,2782,0,7575,7575
6037620901,"Los Angeles, CA (CT)",0,1017,1017,0,2621,2621
6037620904,"Los Angeles, CA (CT)",0,1360,1360,0,2888,2888
6037621001,"Los Angeles, CA (CT)",0,2036,2036,0,4119,4119
6037621002,"Los Angeles, CA (CT)",0,659,659,0,1093,1093
6037621004,"Los Angeles, CA (CT)",0,2483,2483,0,4762,4762
6037621102,"Los Angeles, CA (CT)",0,1268,1268,0,2883,2883
6037621104,"Los Angeles, CA (CT)",0,3716,3716,0,6649,6649
6037621201,"Los Angeles, CA (CT)",0,2754,2754,0,6452,6452
6037621204,"Los Angeles, CA (CT)",0,2297,2297,0,3230,3230
6037621301,"Los Angeles, CA (CT)",0,3125,3125,0,6769,6769
6037621324,"Los Angeles, CA (CT)",0,2322,2322,0,3842,3842
6037621326,"Los Angeles, CA (CT)",0,2057,2057,0,3260,3260
6037621400,"Los Angeles, CA (CT)",0,1982,1982,0,4414,4414
6037650001,"Los Angeles, CA (CT)",0,2236,2236,0,5853,5853
6037650003,"Los Angeles, CA (CT)",0,1286,1286,0,3158,3158
6037650004,"Los Angeles, CA (CT)",0,1610,1610,0,4005,4005
6037650101,"Los Angeles, CA (CT)",0,2148,2148,0,5831,5831
6037650102,"Los Angeles, CA (CT)",0,782,782,0,2248,2248
6037650200,"Los Angeles, CA (CT)",0,1948,1948,0,5783,5783
6037650300,"Los Angeles, CA (CT)",0,2625,2625,0,6704,6704
6037650401,"Los Angeles, CA (CT)",0,1548,1548,0,4472,4472
6037650501,"Los Angeles, CA (CT)",0,1071,1071,0,3063,3063
6037650502,"Los Angeles, CA (CT)",0,1606,1606,0,4294,4294
6037650602,"Los Angeles, CA (CT)",0,3076,3076,0,7161,7161
6037650603,"Los Angeles, CA (CT)",0,1583,1583,0,3958,3958
6037650604,"Los Angeles, CA (CT)",0,2543,2543,0,5412,5412
6037650605,"Los Angeles, CA (CT)",0,1162,1162,0,2763,2763
6037650701,"Los Angeles, CA (CT)",0,1037,1037,0,2521,2521
6037650702,"Los Angeles, CA (CT)",0,1606,1606,0,4590,4590
6037650800,"Los Angeles, CA (CT)",0,3106,3106,0,7074,7074
6037650901,"Los Angeles, CA (CT)",0,2713,2713,0,5928,5928
6037650902,"Los Angeles, CA (CT)",0,2788,2788,0,7103,7103
6037651001,"Los Angeles, CA (CT)",0,1984,1984,0,5522,5522
6037651002,"Los Angeles, CA (CT)",0,1776,1776,0,4606,4606
6037651101,"Los Angeles, CA (CT)",0,1973,1973,0,5103,5103
6037651102,"Los Angeles, CA (CT)",0,1794,1794,0,3639,3639
6037651201,"Los Angeles, CA (CT)",0,1778,1778,0,5056,5056
6037651221,"Los Angeles, CA (CT)",0,1431,1431,0,3291,3291
6037651222,"Los Angeles, CA (CT)",0,2460,2460,0,6211,6211
6037651302,"Los Angeles, CA (CT)",0,2556,2556,0,6311,6311
6037651304,"Los Angeles, CA (CT)",0,2617,2617,0,5114,5114
6037651401,"Los Angeles, CA (CT)",0,1220,1220,0,2614,2614
6037651402,"Los Angeles, CA (CT)",0,2314,2314,0,6050,6050
6037670001,"Los Angeles, CA (CT)",0,1334,1334,0,3311,3311
6037670002,"Los Angeles, CA (CT)",0,1522,1522,0,4001,4001
6037670003,"Los Angeles, CA (CT)",0,2475,2475,0,5788,5788
6037670100,"Los Angeles, CA (CT)",0,2875,2875,0,6659,6659
6037670201,"Los Angeles, CA (CT)",0,1561,1561,0,3852,3852
6037670202,"Los Angeles, CA (CT)",0,941,941,0,2594,2594
6037670324,"Los Angeles, CA (CT)",0,2126,2126,0,5127,5127
6037670326,"Los Angeles, CA (CT)",0,1445,1445,0,3807,3807
6037670328,"Los Angeles, CA (CT)",0,1712,1712,0,4504,4504
6037670403,"Los Angeles, CA (CT)",0,972,972,0,2407,2407
6037670405,"Los Angeles, CA (CT)",0,1173,1173,0,2646,2646
6037670406,"Los Angeles, CA (CT)",0,702,702,0,1903,1903
6037670407,"Los Angeles, CA (CT)",0,2297,2297,0,5758,5758
6037670411,"Los Angeles, CA (CT)",0,1620,1620,0,4427,4427
6037670413,"Los Angeles, CA (CT)",0,1886,1886,0,4782,4782
6037670416,"Los Angeles, CA (CT)",0,1629,1629,0,4139,4139
6037670500,"Los Angeles, CA (CT)",0,716,716,0,1860,1860
6037670602,"Los Angeles, CA (CT)",0,2968,2968,0,7345,7345
6037670701,"Los Angeles, CA (CT)",0,2547,2547,0,6882,6882
6037670702,"Los Angeles, CA (CT)",0,2088,2088,0,5477,5477
6037700101,"Los Angeles, CA (CT)",0,3393,3393,0,5232,5232
6037700102,"Los Angeles, CA (CT)",0,2606,2606,0,4061,4061
6037700200,"Los Angeles, CA (CT)",0,4635,4635,0,6321,6321
6037700300,"Los Angeles, CA (CT)",0,4164,4164,0,5623,5623
6037700400,"Los Angeles, CA (CT)",0,3568,3568,0,5237,5237
6037700501,"Los Angeles, CA (CT)",0,2826,2826,0,3687,3687
6037700502,"Los Angeles, CA (CT)",0,3403,3403,0,4246,4246
6037700600,"Los Angeles, CA (CT)",0,2068,2068,0,5537,5537
6037700700,"Los Angeles, CA (CT)",0,1232,1232,0,3479,3479
6037700801,"Los Angeles, CA (CT)",0,2926,2926,0,5220,5220
6037700802,"Los Angeles, CA (CT)",0,2145,2145,0,4069,4069
6037700901,"Los Angeles, CA (CT)",0,1626,1626,0,3856,3856
6037700902,"Los Angeles, CA (CT)",0,3469,3469,0,6517,6517
6037701000,"Los Angeles, CA (CT)",0,2928,2928,0,5431,5431
6037701100,"Los Angeles, CA (CT)",0,82,82,0,746,746
6037701201,"Los Angeles, CA (CT)",0,1759,1759,0,4433,4433
6037701202,"Los Angeles, CA (CT)",0,1935,1935,0,3268,3268
6037701302,"Los Angeles, CA (CT)",0,3084,3084,0,4684,4684
6037701304,"Los Angeles, CA (CT)",0,3622,3622,0,6374,6374
6037701402,"Los Angeles, CA (CT)",0,4719,4719,0,6696,6696
6037701501,"Los Angeles, CA (CT)",0,2981,2981,0,4986,4986
6037701502,"Los Angeles, CA (CT)",0,2079,2079,0,3841,3841
6037701601,"Los Angeles, CA (CT)",0,1952,1952,0,4165,4165
6037701602,"Los Angeles, CA (CT)",0,2126,2126,0,4037,4037
6037701701,"Los Angeles, CA (CT)",0,1870,1870,0,3196,3196
6037701702,"Los Angeles, CA (CT)",0,1819,1819,0,3106,3106
6037701801,"Los Angeles, CA (CT)",0,2935,2935,0,5867,5867
6037701802,"Los Angeles, CA (CT)",0,1924,1924,0,4463,4463
6037701902,"Los Angeles, CA (CT)",0,2991,2991,0,4016,4016
6037702002,"Los Angeles, CA (CT)",0,3805,3805,0,5700,5700
6037702102,"Los Angeles, CA (CT)",0,4086,4086,0,6306,6306
6037702201,"Los Angeles, CA (CT)",0,2305,2305,0,4483,4483
6037702202,"Los Angeles, CA (CT)",0,1788,1788,0,3751,3751
6037702300,"Los Angeles, CA (CT)",0,3132,3132,0,6364,6364
6037702400,"Los Angeles, CA (CT)",0,2048,2048,0,4541,4541
6037702501,"Los Angeles, CA (CT)",0,2156,2156,0,4625,4625
6037702502,"Los Angeles, CA (CT)",0,2127,2127,0,4048,4048
6037702600,"Los Angeles, CA (CT)",0,2368,2368,0,6069,6069
6037702700,"Los Angeles, CA (CT)",0,1319,1319,0,3440,3440
6037702801,"Los Angeles, CA (CT)",0,2254,2254,0,5205,5205
6037702802,"Los Angeles, CA (CT)",0,914,914,0,2282,2282
6037702803,"Los Angeles, CA (CT)",0,1210,1210,0,2963,2963
6037702901,"Los Angeles, CA (CT)",0,6742,6742,0,8866,8866
6037703001,"Los Angeles, CA (CT)",0,3196,3196,0,5889,5889
6037703002,"Los Angeles, CA (CT)",0,2867,2867,0,6605,6605
6037703100,"Los Angeles, CA (CT)",0,2400,2400,0,5446,5446
6037703200,"Los Angeles, CA (CT)",0,2377,2377,0,5629,5629
6037800101,"Los Angeles, CA (CT)",70,1945,2015,222,5263,5485
6037800102,"Los Angeles, CA (CT)",1043,2091,3134,2251,4827,7078
6037800202,"Los Angeles, CA (CT)",564,1549,2113,1656,4663,6319
6037800203,"Los Angeles, CA (CT)",0,2022,2022,0,5643,5643
6037800204,"Los Angeles, CA (CT)",0,2641,2641,0,6740,6740
6037800324,"Los Angeles, CA (CT)",0,2426,2426,0,6664,6664
6037800325,"Los Angeles, CA (CT)",0,1539,1539,0,3407,3407
6037800326,"Los Angeles, CA (CT)",734,1319,2053,1693,3279,4972
6037800327,"Los Angeles, CA (CT)",0,2223,2223,0,5305,5305
6037800328,"Los Angeles, CA (CT)",7,1076,1083,16,2624,2640
6037800329,"Los Angeles, CA (CT)",287,2340,2627,860,5561,6421
6037800330,"Los Angeles, CA (CT)",390,0,390,942,0,942
6037800331,"Los Angeles, CA (CT)",0,233,233,0,766,766
6037800332,"Los Angeles, CA (CT)",0,2227,2227,0,6665,6665
6037800406,"Los Angeles, CA (CT)",881,373,1254,2140,504,2644
6037800408,"Los Angeles, CA (CT)",7,3413,3420,26,7096,7122
6037800410,"Los Angeles, CA (CT)",301,460,761,1064,2563,3627
6037800504,"Los Angeles, CA (CT)",264,1307,1571,605,1892,2497
6037800506,"Los Angeles, CA (CT)",246,1360,1606,571,2503,3074
6037900102,"Los Angeles, CA (CT)",495,0,495,1029,0,1029
6037900103,"Los Angeles, CA (CT)",34,1774,1808,99,6071,6170
6037900104,"Los Angeles, CA (CT)",179,1715,1894,505,5737,6242
6037900201,"Los Angeles, CA (CT)",523,0,523,1261,0,1261
6037900300,"Los Angeles, CA (CT)",222,1063,1285,487,4027,4514
6037900501,"Los Angeles, CA (CT)",0,2128,2128,0,6764,6764
6037900504,"Los Angeles, CA (CT)",188,1721,1909,497,5319,5816
6037900505,"Los Angeles, CA (CT)",0,1361,1361,0,4002,4002
6037900506,"Los Angeles, CA (CT)",0,1376,1376,0,4352,4352
6037900507,"Los Angeles, CA (CT)",0,2386,2386,0,7669,7669
6037900508,"Los Angeles, CA (CT)",0,965,965,0,3334,3334
6037900602,"Los Angeles, CA (CT)",0,1710,1710,0,5214,5214
6037900605,"Los Angeles, CA (CT)",0,2309,2309,0,7100,7100
6037900606,"Los Angeles, CA (CT)",0,1266,1266,0,3721,3721
6037900607,"Los Angeles, CA (CT)",0,1261,1261,0,3904,3904
6037900608,"Los Angeles, CA (CT)",0,1089,1089,0,3536,3536
6037900609,"Los Angeles, CA (CT)",0,1708,1708,0,5243,5243
6037900701,"Los Angeles, CA (CT)",0,1875,1875,0,5289,5289
6037900703,"Los Angeles, CA (CT)",0,2060,2060,0,4375,4375
6037900704,"Los Angeles, CA (CT)",0,1561,1561,0,3050,3050
6037900705,"Los Angeles, CA (CT)",0,2186,2186,0,4285,4285
6037900803,"Los Angeles, CA (CT)",0,2700,2700,0,8284,8284
6037900804,"Los Angeles, CA (CT)",0,1114,1114,0,3489,3489
6037900805,"Los Angeles, CA (CT)",0,1701,1701,0,5089,5089
6037900806,"Los Angeles, CA (CT)",0,2026,2026,0,3620,3620
6037900900,"Los Angeles, CA (CT)",1229,250,1479,2967,846,3813
6037901003,"Los Angeles, CA (CT)",0,0,0,0,6188,6188
6037901004,"Los Angeles, CA (CT)",15,3832,3847,37,12507,12544
6037901007,"Los Angeles, CA (CT)",0,757,757,0,2258,2258
6037901008,"Los Angeles, CA (CT)",0,990,990,0,2874,2874
6037901009,"Los Angeles, CA (CT)",0,1975,1975,0,5318,5318
6037901010,"Los Angeles, CA (CT)",0,2017,2017,0,5913,5913
6037901011,"Los Angeles, CA (CT)",0,2061,2061,0,5069,5069
6037901101,"Los Angeles, CA (CT)",0,1909,1909,0,5496,5496
6037901102,"Los Angeles, CA (CT)",0,1951,1951,0,5557,5557
6037901205,"Los Angeles, CA (CT)",152,3590,3742,326,10140,10466
6037901209,"Los Angeles, CA (CT)",805,0,805,1633,0,1633
6037901210,"Los Angeles, CA (CT)",685,0,685,1591,0,1591
6037901213,"Los Angeles, CA (CT)",669,659,1328,1606,1947,3553
6037910001,"Los Angeles, CA (CT)",97,1488,1585,258,5484,5742
6037910002,"Los Angeles, CA (CT)",198,2079,2277,474,6743,7217
6037910101,"Los Angeles, CA (CT)",11,484,495,39,1645,1684
6037910201,"Los Angeles, CA (CT)",0,1315,1315,0,3549,3549
6037910202,"Los Angeles, CA (CT)",0,1756,1756,0,5223,5223
6037910205,"Los Angeles, CA (CT)",224,258,482,593,778,1371
6037910206,"Los Angeles, CA (CT)",62,973,1035,160,3086,3246
6037910207,"Los Angeles, CA (CT)",0,1791,1791,0,6023,6023
6037910208,"Los Angeles, CA (CT)",0,1976,1976,0,6340,6340
6037910209,"Los Angeles, CA (CT)",0,1430,1430,0,4397,4397
6037910210,"Los Angeles, CA (CT)",0,2274,2274,0,7103,7103
6037910301,"Los Angeles, CA (CT)",0,1546,1546,0,4219,4219
6037910302,"Los Angeles, CA (CT)",0,2178,2178,0,6387,6387
6037910401,"Los Angeles, CA (CT)",50,2342,2392,139,6469,6608
6037910402,"Los Angeles, CA (CT)",0,1128,1128,0,3751,3751
6037910403,"Los Angeles, CA (CT)",0,700,700,0,2235,2235
6037910404,"Los Angeles, CA (CT)",0,1183,1183,0,4130,4130
6037910501,"Los Angeles, CA (CT)",0,2166,2166,0,5339,5339
6037910502,"Los Angeles, CA (CT)",0,1279,1279,0,4086,4086
6037910504,"Los Angeles, CA (CT)",0,1271,1271,0,4797,4797
6037910505,"Los Angeles, CA (CT)",0,850,850,0,3064,3064
6037910601,"Los Angeles, CA (CT)",0,1756,1756,0,6460,6460
6037910602,"Los Angeles, CA (CT)",0,1479,1479,0,3995,3995
6037910603,"Los Angeles, CA (CT)",0,2111,2111,0,7075,7075
6037910605,"Los Angeles, CA (CT)",0,1310,1310,0,4535,4535
6037910606,"Los Angeles, CA (CT)",0,819,819,0,2970,2970
6037910705,"Los Angeles, CA (CT)",0,2925,2925,0,11415,11415
6037910706,"Los Angeles, CA (CT)",14,1530,1544,17,6005,6022
6037910707,"Los Angeles, CA (CT)",0,1478,1478,0,4329,4329
6037910709,"Los Angeles, CA (CT)",68,469,537,148,1502,1650
6037910711,"Los Angeles, CA (CT)",0,2363,2363,0,7585,7585
6037910712,"Los Angeles, CA (CT)",0,734,734,0,2772,2772
6037910713,"Los Angeles, CA (CT)",0,1425,1425,0,5324,5324
6037910714,"Los Angeles, CA (CT)",0,940,940,0,3596,3596
6037910715,"Los Angeles, CA (CT)",0,2002,2002,0,6702,6702
6037910716,"Los Angeles, CA (CT)",0,1771,1771,0,6117,6117
6037910804,"Los Angeles, CA (CT)",1196,0,1196,3295,0,3295
6037910805,"Los Angeles, CA (CT)",1879,0,1879,4839,0,4839
6037910807,"Los Angeles, CA (CT)",0,1815,1815,0,5489,5489
6037910808,"Los Angeles, CA (CT)",78,1092,1170,195,3342,3537
6037910809,"Los Angeles, CA (CT)",109,649,758,327,1908,2235
6037910810,"Los Angeles, CA (CT)",127,728,855,292,2473,2765
6037910811,"Los Angeles, CA (CT)",91,0,91,305,0,305
6037910812,"Los Angeles, CA (CT)",199,0,199,464,0,464
6037910813,"Los Angeles, CA (CT)",1365,0,1365,3535,0,3535
6037911001,"Los Angeles, CA (CT)",1971,64,2035,3991,210,4201
6037920011,"Los Angeles, CA (CT)",146,0,146,286,0,286
6037920012,"Los Angeles, CA (CT)",549,0,549,1072,0,1072
6037920013,"Los Angeles, CA (CT)",0,1543,1543,0,4306,4306
6037920015,"Los Angeles, CA (CT)",0,1939,1939,0,6353,6353
6037920016,"Los Angeles, CA (CT)",0,1517,1517,0,4904,4904
6037920017,"Los Angeles, CA (CT)",0,1449,1449,0,4342,4342
6037920018,"Los Angeles, CA (CT)",0,765,765,0,2277,2277
6037920020,"Los Angeles, CA (CT)",37,2171,2208,103,6851,6954
6037920023,"Los Angeles, CA (CT)",0,787,787,0,2598,2598
6037920026,"Los Angeles, CA (CT)",129,0,129,419,0,419
6037920028,"Los Angeles, CA (CT)",0,1902,1902,0,5684,5684
6037920029,"Los Angeles, CA (CT)",0,1263,1263,0,3574,3574
6037920030,"Los Angeles, CA (CT)",0,2013,2013,0,5818,5818
6037920031,"Los Angeles, CA (CT)",0,2688,2688,0,5301,5301
6037920032,"Los Angeles, CA (CT)",107,706,813,484,2413,2897
6037920033,"Los Angeles, CA (CT)",34,148,182,80,435,515
6037920034,"Los Angeles, CA (CT)",72,1096,1168,186,3442,3628
6037920035,"Los Angeles, CA (CT)",0,2328,2328,0,7720,7720
6037920036,"Los Angeles, CA (CT)",0,989,989,0,3419,3419
6037920037,"Los Angeles, CA (CT)",0,2465,2465,0,7131,7131
6037920038,"Los Angeles, CA (CT)",0,1761,1761,0,4430,4430
6037920039,"Los Angeles, CA (CT)",0,591,591,0,1896,1896
6037920040,"Los Angeles, CA (CT)",0,1058,1058,0,3352,3352
6037920041,"Los Angeles, CA (CT)",0,986,986,0,2871,2871
6037920042,"Los Angeles, CA (CT)",0,2627,2627,0,6769,6769
6037920043,"Los Angeles, CA (CT)",53,1678,1731,158,5553,5711
6037920044,"Los Angeles, CA (CT)",0,925,925,0,2686,2686
6037920045,"Los Angeles, CA (CT)",0,1457,1457,0,4622,4622
6037920102,"Los Angeles, CA (CT)",728,1391,2119,1723,3945,5668
6037920104,"Los Angeles, CA (CT)",94,794,888,216,2582,2798
6037920106,"Los Angeles, CA (CT)",752,189,941,2575,535,3110
6037920107,"Los Angeles, CA (CT)",0,1250,1250,0,3954,3954
6037920108,"Los Angeles, CA (CT)",0,1273,1273,0,3439,3439
6037920109,"Los Angeles, CA (CT)",0,1795,1795,0,4493,4493
6037920110,"Los Angeles, CA (CT)",0,1612,1612,0,5010,5010
6037920111,"Los Angeles, CA (CT)",0,1041,1041,0,3246,3246
6037920112,"Los Angeles, CA (CT)",0,1597,1597,0,4287,4287
6037920114,"Los Angeles, CA (CT)",0,2502,2502,0,6490,6490
6037920115,"Los Angeles, CA (CT)",0,1639,1639,0,4149,4149
6037920116,"Los Angeles, CA (CT)",0,1657,1657,0,5181,5181
6037920118,"Los Angeles, CA (CT)",0,1831,1831,0,6117,6117
6037920119,"Los Angeles, CA (CT)",0,499,499,0,1896,1896
6037920200,"Los Angeles, CA (CT)",1,0,1,0,6920,6920
6037920303,"Los Angeles, CA (CT)",376,225,601,902,544,1446
6037920312,"Los Angeles, CA (CT)",267,1854,2121,688,4580,5268
6037920313,"Los Angeles, CA (CT)",0,1906,1906,0,6010,6010
6037920314,"Los Angeles, CA (CT)",0,1008,1008,0,2909,2909
6037920322,"Los Angeles, CA (CT)",0,1116,1116,0,2895,2895
6037920326,"Los Angeles, CA (CT)",11,2601,2612,35,6805,6840
6037920328,"Los Angeles, CA (CT)",0,955,955,0,1990,1990
6037920329,"Los Angeles, CA (CT)",0,2253,2253,0,5460,5460
6037920330,"Los Angeles, CA (CT)",0,2570,2570,0,5349,5349
6037920331,"Los Angeles, CA (CT)",0,1535,1535,0,4075,4075
6037920332,"Los Angeles, CA (CT)",0,672,672,0,2337,2337
6037920334,"Los Angeles, CA (CT)",0,2556,2556,0,6598,6598
6037920336,"Los Angeles, CA (CT)",0,1839,1839,0,7027,7027
6037920337,"Los Angeles, CA (CT)",0,2021,2021,0,7257,7257
6037920338,"Los Angeles, CA (CT)",0,1732,1732,0,5721,5721
6037920339,"Los Angeles, CA (CT)",789,1647,2436,1940,5437,7377
6037930101,"Los Angeles, CA (CT)",71,1,72,116,3,119
6037930200,"Los Angeles, CA (CT)",184,29,213,459,87,546
6037930301,"Los Angeles, CA (CT)",278,66,344,702,184,886
6037930401,"Los Angeles, CA (CT)",0,957,957,0,2471,2471
6037980001,"Los Angeles, CA (CT)",0,0,0,0,0,0
6037980002,"Los Angeles, CA (CT)",0,0,0,0,0,0
6037980003,"Los Angeles, CA (CT)",1,0,1,2,0,2
6037980004,"Los Angeles, CA (CT)",54,0,54,169,0,169
6037980005,"Los Angeles, CA (CT)",0,0,0,0,0,0
6037980006,"Los Angeles, CA (CT)",0,0,0,0,0,0
6037980007,"Los Angeles, CA (CT)",0,0,0,0,0,0
6037980008,"Los Angeles, CA (CT)",0,46,46,0,145,145
6037980009,"Los Angeles, CA (CT)",7,0,7,14,0,14
6037980010,"Los Angeles, CA (CT)",0,60,60,0,164,164
6037980013,"Los Angeles, CA (CT)",0,8,8,0,59,59
6037980014,"Los Angeles, CA (CT)",0,181,181,0,239,239
6037980015,"Los Angeles, CA (CT)",0,420,420,0,554,554
6037980018,"Los Angeles, CA (CT)",0,1,1,0,1,1
6037980019,"Los Angeles, CA (CT)",86,0,86,173,0,173
6037980020,"Los Angeles, CA (CT)",0,0,0,0,0,0
6037980021,"Los Angeles, CA (CT)",0,8,8,0,33,33
6037980022,"Los Angeles, CA (CT)",0,1,1,0,4,4
6037980023,"Los Angeles, CA (CT)",0,5,5,0,8,8
6037980024,"Los Angeles, CA (CT)",0,73,73,0,186,186
6037980025,"Los Angeles, CA (CT)",0,0,0,0,0,0
6037980026,"Los Angeles, CA (CT)",8,1,9,17,3,20
6037980028,"Los Angeles, CA (CT)",0,1,1,0,4,4
6037980030,"Los Angeles, CA (CT)",0,0,0,0,0,0
6037980031,"Los Angeles, CA (CT)",0,242,242,0,1262,1262
6037980033,"Los Angeles, CA (CT)",0,8,8,0,61,61
6037990100,"Los Angeles, CA (CT)",0,0,0,0,0,0
6037990200,"Los Angeles, CA (CT)",0,0,0,0,0,0
6037990300,"Los Angeles, CA (CT)",0,0,0,0,0,0
6039000102,"Madera, CA (CT)",3149,0,3149,4163,0,4163
6039000103,"Madera, CA (CT)",2461,261,2722,4566,467,5033
6039000104,"Madera, CA (CT)",1360,1066,2426,2475,2298,4773
6039000106,"Madera, CA (CT)",2181,0,2181,5021,0,5021
6039000108,"Madera, CA (CT)",3306,74,3380,6920,148,7068
6039000109,"Madera, CA (CT)",1059,0,1059,2392,0,2392
6039000201,"Madera, CA (CT)",413,107,520,8573,476,9049
6039000202,"Madera, CA (CT)",979,1198,2177,2880,3229,6109
6039000300,"Madera, CA (CT)",27,2943,2970,75,8138,8213
6039000400,"Madera, CA (CT)",432,0,432,1288,0,1288
6039000502,"Madera, CA (CT)",12,2846,2858,39,10434,10473
6039000503,"Madera, CA (CT)",592,2311,2903,1618,6921,8539
6039000506,"Madera, CA (CT)",124,1637,1761,381,6057,6438
6039000507,"Madera, CA (CT)",948,2013,2961,2934,7612,10546
6039000508,"Madera, CA (CT)",445,1419,1864,1236,5642,6878
6039000509,"Madera, CA (CT)",210,1823,2033,587,5348,5935
6039000602,"Madera, CA (CT)",0,1255,1255,0,5161,5161
6039000603,"Madera, CA (CT)",0,1351,1351,0,5585,5585
6039000604,"Madera, CA (CT)",0,1230,1230,0,5467,5467
6039000700,"Madera, CA (CT)",11,3928,3939,19,10757,10776
6039000800,"Madera, CA (CT)",0,1952,1952,0,7027,7027
6039000900,"Madera, CA (CT)",0,2103,2103,0,9612,9612
6039001000,"Madera, CA (CT)",1613,301,1914,4505,814,5319
6041101100,"Marin, CA (CT)",353,750,1103,866,1703,2569
6041101200,"Marin, CA (CT)",112,953,1065,271,2411,2682
6041102100,"Marin, CA (CT)",76,875,951,204,2091,2295
6041102202,"Marin, CA (CT)",0,2202,2202,0,5885,5885
6041102203,"Marin, CA (CT)",0,2073,2073,0,4753,4753
6041103100,"Marin, CA (CT)",478,2327,2805,1148,6020,7168
6041103200,"Marin, CA (CT)",0,2672,2672,0,6504,6504
6041104101,"Marin, CA (CT)",0,3128,3128,0,7819,7819
6041104102,"Marin, CA (CT)",0,2132,2132,0,5135,5135
6041104200,"Marin, CA (CT)",342,2125,2467,831,4891,5722
6041104300,"Marin, CA (CT)",707,0,707,1530,0,1530
6041105000,"Marin, CA (CT)",451,2310,2761,743,5847,6590
6041106001,"Marin, CA (CT)",8,2159,2167,35,4013,4048
6041106002,"Marin, CA (CT)",26,2191,2217,62,5563,5625
6041107000,"Marin, CA (CT)",33,2389,2422,100,6042,6142
6041108100,"Marin, CA (CT)",0,2673,2673,0,6406,6406
6041108200,"Marin, CA (CT)",0,3131,3131,0,6836,6836
6041109001,"Marin, CA (CT)",0,1883,1883,0,3853,3853
6041109002,"Marin, CA (CT)",0,1906,1906,0,3956,3956
6041110100,"Marin, CA (CT)",0,2481,2481,0,5849,5849
6041110200,"Marin, CA (CT)",0,2287,2287,0,5327,5327
6041111000,"Marin, CA (CT)",0,2830,2830,0,5852,5852
6041112100,"Marin, CA (CT)",0,1945,1945,0,4315,4315
6041112201,"Marin, CA (CT)",0,1738,1738,0,7809,7809
6041112202,"Marin, CA (CT)",0,1345,1345,0,4217,4217
6041113000,"Marin, CA (CT)",1231,531,1762,2537,1119,3656
6041114100,"Marin, CA (CT)",15,2439,2454,29,5104,5133
6041114200,"Marin, CA (CT)",0,1442,1442,0,3087,3087
6041115000,"Marin, CA (CT)",0,2873,2873,0,7249,7249
6041116000,"Marin, CA (CT)",0,1390,1390,0,3070,3070
6041117000,"Marin, CA (CT)",0,2189,2189,0,4527,4527
6041118100,"Marin, CA (CT)",0,884,884,0,2407,2407
6041119100,"Marin, CA (CT)",0,2035,2035,0,4609,4609
6041119201,"Marin, CA (CT)",0,2029,2029,0,3288,3288
6041119202,"Marin, CA (CT)",0,1293,1293,0,3361,3361
6041120000,"Marin, CA (CT)",0,3019,3019,0,6027,6027
6041121100,"Marin, CA (CT)",0,2313,2313,0,5175,5175
6041121200,"Marin, CA (CT)",0,2676,2676,0,5601,5601
6041122000,"Marin, CA (CT)",0,0,0,0,4854,4854
6041123000,"Marin, CA (CT)",0,1046,1046,0,2074,2074
6041124100,"Marin, CA (CT)",0,2388,2388,0,5441,5441
6041124200,"Marin, CA (CT)",18,2700,2718,31,5595,5626
6041125000,"Marin, CA (CT)",0,2086,2086,0,4262,4262
6041126100,"Marin, CA (CT)",0,2559,2559,0,5808,5808
6041126200,"Marin, CA (CT)",0,2142,2142,0,4249,4249
6041127000,"Marin, CA (CT)",0,2161,2161,0,4579,4579
6041128100,"Marin, CA (CT)",0,2900,2900,0,6505,6505
6041128200,"Marin, CA (CT)",0,2052,2052,0,4582,4582
6041129000,"Marin, CA (CT)",0,1108,1108,0,2359,2359
6041130201,"Marin, CA (CT)",0,2091,2091,0,3191,3191
6041130202,"Marin, CA (CT)",0,2828,2828,0,4453,4453
6041131100,"Marin, CA (CT)",344,129,473,759,279,1038
6041132100,"Marin, CA (CT)",1807,0,1807,2311,0,2311
6041132200,"Marin, CA (CT)",1388,0,1388,1774,0,1774
6041133000,"Marin, CA (CT)",2017,0,2017,3226,0,3226
6041990100,"Marin, CA (CT)",0,0,0,0,0,0
6043000101,"Mariposa, CA (CT)",2047,0,2047,3929,0,3929
6043000102,"Mariposa, CA (CT)",1356,0,1356,2719,0,2719
6043000200,"Mariposa, CA (CT)",2123,0,2123,3352,0,3352
6043000301,"Mariposa, CA (CT)",1851,0,1851,3743,0,3743
6043000302,"Mariposa, CA (CT)",1504,0,1504,2706,0,2706
6043000400,"Mariposa, CA (CT)",1307,0,1307,1802,0,1802
6045010100,"Mendocino, CA (CT)",1213,0,1213,2587,0,2587
6045010200,"Mendocino, CA (CT)",2338,0,2338,4155,0,4155
6045010300,"Mendocino, CA (CT)",1462,678,2140,2825,1447,4272
6045010400,"Mendocino, CA (CT)",0,1631,1631,0,3467,3467
6045010500,"Mendocino, CA (CT)",0,1942,1942,0,4439,4439
6045010600,"Mendocino, CA (CT)",2315,984,3299,4642,2275,6917
6045010700,"Mendocino, CA (CT)",201,2419,2620,425,5778,6203
6045010801,"Mendocino, CA (CT)",1287,1051,2338,3095,2820,5915
6045010802,"Mendocino, CA (CT)",802,0,802,1785,0,1785
6045010900,"Mendocino, CA (CT)",496,1299,1795,946,3386,4332
6045011001,"Mendocino, CA (CT)",1353,0,1353,1952,0,1952
6045011002,"Mendocino, CA (CT)",2709,474,3183,4369,995,5364
6045011102,"Mendocino, CA (CT)",2579,0,2579,3915,0,3915
6045011200,"Mendocino, CA (CT)",1542,0,1542,3293,0,3293
6045011300,"Mendocino, CA (CT)",556,1673,2229,1232,4740,5972
6045011400,"Mendocino, CA (CT)",73,1764,1837,152,4317,4469
6045011500,"Mendocino, CA (CT)",0,2552,2552,0,6739,6739
6045011600,"Mendocino, CA (CT)",0,2391,2391,0,5802,5802
6045011700,"Mendocino, CA (CT)",947,661,1608,2276,1905,4181
6045011800,"Mendocino, CA (CT)",931,0,931,2082,0,2082
6045990100,"Mendocino, CA (CT)",0,0,0,0,0,0
6047000201,"Merced, CA (CT)",759,402,1161,2293,1333,3626
6047000202,"Merced, CA (CT)",306,231,537,930,911,1841
6047000203,"Merced, CA (CT)",0,2400,2400,0,9272,9272
6047000301,"Merced, CA (CT)",207,1065,1272,638,4152,4790
6047000303,"Merced, CA (CT)",710,0,710,2158,0,2158
6047000304,"Merced, CA (CT)",0,2315,2315,0,9116,9116
6047000401,"Merced, CA (CT)",622,0,622,1834,0,1834
6047000402,"Merced, CA (CT)",1159,1715,2874,3215,4856,8071
6047000503,"Merced, CA (CT)",576,91,667,1602,1690,3292
6047000504,"Merced, CA (CT)",0,1799,1799,0,6129,6129
6047000505,"Merced, CA (CT)",505,1322,1827,1463,4693,6156
6047000601,"Merced, CA (CT)",0,1858,1858,0,5438,5438
6047000602,"Merced, CA (CT)",0,1243,1243,0,3550,3550
6047000603,"Merced, CA (CT)",0,2147,2147,0,6143,6143
6047000701,"Merced, CA (CT)",0,1103,1103,0,3191,3191
6047000702,"Merced, CA (CT)",282,1375,1657,759,4144,4903
6047000801,"Merced, CA (CT)",0,1682,1682,0,4444,4444
6047000802,"Merced, CA (CT)",0,1500,1500,0,4296,4296
6047000901,"Merced, CA (CT)",1139,6,1145,3953,17,3970
6047000902,"Merced, CA (CT)",318,2257,2575,862,7557,8419
6047001002,"Merced, CA (CT)",159,4622,4781,515,12952,13467
6047001003,"Merced, CA (CT)",0,1522,1522,0,4061,4061
6047001004,"Merced, CA (CT)",0,1937,1937,0,3968,3968
6047001005,"Merced, CA (CT)",0,937,937,0,2406,2406
6047001101,"Merced, CA (CT)",0,2205,2205,0,5880,5880
6047001200,"Merced, CA (CT)",0,1974,1974,0,5023,5023
6047001301,"Merced, CA (CT)",0,1361,1361,0,3213,3213
6047001302,"Merced, CA (CT)",0,1333,1333,0,3264,3264
6047001401,"Merced, CA (CT)",0,1529,1529,0,3953,3953
6047001402,"Merced, CA (CT)",0,1669,1669,0,4277,4277
6047001501,"Merced, CA (CT)",0,768,768,0,2693,2693
6047001502,"Merced, CA (CT)",0,791,791,0,2822,2822
6047001503,"Merced, CA (CT)",0,1245,1245,0,4438,4438
6047001601,"Merced, CA (CT)",0,1203,1203,0,4498,4498
6047001602,"Merced, CA (CT)",69,1750,1819,218,7025,7243
6047001700,"Merced, CA (CT)",0,2112,2112,0,6335,6335
6047001801,"Merced, CA (CT)",95,1002,1097,259,4029,4288
6047001901,"Merced, CA (CT)",336,1193,1529,1216,4523,5739
6047001902,"Merced, CA (CT)",851,0,851,2572,0,2572
6047002000,"Merced, CA (CT)",1000,2083,3083,2314,5521,7835
6047002100,"Merced, CA (CT)",1480,14,1494,3819,43,3862
6047002201,"Merced, CA (CT)",0,2202,2202,0,6097,6097
6047002202,"Merced, CA (CT)",81,2838,2919,229,9694,9923
6047002301,"Merced, CA (CT)",68,2253,2321,194,6486,6680
6047002302,"Merced, CA (CT)",55,4059,4114,112,13597,13709
6047002401,"Merced, CA (CT)",648,0,648,1756,0,1756
6047002402,"Merced, CA (CT)",287,2228,2515,792,6713,7505
6047002500,"Merced, CA (CT)",722,131,853,1944,384,2328
6047002600,"Merced, CA (CT)",315,1477,1792,863,4456,5319
6049000100,"Modoc, CA (CT)",302,1416,1718,608,2910,3518
6049000200,"Modoc, CA (CT)",1032,0,1032,1910,0,1910
6049000300,"Modoc, CA (CT)",1638,0,1638,2993,0,2993
6049000400,"Modoc, CA (CT)",804,0,804,1265,0,1265
6051000101,"Mono, CA (CT)",2487,0,2487,3463,0,3463
6051000102,"Mono, CA (CT)",1792,0,1792,2502,0,2502
6051000200,"Mono, CA (CT)",1213,8420,9633,544,7693,8237
6053000101,"Monterey, CA (CT)",121,481,602,427,1652,2079
6053000102,"Monterey, CA (CT)",0,2316,2316,0,9054,9054
6053000103,"Monterey, CA (CT)",0,1421,1421,0,3894,3894
6053000104,"Monterey, CA (CT)",0,984,984,0,3478,3478
6053000200,"Monterey, CA (CT)",0,1804,1804,0,6884,6884
6053000300,"Monterey, CA (CT)",0,1351,1351,0,4177,4177
6053000400,"Monterey, CA (CT)",0,2485,2485,0,7161,7161
6053000501,"Monterey, CA (CT)",0,1084,1084,0,4842,4842
6053000502,"Monterey, CA (CT)",0,1049,1049,0,4161,4161
6053000600,"Monterey, CA (CT)",0,1470,1470,0,7143,7143
6053000701,"Monterey, CA (CT)",0,1260,1260,0,6439,6439
6053000702,"Monterey, CA (CT)",0,1290,1290,0,6371,6371
6053000800,"Monterey, CA (CT)",0,1217,1217,0,5628,5628
6053000900,"Monterey, CA (CT)",0,1259,1259,0,5746,5746
6053001200,"Monterey, CA (CT)",0,1297,1297,0,3178,3178
6053001300,"Monterey, CA (CT)",0,979,979,0,2548,2548
6053001400,"Monterey, CA (CT)",0,1096,1096,0,2680,2680
6053001500,"Monterey, CA (CT)",0,2687,2687,0,5741,5741
6053001600,"Monterey, CA (CT)",0,1019,1019,0,2642,2642
6053001700,"Monterey, CA (CT)",0,1331,1331,0,3780,3780
6053001801,"Monterey, CA (CT)",0,1156,1156,0,3957,3957
6053001802,"Monterey, CA (CT)",0,1680,1680,0,5078,5078
6053010101,"Monterey, CA (CT)",398,669,1067,1419,3099,4518
6053010102,"Monterey, CA (CT)",1074,0,1074,3279,0,3279
6053010202,"Monterey, CA (CT)",725,668,1393,2164,2222,4386
6053010305,"Monterey, CA (CT)",175,1420,1595,491,3880,4371
6053010306,"Monterey, CA (CT)",505,95,600,967,283,1250
6053010400,"Monterey, CA (CT)",0,1539,1539,0,6481,6481
6053010501,"Monterey, CA (CT)",585,1615,2200,1705,4634,6339
6053010504,"Monterey, CA (CT)",73,1506,1579,246,4486,4732
6053010505,"Monterey, CA (CT)",0,1588,1588,0,4892,4892
6053010506,"Monterey, CA (CT)",0,1454,1454,0,4752,4752
6053010603,"Monterey, CA (CT)",0,2140,2140,0,7304,7304
6053010604,"Monterey, CA (CT)",0,1332,1332,0,5512,5512
6053010605,"Monterey, CA (CT)",0,847,847,0,4219,4219
6053010606,"Monterey, CA (CT)",489,1159,1648,1572,4727,6299
6053010607,"Monterey, CA (CT)",0,873,873,0,4430,4430
6053010608,"Monterey, CA (CT)",0,539,539,0,3646,3646
6053010701,"Monterey, CA (CT)",112,2366,2478,294,6475,6769
6053010702,"Monterey, CA (CT)",945,710,1655,2247,1664,3911
6053010804,"Monterey, CA (CT)",162,1140,1302,565,4464,5029
6053010900,"Monterey, CA (CT)",0,26,26,0,10109,10109
6053011000,"Monterey, CA (CT)",2138,1038,3176,3868,2065,5933
6053011101,"Monterey, CA (CT)",383,1043,1426,784,4404,5188
6053011102,"Monterey, CA (CT)",74,2805,2879,233,11221,11454
6053011202,"Monterey, CA (CT)",0,1604,1604,0,6868,6868
6053011203,"Monterey, CA (CT)",0,1633,1633,0,7173,7173
6053011204,"Monterey, CA (CT)",258,546,804,780,2410,3190
6053011302,"Monterey, CA (CT)",0,1525,1525,0,5813,5813
6053011303,"Monterey, CA (CT)",556,829,1385,1146,2629,3775
6053011304,"Monterey, CA (CT)",197,1392,1589,601,6087,6688
6053011400,"Monterey, CA (CT)",1584,0,1584,3778,0,3778
6053011502,"Monterey, CA (CT)",1121,0,1121,1710,0,1710
6053011602,"Monterey, CA (CT)",1522,1370,2892,2519,2747,5266
6053011604,"Monterey, CA (CT)",1111,190,1301,1599,314,1913
6053011700,"Monterey, CA (CT)",0,2305,2305,0,3810,3810
6053011801,"Monterey, CA (CT)",0,1565,1565,0,1885,1885
6053011802,"Monterey, CA (CT)",0,1850,1850,0,1830,1830
6053011900,"Monterey, CA (CT)",460,2262,2722,442,4007,4449
6053012000,"Monterey, CA (CT)",0,1512,1512,0,3563,3563
6053012100,"Monterey, CA (CT)",0,1077,1077,0,2263,2263
6053012200,"Monterey, CA (CT)",0,1468,1468,0,2683,2683
6053012302,"Monterey, CA (CT)",0,1124,1124,0,1872,1872
6053012401,"Monterey, CA (CT)",0,1238,1238,0,1682,1682
6053012402,"Monterey, CA (CT)",0,1759,1759,0,2987,2987
6053012502,"Monterey, CA (CT)",0,2801,2801,0,5082,5082
6053012600,"Monterey, CA (CT)",0,83,83,0,2254,2254
6053012700,"Monterey, CA (CT)",0,1845,1845,0,3299,3299
6053012800,"Monterey, CA (CT)",0,2675,2675,0,5154,5154
6053013000,"Monterey, CA (CT)",0,2020,2020,0,2968,2968
6053013100,"Monterey, CA (CT)",0,688,688,0,1930,1930
6053013200,"Monterey, CA (CT)",932,925,1857,2124,2101,4225
6053013300,"Monterey, CA (CT)",0,2911,2911,0,5693,5693
6053013400,"Monterey, CA (CT)",0,741,741,0,1624,1624
6053013500,"Monterey, CA (CT)",0,1784,1784,0,4920,4920
6053013600,"Monterey, CA (CT)",0,1481,1481,0,4396,4396
6053013700,"Monterey, CA (CT)",0,1435,1435,0,5131,5131
6053013800,"Monterey, CA (CT)",0,1678,1678,0,5548,5548
6053013900,"Monterey, CA (CT)",0,945,945,0,2673,2673
6053014000,"Monterey, CA (CT)",0,943,943,0,2637,2637
6053014102,"Monterey, CA (CT)",1,701,702,5,2254,2259
6053014104,"Monterey, CA (CT)",0,2,2,0,1611,1611
6053014105,"Monterey, CA (CT)",0,1209,1209,0,2688,2688
6053014107,"Monterey, CA (CT)",13,2748,2761,16,7072,7088
6053014201,"Monterey, CA (CT)",0,1793,1793,0,5133,5133
6053014202,"Monterey, CA (CT)",0,1657,1657,0,4075,4075
6053014301,"Monterey, CA (CT)",1,1471,1472,2,3600,3602
6053014302,"Monterey, CA (CT)",75,1505,1580,216,3808,4024
6053014500,"Monterey, CA (CT)",2,1667,1669,2,4408,4410
6053014601,"Monterey, CA (CT)",429,903,1332,1274,3958,5232
6053014700,"Monterey, CA (CT)",759,1450,2209,2067,4553,6620
6053014800,"Monterey, CA (CT)",577,892,1469,2193,3919,6112
6053980000,"Monterey, CA (CT)",1,0,1,7,0,7
6053990000,"Monterey, CA (CT)",0,0,0,0,0,0
6055200201,"Napa, CA (CT)",0,1381,1381,0,3466,3466
6055200202,"Napa, CA (CT)",0,1195,1195,0,2856,2856
6055200203,"Napa, CA (CT)",0,897,897,0,2497,2497
6055200301,"Napa, CA (CT)",0,1808,1808,0,5095,5095
6055200302,"Napa, CA (CT)",0,889,889,0,2504,2504
6055200400,"Napa, CA (CT)",0,1669,1669,0,3618,3618
6055200501,"Napa, CA (CT)",0,1804,1804,0,5013,5013
6055200503,"Napa, CA (CT)",0,758,758,0,1769,1769
6055200504,"Napa, CA (CT)",0,2447,2447,0,6431,6431
6055200505,"Napa, CA (CT)",0,1085,1085,0,2460,2460
6055200601,"Napa, CA (CT)",0,1702,1702,0,5016,5016
6055200602,"Napa, CA (CT)",0,1956,1956,0,4468,4468
6055200703,"Napa, CA (CT)",0,1197,1197,0,3047,3047
6055200704,"Napa, CA (CT)",0,1703,1703,0,4514,4514
6055200705,"Napa, CA (CT)",0,1037,1037,0,2776,2776
6055200706,"Napa, CA (CT)",0,1170,1170,0,3283,3283
6055200707,"Napa, CA (CT)",0,1433,1433,0,3152,3152
6055200802,"Napa, CA (CT)",86,2310,2396,194,5287,5481
6055200803,"Napa, CA (CT)",0,881,881,0,2165,2165
6055200804,"Napa, CA (CT)",0,1649,1649,0,5566,5566
6055200900,"Napa, CA (CT)",0,29,29,0,1230,1230
6055201003,"Napa, CA (CT)",305,1100,1405,741,3648,4389
6055201004,"Napa, CA (CT)",0,2028,2028,0,6081,6081
6055201005,"Napa, CA (CT)",16,692,708,40,2378,2418
6055201006,"Napa, CA (CT)",0,1005,1005,0,3283,3283
6055201007,"Napa, CA (CT)",0,1168,1168,0,4089,4089
6055201101,"Napa, CA (CT)",0,794,794,0,1996,1996
6055201102,"Napa, CA (CT)",1006,23,1029,2009,46,2055
6055201200,"Napa, CA (CT)",538,1638,2176,1018,3721,4739
6055201300,"Napa, CA (CT)",0,1252,1252,0,2933,2933
6055201401,"Napa, CA (CT)",1791,464,2255,2282,832,3114
6055201402,"Napa, CA (CT)",809,464,1273,1779,1092,2871
6055201403,"Napa, CA (CT)",379,0,379,800,0,800
6055201500,"Napa, CA (CT)",955,169,1124,1501,367,1868
6055201601,"Napa, CA (CT)",0,1027,1027,0,2287,2287
6055201602,"Napa, CA (CT)",0,1749,1749,0,3527,3527
6055201700,"Napa, CA (CT)",1903,279,2182,4827,546,5373
6055201800,"Napa, CA (CT)",1015,0,1015,1806,0,1806
6055201900,"Napa, CA (CT)",785,0,785,1293,0,1293
6055202000,"Napa, CA (CT)",0,2319,2319,0,5155,5155
6057000102,"Nevada, CA (CT)",474,2458,2932,1092,5585,6677
6057000103,"Nevada, CA (CT)",1424,2023,3447,3378,4515,7893
6057000104,"Nevada, CA (CT)",176,1477,1653,395,2795,3190
6057000105,"Nevada, CA (CT)",1045,182,1227,2329,463,2792
6057000200,"Nevada, CA (CT)",1163,0,1163,2700,0,2700
6057000300,"Nevada, CA (CT)",1028,17,1045,2307,46,2353
6057000401,"Nevada, CA (CT)",190,2794,2984,390,5354,5744
6057000402,"Nevada, CA (CT)",2302,753,3055,5112,1814,6926
6057000501,"Nevada, CA (CT)",80,2933,3013,204,5830,6034
6057000502,"Nevada, CA (CT)",107,2164,2271,204,4460,4664
6057000600,"Nevada, CA (CT)",37,3158,3195,65,6172,6237
6057000701,"Nevada, CA (CT)",2400,1131,3531,4887,2549,7436
6057000702,"Nevada, CA (CT)",1447,438,1885,2963,1005,3968
6057000801,"Nevada, CA (CT)",2277,120,2397,4638,250,4888
6057000802,"Nevada, CA (CT)",674,2486,3160,1447,5081,6528
6057000900,"Nevada, CA (CT)",2696,0,2696,4348,0,4348
6057001203,"Nevada, CA (CT)",3712,213,3925,2489,438,2927
6057001204,"Nevada, CA (CT)",2437,1607,4044,1477,1355,2832
6057001205,"Nevada, CA (CT)",580,1503,2083,925,3612,4537
6057001206,"Nevada, CA (CT)",162,2722,2884,264,5826,6090
6059001101,"Orange, CA (CT)",0,1529,1529,0,4523,4523
6059001102,"Orange, CA (CT)",0,1099,1099,0,3144,3144
6059001103,"Orange, CA (CT)",0,1474,1474,0,4489,4489
6059001201,"Orange, CA (CT)",0,1476,1476,0,5505,5505
6059001202,"Orange, CA (CT)",0,947,947,0,3586,3586
6059001301,"Orange, CA (CT)",0,2635,2635,0,6423,6423
6059001303,"Orange, CA (CT)",0,1909,1909,0,5752,5752
6059001304,"Orange, CA (CT)",0,1168,1168,0,3803,3803
6059001401,"Orange, CA (CT)",0,1881,1881,0,5013,5013
6059001402,"Orange, CA (CT)",0,1600,1600,0,5185,5185
6059001403,"Orange, CA (CT)",0,1088,1088,0,3239,3239
6059001404,"Orange, CA (CT)",0,1065,1065,0,3972,3972
6059001501,"Orange, CA (CT)",0,2491,2491,0,6373,6373
6059001503,"Orange, CA (CT)",0,1792,1792,0,5099,5099
6059001504,"Orange, CA (CT)",0,1812,1812,0,4605,4605
6059001505,"Orange, CA (CT)",0,2486,2486,0,6876,6876
6059001506,"Orange, CA (CT)",0,1627,1627,0,4109,4109
6059001507,"Orange, CA (CT)",0,1993,1993,0,4665,4665
6059001601,"Orange, CA (CT)",0,2956,2956,0,7989,7989
6059001602,"Orange, CA (CT)",0,1883,1883,0,4687,4687
6059001704,"Orange, CA (CT)",0,2380,2380,0,7451,7451
6059001705,"Orange, CA (CT)",0,1509,1509,0,4343,4343
6059001706,"Orange, CA (CT)",0,1444,1444,0,3869,3869
6059001707,"Orange, CA (CT)",0,2569,2569,0,7482,7482
6059001708,"Orange, CA (CT)",0,1324,1324,0,3786,3786
6059001801,"Orange, CA (CT)",0,1603,1603,0,5544,5544
6059001802,"Orange, CA (CT)",0,2228,2228,0,7154,7154
6059001901,"Orange, CA (CT)",0,809,809,0,2810,2810
6059001902,"Orange, CA (CT)",0,807,807,0,2967,2967
6059001903,"Orange, CA (CT)",0,947,947,0,3418,3418
6059011000,"Orange, CA (CT)",0,2493,2493,0,6626,6626
6059011101,"Orange, CA (CT)",0,1298,1298,0,4140,4140
6059011102,"Orange, CA (CT)",0,1167,1167,0,4356,4356
6059011200,"Orange, CA (CT)",0,1654,1654,0,3916,3916
6059011300,"Orange, CA (CT)",0,2092,2092,0,4379,4379
6059011401,"Orange, CA (CT)",0,780,780,0,1982,1982
6059011402,"Orange, CA (CT)",0,869,869,0,2325,2325
6059011403,"Orange, CA (CT)",0,2036,2036,0,5565,5565
6059011502,"Orange, CA (CT)",0,1476,1476,0,4101,4101
6059011503,"Orange, CA (CT)",0,575,575,0,1727,1727
6059011504,"Orange, CA (CT)",0,2279,2279,0,5473,5473
6059011601,"Orange, CA (CT)",0,2316,2316,0,7955,7955
6059011602,"Orange, CA (CT)",0,1506,1506,0,5237,5237
6059011707,"Orange, CA (CT)",0,2469,2469,0,6045,6045
6059011708,"Orange, CA (CT)",0,2023,2023,0,4317,4317
6059011709,"Orange, CA (CT)",0,1483,1483,0,4355,4355
6059011710,"Orange, CA (CT)",0,1259,1259,0,3442,3442
6059011711,"Orange, CA (CT)",0,2831,2831,0,7305,7305
6059011712,"Orange, CA (CT)",0,1603,1603,0,4865,4865
6059011714,"Orange, CA (CT)",0,397,397,0,499,499
6059011715,"Orange, CA (CT)",0,2463,2463,0,6369,6369
6059011716,"Orange, CA (CT)",0,1664,1664,0,5410,5410
6059011717,"Orange, CA (CT)",0,938,938,0,2746,2746
6059011718,"Orange, CA (CT)",0,1108,1108,0,3263,3263
6059011720,"Orange, CA (CT)",0,1504,1504,0,7329,7329
6059011721,"Orange, CA (CT)",0,1603,1603,0,5023,5023
6059011722,"Orange, CA (CT)",0,1066,1066,0,2363,2363
6059021802,"Orange, CA (CT)",0,2672,2672,0,7091,7091
6059021807,"Orange, CA (CT)",0,1370,1370,0,4131,4131
6059021809,"Orange, CA (CT)",0,1065,1065,0,2902,2902
6059021810,"Orange, CA (CT)",0,1215,1215,0,3627,3627
6059021812,"Orange, CA (CT)",0,2224,2224,0,6339,6339
6059021813,"Orange, CA (CT)",0,11,11,0,25,25
6059021814,"Orange, CA (CT)",0,2598,2598,0,6816,6816
6059021815,"Orange, CA (CT)",150,2514,2664,396,7355,7751
6059021816,"Orange, CA (CT)",0,1775,1775,0,4833,4833
6059021817,"Orange, CA (CT)",0,1280,1280,0,3479,3479
6059021820,"Orange, CA (CT)",0,1428,1428,0,4258,4258
6059021821,"Orange, CA (CT)",0,2424,2424,0,6582,6582
6059021822,"Orange, CA (CT)",3,2496,2499,7,7481,7488
6059021823,"Orange, CA (CT)",0,1079,1079,0,3299,3299
6059021824,"Orange, CA (CT)",0,864,864,0,2678,2678
6059021825,"Orange, CA (CT)",0,1115,1115,0,3107,3107
6059021826,"Orange, CA (CT)",0,1092,1092,0,2682,2682
6059021827,"Orange, CA (CT)",90,979,1069,248,2780,3028
6059021828,"Orange, CA (CT)",0,1318,1318,0,4362,4362
6059021829,"Orange, CA (CT)",0,1791,1791,0,5329,5329
6059021830,"Orange, CA (CT)",0,2039,2039,0,5862,5862
6059021903,"Orange, CA (CT)",0,1216,1216,0,4034,4034
6059021905,"Orange, CA (CT)",0,1800,1800,0,5485,5485
6059021912,"Orange, CA (CT)",4,1577,1581,10,4818,4828
6059021913,"Orange, CA (CT)",0,1964,1964,0,8140,8140
6059021914,"Orange, CA (CT)",0,1413,1413,0,4218,4218
6059021915,"Orange, CA (CT)",0,1494,1494,0,3985,3985
6059021916,"Orange, CA (CT)",0,1454,1454,0,3529,3529
6059021917,"Orange, CA (CT)",0,1207,1207,0,3435,3435
6059021918,"Orange, CA (CT)",0,1830,1830,0,5067,5067
6059021919,"Orange, CA (CT)",0,973,973,0,2662,2662
6059021920,"Orange, CA (CT)",0,2544,2544,0,6892,6892
6059021921,"Orange, CA (CT)",0,1437,1437,0,4496,4496
6059021922,"Orange, CA (CT)",0,2333,2333,0,4834,4834
6059021923,"Orange, CA (CT)",3,2417,2420,9,6634,6643
6059021924,"Orange, CA (CT)",5,1419,1424,11,4181,4192
6059032002,"Orange, CA (CT)",0,2078,2078,0,6210,6210
6059032003,"Orange, CA (CT)",0,1583,1583,0,4852,4852
6059032011,"Orange, CA (CT)",648,105,753,1339,267,1606
6059032012,"Orange, CA (CT)",0,1290,1290,0,3626,3626
6059032013,"Orange, CA (CT)",0,2136,2136,0,4984,4984
6059032014,"Orange, CA (CT)",0,2070,2070,0,6323,6323
6059032015,"Orange, CA (CT)",0,1959,1959,0,6548,6548
6059032020,"Orange, CA (CT)",0,1910,1910,0,5715,5715
6059032022,"Orange, CA (CT)",0,2404,2404,0,6833,6833
6059032023,"Orange, CA (CT)",1,4547,4548,4,13540,13544
6059032027,"Orange, CA (CT)",0,2045,2045,0,6328,6328
6059032028,"Orange, CA (CT)",0,1321,1321,0,3102,3102
6059032029,"Orange, CA (CT)",0,1451,1451,0,4328,4328
6059032030,"Orange, CA (CT)",0,1289,1289,0,3819,3819
6059032031,"Orange, CA (CT)",0,1171,1171,0,3654,3654
6059032032,"Orange, CA (CT)",0,1035,1035,0,3075,3075
6059032033,"Orange, CA (CT)",0,1499,1499,0,3624,3624
6059032034,"Orange, CA (CT)",0,1848,1848,0,5898,5898
6059032035,"Orange, CA (CT)",0,1058,1058,0,2373,2373
6059032036,"Orange, CA (CT)",0,1311,1311,0,3539,3539
6059032037,"Orange, CA (CT)",0,2610,2610,0,4929,4929
6059032038,"Orange, CA (CT)",0,2130,2130,0,6602,6602
6059032039,"Orange, CA (CT)",0,2228,2228,0,6696,6696
6059032040,"Orange, CA (CT)",0,885,885,0,2612,2612
6059032041,"Orange, CA (CT)",279,141,420,659,363,1022
6059032042,"Orange, CA (CT)",0,1816,1816,0,5796,5796
6059032043,"Orange, CA (CT)",13,1237,1250,45,3942,3987
6059032044,"Orange, CA (CT)",128,1883,2011,417,5343,5760
6059032045,"Orange, CA (CT)",0,938,938,0,2978,2978
6059032046,"Orange, CA (CT)",0,1872,1872,0,6005,6005
6059032047,"Orange, CA (CT)",0,1738,1738,0,3652,3652
6059032048,"Orange, CA (CT)",0,2249,2249,0,5590,5590
6059032049,"Orange, CA (CT)",33,3040,3073,174,9194,9368
6059032050,"Orange, CA (CT)",0,1744,1744,0,4906,4906
6059032051,"Orange, CA (CT)",0,2027,2027,0,4580,4580
6059032053,"Orange, CA (CT)",0,3068,3068,0,7976,7976
6059032054,"Orange, CA (CT)",0,2391,2391,0,5288,5288
6059032055,"Orange, CA (CT)",0,1442,1442,0,3884,3884
6059032056,"Orange, CA (CT)",159,2167,2326,301,6771,7072
6059032057,"Orange, CA (CT)",0,2381,2381,0,7218,7218
6059032058,"Orange, CA (CT)",0,2253,2253,0,7312,7312
6059032059,"Orange, CA (CT)",0,2483,2483,0,7975,7975
6059032061,"Orange, CA (CT)",3,1352,1355,7,3342,3349
6059042103,"Orange, CA (CT)",0,3360,3360,0,7418,7418
6059042106,"Orange, CA (CT)",0,818,818,0,1377,1377
6059042107,"Orange, CA (CT)",0,1513,1513,0,4254,4254
6059042108,"Orange, CA (CT)",0,3091,3091,0,5697,5697
6059042109,"Orange, CA (CT)",0,2138,2138,0,4865,4865
6059042111,"Orange, CA (CT)",0,2188,2188,0,5994,5994
6059042112,"Orange, CA (CT)",0,2308,2308,0,6858,6858
6059042113,"Orange, CA (CT)",0,1839,1839,0,4364,4364
6059042114,"Orange, CA (CT)",0,1698,1698,0,3718,3718
6059042201,"Orange, CA (CT)",0,2722,2722,0,5639,5639
6059042203,"Orange, CA (CT)",0,3030,3030,0,7015,7015
6059042205,"Orange, CA (CT)",0,2545,2545,0,6780,6780
6059042206,"Orange, CA (CT)",0,1536,1536,0,3287,3287
6059042305,"Orange, CA (CT)",0,1886,1886,0,3432,3432
6059042307,"Orange, CA (CT)",0,2252,2252,0,6900,6900
6059042310,"Orange, CA (CT)",0,3178,3178,0,8391,8391
6059042311,"Orange, CA (CT)",0,2300,2300,0,5996,5996
6059042312,"Orange, CA (CT)",0,2381,2381,0,9085,9085
6059042313,"Orange, CA (CT)",0,3107,3107,0,6471,6471
6059042315,"Orange, CA (CT)",0,2356,2356,0,5900,5900
6059042317,"Orange, CA (CT)",0,1369,1369,0,3331,3331
6059042319,"Orange, CA (CT)",0,1144,1144,0,3334,3334
6059042320,"Orange, CA (CT)",0,2587,2587,0,5665,5665
6059042323,"Orange, CA (CT)",0,2713,2713,0,4512,4512
6059042324,"Orange, CA (CT)",0,2376,2376,0,4241,4241
6059042325,"Orange, CA (CT)",0,1538,1538,0,3375,3375
6059042326,"Orange, CA (CT)",0,1819,1819,0,4608,4608
6059042327,"Orange, CA (CT)",0,1716,1716,0,4814,4814
6059042328,"Orange, CA (CT)",0,824,824,0,2524,2524
6059042329,"Orange, CA (CT)",0,1416,1416,0,3772,3772
6059042330,"Orange, CA (CT)",0,2208,2208,0,6378,6378
6059042331,"Orange, CA (CT)",0,2114,2114,0,5215,5215
6059042332,"Orange, CA (CT)",0,2317,2317,0,5399,5399
6059042333,"Orange, CA (CT)",0,1411,1411,0,4014,4014
6059042334,"Orange, CA (CT)",0,2245,2245,0,5300,5300
6059042335,"Orange, CA (CT)",0,2424,2424,0,5829,5829
6059042336,"Orange, CA (CT)",0,1573,1573,0,4430,4430
6059042337,"Orange, CA (CT)",0,1394,1394,0,3639,3639
6059042338,"Orange, CA (CT)",0,2045,2045,0,4580,4580
6059042339,"Orange, CA (CT)",0,1505,1505,0,3208,3208
6059052404,"Orange, CA (CT)",15,1,16,23,526,549
6059052408,"Orange, CA (CT)",0,2155,2155,0,6154,6154
6059052410,"Orange, CA (CT)",0,2139,2139,0,5403,5403
6059052411,"Orange, CA (CT)",0,1337,1337,0,5182,5182
6059052415,"Orange, CA (CT)",0,1294,1294,0,3944,3944
6059052416,"Orange, CA (CT)",0,1271,1271,0,4006,4006
6059052417,"Orange, CA (CT)",0,2420,2420,0,6771,6771
6059052418,"Orange, CA (CT)",0,5055,5055,0,12096,12096
6059052419,"Orange, CA (CT)",0,1145,1145,0,3456,3456
6059052420,"Orange, CA (CT)",0,7084,7084,0,21098,21098
6059052421,"Orange, CA (CT)",0,1966,1966,0,5111,5111
6059052422,"Orange, CA (CT)",0,1496,1496,0,4165,4165
6059052423,"Orange, CA (CT)",0,2131,2131,0,5545,5545
6059052424,"Orange, CA (CT)",0,1929,1929,0,5015,5015
6059052425,"Orange, CA (CT)",0,2361,2361,0,5865,5865
6059052426,"Orange, CA (CT)",84,3126,3210,223,7734,7957
6059052427,"Orange, CA (CT)",0,1742,1742,0,5119,5119
6059052428,"Orange, CA (CT)",0,2181,2181,0,6217,6217
6059052502,"Orange, CA (CT)",0,2001,2001,0,5913,5913
6059052505,"Orange, CA (CT)",0,2042,2042,0,4916,4916
6059052506,"Orange, CA (CT)",0,831,831,0,2490,2490
6059052511,"Orange, CA (CT)",0,2229,2229,0,5672,5672
6059052513,"Orange, CA (CT)",0,2371,2371,0,5675,5675
6059052514,"Orange, CA (CT)",0,2157,2157,0,5327,5327
6059052515,"Orange, CA (CT)",0,3217,3217,0,8833,8833
6059052517,"Orange, CA (CT)",0,4247,4247,0,10096,10096
6059052518,"Orange, CA (CT)",0,2199,2199,0,2688,2688
6059052519,"Orange, CA (CT)",0,1624,1624,0,4212,4212
6059052520,"Orange, CA (CT)",0,1336,1336,0,3460,3460
6059052521,"Orange, CA (CT)",0,2378,2378,0,5391,5391
6059052522,"Orange, CA (CT)",0,1448,1448,0,4123,4123
6059052523,"Orange, CA (CT)",0,1555,1555,0,4175,4175
6059052524,"Orange, CA (CT)",0,3100,3100,0,7952,7952
6059052525,"Orange, CA (CT)",0,6104,6104,0,15473,15473
6059052526,"Orange, CA (CT)",0,1365,1365,0,4355,4355
6059052527,"Orange, CA (CT)",0,2750,2750,0,8391,8391
6059052528,"Orange, CA (CT)",0,1251,1251,0,3469,3469
6059062604,"Orange, CA (CT)",84,6630,6714,294,14880,15174
6059062605,"Orange, CA (CT)",0,2193,2193,0,3094,3094
6059062610,"Orange, CA (CT)",0,4765,4765,0,6393,6393
6059062611,"Orange, CA (CT)",0,1816,1816,0,4105,4105
6059062612,"Orange, CA (CT)",0,3116,3116,0,8186,8186
6059062614,"Orange, CA (CT)",0,3713,3713,0,14044,14044
6059062619,"Orange, CA (CT)",0,2014,2014,0,3885,3885
6059062620,"Orange, CA (CT)",0,2694,2694,0,5065,5065
6059062621,"Orange, CA (CT)",0,1918,1918,0,4800,4800
6059062622,"Orange, CA (CT)",0,3006,3006,0,4072,4072
6059062625,"Orange, CA (CT)",0,2119,2119,0,4381,4381
6059062626,"Orange, CA (CT)",0,1066,1066,0,2773,2773
6059062627,"Orange, CA (CT)",0,1599,1599,0,3308,3308
6059062628,"Orange, CA (CT)",0,990,990,0,3581,3581
6059062629,"Orange, CA (CT)",0,915,915,0,2660,2660
6059062630,"Orange, CA (CT)",0,774,774,0,1722,1722
6059062631,"Orange, CA (CT)",0,1275,1275,0,3303,3303
6059062632,"Orange, CA (CT)",61,2079,2140,121,3858,3979
6059062633,"Orange, CA (CT)",0,1897,1897,0,6545,6545
6059062634,"Orange, CA (CT)",0,2037,2037,0,5466,5466
6059062635,"Orange, CA (CT)",0,1682,1682,0,4039,4039
6059062636,"Orange, CA (CT)",0,1521,1521,0,3690,3690
6059062637,"Orange, CA (CT)",0,2181,2181,0,4525,4525
6059062638,"Orange, CA (CT)",0,2476,2476,0,6161,6161
6059062639,"Orange, CA (CT)",0,2718,2718,0,6996,6996
6059062640,"Orange, CA (CT)",0,1669,1669,0,3407,3407
6059062641,"Orange, CA (CT)",0,1880,1880,0,4249,4249
6059062642,"Orange, CA (CT)",0,1362,1362,0,2832,2832
6059062643,"Orange, CA (CT)",11,2931,2942,27,7219,7246
6059062644,"Orange, CA (CT)",0,3486,3486,0,8249,8249
6059062645,"Orange, CA (CT)",0,2700,2700,0,6084,6084
6059062646,"Orange, CA (CT)",0,2872,2872,0,3257,3257
6059062647,"Orange, CA (CT)",0,2413,2413,0,4123,4123
6059062648,"Orange, CA (CT)",0,2255,2255,0,2774,2774
6059062649,"Orange, CA (CT)",0,2173,2173,0,3257,3257
6059062701,"Orange, CA (CT)",0,1647,1647,0,2800,2800
6059062702,"Orange, CA (CT)",0,2695,2695,0,4713,4713
6059062800,"Orange, CA (CT)",0,2951,2951,0,4220,4220
6059062900,"Orange, CA (CT)",0,935,935,0,1626,1626
6059063004,"Orange, CA (CT)",0,3458,3458,0,5917,5917
6059063005,"Orange, CA (CT)",0,961,961,0,1365,1365
6059063006,"Orange, CA (CT)",0,2111,2111,0,2756,2756
6059063007,"Orange, CA (CT)",0,3180,3180,0,6958,6958
6059063008,"Orange, CA (CT)",0,670,670,0,857,857
6059063009,"Orange, CA (CT)",0,737,737,0,1674,1674
6059063010,"Orange, CA (CT)",0,3364,3364,0,7096,7096
6059063101,"Orange, CA (CT)",0,1272,1272,0,2733,2733
6059063102,"Orange, CA (CT)",0,2953,2953,0,6257,6257
6059063103,"Orange, CA (CT)",0,1107,1107,0,2643,2643
6059063201,"Orange, CA (CT)",0,1693,1693,0,3801,3801
6059063202,"Orange, CA (CT)",0,1579,1579,0,3556,3556
6059063301,"Orange, CA (CT)",0,1473,1473,0,2941,2941
6059063302,"Orange, CA (CT)",0,1730,1730,0,4165,4165
6059063400,"Orange, CA (CT)",0,2174,2174,0,4795,4795
6059063500,"Orange, CA (CT)",0,3669,3669,0,5775,5775
6059063601,"Orange, CA (CT)",0,1377,1377,0,3647,3647
6059063603,"Orange, CA (CT)",0,3393,3393,0,6223,6223
6059063604,"Orange, CA (CT)",0,1442,1442,0,3835,3835
6059063605,"Orange, CA (CT)",0,1508,1508,0,5672,5672
6059063701,"Orange, CA (CT)",0,1709,1709,0,6266,6266
6059063702,"Orange, CA (CT)",0,2130,2130,0,5767,5767
6059063802,"Orange, CA (CT)",0,1065,1065,0,2914,2914
6059063803,"Orange, CA (CT)",0,1662,1662,0,4437,4437
6059063805,"Orange, CA (CT)",0,904,904,0,2415,2415
6059063806,"Orange, CA (CT)",0,1420,1420,0,3790,3790
6059063807,"Orange, CA (CT)",0,2017,2017,0,4957,4957
6059063808,"Orange, CA (CT)",0,1629,1629,0,6393,6393
6059063902,"Orange, CA (CT)",0,2744,2744,0,6670,6670
6059063903,"Orange, CA (CT)",0,1146,1146,0,3957,3957
6059063904,"Orange, CA (CT)",0,1314,1314,0,4658,4658
6059063905,"Orange, CA (CT)",0,1879,1879,0,4375,4375
6059063906,"Orange, CA (CT)",0,2318,2318,0,6591,6591
6059063907,"Orange, CA (CT)",0,3571,3571,0,6994,6994
6059063908,"Orange, CA (CT)",0,2599,2599,0,5430,5430
6059074003,"Orange, CA (CT)",0,1178,1178,0,3137,3137
6059074004,"Orange, CA (CT)",0,2279,2279,0,7444,7444
6059074005,"Orange, CA (CT)",0,1628,1628,0,7432,7432
6059074006,"Orange, CA (CT)",0,1993,1993,0,5555,5555
6059074102,"Orange, CA (CT)",0,1317,1317,0,6819,6819
6059074103,"Orange, CA (CT)",0,925,925,0,5026,5026
6059074106,"Orange, CA (CT)",0,1894,1894,0,6015,6015
6059074107,"Orange, CA (CT)",0,2648,2648,0,5512,5512
6059074108,"Orange, CA (CT)",0,920,920,0,5226,5226
6059074109,"Orange, CA (CT)",0,665,665,0,3801,3801
6059074110,"Orange, CA (CT)",0,953,953,0,3843,3843
6059074111,"Orange, CA (CT)",0,1369,1369,0,5568,5568
6059074200,"Orange, CA (CT)",0,1757,1757,0,9450,9450
6059074300,"Orange, CA (CT)",0,812,812,0,4392,4392
6059074403,"Orange, CA (CT)",0,1294,1294,0,5688,5688
6059074405,"Orange, CA (CT)",0,1468,1468,0,5820,5820
6059074406,"Orange, CA (CT)",0,999,999,0,3797,3797
6059074407,"Orange, CA (CT)",0,1816,1816,0,6700,6700
6059074408,"Orange, CA (CT)",0,1640,1640,0,5399,5399
6059074501,"Orange, CA (CT)",0,1391,1391,0,6880,6880
6059074502,"Orange, CA (CT)",0,1008,1008,0,5674,5674
6059074601,"Orange, CA (CT)",0,1692,1692,0,8286,8286
6059074602,"Orange, CA (CT)",0,1705,1705,0,9156,9156
6059074701,"Orange, CA (CT)",0,1426,1426,0,8346,8346
6059074702,"Orange, CA (CT)",0,1118,1118,0,6316,6316
6059074801,"Orange, CA (CT)",0,969,969,0,5499,5499
6059074802,"Orange, CA (CT)",0,1114,1114,0,5845,5845
6059074803,"Orange, CA (CT)",0,1833,1833,0,9053,9053
6059074805,"Orange, CA (CT)",0,1121,1121,0,5962,5962
6059074806,"Orange, CA (CT)",0,899,899,0,5057,5057
6059074901,"Orange, CA (CT)",0,1927,1927,0,9170,9170
6059074902,"Orange, CA (CT)",0,1193,1193,0,6627,6627
6059075002,"Orange, CA (CT)",0,2401,2401,0,8605,8605
6059075003,"Orange, CA (CT)",0,1712,1712,0,7408,7408
6059075004,"Orange, CA (CT)",0,1315,1315,0,5245,5245
6059075100,"Orange, CA (CT)",0,2057,2057,0,9983,9983
6059075201,"Orange, CA (CT)",0,1116,1116,0,5822,5822
6059075202,"Orange, CA (CT)",0,1140,1140,0,5753,5753
6059075301,"Orange, CA (CT)",0,1615,1615,0,5712,5712
6059075302,"Orange, CA (CT)",0,1133,1133,0,4481,4481
6059075303,"Orange, CA (CT)",0,1287,1287,0,3412,3412
6059075401,"Orange, CA (CT)",0,1276,1276,0,3895,3895
6059075403,"Orange, CA (CT)",0,2500,2500,0,7081,7081
6059075404,"Orange, CA (CT)",0,2154,2154,0,6347,6347
6059075405,"Orange, CA (CT)",0,982,982,0,2980,2980
6059075504,"Orange, CA (CT)",0,1590,1590,0,4041,4041
6059075505,"Orange, CA (CT)",0,1474,1474,0,3599,3599
6059075506,"Orange, CA (CT)",0,1207,1207,0,3437,3437
6059075507,"Orange, CA (CT)",0,2010,2010,0,5187,5187
6059075512,"Orange, CA (CT)",0,1194,1194,0,3548,3548
6059075513,"Orange, CA (CT)",0,1552,1552,0,5074,5074
6059075514,"Orange, CA (CT)",0,1184,1184,0,3703,3703
6059075515,"Orange, CA (CT)",0,5626,5626,0,15295,15295
6059075603,"Orange, CA (CT)",0,1419,1419,0,3790,3790
6059075604,"Orange, CA (CT)",0,2738,2738,0,7487,7487
6059075605,"Orange, CA (CT)",0,2183,2183,0,5776,5776
6059075606,"Orange, CA (CT)",0,2398,2398,0,6941,6941
6059075607,"Orange, CA (CT)",0,2960,2960,0,6065,6065
6059075701,"Orange, CA (CT)",0,2181,2181,0,6879,6879
6059075702,"Orange, CA (CT)",0,1168,1168,0,3343,3343
6059075703,"Orange, CA (CT)",0,1391,1391,0,4069,4069
6059075805,"Orange, CA (CT)",0,1374,1374,0,4213,4213
6059075806,"Orange, CA (CT)",0,2146,2146,0,6121,6121
6059075807,"Orange, CA (CT)",0,1253,1253,0,4324,4324
6059075808,"Orange, CA (CT)",0,1153,1153,0,3404,3404
6059075809,"Orange, CA (CT)",0,1082,1082,0,3023,3023
6059075810,"Orange, CA (CT)",0,1019,1019,0,3046,3046
6059075811,"Orange, CA (CT)",0,810,810,0,3332,3332
6059075812,"Orange, CA (CT)",0,1911,1911,0,6573,6573
6059075813,"Orange, CA (CT)",0,1746,1746,0,5069,5069
6059075814,"Orange, CA (CT)",0,1186,1186,0,3327,3327
6059075815,"Orange, CA (CT)",0,1635,1635,0,5176,5176
6059075816,"Orange, CA (CT)",0,1232,1232,0,3709,3709
6059075901,"Orange, CA (CT)",0,1698,1698,0,4126,4126
6059075902,"Orange, CA (CT)",0,2920,2920,0,6548,6548
6059076000,"Orange, CA (CT)",0,3334,3334,0,8371,8371
6059076101,"Orange, CA (CT)",0,3705,3705,0,8933,8933
6059076102,"Orange, CA (CT)",0,1694,1694,0,7487,7487
6059076103,"Orange, CA (CT)",0,2538,2538,0,9137,9137
6059076201,"Orange, CA (CT)",0,2500,2500,0,6772,6772
6059076202,"Orange, CA (CT)",0,2005,2005,0,5812,5812
6059076204,"Orange, CA (CT)",0,1214,1214,0,4492,4492
6059076205,"Orange, CA (CT)",0,1669,1669,0,6847,6847
6059076206,"Orange, CA (CT)",0,1629,1629,0,4517,4517
6059076208,"Orange, CA (CT)",0,1728,1728,0,4999,4999
6059086301,"Orange, CA (CT)",0,1784,1784,0,7474,7474
6059086303,"Orange, CA (CT)",0,2591,2591,0,6212,6212
6059086304,"Orange, CA (CT)",0,1734,1734,0,4847,4847
6059086305,"Orange, CA (CT)",0,1130,1130,0,4006,4006
6059086306,"Orange, CA (CT)",0,1312,1312,0,3658,3658
6059086402,"Orange, CA (CT)",0,1406,1406,0,5651,5651
6059086404,"Orange, CA (CT)",0,1498,1498,0,6546,6546
6059086405,"Orange, CA (CT)",0,1740,1740,0,6578,6578
6059086406,"Orange, CA (CT)",0,1394,1394,0,4330,4330
6059086407,"Orange, CA (CT)",0,2125,2125,0,6488,6488
6059086501,"Orange, CA (CT)",0,1199,1199,0,4848,4848
6059086502,"Orange, CA (CT)",0,1397,1397,0,6551,6551
6059086601,"Orange, CA (CT)",0,2454,2454,0,9584,9584
6059086602,"Orange, CA (CT)",0,1737,1737,0,6131,6131
6059086701,"Orange, CA (CT)",0,2505,2505,0,8876,8876
6059086702,"Orange, CA (CT)",0,1932,1932,0,7094,7094
6059086801,"Orange, CA (CT)",0,979,979,0,3267,3267
6059086802,"Orange, CA (CT)",0,1556,1556,0,5913,5913
6059086803,"Orange, CA (CT)",0,2781,2781,0,7478,7478
6059086901,"Orange, CA (CT)",0,2852,2852,0,8725,8725
6059086902,"Orange, CA (CT)",0,1817,1817,0,5614,5614
6059086903,"Orange, CA (CT)",0,2063,2063,0,6861,6861
6059087001,"Orange, CA (CT)",0,1682,1682,0,5537,5537
6059087002,"Orange, CA (CT)",0,2314,2314,0,6922,6922
6059087101,"Orange, CA (CT)",0,1900,1900,0,4635,4635
6059087102,"Orange, CA (CT)",0,1676,1676,0,5816,5816
6059087103,"Orange, CA (CT)",0,2360,2360,0,8470,8470
6059087105,"Orange, CA (CT)",0,1518,1518,0,4635,4635
6059087106,"Orange, CA (CT)",0,1487,1487,0,5097,5097
6059087200,"Orange, CA (CT)",0,2584,2584,0,7643,7643
6059087300,"Orange, CA (CT)",0,3321,3321,0,10413,10413
6059087401,"Orange, CA (CT)",0,1154,1154,0,3954,3954
6059087403,"Orange, CA (CT)",0,752,752,0,3186,3186
6059087404,"Orange, CA (CT)",0,795,795,0,3591,3591
6059087405,"Orange, CA (CT)",0,1381,1381,0,5912,5912
6059087503,"Orange, CA (CT)",0,1843,1843,0,6808,6808
6059087504,"Orange, CA (CT)",0,1780,1780,0,7141,7141
6059087505,"Orange, CA (CT)",0,1432,1432,0,5222,5222
6059087601,"Orange, CA (CT)",0,1474,1474,0,4808,4808
6059087602,"Orange, CA (CT)",0,2186,2186,0,7722,7722
6059087701,"Orange, CA (CT)",0,1678,1678,0,5323,5323
6059087703,"Orange, CA (CT)",0,1420,1420,0,6246,6246
6059087704,"Orange, CA (CT)",0,1367,1367,0,5061,5061
6059087801,"Orange, CA (CT)",0,1621,1621,0,5337,5337
6059087802,"Orange, CA (CT)",0,2254,2254,0,7146,7146
6059087803,"Orange, CA (CT)",0,1372,1372,0,5658,5658
6059087805,"Orange, CA (CT)",0,1932,1932,0,6952,6952
6059087806,"Orange, CA (CT)",0,1562,1562,0,5702,5702
6059087901,"Orange, CA (CT)",0,1189,1189,0,3638,3638
6059087902,"Orange, CA (CT)",0,1287,1287,0,6039,6039
6059088001,"Orange, CA (CT)",0,1282,1282,0,5004,5004
6059088002,"Orange, CA (CT)",0,1128,1128,0,3936,3936
6059088101,"Orange, CA (CT)",0,677,677,0,2078,2078
6059088104,"Orange, CA (CT)",0,1494,1494,0,4780,4780
6059088105,"Orange, CA (CT)",0,1085,1085,0,4133,4133
6059088106,"Orange, CA (CT)",0,1685,1685,0,4638,4638
6059088107,"Orange, CA (CT)",0,1653,1653,0,5866,5866
6059088201,"Orange, CA (CT)",0,1099,1099,0,4022,4022
6059088202,"Orange, CA (CT)",0,886,886,0,3005,3005
6059088203,"Orange, CA (CT)",0,1507,1507,0,4819,4819
6059088301,"Orange, CA (CT)",0,1750,1750,0,6430,6430
6059088302,"Orange, CA (CT)",0,1793,1793,0,6029,6029
6059088401,"Orange, CA (CT)",0,1311,1311,0,5317,5317
6059088402,"Orange, CA (CT)",0,1298,1298,0,4854,4854
6059088403,"Orange, CA (CT)",0,1924,1924,0,6896,6896
6059088501,"Orange, CA (CT)",0,1824,1824,0,6785,6785
6059088502,"Orange, CA (CT)",0,1434,1434,0,5249,5249
6059088601,"Orange, CA (CT)",0,2152,2152,0,6305,6305
6059088602,"Orange, CA (CT)",0,1337,1337,0,4433,4433
6059088701,"Orange, CA (CT)",0,1952,1952,0,6067,6067
6059088702,"Orange, CA (CT)",0,1585,1585,0,6107,6107
6059088801,"Orange, CA (CT)",0,2614,2614,0,8343,8343
6059088802,"Orange, CA (CT)",0,1471,1471,0,5551,5551
6059088901,"Orange, CA (CT)",0,1723,1723,0,6725,6725
6059088902,"Orange, CA (CT)",0,1200,1200,0,5143,5143
6059088903,"Orange, CA (CT)",0,1949,1949,0,8585,8585
6059088904,"Orange, CA (CT)",0,1417,1417,0,5766,5766
6059088905,"Orange, CA (CT)",0,1350,1350,0,5282,5282
6059089001,"Orange, CA (CT)",0,1671,1671,0,7154,7154
6059089003,"Orange, CA (CT)",0,868,868,0,4012,4012
6059089004,"Orange, CA (CT)",0,1821,1821,0,7011,7011
6059089102,"Orange, CA (CT)",0,1622,1622,0,7217,7217
6059089104,"Orange, CA (CT)",0,1357,1357,0,5376,5376
6059089105,"Orange, CA (CT)",0,1179,1179,0,6387,6387
6059089106,"Orange, CA (CT)",0,980,980,0,3973,3973
6059089107,"Orange, CA (CT)",0,1283,1283,0,5944,5944
6059099202,"Orange, CA (CT)",0,2012,2012,0,8323,8323
6059099203,"Orange, CA (CT)",0,1531,1531,0,6029,6029
6059099204,"Orange, CA (CT)",0,1378,1378,0,4729,4729
6059099212,"Orange, CA (CT)",0,1743,1743,0,4914,4914
6059099214,"Orange, CA (CT)",0,1451,1451,0,3498,3498
6059099215,"Orange, CA (CT)",0,1902,1902,0,5203,5203
6059099216,"Orange, CA (CT)",0,1476,1476,0,4000,4000
6059099217,"Orange, CA (CT)",0,890,890,0,2354,2354
6059099220,"Orange, CA (CT)",0,2440,2440,0,5115,5115
6059099222,"Orange, CA (CT)",0,1659,1659,0,4733,4733
6059099223,"Orange, CA (CT)",0,1712,1712,0,5102,5102
6059099224,"Orange, CA (CT)",0,1105,1105,0,3521,3521
6059099225,"Orange, CA (CT)",0,1045,1045,0,3348,3348
6059099226,"Orange, CA (CT)",0,1133,1133,0,3889,3889
6059099227,"Orange, CA (CT)",0,1953,1953,0,5922,5922
6059099229,"Orange, CA (CT)",0,2512,2512,0,6312,6312
6059099230,"Orange, CA (CT)",0,1532,1532,0,4358,4358
6059099231,"Orange, CA (CT)",0,1789,1789,0,5488,5488
6059099232,"Orange, CA (CT)",0,1967,1967,0,5325,5325
6059099233,"Orange, CA (CT)",0,1077,1077,0,3419,3419
6059099234,"Orange, CA (CT)",0,1232,1232,0,3466,3466
6059099235,"Orange, CA (CT)",0,2013,2013,0,4619,4619
6059099237,"Orange, CA (CT)",0,1250,1250,0,3583,3583
6059099238,"Orange, CA (CT)",0,1392,1392,0,4031,4031
6059099239,"Orange, CA (CT)",0,1382,1382,0,3924,3924
6059099240,"Orange, CA (CT)",0,2168,2168,0,5183,5183
6059099241,"Orange, CA (CT)",0,1658,1658,0,4274,4274
6059099242,"Orange, CA (CT)",0,1131,1131,0,3584,3584
6059099243,"Orange, CA (CT)",0,1855,1855,0,4287,4287
6059099244,"Orange, CA (CT)",0,1919,1919,0,3730,3730
6059099245,"Orange, CA (CT)",0,1098,1098,0,3035,3035
6059099246,"Orange, CA (CT)",0,1240,1240,0,3614,3614
6059099247,"Orange, CA (CT)",0,818,818,0,3287,3287
6059099248,"Orange, CA (CT)",0,1458,1458,0,5290,5290
6059099249,"Orange, CA (CT)",0,839,839,0,4449,4449
6059099250,"Orange, CA (CT)",0,1103,1103,0,3062,3062
6059099251,"Orange, CA (CT)",0,2125,2125,0,5218,5218
6059099305,"Orange, CA (CT)",0,3034,3034,0,7143,7143
6059099306,"Orange, CA (CT)",0,2855,2855,0,6028,6028
6059099307,"Orange, CA (CT)",0,1400,1400,0,2502,2502
6059099308,"Orange, CA (CT)",0,2215,2215,0,5847,5847
6059099309,"Orange, CA (CT)",0,2265,2265,0,4547,4547
6059099310,"Orange, CA (CT)",0,2210,2210,0,4482,4482
6059099311,"Orange, CA (CT)",0,2145,2145,0,3598,3598
6059099402,"Orange, CA (CT)",0,2075,2075,0,8090,8090
6059099404,"Orange, CA (CT)",0,1759,1759,0,4505,4505
6059099405,"Orange, CA (CT)",0,1730,1730,0,4468,4468
6059099406,"Orange, CA (CT)",0,1717,1717,0,4468,4468
6059099407,"Orange, CA (CT)",0,972,972,0,2480,2480
6059099408,"Orange, CA (CT)",0,1699,1699,0,4332,4332
6059099410,"Orange, CA (CT)",0,1598,1598,0,4101,4101
6059099411,"Orange, CA (CT)",0,2099,2099,0,5500,5500
6059099412,"Orange, CA (CT)",0,1922,1922,0,4630,4630
6059099413,"Orange, CA (CT)",0,3522,3522,0,8230,8230
6059099415,"Orange, CA (CT)",0,1969,1969,0,5374,5374
6059099416,"Orange, CA (CT)",0,2292,2292,0,4444,4444
6059099417,"Orange, CA (CT)",0,1996,1996,0,4031,4031
6059099502,"Orange, CA (CT)",0,208,208,0,598,598
6059099504,"Orange, CA (CT)",0,1036,1036,0,2746,2746
6059099506,"Orange, CA (CT)",0,780,780,0,1253,1253
6059099508,"Orange, CA (CT)",0,2142,2142,0,4500,4500
6059099509,"Orange, CA (CT)",0,2949,2949,0,3491,3491
6059099510,"Orange, CA (CT)",0,3656,3656,0,4058,4058
6059099511,"Orange, CA (CT)",0,1948,1948,0,3182,3182
6059099512,"Orange, CA (CT)",0,1756,1756,0,2868,2868
6059099513,"Orange, CA (CT)",0,1304,1304,0,2141,2141
6059099514,"Orange, CA (CT)",0,2413,2413,0,5453,5453
6059099601,"Orange, CA (CT)",0,1975,1975,0,7016,7016
6059099602,"Orange, CA (CT)",0,1069,1069,0,3196,3196
6059099603,"Orange, CA (CT)",0,2363,2363,0,6126,6126
6059099604,"Orange, CA (CT)",0,1215,1215,0,3606,3606
6059099605,"Orange, CA (CT)",0,1322,1322,0,3690,3690
6059099701,"Orange, CA (CT)",0,1715,1715,0,6171,6171
6059099702,"Orange, CA (CT)",0,2500,2500,0,8182,8182
6059099703,"Orange, CA (CT)",0,1706,1706,0,4979,4979
6059099801,"Orange, CA (CT)",0,1575,1575,0,5816,5816
6059099802,"Orange, CA (CT)",0,1824,1824,0,5111,5111
6059099803,"Orange, CA (CT)",0,1765,1765,0,5762,5762
6059099902,"Orange, CA (CT)",0,1329,1329,0,4486,4486
6059099903,"Orange, CA (CT)",0,1500,1500,0,5749,5749
6059099904,"Orange, CA (CT)",0,1894,1894,0,6352,6352
6059099905,"Orange, CA (CT)",0,1363,1363,0,3053,3053
6059099906,"Orange, CA (CT)",0,1671,1671,0,4866,4866
6059110001,"Orange, CA (CT)",0,1541,1541,0,4467,4467
6059110003,"Orange, CA (CT)",0,1140,1140,0,3194,3194
6059110004,"Orange, CA (CT)",0,1688,1688,0,4703,4703
6059110005,"Orange, CA (CT)",0,1147,1147,0,3124,3124
6059110006,"Orange, CA (CT)",0,1105,1105,0,2885,2885
6059110007,"Orange, CA (CT)",0,1694,1694,0,4799,4799
6059110008,"Orange, CA (CT)",0,1729,1729,0,4374,4374
6059110010,"Orange, CA (CT)",0,1424,1424,0,4526,4526
6059110011,"Orange, CA (CT)",0,1112,1112,0,2832,2832
6059110012,"Orange, CA (CT)",0,1949,1949,0,5012,5012
6059110014,"Orange, CA (CT)",0,1919,1919,0,4905,4905
6059110015,"Orange, CA (CT)",0,1243,1243,0,3548,3548
6059110102,"Orange, CA (CT)",0,1877,1877,0,5780,5780
6059110104,"Orange, CA (CT)",0,1882,1882,0,6024,6024
6059110106,"Orange, CA (CT)",0,1244,1244,0,3577,3577
6059110108,"Orange, CA (CT)",0,1067,1067,0,2733,2733
6059110109,"Orange, CA (CT)",0,1818,1818,0,5045,5045
6059110110,"Orange, CA (CT)",0,1866,1866,0,5706,5706
6059110111,"Orange, CA (CT)",0,1944,1944,0,5736,5736
6059110113,"Orange, CA (CT)",0,719,719,0,2276,2276
6059110114,"Orange, CA (CT)",0,1521,1521,0,4828,4828
6059110115,"Orange, CA (CT)",0,1218,1218,0,3613,3613
6059110116,"Orange, CA (CT)",0,1541,1541,0,4761,4761
6059110117,"Orange, CA (CT)",0,2117,2117,0,5920,5920
6059110118,"Orange, CA (CT)",0,767,767,0,2668,2668
6059110201,"Orange, CA (CT)",0,2661,2661,0,7483,7483
6059110202,"Orange, CA (CT)",0,2602,2602,0,7762,7762
6059110203,"Orange, CA (CT)",0,1781,1781,0,5393,5393
6059110301,"Orange, CA (CT)",0,2229,2229,0,6729,6729
6059110302,"Orange, CA (CT)",0,1690,1690,0,6033,6033
6059110303,"Orange, CA (CT)",0,1546,1546,0,4986,4986
6059110304,"Orange, CA (CT)",0,1390,1390,0,4612,4612
6059110401,"Orange, CA (CT)",0,1453,1453,0,4953,4953
6059110402,"Orange, CA (CT)",0,1428,1428,0,5459,5459
6059110500,"Orange, CA (CT)",0,2550,2550,0,8631,8631
6059110603,"Orange, CA (CT)",0,2588,2588,0,8540,8540
6059110604,"Orange, CA (CT)",0,2667,2667,0,8117,8117
6059110605,"Orange, CA (CT)",0,2257,2257,0,6638,6638
6059110606,"Orange, CA (CT)",0,1296,1296,0,4590,4590
6059110607,"Orange, CA (CT)",0,1277,1277,0,3845,3845
6059980000,"Orange, CA (CT)",0,5,5,0,19,19
6059990100,"Orange, CA (CT)",0,0,0,0,0,0
6061020104,"Placer, CA (CT)",1986,0,1986,1288,0,1288
6061020105,"Placer, CA (CT)",1261,752,2013,888,464,1352
6061020106,"Placer, CA (CT)",564,1302,1866,624,1095,1719
6061020107,"Placer, CA (CT)",0,1952,1952,0,3510,3510
6061020200,"Placer, CA (CT)",2736,0,2736,6146,0,6146
6061020300,"Placer, CA (CT)",0,2326,2326,0,4520,4520
6061020401,"Placer, CA (CT)",0,1034,1034,0,2129,2129
6061020402,"Placer, CA (CT)",34,1465,1499,74,3322,3396
6061020501,"Placer, CA (CT)",899,277,1176,2223,656,2879
6061020502,"Placer, CA (CT)",659,1073,1732,1669,2434,4103
6061020601,"Placer, CA (CT)",286,2392,2678,733,6178,6911
6061020602,"Placer, CA (CT)",921,1819,2740,2467,4503,6970
6061020604,"Placer, CA (CT)",104,1982,2086,302,5287,5589
6061020605,"Placer, CA (CT)",0,2089,2089,0,5826,5826
6061020606,"Placer, CA (CT)",0,1405,1405,0,4303,4303
6061020710,"Placer, CA (CT)",0,1686,1686,0,4387,4387
6061020711,"Placer, CA (CT)",0,2094,2094,0,4372,4372
6061020712,"Placer, CA (CT)",0,1570,1570,0,3560,3560
6061020713,"Placer, CA (CT)",0,1423,1423,0,3222,3222
6061020714,"Placer, CA (CT)",0,1474,1474,0,3660,3660
6061020715,"Placer, CA (CT)",0,1164,1164,0,3059,3059
6061020717,"Placer, CA (CT)",0,1329,1329,0,3118,3118
6061020805,"Placer, CA (CT)",0,1708,1708,0,3902,3902
6061020806,"Placer, CA (CT)",0,1726,1726,0,3494,3494
6061020901,"Placer, CA (CT)",0,1027,1027,0,2605,2605
6061020908,"Placer, CA (CT)",0,2588,2588,0,6706,6706
6061021003,"Placer, CA (CT)",0,2585,2585,0,6210,6210
6061021034,"Placer, CA (CT)",0,1321,1321,0,3901,3901
6061021035,"Placer, CA (CT)",0,2521,2521,0,7431,7431
6061021037,"Placer, CA (CT)",0,1033,1033,0,2135,2135
6061021038,"Placer, CA (CT)",0,2587,2587,0,7632,7632
6061021039,"Placer, CA (CT)",0,1126,1126,0,1771,1771
6061021040,"Placer, CA (CT)",0,2217,2217,0,3493,3493
6061021043,"Placer, CA (CT)",0,1182,1182,0,3355,3355
6061021044,"Placer, CA (CT)",0,1787,1787,0,5719,5719
6061021045,"Placer, CA (CT)",0,1169,1169,0,2962,2962
6061021046,"Placer, CA (CT)",0,2198,2198,0,4754,4754
6061021103,"Placer, CA (CT)",0,1509,1509,0,3797,3797
6061021106,"Placer, CA (CT)",0,941,941,0,2230,2230
6061021108,"Placer, CA (CT)",0,1265,1265,0,2668,2668
6061021109,"Placer, CA (CT)",0,1865,1865,0,5012,5012
6061021122,"Placer, CA (CT)",0,1346,1346,0,3463,3463
6061021123,"Placer, CA (CT)",131,2643,2774,246,7151,7397
6061021128,"Placer, CA (CT)",0,1081,1081,0,2686,2686
6061021129,"Placer, CA (CT)",0,1434,1434,0,3204,3204
6061021130,"Placer, CA (CT)",0,1383,1383,0,2641,2641
6061021131,"Placer, CA (CT)",0,2055,2055,0,5142,5142
6061021203,"Placer, CA (CT)",173,2297,2470,458,6078,6536
6061021204,"Placer, CA (CT)",638,334,972,1697,785,2482
6061021304,"Placer, CA (CT)",1916,110,2026,4997,310,5307
6061021309,"Placer, CA (CT)",0,3180,3180,0,9552,9552
6061021322,"Placer, CA (CT)",809,2444,3253,2252,6510,8762
6061021401,"Placer, CA (CT)",0,920,920,0,2569,2569
6061021403,"Placer, CA (CT)",0,2431,2431,0,7000,7000
6061021501,"Placer, CA (CT)",420,1817,2237,1061,4918,5979
6061021502,"Placer, CA (CT)",0,1518,1518,0,3554,3554
6061021603,"Placer, CA (CT)",0,2089,2089,0,4549,4549
6061021604,"Placer, CA (CT)",1288,46,1334,3047,114,3161
6061021801,"Placer, CA (CT)",773,1047,1820,1872,2650,4522
6061021802,"Placer, CA (CT)",159,2334,2493,349,5327,5676
6061021901,"Placer, CA (CT)",756,567,1323,1764,1296,3060
6061021902,"Placer, CA (CT)",735,1112,1847,1736,2718,4454
6061022002,"Placer, CA (CT)",1718,1198,2916,3940,2541,6481
6061022011,"Placer, CA (CT)",2169,421,2590,782,904,1686
6061022013,"Placer, CA (CT)",1629,0,1629,2934,0,2934
6061022014,"Placer, CA (CT)",2881,22,2903,1732,4,1736
6061022100,"Placer, CA (CT)",1408,0,1408,961,0,961
6061022200,"Placer, CA (CT)",1339,0,1339,909,0,909
6061022300,"Placer, CA (CT)",1542,0,1542,709,0,709
6061022400,"Placer, CA (CT)",0,1709,1709,0,4396,4396
6061022500,"Placer, CA (CT)",16,1331,1347,32,3847,3879
6061022600,"Placer, CA (CT)",0,2066,2066,0,4840,4840
6061022800,"Placer, CA (CT)",0,1577,1577,0,4320,4320
6061022900,"Placer, CA (CT)",0,1839,1839,0,5175,5175
6061023000,"Placer, CA (CT)",0,999,999,0,3191,3191
6061023100,"Placer, CA (CT)",0,2288,2288,0,6491,6491
6061023200,"Placer, CA (CT)",4,1600,1604,13,4947,4960
6061023300,"Placer, CA (CT)",0,1488,1488,0,4365,4365
6061023400,"Placer, CA (CT)",57,1451,1508,128,4351,4479
6061023500,"Placer, CA (CT)",2,1623,1625,6,5153,5159
6061023600,"Placer, CA (CT)",0,2730,2730,0,4565,4565
6061023700,"Placer, CA (CT)",0,2098,2098,0,3347,3347
6061023800,"Placer, CA (CT)",0,2015,2015,0,3257,3257
6061023900,"Placer, CA (CT)",0,1029,1029,0,3100,3100
6061990000,"Placer, CA (CT)",0,0,0,0,0,0
6063000100,"Plumas, CA (CT)",1299,1287,2586,2826,2674,5500
6063000201,"Plumas, CA (CT)",2211,0,2211,1844,0,1844
6063000202,"Plumas, CA (CT)",1383,0,1383,1161,0,1161
6063000300,"Plumas, CA (CT)",1649,1292,2941,2237,2523,4760
6063000400,"Plumas, CA (CT)",1686,0,1686,2785,0,2785
6063000501,"Plumas, CA (CT)",1339,0,1339,2146,0,2146
6063000502,"Plumas, CA (CT)",3420,0,3420,1811,0,1811
6065030101,"Riverside, CA (CT)",0,355,355,0,1226,1226
6065030103,"Riverside, CA (CT)",0,720,720,0,2105,2105
6065030104,"Riverside, CA (CT)",0,1999,1999,0,6922,6922
6065030200,"Riverside, CA (CT)",0,2030,2030,0,4633,4633
6065030300,"Riverside, CA (CT)",0,1634,1634,0,4497,4497
6065030400,"Riverside, CA (CT)",0,1710,1710,0,6414,6414
6065030501,"Riverside, CA (CT)",0,1482,1482,0,5095,5095
6065030502,"Riverside, CA (CT)",0,526,526,0,2220,2220
6065030503,"Riverside, CA (CT)",0,1179,1179,0,3812,3812
6065030601,"Riverside, CA (CT)",0,1850,1850,0,5249,5249
6065030602,"Riverside, CA (CT)",0,1323,1323,0,3285,3285
6065030603,"Riverside, CA (CT)",0,1109,1109,0,2978,2978
6065030700,"Riverside, CA (CT)",0,2245,2245,0,5598,5598
6065030800,"Riverside, CA (CT)",0,2530,2530,0,6973,6973
6065030900,"Riverside, CA (CT)",0,874,874,0,3308,3308
6065031001,"Riverside, CA (CT)",0,2357,2357,0,5622,5622
6065031002,"Riverside, CA (CT)",0,1205,1205,0,4559,4559
6065031100,"Riverside, CA (CT)",0,1764,1764,0,4584,4584
6065031200,"Riverside, CA (CT)",0,2238,2238,0,6878,6878
6065031300,"Riverside, CA (CT)",0,666,666,0,2651,2651
6065031401,"Riverside, CA (CT)",0,2292,2292,0,6702,6702
6065031402,"Riverside, CA (CT)",0,2385,2385,0,6518,6518
6065031501,"Riverside, CA (CT)",0,2260,2260,0,7387,7387
6065031502,"Riverside, CA (CT)",0,2676,2676,0,8020,8020
6065031601,"Riverside, CA (CT)",0,1302,1302,0,4390,4390
6065031602,"Riverside, CA (CT)",0,1688,1688,0,5314,5314
6065031701,"Riverside, CA (CT)",0,858,858,0,2943,2943
6065031702,"Riverside, CA (CT)",0,766,766,0,2387,2387
6065031703,"Riverside, CA (CT)",0,1160,1160,0,3611,3611
6065031704,"Riverside, CA (CT)",0,1815,1815,0,5284,5284
6065040101,"Riverside, CA (CT)",0,1003,1003,0,4287,4287
6065040102,"Riverside, CA (CT)",0,1085,1085,0,4630,4630
6065040201,"Riverside, CA (CT)",0,1754,1754,0,5897,5897
6065040202,"Riverside, CA (CT)",0,894,894,0,2821,2821
6065040203,"Riverside, CA (CT)",0,952,952,0,3626,3626
6065040204,"Riverside, CA (CT)",0,929,929,0,3716,3716
6065040301,"Riverside, CA (CT)",0,2171,2171,0,7857,7857
6065040302,"Riverside, CA (CT)",0,2170,2170,0,7308,7308
6065040303,"Riverside, CA (CT)",0,852,852,0,3243,3243
6065040402,"Riverside, CA (CT)",0,1098,1098,0,4224,4224
6065040403,"Riverside, CA (CT)",0,1452,1452,0,5801,5801
6065040404,"Riverside, CA (CT)",0,927,927,0,3309,3309
6065040405,"Riverside, CA (CT)",0,1713,1713,0,5353,5353
6065040501,"Riverside, CA (CT)",0,1779,1779,0,6878,6878
6065040502,"Riverside, CA (CT)",0,1722,1722,0,6202,6202
6065040503,"Riverside, CA (CT)",0,1850,1850,0,3876,3876
6065040603,"Riverside, CA (CT)",0,654,654,0,2376,2376
6065040604,"Riverside, CA (CT)",0,1496,1496,0,5541,5541
6065040605,"Riverside, CA (CT)",0,857,857,0,3543,3543
6065040606,"Riverside, CA (CT)",0,818,818,0,3329,3329
6065040607,"Riverside, CA (CT)",0,2727,2727,0,9317,9317
6065040609,"Riverside, CA (CT)",15,2427,2442,57,8365,8422
6065040611,"Riverside, CA (CT)",0,1891,1891,0,7640,7640
6065040613,"Riverside, CA (CT)",0,3371,3371,0,12842,12842
6065040615,"Riverside, CA (CT)",0,2440,2440,0,9024,9024
6065040616,"Riverside, CA (CT)",0,1929,1929,0,7610,7610
6065040701,"Riverside, CA (CT)",0,691,691,0,2248,2248
6065040702,"Riverside, CA (CT)",0,974,974,0,2746,2746
6065040703,"Riverside, CA (CT)",0,963,963,0,2780,2780
6065040806,"Riverside, CA (CT)",0,882,882,0,2995,2995
6065040807,"Riverside, CA (CT)",0,1020,1020,0,3391,3391
6065040808,"Riverside, CA (CT)",0,2350,2350,0,7008,7008
6065040809,"Riverside, CA (CT)",0,1045,1045,0,3353,3353
6065040812,"Riverside, CA (CT)",0,1141,1141,0,3480,3480
6065040813,"Riverside, CA (CT)",0,1848,1848,0,6080,6080
6065040814,"Riverside, CA (CT)",0,1644,1644,0,4782,4782
6065040815,"Riverside, CA (CT)",0,1205,1205,0,3586,3586
6065040816,"Riverside, CA (CT)",0,922,922,0,2594,2594
6065040821,"Riverside, CA (CT)",0,1989,1989,0,5691,5691
6065040901,"Riverside, CA (CT)",0,2202,2202,0,6516,6516
6065040902,"Riverside, CA (CT)",0,1646,1646,0,5040,5040
6065040903,"Riverside, CA (CT)",0,826,826,0,2626,2626
6065040904,"Riverside, CA (CT)",0,940,940,0,3655,3655
6065041001,"Riverside, CA (CT)",0,777,777,0,2832,2832
6065041002,"Riverside, CA (CT)",0,835,835,0,3312,3312
6065041003,"Riverside, CA (CT)",0,727,727,0,2521,2521
6065041004,"Riverside, CA (CT)",0,1403,1403,0,4590,4590
6065041101,"Riverside, CA (CT)",0,1210,1210,0,5139,5139
6065041102,"Riverside, CA (CT)",0,1028,1028,0,4185,4185
6065041201,"Riverside, CA (CT)",0,1125,1125,0,4299,4299
6065041202,"Riverside, CA (CT)",0,998,998,0,4458,4458
6065041203,"Riverside, CA (CT)",0,966,966,0,3545,3545
6065041301,"Riverside, CA (CT)",0,851,851,0,3473,3473
6065041302,"Riverside, CA (CT)",0,1072,1072,0,4303,4303
6065041403,"Riverside, CA (CT)",0,1066,1066,0,2763,2763
6065041404,"Riverside, CA (CT)",0,973,973,0,3725,3725
6065041405,"Riverside, CA (CT)",0,1221,1221,0,4096,4096
6065041406,"Riverside, CA (CT)",0,2044,2044,0,5968,5968
6065041407,"Riverside, CA (CT)",0,1860,1860,0,5830,5830
6065041408,"Riverside, CA (CT)",0,1471,1471,0,4017,4017
6065041409,"Riverside, CA (CT)",18,4465,4483,73,14825,14898
6065041410,"Riverside, CA (CT)",0,677,677,0,3288,3288
6065041411,"Riverside, CA (CT)",0,774,774,0,3187,3187
6065041412,"Riverside, CA (CT)",0,1521,1521,0,4415,4415
6065041500,"Riverside, CA (CT)",0,486,486,0,2053,2053
6065041600,"Riverside, CA (CT)",0,1754,1754,0,6230,6230
6065041702,"Riverside, CA (CT)",0,1292,1292,0,4572,4572
6065041703,"Riverside, CA (CT)",0,1742,1742,0,5695,5695
6065041704,"Riverside, CA (CT)",0,966,966,0,3908,3908
6065041803,"Riverside, CA (CT)",0,1882,1882,0,6475,6475
6065041804,"Riverside, CA (CT)",0,1216,1216,0,3989,3989
6065041805,"Riverside, CA (CT)",0,1965,1965,0,5799,5799
6065041806,"Riverside, CA (CT)",0,1188,1188,0,4255,4255
6065041807,"Riverside, CA (CT)",0,662,662,0,2400,2400
6065041808,"Riverside, CA (CT)",0,1902,1902,0,6852,6852
6065041809,"Riverside, CA (CT)",0,2207,2207,0,5834,5834
6065041810,"Riverside, CA (CT)",0,1604,1604,0,5665,5665
6065041812,"Riverside, CA (CT)",0,1051,1051,0,3319,3319
6065041813,"Riverside, CA (CT)",0,2095,2095,0,6698,6698
6065041904,"Riverside, CA (CT)",0,1469,1469,0,4786,4786
6065041905,"Riverside, CA (CT)",0,915,915,0,2935,2935
6065041906,"Riverside, CA (CT)",0,2002,2002,0,6360,6360
6065041909,"Riverside, CA (CT)",55,1360,1415,219,4771,4990
6065041910,"Riverside, CA (CT)",3,2303,2306,5,6337,6342
6065041911,"Riverside, CA (CT)",219,3354,3573,491,9767,10258
6065041912,"Riverside, CA (CT)",0,1787,1787,0,5776,5776
6065041913,"Riverside, CA (CT)",0,2036,2036,0,5478,5478
6065042003,"Riverside, CA (CT)",0,1797,1797,0,5525,5525
6065042004,"Riverside, CA (CT)",0,1051,1051,0,3165,3165
6065042005,"Riverside, CA (CT)",0,1485,1485,0,5102,5102
6065042007,"Riverside, CA (CT)",1335,281,1616,3498,841,4339
6065042008,"Riverside, CA (CT)",372,1856,2228,1061,6021,7082
6065042009,"Riverside, CA (CT)",0,1872,1872,0,7119,7119
6065042010,"Riverside, CA (CT)",77,1371,1448,228,5659,5887
6065042012,"Riverside, CA (CT)",0,2055,2055,0,6242,6242
6065042013,"Riverside, CA (CT)",0,2398,2398,0,8333,8333
6065042014,"Riverside, CA (CT)",0,2977,2977,0,10516,10516
6065042206,"Riverside, CA (CT)",0,2746,2746,0,5620,5620
6065042207,"Riverside, CA (CT)",0,1275,1275,0,3017,3017
6065042208,"Riverside, CA (CT)",0,938,938,0,2378,2378
6065042209,"Riverside, CA (CT)",0,1603,1603,0,4579,4579
6065042210,"Riverside, CA (CT)",0,2022,2022,0,4761,4761
6065042212,"Riverside, CA (CT)",0,2142,2142,0,6727,6727
6065042213,"Riverside, CA (CT)",0,1632,1632,0,4194,4194
6065042214,"Riverside, CA (CT)",126,1851,1977,348,5968,6316
6065042217,"Riverside, CA (CT)",0,2187,2187,0,5461,5461
6065042300,"Riverside, CA (CT)",11,2117,2128,24,6758,6782
6065042401,"Riverside, CA (CT)",105,533,638,377,1705,2082
6065042402,"Riverside, CA (CT)",0,1358,1358,0,4780,4780
6065042403,"Riverside, CA (CT)",0,1174,1174,0,4071,4071
6065042404,"Riverside, CA (CT)",0,573,573,0,2038,2038
6065042405,"Riverside, CA (CT)",0,1951,1951,0,4997,4997
6065042406,"Riverside, CA (CT)",0,1303,1303,0,4150,4150
6065042407,"Riverside, CA (CT)",0,921,921,0,3262,3262
6065042408,"Riverside, CA (CT)",0,898,898,0,3152,3152
6065042409,"Riverside, CA (CT)",0,982,982,0,3299,3299
6065042410,"Riverside, CA (CT)",0,1430,1430,0,4882,4882
6065042411,"Riverside, CA (CT)",0,798,798,0,2540,2540
6065042412,"Riverside, CA (CT)",448,1164,1612,1220,3909,5129
6065042505,"Riverside, CA (CT)",0,979,979,0,3639,3639
6065042506,"Riverside, CA (CT)",0,2990,2990,0,9483,9483
6065042507,"Riverside, CA (CT)",0,1196,1196,0,5011,5011
6065042508,"Riverside, CA (CT)",0,1264,1264,0,4888,4888
6065042509,"Riverside, CA (CT)",0,869,869,0,3193,3193
6065042510,"Riverside, CA (CT)",0,1224,1224,0,5048,5048
6065042511,"Riverside, CA (CT)",0,863,863,0,3308,3308
6065042512,"Riverside, CA (CT)",0,952,952,0,3200,3200
6065042513,"Riverside, CA (CT)",0,830,830,0,3379,3379
6065042514,"Riverside, CA (CT)",0,904,904,0,3165,3165
6065042515,"Riverside, CA (CT)",0,1126,1126,0,3803,3803
6065042516,"Riverside, CA (CT)",0,1080,1080,0,4177,4177
6065042517,"Riverside, CA (CT)",0,879,879,0,3278,3278
6065042518,"Riverside, CA (CT)",0,1024,1024,0,3670,3670
6065042519,"Riverside, CA (CT)",0,541,541,0,1706,1706
6065042520,"Riverside, CA (CT)",0,1392,1392,0,4669,4669
6065042521,"Riverside, CA (CT)",0,1258,1258,0,4922,4922
6065042617,"Riverside, CA (CT)",0,2870,2870,0,11436,11436
6065042618,"Riverside, CA (CT)",0,1970,1970,0,8283,8283
6065042619,"Riverside, CA (CT)",0,3097,3097,0,11267,11267
6065042620,"Riverside, CA (CT)",194,2576,2770,484,9979,10463
6065042621,"Riverside, CA (CT)",0,1759,1759,0,6556,6556
6065042622,"Riverside, CA (CT)",0,1360,1360,0,4107,4107
6065042623,"Riverside, CA (CT)",211,1135,1346,640,3042,3682
6065042624,"Riverside, CA (CT)",76,1069,1145,194,3590,3784
6065042706,"Riverside, CA (CT)",0,2049,2049,0,8393,8393
6065042708,"Riverside, CA (CT)",0,1541,1541,0,5171,5171
6065042709,"Riverside, CA (CT)",0,2354,2354,0,4905,4905
6065042711,"Riverside, CA (CT)",0,3016,3016,0,4543,4543
6065042714,"Riverside, CA (CT)",0,1388,1388,0,3230,3230
6065042715,"Riverside, CA (CT)",332,3953,4285,999,11806,12805
6065042716,"Riverside, CA (CT)",0,2147,2147,0,5033,5033
6065042717,"Riverside, CA (CT)",0,1680,1680,0,5079,5079
6065042719,"Riverside, CA (CT)",146,1526,1672,434,4591,5025
6065042720,"Riverside, CA (CT)",402,1157,1559,1022,3412,4434
6065042723,"Riverside, CA (CT)",320,1851,2171,713,4793,5506
6065042724,"Riverside, CA (CT)",0,941,941,0,3182,3182
6065042726,"Riverside, CA (CT)",58,1667,1725,132,5225,5357
6065042728,"Riverside, CA (CT)",0,786,786,0,2266,2266
6065042729,"Riverside, CA (CT)",0,4287,4287,0,9184,9184
6065042730,"Riverside, CA (CT)",52,1490,1542,128,5210,5338
6065042731,"Riverside, CA (CT)",54,1815,1869,190,5578,5768
6065042732,"Riverside, CA (CT)",0,1837,1837,0,5993,5993
6065042733,"Riverside, CA (CT)",62,1374,1436,151,4083,4234
6065042737,"Riverside, CA (CT)",185,575,760,482,1919,2401
6065042738,"Riverside, CA (CT)",0,2164,2164,0,5729,5729
6065042739,"Riverside, CA (CT)",78,2016,2094,231,6866,7097
6065042740,"Riverside, CA (CT)",0,1348,1348,0,2017,2017
6065042741,"Riverside, CA (CT)",0,1606,1606,0,2142,2142
6065042742,"Riverside, CA (CT)",0,1320,1320,0,4232,4232
6065042743,"Riverside, CA (CT)",159,477,636,386,1521,1907
6065042744,"Riverside, CA (CT)",136,921,1057,450,3276,3726
6065042745,"Riverside, CA (CT)",584,1527,2111,1489,3125,4614
6065042800,"Riverside, CA (CT)",0,2527,2527,0,9260,9260
6065042901,"Riverside, CA (CT)",223,1820,2043,589,6796,7385
6065042902,"Riverside, CA (CT)",293,1244,1537,907,4023,4930
6065042903,"Riverside, CA (CT)",593,953,1546,2021,3717,5738
6065042904,"Riverside, CA (CT)",96,2256,2352,326,9026,9352
6065043001,"Riverside, CA (CT)",108,1757,1865,153,5440,5593
6065043003,"Riverside, CA (CT)",0,1999,1999,0,6600,6600
6065043005,"Riverside, CA (CT)",117,1559,1676,332,4717,5049
6065043006,"Riverside, CA (CT)",0,1461,1461,0,4703,4703
6065043007,"Riverside, CA (CT)",28,2060,2088,76,6735,6811
6065043008,"Riverside, CA (CT)",297,1441,1738,816,4578,5394
6065043009,"Riverside, CA (CT)",0,1410,1410,0,4736,4736
6065043010,"Riverside, CA (CT)",0,1687,1687,0,5687,5687
6065043206,"Riverside, CA (CT)",0,2867,2867,0,7606,7606
6065043211,"Riverside, CA (CT)",0,1697,1697,0,5486,5486
6065043216,"Riverside, CA (CT)",0,2542,2542,0,6495,6495
6065043217,"Riverside, CA (CT)",0,1071,1071,0,3263,3263
6065043218,"Riverside, CA (CT)",0,1762,1762,0,5597,5597
6065043220,"Riverside, CA (CT)",0,1900,1900,0,4594,4594
6065043222,"Riverside, CA (CT)",0,1360,1360,0,3842,3842
6065043227,"Riverside, CA (CT)",0,2204,2204,0,7051,7051
6065043228,"Riverside, CA (CT)",0,1518,1518,0,4108,4108
6065043229,"Riverside, CA (CT)",0,2533,2533,0,5127,5127
6065043235,"Riverside, CA (CT)",221,890,1111,617,3125,3742
6065043239,"Riverside, CA (CT)",2594,0,2594,6792,0,6792
6065043240,"Riverside, CA (CT)",0,2682,2682,0,8802,8802
6065043242,"Riverside, CA (CT)",0,2524,2524,0,8148,8148
6065043244,"Riverside, CA (CT)",0,2522,2522,0,7220,7220
6065043246,"Riverside, CA (CT)",328,1575,1903,914,4992,5906
6065043247,"Riverside, CA (CT)",269,1972,2241,805,8033,8838
6065043248,"Riverside, CA (CT)",0,1356,1356,0,4214,4214
6065043250,"Riverside, CA (CT)",0,2818,2818,0,8339,8339
6065043252,"Riverside, CA (CT)",0,2055,2055,0,6574,6574
6065043254,"Riverside, CA (CT)",201,1470,1671,545,4466,5011
6065043256,"Riverside, CA (CT)",0,1081,1081,0,3478,3478
6065043257,"Riverside, CA (CT)",935,1869,2804,933,6101,7034
6065043262,"Riverside, CA (CT)",0,1814,1814,0,5122,5122
6065043264,"Riverside, CA (CT)",0,2379,2379,0,7683,7683
6065043265,"Riverside, CA (CT)",0,1807,1807,0,6142,6142
6065043266,"Riverside, CA (CT)",0,1961,1961,0,5215,5215
6065043267,"Riverside, CA (CT)",0,2457,2457,0,6705,6705
6065043270,"Riverside, CA (CT)",0,1707,1707,0,4991,4991
6065043271,"Riverside, CA (CT)",0,1191,1191,0,3930,3930
6065043272,"Riverside, CA (CT)",1163,835,1998,2985,1991,4976
6065043274,"Riverside, CA (CT)",5,822,827,7,2538,2545
6065043276,"Riverside, CA (CT)",12,1098,1110,31,3589,3620
6065043278,"Riverside, CA (CT)",4,1981,1985,9,5937,5946
6065043279,"Riverside, CA (CT)",304,1563,1867,856,4237,5093
6065043291,"Riverside, CA (CT)",0,3425,3425,0,8224,8224
6065043304,"Riverside, CA (CT)",721,2116,2837,1776,5040,6816
6065043306,"Riverside, CA (CT)",0,1856,1856,0,4538,4538
6065043307,"Riverside, CA (CT)",0,2785,2785,0,5872,5872
6065043308,"Riverside, CA (CT)",0,1106,1106,0,2770,2770
6065043309,"Riverside, CA (CT)",0,1162,1162,0,2890,2890
6065043310,"Riverside, CA (CT)",0,1150,1150,0,3120,3120
6065043311,"Riverside, CA (CT)",0,768,768,0,2265,2265
6065043312,"Riverside, CA (CT)",0,1294,1294,0,3862,3862
6065043313,"Riverside, CA (CT)",0,1089,1089,0,3504,3504
6065043314,"Riverside, CA (CT)",0,1192,1192,0,3631,3631
6065043315,"Riverside, CA (CT)",0,742,742,0,2073,2073
6065043316,"Riverside, CA (CT)",0,1827,1827,0,3713,3713
6065043317,"Riverside, CA (CT)",34,2566,2600,101,8425,8526
6065043401,"Riverside, CA (CT)",0,2187,2187,0,5791,5791
6065043403,"Riverside, CA (CT)",0,1086,1086,0,2847,2847
6065043404,"Riverside, CA (CT)",0,1587,1587,0,2544,2544
6065043405,"Riverside, CA (CT)",0,2265,2265,0,4217,4217
6065043503,"Riverside, CA (CT)",0,2469,2469,0,4112,4112
6065043504,"Riverside, CA (CT)",147,3673,3820,405,7338,7743
6065043505,"Riverside, CA (CT)",0,1852,1852,0,2911,2911
6065043506,"Riverside, CA (CT)",0,2428,2428,0,6386,6386
6065043507,"Riverside, CA (CT)",0,2700,2700,0,6700,6700
6065043508,"Riverside, CA (CT)",0,2832,2832,0,7014,7014
6065043509,"Riverside, CA (CT)",35,1745,1780,108,5009,5117
6065043512,"Riverside, CA (CT)",0,2225,2225,0,6580,6580
6065043513,"Riverside, CA (CT)",0,978,978,0,2456,2456
6065043517,"Riverside, CA (CT)",34,1896,1930,113,6702,6815
6065043601,"Riverside, CA (CT)",0,1490,1490,0,4505,4505
6065043602,"Riverside, CA (CT)",0,1286,1286,0,3953,3953
6065043701,"Riverside, CA (CT)",101,1528,1629,253,3259,3512
6065043702,"Riverside, CA (CT)",0,1817,1817,0,4235,4235
6065043703,"Riverside, CA (CT)",0,1047,1047,0,2585,2585
6065043802,"Riverside, CA (CT)",0,2190,2190,0,5116,5116
6065043807,"Riverside, CA (CT)",0,2045,2045,0,5743,5743
6065043809,"Riverside, CA (CT)",111,1382,1493,255,2760,3015
6065043810,"Riverside, CA (CT)",0,2158,2158,0,4933,4933
6065043811,"Riverside, CA (CT)",339,1310,1649,876,3001,3877
6065043812,"Riverside, CA (CT)",5,3623,3628,7,5402,5409
6065043813,"Riverside, CA (CT)",1590,254,1844,3924,416,4340
6065043814,"Riverside, CA (CT)",0,561,561,0,905,905
6065043818,"Riverside, CA (CT)",0,1231,1231,0,3832,3832
6065043820,"Riverside, CA (CT)",0,1485,1485,0,3895,3895
6065043821,"Riverside, CA (CT)",0,981,981,0,2707,2707
6065043822,"Riverside, CA (CT)",215,673,888,489,2200,2689
6065043823,"Riverside, CA (CT)",315,2074,2389,853,6170,7023
6065043900,"Riverside, CA (CT)",0,2044,2044,0,6405,6405
6065044000,"Riverside, CA (CT)",0,716,716,0,2109,2109
6065044101,"Riverside, CA (CT)",0,1085,1085,0,2973,2973
6065044102,"Riverside, CA (CT)",0,977,977,0,2841,2841
6065044103,"Riverside, CA (CT)",0,2386,2386,0,5669,5669
6065044104,"Riverside, CA (CT)",322,634,956,848,1799,2647
6065044200,"Riverside, CA (CT)",0,1906,1906,0,5701,5701
6065044300,"Riverside, CA (CT)",0,1355,1355,0,4774,4774
6065044402,"Riverside, CA (CT)",3398,0,3398,6218,0,6218
6065044403,"Riverside, CA (CT)",2169,0,2169,4402,0,4402
6065044404,"Riverside, CA (CT)",1753,0,1753,1860,0,1860
6065044405,"Riverside, CA (CT)",2596,0,2596,2366,0,2366
6065044505,"Riverside, CA (CT)",125,2828,2953,346,6133,6479
6065044507,"Riverside, CA (CT)",166,2359,2525,32,6533,6565
6065044509,"Riverside, CA (CT)",0,1800,1800,0,3939,3939
6065044510,"Riverside, CA (CT)",0,2261,2261,0,5808,5808
6065044515,"Riverside, CA (CT)",0,1342,1342,0,3618,3618
6065044516,"Riverside, CA (CT)",36,2619,2655,56,6550,6606
6065044517,"Riverside, CA (CT)",90,1377,1467,250,2127,2377
6065044518,"Riverside, CA (CT)",252,2073,2325,468,4764,5232
6065044520,"Riverside, CA (CT)",931,89,1020,1696,8,1704
6065044521,"Riverside, CA (CT)",570,0,570,1196,0,1196
6065044522,"Riverside, CA (CT)",324,2510,2834,776,4100,4876
6065044602,"Riverside, CA (CT)",0,2109,2109,0,2907,2907
6065044604,"Riverside, CA (CT)",0,2055,2055,0,4320,4320
6065044605,"Riverside, CA (CT)",0,3035,3035,0,4803,4803
6065044606,"Riverside, CA (CT)",504,1865,2369,825,2027,2852
6065044701,"Riverside, CA (CT)",0,2230,2230,0,3555,3555
6065044702,"Riverside, CA (CT)",0,616,616,0,2295,2295
6065044804,"Riverside, CA (CT)",0,1098,1098,0,2850,2850
6065044805,"Riverside, CA (CT)",0,1557,1557,0,1701,1701
6065044806,"Riverside, CA (CT)",0,1599,1599,0,1982,1982
6065044807,"Riverside, CA (CT)",174,920,1094,184,1097,1281
6065044904,"Riverside, CA (CT)",2,1792,1794,3,4540,4543
6065044907,"Riverside, CA (CT)",0,1460,1460,0,4989,4989
6065044911,"Riverside, CA (CT)",0,2855,2855,0,4617,4617
6065044915,"Riverside, CA (CT)",0,1927,1927,0,6489,6489
6065044916,"Riverside, CA (CT)",0,2380,2380,0,4650,4650
6065044917,"Riverside, CA (CT)",0,3398,3398,0,3911,3911
6065044918,"Riverside, CA (CT)",0,2672,2672,0,3030,3030
6065044919,"Riverside, CA (CT)",0,4079,4079,0,4243,4243
6065044921,"Riverside, CA (CT)",0,1515,1515,0,2355,2355
6065044922,"Riverside, CA (CT)",60,3807,3867,37,3457,3494
6065044923,"Riverside, CA (CT)",0,1181,1181,0,3615,3615
6065044924,"Riverside, CA (CT)",0,1254,1254,0,3984,3984
6065044925,"Riverside, CA (CT)",0,1045,1045,0,3477,3477
6065044926,"Riverside, CA (CT)",0,1554,1554,0,4665,4665
6065044927,"Riverside, CA (CT)",0,3573,3573,0,3801,3801
6065044928,"Riverside, CA (CT)",0,2925,2925,0,3443,3443
6065044929,"Riverside, CA (CT)",0,3322,3322,0,3908,3908
6065044930,"Riverside, CA (CT)",0,2910,2910,0,3213,3213
6065044931,"Riverside, CA (CT)",0,660,660,0,2327,2327
6065044932,"Riverside, CA (CT)",0,1158,1158,0,3067,3067
6065045000,"Riverside, CA (CT)",0,1806,1806,0,3424,3424
6065045103,"Riverside, CA (CT)",136,2680,2816,115,3508,3623
6065045108,"Riverside, CA (CT)",0,2700,2700,0,5726,5726
6065045109,"Riverside, CA (CT)",0,1670,1670,0,3831,3831
6065045110,"Riverside, CA (CT)",0,1989,1989,0,5401,5401
6065045114,"Riverside, CA (CT)",0,1904,1904,0,1939,1939
6065045115,"Riverside, CA (CT)",0,1586,1586,0,2026,2026
6065045116,"Riverside, CA (CT)",0,1156,1156,0,1492,1492
6065045117,"Riverside, CA (CT)",0,2760,2760,0,3969,3969
6065045118,"Riverside, CA (CT)",0,1781,1781,0,2762,2762
6065045119,"Riverside, CA (CT)",0,1208,1208,0,2811,2811
6065045120,"Riverside, CA (CT)",0,2703,2703,0,4580,4580
6065045121,"Riverside, CA (CT)",0,4162,4162,0,5457,5457
6065045122,"Riverside, CA (CT)",0,1401,1401,0,1427,1427
6065045123,"Riverside, CA (CT)",0,1720,1720,0,2356,2356
6065045124,"Riverside, CA (CT)",268,1023,1291,365,1140,1505
6065045125,"Riverside, CA (CT)",1362,2484,3846,997,2020,3017
6065045207,"Riverside, CA (CT)",0,1685,1685,0,5014,5014
6065045209,"Riverside, CA (CT)",0,1714,1714,0,5441,5441
6065045212,"Riverside, CA (CT)",0,1319,1319,0,2293,2293
6065045213,"Riverside, CA (CT)",0,2048,2048,0,5216,5216
6065045214,"Riverside, CA (CT)",0,2800,2800,0,5648,5648
6065045215,"Riverside, CA (CT)",0,3512,3512,0,8515,8515
6065045216,"Riverside, CA (CT)",0,1197,1197,0,1804,1804
6065045217,"Riverside, CA (CT)",0,1818,1818,0,6225,6225
6065045222,"Riverside, CA (CT)",179,1176,1355,43,1552,1595
6065045224,"Riverside, CA (CT)",0,2312,2312,0,5471,5471
6065045226,"Riverside, CA (CT)",0,1595,1595,0,6810,6810
6065045228,"Riverside, CA (CT)",437,927,1364,1066,2870,3936
6065045233,"Riverside, CA (CT)",0,1959,1959,0,4244,4244
6065045302,"Riverside, CA (CT)",0,1094,1094,0,4459,4459
6065045303,"Riverside, CA (CT)",0,807,807,0,3035,3035
6065045304,"Riverside, CA (CT)",0,2839,2839,0,8675,8675
6065045501,"Riverside, CA (CT)",0,1525,1525,0,5518,5518
6065045502,"Riverside, CA (CT)",0,1253,1253,0,3744,3744
6065045604,"Riverside, CA (CT)",750,2587,3337,2397,11297,13694
6065045605,"Riverside, CA (CT)",1694,1728,3422,5813,4730,10543
6065045606,"Riverside, CA (CT)",300,1378,1678,525,2155,2680
6065045608,"Riverside, CA (CT)",119,4004,4123,119,2759,2878
6065045609,"Riverside, CA (CT)",606,1029,1635,1957,3923,5880
6065045703,"Riverside, CA (CT)",0,1291,1291,0,5708,5708
6065045704,"Riverside, CA (CT)",0,712,712,0,2804,2804
6065045705,"Riverside, CA (CT)",0,1970,1970,0,7522,7522
6065045706,"Riverside, CA (CT)",0,1052,1052,0,4821,4821
6065045707,"Riverside, CA (CT)",0,1575,1575,0,6397,6397
6065045900,"Riverside, CA (CT)",613,175,788,1378,460,1838
6065046101,"Riverside, CA (CT)",0,1277,1277,0,3060,3060
6065046102,"Riverside, CA (CT)",0,743,743,0,2027,2027
6065046103,"Riverside, CA (CT)",92,999,1091,245,2785,3030
6065046200,"Riverside, CA (CT)",38,1213,1251,83,3258,3341
6065046401,"Riverside, CA (CT)",403,958,1361,924,2844,3768
6065046402,"Riverside, CA (CT)",0,1766,1766,0,4684,4684
6065046403,"Riverside, CA (CT)",0,2322,2322,0,7156,7156
6065046404,"Riverside, CA (CT)",0,1892,1892,0,5590,5590
6065046405,"Riverside, CA (CT)",0,1280,1280,0,3974,3974
6065046500,"Riverside, CA (CT)",0,2118,2118,0,9277,9277
6065046601,"Riverside, CA (CT)",0,228,228,0,4888,4888
6065046602,"Riverside, CA (CT)",0,1111,1111,0,3712,3712
6065046700,"Riverside, CA (CT)",242,1406,1648,619,3823,4442
6065046800,"Riverside, CA (CT)",0,1546,1546,0,6365,6365
6065046900,"Riverside, CA (CT)",1161,0,1161,2043,0,2043
6065047000,"Riverside, CA (CT)",798,192,990,1303,446,1749
6065047201,"Riverside, CA (CT)",0,1890,1890,0,1958,1958
6065047202,"Riverside, CA (CT)",1489,16,1505,1881,48,1929
6065047900,"Riverside, CA (CT)",0,3313,3313,0,11611,11611
6065048100,"Riverside, CA (CT)",36,1892,1928,92,6312,6404
6065048200,"Riverside, CA (CT)",0,1245,1245,0,4301,4301
6065048300,"Riverside, CA (CT)",0,1856,1856,0,6649,6649
6065048700,"Riverside, CA (CT)",0,1277,1277,0,4489,4489
6065048800,"Riverside, CA (CT)",0,1138,1138,0,4512,4512
6065048901,"Riverside, CA (CT)",0,1026,1026,0,3805,3805
6065048902,"Riverside, CA (CT)",0,1560,1560,0,5957,5957
6065049000,"Riverside, CA (CT)",1,2414,2415,4,8245,8249
6065049100,"Riverside, CA (CT)",0,3657,3657,0,5264,5264
6065049400,"Riverside, CA (CT)",38,1585,1623,102,2876,2978
6065049500,"Riverside, CA (CT)",0,2245,2245,0,8421,8421
6065049600,"Riverside, CA (CT)",0,2651,2651,0,7176,7176
6065049700,"Riverside, CA (CT)",337,2533,2870,827,8684,9511
6065049800,"Riverside, CA (CT)",32,1522,1554,86,3685,3771
6065050300,"Riverside, CA (CT)",8,3167,3175,20,11141,11161
6065050400,"Riverside, CA (CT)",0,3303,3303,0,10378,10378
6065050500,"Riverside, CA (CT)",0,4158,4158,0,13261,13261
6065050600,"Riverside, CA (CT)",0,2422,2422,0,6850,6850
6065050700,"Riverside, CA (CT)",136,2921,3057,370,9599,9969
6065050900,"Riverside, CA (CT)",0,1885,1885,0,4340,4340
6065051100,"Riverside, CA (CT)",0,1876,1876,0,6188,6188
6065051200,"Riverside, CA (CT)",765,585,1350,1933,1470,3403
6065051300,"Riverside, CA (CT)",156,3189,3345,570,7801,8371
6065051400,"Riverside, CA (CT)",0,5057,5057,0,6956,6956
6065940100,"Riverside, CA (CT)",1321,0,1321,166,0,166
6065940400,"Riverside, CA (CT)",0,1444,1444,7,6497,6504
6065940500,"Riverside, CA (CT)",821,1408,2229,1055,1153,2208
6065940600,"Riverside, CA (CT)",0,2717,2717,0,3026,3026
6065940700,"Riverside, CA (CT)",0,2497,2497,0,2613,2613
6065940800,"Riverside, CA (CT)",0,2713,2713,0,2613,2613
6065940900,"Riverside, CA (CT)",0,1506,1506,0,1916,1916
6065941000,"Riverside, CA (CT)",0,4213,4213,0,3812,3812
6065941100,"Riverside, CA (CT)",0,2267,2267,0,2051,2051
6065941200,"Riverside, CA (CT)",46,2310,2356,15,2190,2205
6065941300,"Riverside, CA (CT)",0,2436,2436,0,3300,3300
6065941400,"Riverside, CA (CT)",0,2896,2896,0,3179,3179
6065941500,"Riverside, CA (CT)",122,1384,1506,295,3996,4291
6065980004,"Riverside, CA (CT)",0,4,4,0,9,9
6065981000,"Riverside, CA (CT)",0,0,0,7634,0,7634
6067000100,"Sacramento, CA (CT)",0,1732,1732,0,3558,3558
6067000200,"Sacramento, CA (CT)",0,1800,1800,0,3497,3497
6067000300,"Sacramento, CA (CT)",0,1584,1584,0,3103,3103
6067000400,"Sacramento, CA (CT)",0,2351,2351,0,3667,3667
6067000500,"Sacramento, CA (CT)",0,2023,2023,0,3159,3159
6067000600,"Sacramento, CA (CT)",0,733,733,0,1122,1122
6067000700,"Sacramento, CA (CT)",0,709,709,0,2806,2806
6067000800,"Sacramento, CA (CT)",0,1227,1227,0,1425,1425
6067001101,"Sacramento, CA (CT)",0,2096,2096,0,2047,2047
6067001200,"Sacramento, CA (CT)",0,2714,2714,0,3323,3323
6067001300,"Sacramento, CA (CT)",0,2230,2230,0,3005,3005
6067001400,"Sacramento, CA (CT)",0,1882,1882,0,2466,2466
6067001500,"Sacramento, CA (CT)",0,2461,2461,0,4329,4329
6067001600,"Sacramento, CA (CT)",0,2789,2789,0,5421,5421
6067001700,"Sacramento, CA (CT)",0,2668,2668,0,4794,4794
6067001800,"Sacramento, CA (CT)",0,2259,2259,0,4686,4686
6067001900,"Sacramento, CA (CT)",0,1811,1811,0,2771,2771
6067002000,"Sacramento, CA (CT)",0,1468,1468,0,2376,2376
6067002100,"Sacramento, CA (CT)",0,1175,1175,0,2377,2377
6067002200,"Sacramento, CA (CT)",0,1808,1808,0,4004,4004
6067002300,"Sacramento, CA (CT)",0,1690,1690,0,3156,3156
6067002400,"Sacramento, CA (CT)",0,2136,2136,0,4387,4387
6067002500,"Sacramento, CA (CT)",0,740,740,0,1587,1587
6067002600,"Sacramento, CA (CT)",0,1295,1295,0,2505,2505
6067002700,"Sacramento, CA (CT)",0,1594,1594,0,3383,3383
6067002800,"Sacramento, CA (CT)",0,1176,1176,0,3291,3291
6067002900,"Sacramento, CA (CT)",0,2304,2304,0,4499,4499
6067003000,"Sacramento, CA (CT)",0,2825,2825,0,6563,6563
6067003101,"Sacramento, CA (CT)",0,1250,1250,0,3568,3568
6067003102,"Sacramento, CA (CT)",0,1048,1048,0,2933,2933
6067003202,"Sacramento, CA (CT)",0,1801,1801,0,5052,5052
6067003203,"Sacramento, CA (CT)",0,787,787,0,3200,3200
6067003204,"Sacramento, CA (CT)",0,1554,1554,0,5456,5456
6067003300,"Sacramento, CA (CT)",0,1959,1959,0,4073,4073
6067003400,"Sacramento, CA (CT)",0,1924,1924,0,4085,4085
6067003501,"Sacramento, CA (CT)",0,1265,1265,0,2629,2629
6067003502,"Sacramento, CA (CT)",0,1335,1335,0,2916,2916
6067003600,"Sacramento, CA (CT)",0,1023,1023,0,2826,2826
6067003700,"Sacramento, CA (CT)",0,1390,1390,0,4219,4219
6067003800,"Sacramento, CA (CT)",0,1808,1808,0,5083,5083
6067003900,"Sacramento, CA (CT)",0,1697,1697,0,3374,3374
6067004001,"Sacramento, CA (CT)",0,2825,2825,0,5755,5755
6067004004,"Sacramento, CA (CT)",0,2724,2724,0,6086,6086
6067004005,"Sacramento, CA (CT)",0,2043,2043,0,4185,4185
6067004006,"Sacramento, CA (CT)",0,2375,2375,0,4843,4843
6067004008,"Sacramento, CA (CT)",0,1562,1562,0,3596,3596
6067004009,"Sacramento, CA (CT)",0,2334,2334,0,5129,5129
6067004010,"Sacramento, CA (CT)",0,2534,2534,0,5131,5131
6067004011,"Sacramento, CA (CT)",0,1403,1403,0,3086,3086
6067004012,"Sacramento, CA (CT)",0,1390,1390,0,3267,3267
6067004100,"Sacramento, CA (CT)",0,1690,1690,0,5015,5015
6067004201,"Sacramento, CA (CT)",0,1716,1716,0,5290,5290
6067004202,"Sacramento, CA (CT)",0,1736,1736,0,5538,5538
6067004203,"Sacramento, CA (CT)",0,1538,1538,0,5112,5112
6067004300,"Sacramento, CA (CT)",0,2523,2523,0,9553,9553
6067004401,"Sacramento, CA (CT)",0,1446,1446,0,4122,4122
6067004402,"Sacramento, CA (CT)",0,1343,1343,0,4252,4252
6067004501,"Sacramento, CA (CT)",0,1146,1146,0,3529,3529
6067004502,"Sacramento, CA (CT)",0,1768,1768,0,4795,4795
6067004601,"Sacramento, CA (CT)",0,2532,2532,0,7614,7614
6067004602,"Sacramento, CA (CT)",0,1722,1722,0,5067,5067
6067004701,"Sacramento, CA (CT)",0,1242,1242,0,3303,3303
6067004702,"Sacramento, CA (CT)",0,1565,1565,0,4945,4945
6067004801,"Sacramento, CA (CT)",0,1787,1787,0,5899,5899
6067004802,"Sacramento, CA (CT)",0,1536,1536,0,4485,4485
6067004903,"Sacramento, CA (CT)",0,2097,2097,0,6740,6740
6067004904,"Sacramento, CA (CT)",0,2000,2000,0,5675,5675
6067004905,"Sacramento, CA (CT)",0,2310,2310,0,6649,6649
6067004906,"Sacramento, CA (CT)",0,965,965,0,2797,2797
6067005001,"Sacramento, CA (CT)",0,2580,2580,0,8107,8107
6067005002,"Sacramento, CA (CT)",0,2637,2637,0,6284,6284
6067005101,"Sacramento, CA (CT)",0,1378,1378,0,4454,4454
6067005102,"Sacramento, CA (CT)",0,1730,1730,0,4481,4481
6067005201,"Sacramento, CA (CT)",0,949,949,0,3040,3040
6067005202,"Sacramento, CA (CT)",0,1511,1511,0,3154,3154
6067005204,"Sacramento, CA (CT)",0,2014,2014,0,4220,4220
6067005205,"Sacramento, CA (CT)",0,1100,1100,0,2109,2109
6067005301,"Sacramento, CA (CT)",0,333,333,0,1823,1823
6067005402,"Sacramento, CA (CT)",0,1733,1733,0,2641,2641
6067005403,"Sacramento, CA (CT)",0,1416,1416,0,2224,2224
6067005404,"Sacramento, CA (CT)",0,3038,3038,0,5611,5611
6067005502,"Sacramento, CA (CT)",0,2166,2166,0,5477,5477
6067005505,"Sacramento, CA (CT)",0,2162,2162,0,4550,4550
6067005506,"Sacramento, CA (CT)",0,1433,1433,0,3066,3066
6067005508,"Sacramento, CA (CT)",0,2024,2024,0,3106,3106
6067005509,"Sacramento, CA (CT)",0,1065,1065,0,1910,1910
6067005510,"Sacramento, CA (CT)",0,2620,2620,0,4291,4291
6067005601,"Sacramento, CA (CT)",0,2417,2417,0,4822,4822
6067005605,"Sacramento, CA (CT)",0,1417,1417,0,3124,3124
6067005606,"Sacramento, CA (CT)",0,1996,1996,0,4029,4029
6067005701,"Sacramento, CA (CT)",0,1346,1346,0,3060,3060
6067005702,"Sacramento, CA (CT)",0,1925,1925,0,4795,4795
6067005801,"Sacramento, CA (CT)",0,2328,2328,0,5050,5050
6067005803,"Sacramento, CA (CT)",0,1500,1500,0,3545,3545
6067005804,"Sacramento, CA (CT)",0,1148,1148,0,2585,2585
6067005901,"Sacramento, CA (CT)",0,2537,2537,0,5892,5892
6067005903,"Sacramento, CA (CT)",0,1229,1229,0,2277,2277
6067005904,"Sacramento, CA (CT)",0,2234,2234,0,4825,4825
6067006002,"Sacramento, CA (CT)",0,2219,2219,0,4624,4624
6067006003,"Sacramento, CA (CT)",0,1970,1970,0,4461,4461
6067006004,"Sacramento, CA (CT)",0,1091,1091,0,2319,2319
6067006101,"Sacramento, CA (CT)",0,2333,2333,0,4608,4608
6067006102,"Sacramento, CA (CT)",0,1884,1884,0,3114,3114
6067006201,"Sacramento, CA (CT)",0,3061,3061,0,6290,6290
6067006202,"Sacramento, CA (CT)",0,1664,1664,0,3599,3599
6067006300,"Sacramento, CA (CT)",0,1801,1801,0,4592,4592
6067006400,"Sacramento, CA (CT)",0,1948,1948,0,5347,5347
6067006500,"Sacramento, CA (CT)",0,2118,2118,0,6637,6637
6067006600,"Sacramento, CA (CT)",0,2256,2256,0,6166,6166
6067006701,"Sacramento, CA (CT)",0,2536,2536,0,8370,8370
6067006702,"Sacramento, CA (CT)",0,2067,2067,0,7560,7560
6067006800,"Sacramento, CA (CT)",0,2367,2367,0,7455,7455
6067006900,"Sacramento, CA (CT)",0,2399,2399,0,4763,4763
6067007001,"Sacramento, CA (CT)",0,1278,1278,0,3842,3842
6067007004,"Sacramento, CA (CT)",0,2796,2796,0,7533,7533
6067007007,"Sacramento, CA (CT)",0,1671,1671,0,5356,5356
6067007010,"Sacramento, CA (CT)",0,2004,2004,0,3626,3626
6067007011,"Sacramento, CA (CT)",0,2522,2522,0,5788,5788
6067007012,"Sacramento, CA (CT)",0,1429,1429,0,3345,3345
6067007013,"Sacramento, CA (CT)",0,1041,1041,0,2779,2779
6067007014,"Sacramento, CA (CT)",0,2807,2807,0,7342,7342
6067007015,"Sacramento, CA (CT)",0,2232,2232,0,4997,4997
6067007016,"Sacramento, CA (CT)",0,1789,1789,0,5537,5537
6067007017,"Sacramento, CA (CT)",0,1079,1079,0,2770,2770
6067007018,"Sacramento, CA (CT)",0,2323,2323,0,5083,5083
6067007019,"Sacramento, CA (CT)",0,423,423,0,1203,1203
6067007020,"Sacramento, CA (CT)",0,1717,1717,0,4034,4034
6067007101,"Sacramento, CA (CT)",107,2,109,237,16,253
6067007102,"Sacramento, CA (CT)",0,3156,3156,0,7195,7195
6067007103,"Sacramento, CA (CT)",0,1678,1678,0,3850,3850
6067007104,"Sacramento, CA (CT)",0,2637,2637,0,7689,7689
6067007105,"Sacramento, CA (CT)",0,2411,2411,0,6725,6725
6067007106,"Sacramento, CA (CT)",0,2387,2387,0,7161,7161
6067007107,"Sacramento, CA (CT)",30,1333,1363,61,3311,3372
6067007202,"Sacramento, CA (CT)",0,1366,1366,0,4065,4065
6067007204,"Sacramento, CA (CT)",0,1553,1553,0,4965,4965
6067007206,"Sacramento, CA (CT)",296,1085,1381,756,3375,4131
6067007207,"Sacramento, CA (CT)",17,1407,1424,56,4156,4212
6067007208,"Sacramento, CA (CT)",0,1509,1509,0,4495,4495
6067007209,"Sacramento, CA (CT)",0,1288,1288,0,3695,3695
6067007301,"Sacramento, CA (CT)",0,1645,1645,0,4644,4644
6067007402,"Sacramento, CA (CT)",0,2070,2070,0,6180,6180
6067007403,"Sacramento, CA (CT)",0,1443,1443,0,4537,4537
6067007406,"Sacramento, CA (CT)",0,2711,2711,0,7626,7626
6067007413,"Sacramento, CA (CT)",0,2332,2332,0,5932,5932
6067007414,"Sacramento, CA (CT)",0,1463,1463,0,4317,4317
6067007415,"Sacramento, CA (CT)",0,1182,1182,0,3039,3039
6067007416,"Sacramento, CA (CT)",0,1554,1554,0,3866,3866
6067007417,"Sacramento, CA (CT)",0,926,926,0,3012,3012
6067007421,"Sacramento, CA (CT)",0,2650,2650,0,9003,9003
6067007422,"Sacramento, CA (CT)",0,928,928,0,2692,2692
6067007423,"Sacramento, CA (CT)",0,2120,2120,0,5313,5313
6067007424,"Sacramento, CA (CT)",0,1364,1364,0,3508,3508
6067007426,"Sacramento, CA (CT)",0,805,805,0,2234,2234
6067007427,"Sacramento, CA (CT)",0,2242,2242,0,6840,6840
6067007428,"Sacramento, CA (CT)",0,1305,1305,0,3451,3451
6067007429,"Sacramento, CA (CT)",0,1881,1881,0,4889,4889
6067007430,"Sacramento, CA (CT)",0,2541,2541,0,7805,7805
6067007431,"Sacramento, CA (CT)",0,1119,1119,0,3355,3355
6067007432,"Sacramento, CA (CT)",0,1592,1592,0,5040,5040
6067007433,"Sacramento, CA (CT)",0,2682,2682,0,7656,7656
6067007501,"Sacramento, CA (CT)",0,2547,2547,0,6067,6067
6067007503,"Sacramento, CA (CT)",0,2209,2209,0,4912,4912
6067007504,"Sacramento, CA (CT)",0,863,863,0,2054,2054
6067007601,"Sacramento, CA (CT)",0,3108,3108,0,6416,6416
6067007602,"Sacramento, CA (CT)",0,2141,2141,0,4619,4619
6067007701,"Sacramento, CA (CT)",0,2886,2886,0,6126,6126
6067007702,"Sacramento, CA (CT)",0,2079,2079,0,4306,4306
6067007801,"Sacramento, CA (CT)",0,2556,2556,0,5481,5481
6067007802,"Sacramento, CA (CT)",0,2156,2156,0,4808,4808
6067007903,"Sacramento, CA (CT)",0,1960,1960,0,4576,4576
6067007904,"Sacramento, CA (CT)",0,1924,1924,0,4797,4797
6067007905,"Sacramento, CA (CT)",0,1835,1835,0,4225,4225
6067007906,"Sacramento, CA (CT)",0,1614,1614,0,3525,3525
6067008005,"Sacramento, CA (CT)",0,1964,1964,0,4715,4715
6067008006,"Sacramento, CA (CT)",0,2518,2518,0,5718,5718
6067008007,"Sacramento, CA (CT)",0,1482,1482,0,3151,3151
6067008008,"Sacramento, CA (CT)",0,1929,1929,0,4610,4610
6067008009,"Sacramento, CA (CT)",0,2036,2036,0,4407,4407
6067008010,"Sacramento, CA (CT)",0,2128,2128,0,4890,4890
6067008111,"Sacramento, CA (CT)",0,2419,2419,0,6153,6153
6067008113,"Sacramento, CA (CT)",0,1502,1502,0,3752,3752
6067008117,"Sacramento, CA (CT)",0,834,834,0,2084,2084
6067008119,"Sacramento, CA (CT)",0,2316,2316,0,5668,5668
6067008120,"Sacramento, CA (CT)",0,2092,2092,0,4873,4873
6067008122,"Sacramento, CA (CT)",0,1480,1480,0,3384,3384
6067008124,"Sacramento, CA (CT)",0,1669,1669,0,4478,4478
6067008125,"Sacramento, CA (CT)",0,2184,2184,0,5265,5265
6067008127,"Sacramento, CA (CT)",0,1753,1753,0,4792,4792
6067008128,"Sacramento, CA (CT)",0,965,965,0,2462,2462
6067008129,"Sacramento, CA (CT)",0,1317,1317,0,3358,3358
6067008130,"Sacramento, CA (CT)",0,1385,1385,0,3761,3761
6067008131,"Sacramento, CA (CT)",0,2454,2454,0,4922,4922
6067008132,"Sacramento, CA (CT)",0,1511,1511,0,3710,3710
6067008133,"Sacramento, CA (CT)",0,1270,1270,0,2652,2652
6067008134,"Sacramento, CA (CT)",0,2090,2090,0,4647,4647
6067008135,"Sacramento, CA (CT)",0,2252,2252,0,4000,4000
6067008136,"Sacramento, CA (CT)",0,1080,1080,0,2339,2339
6067008137,"Sacramento, CA (CT)",0,985,985,0,2432,2432
6067008138,"Sacramento, CA (CT)",0,1419,1419,0,3568,3568
6067008139,"Sacramento, CA (CT)",0,1829,1829,0,3360,3360
6067008140,"Sacramento, CA (CT)",0,1162,1162,0,2894,2894
6067008141,"Sacramento, CA (CT)",0,2856,2856,0,6799,6799
6067008142,"Sacramento, CA (CT)",0,1475,1475,0,3353,3353
6067008143,"Sacramento, CA (CT)",0,1739,1739,0,4248,4248
6067008144,"Sacramento, CA (CT)",0,947,947,0,2541,2541
6067008145,"Sacramento, CA (CT)",0,2699,2699,0,7345,7345
6067008203,"Sacramento, CA (CT)",0,1901,1901,0,4760,4760
6067008204,"Sacramento, CA (CT)",0,1800,1800,0,4495,4495
6067008206,"Sacramento, CA (CT)",0,2254,2254,0,5638,5638
6067008207,"Sacramento, CA (CT)",0,1830,1830,0,4212,4212
6067008208,"Sacramento, CA (CT)",0,1987,1987,0,4598,4598
6067008209,"Sacramento, CA (CT)",0,1846,1846,0,4085,4085
6067008210,"Sacramento, CA (CT)",0,2607,2607,0,5472,5472
6067008211,"Sacramento, CA (CT)",0,1090,1090,0,2871,2871
6067008402,"Sacramento, CA (CT)",0,2083,2083,0,5505,5505
6067008403,"Sacramento, CA (CT)",0,2291,2291,0,5246,5246
6067008404,"Sacramento, CA (CT)",0,1538,1538,0,3275,3275
6067008501,"Sacramento, CA (CT)",0,2269,2269,0,6228,6228
6067008504,"Sacramento, CA (CT)",0,1708,1708,0,4320,4320
6067008505,"Sacramento, CA (CT)",0,761,761,0,2186,2186
6067008506,"Sacramento, CA (CT)",0,1583,1583,0,2520,2520
6067008507,"Sacramento, CA (CT)",0,1617,1617,0,3687,3687
6067008508,"Sacramento, CA (CT)",0,2381,2381,0,6825,6825
6067008509,"Sacramento, CA (CT)",0,1511,1511,0,4711,4711
6067008510,"Sacramento, CA (CT)",0,1597,1597,0,4744,4744
6067008512,"Sacramento, CA (CT)",0,1246,1246,0,3819,3819
6067008513,"Sacramento, CA (CT)",0,1004,1004,0,2793,2793
6067008600,"Sacramento, CA (CT)",528,2389,2917,1408,5376,6784
6067008702,"Sacramento, CA (CT)",0,1334,1334,0,3082,3082
6067008703,"Sacramento, CA (CT)",0,2234,2234,0,4912,4912
6067008704,"Sacramento, CA (CT)",0,1039,1039,0,3231,3231
6067008705,"Sacramento, CA (CT)",466,1042,1508,1198,3199,4397
6067008801,"Sacramento, CA (CT)",139,1476,1615,483,3953,4436
6067008905,"Sacramento, CA (CT)",0,1754,1754,0,4451,4451
6067008907,"Sacramento, CA (CT)",0,1979,1979,0,4835,4835
6067008908,"Sacramento, CA (CT)",0,2150,2150,0,4835,4835
6067008909,"Sacramento, CA (CT)",0,892,892,0,2358,2358
6067008910,"Sacramento, CA (CT)",0,1398,1398,0,3486,3486
6067008911,"Sacramento, CA (CT)",0,872,872,0,2295,2295
6067008912,"Sacramento, CA (CT)",0,1345,1345,0,3100,3100
6067008913,"Sacramento, CA (CT)",0,1588,1588,0,4145,4145
6067009004,"Sacramento, CA (CT)",0,1336,1336,0,3878,3878
6067009005,"Sacramento, CA (CT)",56,1264,1320,135,3030,3165
6067009006,"Sacramento, CA (CT)",0,2002,2002,0,4940,4940
6067009007,"Sacramento, CA (CT)",0,1153,1153,0,2818,2818
6067009008,"Sacramento, CA (CT)",0,1755,1755,0,4928,4928
6067009010,"Sacramento, CA (CT)",0,2362,2362,0,4866,4866
6067009011,"Sacramento, CA (CT)",0,1272,1272,0,3964,3964
6067009103,"Sacramento, CA (CT)",0,1275,1275,0,3495,3495
6067009105,"Sacramento, CA (CT)",0,1166,1166,0,2709,2709
6067009106,"Sacramento, CA (CT)",0,1978,1978,0,4143,4143
6067009107,"Sacramento, CA (CT)",0,1354,1354,0,3213,3213
6067009108,"Sacramento, CA (CT)",0,1448,1448,0,3693,3693
6067009109,"Sacramento, CA (CT)",0,1784,1784,0,4842,4842
6067009110,"Sacramento, CA (CT)",0,777,777,0,1482,1482
6067009111,"Sacramento, CA (CT)",0,2305,2305,0,5539,5539
6067009112,"Sacramento, CA (CT)",0,1402,1402,0,3630,3630
6067009201,"Sacramento, CA (CT)",457,497,954,1181,1112,2293
6067009307,"Sacramento, CA (CT)",0,1857,1857,0,5241,5241
6067009308,"Sacramento, CA (CT)",0,2274,2274,0,6032,6032
6067009309,"Sacramento, CA (CT)",0,916,916,0,2282,2282
6067009310,"Sacramento, CA (CT)",0,2559,2559,0,7000,7000
6067009311,"Sacramento, CA (CT)",0,2001,2001,0,6407,6407
6067009312,"Sacramento, CA (CT)",0,2053,2053,0,6535,6535
6067009314,"Sacramento, CA (CT)",0,1804,1804,0,5922,5922
6067009316,"Sacramento, CA (CT)",0,1300,1300,0,4605,4605
6067009317,"Sacramento, CA (CT)",0,1786,1786,0,5700,5700
6067009318,"Sacramento, CA (CT)",0,682,682,0,2620,2620
6067009319,"Sacramento, CA (CT)",0,1336,1336,0,4864,4864
6067009320,"Sacramento, CA (CT)",0,1443,1443,0,4336,4336
6067009321,"Sacramento, CA (CT)",0,1686,1686,0,5573,5573
6067009322,"Sacramento, CA (CT)",0,3838,3838,0,13206,13206
6067009323,"Sacramento, CA (CT)",0,1727,1727,0,5321,5321
6067009324,"Sacramento, CA (CT)",409,505,914,1086,1656,2742
6067009325,"Sacramento, CA (CT)",296,28,324,755,81,836
6067009326,"Sacramento, CA (CT)",177,1280,1457,500,4304,4804
6067009328,"Sacramento, CA (CT)",0,1446,1446,0,5245,5245
6067009329,"Sacramento, CA (CT)",0,721,721,0,2300,2300
6067009330,"Sacramento, CA (CT)",0,1152,1152,0,3818,3818
6067009331,"Sacramento, CA (CT)",0,2014,2014,0,7049,7049
6067009332,"Sacramento, CA (CT)",53,393,446,138,1287,1425
6067009403,"Sacramento, CA (CT)",730,2,732,2029,9,2038
6067009404,"Sacramento, CA (CT)",2266,0,2266,5921,0,5921
6067009406,"Sacramento, CA (CT)",800,17,817,2319,71,2390
6067009407,"Sacramento, CA (CT)",0,3154,3154,0,9944,9944
6067009408,"Sacramento, CA (CT)",198,328,526,563,1220,1783
6067009501,"Sacramento, CA (CT)",217,605,822,624,2148,2772
6067009502,"Sacramento, CA (CT)",235,2092,2327,661,6394,7055
6067009503,"Sacramento, CA (CT)",0,1234,1234,0,3067,3067
6067009504,"Sacramento, CA (CT)",0,663,663,0,2059,2059
6067009601,"Sacramento, CA (CT)",0,1860,1860,0,6621,6621
6067009606,"Sacramento, CA (CT)",0,2521,2521,0,7159,7159
6067009608,"Sacramento, CA (CT)",0,2444,2444,0,7597,7597
6067009609,"Sacramento, CA (CT)",0,1484,1484,0,5215,5215
6067009610,"Sacramento, CA (CT)",0,1776,1776,0,6072,6072
6067009611,"Sacramento, CA (CT)",0,1149,1149,0,3165,3165
6067009612,"Sacramento, CA (CT)",0,1842,1842,0,5073,5073
6067009614,"Sacramento, CA (CT)",0,2248,2248,0,6658,6658
6067009615,"Sacramento, CA (CT)",0,2815,2815,0,7864,7864
6067009616,"Sacramento, CA (CT)",0,2003,2003,0,5814,5814
6067009617,"Sacramento, CA (CT)",0,1383,1383,0,3545,3545
6067009618,"Sacramento, CA (CT)",3,1557,1560,2,4640,4642
6067009619,"Sacramento, CA (CT)",0,2864,2864,0,7824,7824
6067009622,"Sacramento, CA (CT)",0,2769,2769,0,7222,7222
6067009630,"Sacramento, CA (CT)",0,2865,2865,0,9389,9389
6067009632,"Sacramento, CA (CT)",0,2005,2005,0,6811,6811
6067009633,"Sacramento, CA (CT)",0,1052,1052,0,3309,3309
6067009634,"Sacramento, CA (CT)",0,1527,1527,0,4913,4913
6067009635,"Sacramento, CA (CT)",22,1857,1879,49,5892,5941
6067009636,"Sacramento, CA (CT)",0,2324,2324,0,7672,7672
6067009637,"Sacramento, CA (CT)",0,1605,1605,0,6003,6003
6067009638,"Sacramento, CA (CT)",685,491,1176,3222,1108,4330
6067009639,"Sacramento, CA (CT)",0,1139,1139,0,3554,3554
6067009800,"Sacramento, CA (CT)",1210,0,1210,1984,0,1984
6067009900,"Sacramento, CA (CT)",1680,63,1743,3889,87,3976
6067988300,"Sacramento, CA (CT)",0,40,40,0,6747,6747
6069000100,"San Benito, CA (CT)",1485,213,1698,4376,631,5007
6069000200,"San Benito, CA (CT)",2257,23,2280,5969,82,6051
6069000300,"San Benito, CA (CT)",0,1043,1043,0,4217,4217
6069000400,"San Benito, CA (CT)",0,1948,1948,0,5975,5975
6069000501,"San Benito, CA (CT)",0,1664,1664,0,5395,5395
6069000502,"San Benito, CA (CT)",0,1684,1684,0,6099,6099
6069000600,"San Benito, CA (CT)",0,2569,2569,0,8317,8317
6069000701,"San Benito, CA (CT)",0,980,980,0,3644,3644
6069000702,"San Benito, CA (CT)",251,1411,1662,789,4159,4948
6069000801,"San Benito, CA (CT)",49,1238,1287,126,2956,3082
6069000802,"San Benito, CA (CT)",890,165,1055,2007,527,2534
6071000103,"San Bernardino, CA (CT)",0,1707,1707,0,4740,4740
6071000104,"San Bernardino, CA (CT)",0,1898,1898,0,6117,6117
6071000105,"San Bernardino, CA (CT)",0,1950,1950,0,6676,6676
6071000107,"San Bernardino, CA (CT)",0,957,957,0,2957,2957
6071000108,"San Bernardino, CA (CT)",0,1747,1747,0,5077,5077
6071000109,"San Bernardino, CA (CT)",0,2101,2101,0,6752,6752
6071000111,"San Bernardino, CA (CT)",451,413,864,1283,1297,2580
6071000113,"San Bernardino, CA (CT)",0,3438,3438,0,11112,11112
6071000115,"San Bernardino, CA (CT)",12,2144,2156,35,7079,7114
6071000116,"San Bernardino, CA (CT)",545,2843,3388,1784,9072,10856
6071000117,"San Bernardino, CA (CT)",0,2260,2260,0,6959,6959
6071000118,"San Bernardino, CA (CT)",132,1229,1361,439,4102,4541
6071000201,"San Bernardino, CA (CT)",0,1256,1256,0,4195,4195
6071000203,"San Bernardino, CA (CT)",0,1157,1157,0,4474,4474
6071000205,"San Bernardino, CA (CT)",0,1471,1471,0,4736,4736
6071000207,"San Bernardino, CA (CT)",0,1087,1087,0,4635,4635
6071000208,"San Bernardino, CA (CT)",0,1089,1089,0,4124,4124
6071000301,"San Bernardino, CA (CT)",0,2257,2257,0,8795,8795
6071000303,"San Bernardino, CA (CT)",0,1752,1752,0,7169,7169
6071000304,"San Bernardino, CA (CT)",0,1580,1580,0,5871,5871
6071000401,"San Bernardino, CA (CT)",0,1921,1921,0,6387,6387
6071000403,"San Bernardino, CA (CT)",0,1400,1400,0,4678,4678
6071000404,"San Bernardino, CA (CT)",0,1782,1782,0,4419,4419
6071000501,"San Bernardino, CA (CT)",0,1979,1979,0,6785,6785
6071000503,"San Bernardino, CA (CT)",0,1630,1630,0,5270,5270
6071000504,"San Bernardino, CA (CT)",0,1534,1534,0,5450,5450
6071000603,"San Bernardino, CA (CT)",0,1703,1703,0,5576,5576
6071000604,"San Bernardino, CA (CT)",0,1805,1805,0,5682,5682
6071000605,"San Bernardino, CA (CT)",0,1316,1316,0,5274,5274
6071000606,"San Bernardino, CA (CT)",0,1164,1164,0,4374,4374
6071000804,"San Bernardino, CA (CT)",0,1199,1199,0,3255,3255
6071000808,"San Bernardino, CA (CT)",0,1987,1987,0,5840,5840
6071000812,"San Bernardino, CA (CT)",0,1344,1344,0,3845,3845
6071000813,"San Bernardino, CA (CT)",0,1285,1285,0,3449,3449
6071000814,"San Bernardino, CA (CT)",0,1327,1327,0,3832,3832
6071000815,"San Bernardino, CA (CT)",0,1267,1267,0,3584,3584
6071000816,"San Bernardino, CA (CT)",0,1394,1394,0,3906,3906
6071000817,"San Bernardino, CA (CT)",0,1300,1300,0,3264,3264
6071000818,"San Bernardino, CA (CT)",0,1907,1907,0,5428,5428
6071000819,"San Bernardino, CA (CT)",0,1895,1895,0,5077,5077
6071000820,"San Bernardino, CA (CT)",0,1332,1332,0,3958,3958
6071000821,"San Bernardino, CA (CT)",0,1605,1605,0,3478,3478
6071000823,"San Bernardino, CA (CT)",0,2638,2638,0,6658,6658
6071000824,"San Bernardino, CA (CT)",0,1949,1949,0,5092,5092
6071000825,"San Bernardino, CA (CT)",0,1559,1559,0,3905,3905
6071000826,"San Bernardino, CA (CT)",0,1403,1403,0,4075,4075
6071000901,"San Bernardino, CA (CT)",0,1816,1816,0,4600,4600
6071000903,"San Bernardino, CA (CT)",0,1550,1550,0,4338,4338
6071000904,"San Bernardino, CA (CT)",0,1141,1141,0,3248,3248
6071001001,"San Bernardino, CA (CT)",0,1551,1551,0,4990,4990
6071001002,"San Bernardino, CA (CT)",0,1396,1396,0,5530,5530
6071001101,"San Bernardino, CA (CT)",0,1256,1256,0,4092,4092
6071001103,"San Bernardino, CA (CT)",0,1449,1449,0,3997,3997
6071001104,"San Bernardino, CA (CT)",0,1691,1691,0,5058,5058
6071001200,"San Bernardino, CA (CT)",0,1572,1572,0,4730,4730
6071001305,"San Bernardino, CA (CT)",0,1391,1391,0,5348,5348
6071001307,"San Bernardino, CA (CT)",0,966,966,0,4163,4163
6071001308,"San Bernardino, CA (CT)",0,1258,1258,0,5100,5100
6071001309,"San Bernardino, CA (CT)",0,1159,1159,0,4793,4793
6071001310,"San Bernardino, CA (CT)",0,1498,1498,0,5814,5814
6071001311,"San Bernardino, CA (CT)",0,947,947,0,3236,3236
6071001312,"San Bernardino, CA (CT)",0,1434,1434,0,4645,4645
6071001400,"San Bernardino, CA (CT)",0,1263,1263,0,2923,2923
6071001501,"San Bernardino, CA (CT)",0,983,983,0,4052,4052
6071001503,"San Bernardino, CA (CT)",0,903,903,0,4195,4195
6071001504,"San Bernardino, CA (CT)",0,1655,1655,0,5676,5676
6071001600,"San Bernardino, CA (CT)",0,1461,1461,0,6133,6133
6071001702,"San Bernardino, CA (CT)",0,1631,1631,0,4827,4827
6071001703,"San Bernardino, CA (CT)",0,1895,1895,0,5979,5979
6071001704,"San Bernardino, CA (CT)",0,1479,1479,0,5056,5056
6071001706,"San Bernardino, CA (CT)",0,1864,1864,0,6231,6231
6071001707,"San Bernardino, CA (CT)",0,1455,1455,0,5966,5966
6071001803,"San Bernardino, CA (CT)",0,1181,1181,0,2985,2985
6071001804,"San Bernardino, CA (CT)",0,1449,1449,0,5145,5145
6071001806,"San Bernardino, CA (CT)",0,1268,1268,0,4760,4760
6071001808,"San Bernardino, CA (CT)",0,1181,1181,0,4413,4413
6071001809,"San Bernardino, CA (CT)",0,1119,1119,0,4476,4476
6071001810,"San Bernardino, CA (CT)",0,1146,1146,0,4497,4497
6071001812,"San Bernardino, CA (CT)",0,1088,1088,0,4321,4321
6071001813,"San Bernardino, CA (CT)",0,962,962,0,4576,4576
6071001901,"San Bernardino, CA (CT)",0,1641,1641,0,5753,5753
6071001903,"San Bernardino, CA (CT)",263,1720,1983,739,7289,8028
6071001905,"San Bernardino, CA (CT)",190,1843,2033,643,5746,6389
6071001906,"San Bernardino, CA (CT)",181,2004,2185,454,6606,7060
6071002010,"San Bernardino, CA (CT)",0,2558,2558,0,9013,9013
6071002011,"San Bernardino, CA (CT)",0,1289,1289,0,4006,4006
6071002013,"San Bernardino, CA (CT)",0,1727,1727,0,4207,4207
6071002014,"San Bernardino, CA (CT)",0,1543,1543,0,4846,4846
6071002015,"San Bernardino, CA (CT)",0,1578,1578,0,4777,4777
6071002016,"San Bernardino, CA (CT)",0,1325,1325,0,3883,3883
6071002017,"San Bernardino, CA (CT)",0,1842,1842,0,5826,5826
6071002018,"San Bernardino, CA (CT)",0,1718,1718,0,5342,5342
6071002019,"San Bernardino, CA (CT)",0,1741,1741,0,4757,4757
6071002021,"San Bernardino, CA (CT)",0,1642,1642,0,5201,5201
6071002022,"San Bernardino, CA (CT)",51,3183,3234,138,11288,11426
6071002023,"San Bernardino, CA (CT)",0,2328,2328,0,5118,5118
6071002025,"San Bernardino, CA (CT)",0,1848,1848,0,5056,5056
6071002027,"San Bernardino, CA (CT)",0,2108,2108,0,5543,5543
6071002028,"San Bernardino, CA (CT)",0,1717,1717,0,5282,5282
6071002029,"San Bernardino, CA (CT)",0,1926,1926,0,6077,6077
6071002031,"San Bernardino, CA (CT)",0,1843,1843,0,6281,6281
6071002033,"San Bernardino, CA (CT)",0,2438,2438,0,7663,7663
6071002034,"San Bernardino, CA (CT)",0,4622,4622,0,13758,13758
6071002035,"San Bernardino, CA (CT)",0,2435,2435,0,6874,6874
6071002036,"San Bernardino, CA (CT)",0,4537,4537,0,11640,11640
6071002037,"San Bernardino, CA (CT)",0,2136,2136,0,7739,7739
6071002038,"San Bernardino, CA (CT)",0,1474,1474,0,5366,5366
6071002101,"San Bernardino, CA (CT)",0,1329,1329,0,4399,4399
6071002103,"San Bernardino, CA (CT)",0,1925,1925,0,4646,4646
6071002105,"San Bernardino, CA (CT)",0,1822,1822,0,5036,5036
6071002107,"San Bernardino, CA (CT)",0,1909,1909,0,4970,4970
6071002109,"San Bernardino, CA (CT)",0,2143,2143,0,4626,4626
6071002110,"San Bernardino, CA (CT)",0,3389,3389,0,7020,7020
6071002204,"San Bernardino, CA (CT)",0,1536,1536,0,6139,6139
6071002206,"San Bernardino, CA (CT)",0,2004,2004,0,6656,6656
6071002207,"San Bernardino, CA (CT)",0,484,484,0,4461,4461
6071002301,"San Bernardino, CA (CT)",0,2421,2421,0,9721,9721
6071002304,"San Bernardino, CA (CT)",0,5014,5014,0,18904,18904
6071002305,"San Bernardino, CA (CT)",0,2814,2814,0,10725,10725
6071002306,"San Bernardino, CA (CT)",0,1051,1051,0,4169,4169
6071002307,"San Bernardino, CA (CT)",0,1168,1168,0,5085,5085
6071002401,"San Bernardino, CA (CT)",0,1911,1911,0,8946,8946
6071002402,"San Bernardino, CA (CT)",0,1940,1940,0,8434,8434
6071002501,"San Bernardino, CA (CT)",0,1348,1348,0,5840,5840
6071002502,"San Bernardino, CA (CT)",0,1774,1774,0,8051,8051
6071002601,"San Bernardino, CA (CT)",0,2684,2684,0,10799,10799
6071002602,"San Bernardino, CA (CT)",0,1987,1987,0,7639,7639
6071002604,"San Bernardino, CA (CT)",0,1495,1495,0,5723,5723
6071002606,"San Bernardino, CA (CT)",0,1937,1937,0,7089,7089
6071002607,"San Bernardino, CA (CT)",0,2032,2032,0,7826,7826
6071002703,"San Bernardino, CA (CT)",0,1653,1653,0,5780,5780
6071002704,"San Bernardino, CA (CT)",0,2981,2981,0,10787,10787
6071002705,"San Bernardino, CA (CT)",0,1549,1549,0,5513,5513
6071002706,"San Bernardino, CA (CT)",279,1403,1682,1786,4868,6654
6071002801,"San Bernardino, CA (CT)",0,1313,1313,0,5508,5508
6071002803,"San Bernardino, CA (CT)",0,1028,1028,0,3982,3982
6071002804,"San Bernardino, CA (CT)",0,1313,1313,0,5417,5417
6071002901,"San Bernardino, CA (CT)",0,1196,1196,0,4446,4446
6071002902,"San Bernardino, CA (CT)",0,1862,1862,0,6584,6584
6071003000,"San Bernardino, CA (CT)",0,1136,1136,0,3120,3120
6071003101,"San Bernardino, CA (CT)",0,1202,1202,0,5040,5040
6071003102,"San Bernardino, CA (CT)",0,1404,1404,0,5466,5466
6071003200,"San Bernardino, CA (CT)",0,2147,2147,0,8005,8005
6071003301,"San Bernardino, CA (CT)",0,1376,1376,0,4841,4841
6071003302,"San Bernardino, CA (CT)",0,1855,1855,0,6037,6037
6071003401,"San Bernardino, CA (CT)",0,1832,1832,0,7502,7502
6071003403,"San Bernardino, CA (CT)",0,1084,1084,0,4524,4524
6071003404,"San Bernardino, CA (CT)",0,1414,1414,0,4946,4946
6071003405,"San Bernardino, CA (CT)",0,1591,1591,0,5109,5109
6071003503,"San Bernardino, CA (CT)",0,1354,1354,0,5489,5489
6071003505,"San Bernardino, CA (CT)",0,1721,1721,0,5969,5969
6071003506,"San Bernardino, CA (CT)",0,1333,1333,0,4802,4802
6071003507,"San Bernardino, CA (CT)",0,1209,1209,0,4887,4887
6071003509,"San Bernardino, CA (CT)",0,1328,1328,0,4827,4827
6071003510,"San Bernardino, CA (CT)",0,1211,1211,0,4512,4512
6071003603,"San Bernardino, CA (CT)",0,1002,1002,0,4141,4141
6071003605,"San Bernardino, CA (CT)",0,1037,1037,0,4223,4223
6071003606,"San Bernardino, CA (CT)",0,1373,1373,0,5109,5109
6071003607,"San Bernardino, CA (CT)",0,1498,1498,0,5369,5369
6071003609,"San Bernardino, CA (CT)",0,1375,1375,0,4871,4871
6071003611,"San Bernardino, CA (CT)",0,1378,1378,0,4575,4575
6071003612,"San Bernardino, CA (CT)",0,1085,1085,0,4256,4256
6071003700,"San Bernardino, CA (CT)",0,1312,1312,0,3903,3903
6071003801,"San Bernardino, CA (CT)",0,1364,1364,0,4735,4735
6071003803,"San Bernardino, CA (CT)",0,1244,1244,0,4732,4732
6071003804,"San Bernardino, CA (CT)",0,1190,1190,0,4578,4578
6071003900,"San Bernardino, CA (CT)",0,1425,1425,0,5484,5484
6071004001,"San Bernardino, CA (CT)",0,1014,1014,0,4763,4763
6071004003,"San Bernardino, CA (CT)",0,1396,1396,0,6178,6178
6071004004,"San Bernardino, CA (CT)",0,1494,1494,0,5076,5076
6071004101,"San Bernardino, CA (CT)",0,1326,1326,0,5698,5698
6071004103,"San Bernardino, CA (CT)",0,1299,1299,0,5634,5634
6071004104,"San Bernardino, CA (CT)",0,1179,1179,0,5257,5257
6071004201,"San Bernardino, CA (CT)",0,1779,1779,0,6854,6854
6071004202,"San Bernardino, CA (CT)",0,1539,1539,0,5176,5176
6071004301,"San Bernardino, CA (CT)",0,1168,1168,0,4677,4677
6071004302,"San Bernardino, CA (CT)",0,1249,1249,0,4413,4413
6071004401,"San Bernardino, CA (CT)",0,1217,1217,0,4383,4383
6071004403,"San Bernardino, CA (CT)",0,1530,1530,0,5647,5647
6071004404,"San Bernardino, CA (CT)",0,1560,1560,0,5570,5570
6071004503,"San Bernardino, CA (CT)",128,938,1066,356,2971,3327
6071004504,"San Bernardino, CA (CT)",0,2569,2569,0,8145,8145
6071004505,"San Bernardino, CA (CT)",0,1766,1766,0,4724,4724
6071004507,"San Bernardino, CA (CT)",0,1651,1651,0,5042,5042
6071004509,"San Bernardino, CA (CT)",0,1541,1541,0,4764,4764
6071004510,"San Bernardino, CA (CT)",0,1454,1454,0,5178,5178
6071004601,"San Bernardino, CA (CT)",0,2450,2450,0,7032,7032
6071004603,"San Bernardino, CA (CT)",0,2369,2369,0,5717,5717
6071004604,"San Bernardino, CA (CT)",0,1668,1668,0,5177,5177
6071004700,"San Bernardino, CA (CT)",0,1590,1590,0,5791,5791
6071004800,"San Bernardino, CA (CT)",0,911,911,0,3282,3282
6071004900,"San Bernardino, CA (CT)",0,1987,1987,0,7590,7590
6071005100,"San Bernardino, CA (CT)",0,2966,2966,0,7749,7749
6071005200,"San Bernardino, CA (CT)",0,1479,1479,0,4141,4141
6071005300,"San Bernardino, CA (CT)",0,1767,1767,0,5516,5516
6071005400,"San Bernardino, CA (CT)",0,2012,2012,0,6590,6590
6071005500,"San Bernardino, CA (CT)",0,2729,2729,0,8618,8618
6071005600,"San Bernardino, CA (CT)",0,2070,2070,0,7101,7101
6071005701,"San Bernardino, CA (CT)",0,954,954,0,2216,2216
6071005800,"San Bernardino, CA (CT)",0,1409,1409,0,3981,3981
6071006100,"San Bernardino, CA (CT)",0,2788,2788,0,8346,8346
6071006201,"San Bernardino, CA (CT)",0,1152,1152,0,3583,3583
6071006203,"San Bernardino, CA (CT)",0,1707,1707,0,4771,4771
6071006204,"San Bernardino, CA (CT)",0,1516,1516,0,4495,4495
6071006301,"San Bernardino, CA (CT)",0,1701,1701,0,5324,5324
6071006302,"San Bernardino, CA (CT)",0,2497,2497,0,8815,8815
6071006401,"San Bernardino, CA (CT)",0,928,928,0,3343,3343
6071006402,"San Bernardino, CA (CT)",0,1403,1403,0,4951,4951
6071006500,"San Bernardino, CA (CT)",0,1950,1950,0,8386,8386
6071006601,"San Bernardino, CA (CT)",0,1322,1322,0,4564,4564
6071006603,"San Bernardino, CA (CT)",0,1350,1350,0,4958,4958
6071006604,"San Bernardino, CA (CT)",0,1216,1216,0,4278,4278
6071006700,"San Bernardino, CA (CT)",0,1201,1201,0,4486,4486
6071007000,"San Bernardino, CA (CT)",0,2200,2200,0,7898,7898
6071007104,"San Bernardino, CA (CT)",0,1512,1512,0,4093,4093
6071007105,"San Bernardino, CA (CT)",0,1155,1155,0,2715,2715
6071007106,"San Bernardino, CA (CT)",0,1505,1505,0,3943,3943
6071007107,"San Bernardino, CA (CT)",0,1217,1217,0,3302,3302
6071007108,"San Bernardino, CA (CT)",0,1089,1089,0,2202,2202
6071007109,"San Bernardino, CA (CT)",0,2621,2621,0,6064,6064
6071007110,"San Bernardino, CA (CT)",0,1507,1507,0,4831,4831
6071007200,"San Bernardino, CA (CT)",0,1950,1950,0,6798,6798
6071007302,"San Bernardino, CA (CT)",185,3690,3875,489,9550,10039
6071007303,"San Bernardino, CA (CT)",0,2240,2240,0,4828,4828
6071007305,"San Bernardino, CA (CT)",0,1546,1546,0,4060,4060
6071007306,"San Bernardino, CA (CT)",0,2423,2423,0,5859,5859
6071007403,"San Bernardino, CA (CT)",0,2457,2457,0,6947,6947
6071007404,"San Bernardino, CA (CT)",0,1784,1784,0,4406,4406
6071007407,"San Bernardino, CA (CT)",0,923,923,0,2940,2940
6071007408,"San Bernardino, CA (CT)",0,1345,1345,0,4181,4181
6071007409,"San Bernardino, CA (CT)",0,1759,1759,0,5760,5760
6071007410,"San Bernardino, CA (CT)",0,2170,2170,0,5519,5519
6071007601,"San Bernardino, CA (CT)",0,2059,2059,0,7277,7277
6071007603,"San Bernardino, CA (CT)",0,1595,1595,0,4605,4605
6071007604,"San Bernardino, CA (CT)",0,1331,1331,0,4306,4306
6071007800,"San Bernardino, CA (CT)",4,2318,2322,19,4893,4912
6071007901,"San Bernardino, CA (CT)",44,2574,2618,144,7764,7908
6071007903,"San Bernardino, CA (CT)",0,1438,1438,0,4365,4365
6071007904,"San Bernardino, CA (CT)",8,2076,2084,29,6668,6697
6071008001,"San Bernardino, CA (CT)",0,2123,2123,0,6513,6513
6071008002,"San Bernardino, CA (CT)",0,2290,2290,0,7256,7256
6071008100,"San Bernardino, CA (CT)",0,1606,1606,0,3182,3182
6071008200,"San Bernardino, CA (CT)",0,2709,2709,0,5147,5147
6071008301,"San Bernardino, CA (CT)",0,2702,2702,0,6340,6340
6071008302,"San Bernardino, CA (CT)",0,1291,1291,0,3106,3106
6071008401,"San Bernardino, CA (CT)",0,3193,3193,0,9953,9953
6071008402,"San Bernardino, CA (CT)",0,2317,2317,0,6448,6448
6071008403,"San Bernardino, CA (CT)",0,2157,2157,0,5833,5833
6071008404,"San Bernardino, CA (CT)",0,1184,1184,0,2729,2729
6071008500,"San Bernardino, CA (CT)",298,2941,3239,790,7526,8316
6071008601,"San Bernardino, CA (CT)",0,2054,2054,0,5618,5618
6071008602,"San Bernardino, CA (CT)",258,1135,1393,565,2999,3564
6071008703,"San Bernardino, CA (CT)",664,2230,2894,1522,6223,7745
6071008704,"San Bernardino, CA (CT)",0,3161,3161,0,7789,7789
6071008705,"San Bernardino, CA (CT)",0,1714,1714,0,4617,4617
6071008706,"San Bernardino, CA (CT)",227,4265,4492,679,11619,12298
6071008708,"San Bernardino, CA (CT)",0,1484,1484,0,4352,4352
6071008709,"San Bernardino, CA (CT)",0,1707,1707,0,4162,4162
6071008710,"San Bernardino, CA (CT)",0,1950,1950,0,4442,4442
6071008800,"San Bernardino, CA (CT)",0,2426,2426,0,6382,6382
6071008901,"San Bernardino, CA (CT)",1155,76,1231,2008,166,2174
6071009107,"San Bernardino, CA (CT)",2723,273,2996,6577,695,7272
6071009108,"San Bernardino, CA (CT)",1707,675,2382,4880,1945,6825
6071009109,"San Bernardino, CA (CT)",717,1521,2238,1950,4120,6070
6071009110,"San Bernardino, CA (CT)",19,4755,4774,59,15519,15578
6071009112,"San Bernardino, CA (CT)",0,2451,2451,0,8744,8744
6071009114,"San Bernardino, CA (CT)",39,2890,2929,96,10136,10232
6071009116,"San Bernardino, CA (CT)",53,2351,2404,143,6574,6717
6071009117,"San Bernardino, CA (CT)",906,1230,2136,2340,5927,8267
6071009118,"San Bernardino, CA (CT)",94,6554,6648,300,22562,22862
6071009119,"San Bernardino, CA (CT)",724,1293,2017,1885,3844,5729
6071009201,"San Bernardino, CA (CT)",281,2423,2704,532,4025,4557
6071009202,"San Bernardino, CA (CT)",1151,112,1263,1995,300,2295
6071009300,"San Bernardino, CA (CT)",254,291,545,614,643,1257
6071009400,"San Bernardino, CA (CT)",29,1671,1700,47,3446,3493
6071009500,"San Bernardino, CA (CT)",0,2991,2991,0,7094,7094
6071009707,"San Bernardino, CA (CT)",319,2897,3216,647,5273,5920
6071009708,"San Bernardino, CA (CT)",1522,818,2340,3219,2002,5221
6071009709,"San Bernardino, CA (CT)",0,2119,2119,0,6356,6356
6071009710,"San Bernardino, CA (CT)",0,2399,2399,0,7120,7120
6071009711,"San Bernardino, CA (CT)",0,3401,3401,0,9401,9401
6071009712,"San Bernardino, CA (CT)",21,2198,2219,50,5928,5978
6071009713,"San Bernardino, CA (CT)",149,2261,2410,420,6643,7063
6071009714,"San Bernardino, CA (CT)",12,1313,1325,39,3567,3606
6071009715,"San Bernardino, CA (CT)",0,3089,3089,0,8260,8260
6071009716,"San Bernardino, CA (CT)",148,2611,2759,354,6620,6974
6071009717,"San Bernardino, CA (CT)",0,1450,1450,0,4018,4018
6071009800,"San Bernardino, CA (CT)",0,1648,1648,0,5017,5017
6071009904,"San Bernardino, CA (CT)",0,4031,4031,0,10960,10960
6071009905,"San Bernardino, CA (CT)",0,2417,2417,0,7575,7575
6071009906,"San Bernardino, CA (CT)",0,1536,1536,0,4941,4941
6071009908,"San Bernardino, CA (CT)",0,1556,1556,0,4817,4817
6071009910,"San Bernardino, CA (CT)",0,1464,1464,0,4653,4653
6071009911,"San Bernardino, CA (CT)",0,1958,1958,0,6456,6456
6071009912,"San Bernardino, CA (CT)",0,1893,1893,0,4762,4762
6071009913,"San Bernardino, CA (CT)",0,2012,2012,0,6068,6068
6071010004,"San Bernardino, CA (CT)",0,3563,3563,0,8437,8437
6071010009,"San Bernardino, CA (CT)",72,1218,1290,143,3368,3511
6071010010,"San Bernardino, CA (CT)",0,1996,1996,0,6446,6446
6071010011,"San Bernardino, CA (CT)",0,1585,1585,0,5221,5221
6071010012,"San Bernardino, CA (CT)",26,1543,1569,66,4811,4877
6071010013,"San Bernardino, CA (CT)",37,2463,2500,112,7910,8022
6071010014,"San Bernardino, CA (CT)",0,1453,1453,0,4800,4800
6071010015,"San Bernardino, CA (CT)",0,1732,1732,0,5434,5434
6071010016,"San Bernardino, CA (CT)",0,1698,1698,0,5584,5584
6071010017,"San Bernardino, CA (CT)",542,3974,4516,1476,13322,14798
6071010018,"San Bernardino, CA (CT)",0,2216,2216,0,7068,7068
6071010019,"San Bernardino, CA (CT)",0,1648,1648,0,5235,5235
6071010020,"San Bernardino, CA (CT)",0,2792,2792,0,7471,7471
6071010021,"San Bernardino, CA (CT)",0,2253,2253,0,6437,6437
6071010022,"San Bernardino, CA (CT)",0,1486,1486,0,4084,4084
6071010023,"San Bernardino, CA (CT)",0,1895,1895,0,5949,5949
6071010024,"San Bernardino, CA (CT)",351,1433,1784,931,4428,5359
6071010025,"San Bernardino, CA (CT)",0,2679,2679,0,7405,7405
6071010026,"San Bernardino, CA (CT)",0,3897,3897,0,10495,10495
6071010300,"San Bernardino, CA (CT)",2117,0,2117,3846,0,3846
6071010402,"San Bernardino, CA (CT)",26,1665,1691,58,8384,8442
6071010409,"San Bernardino, CA (CT)",1725,588,2313,1857,1161,3018
6071010410,"San Bernardino, CA (CT)",1121,449,1570,1972,1133,3105
6071010411,"San Bernardino, CA (CT)",851,2514,3365,1563,5189,6752
6071010412,"San Bernardino, CA (CT)",323,2926,3249,682,7038,7720
6071010413,"San Bernardino, CA (CT)",201,2629,2830,394,5585,5979
6071010415,"San Bernardino, CA (CT)",146,2270,2416,314,5368,5682
6071010416,"San Bernardino, CA (CT)",2426,28,2454,3363,70,3433
6071010417,"San Bernardino, CA (CT)",1795,0,1795,3251,0,3251
6071010419,"San Bernardino, CA (CT)",749,1744,2493,1206,3715,4921
6071010420,"San Bernardino, CA (CT)",1700,568,2268,2973,1130,4103
6071010421,"San Bernardino, CA (CT)",182,2717,2899,346,5711,6057
6071010422,"San Bernardino, CA (CT)",513,254,767,1060,585,1645
6071010423,"San Bernardino, CA (CT)",2869,0,2869,3786,0,3786
6071010424,"San Bernardino, CA (CT)",1830,9,1839,1951,15,1966
6071010700,"San Bernardino, CA (CT)",124,1797,1921,102,3696,3798
6071010802,"San Bernardino, CA (CT)",615,2541,3156,1167,4171,5338
6071010803,"San Bernardino, CA (CT)",0,2527,2527,0,3375,3375
6071010804,"San Bernardino, CA (CT)",0,1928,1928,0,2947,2947
6071010901,"San Bernardino, CA (CT)",40,4429,4469,46,5275,5321
6071010902,"San Bernardino, CA (CT)",119,3785,3904,150,3564,3714
6071011001,"San Bernardino, CA (CT)",79,2476,2555,114,2276,2390
6071011002,"San Bernardino, CA (CT)",327,945,1272,395,1278,1673
6071011101,"San Bernardino, CA (CT)",275,2355,2630,374,3397,3771
6071011102,"San Bernardino, CA (CT)",1204,1329,2533,498,1533,2031
6071011203,"San Bernardino, CA (CT)",0,2408,2408,0,1593,1593
6071011204,"San Bernardino, CA (CT)",270,2781,3051,32,1239,1271
6071011205,"San Bernardino, CA (CT)",0,1569,1569,0,1239,1239
6071011206,"San Bernardino, CA (CT)",0,2748,2748,0,995,995
6071011300,"San Bernardino, CA (CT)",1360,866,2226,622,786,1408
6071011401,"San Bernardino, CA (CT)",35,4495,4530,15,4379,4394
6071011403,"San Bernardino, CA (CT)",125,4064,4189,94,3256,3350
6071011404,"San Bernardino, CA (CT)",891,1637,2528,1353,2339,3692
6071011500,"San Bernardino, CA (CT)",1559,139,1698,1843,47,1890
6071011600,"San Bernardino, CA (CT)",1029,2662,3691,2050,5394,7444
6071011700,"San Bernardino, CA (CT)",646,111,757,1426,342,1768
6071011800,"San Bernardino, CA (CT)",344,2359,2703,761,6239,7000
6071011900,"San Bernardino, CA (CT)",1129,452,1581,2422,1145,3567
6071012001,"San Bernardino, CA (CT)",62,2023,2085,329,5283,5612
6071012002,"San Bernardino, CA (CT)",107,2118,2225,243,5123,5366
6071012101,"San Bernardino, CA (CT)",259,2008,2267,686,4879,5565
6071012103,"San Bernardino, CA (CT)",1885,0,1885,3828,0,3828
6071012104,"San Bernardino, CA (CT)",2128,368,2496,4155,955,5110
6071012200,"San Bernardino, CA (CT)",0,438,438,0,6076,6076
6071012300,"San Bernardino, CA (CT)",0,0,0,0,1513,1513
6071012400,"San Bernardino, CA (CT)",0,1019,1019,0,3617,3617
6071012500,"San Bernardino, CA (CT)",0,1237,1237,0,4268,4268
6071012700,"San Bernardino, CA (CT)",0,1385,1385,0,4052,4052
6071025000,"San Bernardino, CA (CT)",0,2487,2487,5,8845,8850
6071025100,"San Bernardino, CA (CT)",1557,680,2237,821,867,1688
6071940100,"San Bernardino, CA (CT)",1556,114,1670,1427,93,1520
6071980100,"San Bernardino, CA (CT)",0,0,0,0,0,0
6071980200,"San Bernardino, CA (CT)",0,10,10,0,4499,4499
6073000100,"San Diego, CA (CT)",0,1397,1397,0,3029,3029
6073000201,"San Diego, CA (CT)",0,1047,1047,0,1801,1801
6073000202,"San Diego, CA (CT)",0,2413,2413,0,4208,4208
6073000300,"San Diego, CA (CT)",0,3136,3136,0,4732,4732
6073000400,"San Diego, CA (CT)",0,2288,2288,0,3669,3669
6073000500,"San Diego, CA (CT)",0,1726,1726,0,2722,2722
6073000600,"San Diego, CA (CT)",0,1984,1984,0,3108,3108
6073000700,"San Diego, CA (CT)",0,2479,2479,0,3754,3754
6073000800,"San Diego, CA (CT)",0,2663,2663,0,4280,4280
6073000900,"San Diego, CA (CT)",0,3141,3141,0,5178,5178
6073001000,"San Diego, CA (CT)",0,2662,2662,0,4733,4733
6073001100,"San Diego, CA (CT)",0,1797,1797,0,3098,3098
6073001200,"San Diego, CA (CT)",0,3090,3090,0,5660,5660
6073001300,"San Diego, CA (CT)",0,3483,3483,0,6197,6197
6073001400,"San Diego, CA (CT)",0,1694,1694,0,3084,3084
6073001500,"San Diego, CA (CT)",0,1976,1976,0,3934,3934
6073001600,"San Diego, CA (CT)",0,2399,2399,0,5651,5651
6073001700,"San Diego, CA (CT)",0,2346,2346,0,4772,4772
6073001800,"San Diego, CA (CT)",0,2763,2763,0,5319,5319
6073001900,"San Diego, CA (CT)",0,1522,1522,0,2939,2939
6073002001,"San Diego, CA (CT)",0,1662,1662,0,3354,3354
6073002002,"San Diego, CA (CT)",0,1196,1196,0,2559,2559
6073002100,"San Diego, CA (CT)",0,2558,2558,0,5259,5259
6073002201,"San Diego, CA (CT)",0,1286,1286,0,3796,3796
6073002202,"San Diego, CA (CT)",0,1718,1718,0,4859,4859
6073002301,"San Diego, CA (CT)",0,1235,1235,0,2821,2821
6073002302,"San Diego, CA (CT)",0,2172,2172,0,6589,6589
6073002401,"San Diego, CA (CT)",0,1707,1707,0,4573,4573
6073002402,"San Diego, CA (CT)",0,1556,1556,0,5254,5254
6073002501,"San Diego, CA (CT)",0,1608,1608,0,5504,5504
6073002502,"San Diego, CA (CT)",0,2065,2065,0,6264,6264
6073002601,"San Diego, CA (CT)",0,1687,1687,0,6148,6148
6073002602,"San Diego, CA (CT)",0,1215,1215,0,4450,4450
6073002702,"San Diego, CA (CT)",0,2073,2073,0,5180,5180
6073002703,"San Diego, CA (CT)",0,2393,2393,0,6900,6900
6073002705,"San Diego, CA (CT)",0,1316,1316,0,4300,4300
6073002707,"San Diego, CA (CT)",0,1599,1599,0,5369,5369
6073002708,"San Diego, CA (CT)",0,2060,2060,0,5689,5689
6073002709,"San Diego, CA (CT)",0,1143,1143,0,3945,3945
6073002710,"San Diego, CA (CT)",0,1201,1201,0,4228,4228
6073002711,"San Diego, CA (CT)",0,920,920,0,3200,3200
6073002712,"San Diego, CA (CT)",0,1800,1800,0,4652,4652
6073002801,"San Diego, CA (CT)",0,1160,1160,0,3068,3068
6073002803,"San Diego, CA (CT)",0,2732,2732,0,5370,5370
6073002804,"San Diego, CA (CT)",0,1527,1527,0,4638,4638
6073002902,"San Diego, CA (CT)",0,2424,2424,0,5272,5272
6073002903,"San Diego, CA (CT)",0,1402,1402,0,3717,3717
6073002904,"San Diego, CA (CT)",0,2251,2251,0,7316,7316
6073002905,"San Diego, CA (CT)",0,1740,1740,0,4022,4022
6073003001,"San Diego, CA (CT)",0,1243,1243,0,4226,4226
6073003003,"San Diego, CA (CT)",0,1590,1590,0,5062,5062
6073003004,"San Diego, CA (CT)",0,1376,1376,0,4940,4940
6073003101,"San Diego, CA (CT)",0,1093,1093,0,3785,3785
6073003103,"San Diego, CA (CT)",0,1666,1666,0,6256,6256
6073003105,"San Diego, CA (CT)",0,1063,1063,0,4167,4167
6073003107,"San Diego, CA (CT)",0,1615,1615,0,5992,5992
6073003108,"San Diego, CA (CT)",0,980,980,0,3520,3520
6073003109,"San Diego, CA (CT)",0,819,819,0,3358,3358
6073003111,"San Diego, CA (CT)",0,1739,1739,0,6183,6183
6073003112,"San Diego, CA (CT)",0,1268,1268,0,4574,4574
6073003113,"San Diego, CA (CT)",0,1283,1283,0,5043,5043
6073003114,"San Diego, CA (CT)",0,805,805,0,3341,3341
6073003115,"San Diego, CA (CT)",0,1780,1780,0,6454,6454
6073003201,"San Diego, CA (CT)",0,1493,1493,0,4932,4932
6073003202,"San Diego, CA (CT)",0,1334,1334,0,4551,4551
6073003204,"San Diego, CA (CT)",0,1088,1088,0,3453,3453
6073003207,"San Diego, CA (CT)",0,2173,2173,0,5890,5890
6073003208,"San Diego, CA (CT)",0,2269,2269,0,6619,6619
6073003209,"San Diego, CA (CT)",0,1768,1768,0,5385,5385
6073003211,"San Diego, CA (CT)",0,894,894,0,3165,3165
6073003212,"San Diego, CA (CT)",0,1102,1102,0,4053,4053
6073003213,"San Diego, CA (CT)",0,1075,1075,0,4193,4193
6073003214,"San Diego, CA (CT)",0,1507,1507,0,4610,4610
6073003301,"San Diego, CA (CT)",0,946,946,0,3337,3337
6073003303,"San Diego, CA (CT)",0,1184,1184,0,4193,4193
6073003304,"San Diego, CA (CT)",0,1010,1010,0,3563,3563
6073003305,"San Diego, CA (CT)",0,1592,1592,0,5738,5738
6073003401,"San Diego, CA (CT)",0,2079,2079,0,6065,6065
6073003403,"San Diego, CA (CT)",0,1115,1115,0,4283,4283
6073003404,"San Diego, CA (CT)",0,1141,1141,0,4634,4634
6073003501,"San Diego, CA (CT)",0,1101,1101,0,4255,4255
6073003502,"San Diego, CA (CT)",0,1284,1284,0,4946,4946
6073003601,"San Diego, CA (CT)",0,785,785,0,3250,3250
6073003602,"San Diego, CA (CT)",0,726,726,0,3079,3079
6073003603,"San Diego, CA (CT)",0,1087,1087,0,4228,4228
6073003800,"San Diego, CA (CT)",0,0,0,0,6530,6530
6073003901,"San Diego, CA (CT)",0,1052,1052,0,4241,4241
6073003902,"San Diego, CA (CT)",0,1327,1327,0,4927,4927
6073004000,"San Diego, CA (CT)",0,1268,1268,0,5160,5160
6073004100,"San Diego, CA (CT)",0,2775,2775,0,6546,6546
6073004200,"San Diego, CA (CT)",0,2523,2523,0,5673,5673
6073004300,"San Diego, CA (CT)",0,1878,1878,0,3665,3665
6073004400,"San Diego, CA (CT)",0,1883,1883,0,3866,3866
6073004501,"San Diego, CA (CT)",0,1444,1444,0,2875,2875
6073004600,"San Diego, CA (CT)",0,1135,1135,0,1940,1940
6073004700,"San Diego, CA (CT)",0,718,718,0,1858,1858
6073004800,"San Diego, CA (CT)",0,1210,1210,0,4115,4115
6073004900,"San Diego, CA (CT)",0,1418,1418,0,5028,5028
6073005000,"San Diego, CA (CT)",0,648,648,0,2227,2227
6073005100,"San Diego, CA (CT)",0,3494,3494,0,7140,7140
6073005200,"San Diego, CA (CT)",0,3817,3817,0,4563,4563
6073005300,"San Diego, CA (CT)",0,3004,3004,0,6667,6667
6073005400,"San Diego, CA (CT)",0,6308,6308,0,7435,7435
6073005500,"San Diego, CA (CT)",0,13,13,0,198,198
6073005600,"San Diego, CA (CT)",0,3200,3200,0,4463,4463
6073005700,"San Diego, CA (CT)",0,938,938,0,1948,1948
6073005800,"San Diego, CA (CT)",0,2306,2306,0,2725,2725
6073005900,"San Diego, CA (CT)",0,2106,2106,0,2821,2821
6073006000,"San Diego, CA (CT)",0,2225,2225,0,3536,3536
6073006100,"San Diego, CA (CT)",0,1264,1264,0,2237,2237
6073006200,"San Diego, CA (CT)",0,78,78,0,144,144
6073006300,"San Diego, CA (CT)",0,7,7,0,3435,3435
6073006500,"San Diego, CA (CT)",0,1485,1485,0,2569,2569
6073006600,"San Diego, CA (CT)",0,503,503,0,1920,1920
6073006801,"San Diego, CA (CT)",0,1439,1439,0,2503,2503
6073006802,"San Diego, CA (CT)",0,2438,2438,0,5032,5032
6073006900,"San Diego, CA (CT)",0,2262,2262,0,5148,5148
6073007002,"San Diego, CA (CT)",0,1265,1265,0,2947,2947
6073007100,"San Diego, CA (CT)",0,2521,2521,0,5029,5029
6073007200,"San Diego, CA (CT)",0,1627,1627,0,5493,5493
6073007301,"San Diego, CA (CT)",0,3033,3033,0,4948,4948
6073007302,"San Diego, CA (CT)",0,898,898,0,2060,2060
6073007400,"San Diego, CA (CT)",0,3230,3230,0,6590,6590
6073007501,"San Diego, CA (CT)",0,2395,2395,0,4040,4040
6073007502,"San Diego, CA (CT)",0,1859,1859,0,3227,3227
6073007600,"San Diego, CA (CT)",0,4039,4039,0,5607,5607
6073007701,"San Diego, CA (CT)",0,2362,2362,0,3703,3703
6073007702,"San Diego, CA (CT)",0,2268,2268,0,3849,3849
6073007800,"San Diego, CA (CT)",0,2671,2671,0,5724,5724
6073007903,"San Diego, CA (CT)",0,2603,2603,0,4487,4487
6073007905,"San Diego, CA (CT)",0,1679,1679,0,2584,2584
6073007907,"San Diego, CA (CT)",0,1745,1745,0,3048,3048
6073007908,"San Diego, CA (CT)",0,1542,1542,0,2819,2819
6073007910,"San Diego, CA (CT)",0,1721,1721,0,2797,2797
6073008002,"San Diego, CA (CT)",0,1107,1107,0,2522,2522
6073008003,"San Diego, CA (CT)",0,1868,1868,0,3334,3334
6073008006,"San Diego, CA (CT)",0,2175,2175,0,3805,3805
6073008101,"San Diego, CA (CT)",0,2367,2367,0,4009,4009
6073008102,"San Diego, CA (CT)",0,1563,1563,0,3395,3395
6073008200,"San Diego, CA (CT)",0,2284,2284,0,3022,3022
6073008301,"San Diego, CA (CT)",0,1313,1313,0,3094,3094
6073008303,"San Diego, CA (CT)",0,1752,1752,0,3446,3446
6073008305,"San Diego, CA (CT)",0,820,820,0,10482,10482
6073008306,"San Diego, CA (CT)",0,1210,1210,0,2997,2997
6073008307,"San Diego, CA (CT)",0,1624,1624,0,3794,3794
6073008310,"San Diego, CA (CT)",0,2483,2483,0,5392,5392
6073008311,"San Diego, CA (CT)",0,1188,1188,0,2884,2884
6073008312,"San Diego, CA (CT)",0,2089,2089,0,3629,3629
6073008313,"San Diego, CA (CT)",0,914,914,0,2225,2225
6073008324,"San Diego, CA (CT)",0,3079,3079,0,6600,6600
6073008327,"San Diego, CA (CT)",0,2496,2496,0,5775,5775
6073008328,"San Diego, CA (CT)",0,1697,1697,0,5162,5162
6073008329,"San Diego, CA (CT)",0,3346,3346,0,6347,6347
6073008330,"San Diego, CA (CT)",0,2078,2078,0,5668,5668
6073008331,"San Diego, CA (CT)",0,897,897,0,2466,2466
6073008333,"San Diego, CA (CT)",0,4752,4752,0,13748,13748
6073008335,"San Diego, CA (CT)",0,3257,3257,0,10541,10541
6073008336,"San Diego, CA (CT)",0,742,742,0,2332,2332
6073008337,"San Diego, CA (CT)",0,1320,1320,0,4316,4316
6073008339,"San Diego, CA (CT)",0,878,878,0,1853,1853
6073008340,"San Diego, CA (CT)",0,4636,4636,0,8988,8988
6073008341,"San Diego, CA (CT)",0,3950,3950,0,7614,7614
6073008343,"San Diego, CA (CT)",0,2056,2056,0,4587,4587
6073008344,"San Diego, CA (CT)",0,1281,1281,0,3462,3462
6073008345,"San Diego, CA (CT)",0,1658,1658,0,3254,3254
6073008346,"San Diego, CA (CT)",0,1616,1616,0,4615,4615
6073008347,"San Diego, CA (CT)",0,2023,2023,0,6358,6358
6073008348,"San Diego, CA (CT)",0,1810,1810,0,5259,5259
6073008349,"San Diego, CA (CT)",0,1083,1083,0,3514,3514
6073008350,"San Diego, CA (CT)",0,2233,2233,0,6493,6493
6073008351,"San Diego, CA (CT)",0,1366,1366,0,4261,4261
6073008352,"San Diego, CA (CT)",0,1122,1122,0,3517,3517
6073008353,"San Diego, CA (CT)",0,1574,1574,0,5048,5048
6073008354,"San Diego, CA (CT)",0,2093,2093,0,5972,5972
6073008355,"San Diego, CA (CT)",0,968,968,0,3365,3365
6073008356,"San Diego, CA (CT)",0,1362,1362,0,3629,3629
6073008357,"San Diego, CA (CT)",0,1500,1500,0,4345,4345
6073008358,"San Diego, CA (CT)",0,2216,2216,0,6554,6554
6073008359,"San Diego, CA (CT)",0,1812,1812,0,3975,3975
6073008360,"San Diego, CA (CT)",0,2192,2192,0,5857,5857
6073008361,"San Diego, CA (CT)",0,1561,1561,0,2642,2642
6073008362,"San Diego, CA (CT)",0,1722,1722,0,3141,3141
6073008363,"San Diego, CA (CT)",0,2307,2307,0,4921,4921
6073008364,"San Diego, CA (CT)",0,2853,2853,0,4992,4992
6073008365,"San Diego, CA (CT)",0,909,909,0,2979,2979
6073008366,"San Diego, CA (CT)",0,1793,1793,0,5881,5881
6073008501,"San Diego, CA (CT)",0,2176,2176,0,5271,5271
6073008502,"San Diego, CA (CT)",0,2404,2404,0,6241,6241
6073008503,"San Diego, CA (CT)",0,2963,2963,0,6599,6599
6073008504,"San Diego, CA (CT)",0,2393,2393,0,6021,6021
6073008505,"San Diego, CA (CT)",0,2174,2174,0,5605,5605
6073008506,"San Diego, CA (CT)",0,1574,1574,0,4042,4042
6073008507,"San Diego, CA (CT)",0,2977,2977,0,7627,7627
6073008509,"San Diego, CA (CT)",0,2770,2770,0,6647,6647
6073008510,"San Diego, CA (CT)",0,2889,2889,0,6626,6626
6073008511,"San Diego, CA (CT)",0,1361,1361,0,2633,2633
6073008512,"San Diego, CA (CT)",0,1670,1670,0,4193,4193
6073008513,"San Diego, CA (CT)",0,1127,1127,0,2691,2691
6073008600,"San Diego, CA (CT)",0,2040,2040,0,6864,6864
6073008701,"San Diego, CA (CT)",0,1276,1276,0,3361,3361
6073008702,"San Diego, CA (CT)",0,1806,1806,0,5206,5206
6073008800,"San Diego, CA (CT)",0,2012,2012,0,6188,6188
6073008901,"San Diego, CA (CT)",0,2547,2547,0,4805,4805
6073008902,"San Diego, CA (CT)",0,1492,1492,0,2221,2221
6073009000,"San Diego, CA (CT)",0,1327,1327,0,3861,3861
6073009101,"San Diego, CA (CT)",0,2387,2387,0,5318,5318
6073009102,"San Diego, CA (CT)",0,1849,1849,0,3537,3537
6073009103,"San Diego, CA (CT)",0,1692,1692,0,3679,3679
6073009104,"San Diego, CA (CT)",0,1177,1177,0,2775,2775
6073009106,"San Diego, CA (CT)",0,974,974,0,3882,3882
6073009107,"San Diego, CA (CT)",0,1967,1967,0,3688,3688
6073009201,"San Diego, CA (CT)",0,1736,1736,0,5014,5014
6073009202,"San Diego, CA (CT)",0,1958,1958,0,4428,4428
6073009301,"San Diego, CA (CT)",0,1770,1770,0,4164,4164
6073009304,"San Diego, CA (CT)",0,4835,4835,0,7944,7944
6073009305,"San Diego, CA (CT)",0,2197,2197,0,4488,4488
6073009306,"San Diego, CA (CT)",0,2497,2497,0,5589,5589
6073009400,"San Diego, CA (CT)",0,533,533,0,5028,5028
6073009502,"San Diego, CA (CT)",0,1542,1542,0,3659,3659
6073009504,"San Diego, CA (CT)",177,1669,1846,620,5294,5914
6073009505,"San Diego, CA (CT)",1,2758,2759,4,6438,6442
6073009506,"San Diego, CA (CT)",0,1660,1660,0,4258,4258
6073009507,"San Diego, CA (CT)",0,1478,1478,0,3369,3369
6073009509,"San Diego, CA (CT)",0,2174,2174,0,4136,4136
6073009510,"San Diego, CA (CT)",0,1277,1277,0,5087,5087
6073009511,"San Diego, CA (CT)",0,1034,1034,0,4427,4427
6073009602,"San Diego, CA (CT)",0,1749,1749,0,3775,3775
6073009603,"San Diego, CA (CT)",0,2841,2841,0,4533,4533
6073009604,"San Diego, CA (CT)",0,1442,1442,0,3179,3179
6073009703,"San Diego, CA (CT)",0,1392,1392,0,3446,3446
6073009704,"San Diego, CA (CT)",0,2489,2489,0,5750,5750
6073009705,"San Diego, CA (CT)",0,1524,1524,0,3652,3652
6073009706,"San Diego, CA (CT)",0,2973,2973,0,6996,6996
6073009801,"San Diego, CA (CT)",0,2297,2297,0,4894,4894
6073009802,"San Diego, CA (CT)",0,2515,2515,0,6101,6101
6073009804,"San Diego, CA (CT)",0,1837,1837,0,4773,4773
6073009805,"San Diego, CA (CT)",0,2033,2033,0,4715,4715
6073009901,"San Diego, CA (CT)",0,12,12,0,626,626
6073009902,"San Diego, CA (CT)",0,1,1,0,2,2
6073010001,"San Diego, CA (CT)",0,1136,1136,0,4097,4097
6073010003,"San Diego, CA (CT)",0,1478,1478,0,5906,5906
6073010004,"San Diego, CA (CT)",0,1093,1093,0,4679,4679
6073010005,"San Diego, CA (CT)",0,1966,1966,0,7366,7366
6073010009,"San Diego, CA (CT)",0,1696,1696,0,6693,6693
6073010010,"San Diego, CA (CT)",0,1754,1754,0,5510,5510
6073010011,"San Diego, CA (CT)",0,932,932,0,3633,3633
6073010012,"San Diego, CA (CT)",0,1269,1269,0,4581,4581
6073010013,"San Diego, CA (CT)",0,1533,1533,0,5484,5484
6073010014,"San Diego, CA (CT)",5,3829,3834,16,17663,17679
6073010015,"San Diego, CA (CT)",55,619,674,250,2553,2803
6073010103,"San Diego, CA (CT)",0,1759,1759,0,5569,5569
6073010104,"San Diego, CA (CT)",0,1067,1067,0,3217,3217
6073010106,"San Diego, CA (CT)",0,1549,1549,0,5200,5200
6073010107,"San Diego, CA (CT)",0,1789,1789,0,6498,6498
6073010109,"San Diego, CA (CT)",18,1161,1179,37,4558,4595
6073010110,"San Diego, CA (CT)",0,2176,2176,0,7298,7298
6073010111,"San Diego, CA (CT)",0,811,811,0,3072,3072
6073010112,"San Diego, CA (CT)",0,1420,1420,0,4764,4764
6073010200,"San Diego, CA (CT)",0,2940,2940,0,6800,6800
6073010300,"San Diego, CA (CT)",0,1595,1595,0,4507,4507
6073010401,"San Diego, CA (CT)",0,803,803,0,2458,2458
6073010402,"San Diego, CA (CT)",0,1921,1921,0,5558,5558
6073010501,"San Diego, CA (CT)",0,588,588,0,1433,1433
6073010502,"San Diego, CA (CT)",0,2023,2023,0,5514,5514
6073010601,"San Diego, CA (CT)",0,1202,1202,0,2127,2127
6073010800,"San Diego, CA (CT)",0,1228,1228,0,2390,2390
6073010900,"San Diego, CA (CT)",0,827,827,0,1750,1750
6073011000,"San Diego, CA (CT)",0,1534,1534,0,2799,2799
6073011100,"San Diego, CA (CT)",0,1802,1802,0,3698,3698
6073011300,"San Diego, CA (CT)",0,52,52,0,6520,6520
6073011601,"San Diego, CA (CT)",0,1738,1738,0,5891,5891
6073011602,"San Diego, CA (CT)",0,1028,1028,0,3228,3228
6073011700,"San Diego, CA (CT)",0,2395,2395,0,6773,6773
6073011801,"San Diego, CA (CT)",0,1124,1124,0,3961,3961
6073011802,"San Diego, CA (CT)",0,1899,1899,0,6741,6741
6073011902,"San Diego, CA (CT)",0,1737,1737,0,5246,5246
6073012002,"San Diego, CA (CT)",0,1188,1188,0,3285,3285
6073012003,"San Diego, CA (CT)",0,909,909,0,3351,3351
6073012101,"San Diego, CA (CT)",0,701,701,0,2235,2235
6073012102,"San Diego, CA (CT)",0,937,937,0,3279,3279
6073012200,"San Diego, CA (CT)",0,954,954,0,3326,3326
6073012302,"San Diego, CA (CT)",0,789,789,0,1586,1586
6073012303,"San Diego, CA (CT)",0,1506,1506,0,3431,3431
6073012304,"San Diego, CA (CT)",0,1453,1453,0,3434,3434
6073012401,"San Diego, CA (CT)",0,1429,1429,0,3676,3676
6073012402,"San Diego, CA (CT)",0,2116,2116,0,5445,5445
6073012501,"San Diego, CA (CT)",0,1596,1596,0,3858,3858
6073012502,"San Diego, CA (CT)",0,1602,1602,0,4466,4466
6073012600,"San Diego, CA (CT)",0,1648,1648,0,5047,5047
6073012700,"San Diego, CA (CT)",0,1944,1944,0,4955,4955
6073012800,"San Diego, CA (CT)",0,1434,1434,0,3913,3913
6073012900,"San Diego, CA (CT)",0,1153,1153,0,3374,3374
6073013000,"San Diego, CA (CT)",0,1947,1947,0,5903,5903
6073013102,"San Diego, CA (CT)",0,2259,2259,0,6487,6487
6073013103,"San Diego, CA (CT)",0,769,769,0,2668,2668
6073013104,"San Diego, CA (CT)",0,1947,1947,0,5893,5893
6073013203,"San Diego, CA (CT)",0,2195,2195,0,6464,6464
6073013204,"San Diego, CA (CT)",0,1152,1152,0,4014,4014
6073013205,"San Diego, CA (CT)",0,667,667,0,2381,2381
6073013206,"San Diego, CA (CT)",0,2492,2492,0,6544,6544
6073013301,"San Diego, CA (CT)",0,1565,1565,0,5180,5180
6073013302,"San Diego, CA (CT)",0,1356,1356,0,4933,4933
6073013303,"San Diego, CA (CT)",0,1498,1498,0,4909,4909
6073013306,"San Diego, CA (CT)",0,1339,1339,0,4773,4773
6073013307,"San Diego, CA (CT)",0,1089,1089,0,3966,3966
6073013308,"San Diego, CA (CT)",0,1000,1000,0,3731,3731
6073013309,"San Diego, CA (CT)",0,2013,2013,0,7005,7005
6073013310,"San Diego, CA (CT)",0,8725,8725,0,28960,28960
6073013311,"San Diego, CA (CT)",0,2943,2943,0,9463,9463
6073013312,"San Diego, CA (CT)",0,817,817,0,2853,2853
6073013313,"San Diego, CA (CT)",640,2344,2984,1816,7648,9464
6073013314,"San Diego, CA (CT)",12,4405,4417,41,14796,14837
6073013401,"San Diego, CA (CT)",0,1451,1451,0,4203,4203
6073013409,"San Diego, CA (CT)",0,1880,1880,0,5380,5380
6073013410,"San Diego, CA (CT)",79,2185,2264,239,6834,7073
6073013411,"San Diego, CA (CT)",0,1714,1714,0,4999,4999
6073013412,"San Diego, CA (CT)",0,1850,1850,0,5086,5086
6073013414,"San Diego, CA (CT)",0,2254,2254,0,7227,7227
6073013415,"San Diego, CA (CT)",0,543,543,0,1567,1567
6073013416,"San Diego, CA (CT)",0,1253,1253,0,3780,3780
6073013417,"San Diego, CA (CT)",0,624,624,0,2087,2087
6073013418,"San Diego, CA (CT)",0,2114,2114,0,5998,5998
6073013419,"San Diego, CA (CT)",0,2401,2401,0,7922,7922
6073013420,"San Diego, CA (CT)",0,1134,1134,0,3471,3471
6073013421,"San Diego, CA (CT)",0,1448,1448,0,4695,4695
6073013503,"San Diego, CA (CT)",0,2125,2125,0,5776,5776
6073013504,"San Diego, CA (CT)",0,1208,1208,0,3471,3471
6073013505,"San Diego, CA (CT)",0,1903,1903,0,4725,4725
6073013506,"San Diego, CA (CT)",0,1052,1052,0,3509,3509
6073013601,"San Diego, CA (CT)",0,1986,1986,0,5053,5053
6073013604,"San Diego, CA (CT)",0,2228,2228,0,6147,6147
6073013605,"San Diego, CA (CT)",0,2128,2128,0,5622,5622
6073013606,"San Diego, CA (CT)",0,2832,2832,0,6386,6386
6073013701,"San Diego, CA (CT)",0,925,925,0,2352,2352
6073013702,"San Diego, CA (CT)",0,1731,1731,0,5357,5357
6073013801,"San Diego, CA (CT)",0,1738,1738,0,4771,4771
6073013802,"San Diego, CA (CT)",0,937,937,0,2957,2957
6073013903,"San Diego, CA (CT)",0,1368,1368,0,4116,4116
6073013905,"San Diego, CA (CT)",0,1189,1189,0,3676,3676
6073013906,"San Diego, CA (CT)",0,1599,1599,0,4701,4701
6073013907,"San Diego, CA (CT)",0,1326,1326,0,4185,4185
6073013908,"San Diego, CA (CT)",0,1119,1119,0,3708,3708
6073013909,"San Diego, CA (CT)",0,1273,1273,0,4489,4489
6073014001,"San Diego, CA (CT)",0,1607,1607,0,4630,4630
6073014002,"San Diego, CA (CT)",0,1312,1312,0,4488,4488
6073014101,"San Diego, CA (CT)",0,1188,1188,0,3507,3507
6073014102,"San Diego, CA (CT)",0,1106,1106,0,3768,3768
6073014200,"San Diego, CA (CT)",0,1970,1970,0,6277,6277
6073014300,"San Diego, CA (CT)",0,1293,1293,0,3618,3618
6073014400,"San Diego, CA (CT)",0,1600,1600,0,3523,3523
6073014500,"San Diego, CA (CT)",0,1444,1444,0,3749,3749
6073014601,"San Diego, CA (CT)",0,2267,2267,0,4795,4795
6073014602,"San Diego, CA (CT)",0,1878,1878,0,4729,4729
6073014700,"San Diego, CA (CT)",0,3272,3272,0,7605,7605
6073014803,"San Diego, CA (CT)",0,2542,2542,0,4690,4690
6073014804,"San Diego, CA (CT)",0,2219,2219,0,4351,4351
6073014805,"San Diego, CA (CT)",0,2110,2110,0,4328,4328
6073014806,"San Diego, CA (CT)",0,1412,1412,0,2577,2577
6073014901,"San Diego, CA (CT)",0,1916,1916,0,4243,4243
6073014902,"San Diego, CA (CT)",0,1496,1496,0,3186,3186
6073015000,"San Diego, CA (CT)",0,2855,2855,0,6193,6193
6073015100,"San Diego, CA (CT)",0,2041,2041,0,4769,4769
6073015200,"San Diego, CA (CT)",0,1526,1526,0,3879,3879
6073015301,"San Diego, CA (CT)",0,1066,1066,0,3179,3179
6073015302,"San Diego, CA (CT)",0,1458,1458,0,4075,4075
6073015403,"San Diego, CA (CT)",0,881,881,0,2508,2508
6073015404,"San Diego, CA (CT)",0,2717,2717,0,7626,7626
6073015405,"San Diego, CA (CT)",0,1989,1989,0,5765,5765
6073015406,"San Diego, CA (CT)",0,892,892,0,2492,2492
6073015501,"San Diego, CA (CT)",302,1545,1847,770,4185,4955
6073015502,"San Diego, CA (CT)",463,560,1023,1162,1586,2748
6073015601,"San Diego, CA (CT)",0,2107,2107,0,5937,5937
6073015602,"San Diego, CA (CT)",0,812,812,0,2536,2536
6073015701,"San Diego, CA (CT)",0,2268,2268,0,6239,6239
6073015703,"San Diego, CA (CT)",0,2386,2386,0,7102,7102
6073015704,"San Diego, CA (CT)",0,1482,1482,0,4024,4024
6073015801,"San Diego, CA (CT)",0,1453,1453,0,3550,3550
6073015802,"San Diego, CA (CT)",0,1519,1519,0,4673,4673
6073015901,"San Diego, CA (CT)",0,1078,1078,0,3450,3450
6073015902,"San Diego, CA (CT)",0,1855,1855,0,5220,5220
6073016000,"San Diego, CA (CT)",0,941,941,0,2419,2419
6073016100,"San Diego, CA (CT)",0,2310,2310,0,5788,5788
6073016201,"San Diego, CA (CT)",0,2250,2250,0,5843,5843
6073016202,"San Diego, CA (CT)",0,1528,1528,0,3337,3337
6073016301,"San Diego, CA (CT)",0,1863,1863,0,4919,4919
6073016302,"San Diego, CA (CT)",0,1850,1850,0,5444,5444
6073016401,"San Diego, CA (CT)",0,1688,1688,0,4996,4996
6073016402,"San Diego, CA (CT)",0,2725,2725,0,7452,7452
6073016502,"San Diego, CA (CT)",0,2418,2418,0,6915,6915
6073016503,"San Diego, CA (CT)",0,1107,1107,0,2784,2784
6073016504,"San Diego, CA (CT)",0,2514,2514,0,6253,6253
6073016605,"San Diego, CA (CT)",0,3313,3313,0,7339,7339
6073016606,"San Diego, CA (CT)",0,1273,1273,0,3388,3388
6073016607,"San Diego, CA (CT)",0,2393,2393,0,6365,6365
6073016608,"San Diego, CA (CT)",0,823,823,0,2526,2526
6073016609,"San Diego, CA (CT)",0,1781,1781,0,5227,5227
6073016610,"San Diego, CA (CT)",0,1504,1504,0,4163,4163
6073016612,"San Diego, CA (CT)",0,2137,2137,0,6143,6143
6073016613,"San Diego, CA (CT)",0,705,705,0,1860,1860
6073016614,"San Diego, CA (CT)",0,1369,1369,0,3912,3912
6073016615,"San Diego, CA (CT)",0,863,863,0,3059,3059
6073016616,"San Diego, CA (CT)",0,1443,1443,0,4067,4067
6073016617,"San Diego, CA (CT)",0,1519,1519,0,3102,3102
6073016701,"San Diego, CA (CT)",0,3348,3348,0,8666,8666
6073016702,"San Diego, CA (CT)",0,2809,2809,0,6944,6944
6073016802,"San Diego, CA (CT)",457,2391,2848,1203,5739,6942
6073016804,"San Diego, CA (CT)",0,2682,2682,0,7292,7292
6073016806,"San Diego, CA (CT)",0,1489,1489,0,4081,4081
6073016807,"San Diego, CA (CT)",0,2561,2561,0,7135,7135
6073016809,"San Diego, CA (CT)",0,1944,1944,0,5486,5486
6073016810,"San Diego, CA (CT)",0,924,924,0,2792,2792
6073016811,"San Diego, CA (CT)",0,1665,1665,0,4374,4374
6073016901,"San Diego, CA (CT)",105,2498,2603,260,6649,6909
6073016902,"San Diego, CA (CT)",702,142,844,1935,406,2341
6073017006,"San Diego, CA (CT)",0,1069,1069,0,2876,2876
6073017009,"San Diego, CA (CT)",0,1470,1470,0,4024,4024
6073017010,"San Diego, CA (CT)",263,772,1035,820,2332,3152
6073017014,"San Diego, CA (CT)",0,1725,1725,0,2416,2416
6073017015,"San Diego, CA (CT)",0,3224,3224,0,7295,7295
6073017018,"San Diego, CA (CT)",0,1742,1742,0,3834,3834
6073017019,"San Diego, CA (CT)",0,3146,3146,0,5883,5883
6073017020,"San Diego, CA (CT)",274,1130,1404,757,2937,3694
6073017021,"San Diego, CA (CT)",584,521,1105,1629,1548,3177
6073017022,"San Diego, CA (CT)",0,2202,2202,0,5316,5316
6073017029,"San Diego, CA (CT)",24,3380,3404,72,8751,8823
6073017030,"San Diego, CA (CT)",323,5824,6147,844,16220,17064
6073017031,"San Diego, CA (CT)",0,1445,1445,0,3853,3853
6073017032,"San Diego, CA (CT)",0,4404,4404,0,13593,13593
6073017033,"San Diego, CA (CT)",36,1543,1579,134,4560,4694
6073017034,"San Diego, CA (CT)",0,1711,1711,0,4747,4747
6073017035,"San Diego, CA (CT)",0,833,833,0,2354,2354
6073017036,"San Diego, CA (CT)",0,1223,1223,0,3276,3276
6073017037,"San Diego, CA (CT)",0,2074,2074,0,5880,5880
6073017039,"San Diego, CA (CT)",0,2800,2800,0,6921,6921
6073017040,"San Diego, CA (CT)",0,1438,1438,0,4363,4363
6073017041,"San Diego, CA (CT)",0,2177,2177,0,6147,6147
6073017042,"San Diego, CA (CT)",0,2721,2721,0,7869,7869
6073017043,"San Diego, CA (CT)",0,2056,2056,0,5535,5535
6073017044,"San Diego, CA (CT)",0,1886,1886,0,5570,5570
6073017045,"San Diego, CA (CT)",0,861,861,0,2790,2790
6073017046,"San Diego, CA (CT)",0,1418,1418,0,3678,3678
6073017047,"San Diego, CA (CT)",0,1411,1411,0,4021,4021
6073017048,"San Diego, CA (CT)",0,2216,2216,0,6123,6123
6073017049,"San Diego, CA (CT)",10,950,960,25,2894,2919
6073017050,"San Diego, CA (CT)",0,1064,1064,0,3068,3068
6073017051,"San Diego, CA (CT)",0,2128,2128,0,4301,4301
6073017052,"San Diego, CA (CT)",0,2254,2254,0,4796,4796
6073017053,"San Diego, CA (CT)",0,1133,1133,0,3364,3364
6073017054,"San Diego, CA (CT)",0,2091,2091,0,5810,5810
6073017055,"San Diego, CA (CT)",0,2027,2027,0,5483,5483
6073017056,"San Diego, CA (CT)",0,1774,1774,0,4144,4144
6073017104,"San Diego, CA (CT)",0,1502,1502,0,3907,3907
6073017106,"San Diego, CA (CT)",12,2171,2183,21,4952,4973
6073017107,"San Diego, CA (CT)",0,1009,1009,0,2871,2871
6073017108,"San Diego, CA (CT)",0,1706,1706,0,4658,4658
6073017109,"San Diego, CA (CT)",0,2224,2224,0,6650,6650
6073017110,"San Diego, CA (CT)",427,3366,3793,1049,9573,10622
6073017200,"San Diego, CA (CT)",0,2590,2590,0,4146,4146
6073017303,"San Diego, CA (CT)",0,1344,1344,0,3018,3018
6073017304,"San Diego, CA (CT)",0,3159,3159,0,5508,5508
6073017305,"San Diego, CA (CT)",0,1361,1361,0,2969,2969
6073017306,"San Diego, CA (CT)",0,1297,1297,0,2818,2818
6073017401,"San Diego, CA (CT)",0,2685,2685,0,5355,5355
6073017403,"San Diego, CA (CT)",0,2104,2104,0,4922,4922
6073017404,"San Diego, CA (CT)",0,2728,2728,0,6338,6338
6073017501,"San Diego, CA (CT)",0,1429,1429,0,2769,2769
6073017502,"San Diego, CA (CT)",0,1306,1306,0,3641,3641
6073017601,"San Diego, CA (CT)",0,2257,2257,0,4941,4941
6073017603,"San Diego, CA (CT)",0,1004,1004,0,2476,2476
6073017604,"San Diego, CA (CT)",0,3279,3279,0,7040,7040
6073017701,"San Diego, CA (CT)",0,2666,2666,0,5275,5275
6073017702,"San Diego, CA (CT)",0,1525,1525,0,2777,2777
6073017801,"San Diego, CA (CT)",0,2737,2737,0,6539,6539
6073017808,"San Diego, CA (CT)",0,2697,2697,0,5975,5975
6073017809,"San Diego, CA (CT)",0,882,882,0,2293,2293
6073017810,"San Diego, CA (CT)",0,2162,2162,0,4942,4942
6073017811,"San Diego, CA (CT)",0,2950,2950,0,6355,6355
6073017813,"San Diego, CA (CT)",0,2155,2155,0,4106,4106
6073017900,"San Diego, CA (CT)",0,3239,3239,0,6958,6958
6073018000,"San Diego, CA (CT)",0,2250,2250,0,3711,3711
6073018100,"San Diego, CA (CT)",0,2769,2769,0,5659,5659
6073018200,"San Diego, CA (CT)",0,2678,2678,0,6847,6847
6073018300,"San Diego, CA (CT)",0,2699,2699,0,2166,2166
6073018400,"San Diego, CA (CT)",0,1816,1816,0,3566,3566
6073018504,"San Diego, CA (CT)",0,2654,2654,0,6631,6631
6073018507,"San Diego, CA (CT)",0,2988,2988,0,9097,9097
6073018509,"San Diego, CA (CT)",0,1720,1720,0,4968,4968
6073018510,"San Diego, CA (CT)",0,887,887,0,2975,2975
6073018511,"San Diego, CA (CT)",0,1897,1897,0,5003,5003
6073018512,"San Diego, CA (CT)",0,2161,2161,0,3397,3397
6073018513,"San Diego, CA (CT)",0,3585,3585,0,9081,9081
6073018514,"San Diego, CA (CT)",0,3000,3000,0,7947,7947
6073018515,"San Diego, CA (CT)",0,2072,2072,0,4494,4494
6073018516,"San Diego, CA (CT)",0,1302,1302,0,3992,3992
6073018517,"San Diego, CA (CT)",0,2023,2023,0,4127,4127
6073018518,"San Diego, CA (CT)",0,851,851,0,3175,3175
6073018519,"San Diego, CA (CT)",0,1453,1453,0,5891,5891
6073018601,"San Diego, CA (CT)",0,1582,1582,0,4779,4779
6073018603,"San Diego, CA (CT)",0,2272,2272,0,6810,6810
6073018608,"San Diego, CA (CT)",0,1150,1150,0,3175,3175
6073018609,"San Diego, CA (CT)",0,1811,1811,0,6133,6133
6073018610,"San Diego, CA (CT)",0,2016,2016,0,7635,7635
6073018611,"San Diego, CA (CT)",305,2139,2444,769,7283,8052
6073018612,"San Diego, CA (CT)",0,1068,1068,0,3331,3331
6073018613,"San Diego, CA (CT)",0,1276,1276,0,3477,3477
6073018614,"San Diego, CA (CT)",0,2570,2570,0,6494,6494
6073018700,"San Diego, CA (CT)",515,6723,7238,5675,31777,37452
6073018801,"San Diego, CA (CT)",12,1356,1368,22,3592,3614
6073018802,"San Diego, CA (CT)",593,2941,3534,1383,6739,8122
6073018803,"San Diego, CA (CT)",1078,927,2005,2631,1933,4564
6073018903,"San Diego, CA (CT)",0,1757,1757,0,4861,4861
6073018904,"San Diego, CA (CT)",0,2033,2033,0,5640,5640
6073018905,"San Diego, CA (CT)",0,2105,2105,0,6765,6765
6073018906,"San Diego, CA (CT)",0,2153,2153,0,6033,6033
6073019001,"San Diego, CA (CT)",1116,1372,2488,2537,3409,5946
6073019002,"San Diego, CA (CT)",603,0,603,1759,0,1759
6073019101,"San Diego, CA (CT)",1959,694,2653,5340,2118,7458
6073019103,"San Diego, CA (CT)",2364,0,2364,6373,0,6373
6073019105,"San Diego, CA (CT)",1177,1295,2472,2703,3019,5722
6073019106,"San Diego, CA (CT)",3251,0,3251,9131,0,9131
6073019107,"San Diego, CA (CT)",812,0,812,2104,0,2104
6073019203,"San Diego, CA (CT)",0,993,993,0,2866,2866
6073019205,"San Diego, CA (CT)",0,2173,2173,0,6163,6163
6073019206,"San Diego, CA (CT)",0,1380,1380,0,5614,5614
6073019207,"San Diego, CA (CT)",393,2505,2898,853,7563,8416
6073019208,"San Diego, CA (CT)",322,918,1240,868,2437,3305
6073019301,"San Diego, CA (CT)",0,2296,2296,0,6936,6936
6073019302,"San Diego, CA (CT)",0,3117,3117,0,7344,7344
6073019303,"San Diego, CA (CT)",0,2268,2268,0,6538,6538
6073019403,"San Diego, CA (CT)",0,1573,1573,0,5255,5255
6073019404,"San Diego, CA (CT)",0,838,838,0,3984,3984
6073019405,"San Diego, CA (CT)",0,1255,1255,0,3592,3592
6073019406,"San Diego, CA (CT)",0,1565,1565,0,4628,4628
6073019501,"San Diego, CA (CT)",0,905,905,0,4147,4147
6073019502,"San Diego, CA (CT)",0,1363,1363,0,5715,5715
6073019503,"San Diego, CA (CT)",0,1542,1542,0,4795,4795
6073019601,"San Diego, CA (CT)",0,2213,2213,0,6291,6291
6073019602,"San Diego, CA (CT)",0,1734,1734,0,5464,5464
6073019701,"San Diego, CA (CT)",0,2330,2330,0,6022,6022
6073019702,"San Diego, CA (CT)",0,1728,1728,0,4933,4933
6073019803,"San Diego, CA (CT)",0,1817,1817,0,4465,4465
6073019804,"San Diego, CA (CT)",0,1705,1705,0,4447,4447
6073019805,"San Diego, CA (CT)",0,1656,1656,0,3763,3763
6073019806,"San Diego, CA (CT)",0,4149,4149,0,11116,11116
6073019808,"San Diego, CA (CT)",0,2331,2331,0,4321,4321
6073019809,"San Diego, CA (CT)",0,1655,1655,0,4005,4005
6073019902,"San Diego, CA (CT)",0,1312,1312,0,4078,4078
6073019903,"San Diego, CA (CT)",0,1568,1568,0,4371,4371
6073019904,"San Diego, CA (CT)",0,2886,2886,0,6538,6538
6073019905,"San Diego, CA (CT)",0,1827,1827,0,4256,4256
6073020013,"San Diego, CA (CT)",0,4614,4614,0,12473,12473
6073020014,"San Diego, CA (CT)",0,3262,3262,0,7006,7006
6073020015,"San Diego, CA (CT)",0,1913,1913,0,3841,3841
6073020016,"San Diego, CA (CT)",0,3189,3189,0,9314,9314
6073020017,"San Diego, CA (CT)",0,1240,1240,0,3282,3282
6073020018,"San Diego, CA (CT)",0,2102,2102,0,7708,7708
6073020019,"San Diego, CA (CT)",0,2988,2988,0,6832,6832
6073020020,"San Diego, CA (CT)",0,2146,2146,0,7477,7477
6073020021,"San Diego, CA (CT)",0,1697,1697,0,6423,6423
6073020022,"San Diego, CA (CT)",0,2459,2459,0,7404,7404
6073020023,"San Diego, CA (CT)",0,1274,1274,0,3941,3941
6073020024,"San Diego, CA (CT)",0,1529,1529,0,4175,4175
6073020025,"San Diego, CA (CT)",0,1816,1816,0,4626,4626
6073020026,"San Diego, CA (CT)",0,1825,1825,0,4089,4089
6073020027,"San Diego, CA (CT)",3,5265,5268,8,13657,13665
6073020028,"San Diego, CA (CT)",0,952,952,0,3479,3479
6073020029,"San Diego, CA (CT)",0,1928,1928,0,4819,4819
6073020103,"San Diego, CA (CT)",675,2789,3464,2042,8193,10235
6073020105,"San Diego, CA (CT)",0,1603,1603,0,3801,3801
6073020106,"San Diego, CA (CT)",0,1185,1185,0,3803,3803
6073020107,"San Diego, CA (CT)",0,1213,1213,0,3837,3837
6073020108,"San Diego, CA (CT)",0,1682,1682,0,5813,5813
6073020109,"San Diego, CA (CT)",0,1331,1331,0,5127,5127
6073020202,"San Diego, CA (CT)",0,1743,1743,0,6689,6689
6073020206,"San Diego, CA (CT)",0,1285,1285,0,5217,5217
6073020207,"San Diego, CA (CT)",0,1417,1417,0,4765,4765
6073020208,"San Diego, CA (CT)",0,664,664,0,2501,2501
6073020209,"San Diego, CA (CT)",0,1889,1889,0,4748,4748
6073020210,"San Diego, CA (CT)",0,1686,1686,0,4639,4639
6073020211,"San Diego, CA (CT)",0,2177,2177,0,6702,6702
6073020213,"San Diego, CA (CT)",0,1063,1063,0,4028,4028
6073020214,"San Diego, CA (CT)",0,1538,1538,0,5143,5143
6073020304,"San Diego, CA (CT)",119,2334,2453,312,5749,6061
6073020305,"San Diego, CA (CT)",0,2252,2252,0,5984,5984
6073020306,"San Diego, CA (CT)",220,3304,3524,576,8118,8694
6073020307,"San Diego, CA (CT)",123,2678,2801,279,6891,7170
6073020308,"San Diego, CA (CT)",0,2841,2841,0,5743,5743
6073020309,"San Diego, CA (CT)",0,1238,1238,0,3945,3945
6073020401,"San Diego, CA (CT)",29,938,967,51,2318,2369
6073020403,"San Diego, CA (CT)",0,1272,1272,0,4107,4107
6073020404,"San Diego, CA (CT)",0,1936,1936,0,5070,5070
6073020405,"San Diego, CA (CT)",0,1317,1317,0,3412,3412
6073020500,"San Diego, CA (CT)",0,1507,1507,0,5196,5196
6073020601,"San Diego, CA (CT)",0,1557,1557,0,5560,5560
6073020602,"San Diego, CA (CT)",0,2055,2055,0,5859,5859
6073020705,"San Diego, CA (CT)",0,1454,1454,0,4635,4635
6073020706,"San Diego, CA (CT)",47,2182,2229,127,6159,6286
6073020707,"San Diego, CA (CT)",0,1609,1609,0,4734,4734
6073020708,"San Diego, CA (CT)",0,1235,1235,0,3437,3437
6073020709,"San Diego, CA (CT)",125,2481,2606,315,7692,8007
6073020710,"San Diego, CA (CT)",81,614,695,254,1495,1749
6073020801,"San Diego, CA (CT)",1781,160,1941,4772,458,5230
6073020805,"San Diego, CA (CT)",0,1154,1154,0,3501,3501
6073020806,"San Diego, CA (CT)",0,2074,2074,0,5846,5846
6073020807,"San Diego, CA (CT)",932,110,1042,2283,316,2599
6073020809,"San Diego, CA (CT)",203,2034,2237,602,6176,6778
6073020810,"San Diego, CA (CT)",315,1492,1807,889,4377,5266
6073020811,"San Diego, CA (CT)",152,2028,2180,411,5239,5650
6073020902,"San Diego, CA (CT)",1197,0,1197,2122,0,2122
6073020903,"San Diego, CA (CT)",1766,0,1766,3192,0,3192
6073020904,"San Diego, CA (CT)",1925,0,1925,3075,0,3075
6073021000,"San Diego, CA (CT)",3708,0,3708,4440,0,4440
6073021100,"San Diego, CA (CT)",3376,0,3376,7589,0,7589
6073021202,"San Diego, CA (CT)",1286,100,1386,2867,289,3156
6073021204,"San Diego, CA (CT)",493,1423,1916,1314,3925,5239
6073021205,"San Diego, CA (CT)",35,2733,2768,83,6718,6801
6073021206,"San Diego, CA (CT)",561,604,1165,1428,1567,2995
6073021302,"San Diego, CA (CT)",1700,0,1700,4409,2952,7361
6073021303,"San Diego, CA (CT)",522,2274,2796,1558,7423,8981
6073021304,"San Diego, CA (CT)",407,461,868,1204,1412,2616
6073021400,"San Diego, CA (CT)",0,2970,2970,0,7225,7225
6073021500,"San Diego, CA (CT)",0,2772,2772,0,8846,8846
6073021600,"San Diego, CA (CT)",0,1954,1954,0,3391,3391
6073021800,"San Diego, CA (CT)",0,1035,1035,0,2022,2022
6073021900,"San Diego, CA (CT)",0,777,777,0,6816,6816
6073022000,"San Diego, CA (CT)",0,1211,1211,0,4186,4186
6073022100,"San Diego, CA (CT)",0,3763,3763,0,9082,9082
6073990100,"San Diego, CA (CT)",0,0,0,0,0,0
6075010100,"San Francisco, CA (CT)",0,2267,2267,0,3739,3739
6075010200,"San Francisco, CA (CT)",0,2969,2969,0,4143,4143
6075010300,"San Francisco, CA (CT)",0,2341,2341,0,3852,3852
6075010400,"San Francisco, CA (CT)",0,2884,2884,0,4545,4545
6075010500,"San Francisco, CA (CT)",0,1985,1985,0,2685,2685
6075010600,"San Francisco, CA (CT)",0,2286,2286,0,3894,3894
6075010700,"San Francisco, CA (CT)",0,3025,3025,0,5592,5592
6075010800,"San Francisco, CA (CT)",0,2719,2719,0,4578,4578
6075010900,"San Francisco, CA (CT)",0,2891,2891,0,4320,4320
6075011000,"San Francisco, CA (CT)",0,2714,2714,0,4827,4827
6075011100,"San Francisco, CA (CT)",0,3388,3388,0,5164,5164
6075011200,"San Francisco, CA (CT)",0,2331,2331,0,3286,3286
6075011300,"San Francisco, CA (CT)",0,1675,1675,0,3143,3143
6075011700,"San Francisco, CA (CT)",0,1416,1416,0,1783,1783
6075011800,"San Francisco, CA (CT)",0,800,800,0,1500,1500
6075011901,"San Francisco, CA (CT)",0,1711,1711,0,2408,2408
6075011902,"San Francisco, CA (CT)",0,1981,1981,0,2598,2598
6075012000,"San Francisco, CA (CT)",0,2796,2796,0,3833,3833
6075012100,"San Francisco, CA (CT)",0,2406,2406,0,3833,3833
6075012201,"San Francisco, CA (CT)",0,2906,2906,0,4567,4567
6075012202,"San Francisco, CA (CT)",0,1633,1633,0,2986,2986
6075012301,"San Francisco, CA (CT)",0,1786,1786,0,2734,2734
6075012302,"San Francisco, CA (CT)",0,2388,2388,0,3073,3073
6075012401,"San Francisco, CA (CT)",0,2934,2934,0,5075,5075
6075012402,"San Francisco, CA (CT)",0,2517,2517,0,3974,3974
6075012501,"San Francisco, CA (CT)",0,2518,2518,0,5335,5335
6075012502,"San Francisco, CA (CT)",0,2309,2309,0,3821,3821
6075012601,"San Francisco, CA (CT)",0,1640,1640,0,2329,2329
6075012602,"San Francisco, CA (CT)",0,1924,1924,0,2909,2909
6075012700,"San Francisco, CA (CT)",0,2278,2278,0,3492,3492
6075012800,"San Francisco, CA (CT)",0,2629,2629,0,4106,4106
6075012901,"San Francisco, CA (CT)",0,1696,1696,0,2557,2557
6075012902,"San Francisco, CA (CT)",0,2215,2215,0,3376,3376
6075013000,"San Francisco, CA (CT)",0,2678,2678,0,4044,4044
6075013101,"San Francisco, CA (CT)",0,2639,2639,0,3811,3811
6075013102,"San Francisco, CA (CT)",0,1752,1752,0,2625,2625
6075013200,"San Francisco, CA (CT)",0,2590,2590,0,4162,4162
6075013300,"San Francisco, CA (CT)",0,2090,2090,0,4232,4232
6075013400,"San Francisco, CA (CT)",0,2180,2180,0,3599,3599
6075013500,"San Francisco, CA (CT)",0,1857,1857,0,2556,2556
6075015100,"San Francisco, CA (CT)",0,1904,1904,0,2493,2493
6075015200,"San Francisco, CA (CT)",0,2624,2624,0,3934,3934
6075015300,"San Francisco, CA (CT)",0,1051,1051,0,2040,2040
6075015400,"San Francisco, CA (CT)",0,3088,3088,0,5621,5621
6075015500,"San Francisco, CA (CT)",0,2441,2441,0,3622,3622
6075015600,"San Francisco, CA (CT)",0,1400,1400,0,2728,2728
6075015700,"San Francisco, CA (CT)",0,2754,2754,0,7832,7832
6075015801,"San Francisco, CA (CT)",0,1764,1764,0,3594,3594
6075015802,"San Francisco, CA (CT)",0,1581,1581,0,2965,2965
6075015900,"San Francisco, CA (CT)",0,2413,2413,0,4350,4350
6075016000,"San Francisco, CA (CT)",0,1847,1847,0,2465,2465
6075016100,"San Francisco, CA (CT)",0,2873,2873,0,5366,5366
6075016200,"San Francisco, CA (CT)",0,1742,1742,0,2541,2541
6075016300,"San Francisco, CA (CT)",0,2185,2185,0,4293,4293
6075016400,"San Francisco, CA (CT)",0,1951,1951,0,3778,3778
6075016500,"San Francisco, CA (CT)",0,2483,2483,0,5083,5083
6075016600,"San Francisco, CA (CT)",0,2668,2668,0,5069,5069
6075016700,"San Francisco, CA (CT)",0,2448,2448,0,4652,4652
6075016801,"San Francisco, CA (CT)",0,1734,1734,0,3218,3218
6075016802,"San Francisco, CA (CT)",0,1900,1900,0,3264,3264
6075016900,"San Francisco, CA (CT)",0,1724,1724,0,2924,2924
6075017000,"San Francisco, CA (CT)",0,2332,2332,0,3689,3689
6075017101,"San Francisco, CA (CT)",0,1898,1898,0,3544,3544
6075017102,"San Francisco, CA (CT)",0,1805,1805,0,3451,3451
6075017601,"San Francisco, CA (CT)",0,5296,5296,0,7630,7630
6075017700,"San Francisco, CA (CT)",0,801,801,0,2128,2128
6075017801,"San Francisco, CA (CT)",0,2479,2479,0,3499,3499
6075017802,"San Francisco, CA (CT)",0,2425,2425,0,4516,4516
6075017902,"San Francisco, CA (CT)",0,786,786,0,2880,2880
6075018000,"San Francisco, CA (CT)",0,1595,1595,0,4221,4221
6075020100,"San Francisco, CA (CT)",0,3303,3303,0,6172,6172
6075020200,"San Francisco, CA (CT)",0,3390,3390,0,6269,6269
6075020300,"San Francisco, CA (CT)",0,1782,1782,0,3034,3034
6075020401,"San Francisco, CA (CT)",0,1745,1745,0,2846,2846
6075020402,"San Francisco, CA (CT)",0,2601,2601,0,3997,3997
6075020500,"San Francisco, CA (CT)",0,1397,1397,0,2583,2583
6075020600,"San Francisco, CA (CT)",0,2807,2807,0,4711,4711
6075020700,"San Francisco, CA (CT)",0,2884,2884,0,5171,5171
6075020800,"San Francisco, CA (CT)",0,2718,2718,0,6577,6577
6075020900,"San Francisco, CA (CT)",0,1899,1899,0,4372,4372
6075021000,"San Francisco, CA (CT)",0,2140,2140,0,4196,4196
6075021100,"San Francisco, CA (CT)",0,2039,2039,0,3853,3853
6075021200,"San Francisco, CA (CT)",0,1505,1505,0,2779,2779
6075021300,"San Francisco, CA (CT)",0,1258,1258,0,2474,2474
6075021400,"San Francisco, CA (CT)",0,1770,1770,0,3264,3264
6075021500,"San Francisco, CA (CT)",0,2627,2627,0,5096,5096
6075021600,"San Francisco, CA (CT)",0,2165,2165,0,3836,3836
6075021700,"San Francisco, CA (CT)",0,1876,1876,0,3948,3948
6075021800,"San Francisco, CA (CT)",0,1884,1884,0,3840,3840
6075022600,"San Francisco, CA (CT)",0,944,944,0,1534,1534
6075022702,"San Francisco, CA (CT)",0,1052,1052,0,2060,2060
6075022704,"San Francisco, CA (CT)",0,1717,1717,0,3122,3122
6075022801,"San Francisco, CA (CT)",0,1971,1971,0,5078,5078
6075022802,"San Francisco, CA (CT)",0,630,630,0,2099,2099
6075022803,"San Francisco, CA (CT)",0,1606,1606,0,4595,4595
6075022901,"San Francisco, CA (CT)",0,1500,1500,0,4640,4640
6075022902,"San Francisco, CA (CT)",0,839,839,0,2617,2617
6075022903,"San Francisco, CA (CT)",0,1167,1167,0,3384,3384
6075023001,"San Francisco, CA (CT)",0,1380,1380,0,5216,5216
6075023003,"San Francisco, CA (CT)",0,1213,1213,0,4093,4093
6075023102,"San Francisco, CA (CT)",0,1272,1272,0,3478,3478
6075023103,"San Francisco, CA (CT)",0,1301,1301,0,3725,3725
6075023200,"San Francisco, CA (CT)",0,1326,1326,0,4582,4582
6075023300,"San Francisco, CA (CT)",0,1000,1000,0,2624,2624
6075023400,"San Francisco, CA (CT)",0,1044,1044,0,3660,3660
6075025100,"San Francisco, CA (CT)",0,1357,1357,0,3077,3077
6075025200,"San Francisco, CA (CT)",0,2257,2257,0,5369,5369
6075025300,"San Francisco, CA (CT)",0,1881,1881,0,4362,4362
6075025401,"San Francisco, CA (CT)",0,1352,1352,0,3404,3404
6075025402,"San Francisco, CA (CT)",0,1107,1107,0,2912,2912
6075025403,"San Francisco, CA (CT)",0,1531,1531,0,4267,4267
6075025500,"San Francisco, CA (CT)",0,2586,2586,0,8471,8471
6075025600,"San Francisco, CA (CT)",0,1629,1629,0,5618,5618
6075025701,"San Francisco, CA (CT)",0,1404,1404,0,4788,4788
6075025702,"San Francisco, CA (CT)",0,1291,1291,0,4665,4665
6075025800,"San Francisco, CA (CT)",0,613,613,0,1960,1960
6075025900,"San Francisco, CA (CT)",0,1410,1410,0,4261,4261
6075026001,"San Francisco, CA (CT)",0,1579,1579,0,5863,5863
6075026002,"San Francisco, CA (CT)",0,984,984,0,3544,3544
6075026003,"San Francisco, CA (CT)",0,1369,1369,0,4908,4908
6075026004,"San Francisco, CA (CT)",0,1205,1205,0,4315,4315
6075026100,"San Francisco, CA (CT)",0,1953,1953,0,6810,6810
6075026200,"San Francisco, CA (CT)",0,2010,2010,0,7564,7564
6075026301,"San Francisco, CA (CT)",0,1343,1343,0,4875,4875
6075026302,"San Francisco, CA (CT)",0,1523,1523,0,4992,4992
6075026303,"San Francisco, CA (CT)",0,1299,1299,0,4551,4551
6075026401,"San Francisco, CA (CT)",0,1062,1062,0,4044,4044
6075026402,"San Francisco, CA (CT)",0,1168,1168,0,4118,4118
6075026403,"San Francisco, CA (CT)",0,1120,1120,0,4140,4140
6075026404,"San Francisco, CA (CT)",0,699,699,0,2851,2851
6075030101,"San Francisco, CA (CT)",0,2158,2158,0,4233,4233
6075030102,"San Francisco, CA (CT)",0,2338,2338,0,4838,4838
6075030201,"San Francisco, CA (CT)",0,1950,1950,0,3928,3928
6075030202,"San Francisco, CA (CT)",0,2229,2229,0,4313,4313
6075030301,"San Francisco, CA (CT)",0,2522,2522,0,5658,5658
6075030302,"San Francisco, CA (CT)",0,1452,1452,0,3549,3549
6075030400,"San Francisco, CA (CT)",0,2004,2004,0,5106,5106
6075030500,"San Francisco, CA (CT)",0,1056,1056,0,3046,3046
6075030600,"San Francisco, CA (CT)",0,901,901,0,2221,2221
6075030700,"San Francisco, CA (CT)",0,2747,2747,0,6343,6343
6075030800,"San Francisco, CA (CT)",0,2315,2315,0,5667,5667
6075030900,"San Francisco, CA (CT)",0,2435,2435,0,6581,6581
6075031000,"San Francisco, CA (CT)",0,1322,1322,0,3494,3494
6075031100,"San Francisco, CA (CT)",0,2590,2590,0,6193,6193
6075031201,"San Francisco, CA (CT)",0,1861,1861,0,6167,6167
6075031202,"San Francisco, CA (CT)",0,879,879,0,3137,3137
6075031301,"San Francisco, CA (CT)",0,1304,1304,0,3826,3826
6075031302,"San Francisco, CA (CT)",0,1901,1901,0,5495,5495
6075031400,"San Francisco, CA (CT)",0,1911,1911,0,6676,6676
6075032601,"San Francisco, CA (CT)",0,1845,1845,0,4416,4416
6075032602,"San Francisco, CA (CT)",0,1743,1743,0,4316,4316
6075032700,"San Francisco, CA (CT)",0,2559,2559,0,6572,6572
6075032801,"San Francisco, CA (CT)",0,1521,1521,0,4238,4238
6075032802,"San Francisco, CA (CT)",0,1540,1540,0,4047,4047
6075032901,"San Francisco, CA (CT)",0,1806,1806,0,5021,5021
6075032902,"San Francisco, CA (CT)",0,1394,1394,0,3831,3831
6075033000,"San Francisco, CA (CT)",0,2821,2821,0,7764,7764
6075033100,"San Francisco, CA (CT)",0,1508,1508,0,3968,3968
6075033201,"San Francisco, CA (CT)",0,794,794,0,3683,3683
6075033203,"San Francisco, CA (CT)",0,1614,1614,0,3472,3472
6075033204,"San Francisco, CA (CT)",0,1770,1770,0,3821,3821
6075035100,"San Francisco, CA (CT)",0,2895,2895,0,7842,7842
6075035201,"San Francisco, CA (CT)",0,1975,1975,0,5300,5300
6075035202,"San Francisco, CA (CT)",0,1891,1891,0,4322,4322
6075035300,"San Francisco, CA (CT)",0,2557,2557,0,7226,7226
6075035400,"San Francisco, CA (CT)",0,2488,2488,0,6691,6691
6075040100,"San Francisco, CA (CT)",0,2022,2022,0,4088,4088
6075040200,"San Francisco, CA (CT)",0,2559,2559,0,5191,5191
6075042601,"San Francisco, CA (CT)",0,1855,1855,0,3687,3687
6075042602,"San Francisco, CA (CT)",0,1548,1548,0,3243,3243
6075042700,"San Francisco, CA (CT)",0,2576,2576,0,5326,5326
6075042800,"San Francisco, CA (CT)",0,1008,1008,0,2376,2376
6075045100,"San Francisco, CA (CT)",0,2290,2290,0,4996,4996
6075045200,"San Francisco, CA (CT)",0,2980,2980,0,6474,6474
6075047600,"San Francisco, CA (CT)",0,2338,2338,0,5137,5137
6075047701,"San Francisco, CA (CT)",0,2019,2019,0,4334,4334
6075047702,"San Francisco, CA (CT)",0,1667,1667,0,3824,3824
6075047801,"San Francisco, CA (CT)",0,1770,1770,0,4005,4005
6075047802,"San Francisco, CA (CT)",0,1617,1617,0,3656,3656
6075047901,"San Francisco, CA (CT)",0,2893,2893,0,6400,6400
6075047902,"San Francisco, CA (CT)",0,1631,1631,0,3536,3536
6075060100,"San Francisco, CA (CT)",0,1160,1160,0,3235,3235
6075060400,"San Francisco, CA (CT)",0,1052,1052,0,1689,1689
6075060502,"San Francisco, CA (CT)",0,1005,1005,0,3216,3216
6075060700,"San Francisco, CA (CT)",0,4751,4751,0,9083,9083
6075061000,"San Francisco, CA (CT)",0,1334,1334,0,3610,3610
6075061100,"San Francisco, CA (CT)",0,2351,2351,0,4307,4307
6075061200,"San Francisco, CA (CT)",0,1235,1235,0,4089,4089
6075061400,"San Francisco, CA (CT)",0,2552,2552,0,5395,5395
6075061500,"San Francisco, CA (CT)",0,8255,8255,0,11502,11502
6075980200,"San Francisco, CA (CT)",0,68,68,0,320,320
6075980300,"San Francisco, CA (CT)",0,37,37,0,171,171
6075980401,"San Francisco, CA (CT)",1,0,1,0,0,0
6075980501,"San Francisco, CA (CT)",0,229,229,0,797,797
6075980600,"San Francisco, CA (CT)",0,163,163,0,467,467
6075980900,"San Francisco, CA (CT)",0,160,160,0,350,350
6075990100,"San Francisco, CA (CT)",0,0,0,0,0,0
6077000100,"San Joaquin, CA (CT)",0,2320,2320,0,3863,3863
6077000300,"San Joaquin, CA (CT)",0,1074,1074,0,2396,2396
6077000401,"San Joaquin, CA (CT)",0,1418,1418,0,3043,3043
6077000402,"San Joaquin, CA (CT)",0,2281,2281,0,4582,4582
6077000500,"San Joaquin, CA (CT)",0,912,912,0,2749,2749
6077000600,"San Joaquin, CA (CT)",0,654,654,0,2279,2279
6077000700,"San Joaquin, CA (CT)",0,1466,1466,0,5269,5269
6077000801,"San Joaquin, CA (CT)",0,1820,1820,0,6692,6692
6077000900,"San Joaquin, CA (CT)",0,2148,2148,0,5859,5859
6077001000,"San Joaquin, CA (CT)",0,2134,2134,0,4915,4915
6077001101,"San Joaquin, CA (CT)",0,1888,1888,0,4931,4931
6077001102,"San Joaquin, CA (CT)",0,2114,2114,0,4889,4889
6077001200,"San Joaquin, CA (CT)",0,1909,1909,0,5303,5303
6077001300,"San Joaquin, CA (CT)",0,2079,2079,0,4903,4903
6077001400,"San Joaquin, CA (CT)",0,1973,1973,0,4425,4425
6077001500,"San Joaquin, CA (CT)",0,2562,2562,0,8384,8384
6077001600,"San Joaquin, CA (CT)",0,723,723,0,2383,2383
6077001700,"San Joaquin, CA (CT)",0,1215,1215,0,3998,3998
6077001800,"San Joaquin, CA (CT)",0,1157,1157,0,3939,3939
6077001900,"San Joaquin, CA (CT)",0,1579,1579,0,5592,5592
6077002000,"San Joaquin, CA (CT)",0,1217,1217,0,3977,3977
6077002100,"San Joaquin, CA (CT)",0,1528,1528,0,5546,5546
6077002201,"San Joaquin, CA (CT)",0,840,840,0,2771,2771
6077002202,"San Joaquin, CA (CT)",0,1419,1419,0,5417,5417
6077002300,"San Joaquin, CA (CT)",0,1460,1460,0,5020,5020
6077002401,"San Joaquin, CA (CT)",0,1338,1338,0,5001,5001
6077002402,"San Joaquin, CA (CT)",0,635,635,0,2219,2219
6077002503,"San Joaquin, CA (CT)",0,702,702,0,2560,2560
6077002504,"San Joaquin, CA (CT)",0,1059,1059,0,3982,3982
6077002701,"San Joaquin, CA (CT)",0,1917,1917,0,6409,6409
6077002702,"San Joaquin, CA (CT)",0,1140,1140,0,4239,4239
6077002800,"San Joaquin, CA (CT)",0,1676,1676,0,6052,6052
6077003106,"San Joaquin, CA (CT)",0,1816,1816,0,3600,3600
6077003108,"San Joaquin, CA (CT)",0,1951,1951,0,4450,4450
6077003109,"San Joaquin, CA (CT)",0,2323,2323,0,5630,5630
6077003110,"San Joaquin, CA (CT)",0,1689,1689,0,3708,3708
6077003111,"San Joaquin, CA (CT)",0,1827,1827,0,3754,3754
6077003112,"San Joaquin, CA (CT)",0,1438,1438,0,2974,2974
6077003113,"San Joaquin, CA (CT)",0,2316,2316,0,6256,6256
6077003114,"San Joaquin, CA (CT)",0,3769,3769,0,10129,10129
6077003203,"San Joaquin, CA (CT)",0,1473,1473,0,3519,3519
6077003205,"San Joaquin, CA (CT)",0,1335,1335,0,3537,3537
6077003208,"San Joaquin, CA (CT)",0,3840,3840,0,12534,12534
6077003209,"San Joaquin, CA (CT)",0,1325,1325,0,3540,3540
6077003210,"San Joaquin, CA (CT)",0,1102,1102,0,2800,2800
6077003213,"San Joaquin, CA (CT)",0,1550,1550,0,4571,4571
6077003214,"San Joaquin, CA (CT)",0,1011,1011,0,3054,3054
6077003215,"San Joaquin, CA (CT)",4,1734,1738,18,3837,3855
6077003216,"San Joaquin, CA (CT)",0,931,931,0,2725,2725
6077003217,"San Joaquin, CA (CT)",0,1043,1043,0,3201,3201
6077003305,"San Joaquin, CA (CT)",0,1546,1546,0,3704,3704
6077003306,"San Joaquin, CA (CT)",0,1469,1469,0,4229,4229
6077003307,"San Joaquin, CA (CT)",0,1856,1856,0,4559,4559
6077003308,"San Joaquin, CA (CT)",0,717,717,0,1590,1590
6077003310,"San Joaquin, CA (CT)",0,1510,1510,0,4191,4191
6077003311,"San Joaquin, CA (CT)",0,1131,1131,0,3303,3303
6077003312,"San Joaquin, CA (CT)",0,1080,1080,0,3220,3220
6077003313,"San Joaquin, CA (CT)",0,1112,1112,0,2926,2926
6077003403,"San Joaquin, CA (CT)",0,1169,1169,0,4586,4586
6077003404,"San Joaquin, CA (CT)",0,1815,1815,0,5842,5842
6077003405,"San Joaquin, CA (CT)",0,1109,1109,0,4214,4214
6077003406,"San Joaquin, CA (CT)",0,1252,1252,0,3700,3700
6077003407,"San Joaquin, CA (CT)",0,996,996,0,2914,2914
6077003409,"San Joaquin, CA (CT)",0,1414,1414,0,4450,4450
6077003410,"San Joaquin, CA (CT)",0,1742,1742,0,5778,5778
6077003500,"San Joaquin, CA (CT)",190,5818,6008,517,19660,20177
6077003601,"San Joaquin, CA (CT)",475,877,1352,1344,2109,3453
6077003602,"San Joaquin, CA (CT)",614,485,1099,1646,1626,3272
6077003700,"San Joaquin, CA (CT)",345,827,1172,987,2583,3570
6077003801,"San Joaquin, CA (CT)",0,3320,3320,0,12552,12552
6077003802,"San Joaquin, CA (CT)",0,1790,1790,0,6519,6519
6077003803,"San Joaquin, CA (CT)",243,906,1149,762,4519,5281
6077003900,"San Joaquin, CA (CT)",616,1,617,1747,2,1749
6077004001,"San Joaquin, CA (CT)",921,0,921,2508,0,2508
6077004002,"San Joaquin, CA (CT)",31,3565,3596,76,10641,10717
6077004102,"San Joaquin, CA (CT)",765,1699,2464,1849,6223,8072
6077004104,"San Joaquin, CA (CT)",74,1170,1244,164,3101,3265
6077004105,"San Joaquin, CA (CT)",224,1704,1928,518,4402,4920
6077004106,"San Joaquin, CA (CT)",631,49,680,1784,129,1913
6077004201,"San Joaquin, CA (CT)",0,2698,2698,0,6412,6412
6077004202,"San Joaquin, CA (CT)",0,742,742,0,1687,1687
6077004203,"San Joaquin, CA (CT)",0,1586,1586,0,3883,3883
6077004204,"San Joaquin, CA (CT)",0,1486,1486,0,3006,3006
6077004302,"San Joaquin, CA (CT)",0,2383,2383,0,5718,5718
6077004303,"San Joaquin, CA (CT)",0,1997,1997,0,4610,4610
6077004305,"San Joaquin, CA (CT)",0,2181,2181,0,5702,5702
6077004307,"San Joaquin, CA (CT)",0,1593,1593,0,3753,3753
6077004308,"San Joaquin, CA (CT)",0,1259,1259,0,3870,3870
6077004402,"San Joaquin, CA (CT)",0,1803,1803,0,4998,4998
6077004403,"San Joaquin, CA (CT)",0,1137,1137,0,4230,4230
6077004404,"San Joaquin, CA (CT)",0,1115,1115,0,3670,3670
6077004501,"San Joaquin, CA (CT)",0,957,957,0,2327,2327
6077004502,"San Joaquin, CA (CT)",0,1323,1323,0,4450,4450
6077004600,"San Joaquin, CA (CT)",1380,834,2214,3630,2262,5892
6077004701,"San Joaquin, CA (CT)",1054,0,1054,2757,0,2757
6077004703,"San Joaquin, CA (CT)",1409,0,1409,3709,0,3709
6077004704,"San Joaquin, CA (CT)",1794,13,1807,4851,43,4894
6077004800,"San Joaquin, CA (CT)",2001,0,2001,5423,0,5423
6077004901,"San Joaquin, CA (CT)",86,2563,2649,224,6990,7214
6077004902,"San Joaquin, CA (CT)",2148,56,2204,5939,167,6106
6077005001,"San Joaquin, CA (CT)",0,2150,2150,0,5569,5569
6077005003,"San Joaquin, CA (CT)",665,1215,1880,1797,3620,5417
6077005004,"San Joaquin, CA (CT)",237,1763,2000,603,5099,5702
6077005106,"San Joaquin, CA (CT)",786,1072,1858,2254,3763,6017
6077005108,"San Joaquin, CA (CT)",0,1500,1500,0,4463,4463
6077005109,"San Joaquin, CA (CT)",0,1512,1512,0,4016,4016
6077005110,"San Joaquin, CA (CT)",0,2259,2259,0,6488,6488
6077005113,"San Joaquin, CA (CT)",0,2351,2351,0,6156,6156
6077005114,"San Joaquin, CA (CT)",0,2361,2361,0,7721,7721
6077005119,"San Joaquin, CA (CT)",202,1616,1818,606,5400,6006
6077005122,"San Joaquin, CA (CT)",54,1621,1675,127,4702,4829
6077005123,"San Joaquin, CA (CT)",0,1634,1634,0,4493,4493
6077005124,"San Joaquin, CA (CT)",0,1331,1331,0,3438,3438
6077005125,"San Joaquin, CA (CT)",0,675,675,0,1859,1859
6077005126,"San Joaquin, CA (CT)",0,1419,1419,0,4131,4131
6077005127,"San Joaquin, CA (CT)",0,1522,1522,0,5510,5510
6077005129,"San Joaquin, CA (CT)",0,1063,1063,0,3582,3582
6077005130,"San Joaquin, CA (CT)",0,940,940,0,3186,3186
6077005131,"San Joaquin, CA (CT)",791,500,1291,2497,1676,4173
6077005132,"San Joaquin, CA (CT)",0,1097,1097,0,3257,3257
6077005133,"San Joaquin, CA (CT)",0,1403,1403,0,4249,4249
6077005134,"San Joaquin, CA (CT)",0,1584,1584,0,4743,4743
6077005135,"San Joaquin, CA (CT)",253,1630,1883,660,4479,5139
6077005202,"San Joaquin, CA (CT)",327,1826,2153,949,5816,6765
6077005206,"San Joaquin, CA (CT)",444,4993,5437,1203,15584,16787
6077005207,"San Joaquin, CA (CT)",142,3768,3910,412,13487,13899
6077005208,"San Joaquin, CA (CT)",0,2014,2014,0,5784,5784
6077005209,"San Joaquin, CA (CT)",0,2012,2012,0,6858,6858
6077005210,"San Joaquin, CA (CT)",0,3338,3338,0,11433,11433
6077005302,"San Joaquin, CA (CT)",0,2284,2284,0,6507,6507
6077005303,"San Joaquin, CA (CT)",0,1678,1678,0,4694,4694
6077005305,"San Joaquin, CA (CT)",0,2022,2022,0,6495,6495
6077005307,"San Joaquin, CA (CT)",0,1068,1068,0,3214,3214
6077005308,"San Joaquin, CA (CT)",0,1466,1466,0,4189,4189
6077005403,"San Joaquin, CA (CT)",0,1877,1877,0,5875,5875
6077005405,"San Joaquin, CA (CT)",0,1146,1146,0,3417,3417
6077005406,"San Joaquin, CA (CT)",0,1092,1092,0,3262,3262
6077005501,"San Joaquin, CA (CT)",762,0,762,5268,0,5268
6077005502,"San Joaquin, CA (CT)",436,164,600,1236,570,1806
6079010002,"San Luis Obispo, CA (CT)",2949,0,2949,3030,0,3030
6079010016,"San Luis Obispo, CA (CT)",1952,0,1952,4864,0,4864
6079010101,"San Luis Obispo, CA (CT)",306,507,813,666,1177,1843
6079010102,"San Luis Obispo, CA (CT)",0,2790,2790,0,6989,6989
6079010201,"San Luis Obispo, CA (CT)",591,2225,2816,1368,5613,6981
6079010202,"San Luis Obispo, CA (CT)",46,1939,1985,127,5364,5491
6079010204,"San Luis Obispo, CA (CT)",0,2203,2203,0,5731,5731
6079010205,"San Luis Obispo, CA (CT)",0,1406,1406,0,4159,4159
6079010300,"San Luis Obispo, CA (CT)",3836,163,3999,9752,291,10043
6079010403,"San Luis Obispo, CA (CT)",30,2724,2754,28,3760,3788
6079010404,"San Luis Obispo, CA (CT)",64,1247,1311,144,2105,2249
6079010503,"San Luis Obispo, CA (CT)",0,3246,3246,0,5339,5339
6079010504,"San Luis Obispo, CA (CT)",38,2316,2354,51,2541,2592
6079010602,"San Luis Obispo, CA (CT)",0,2413,2413,0,3836,3836
6079010603,"San Luis Obispo, CA (CT)",69,725,794,135,1152,1287
6079010701,"San Luis Obispo, CA (CT)",0,2045,2045,0,4650,4650
6079010703,"San Luis Obispo, CA (CT)",0,1422,1422,0,3487,3487
6079010707,"San Luis Obispo, CA (CT)",36,2839,2875,74,5677,5751
6079010901,"San Luis Obispo, CA (CT)",5,1067,1072,1034,7285,8319
6079010902,"San Luis Obispo, CA (CT)",0,1482,1482,0,3874,3874
6079011001,"San Luis Obispo, CA (CT)",12,2316,2328,37,5277,5314
6079011002,"San Luis Obispo, CA (CT)",0,1395,1395,0,2877,2877
6079011101,"San Luis Obispo, CA (CT)",0,2049,2049,0,3592,3592
6079011102,"San Luis Obispo, CA (CT)",0,2602,2602,0,5127,5127
6079011103,"San Luis Obispo, CA (CT)",0,1438,1438,0,2737,2737
6079011200,"San Luis Obispo, CA (CT)",23,3164,3187,68,7287,7355
6079011300,"San Luis Obispo, CA (CT)",136,3010,3146,369,7376,7745
6079011400,"San Luis Obispo, CA (CT)",0,6,6,0,6446,6446
6079011501,"San Luis Obispo, CA (CT)",0,840,840,0,1783,1783
6079011503,"San Luis Obispo, CA (CT)",155,1297,1452,310,3314,3624
6079011504,"San Luis Obispo, CA (CT)",293,4,297,571,791,1362
6079011600,"San Luis Obispo, CA (CT)",807,1438,2245,1722,2570,4292
6079011701,"San Luis Obispo, CA (CT)",35,2845,2880,68,4233,4301
6079011704,"San Luis Obispo, CA (CT)",0,2692,2692,0,3336,3336
6079011800,"San Luis Obispo, CA (CT)",25,3085,3110,48,7090,7138
6079011901,"San Luis Obispo, CA (CT)",0,1439,1439,0,2987,2987
6079011902,"San Luis Obispo, CA (CT)",0,3592,3592,0,8245,8245
6079012000,"San Luis Obispo, CA (CT)",0,3151,3151,0,7232,7232
6079012102,"San Luis Obispo, CA (CT)",0,2607,2607,0,5957,5957
6079012200,"San Luis Obispo, CA (CT)",0,2975,2975,0,7024,7024
6079012302,"San Luis Obispo, CA (CT)",1991,215,2206,4610,527,5137
6079012304,"San Luis Obispo, CA (CT)",1483,2654,4137,3534,5420,8954
6079012401,"San Luis Obispo, CA (CT)",120,1924,2044,429,6192,6621
6079012402,"San Luis Obispo, CA (CT)",197,3138,3335,514,8583,9097
6079012502,"San Luis Obispo, CA (CT)",0,2084,2084,0,4985,4985
6079012503,"San Luis Obispo, CA (CT)",0,2423,2423,0,5240,5240
6079012505,"San Luis Obispo, CA (CT)",0,1931,1931,0,4891,4891
6079012600,"San Luis Obispo, CA (CT)",47,3093,3140,118,7675,7793
6079012702,"San Luis Obispo, CA (CT)",1275,1553,2828,2638,3912,6550
6079012704,"San Luis Obispo, CA (CT)",1491,2096,3587,3353,5297,8650
6079012800,"San Luis Obispo, CA (CT)",0,60,60,0,1107,1107
6079012900,"San Luis Obispo, CA (CT)",1150,1006,2156,2639,2657,5296
6079013000,"San Luis Obispo, CA (CT)",1232,40,1272,2449,90,2539
6079990000,"San Luis Obispo, CA (CT)",0,0,0,0,0,0
6081600100,"San Mateo, CA (CT)",0,2166,2166,0,4854,4854
6081600200,"San Mateo, CA (CT)",0,1118,1118,0,4154,4154
6081600300,"San Mateo, CA (CT)",0,1333,1333,0,4027,4027
6081600401,"San Mateo, CA (CT)",0,1096,1096,0,3240,3240
6081600402,"San Mateo, CA (CT)",0,1288,1288,0,5068,5068
6081600500,"San Mateo, CA (CT)",0,2225,2225,0,7443,7443
6081600600,"San Mateo, CA (CT)",0,1530,1530,0,5352,5352
6081600700,"San Mateo, CA (CT)",0,2218,2218,0,7568,7568
6081600800,"San Mateo, CA (CT)",0,2967,2967,0,6768,6768
6081600900,"San Mateo, CA (CT)",0,1505,1505,0,3933,3933
6081601000,"San Mateo, CA (CT)",0,2075,2075,0,6913,6913
6081601100,"San Mateo, CA (CT)",0,1966,1966,0,5716,5716
6081601200,"San Mateo, CA (CT)",0,2090,2090,0,6252,6252
6081601300,"San Mateo, CA (CT)",0,2498,2498,0,7510,7510
6081601400,"San Mateo, CA (CT)",0,2000,2000,0,6658,6658
6081601501,"San Mateo, CA (CT)",0,1363,1363,0,5063,5063
6081601502,"San Mateo, CA (CT)",0,1773,1773,0,5125,5125
6081601601,"San Mateo, CA (CT)",0,1060,1060,0,2893,2893
6081601603,"San Mateo, CA (CT)",0,1964,1964,0,5800,5800
6081601604,"San Mateo, CA (CT)",0,1226,1226,0,2510,2510
6081601605,"San Mateo, CA (CT)",0,1749,1749,0,6189,6189
6081601700,"San Mateo, CA (CT)",0,1346,1346,0,4286,4286
6081601800,"San Mateo, CA (CT)",0,2073,2073,0,6148,6148
6081601901,"San Mateo, CA (CT)",0,1429,1429,0,4119,4119
6081601902,"San Mateo, CA (CT)",0,2344,2344,0,5639,5639
6081602000,"San Mateo, CA (CT)",0,2575,2575,0,7649,7649
6081602100,"San Mateo, CA (CT)",0,1003,1003,0,3615,3615
6081602200,"San Mateo, CA (CT)",0,2646,2646,0,8084,8084
6081602300,"San Mateo, CA (CT)",0,1117,1117,0,3753,3753
6081602400,"San Mateo, CA (CT)",0,2733,2733,0,6679,6679
6081602500,"San Mateo, CA (CT)",0,1563,1563,0,5092,5092
6081602600,"San Mateo, CA (CT)",0,2803,2803,0,8167,8167
6081602700,"San Mateo, CA (CT)",0,1960,1960,0,5795,5795
6081602800,"San Mateo, CA (CT)",0,1539,1539,0,4522,4522
6081602900,"San Mateo, CA (CT)",0,1703,1703,0,3846,3846
6081603000,"San Mateo, CA (CT)",0,1970,1970,0,4143,4143
6081603100,"San Mateo, CA (CT)",0,1280,1280,0,3275,3275
6081603200,"San Mateo, CA (CT)",0,1488,1488,0,3828,3828
6081603300,"San Mateo, CA (CT)",0,2467,2467,0,6404,6404
6081603400,"San Mateo, CA (CT)",0,2143,2143,0,5483,5483
6081603700,"San Mateo, CA (CT)",0,1774,1774,0,5430,5430
6081603801,"San Mateo, CA (CT)",0,1345,1345,0,2242,2242
6081603802,"San Mateo, CA (CT)",0,1967,1967,0,5056,5056
6081603900,"San Mateo, CA (CT)",0,2172,2172,0,5284,5284
6081604000,"San Mateo, CA (CT)",0,1168,1168,0,3160,3160
6081604101,"San Mateo, CA (CT)",0,2631,2631,0,7993,7993
6081604102,"San Mateo, CA (CT)",0,1389,1389,0,2321,2321
6081604200,"San Mateo, CA (CT)",0,1135,1135,0,4170,4170
6081604400,"San Mateo, CA (CT)",0,1749,1749,0,4448,4448
6081604500,"San Mateo, CA (CT)",0,1372,1372,0,3402,3402
6081604600,"San Mateo, CA (CT)",0,947,947,0,2599,2599
6081604700,"San Mateo, CA (CT)",0,1010,1010,0,2781,2781
6081604800,"San Mateo, CA (CT)",0,1992,1992,0,5059,5059
6081604900,"San Mateo, CA (CT)",0,1302,1302,0,3243,3243
6081605000,"San Mateo, CA (CT)",0,2970,2970,0,7603,7603
6081605100,"San Mateo, CA (CT)",0,1458,1458,0,3014,3014
6081605200,"San Mateo, CA (CT)",0,1348,1348,0,3626,3626
6081605300,"San Mateo, CA (CT)",0,2016,2016,0,4602,4602
6081605400,"San Mateo, CA (CT)",0,2733,2733,0,6147,6147
6081605500,"San Mateo, CA (CT)",0,2909,2909,0,4914,4914
6081605600,"San Mateo, CA (CT)",0,2032,2032,0,5556,5556
6081605700,"San Mateo, CA (CT)",1,1880,1881,4,5269,5273
6081605800,"San Mateo, CA (CT)",0,1064,1064,0,2640,2640
6081605900,"San Mateo, CA (CT)",0,2703,2703,0,5579,5579
6081606000,"San Mateo, CA (CT)",0,2280,2280,0,4959,4959
6081606100,"San Mateo, CA (CT)",0,1399,1399,0,4246,4246
6081606200,"San Mateo, CA (CT)",0,2317,2317,0,8107,8107
6081606300,"San Mateo, CA (CT)",0,2031,2031,0,4073,4073
6081606400,"San Mateo, CA (CT)",0,2811,2811,0,4820,4820
6081606500,"San Mateo, CA (CT)",0,1371,1371,0,3613,3613
6081606600,"San Mateo, CA (CT)",0,1481,1481,0,3703,3703
6081606700,"San Mateo, CA (CT)",0,996,996,0,2348,2348
6081606800,"San Mateo, CA (CT)",0,1326,1326,0,3234,3234
6081606900,"San Mateo, CA (CT)",0,891,891,0,2470,2470
6081607000,"San Mateo, CA (CT)",0,1455,1455,0,3241,3241
6081607100,"San Mateo, CA (CT)",0,1129,1129,0,2879,2879
6081607200,"San Mateo, CA (CT)",0,1843,1843,0,4197,4197
6081607300,"San Mateo, CA (CT)",0,1371,1371,0,3529,3529
6081607400,"San Mateo, CA (CT)",0,1943,1943,0,4451,4451
6081607500,"San Mateo, CA (CT)",0,1645,1645,0,3636,3636
6081607600,"San Mateo, CA (CT)",0,1288,1288,0,3342,3342
6081607701,"San Mateo, CA (CT)",0,1231,1231,0,3954,3954
6081607702,"San Mateo, CA (CT)",0,810,810,0,2859,2859
6081607800,"San Mateo, CA (CT)",0,1017,1017,0,3160,3160
6081607900,"San Mateo, CA (CT)",0,1788,1788,0,3182,3182
6081608001,"San Mateo, CA (CT)",0,1542,1542,0,3393,3393
6081608002,"San Mateo, CA (CT)",0,1401,1401,0,3517,3517
6081608004,"San Mateo, CA (CT)",0,3021,3021,0,6521,6521
6081608013,"San Mateo, CA (CT)",0,1562,1562,0,4049,4049
6081608023,"San Mateo, CA (CT)",0,873,873,0,2549,2549
6081608100,"San Mateo, CA (CT)",0,1330,1330,0,3523,3523
6081608200,"San Mateo, CA (CT)",0,1349,1349,0,3614,3614
6081608300,"San Mateo, CA (CT)",0,1380,1380,0,3401,3401
6081608400,"San Mateo, CA (CT)",0,2267,2267,0,5546,5546
6081608501,"San Mateo, CA (CT)",0,1799,1799,0,4829,4829
6081608502,"San Mateo, CA (CT)",0,1225,1225,0,2637,2637
6081608600,"San Mateo, CA (CT)",0,1858,1858,0,4359,4359
6081608700,"San Mateo, CA (CT)",0,2832,2832,0,6974,6974
6081608800,"San Mateo, CA (CT)",0,2179,2179,0,5696,5696
6081608900,"San Mateo, CA (CT)",0,3193,3193,0,6556,6556
6081609000,"San Mateo, CA (CT)",0,1105,1105,0,2562,2562
6081609100,"San Mateo, CA (CT)",0,602,602,0,1525,1525
6081609201,"San Mateo, CA (CT)",0,1715,1715,0,3574,3574
6081609202,"San Mateo, CA (CT)",0,1961,1961,0,3616,3616
6081609300,"San Mateo, CA (CT)",0,1285,1285,0,3315,3315
6081609400,"San Mateo, CA (CT)",0,1174,1174,0,3278,3278
6081609500,"San Mateo, CA (CT)",0,1818,1818,0,4829,4829
6081609601,"San Mateo, CA (CT)",0,1263,1263,0,2944,2944
6081609602,"San Mateo, CA (CT)",0,680,680,0,1667,1667
6081609603,"San Mateo, CA (CT)",0,2179,2179,0,5318,5318
6081609700,"San Mateo, CA (CT)",0,1653,1653,0,4386,4386
6081609800,"San Mateo, CA (CT)",0,1741,1741,0,4492,4492
6081609900,"San Mateo, CA (CT)",0,1116,1116,0,2944,2944
6081610000,"San Mateo, CA (CT)",0,2084,2084,0,4531,4531
6081610100,"San Mateo, CA (CT)",0,920,920,0,2484,2484
6081610201,"San Mateo, CA (CT)",0,1777,1777,0,5764,5764
6081610202,"San Mateo, CA (CT)",0,831,831,0,2429,2429
6081610203,"San Mateo, CA (CT)",0,1002,1002,0,3436,3436
6081610302,"San Mateo, CA (CT)",267,615,882,644,1464,2108
6081610303,"San Mateo, CA (CT)",0,3075,3075,0,7336,7336
6081610304,"San Mateo, CA (CT)",0,1868,1868,0,4023,4023
6081610400,"San Mateo, CA (CT)",0,1657,1657,0,5623,5623
6081610500,"San Mateo, CA (CT)",0,1326,1326,0,4963,4963
6081610601,"San Mateo, CA (CT)",0,1566,1566,0,6257,6257
6081610602,"San Mateo, CA (CT)",0,1192,1192,0,3386,3386
6081610700,"San Mateo, CA (CT)",0,2139,2139,0,5207,5207
6081610800,"San Mateo, CA (CT)",0,1667,1667,0,4721,4721
6081610900,"San Mateo, CA (CT)",0,2475,2475,0,6932,6932
6081611000,"San Mateo, CA (CT)",0,2341,2341,0,5707,5707
6081611100,"San Mateo, CA (CT)",0,2311,2311,0,5913,5913
6081611200,"San Mateo, CA (CT)",0,1096,1096,0,3005,3005
6081611300,"San Mateo, CA (CT)",0,2031,2031,0,4757,4757
6081611400,"San Mateo, CA (CT)",5,1510,1515,9,4228,4237
6081611500,"San Mateo, CA (CT)",0,1015,1015,0,2677,2677
6081611600,"San Mateo, CA (CT)",0,843,843,0,2262,2262
6081611700,"San Mateo, CA (CT)",0,1461,1461,0,5970,5970
6081611800,"San Mateo, CA (CT)",0,919,919,0,4433,4433
6081611900,"San Mateo, CA (CT)",0,2657,2657,0,10325,10325
6081612000,"San Mateo, CA (CT)",0,1629,1629,0,7327,7327
6081612100,"San Mateo, CA (CT)",0,3033,3033,0,7041,7041
6081612500,"San Mateo, CA (CT)",0,2211,2211,0,4153,4153
6081612600,"San Mateo, CA (CT)",0,2291,2291,0,4156,4156
6081612700,"San Mateo, CA (CT)",0,826,826,0,2202,2202
6081612800,"San Mateo, CA (CT)",0,1213,1213,0,3296,3296
6081612900,"San Mateo, CA (CT)",0,1832,1832,0,4356,4356
6081613000,"San Mateo, CA (CT)",0,1605,1605,0,3386,3386
6081613200,"San Mateo, CA (CT)",1027,1708,2735,2070,4424,6494
6081613300,"San Mateo, CA (CT)",59,1044,1103,123,2600,2723
6081613400,"San Mateo, CA (CT)",1092,205,1297,2555,538,3093
6081613501,"San Mateo, CA (CT)",227,1126,1353,587,3554,4141
6081613502,"San Mateo, CA (CT)",414,2009,2423,1020,4955,5975
6081613600,"San Mateo, CA (CT)",127,2197,2324,328,5690,6018
6081613700,"San Mateo, CA (CT)",829,2655,3484,2241,6514,8755
6081613800,"San Mateo, CA (CT)",1995,0,1995,4005,0,4005
6081613900,"San Mateo, CA (CT)",0,2267,2267,0,6064,6064
6081614000,"San Mateo, CA (CT)",0,1775,1775,0,5458,5458
6081984300,"San Mateo, CA (CT)",0,0,0,0,0,0
6081990100,"San Mateo, CA (CT)",0,0,0,0,0,0
6083000101,"Santa Barbara, CA (CT)",0,2479,2479,0,6495,6495
6083000102,"Santa Barbara, CA (CT)",0,2326,2326,0,5245,5245
6083000103,"Santa Barbara, CA (CT)",611,737,1348,1387,1809,3196
6083000200,"Santa Barbara, CA (CT)",0,2147,2147,0,4299,4299
6083000301,"Santa Barbara, CA (CT)",0,1407,1407,0,2810,2810
6083000302,"Santa Barbara, CA (CT)",0,1995,1995,0,4138,4138
6083000400,"Santa Barbara, CA (CT)",0,2496,2496,0,4659,4659
6083000501,"Santa Barbara, CA (CT)",121,1326,1447,288,2975,3263
6083000502,"Santa Barbara, CA (CT)",0,2554,2554,0,5874,5874
6083000600,"Santa Barbara, CA (CT)",0,2327,2327,0,4629,4629
6083000700,"Santa Barbara, CA (CT)",229,2164,2393,433,5975,6408
6083000801,"Santa Barbara, CA (CT)",0,1199,1199,0,4059,4059
6083000804,"Santa Barbara, CA (CT)",0,2202,2202,0,7189,7189
6083000900,"Santa Barbara, CA (CT)",0,1746,1746,0,3266,3266
6083001000,"Santa Barbara, CA (CT)",0,2957,2957,0,6270,6270
6083001101,"Santa Barbara, CA (CT)",0,1605,1605,0,4738,4738
6083001102,"Santa Barbara, CA (CT)",0,1395,1395,0,4740,4740
6083001203,"Santa Barbara, CA (CT)",0,1339,1339,0,2757,2757
6083001206,"Santa Barbara, CA (CT)",0,1713,1713,0,4480,4480
6083001208,"Santa Barbara, CA (CT)",0,1806,1806,0,4096,4096
6083001304,"Santa Barbara, CA (CT)",0,3069,3069,0,7522,7522
6083001306,"Santa Barbara, CA (CT)",0,1502,1502,0,3230,3230
6083001402,"Santa Barbara, CA (CT)",0,1996,1996,0,3392,3392
6083001500,"Santa Barbara, CA (CT)",264,1348,1612,501,2590,3091
6083001601,"Santa Barbara, CA (CT)",0,1812,1812,0,5270,5270
6083001604,"Santa Barbara, CA (CT)",0,2619,2619,0,5190,5190
6083001704,"Santa Barbara, CA (CT)",0,989,989,0,2565,2565
6083001706,"Santa Barbara, CA (CT)",811,1548,2359,1858,2835,4693
6083001800,"Santa Barbara, CA (CT)",666,0,666,1245,0,1245
6083001901,"Santa Barbara, CA (CT)",1156,1848,3004,2968,4837,7805
6083001903,"Santa Barbara, CA (CT)",336,2380,2716,717,5047,5764
6083001905,"Santa Barbara, CA (CT)",1005,416,1421,2126,1105,3231
6083001906,"Santa Barbara, CA (CT)",1049,1606,2655,1997,3873,5870
6083002005,"Santa Barbara, CA (CT)",0,1989,1989,0,4967,4967
6083002006,"Santa Barbara, CA (CT)",804,82,886,2013,227,2240
6083002007,"Santa Barbara, CA (CT)",0,3730,3730,0,9554,9554
6083002008,"Santa Barbara, CA (CT)",0,2370,2370,0,6451,6451
6083002009,"Santa Barbara, CA (CT)",0,1397,1397,0,3826,3826
6083002010,"Santa Barbara, CA (CT)",0,1565,1565,0,4375,4375
6083002011,"Santa Barbara, CA (CT)",13,1732,1745,71,5246,5317
6083002012,"Santa Barbara, CA (CT)",0,1283,1283,0,3036,3036
6083002013,"Santa Barbara, CA (CT)",0,1052,1052,0,2737,2737
6083002101,"Santa Barbara, CA (CT)",0,1324,1324,0,3873,3873
6083002102,"Santa Barbara, CA (CT)",0,779,779,0,2084,2084
6083002103,"Santa Barbara, CA (CT)",0,1563,1563,0,3930,3930
6083002205,"Santa Barbara, CA (CT)",0,1520,1520,0,4997,4997
6083002206,"Santa Barbara, CA (CT)",0,1630,1630,0,4782,4782
6083002209,"Santa Barbara, CA (CT)",0,907,907,0,3321,3321
6083002210,"Santa Barbara, CA (CT)",0,1615,1615,0,6035,6035
6083002211,"Santa Barbara, CA (CT)",15,2144,2159,74,5292,5366
6083002303,"Santa Barbara, CA (CT)",0,1402,1402,0,6765,6765
6083002304,"Santa Barbara, CA (CT)",0,1447,1447,0,6687,6687
6083002305,"Santa Barbara, CA (CT)",0,1492,1492,0,7556,7556
6083002306,"Santa Barbara, CA (CT)",30,2485,2515,75,8735,8810
6083002402,"Santa Barbara, CA (CT)",31,3010,3041,107,11299,11406
6083002403,"Santa Barbara, CA (CT)",0,1533,1533,0,6811,6811
6083002404,"Santa Barbara, CA (CT)",0,1752,1752,0,7800,7800
6083002502,"Santa Barbara, CA (CT)",109,1887,1996,265,7080,7345
6083002604,"Santa Barbara, CA (CT)",62,31,93,300,3282,3582
6083002606,"Santa Barbara, CA (CT)",91,945,1036,297,3047,3344
6083002702,"Santa Barbara, CA (CT)",0,2469,2469,0,7395,7395
6083002703,"Santa Barbara, CA (CT)",0,1482,1482,0,4165,4165
6083002705,"Santa Barbara, CA (CT)",0,1663,1663,0,4210,4210
6083002706,"Santa Barbara, CA (CT)",0,2034,2034,0,6054,6054
6083002707,"Santa Barbara, CA (CT)",0,1057,1057,0,2287,2287
6083002708,"Santa Barbara, CA (CT)",0,1149,1149,0,2568,2568
6083002802,"Santa Barbara, CA (CT)",0,2627,2627,0,7024,7024
6083002806,"Santa Barbara, CA (CT)",0,816,816,0,2266,2266
6083002808,"Santa Barbara, CA (CT)",342,2368,2710,704,5802,6506
6083002809,"Santa Barbara, CA (CT)",422,1345,1767,1026,4009,5035
6083002906,"Santa Barbara, CA (CT)",0,1447,1447,0,4016,4016
6083002907,"Santa Barbara, CA (CT)",390,1226,1616,1005,3185,4190
6083002909,"Santa Barbara, CA (CT)",0,1829,1829,0,5963,5963
6083002913,"Santa Barbara, CA (CT)",0,1590,1590,0,3596,3596
6083002914,"Santa Barbara, CA (CT)",0,1414,1414,0,3248,3248
6083002915,"Santa Barbara, CA (CT)",0,300,300,0,580,580
6083002922,"Santa Barbara, CA (CT)",0,854,854,0,8839,8839
6083002924,"Santa Barbara, CA (CT)",0,1493,1493,0,5833,5833
6083002926,"Santa Barbara, CA (CT)",0,1747,1747,0,5328,5328
6083002928,"Santa Barbara, CA (CT)",0,1291,1291,0,4089,4089
6083002930,"Santa Barbara, CA (CT)",0,3017,3017,0,7328,7328
6083002932,"Santa Barbara, CA (CT)",374,544,918,942,1557,2499
6083003001,"Santa Barbara, CA (CT)",0,2146,2146,0,5547,5547
6083003004,"Santa Barbara, CA (CT)",0,1635,1635,0,4874,4874
6083003005,"Santa Barbara, CA (CT)",0,1603,1603,0,4999,4999
6083003007,"Santa Barbara, CA (CT)",0,1667,1667,0,3653,3653
6083003102,"Santa Barbara, CA (CT)",433,903,1336,859,2447,3306
6083980000,"Santa Barbara, CA (CT)",0,7,7,0,10,10
6083980100,"Santa Barbara, CA (CT)",28,0,28,11,0,11
6083990000,"Santa Barbara, CA (CT)",0,0,0,0,0,0
6085500100,"Santa Clara, CA (CT)",0,2198,2198,0,6339,6339
6085500200,"Santa Clara, CA (CT)",0,2134,2134,0,5822,5822
6085500300,"Santa Clara, CA (CT)",0,1313,1313,0,3140,3140
6085500400,"Santa Clara, CA (CT)",0,1010,1010,0,2369,2369
6085500500,"Santa Clara, CA (CT)",0,2079,2079,0,5275,5275
6085500600,"Santa Clara, CA (CT)",0,2226,2226,0,4586,4586
6085500800,"Santa Clara, CA (CT)",0,1881,1881,0,2600,2600
6085500901,"Santa Clara, CA (CT)",0,2226,2226,0,3723,3723
6085500902,"Santa Clara, CA (CT)",0,679,679,0,4523,4523
6085501000,"Santa Clara, CA (CT)",0,2190,2190,0,4769,4769
6085501101,"Santa Clara, CA (CT)",0,1824,1824,0,4074,4074
6085501102,"Santa Clara, CA (CT)",0,1401,1401,0,4477,4477
6085501200,"Santa Clara, CA (CT)",0,1438,1438,0,4186,4186
6085501300,"Santa Clara, CA (CT)",0,1427,1427,0,4153,4153
6085501401,"Santa Clara, CA (CT)",0,1019,1019,0,3295,3295
6085501402,"Santa Clara, CA (CT)",0,879,879,0,2947,2947
6085501501,"Santa Clara, CA (CT)",0,1180,1180,0,4278,4278
6085501502,"Santa Clara, CA (CT)",0,1123,1123,0,4549,4549
6085501600,"Santa Clara, CA (CT)",0,2649,2649,0,6854,6854
6085501700,"Santa Clara, CA (CT)",0,1302,1302,0,4916,4916
6085501800,"Santa Clara, CA (CT)",0,1771,1771,0,5085,5085
6085501900,"Santa Clara, CA (CT)",0,2374,2374,0,4641,4641
6085502001,"Santa Clara, CA (CT)",0,2091,2091,0,5022,5022
6085502002,"Santa Clara, CA (CT)",0,1653,1653,0,4887,4887
6085502101,"Santa Clara, CA (CT)",0,1988,1988,0,4798,4798
6085502102,"Santa Clara, CA (CT)",0,2704,2704,0,7469,7469
6085502201,"Santa Clara, CA (CT)",0,2832,2832,0,6260,6260
6085502202,"Santa Clara, CA (CT)",0,1461,1461,0,2870,2870
6085502301,"Santa Clara, CA (CT)",0,1389,1389,0,3245,3245
6085502302,"Santa Clara, CA (CT)",0,1303,1303,0,2826,2826
6085502400,"Santa Clara, CA (CT)",0,2921,2921,0,6813,6813
6085502500,"Santa Clara, CA (CT)",0,2525,2525,0,6187,6187
6085502601,"Santa Clara, CA (CT)",0,1259,1259,0,2626,2626
6085502603,"Santa Clara, CA (CT)",0,1058,1058,0,2527,2527
6085502604,"Santa Clara, CA (CT)",0,2339,2339,0,4320,4320
6085502701,"Santa Clara, CA (CT)",0,2020,2020,0,4874,4874
6085502702,"Santa Clara, CA (CT)",0,3257,3257,0,8042,8042
6085502800,"Santa Clara, CA (CT)",0,1413,1413,0,4102,4102
6085502901,"Santa Clara, CA (CT)",0,2286,2286,0,5919,5919
6085502902,"Santa Clara, CA (CT)",0,2716,2716,0,7200,7200
6085502903,"Santa Clara, CA (CT)",0,1962,1962,0,5075,5075
6085502906,"Santa Clara, CA (CT)",0,1655,1655,0,4521,4521
6085502907,"Santa Clara, CA (CT)",0,1339,1339,0,3912,3912
6085502908,"Santa Clara, CA (CT)",0,2413,2413,0,6683,6683
6085502909,"Santa Clara, CA (CT)",0,2054,2054,0,5073,5073
6085502910,"Santa Clara, CA (CT)",0,1506,1506,0,3656,3656
6085503001,"Santa Clara, CA (CT)",0,1635,1635,0,4063,4063
6085503002,"Santa Clara, CA (CT)",0,1318,1318,0,3506,3506
6085503003,"Santa Clara, CA (CT)",0,1798,1798,0,5099,5099
6085503105,"Santa Clara, CA (CT)",0,771,771,0,2484,2484
6085503108,"Santa Clara, CA (CT)",0,2844,2844,0,7894,7894
6085503110,"Santa Clara, CA (CT)",0,1104,1104,0,4618,4618
6085503111,"Santa Clara, CA (CT)",0,1096,1096,0,5101,5101
6085503112,"Santa Clara, CA (CT)",0,1520,1520,0,4025,4025
6085503113,"Santa Clara, CA (CT)",0,1337,1337,0,4760,4760
6085503115,"Santa Clara, CA (CT)",0,2595,2595,0,6027,6027
6085503116,"Santa Clara, CA (CT)",0,2222,2222,0,5240,5240
6085503117,"Santa Clara, CA (CT)",0,736,736,0,3120,3120
6085503118,"Santa Clara, CA (CT)",0,1673,1673,0,5474,5474
6085503121,"Santa Clara, CA (CT)",0,1544,1544,0,4499,4499
6085503122,"Santa Clara, CA (CT)",0,1191,1191,0,3449,3449
6085503123,"Santa Clara, CA (CT)",0,1666,1666,0,3585,3585
6085503204,"Santa Clara, CA (CT)",0,2202,2202,0,8175,8175
6085503207,"Santa Clara, CA (CT)",0,1022,1022,0,3938,3938
6085503208,"Santa Clara, CA (CT)",0,869,869,0,3985,3985
6085503210,"Santa Clara, CA (CT)",0,957,957,0,4453,4453
6085503211,"Santa Clara, CA (CT)",0,1125,1125,0,4744,4744
6085503212,"Santa Clara, CA (CT)",0,950,950,0,4058,4058
6085503213,"Santa Clara, CA (CT)",0,1233,1233,0,4494,4494
6085503214,"Santa Clara, CA (CT)",0,2128,2128,0,7253,7253
6085503217,"Santa Clara, CA (CT)",0,1059,1059,0,4512,4512
6085503218,"Santa Clara, CA (CT)",0,1137,1137,0,4471,4471
6085503304,"Santa Clara, CA (CT)",0,1822,1822,0,6916,6916
6085503305,"Santa Clara, CA (CT)",0,1449,1449,0,6069,6069
6085503306,"Santa Clara, CA (CT)",0,890,890,0,4311,4311
6085503312,"Santa Clara, CA (CT)",252,822,1074,658,2707,3365
6085503313,"Santa Clara, CA (CT)",0,1279,1279,0,4582,4582
6085503315,"Santa Clara, CA (CT)",0,1983,1983,0,7481,7481
6085503321,"Santa Clara, CA (CT)",0,1088,1088,0,4658,4658
6085503322,"Santa Clara, CA (CT)",0,1022,1022,0,4173,4173
6085503323,"Santa Clara, CA (CT)",0,1196,1196,0,4688,4688
6085503324,"Santa Clara, CA (CT)",0,897,897,0,3543,3543
6085503325,"Santa Clara, CA (CT)",0,1143,1143,0,4448,4448
6085503326,"Santa Clara, CA (CT)",0,1740,1740,0,6650,6650
6085503327,"Santa Clara, CA (CT)",0,1450,1450,0,4712,4712
6085503329,"Santa Clara, CA (CT)",0,972,972,0,3461,3461
6085503330,"Santa Clara, CA (CT)",45,2048,2093,77,7541,7618
6085503331,"Santa Clara, CA (CT)",0,1416,1416,0,3173,3173
6085503332,"Santa Clara, CA (CT)",52,2517,2569,177,5186,5363
6085503333,"Santa Clara, CA (CT)",0,1296,1296,0,4585,4585
6085503334,"Santa Clara, CA (CT)",1,2621,2622,0,8854,8854
6085503336,"Santa Clara, CA (CT)",0,867,867,0,3492,3492
6085503337,"Santa Clara, CA (CT)",0,948,948,0,3772,3772
6085503401,"Santa Clara, CA (CT)",0,946,946,0,4915,4915
6085503402,"Santa Clara, CA (CT)",0,1184,1184,0,5263,5263
6085503504,"Santa Clara, CA (CT)",0,1197,1197,0,6463,6463
6085503506,"Santa Clara, CA (CT)",0,1259,1259,0,6432,6432
6085503507,"Santa Clara, CA (CT)",0,380,380,0,2182,2182
6085503508,"Santa Clara, CA (CT)",0,1268,1268,0,6219,6219
6085503509,"Santa Clara, CA (CT)",0,872,872,0,4040,4040
6085503510,"Santa Clara, CA (CT)",0,1340,1340,0,5968,5968
6085503511,"Santa Clara, CA (CT)",0,831,831,0,3665,3665
6085503601,"Santa Clara, CA (CT)",0,891,891,0,2992,2992
6085503602,"Santa Clara, CA (CT)",0,1285,1285,0,4741,4741
6085503703,"Santa Clara, CA (CT)",0,899,899,0,4271,4271
6085503707,"Santa Clara, CA (CT)",0,1404,1404,0,5462,5462
6085503708,"Santa Clara, CA (CT)",0,735,735,0,2725,2725
6085503709,"Santa Clara, CA (CT)",0,1403,1403,0,5088,5088
6085503710,"Santa Clara, CA (CT)",0,959,959,0,3599,3599
6085503711,"Santa Clara, CA (CT)",0,1006,1006,0,4763,4763
6085503712,"Santa Clara, CA (CT)",0,1357,1357,0,4108,4108
6085503713,"Santa Clara, CA (CT)",0,1122,1122,0,2974,2974
6085503802,"Santa Clara, CA (CT)",0,2295,2295,0,7884,7884
6085503803,"Santa Clara, CA (CT)",0,1365,1365,0,4477,4477
6085503804,"Santa Clara, CA (CT)",0,1605,1605,0,4980,4980
6085503902,"Santa Clara, CA (CT)",0,1490,1490,0,5440,5440
6085503903,"Santa Clara, CA (CT)",0,920,920,0,3301,3301
6085504001,"Santa Clara, CA (CT)",0,1514,1514,0,6017,6017
6085504002,"Santa Clara, CA (CT)",0,1367,1367,0,5875,5875
6085504101,"Santa Clara, CA (CT)",0,1036,1036,0,4273,4273
6085504102,"Santa Clara, CA (CT)",0,1342,1342,0,5480,5480
6085504201,"Santa Clara, CA (CT)",0,1706,1706,0,4779,4779
6085504202,"Santa Clara, CA (CT)",137,1401,1538,425,4105,4530
6085504307,"Santa Clara, CA (CT)",0,1754,1754,0,5563,5563
6085504308,"Santa Clara, CA (CT)",65,1435,1500,173,4242,4415
6085504311,"Santa Clara, CA (CT)",0,2355,2355,0,7062,7062
6085504314,"Santa Clara, CA (CT)",0,1309,1309,0,4753,4753
6085504315,"Santa Clara, CA (CT)",0,1966,1966,0,6562,6562
6085504316,"Santa Clara, CA (CT)",0,1401,1401,0,4839,4839
6085504317,"Santa Clara, CA (CT)",0,1222,1222,0,4429,4429
6085504318,"Santa Clara, CA (CT)",0,1662,1662,0,5265,5265
6085504319,"Santa Clara, CA (CT)",0,2017,2017,0,6936,6936
6085504320,"Santa Clara, CA (CT)",0,844,844,0,2903,2903
6085504321,"Santa Clara, CA (CT)",0,1552,1552,0,5346,5346
6085504322,"Santa Clara, CA (CT)",0,2116,2116,0,5263,5263
6085504323,"Santa Clara, CA (CT)",0,1835,1835,0,5741,5741
6085504410,"Santa Clara, CA (CT)",0,1221,1221,0,4431,4431
6085504411,"Santa Clara, CA (CT)",0,1535,1535,0,5450,5450
6085504412,"Santa Clara, CA (CT)",0,1297,1297,0,4901,4901
6085504413,"Santa Clara, CA (CT)",0,692,692,0,1714,1714
6085504414,"Santa Clara, CA (CT)",0,1509,1509,0,5092,5092
6085504415,"Santa Clara, CA (CT)",0,1530,1530,0,5116,5116
6085504416,"Santa Clara, CA (CT)",0,1089,1089,0,3591,3591
6085504417,"Santa Clara, CA (CT)",83,33,116,219,104,323
6085504418,"Santa Clara, CA (CT)",0,1323,1323,0,4883,4883
6085504420,"Santa Clara, CA (CT)",114,1269,1383,306,4249,4555
6085504421,"Santa Clara, CA (CT)",0,1344,1344,0,4733,4733
6085504422,"Santa Clara, CA (CT)",0,1015,1015,0,3672,3672
6085504423,"Santa Clara, CA (CT)",0,654,654,0,2373,2373
6085504504,"Santa Clara, CA (CT)",0,2749,2749,0,9882,9882
6085504505,"Santa Clara, CA (CT)",0,1310,1310,0,4418,4418
6085504506,"Santa Clara, CA (CT)",0,2169,2169,0,5924,5924
6085504507,"Santa Clara, CA (CT)",0,1694,1694,0,5768,5768
6085504601,"Santa Clara, CA (CT)",0,365,365,0,817,817
6085504602,"Santa Clara, CA (CT)",6,631,637,13,2131,2144
6085504700,"Santa Clara, CA (CT)",0,188,188,0,719,719
6085504802,"Santa Clara, CA (CT)",0,1813,1813,0,5242,5242
6085504803,"Santa Clara, CA (CT)",0,2548,2548,0,5756,5756
6085504805,"Santa Clara, CA (CT)",0,2375,2375,0,5294,5294
6085504806,"Santa Clara, CA (CT)",0,779,779,0,2930,2930
6085504901,"Santa Clara, CA (CT)",0,4176,4176,0,9530,9530
6085505001,"Santa Clara, CA (CT)",0,3713,3713,0,9741,9741
6085505006,"Santa Clara, CA (CT)",0,2008,2008,0,3898,3898
6085505007,"Santa Clara, CA (CT)",0,995,995,0,4083,4083
6085505008,"Santa Clara, CA (CT)",0,2771,2771,0,5254,5254
6085505009,"Santa Clara, CA (CT)",0,2403,2403,0,6256,6256
6085505100,"Santa Clara, CA (CT)",0,1481,1481,0,3027,3027
6085505202,"Santa Clara, CA (CT)",0,2297,2297,0,5867,5867
6085505203,"Santa Clara, CA (CT)",0,1533,1533,0,4809,4809
6085505301,"Santa Clara, CA (CT)",0,1373,1373,0,4424,4424
6085505302,"Santa Clara, CA (CT)",0,1475,1475,0,4015,4015
6085505303,"Santa Clara, CA (CT)",0,2198,2198,0,5940,5940
6085505304,"Santa Clara, CA (CT)",0,1096,1096,0,3265,3265
6085505305,"Santa Clara, CA (CT)",0,2108,2108,0,5514,5514
6085505401,"Santa Clara, CA (CT)",0,2557,2557,0,5957,5957
6085505402,"Santa Clara, CA (CT)",0,1160,1160,0,3026,3026
6085505403,"Santa Clara, CA (CT)",0,2775,2775,0,6595,6595
6085505500,"Santa Clara, CA (CT)",0,1647,1647,0,3911,3911
6085505600,"Santa Clara, CA (CT)",0,1348,1348,0,3880,3880
6085505700,"Santa Clara, CA (CT)",0,2420,2420,0,5751,5751
6085505800,"Santa Clara, CA (CT)",0,1597,1597,0,3741,3741
6085505900,"Santa Clara, CA (CT)",0,3187,3187,0,7079,7079
6085506000,"Santa Clara, CA (CT)",0,1905,1905,0,4617,4617
6085506101,"Santa Clara, CA (CT)",0,1738,1738,0,4615,4615
6085506102,"Santa Clara, CA (CT)",0,1606,1606,0,3808,3808
6085506103,"Santa Clara, CA (CT)",0,1702,1702,0,4699,4699
6085506202,"Santa Clara, CA (CT)",0,2637,2637,0,6959,6959
6085506203,"Santa Clara, CA (CT)",0,2532,2532,0,6163,6163
6085506204,"Santa Clara, CA (CT)",0,2169,2169,0,6064,6064
6085506301,"Santa Clara, CA (CT)",0,2428,2428,0,5334,5334
6085506302,"Santa Clara, CA (CT)",0,2559,2559,0,6388,6388
6085506304,"Santa Clara, CA (CT)",0,2160,2160,0,4958,4958
6085506305,"Santa Clara, CA (CT)",0,2591,2591,0,7191,7191
6085506401,"Santa Clara, CA (CT)",0,2162,2162,0,4380,4380
6085506402,"Santa Clara, CA (CT)",0,2331,2331,0,5733,5733
6085506501,"Santa Clara, CA (CT)",0,2596,2596,0,7710,7710
6085506502,"Santa Clara, CA (CT)",0,2040,2040,0,3907,3907
6085506503,"Santa Clara, CA (CT)",0,2751,2751,0,6045,6045
6085506601,"Santa Clara, CA (CT)",0,1770,1770,0,4482,4482
6085506603,"Santa Clara, CA (CT)",0,1421,1421,0,4070,4070
6085506604,"Santa Clara, CA (CT)",0,2645,2645,0,7324,7324
6085506605,"Santa Clara, CA (CT)",0,1578,1578,0,3941,3941
6085506606,"Santa Clara, CA (CT)",0,1704,1704,0,4453,4453
6085506701,"Santa Clara, CA (CT)",0,1381,1381,0,3954,3954
6085506702,"Santa Clara, CA (CT)",0,2143,2143,0,5455,5455
6085506703,"Santa Clara, CA (CT)",0,1470,1470,0,3625,3625
6085506801,"Santa Clara, CA (CT)",0,2311,2311,0,5871,5871
6085506802,"Santa Clara, CA (CT)",0,1947,1947,0,5237,5237
6085506803,"Santa Clara, CA (CT)",0,2466,2466,0,6883,6883
6085506804,"Santa Clara, CA (CT)",0,1372,1372,0,3629,3629
6085506900,"Santa Clara, CA (CT)",69,2671,2740,171,7265,7436
6085507001,"Santa Clara, CA (CT)",60,3230,3290,109,6395,6504
6085507002,"Santa Clara, CA (CT)",137,942,1079,372,2428,2800
6085507100,"Santa Clara, CA (CT)",0,1377,1377,0,2683,2683
6085507203,"Santa Clara, CA (CT)",0,1203,1203,0,2632,2632
6085507205,"Santa Clara, CA (CT)",0,1961,1961,0,4475,4475
6085507206,"Santa Clara, CA (CT)",0,1036,1036,0,2724,2724
6085507301,"Santa Clara, CA (CT)",0,2553,2553,0,6555,6555
6085507302,"Santa Clara, CA (CT)",138,953,1091,326,2399,2725
6085507401,"Santa Clara, CA (CT)",0,1947,1947,0,5624,5624
6085507402,"Santa Clara, CA (CT)",0,1524,1524,0,3881,3881
6085507500,"Santa Clara, CA (CT)",0,2047,2047,0,5810,5810
6085507600,"Santa Clara, CA (CT)",32,2033,2065,86,5477,5563
6085507701,"Santa Clara, CA (CT)",0,1397,1397,0,4039,4039
6085507702,"Santa Clara, CA (CT)",0,2091,2091,0,6126,6126
6085507703,"Santa Clara, CA (CT)",0,2812,2812,0,7706,7706
6085507805,"Santa Clara, CA (CT)",0,2191,2191,0,5397,5397
6085507806,"Santa Clara, CA (CT)",0,2039,2039,0,5889,5889
6085507807,"Santa Clara, CA (CT)",0,1053,1053,0,3219,3219
6085507808,"Santa Clara, CA (CT)",0,1822,1822,0,5508,5508
6085507903,"Santa Clara, CA (CT)",0,1634,1634,0,4828,4828
6085507904,"Santa Clara, CA (CT)",0,1114,1114,0,3367,3367
6085507905,"Santa Clara, CA (CT)",0,2211,2211,0,5784,5784
6085507906,"Santa Clara, CA (CT)",0,1449,1449,0,4460,4460
6085508001,"Santa Clara, CA (CT)",0,2853,2853,0,7377,7377
6085508003,"Santa Clara, CA (CT)",0,763,763,0,2222,2222
6085508004,"Santa Clara, CA (CT)",0,2176,2176,0,6090,6090
6085508101,"Santa Clara, CA (CT)",0,2364,2364,0,6740,6740
6085508102,"Santa Clara, CA (CT)",0,1310,1310,0,3321,3321
6085508202,"Santa Clara, CA (CT)",0,2893,2893,0,7684,7684
6085508203,"Santa Clara, CA (CT)",0,1847,1847,0,5172,5172
6085508204,"Santa Clara, CA (CT)",0,1497,1497,0,4194,4194
6085508301,"Santa Clara, CA (CT)",0,1567,1567,0,4410,4410
6085508303,"Santa Clara, CA (CT)",0,927,927,0,2562,2562
6085508304,"Santa Clara, CA (CT)",0,3088,3088,0,7957,7957
6085508401,"Santa Clara, CA (CT)",0,2612,2612,0,6834,6834
6085508403,"Santa Clara, CA (CT)",0,1079,1079,0,2817,2817
6085508404,"Santa Clara, CA (CT)",0,2370,2370,0,6023,6023
6085508503,"Santa Clara, CA (CT)",0,2935,2935,0,6506,6506
6085508504,"Santa Clara, CA (CT)",0,3321,3321,0,7701,7701
6085508505,"Santa Clara, CA (CT)",0,2024,2024,0,4392,4392
6085508507,"Santa Clara, CA (CT)",0,1415,1415,0,3066,3066
6085508508,"Santa Clara, CA (CT)",0,1997,1997,0,5322,5322
6085508601,"Santa Clara, CA (CT)",0,1415,1415,0,3668,3668
6085508602,"Santa Clara, CA (CT)",0,1850,1850,0,3839,3839
6085508703,"Santa Clara, CA (CT)",0,3167,3167,0,7572,7572
6085508704,"Santa Clara, CA (CT)",0,2363,2363,0,5227,5227
6085508800,"Santa Clara, CA (CT)",0,1473,1473,0,3766,3766
6085508900,"Santa Clara, CA (CT)",0,1733,1733,0,5273,5273
6085509000,"Santa Clara, CA (CT)",0,2565,2565,0,7407,7407
6085509102,"Santa Clara, CA (CT)",0,2357,2357,0,4798,4798
6085509105,"Santa Clara, CA (CT)",0,3216,3216,0,6396,6396
6085509106,"Santa Clara, CA (CT)",0,1806,1806,0,4171,4171
6085509107,"Santa Clara, CA (CT)",0,2029,2029,0,4892,4892
6085509108,"Santa Clara, CA (CT)",0,1983,1983,0,4281,4281
6085509109,"Santa Clara, CA (CT)",0,1965,1965,0,4346,4346
6085509201,"Santa Clara, CA (CT)",0,2558,2558,0,4603,4603
6085509202,"Santa Clara, CA (CT)",0,1906,1906,0,4480,4480
6085509302,"Santa Clara, CA (CT)",0,1250,1250,0,2978,2978
6085509303,"Santa Clara, CA (CT)",0,1920,1920,0,3706,3706
6085509304,"Santa Clara, CA (CT)",0,1326,1326,0,2871,2871
6085509401,"Santa Clara, CA (CT)",0,1704,1704,0,3212,3212
6085509403,"Santa Clara, CA (CT)",0,2159,2159,0,5121,5121
6085509404,"Santa Clara, CA (CT)",0,2610,2610,0,6076,6076
6085509500,"Santa Clara, CA (CT)",0,2379,2379,0,5565,5565
6085509600,"Santa Clara, CA (CT)",0,1374,1374,0,2625,2625
6085509700,"Santa Clara, CA (CT)",0,1504,1504,0,3128,3128
6085509801,"Santa Clara, CA (CT)",0,2303,2303,0,5274,5274
6085509802,"Santa Clara, CA (CT)",0,1144,1144,0,2719,2719
6085509901,"Santa Clara, CA (CT)",0,764,764,0,1934,1934
6085509902,"Santa Clara, CA (CT)",0,1908,1908,0,4838,4838
6085510001,"Santa Clara, CA (CT)",0,2136,2136,0,6116,6116
6085510002,"Santa Clara, CA (CT)",0,1314,1314,0,3553,3553
6085510100,"Santa Clara, CA (CT)",0,1109,1109,0,2948,2948
6085510200,"Santa Clara, CA (CT)",0,1559,1559,0,4328,4328
6085510300,"Santa Clara, CA (CT)",0,1765,1765,0,4020,4020
6085510400,"Santa Clara, CA (CT)",0,1201,1201,0,3131,3131
6085510500,"Santa Clara, CA (CT)",0,1975,1975,0,4688,4688
6085510600,"Santa Clara, CA (CT)",0,2467,2467,0,6139,6139
6085510700,"Santa Clara, CA (CT)",0,2098,2098,0,4775,4775
6085510801,"Santa Clara, CA (CT)",0,2223,2223,0,5290,5290
6085510802,"Santa Clara, CA (CT)",0,726,726,0,1840,1840
6085510803,"Santa Clara, CA (CT)",0,1063,1063,0,2558,2558
6085510900,"Santa Clara, CA (CT)",0,2101,2101,0,5354,5354
6085511000,"Santa Clara, CA (CT)",0,2489,2489,0,6402,6402
6085511100,"Santa Clara, CA (CT)",0,1962,1962,0,5445,5445
6085511200,"Santa Clara, CA (CT)",0,1866,1866,0,4849,4849
6085511301,"Santa Clara, CA (CT)",0,1925,1925,0,3671,3671
6085511302,"Santa Clara, CA (CT)",0,2509,2509,0,4062,4062
6085511400,"Santa Clara, CA (CT)",0,1456,1456,0,3639,3639
6085511500,"Santa Clara, CA (CT)",0,3179,3179,0,7513,7513
6085511608,"Santa Clara, CA (CT)",0,111,111,0,2687,2687
6085511609,"Santa Clara, CA (CT)",0,2006,2006,0,3183,3183
6085511701,"Santa Clara, CA (CT)",0,1522,1522,0,4017,4017
6085511702,"Santa Clara, CA (CT)",0,981,981,0,2684,2684
6085511704,"Santa Clara, CA (CT)",38,1669,1707,109,4411,4520
6085511705,"Santa Clara, CA (CT)",15,341,356,26,969,995
6085511707,"Santa Clara, CA (CT)",524,790,1314,1292,1717,3009
6085511800,"Santa Clara, CA (CT)",858,873,1731,1876,2133,4009
6085511905,"Santa Clara, CA (CT)",0,1103,1103,0,3129,3129
6085511907,"Santa Clara, CA (CT)",0,1343,1343,0,3988,3988
6085511909,"Santa Clara, CA (CT)",140,2505,2645,357,7640,7997
6085511910,"Santa Clara, CA (CT)",0,1058,1058,0,3042,3042
6085511911,"Santa Clara, CA (CT)",234,1630,1864,686,4120,4806
6085511912,"Santa Clara, CA (CT)",0,1741,1741,0,5440,5440
6085511913,"Santa Clara, CA (CT)",0,1443,1443,0,4295,4295
6085511914,"Santa Clara, CA (CT)",0,1982,1982,0,5684,5684
6085511915,"Santa Clara, CA (CT)",0,1271,1271,0,3806,3806
6085511916,"Santa Clara, CA (CT)",0,1682,1682,0,4669,4669
6085512001,"Santa Clara, CA (CT)",0,2022,2022,0,6774,6774
6085512005,"Santa Clara, CA (CT)",0,2187,2187,0,6711,6711
6085512017,"Santa Clara, CA (CT)",0,2166,2166,0,7804,7804
6085512019,"Santa Clara, CA (CT)",0,1552,1552,0,4737,4737
6085512020,"Santa Clara, CA (CT)",0,2646,2646,0,6858,6858
6085512021,"Santa Clara, CA (CT)",0,2031,2031,0,6087,6087
6085512022,"Santa Clara, CA (CT)",0,1810,1810,0,5374,5374
6085512023,"Santa Clara, CA (CT)",0,1968,1968,0,5418,5418
6085512024,"Santa Clara, CA (CT)",0,1710,1710,0,4670,4670
6085512025,"Santa Clara, CA (CT)",0,1080,1080,0,3203,3203
6085512026,"Santa Clara, CA (CT)",0,1350,1350,0,3871,3871
6085512027,"Santa Clara, CA (CT)",0,1622,1622,0,4085,4085
6085512029,"Santa Clara, CA (CT)",0,2301,2301,0,6892,6892
6085512030,"Santa Clara, CA (CT)",0,980,980,0,3074,3074
6085512031,"Santa Clara, CA (CT)",0,1395,1395,0,4406,4406
6085512032,"Santa Clara, CA (CT)",0,1037,1037,0,3389,3389
6085512033,"Santa Clara, CA (CT)",0,2049,2049,0,6125,6125
6085512034,"Santa Clara, CA (CT)",0,1032,1032,0,3101,3101
6085512035,"Santa Clara, CA (CT)",0,1378,1378,0,4172,4172
6085512036,"Santa Clara, CA (CT)",0,1900,1900,0,4585,4585
6085512037,"Santa Clara, CA (CT)",0,981,981,0,3214,3214
6085512038,"Santa Clara, CA (CT)",0,1074,1074,0,2847,2847
6085512039,"Santa Clara, CA (CT)",0,1327,1327,0,4784,4784
6085512042,"Santa Clara, CA (CT)",0,850,850,0,2841,2841
6085512043,"Santa Clara, CA (CT)",0,1561,1561,0,6129,6129
6085512045,"Santa Clara, CA (CT)",0,1834,1834,0,5602,5602
6085512047,"Santa Clara, CA (CT)",0,1733,1733,0,5461,5461
6085512052,"Santa Clara, CA (CT)",0,1801,1801,0,3988,3988
6085512053,"Santa Clara, CA (CT)",0,1563,1563,0,4534,4534
6085512100,"Santa Clara, CA (CT)",325,215,540,1029,637,1666
6085512200,"Santa Clara, CA (CT)",1140,409,1549,2751,1263,4014
6085512305,"Santa Clara, CA (CT)",271,1064,1335,747,3189,3936
6085512307,"Santa Clara, CA (CT)",0,2297,2297,0,6344,6344
6085512308,"Santa Clara, CA (CT)",47,2233,2280,179,6827,7006
6085512309,"Santa Clara, CA (CT)",2,1722,1724,8,4988,4996
6085512310,"Santa Clara, CA (CT)",0,1378,1378,0,3791,3791
6085512311,"Santa Clara, CA (CT)",0,1181,1181,0,3314,3314
6085512312,"Santa Clara, CA (CT)",0,953,953,0,2899,2899
6085512313,"Santa Clara, CA (CT)",0,1171,1171,0,3887,3887
6085512314,"Santa Clara, CA (CT)",0,1979,1979,0,5932,5932
6085512401,"Santa Clara, CA (CT)",553,950,1503,1614,3168,4782
6085512402,"Santa Clara, CA (CT)",360,1268,1628,1073,4094,5167
6085512503,"Santa Clara, CA (CT)",139,2332,2471,405,7321,7726
6085512505,"Santa Clara, CA (CT)",0,2130,2130,0,7295,7295
6085512506,"Santa Clara, CA (CT)",0,1754,1754,0,6686,6686
6085512508,"Santa Clara, CA (CT)",0,2640,2640,0,7955,7955
6085512509,"Santa Clara, CA (CT)",0,1207,1207,0,4111,4111
6085512510,"Santa Clara, CA (CT)",131,2158,2289,375,5819,6194
6085512602,"Santa Clara, CA (CT)",852,154,1006,2594,403,2997
6085512603,"Santa Clara, CA (CT)",0,1033,1033,0,3954,3954
6085512604,"Santa Clara, CA (CT)",0,1144,1144,0,4505,4505
6085513000,"Santa Clara, CA (CT)",0,2982,2982,0,8215,8215
6085513500,"Santa Clara, CA (CT)",496,0,496,1074,70,1144
6087100100,"Santa Cruz, CA (CT)",0,818,818,0,2163,2163
6087100200,"Santa Cruz, CA (CT)",0,2769,2769,0,7071,7071
6087100300,"Santa Cruz, CA (CT)",0,1320,1320,0,3380,3380
6087100400,"Santa Cruz, CA (CT)",0,403,403,0,7331,7331
6087100500,"Santa Cruz, CA (CT)",0,2187,2187,0,5370,5370
6087100600,"Santa Cruz, CA (CT)",0,1372,1372,0,3341,3341
6087100700,"Santa Cruz, CA (CT)",0,1075,1075,0,2632,2632
6087100800,"Santa Cruz, CA (CT)",0,3116,3116,0,6873,6873
6087100900,"Santa Cruz, CA (CT)",0,2354,2354,0,4236,4236
6087101000,"Santa Cruz, CA (CT)",0,3734,3734,0,7866,7866
6087101100,"Santa Cruz, CA (CT)",0,2385,2385,0,5444,5444
6087101200,"Santa Cruz, CA (CT)",0,1366,1366,0,3132,3132
6087110100,"Santa Cruz, CA (CT)",0,2451,2451,0,7466,7466
6087110200,"Santa Cruz, CA (CT)",0,2182,2182,0,7399,7399
6087110300,"Santa Cruz, CA (CT)",0,1767,1767,0,6710,6710
6087110400,"Santa Cruz, CA (CT)",0,2002,2002,0,7976,7976
6087110501,"Santa Cruz, CA (CT)",0,2115,2115,0,7646,7646
6087110502,"Santa Cruz, CA (CT)",0,1465,1465,0,6088,6088
6087110600,"Santa Cruz, CA (CT)",0,2240,2240,0,8349,8349
6087110700,"Santa Cruz, CA (CT)",0,891,891,0,3357,3357
6087120200,"Santa Cruz, CA (CT)",1903,40,1943,4231,52,4283
6087120301,"Santa Cruz, CA (CT)",893,1503,2396,1889,3291,5180
6087120302,"Santa Cruz, CA (CT)",0,1153,1153,0,2602,2602
6087120400,"Santa Cruz, CA (CT)",855,1598,2453,1823,3170,4993
6087120500,"Santa Cruz, CA (CT)",2169,593,2762,4469,1218,5687
6087120600,"Santa Cruz, CA (CT)",301,1715,2016,631,4102,4733
6087120700,"Santa Cruz, CA (CT)",179,1972,2151,342,3778,4120
6087120800,"Santa Cruz, CA (CT)",18,2474,2492,48,5815,5863
6087120900,"Santa Cruz, CA (CT)",518,2845,3363,1163,7197,8360
6087121000,"Santa Cruz, CA (CT)",1338,196,1534,2923,500,3423
6087121100,"Santa Cruz, CA (CT)",448,839,1287,1042,1921,2963
6087121200,"Santa Cruz, CA (CT)",1086,1430,2516,2425,3689,6114
6087121300,"Santa Cruz, CA (CT)",0,1707,1707,0,4144,4144
6087121401,"Santa Cruz, CA (CT)",0,949,949,0,2683,2683
6087121402,"Santa Cruz, CA (CT)",0,1650,1650,0,4373,4373
6087121403,"Santa Cruz, CA (CT)",0,1469,1469,0,3362,3362
6087121500,"Santa Cruz, CA (CT)",0,2741,2741,0,4917,4917
6087121600,"Santa Cruz, CA (CT)",0,3389,3389,0,6159,6159
6087121700,"Santa Cruz, CA (CT)",0,3391,3391,0,7458,7458
6087121800,"Santa Cruz, CA (CT)",0,2830,2830,0,4796,4796
6087122001,"Santa Cruz, CA (CT)",300,1726,2026,631,4278,4909
6087122002,"Santa Cruz, CA (CT)",824,583,1407,1952,1397,3349
6087122003,"Santa Cruz, CA (CT)",0,2867,2867,0,6543,6543
6087122100,"Santa Cruz, CA (CT)",0,1923,1923,0,3267,3267
6087122201,"Santa Cruz, CA (CT)",28,3332,3360,63,6206,6269
6087122202,"Santa Cruz, CA (CT)",0,966,966,0,2221,2221
6087122203,"Santa Cruz, CA (CT)",0,1797,1797,0,3622,3622
6087122300,"Santa Cruz, CA (CT)",1292,1034,2326,1488,2455,3943
6087122400,"Santa Cruz, CA (CT)",1711,1076,2787,4446,2721,7167
6087122500,"Santa Cruz, CA (CT)",95,1431,1526,314,6356,6670
6087123100,"Santa Cruz, CA (CT)",0,806,806,0,2638,2638
6087123300,"Santa Cruz, CA (CT)",475,6,481,1709,32,1741
6087990100,"Santa Cruz, CA (CT)",0,0,0,0,0,0
6089010100,"Shasta, CA (CT)",0,857,857,0,1581,1581
6089010200,"Shasta, CA (CT)",0,1160,1160,0,2078,2078
6089010300,"Shasta, CA (CT)",0,1667,1667,0,3833,3833
6089010400,"Shasta, CA (CT)",0,1769,1769,0,4417,4417
6089010500,"Shasta, CA (CT)",0,2239,2239,0,4928,4928
6089010601,"Shasta, CA (CT)",0,995,995,0,2492,2492
6089010602,"Shasta, CA (CT)",0,2442,2442,0,5429,5429
6089010603,"Shasta, CA (CT)",590,3,593,1388,6,1394
6089010702,"Shasta, CA (CT)",0,1697,1697,0,3896,3896
6089010703,"Shasta, CA (CT)",0,1813,1813,0,3240,3240
6089010704,"Shasta, CA (CT)",0,2100,2100,0,4362,4362
6089010803,"Shasta, CA (CT)",0,2215,2215,0,4908,4908
6089010804,"Shasta, CA (CT)",90,810,900,252,2493,2745
6089010805,"Shasta, CA (CT)",87,1879,1966,200,4806,5006
6089010806,"Shasta, CA (CT)",0,1531,1531,0,3192,3192
6089010807,"Shasta, CA (CT)",202,1621,1823,465,3897,4362
6089010900,"Shasta, CA (CT)",0,1827,1827,0,4293,4293
6089011001,"Shasta, CA (CT)",602,42,644,1571,97,1668
6089011002,"Shasta, CA (CT)",139,2174,2313,314,5010,5324
6089011100,"Shasta, CA (CT)",0,1219,1219,0,3096,3096
6089011209,"Shasta, CA (CT)",0,2372,2372,0,6113,6113
6089011300,"Shasta, CA (CT)",0,2094,2094,0,5073,5073
6089011401,"Shasta, CA (CT)",0,1534,1534,0,3971,3971
6089011402,"Shasta, CA (CT)",0,1199,1199,0,3350,3350
6089011403,"Shasta, CA (CT)",92,987,1079,262,2542,2804
6089011500,"Shasta, CA (CT)",736,1553,2289,1853,3632,5485
6089011600,"Shasta, CA (CT)",498,1165,1663,1054,2823,3877
6089011701,"Shasta, CA (CT)",0,863,863,0,2240,2240
6089011702,"Shasta, CA (CT)",0,1397,1397,0,3476,3476
6089011703,"Shasta, CA (CT)",48,1317,1365,130,3152,3282
6089011801,"Shasta, CA (CT)",973,0,973,2464,0,2464
6089011802,"Shasta, CA (CT)",1017,0,1017,2442,0,2442
6089011803,"Shasta, CA (CT)",800,524,1324,1729,1194,2923
6089011900,"Shasta, CA (CT)",1765,0,1765,4511,0,4511
6089012000,"Shasta, CA (CT)",90,1851,1941,187,4461,4648
6089012101,"Shasta, CA (CT)",0,1907,1907,0,4505,4505
6089012102,"Shasta, CA (CT)",419,454,873,907,1009,1916
6089012200,"Shasta, CA (CT)",1045,1152,2197,2481,2898,5379
6089012301,"Shasta, CA (CT)",207,894,1101,464,2114,2578
6089012302,"Shasta, CA (CT)",2117,10,2127,5428,22,5450
6089012303,"Shasta, CA (CT)",913,579,1492,2392,1521,3913
6089012400,"Shasta, CA (CT)",1939,0,1939,4100,0,4100
6089012500,"Shasta, CA (CT)",1155,0,1155,1477,0,1477
6089012601,"Shasta, CA (CT)",2527,0,2527,5195,0,5195
6089012603,"Shasta, CA (CT)",2354,0,2354,4134,0,4134
6089012604,"Shasta, CA (CT)",1013,0,1013,2198,0,2198
6089012701,"Shasta, CA (CT)",756,1455,2211,1221,3171,4392
6089012702,"Shasta, CA (CT)",1772,0,1772,3083,0,3083
6091010000,"Sierra, CA (CT)",2321,7,2328,3231,9,3240
6093000100,"Siskiyou, CA (CT)",651,0,651,1458,0,1458
6093000200,"Siskiyou, CA (CT)",925,0,925,1955,0,1955
6093000300,"Siskiyou, CA (CT)",2111,0,2111,4105,0,4105
6093000400,"Siskiyou, CA (CT)",463,0,463,652,0,652
6093000500,"Siskiyou, CA (CT)",1322,0,1322,2142,0,2142
6093000600,"Siskiyou, CA (CT)",930,0,930,1847,0,1847
6093000701,"Siskiyou, CA (CT)",1609,222,1831,3252,503,3755
6093000702,"Siskiyou, CA (CT)",356,1792,2148,673,3733,4406
6093000703,"Siskiyou, CA (CT)",0,1554,1554,0,3362,3362
6093000800,"Siskiyou, CA (CT)",1827,0,1827,3412,0,3412
6093000900,"Siskiyou, CA (CT)",2435,1188,3623,4425,2806,7231
6093001000,"Siskiyou, CA (CT)",1077,2793,3870,2051,4940,6991
6093001100,"Siskiyou, CA (CT)",1425,0,1425,2175,0,2175
6093001200,"Siskiyou, CA (CT)",1230,0,1230,1409,0,1409
6095250103,"Solano, CA (CT)",0,1668,1668,0,4292,4292
6095250104,"Solano, CA (CT)",0,853,853,0,2280,2280
6095250105,"Solano, CA (CT)",0,2258,2258,0,6678,6678
6095250106,"Solano, CA (CT)",126,1316,1442,368,4044,4412
6095250200,"Solano, CA (CT)",0,1544,1544,0,4000,4000
6095250300,"Solano, CA (CT)",0,1221,1221,0,3206,3206
6095250400,"Solano, CA (CT)",0,1281,1281,0,3087,3087
6095250501,"Solano, CA (CT)",0,805,805,0,2071,2071
6095250502,"Solano, CA (CT)",0,1192,1192,0,3128,3128
6095250601,"Solano, CA (CT)",0,1575,1575,0,4695,4695
6095250604,"Solano, CA (CT)",0,1566,1566,0,3842,3842
6095250605,"Solano, CA (CT)",0,1523,1523,0,4223,4223
6095250701,"Solano, CA (CT)",0,1198,1198,0,2962,2962
6095250801,"Solano, CA (CT)",39,1598,1637,91,3826,3917
6095250900,"Solano, CA (CT)",0,1458,1458,0,2798,2798
6095251000,"Solano, CA (CT)",0,1286,1286,0,2470,2470
6095251100,"Solano, CA (CT)",0,1221,1221,0,3271,3271
6095251200,"Solano, CA (CT)",0,1226,1226,0,3061,3061
6095251300,"Solano, CA (CT)",0,1266,1266,0,2938,2938
6095251400,"Solano, CA (CT)",0,2327,2327,0,5357,5357
6095251500,"Solano, CA (CT)",0,1509,1509,0,3555,3555
6095251600,"Solano, CA (CT)",0,1170,1170,0,2359,2359
6095251701,"Solano, CA (CT)",0,1570,1570,0,3372,3372
6095251702,"Solano, CA (CT)",0,1038,1038,0,2578,2578
6095251802,"Solano, CA (CT)",0,1308,1308,0,2538,2538
6095251803,"Solano, CA (CT)",0,1473,1473,0,4988,4988
6095251804,"Solano, CA (CT)",0,1048,1048,0,3655,3655
6095251901,"Solano, CA (CT)",0,1909,1909,0,5072,5072
6095251902,"Solano, CA (CT)",0,1709,1709,0,5833,5833
6095251903,"Solano, CA (CT)",0,1664,1664,0,5308,5308
6095252000,"Solano, CA (CT)",0,2251,2251,0,4157,4157
6095252102,"Solano, CA (CT)",19,1658,1677,52,3822,3874
6095252103,"Solano, CA (CT)",0,2004,2004,0,5180,5180
6095252104,"Solano, CA (CT)",13,1771,1784,41,5495,5536
6095252105,"Solano, CA (CT)",0,1341,1341,0,3256,3256
6095252106,"Solano, CA (CT)",0,1724,1724,0,4132,4132
6095252107,"Solano, CA (CT)",0,1470,1470,0,3592,3592
6095252108,"Solano, CA (CT)",0,1301,1301,0,3165,3165
6095252201,"Solano, CA (CT)",1005,2250,3255,2247,6514,8761
6095252202,"Solano, CA (CT)",192,2980,3172,573,9252,9825
6095252305,"Solano, CA (CT)",202,1528,1730,477,4234,4711
6095252306,"Solano, CA (CT)",0,1296,1296,0,3303,3303
6095252310,"Solano, CA (CT)",143,1158,1301,360,2796,3156
6095252311,"Solano, CA (CT)",0,1591,1591,0,4557,4557
6095252312,"Solano, CA (CT)",0,1470,1470,0,3368,3368
6095252313,"Solano, CA (CT)",0,2349,2349,0,5065,5065
6095252314,"Solano, CA (CT)",0,1475,1475,0,4113,4113
6095252315,"Solano, CA (CT)",0,1439,1439,0,4393,4393
6095252316,"Solano, CA (CT)",0,1179,1179,0,3427,3427
6095252317,"Solano, CA (CT)",19,2147,2166,50,6773,6823
6095252401,"Solano, CA (CT)",0,1466,1466,0,4559,4559
6095252402,"Solano, CA (CT)",1,1800,1801,2,5236,5238
6095252501,"Solano, CA (CT)",0,977,977,0,2670,2670
6095252502,"Solano, CA (CT)",0,650,650,0,2275,2275
6095252604,"Solano, CA (CT)",0,1274,1274,0,3674,3674
6095252605,"Solano, CA (CT)",0,1978,1978,0,5520,5520
6095252606,"Solano, CA (CT)",0,1822,1822,0,5148,5148
6095252607,"Solano, CA (CT)",0,1215,1215,0,3819,3819
6095252608,"Solano, CA (CT)",0,1332,1332,0,3807,3807
6095252610,"Solano, CA (CT)",0,1078,1078,0,3142,3142
6095252611,"Solano, CA (CT)",0,1193,1193,0,3263,3263
6095252702,"Solano, CA (CT)",56,2403,2459,98,6710,6808
6095252703,"Solano, CA (CT)",0,1277,1277,0,3846,3846
6095252704,"Solano, CA (CT)",0,1776,1776,0,5155,5155
6095252705,"Solano, CA (CT)",0,1897,1897,0,5962,5962
6095252706,"Solano, CA (CT)",0,1243,1243,0,3844,3844
6095252707,"Solano, CA (CT)",0,1766,1766,0,4753,4753
6095252801,"Solano, CA (CT)",0,1045,1045,0,2455,2455
6095252802,"Solano, CA (CT)",0,195,195,0,1359,1359
6095252903,"Solano, CA (CT)",1650,31,1681,4272,96,4368
6095252904,"Solano, CA (CT)",901,1048,1949,2338,2388,4726
6095252908,"Solano, CA (CT)",0,1344,1344,0,3626,3626
6095252909,"Solano, CA (CT)",0,1110,1110,0,3235,3235
6095252910,"Solano, CA (CT)",0,2006,2006,0,5617,5617
6095252911,"Solano, CA (CT)",0,2949,2949,0,4912,4912
6095252912,"Solano, CA (CT)",0,1941,1941,0,5625,5625
6095252913,"Solano, CA (CT)",0,1773,1773,0,4910,4910
6095252914,"Solano, CA (CT)",0,1861,1861,0,5266,5266
6095252915,"Solano, CA (CT)",17,1074,1091,46,3460,3506
6095253000,"Solano, CA (CT)",0,0,0,0,7810,7810
6095253101,"Solano, CA (CT)",0,2106,2106,0,4974,4974
6095253105,"Solano, CA (CT)",0,2566,2566,0,5958,5958
6095253106,"Solano, CA (CT)",0,1334,1334,0,3296,3296
6095253107,"Solano, CA (CT)",0,2443,2443,0,6016,6016
6095253108,"Solano, CA (CT)",70,1517,1587,205,3883,4088
6095253201,"Solano, CA (CT)",0,1877,1877,0,4713,4713
6095253203,"Solano, CA (CT)",0,1627,1627,0,4147,4147
6095253204,"Solano, CA (CT)",0,2445,2445,0,7098,7098
6095253205,"Solano, CA (CT)",0,1061,1061,0,3022,3022
6095253206,"Solano, CA (CT)",0,1030,1030,0,3102,3102
6095253300,"Solano, CA (CT)",1025,1,1026,2743,0,2743
6095253402,"Solano, CA (CT)",32,2361,2393,65,6875,6940
6095253403,"Solano, CA (CT)",0,1645,1645,0,4959,4959
6095253404,"Solano, CA (CT)",0,2203,2203,0,6611,6611
6095253500,"Solano, CA (CT)",531,3752,4283,1326,7097,8423
6095980000,"Solano, CA (CT)",3,0,3,16,0,16
6097150100,"Sonoma, CA (CT)",894,302,1196,1749,573,2322
6097150202,"Sonoma, CA (CT)",532,2241,2773,955,4148,5103
6097150203,"Sonoma, CA (CT)",0,2359,2359,0,4505,4505
6097150204,"Sonoma, CA (CT)",0,1817,1817,0,3678,3678
6097150303,"Sonoma, CA (CT)",1052,1385,2437,1808,2362,4170
6097150304,"Sonoma, CA (CT)",0,2413,2413,0,6158,6158
6097150305,"Sonoma, CA (CT)",0,1763,1763,0,5282,5282
6097150306,"Sonoma, CA (CT)",258,1515,1773,539,3568,4107
6097150500,"Sonoma, CA (CT)",1276,1260,2536,2100,3183,5283
6097150601,"Sonoma, CA (CT)",0,1394,1394,0,4089,4089
6097150602,"Sonoma, CA (CT)",0,1557,1557,0,4307,4307
6097150603,"Sonoma, CA (CT)",0,2739,2739,0,7249,7249
6097150607,"Sonoma, CA (CT)",190,1685,1875,462,4907,5369
6097150609,"Sonoma, CA (CT)",0,1942,1942,0,4465,4465
6097150610,"Sonoma, CA (CT)",0,1402,1402,0,4004,4004
6097150611,"Sonoma, CA (CT)",0,1509,1509,0,4067,4067
6097150612,"Sonoma, CA (CT)",492,1221,1713,1091,3234,4325
6097150701,"Sonoma, CA (CT)",0,2145,2145,0,4609,4609
6097150702,"Sonoma, CA (CT)",151,1670,1821,312,4240,4552
6097150800,"Sonoma, CA (CT)",48,2023,2071,114,4880,4994
6097150901,"Sonoma, CA (CT)",0,2104,2104,0,4904,4904
6097150902,"Sonoma, CA (CT)",0,1457,1457,0,3350,3350
6097151000,"Sonoma, CA (CT)",175,1306,1481,424,3059,3483
6097151100,"Sonoma, CA (CT)",1522,430,1952,4073,1078,5151
6097151201,"Sonoma, CA (CT)",647,2348,2995,1375,5480,6855
6097151203,"Sonoma, CA (CT)",0,2060,2060,0,5130,5130
6097151204,"Sonoma, CA (CT)",0,1546,1546,0,3413,3413
6097151301,"Sonoma, CA (CT)",0,1651,1651,0,4587,4587
6097151305,"Sonoma, CA (CT)",0,2379,2379,0,5405,5405
6097151306,"Sonoma, CA (CT)",0,1642,1642,0,3636,3636
6097151307,"Sonoma, CA (CT)",0,1985,1985,0,5174,5174
6097151308,"Sonoma, CA (CT)",0,2165,2165,0,4796,4796
6097151309,"Sonoma, CA (CT)",400,1587,1987,901,3964,4865
6097151310,"Sonoma, CA (CT)",0,1514,1514,0,6143,6143
6097151311,"Sonoma, CA (CT)",0,2430,2430,0,6382,6382
6097151401,"Sonoma, CA (CT)",79,2258,2337,173,7133,7306
6097151402,"Sonoma, CA (CT)",0,3518,3518,0,9177,9177
6097151502,"Sonoma, CA (CT)",464,2669,3133,1009,5582,6591
6097151503,"Sonoma, CA (CT)",259,1199,1458,566,3006,3572
6097151504,"Sonoma, CA (CT)",0,1403,1403,0,3563,3563
6097151601,"Sonoma, CA (CT)",198,1726,1924,441,2460,2901
6097151602,"Sonoma, CA (CT)",307,1809,2116,522,2802,3324
6097151700,"Sonoma, CA (CT)",0,3095,3095,0,6978,6978
6097151800,"Sonoma, CA (CT)",0,2241,2241,0,5219,5219
6097151900,"Sonoma, CA (CT)",0,1442,1442,0,3158,3158
6097152000,"Sonoma, CA (CT)",0,1052,1052,0,2079,2079
6097152100,"Sonoma, CA (CT)",0,1116,1116,0,3004,3004
6097152201,"Sonoma, CA (CT)",0,1815,1815,0,3846,3846
6097152202,"Sonoma, CA (CT)",0,3052,3052,0,6763,6763
6097152203,"Sonoma, CA (CT)",0,1927,1927,0,3527,3527
6097152300,"Sonoma, CA (CT)",0,1968,1968,0,4329,4329
6097152400,"Sonoma, CA (CT)",198,4254,4452,446,9555,10001
6097152501,"Sonoma, CA (CT)",0,1753,1753,0,4178,4178
6097152502,"Sonoma, CA (CT)",0,1574,1574,0,3603,3603
6097152600,"Sonoma, CA (CT)",1289,2232,3521,2493,5872,8365
6097152701,"Sonoma, CA (CT)",472,1750,2222,1055,4216,5271
6097152702,"Sonoma, CA (CT)",102,1889,1991,285,4957,5242
6097152801,"Sonoma, CA (CT)",0,2017,2017,0,5547,5547
6097152802,"Sonoma, CA (CT)",0,2982,2982,0,6807,6807
6097152903,"Sonoma, CA (CT)",0,1578,1578,0,5114,5114
6097152904,"Sonoma, CA (CT)",0,1972,1972,0,5095,5095
6097152905,"Sonoma, CA (CT)",0,1618,1618,0,4037,4037
6097152906,"Sonoma, CA (CT)",495,1581,2076,1129,4105,5234
6097153001,"Sonoma, CA (CT)",0,2554,2554,0,6594,6594
6097153002,"Sonoma, CA (CT)",0,2109,2109,0,6827,6827
6097153003,"Sonoma, CA (CT)",0,2084,2084,0,5502,5502
6097153005,"Sonoma, CA (CT)",420,2151,2571,963,5706,6669
6097153006,"Sonoma, CA (CT)",0,2919,2919,0,7286,7286
6097153102,"Sonoma, CA (CT)",0,1447,1447,0,5742,5742
6097153103,"Sonoma, CA (CT)",0,1402,1402,0,4716,4716
6097153104,"Sonoma, CA (CT)",0,1232,1232,0,4046,4046
6097153200,"Sonoma, CA (CT)",234,2030,2264,595,6927,7522
6097153300,"Sonoma, CA (CT)",530,3245,3775,1365,9645,11010
6097153401,"Sonoma, CA (CT)",260,2523,2783,640,5491,6131
6097153403,"Sonoma, CA (CT)",220,1519,1739,460,3380,3840
6097153404,"Sonoma, CA (CT)",47,1826,1873,98,3913,4011
6097153501,"Sonoma, CA (CT)",796,1154,1950,1773,2546,4319
6097153502,"Sonoma, CA (CT)",1490,262,1752,3126,558,3684
6097153600,"Sonoma, CA (CT)",1490,1002,2492,3017,2310,5327
6097153703,"Sonoma, CA (CT)",1133,1694,2827,1385,2105,3490
6097153704,"Sonoma, CA (CT)",733,1903,2636,1028,2700,3728
6097153705,"Sonoma, CA (CT)",633,1197,1830,1257,2279,3536
6097153706,"Sonoma, CA (CT)",1643,729,2372,2765,1327,4092
6097153801,"Sonoma, CA (CT)",498,2862,3360,1229,8419,9648
6097153804,"Sonoma, CA (CT)",0,1146,1146,0,3239,3239
6097153806,"Sonoma, CA (CT)",0,1260,1260,0,3288,3288
6097153807,"Sonoma, CA (CT)",271,1143,1414,525,3336,3861
6097153808,"Sonoma, CA (CT)",0,1646,1646,0,4251,4251
6097153809,"Sonoma, CA (CT)",0,1523,1523,0,4336,4336
6097153901,"Sonoma, CA (CT)",713,1751,2464,1508,3913,5421
6097153902,"Sonoma, CA (CT)",0,1664,1664,0,4147,4147
6097153903,"Sonoma, CA (CT)",0,1705,1705,0,3760,3760
6097154000,"Sonoma, CA (CT)",1318,94,1412,2370,227,2597
6097154100,"Sonoma, CA (CT)",1435,293,1728,2969,760,3729
6097154201,"Sonoma, CA (CT)",166,1360,1526,345,3580,3925
6097154202,"Sonoma, CA (CT)",258,2261,2519,469,5525,5994
6097154302,"Sonoma, CA (CT)",2574,0,2574,3747,0,3747
6097154303,"Sonoma, CA (CT)",2144,0,2144,1720,0,1720
6097154304,"Sonoma, CA (CT)",1940,0,1940,2400,0,2400
6097990100,"Sonoma, CA (CT)",0,0,0,0,0,0
6099000101,"Stanislaus, CA (CT)",1901,23,1924,4853,75,4928
6099000102,"Stanislaus, CA (CT)",728,733,1461,1919,1950,3869
6099000201,"Stanislaus, CA (CT)",0,2377,2377,0,5908,5908
6099000202,"Stanislaus, CA (CT)",0,2322,2322,0,6593,6593
6099000203,"Stanislaus, CA (CT)",55,3329,3384,137,8619,8756
6099000301,"Stanislaus, CA (CT)",0,708,708,0,1987,1987
6099000302,"Stanislaus, CA (CT)",0,890,890,0,2641,2641
6099000303,"Stanislaus, CA (CT)",0,1792,1792,0,5883,5883
6099000304,"Stanislaus, CA (CT)",0,1441,1441,0,5003,5003
6099000402,"Stanislaus, CA (CT)",350,2983,3333,999,9096,10095
6099000403,"Stanislaus, CA (CT)",0,1630,1630,0,4317,4317
6099000404,"Stanislaus, CA (CT)",0,2206,2206,0,5564,5564
6099000501,"Stanislaus, CA (CT)",326,2137,2463,877,6288,7165
6099000503,"Stanislaus, CA (CT)",0,1931,1931,0,4930,4930
6099000504,"Stanislaus, CA (CT)",0,3188,3188,0,8692,8692
6099000505,"Stanislaus, CA (CT)",0,1773,1773,0,4895,4895
6099000506,"Stanislaus, CA (CT)",0,1929,1929,0,4295,4295
6099000510,"Stanislaus, CA (CT)",0,2542,2542,0,8480,8480
6099000601,"Stanislaus, CA (CT)",175,1337,1512,509,4138,4647
6099000602,"Stanislaus, CA (CT)",0,916,916,0,2953,2953
6099000801,"Stanislaus, CA (CT)",0,2776,2776,0,6216,6216
6099000803,"Stanislaus, CA (CT)",0,1730,1730,0,4789,4789
6099000805,"Stanislaus, CA (CT)",0,2095,2095,0,6188,6188
6099000806,"Stanislaus, CA (CT)",0,1658,1658,0,4231,4231
6099000807,"Stanislaus, CA (CT)",0,1672,1672,0,3694,3694
6099000905,"Stanislaus, CA (CT)",0,2371,2371,0,6102,6102
6099000906,"Stanislaus, CA (CT)",0,2448,2448,0,5810,5810
6099000907,"Stanislaus, CA (CT)",0,1339,1339,0,3200,3200
6099000908,"Stanislaus, CA (CT)",0,2017,2017,0,5093,5093
6099000909,"Stanislaus, CA (CT)",0,1824,1824,0,4402,4402
6099000910,"Stanislaus, CA (CT)",0,2457,2457,0,6585,6585
6099000911,"Stanislaus, CA (CT)",0,1852,1852,0,4815,4815
6099000912,"Stanislaus, CA (CT)",0,5684,5684,0,17129,17129
6099001001,"Stanislaus, CA (CT)",0,2732,2732,0,6042,6042
6099001002,"Stanislaus, CA (CT)",0,1417,1417,0,3153,3153
6099001100,"Stanislaus, CA (CT)",0,1704,1704,0,3899,3899
6099001200,"Stanislaus, CA (CT)",0,1783,1783,0,3623,3623
6099001300,"Stanislaus, CA (CT)",0,2641,2641,0,5778,5778
6099001400,"Stanislaus, CA (CT)",0,2522,2522,0,6430,6430
6099001500,"Stanislaus, CA (CT)",174,2028,2202,430,6121,6551
6099001601,"Stanislaus, CA (CT)",0,1326,1326,0,4803,4803
6099001603,"Stanislaus, CA (CT)",0,1637,1637,0,5706,5706
6099001604,"Stanislaus, CA (CT)",0,1017,1017,0,3861,3861
6099001700,"Stanislaus, CA (CT)",0,823,823,0,2589,2589
6099001800,"Stanislaus, CA (CT)",0,963,963,0,2196,2196
6099001900,"Stanislaus, CA (CT)",0,2318,2318,0,5257,5257
6099002002,"Stanislaus, CA (CT)",68,1395,1463,182,4345,4527
6099002004,"Stanislaus, CA (CT)",0,2210,2210,0,6022,6022
6099002005,"Stanislaus, CA (CT)",0,1156,1156,0,3631,3631
6099002006,"Stanislaus, CA (CT)",0,1338,1338,0,4458,4458
6099002100,"Stanislaus, CA (CT)",0,1216,1216,0,4165,4165
6099002200,"Stanislaus, CA (CT)",0,1878,1878,0,6223,6223
6099002301,"Stanislaus, CA (CT)",0,2198,2198,0,7841,7841
6099002302,"Stanislaus, CA (CT)",0,1157,1157,0,4010,4010
6099002401,"Stanislaus, CA (CT)",0,899,899,0,3567,3567
6099002402,"Stanislaus, CA (CT)",0,1375,1375,0,5559,5559
6099002501,"Stanislaus, CA (CT)",0,1684,1684,0,7036,7036
6099002503,"Stanislaus, CA (CT)",0,1346,1346,0,4368,4368
6099002504,"Stanislaus, CA (CT)",0,1262,1262,0,4422,4422
6099002602,"Stanislaus, CA (CT)",0,1613,1613,0,4561,4561
6099002603,"Stanislaus, CA (CT)",0,1011,1011,0,2906,2906
6099002604,"Stanislaus, CA (CT)",0,1447,1447,0,4681,4681
6099002605,"Stanislaus, CA (CT)",0,1262,1262,0,3855,3855
6099002701,"Stanislaus, CA (CT)",0,1246,1246,0,3811,3811
6099002702,"Stanislaus, CA (CT)",0,2019,2019,0,6940,6940
6099002801,"Stanislaus, CA (CT)",363,1463,1826,965,4659,5624
6099002802,"Stanislaus, CA (CT)",967,1237,2204,2418,3892,6310
6099002803,"Stanislaus, CA (CT)",0,1241,1241,0,2866,2866
6099002901,"Stanislaus, CA (CT)",1472,243,1715,4000,764,4764
6099002902,"Stanislaus, CA (CT)",349,2224,2573,983,6626,7609
6099003001,"Stanislaus, CA (CT)",304,2402,2706,802,8595,9397
6099003002,"Stanislaus, CA (CT)",372,1748,2120,1089,5729,6818
6099003100,"Stanislaus, CA (CT)",1018,288,1306,2979,1021,4000
6099003201,"Stanislaus, CA (CT)",0,1559,1559,0,5055,5055
6099003202,"Stanislaus, CA (CT)",130,4854,4984,375,15632,16007
6099003300,"Stanislaus, CA (CT)",1803,5,1808,4983,94,5077
6099003400,"Stanislaus, CA (CT)",646,0,646,1601,0,1601
6099003500,"Stanislaus, CA (CT)",171,3356,3527,497,10223,10720
6099003603,"Stanislaus, CA (CT)",1403,22,1425,3889,63,3952
6099003604,"Stanislaus, CA (CT)",603,2192,2795,1681,6411,8092
6099003605,"Stanislaus, CA (CT)",0,2840,2840,0,8007,8007
6099003606,"Stanislaus, CA (CT)",0,3544,3544,0,10838,10838
6099003700,"Stanislaus, CA (CT)",589,795,1384,1771,3025,4796
6099003802,"Stanislaus, CA (CT)",0,1663,1663,0,5860,5860
6099003803,"Stanislaus, CA (CT)",0,830,830,0,3004,3004
6099003804,"Stanislaus, CA (CT)",0,2317,2317,0,6450,6450
6099003805,"Stanislaus, CA (CT)",0,1019,1019,0,2667,2667
6099003904,"Stanislaus, CA (CT)",0,1825,1825,0,4374,4374
6099003905,"Stanislaus, CA (CT)",0,1511,1511,0,3871,3871
6099003906,"Stanislaus, CA (CT)",0,2013,2013,0,4880,4880
6099003907,"Stanislaus, CA (CT)",0,2946,2946,0,7460,7460
6099003908,"Stanislaus, CA (CT)",0,961,961,0,2226,2226
6099003909,"Stanislaus, CA (CT)",0,2352,2352,0,5980,5980
6099004000,"Stanislaus, CA (CT)",1134,219,1353,3118,704,3822
6101050101,"Sutter, CA (CT)",0,2487,2487,0,6438,6438
6101050102,"Sutter, CA (CT)",0,1974,1974,0,4559,4559
6101050201,"Sutter, CA (CT)",0,1265,1265,0,3249,3249
6101050202,"Sutter, CA (CT)",0,1578,1578,0,4037,4037
6101050301,"Sutter, CA (CT)",0,1018,1018,0,2403,2403
6101050302,"Sutter, CA (CT)",0,2004,2004,0,6071,6071
6101050401,"Sutter, CA (CT)",0,1660,1660,0,4783,4783
6101050402,"Sutter, CA (CT)",139,1224,1363,433,3537,3970
6101050403,"Sutter, CA (CT)",0,1076,1076,0,3585,3585
6101050501,"Sutter, CA (CT)",30,1986,2016,77,6105,6182
6101050503,"Sutter, CA (CT)",0,2190,2190,0,6966,6966
6101050504,"Sutter, CA (CT)",319,1897,2216,913,6250,7163
6101050601,"Sutter, CA (CT)",154,2016,2170,453,5576,6029
6101050603,"Sutter, CA (CT)",39,1911,1950,94,4434,4528
6101050604,"Sutter, CA (CT)",0,1652,1652,0,4178,4178
6101050701,"Sutter, CA (CT)",257,1181,1438,701,3657,4358
6101050702,"Sutter, CA (CT)",510,1372,1882,1315,4890,6205
6101050800,"Sutter, CA (CT)",1332,0,1332,3460,0,3460
6101050900,"Sutter, CA (CT)",630,0,630,1561,0,1561
6101051000,"Sutter, CA (CT)",889,0,889,2461,0,2461
6101051100,"Sutter, CA (CT)",1068,0,1068,2551,0,2551
6103000100,"Tehama, CA (CT)",2441,147,2588,4373,326,4699
6103000200,"Tehama, CA (CT)",3257,0,3257,7705,0,7705
6103000300,"Tehama, CA (CT)",2174,0,2174,4515,0,4515
6103000400,"Tehama, CA (CT)",2129,220,2349,4939,569,5508
6103000500,"Tehama, CA (CT)",138,2195,2333,326,5181,5507
6103000600,"Tehama, CA (CT)",253,2145,2398,605,4608,5213
6103000700,"Tehama, CA (CT)",67,3044,3111,163,7665,7828
6103000800,"Tehama, CA (CT)",989,632,1621,2532,1580,4112
6103000900,"Tehama, CA (CT)",552,1067,1619,1373,2305,3678
6103001000,"Tehama, CA (CT)",1515,1136,2651,3877,3298,7175
6103001100,"Tehama, CA (CT)",872,2014,2886,2268,5255,7523
6105000101,"Trinity, CA (CT)",1888,0,1888,2867,0,2867
6105000102,"Trinity, CA (CT)",2471,0,2471,4558,0,4558
6105000200,"Trinity, CA (CT)",1420,0,1420,2281,0,2281
6105000300,"Trinity, CA (CT)",1963,0,1963,3105,0,3105
6105000400,"Trinity, CA (CT)",939,0,939,975,0,975
6107000100,"Tulare, CA (CT)",2817,132,2949,4667,475,5142
6107000201,"Tulare, CA (CT)",99,2118,2217,359,9047,9406
6107000202,"Tulare, CA (CT)",572,171,743,1889,774,2663
6107000301,"Tulare, CA (CT)",1753,400,2153,5430,1287,6717
6107000302,"Tulare, CA (CT)",836,0,836,3427,0,3427
6107000401,"Tulare, CA (CT)",156,1224,1380,531,4662,5193
6107000402,"Tulare, CA (CT)",0,2178,2178,0,7002,7002
6107000501,"Tulare, CA (CT)",0,1742,1742,0,6712,6712
6107000502,"Tulare, CA (CT)",184,662,846,546,2859,3405
6107000600,"Tulare, CA (CT)",438,1070,1508,1512,4688,6200
6107000701,"Tulare, CA (CT)",385,435,820,1036,1599,2635
6107000702,"Tulare, CA (CT)",0,1553,1553,0,5391,5391
6107000800,"Tulare, CA (CT)",1007,1214,2221,2960,4456,7416
6107000900,"Tulare, CA (CT)",517,1491,2008,2851,5320,8171
6107001003,"Tulare, CA (CT)",88,6154,6242,228,19504,19732
6107001004,"Tulare, CA (CT)",0,1983,1983,0,8235,8235
6107001005,"Tulare, CA (CT)",0,1087,1087,0,2733,2733
6107001006,"Tulare, CA (CT)",0,2417,2417,0,5765,5765
6107001100,"Tulare, CA (CT)",0,2027,2027,0,6983,6983
6107001200,"Tulare, CA (CT)",0,632,632,0,1337,1337
6107001301,"Tulare, CA (CT)",498,2140,2638,1366,6647,8013
6107001302,"Tulare, CA (CT)",69,2641,2710,156,7881,8037
6107001400,"Tulare, CA (CT)",1238,680,1918,3265,2316,5581
6107001501,"Tulare, CA (CT)",53,1879,1932,138,5120,5258
6107001502,"Tulare, CA (CT)",89,1877,1966,239,5679,5918
6107001601,"Tulare, CA (CT)",0,1376,1376,0,5587,5587
6107001602,"Tulare, CA (CT)",402,1247,1649,1157,4588,5745
6107001701,"Tulare, CA (CT)",0,2378,2378,0,6117,6117
6107001703,"Tulare, CA (CT)",0,2594,2594,0,7149,7149
6107001704,"Tulare, CA (CT)",75,2424,2499,185,6315,6500
6107001800,"Tulare, CA (CT)",0,1940,1940,0,4689,4689
6107001901,"Tulare, CA (CT)",0,1281,1281,0,3390,3390
6107001902,"Tulare, CA (CT)",0,1508,1508,0,4016,4016
6107002002,"Tulare, CA (CT)",0,1791,1791,0,4830,4830
6107002003,"Tulare, CA (CT)",0,2214,2214,0,5663,5663
6107002004,"Tulare, CA (CT)",0,1988,1988,0,4910,4910
6107002006,"Tulare, CA (CT)",88,1519,1607,218,4160,4378
6107002007,"Tulare, CA (CT)",183,2862,3045,483,7702,8185
6107002008,"Tulare, CA (CT)",0,1167,1167,0,2769,2769
6107002009,"Tulare, CA (CT)",0,1727,1727,0,4376,4376
6107002100,"Tulare, CA (CT)",625,131,756,2055,444,2499
6107002202,"Tulare, CA (CT)",0,1652,1652,0,5542,5542
6107002203,"Tulare, CA (CT)",0,1158,1158,0,4363,4363
6107002204,"Tulare, CA (CT)",0,1787,1787,0,6126,6126
6107002302,"Tulare, CA (CT)",0,1653,1653,0,4570,4570
6107002303,"Tulare, CA (CT)",0,2529,2529,0,6447,6447
6107002304,"Tulare, CA (CT)",0,778,778,0,1740,1740
6107002400,"Tulare, CA (CT)",1029,2691,3720,3014,8456,11470
6107002500,"Tulare, CA (CT)",781,364,1145,2342,1436,3778
6107002601,"Tulare, CA (CT)",0,1131,1131,0,4218,4218
6107002602,"Tulare, CA (CT)",0,1438,1438,0,5561,5561
6107002700,"Tulare, CA (CT)",4049,0,4049,5615,0,5615
6107002800,"Tulare, CA (CT)",0,1012,1012,0,3395,3395
6107002901,"Tulare, CA (CT)",0,1179,1179,0,3729,3729
6107002903,"Tulare, CA (CT)",0,1646,1646,0,5097,5097
6107002904,"Tulare, CA (CT)",0,1557,1557,0,5002,5002
6107003001,"Tulare, CA (CT)",0,1217,1217,0,4652,4652
6107003002,"Tulare, CA (CT)",0,965,965,0,3519,3519
6107003100,"Tulare, CA (CT)",628,469,1097,2061,1530,3591
6107003200,"Tulare, CA (CT)",876,819,1695,3146,3300,6446
6107003300,"Tulare, CA (CT)",1306,971,2277,4308,3529,7837
6107003400,"Tulare, CA (CT)",849,1393,2242,2405,4611,7016
6107003501,"Tulare, CA (CT)",124,881,1005,343,2518,2861
6107003502,"Tulare, CA (CT)",56,3084,3140,158,10638,10796
6107003601,"Tulare, CA (CT)",0,2203,2203,0,7090,7090
6107003602,"Tulare, CA (CT)",0,2339,2339,0,7114,7114
6107003700,"Tulare, CA (CT)",0,1982,1982,0,5931,5931
6107003801,"Tulare, CA (CT)",0,1087,1087,0,3077,3077
6107003802,"Tulare, CA (CT)",0,1478,1478,0,4123,4123
6107003901,"Tulare, CA (CT)",0,1946,1946,0,7184,7184
6107003902,"Tulare, CA (CT)",546,1191,1737,1247,4600,5847
6107004000,"Tulare, CA (CT)",0,3,3,0,560,560
6107004101,"Tulare, CA (CT)",0,2584,2584,0,9670,9670
6107004102,"Tulare, CA (CT)",0,619,619,0,2028,2028
6107004200,"Tulare, CA (CT)",597,1225,1822,1964,4565,6529
6107004300,"Tulare, CA (CT)",1007,882,1889,3534,4148,7682
6107004400,"Tulare, CA (CT)",33,1777,1810,105,7365,7470
6107004500,"Tulare, CA (CT)",1134,765,1899,3509,3119,6628
6109001100,"Tuolumne, CA (CT)",0,1743,1743,0,3883,3883
6109001200,"Tuolumne, CA (CT)",210,1764,1974,433,3245,3678
6109002100,"Tuolumne, CA (CT)",2014,476,2490,3453,986,4439
6109002200,"Tuolumne, CA (CT)",930,2921,3851,1824,6308,8132
6109003100,"Tuolumne, CA (CT)",3443,3778,7221,2330,4103,6433
6109003200,"Tuolumne, CA (CT)",2015,555,2570,4446,1319,5765
6109004100,"Tuolumne, CA (CT)",841,1778,2619,1877,3481,5358
6109004200,"Tuolumne, CA (CT)",3812,0,3812,3954,0,3954
6109005100,"Tuolumne, CA (CT)",1645,2333,3978,3425,4930,8355
6109005201,"Tuolumne, CA (CT)",986,0,986,1778,0,1778
6109985202,"Tuolumne, CA (CT)",0,0,0,3590,0,3590
6111000100,"Ventura, CA (CT)",623,0,623,819,0,819
6111000200,"Ventura, CA (CT)",762,0,762,2822,0,2822
6111000302,"Ventura, CA (CT)",104,2256,2360,292,6494,6786
6111000303,"Ventura, CA (CT)",181,1226,1407,536,4567,5103
6111000304,"Ventura, CA (CT)",290,947,1237,757,4020,4777
6111000400,"Ventura, CA (CT)",114,1687,1801,653,6105,6758
6111000500,"Ventura, CA (CT)",144,498,642,401,1466,1867
6111000600,"Ventura, CA (CT)",0,1851,1851,0,6141,6141
6111000701,"Ventura, CA (CT)",0,1749,1749,0,6441,6441
6111000702,"Ventura, CA (CT)",0,895,895,0,3065,3065
6111000800,"Ventura, CA (CT)",434,2202,2636,1258,6530,7788
6111000901,"Ventura, CA (CT)",102,1161,1263,207,2334,2541
6111000902,"Ventura, CA (CT)",607,367,974,1242,784,2026
6111000903,"Ventura, CA (CT)",820,1617,2437,1924,3941,5865
6111001001,"Ventura, CA (CT)",467,624,1091,1083,1405,2488
6111001002,"Ventura, CA (CT)",34,2834,2868,38,6796,6834
6111001101,"Ventura, CA (CT)",0,1787,1787,0,4491,4491
6111001102,"Ventura, CA (CT)",125,1316,1441,279,3260,3539
6111001201,"Ventura, CA (CT)",0,1788,1788,0,4235,4235
6111001202,"Ventura, CA (CT)",0,2450,2450,0,7191,7191
6111001204,"Ventura, CA (CT)",603,230,833,1844,629,2473
6111001206,"Ventura, CA (CT)",547,83,630,792,149,941
6111001301,"Ventura, CA (CT)",0,2700,2700,0,7724,7724
6111001302,"Ventura, CA (CT)",0,744,744,0,1778,1778
6111001401,"Ventura, CA (CT)",0,1424,1424,0,3950,3950
6111001402,"Ventura, CA (CT)",0,2215,2215,0,5677,5677
6111001502,"Ventura, CA (CT)",0,3810,3810,0,8668,8668
6111001503,"Ventura, CA (CT)",0,1949,1949,0,5898,5898
6111001506,"Ventura, CA (CT)",0,1775,1775,0,5027,5027
6111001507,"Ventura, CA (CT)",0,1476,1476,0,4330,4330
6111001601,"Ventura, CA (CT)",0,533,533,0,1099,1099
6111001602,"Ventura, CA (CT)",0,953,953,0,2388,2388
6111001700,"Ventura, CA (CT)",0,1376,1376,0,3531,3531
6111001800,"Ventura, CA (CT)",0,1697,1697,0,4302,4302
6111001900,"Ventura, CA (CT)",2,1726,1728,8,3814,3822
6111002000,"Ventura, CA (CT)",0,1191,1191,0,2577,2577
6111002102,"Ventura, CA (CT)",0,1154,1154,0,1832,1832
6111002200,"Ventura, CA (CT)",0,2199,2199,0,6288,6288
6111002300,"Ventura, CA (CT)",0,2189,2189,0,7430,7430
6111002400,"Ventura, CA (CT)",0,1527,1527,0,2571,2571
6111002500,"Ventura, CA (CT)",0,2709,2709,0,4795,4795
6111002600,"Ventura, CA (CT)",0,1463,1463,0,3211,3211
6111002700,"Ventura, CA (CT)",0,1836,1836,0,3881,3881
6111002800,"Ventura, CA (CT)",0,2575,2575,0,6270,6270
6111002901,"Ventura, CA (CT)",0,1756,1756,0,5455,5455
6111002905,"Ventura, CA (CT)",21,1664,1685,47,5431,5478
6111003010,"Ventura, CA (CT)",0,990,990,0,2885,2885
6111003011,"Ventura, CA (CT)",0,1561,1561,0,5397,5397
6111003012,"Ventura, CA (CT)",0,107,107,0,321,321
6111003013,"Ventura, CA (CT)",0,1598,1598,0,4657,4657
6111003100,"Ventura, CA (CT)",0,3469,3469,0,14589,14589
6111003201,"Ventura, CA (CT)",0,811,811,0,4577,4577
6111003300,"Ventura, CA (CT)",0,2379,2379,0,8187,8187
6111003605,"Ventura, CA (CT)",0,2889,2889,0,8606,8606
6111003608,"Ventura, CA (CT)",0,1013,1013,0,3838,3838
6111003609,"Ventura, CA (CT)",0,3952,3952,0,5966,5966
6111003612,"Ventura, CA (CT)",0,2782,2782,0,4355,4355
6111003700,"Ventura, CA (CT)",0,1301,1301,0,6679,6679
6111003801,"Ventura, CA (CT)",0,1205,1205,0,5778,5778
6111003802,"Ventura, CA (CT)",0,575,575,0,2888,2888
6111003900,"Ventura, CA (CT)",0,1633,1633,0,7533,7533
6111004000,"Ventura, CA (CT)",0,1426,1426,0,6586,6586
6111004101,"Ventura, CA (CT)",0,1405,1405,0,6814,6814
6111004200,"Ventura, CA (CT)",0,1314,1314,0,5324,5324
6111004304,"Ventura, CA (CT)",0,2867,2867,0,6760,6760
6111004305,"Ventura, CA (CT)",0,792,792,0,2388,2388
6111004400,"Ventura, CA (CT)",0,3158,3158,0,7251,7251
6111004503,"Ventura, CA (CT)",0,1062,1062,0,4387,4387
6111004504,"Ventura, CA (CT)",0,1196,1196,0,5389,5389
6111004505,"Ventura, CA (CT)",0,487,487,0,2150,2150
6111004506,"Ventura, CA (CT)",0,1482,1482,0,7858,7858
6111004600,"Ventura, CA (CT)",4,635,639,7,2119,2126
6111004704,"Ventura, CA (CT)",44,368,412,129,1340,1469
6111004710,"Ventura, CA (CT)",0,1335,1335,0,5089,5089
6111004711,"Ventura, CA (CT)",0,798,798,0,3432,3432
6111004715,"Ventura, CA (CT)",38,1201,1239,127,4893,5020
6111004716,"Ventura, CA (CT)",0,917,917,0,4476,4476
6111004717,"Ventura, CA (CT)",0,739,739,0,4120,4120
6111004901,"Ventura, CA (CT)",0,1747,1747,0,6249,6249
6111004902,"Ventura, CA (CT)",2,1046,1048,3,5088,5091
6111005002,"Ventura, CA (CT)",11,710,721,30,2973,3003
6111005003,"Ventura, CA (CT)",0,1949,1949,0,8366,8366
6111005004,"Ventura, CA (CT)",0,1877,1877,0,5419,5419
6111005100,"Ventura, CA (CT)",750,407,1157,2516,1252,3768
6111005202,"Ventura, CA (CT)",71,1081,1152,216,2478,2694
6111005203,"Ventura, CA (CT)",0,2010,2010,0,5226,5226
6111005204,"Ventura, CA (CT)",0,1274,1274,0,3367,3367
6111005205,"Ventura, CA (CT)",23,2347,2370,59,5708,5767
6111005303,"Ventura, CA (CT)",0,3373,3373,0,9416,9416
6111005304,"Ventura, CA (CT)",0,3078,3078,0,5325,5325
6111005305,"Ventura, CA (CT)",217,1716,1933,629,5148,5777
6111005306,"Ventura, CA (CT)",0,1736,1736,0,4867,4867
6111005401,"Ventura, CA (CT)",0,1358,1358,0,4073,4073
6111005403,"Ventura, CA (CT)",0,1010,1010,0,2694,2694
6111005404,"Ventura, CA (CT)",0,1242,1242,0,3870,3870
6111005502,"Ventura, CA (CT)",0,2251,2251,0,5127,5127
6111005503,"Ventura, CA (CT)",0,1424,1424,0,3336,3336
6111005504,"Ventura, CA (CT)",0,1580,1580,0,4320,4320
6111005600,"Ventura, CA (CT)",283,3595,3878,723,9253,9976
6111005700,"Ventura, CA (CT)",0,642,642,0,2068,2068
6111005801,"Ventura, CA (CT)",0,1690,1690,0,5149,5149
6111005802,"Ventura, CA (CT)",0,3102,3102,0,9090,9090
6111005901,"Ventura, CA (CT)",0,2293,2293,0,6716,6716
6111005906,"Ventura, CA (CT)",55,2546,2601,136,6559,6695
6111005907,"Ventura, CA (CT)",0,1933,1933,0,3635,3635
6111005908,"Ventura, CA (CT)",0,962,962,0,2711,2711
6111005909,"Ventura, CA (CT)",0,1488,1488,0,3395,3395
6111005910,"Ventura, CA (CT)",0,617,617,0,1775,1775
6111005911,"Ventura, CA (CT)",0,1604,1604,0,3854,3854
6111006000,"Ventura, CA (CT)",0,1534,1534,0,4845,4845
6111006100,"Ventura, CA (CT)",25,2816,2841,50,8328,8378
6111006200,"Ventura, CA (CT)",0,1084,1084,0,3003,3003
6111006301,"Ventura, CA (CT)",207,2526,2733,551,6022,6573
6111006302,"Ventura, CA (CT)",0,821,821,0,3597,3597
6111006400,"Ventura, CA (CT)",32,2491,2523,112,7014,7126
6111006500,"Ventura, CA (CT)",0,1090,1090,0,3744,3744
6111006600,"Ventura, CA (CT)",0,1357,1357,0,4019,4019
6111006700,"Ventura, CA (CT)",0,1174,1174,0,3117,3117
6111006800,"Ventura, CA (CT)",0,1298,1298,0,3908,3908
6111006900,"Ventura, CA (CT)",0,1788,1788,0,3520,3520
6111007000,"Ventura, CA (CT)",0,1679,1679,0,3907,3907
6111007100,"Ventura, CA (CT)",0,2869,2869,0,6335,6335
6111007201,"Ventura, CA (CT)",0,1212,1212,0,3429,3429
6111007202,"Ventura, CA (CT)",0,1673,1673,0,4313,4313
6111007300,"Ventura, CA (CT)",576,314,890,1108,822,1930
6111007402,"Ventura, CA (CT)",0,2679,2679,0,6305,6305
6111007403,"Ventura, CA (CT)",0,2171,2171,0,5585,5585
6111007405,"Ventura, CA (CT)",133,2289,2422,401,5903,6304
6111007406,"Ventura, CA (CT)",0,855,855,0,2377,2377
6111007505,"Ventura, CA (CT)",0,1085,1085,0,3324,3324
6111007506,"Ventura, CA (CT)",246,2210,2456,683,6831,7514
6111007507,"Ventura, CA (CT)",3,2354,2357,10,6948,6958
6111007508,"Ventura, CA (CT)",0,1487,1487,0,3722,3722
6111007509,"Ventura, CA (CT)",0,1571,1571,0,4161,4161
6111007510,"Ventura, CA (CT)",21,2107,2128,64,6501,6565
6111007511,"Ventura, CA (CT)",132,698,830,287,1935,2222
6111007512,"Ventura, CA (CT)",139,1665,1804,286,5069,5355
6111007513,"Ventura, CA (CT)",0,535,535,0,1681,1681
6111007514,"Ventura, CA (CT)",0,3040,3040,0,6528,6528
6111007606,"Ventura, CA (CT)",349,102,451,1187,368,1555
6111007607,"Ventura, CA (CT)",17,2044,2061,59,6093,6152
6111007609,"Ventura, CA (CT)",0,800,800,0,2590,2590
6111007610,"Ventura, CA (CT)",0,1683,1683,0,5118,5118
6111007611,"Ventura, CA (CT)",0,923,923,0,4375,4375
6111007612,"Ventura, CA (CT)",0,1707,1707,0,4762,4762
6111007613,"Ventura, CA (CT)",70,1117,1187,197,3699,3896
6111007614,"Ventura, CA (CT)",174,2249,2423,523,6953,7476
6111007700,"Ventura, CA (CT)",1,2045,2046,0,5988,5988
6111007800,"Ventura, CA (CT)",0,1469,1469,0,4119,4119
6111007901,"Ventura, CA (CT)",0,1697,1697,0,5401,5401
6111007903,"Ventura, CA (CT)",0,1539,1539,0,4855,4855
6111007904,"Ventura, CA (CT)",0,1726,1726,0,5831,5831
6111008001,"Ventura, CA (CT)",0,964,964,0,3331,3331
6111008002,"Ventura, CA (CT)",0,1540,1540,0,4827,4827
6111008004,"Ventura, CA (CT)",0,1490,1490,0,5156,5156
6111008005,"Ventura, CA (CT)",0,773,773,0,2788,2788
6111008101,"Ventura, CA (CT)",0,1110,1110,0,3433,3433
6111008201,"Ventura, CA (CT)",0,1463,1463,0,4315,4315
6111008202,"Ventura, CA (CT)",0,1456,1456,0,4353,4353
6111008302,"Ventura, CA (CT)",0,1994,1994,0,5380,5380
6111008303,"Ventura, CA (CT)",0,1460,1460,0,3767,3767
6111008304,"Ventura, CA (CT)",0,2108,2108,0,5484,5484
6111008305,"Ventura, CA (CT)",1,1223,1224,1,3818,3819
6111008306,"Ventura, CA (CT)",0,1530,1530,0,3714,3714
6111008401,"Ventura, CA (CT)",0,1899,1899,0,5308,5308
6111008402,"Ventura, CA (CT)",49,1601,1650,116,4994,5110
6111008500,"Ventura, CA (CT)",129,2920,3049,457,7963,8420
6111008600,"Ventura, CA (CT)",0,2228,2228,0,7982,7982
6111008700,"Ventura, CA (CT)",0,1913,1913,0,6424,6424
6111008800,"Ventura, CA (CT)",0,1401,1401,0,5632,5632
6111008900,"Ventura, CA (CT)",0,734,734,0,3590,3590
6111009100,"Ventura, CA (CT)",0,1188,1188,0,5279,5279
6111980000,"Ventura, CA (CT)",1,0,1,56,0,56
6111990100,"Ventura, CA (CT)",0,0,0,0,0,0
6113010101,"Yolo, CA (CT)",0,2736,2736,0,6645,6645
6113010102,"Yolo, CA (CT)",66,2515,2581,263,7439,7702
6113010201,"Yolo, CA (CT)",0,1210,1210,0,2538,2538
6113010203,"Yolo, CA (CT)",0,2142,2142,0,5397,5397
6113010204,"Yolo, CA (CT)",0,2197,2197,0,4922,4922
6113010302,"Yolo, CA (CT)",0,2733,2733,0,7270,7270
6113010310,"Yolo, CA (CT)",0,1853,1853,0,5485,5485
6113010312,"Yolo, CA (CT)",0,1942,1942,0,5130,5130
6113010401,"Yolo, CA (CT)",758,1143,1901,1706,2826,4532
6113010402,"Yolo, CA (CT)",172,1186,1358,393,3439,3832
6113010501,"Yolo, CA (CT)",18,1166,1184,52,5870,5922
6113010505,"Yolo, CA (CT)",414,1409,1823,1057,3750,4807
6113010508,"Yolo, CA (CT)",0,1073,1073,0,2453,2453
6113010509,"Yolo, CA (CT)",0,1406,1406,0,3471,3471
6113010510,"Yolo, CA (CT)",0,2123,2123,0,5267,5267
6113010511,"Yolo, CA (CT)",0,1297,1297,0,3135,3135
6113010512,"Yolo, CA (CT)",0,1204,1204,0,3406,3406
6113010513,"Yolo, CA (CT)",0,1212,1212,0,2817,2817
6113010602,"Yolo, CA (CT)",0,2599,2599,0,5615,5615
6113010605,"Yolo, CA (CT)",0,1231,1231,0,3559,3559
6113010606,"Yolo, CA (CT)",0,3023,3023,0,7902,7902
6113010607,"Yolo, CA (CT)",0,1680,1680,0,4095,4095
6113010608,"Yolo, CA (CT)",0,2018,2018,0,5882,5882
6113010701,"Yolo, CA (CT)",0,2256,2256,0,4625,4625
6113010703,"Yolo, CA (CT)",0,1822,1822,0,5854,5854
6113010704,"Yolo, CA (CT)",0,951,951,0,2267,2267
6113010800,"Yolo, CA (CT)",0,1396,1396,0,3881,3881
6113010901,"Yolo, CA (CT)",0,1827,1827,0,5311,5311
6113010902,"Yolo, CA (CT)",0,2442,2442,0,6189,6189
6113011001,"Yolo, CA (CT)",0,2636,2636,0,6464,6464
6113011002,"Yolo, CA (CT)",0,1402,1402,0,3093,3093
6113011101,"Yolo, CA (CT)",0,1128,1128,0,3070,3070
6113011102,"Yolo, CA (CT)",0,1522,1522,0,4884,4884
6113011103,"Yolo, CA (CT)",0,1041,1041,0,3118,3118
6113011203,"Yolo, CA (CT)",0,1038,1038,0,2561,2561
6113011204,"Yolo, CA (CT)",0,1665,1665,0,4672,4672
6113011205,"Yolo, CA (CT)",0,2504,2504,0,8123,8123
6113011206,"Yolo, CA (CT)",1215,1216,2431,3182,4147,7329
6113011300,"Yolo, CA (CT)",423,2414,2837,1024,7082,8106
6113011400,"Yolo, CA (CT)",1633,0,1633,4193,0,4193
6113011500,"Yolo, CA (CT)",934,1063,1997,2048,3277,5325
6115040100,"Yuba, CA (CT)",13,2125,2138,26,4589,4615
6115040200,"Yuba, CA (CT)",0,3178,3178,0,7767,7767
6115040301,"Yuba, CA (CT)",0,1229,1229,0,3366,3366
6115040302,"Yuba, CA (CT)",0,741,741,0,2143,2143
6115040303,"Yuba, CA (CT)",0,2201,2201,0,6555,6555
6115040400,"Yuba, CA (CT)",151,1707,1858,440,5098,5538
6115040500,"Yuba, CA (CT)",0,1314,1314,0,4111,4111
6115040600,"Yuba, CA (CT)",0,2015,2015,0,6130,6130
6115040700,"Yuba, CA (CT)",518,3142,3660,1429,9450,10879
6115040800,"Yuba, CA (CT)",312,1324,1636,799,3434,4233
6115040901,"Yuba, CA (CT)",894,184,1078,2192,591,2783
6115040902,"Yuba, CA (CT)",846,0,846,1737,0,1737
6115041000,"Yuba, CA (CT)",3116,0,3116,7357,0,7357
6115041100,"Yuba, CA (CT)",2625,0,2625,4941,0,4941
8001007801,"Adams, CO (CT)",0,1372,1372,0,3732,3732
8001007802,"Adams, CO (CT)",0,1516,1516,0,3758,3758
8001007900,"Adams, CO (CT)",0,1995,1995,0,5555,5555
8001008000,"Adams, CO (CT)",0,1899,1899,0,5742,5742
8001008100,"Adams, CO (CT)",0,361,361,0,854,854
8001008200,"Adams, CO (CT)",0,1581,1581,0,5484,5484
8001008308,"Adams, CO (CT)",0,1973,1973,0,5557,5557
8001008309,"Adams, CO (CT)",0,1149,1149,0,3254,3254
8001008353,"Adams, CO (CT)",53,2256,2309,155,5889,6044
8001008401,"Adams, CO (CT)",1680,0,1680,4315,0,4315
8001008402,"Adams, CO (CT)",1682,0,1682,4352,0,4352
8001008505,"Adams, CO (CT)",0,2457,2457,0,6655,6655
8001008506,"Adams, CO (CT)",0,2720,2720,0,5383,5383
8001008507,"Adams, CO (CT)",0,2117,2117,0,6099,6099
8001008508,"Adams, CO (CT)",0,1951,1951,0,5342,5342
8001008523,"Adams, CO (CT)",1619,1106,2725,4360,3226,7586
8001008524,"Adams, CO (CT)",0,2533,2533,0,7814,7814
8001008526,"Adams, CO (CT)",0,2480,2480,0,6742,6742
8001008529,"Adams, CO (CT)",0,3447,3447,0,7446,7446
8001008533,"Adams, CO (CT)",0,3127,3127,0,7650,7650
8001008534,"Adams, CO (CT)",0,1428,1428,0,4283,4283
8001008535,"Adams, CO (CT)",0,1182,1182,0,3298,3298
8001008536,"Adams, CO (CT)",257,646,903,660,1783,2443
8001008537,"Adams, CO (CT)",0,1956,1956,0,6047,6047
8001008538,"Adams, CO (CT)",91,1778,1869,226,5079,5305
8001008539,"Adams, CO (CT)",44,2774,2818,101,8336,8437
8001008540,"Adams, CO (CT)",58,2123,2181,146,6262,6408
8001008541,"Adams, CO (CT)",192,1364,1556,475,3802,4277
8001008542,"Adams, CO (CT)",63,2274,2337,232,6804,7036
8001008543,"Adams, CO (CT)",0,2475,2475,0,6935,6935
8001008544,"Adams, CO (CT)",0,1369,1369,0,4181,4181
8001008545,"Adams, CO (CT)",0,2227,2227,0,6769,6769
8001008546,"Adams, CO (CT)",0,1076,1076,0,2912,2912
8001008547,"Adams, CO (CT)",0,1198,1198,0,3525,3525
8001008548,"Adams, CO (CT)",0,556,556,0,1499,1499
8001008549,"Adams, CO (CT)",0,1323,1323,0,3906,3906
8001008550,"Adams, CO (CT)",0,2753,2753,0,7987,7987
8001008551,"Adams, CO (CT)",34,177,211,96,475,571
8001008603,"Adams, CO (CT)",0,799,799,0,2055,2055
8001008604,"Adams, CO (CT)",0,1206,1206,0,4923,4923
8001008605,"Adams, CO (CT)",0,1387,1387,0,3679,3679
8001008606,"Adams, CO (CT)",0,2280,2280,0,5931,5931
8001008705,"Adams, CO (CT)",0,1667,1667,0,4921,4921
8001008706,"Adams, CO (CT)",0,1721,1721,0,5436,5436
8001008709,"Adams, CO (CT)",0,2605,2605,0,7656,7656
8001008801,"Adams, CO (CT)",0,1529,1529,0,4752,4752
8001008802,"Adams, CO (CT)",0,1226,1226,0,4075,4075
8001008901,"Adams, CO (CT)",0,769,769,0,2316,2316
8001009001,"Adams, CO (CT)",0,1536,1536,0,4645,4645
8001009002,"Adams, CO (CT)",0,3332,3332,0,9203,9203
8001009101,"Adams, CO (CT)",0,1403,1403,0,4112,4112
8001009103,"Adams, CO (CT)",0,1139,1139,0,3462,3462
8001009104,"Adams, CO (CT)",0,1845,1845,0,5200,5200
8001009202,"Adams, CO (CT)",0,1469,1469,0,4242,4242
8001009203,"Adams, CO (CT)",0,1717,1717,0,4222,4222
8001009204,"Adams, CO (CT)",0,2599,2599,0,6500,6500
8001009206,"Adams, CO (CT)",0,770,770,0,2021,2021
8001009207,"Adams, CO (CT)",0,1572,1572,0,4429,4429
8001009304,"Adams, CO (CT)",0,2160,2160,0,5400,5400
8001009306,"Adams, CO (CT)",0,1236,1236,0,3692,3692
8001009307,"Adams, CO (CT)",0,1281,1281,0,3774,3774
8001009308,"Adams, CO (CT)",0,1405,1405,0,4087,4087
8001009309,"Adams, CO (CT)",0,1491,1491,0,3613,3613
8001009310,"Adams, CO (CT)",0,1983,1983,0,5827,5827
8001009316,"Adams, CO (CT)",0,2184,2184,0,5751,5751
8001009318,"Adams, CO (CT)",0,2271,2271,0,5664,5664
8001009319,"Adams, CO (CT)",0,983,983,0,2605,2605
8001009320,"Adams, CO (CT)",0,1272,1272,0,2672,2672
8001009321,"Adams, CO (CT)",0,1572,1572,0,3782,3782
8001009322,"Adams, CO (CT)",0,1618,1618,0,4246,4246
8001009323,"Adams, CO (CT)",0,1523,1523,0,3728,3728
8001009325,"Adams, CO (CT)",0,2522,2522,0,5063,5063
8001009326,"Adams, CO (CT)",0,1125,1125,0,2554,2554
8001009327,"Adams, CO (CT)",0,1639,1639,0,4124,4124
8001009401,"Adams, CO (CT)",0,1829,1829,0,4903,4903
8001009406,"Adams, CO (CT)",0,1755,1755,0,4259,4259
8001009407,"Adams, CO (CT)",0,1817,1817,0,5227,5227
8001009408,"Adams, CO (CT)",0,1752,1752,0,4260,4260
8001009409,"Adams, CO (CT)",0,2185,2185,0,5248,5248
8001009410,"Adams, CO (CT)",0,1289,1289,0,3316,3316
8001009411,"Adams, CO (CT)",0,1261,1261,0,2959,2959
8001009501,"Adams, CO (CT)",0,1158,1158,0,3156,3156
8001009502,"Adams, CO (CT)",0,1264,1264,0,3633,3633
8001009553,"Adams, CO (CT)",0,1127,1127,0,2959,2959
8001009603,"Adams, CO (CT)",0,2445,2445,0,5921,5921
8001009604,"Adams, CO (CT)",0,2063,2063,0,4569,4569
8001009606,"Adams, CO (CT)",0,1140,1140,0,2794,2794
8001009607,"Adams, CO (CT)",0,1929,1929,0,4931,4931
8001009608,"Adams, CO (CT)",0,1151,1151,0,2849,2849
8001009751,"Adams, CO (CT)",0,1420,1420,0,3626,3626
8001009752,"Adams, CO (CT)",0,1086,1086,0,3061,3061
8001015000,"Adams, CO (CT)",0,1130,1130,0,2495,2495
8001060000,"Adams, CO (CT)",197,1314,1511,527,4220,4747
8001060100,"Adams, CO (CT)",0,2214,2214,0,6170,6170
8001060200,"Adams, CO (CT)",0,1875,1875,0,3681,3681
8001061200,"Adams, CO (CT)",127,280,407,343,951,1294
8001988700,"Adams, CO (CT)",0,0,0,0,0,0
8003960000,"Alamosa, CO (CT)",885,0,885,1775,0,1775
8003960100,"Alamosa, CO (CT)",1041,0,1041,2532,0,2532
8003960200,"Alamosa, CO (CT)",285,2508,2793,662,5680,6342
8003960300,"Alamosa, CO (CT)",286,1549,1835,725,4071,4796
8005004951,"Arapahoe, CO (CT)",0,1176,1176,0,1883,1883
8005004952,"Arapahoe, CO (CT)",0,1473,1473,0,2301,2301
8005005551,"Arapahoe, CO (CT)",0,1133,1133,0,3224,3224
8005005552,"Arapahoe, CO (CT)",0,1135,1135,0,2414,2414
8005005553,"Arapahoe, CO (CT)",0,1495,1495,0,3594,3594
8005005611,"Arapahoe, CO (CT)",0,1948,1948,0,4747,4747
8005005612,"Arapahoe, CO (CT)",0,1529,1529,0,3616,3616
8005005614,"Arapahoe, CO (CT)",0,1299,1299,0,3146,3146
8005005619,"Arapahoe, CO (CT)",0,1806,1806,0,4574,4574
8005005620,"Arapahoe, CO (CT)",0,1740,1740,0,2539,2539
8005005621,"Arapahoe, CO (CT)",0,1189,1189,0,2899,2899
8005005622,"Arapahoe, CO (CT)",0,974,974,0,2326,2326
8005005623,"Arapahoe, CO (CT)",0,1437,1437,0,3547,3547
8005005624,"Arapahoe, CO (CT)",0,823,823,0,2106,2106
8005005625,"Arapahoe, CO (CT)",0,1239,1239,0,2899,2899
8005005626,"Arapahoe, CO (CT)",0,1630,1630,0,3210,3210
8005005627,"Arapahoe, CO (CT)",0,1820,1820,0,4271,4271
8005005628,"Arapahoe, CO (CT)",0,2267,2267,0,5609,5609
8005005629,"Arapahoe, CO (CT)",0,821,821,0,2215,2215
8005005630,"Arapahoe, CO (CT)",0,2220,2220,0,5322,5322
8005005631,"Arapahoe, CO (CT)",0,1220,1220,0,3028,3028
8005005632,"Arapahoe, CO (CT)",0,1176,1176,0,3189,3189
8005005633,"Arapahoe, CO (CT)",0,1291,1291,0,3002,3002
8005005634,"Arapahoe, CO (CT)",0,1668,1668,0,2959,2959
8005005635,"Arapahoe, CO (CT)",0,2046,2046,0,4789,4789
8005005636,"Arapahoe, CO (CT)",0,687,687,0,1825,1825
8005005700,"Arapahoe, CO (CT)",0,1917,1917,0,3593,3593
8005005800,"Arapahoe, CO (CT)",0,1253,1253,0,2391,2391
8005005951,"Arapahoe, CO (CT)",0,2505,2505,0,4032,4032
8005005952,"Arapahoe, CO (CT)",0,1665,1665,0,3091,3091
8005006000,"Arapahoe, CO (CT)",0,1410,1410,0,2693,2693
8005006100,"Arapahoe, CO (CT)",0,1414,1414,0,2672,2672
8005006200,"Arapahoe, CO (CT)",0,1329,1329,0,2864,2864
8005006300,"Arapahoe, CO (CT)",0,1208,1208,0,2621,2621
8005006400,"Arapahoe, CO (CT)",0,1313,1313,0,2975,2975
8005006501,"Arapahoe, CO (CT)",0,1268,1268,0,1678,1678
8005006502,"Arapahoe, CO (CT)",0,1507,1507,0,3171,3171
8005006601,"Arapahoe, CO (CT)",0,2658,2658,0,5610,5610
8005006603,"Arapahoe, CO (CT)",0,1374,1374,0,3210,3210
8005006604,"Arapahoe, CO (CT)",0,1898,1898,0,3761,3761
8005006704,"Arapahoe, CO (CT)",0,1541,1541,0,4239,4239
8005006705,"Arapahoe, CO (CT)",0,610,610,0,1748,1748
8005006706,"Arapahoe, CO (CT)",0,2055,2055,0,4720,4720
8005006707,"Arapahoe, CO (CT)",0,1884,1884,0,4530,4530
8005006708,"Arapahoe, CO (CT)",0,1978,1978,0,4979,4979
8005006709,"Arapahoe, CO (CT)",0,2069,2069,0,4882,4882
8005006711,"Arapahoe, CO (CT)",0,1448,1448,0,3869,3869
8005006712,"Arapahoe, CO (CT)",0,638,638,0,1219,1219
8005006713,"Arapahoe, CO (CT)",0,746,746,0,1209,1209
8005006808,"Arapahoe, CO (CT)",0,1837,1837,0,5475,5475
8005006815,"Arapahoe, CO (CT)",0,1797,1797,0,4057,4057
8005006854,"Arapahoe, CO (CT)",0,1113,1113,0,2383,2383
8005006855,"Arapahoe, CO (CT)",0,1917,1917,0,5097,5097
8005006856,"Arapahoe, CO (CT)",0,3211,3211,0,7648,7648
8005006857,"Arapahoe, CO (CT)",0,870,870,0,2158,2158
8005006858,"Arapahoe, CO (CT)",0,2797,2797,0,4143,4143
8005007101,"Arapahoe, CO (CT)",2072,0,2072,5107,0,5107
8005007103,"Arapahoe, CO (CT)",569,0,569,1585,0,1585
8005007104,"Arapahoe, CO (CT)",34,1493,1527,364,4594,4958
8005007105,"Arapahoe, CO (CT)",523,714,1237,1284,1819,3103
8005007106,"Arapahoe, CO (CT)",125,1352,1477,335,3959,4294
8005007107,"Arapahoe, CO (CT)",28,1531,1559,90,4340,4430
8005007201,"Arapahoe, CO (CT)",0,1347,1347,0,3589,3589
8005007202,"Arapahoe, CO (CT)",0,1414,1414,0,3915,3915
8005007301,"Arapahoe, CO (CT)",0,1050,1050,0,2548,2548
8005007302,"Arapahoe, CO (CT)",0,1961,1961,0,4927,4927
8005007400,"Arapahoe, CO (CT)",0,1691,1691,0,4992,4992
8005007500,"Arapahoe, CO (CT)",0,808,808,0,2458,2458
8005007600,"Arapahoe, CO (CT)",0,1300,1300,0,3256,3256
8005007702,"Arapahoe, CO (CT)",0,1623,1623,0,4168,4168
8005007703,"Arapahoe, CO (CT)",0,1692,1692,0,4075,4075
8005007704,"Arapahoe, CO (CT)",0,2007,2007,0,4797,4797
8005015100,"Arapahoe, CO (CT)",0,1048,1048,0,2521,2521
8005080000,"Arapahoe, CO (CT)",0,1367,1367,0,3437,3437
8005080100,"Arapahoe, CO (CT)",0,1980,1980,0,4277,4277
8005080200,"Arapahoe, CO (CT)",0,2004,2004,0,5086,5086
8005080300,"Arapahoe, CO (CT)",0,2401,2401,0,5701,5701
8005080400,"Arapahoe, CO (CT)",0,2073,2073,0,4500,4500
8005080500,"Arapahoe, CO (CT)",0,1766,1766,0,3059,3059
8005080600,"Arapahoe, CO (CT)",0,1984,1984,0,3730,3730
8005080700,"Arapahoe, CO (CT)",0,2030,2030,0,5545,5545
8005080800,"Arapahoe, CO (CT)",0,1133,1133,0,2661,2661
8005080900,"Arapahoe, CO (CT)",0,1383,1383,0,3977,3977
8005081000,"Arapahoe, CO (CT)",0,2602,2602,0,5450,5450
8005081100,"Arapahoe, CO (CT)",0,2726,2726,0,5376,5376
8005081200,"Arapahoe, CO (CT)",0,2002,2002,0,4462,4462
8005081300,"Arapahoe, CO (CT)",0,1114,1114,0,3119,3119
8005081400,"Arapahoe, CO (CT)",0,1654,1654,0,4171,4171
8005081500,"Arapahoe, CO (CT)",0,2425,2425,0,3039,3039
8005081600,"Arapahoe, CO (CT)",0,1927,1927,0,4859,4859
8005081700,"Arapahoe, CO (CT)",0,959,959,0,2782,2782
8005081800,"Arapahoe, CO (CT)",0,1672,1672,0,5421,5421
8005081900,"Arapahoe, CO (CT)",0,2485,2485,0,6332,6332
8005082000,"Arapahoe, CO (CT)",0,1888,1888,0,3797,3797
8005082100,"Arapahoe, CO (CT)",0,2506,2506,0,6750,6750
8005082200,"Arapahoe, CO (CT)",0,2271,2271,0,5627,5627
8005082300,"Arapahoe, CO (CT)",0,1481,1481,0,3636,3636
8005082400,"Arapahoe, CO (CT)",0,1605,1605,0,4265,4265
8005082500,"Arapahoe, CO (CT)",0,778,778,0,2310,2310
8005082600,"Arapahoe, CO (CT)",0,2243,2243,0,5059,5059
8005082700,"Arapahoe, CO (CT)",0,1223,1223,0,3499,3499
8005082800,"Arapahoe, CO (CT)",0,1950,1950,0,5030,5030
8005082900,"Arapahoe, CO (CT)",0,1775,1775,0,4522,4522
8005083000,"Arapahoe, CO (CT)",86,1099,1185,246,2999,3245
8005083100,"Arapahoe, CO (CT)",0,2625,2625,0,6739,6739
8005083200,"Arapahoe, CO (CT)",0,2744,2744,0,8692,8692
8005083300,"Arapahoe, CO (CT)",0,1864,1864,0,4399,4399
8005083400,"Arapahoe, CO (CT)",0,2240,2240,0,6685,6685
8005083500,"Arapahoe, CO (CT)",0,2192,2192,0,5274,5274
8005083600,"Arapahoe, CO (CT)",0,1762,1762,0,3661,3661
8005083700,"Arapahoe, CO (CT)",0,1774,1774,0,4356,4356
8005083800,"Arapahoe, CO (CT)",0,1190,1190,0,2842,2842
8005083900,"Arapahoe, CO (CT)",0,1656,1656,0,2853,2853
8005084000,"Arapahoe, CO (CT)",0,803,803,0,2327,2327
8005084100,"Arapahoe, CO (CT)",0,1667,1667,0,4435,4435
8005084200,"Arapahoe, CO (CT)",0,1386,1386,0,3548,3548
8005084300,"Arapahoe, CO (CT)",0,1220,1220,0,3456,3456
8005084400,"Arapahoe, CO (CT)",0,1073,1073,0,3143,3143
8005084500,"Arapahoe, CO (CT)",0,1293,1293,0,2708,2708
8005084600,"Arapahoe, CO (CT)",0,2052,2052,0,5196,5196
8005084700,"Arapahoe, CO (CT)",0,1750,1750,0,4665,4665
8005084800,"Arapahoe, CO (CT)",0,1197,1197,0,3444,3444
8005084900,"Arapahoe, CO (CT)",0,1040,1040,0,3066,3066
8005085000,"Arapahoe, CO (CT)",0,622,622,0,1805,1805
8005085100,"Arapahoe, CO (CT)",0,1949,1949,0,6698,6698
8005085200,"Arapahoe, CO (CT)",0,922,922,0,2809,2809
8005085300,"Arapahoe, CO (CT)",0,983,983,0,2284,2284
8005085400,"Arapahoe, CO (CT)",0,1405,1405,0,4320,4320
8005085500,"Arapahoe, CO (CT)",0,1742,1742,0,5316,5316
8005085600,"Arapahoe, CO (CT)",0,1006,1006,0,3203,3203
8005085700,"Arapahoe, CO (CT)",0,1833,1833,0,4611,4611
8005085800,"Arapahoe, CO (CT)",0,639,639,0,1706,1706
8005085900,"Arapahoe, CO (CT)",0,1023,1023,0,3248,3248
8005086000,"Arapahoe, CO (CT)",0,2499,2499,0,7684,7684
8005086100,"Arapahoe, CO (CT)",0,1548,1548,0,4784,4784
8005086200,"Arapahoe, CO (CT)",0,1853,1853,0,5814,5814
8005086300,"Arapahoe, CO (CT)",0,1587,1587,0,3696,3696
8005086400,"Arapahoe, CO (CT)",0,723,723,0,1980,1980
8005086500,"Arapahoe, CO (CT)",0,2050,2050,0,4632,4632
8005086600,"Arapahoe, CO (CT)",0,2185,2185,0,4075,4075
8005086700,"Arapahoe, CO (CT)",0,1124,1124,0,3611,3611
8005086800,"Arapahoe, CO (CT)",0,3183,3183,0,6106,6106
8005086900,"Arapahoe, CO (CT)",0,1446,1446,0,2823,2823
8005087000,"Arapahoe, CO (CT)",0,2267,2267,0,4550,4550
8005087100,"Arapahoe, CO (CT)",0,1499,1499,0,2505,2505
8005087200,"Arapahoe, CO (CT)",0,1898,1898,0,3768,3768
8005087300,"Arapahoe, CO (CT)",0,3341,3341,0,7087,7087
8007940400,"Archuleta, CO (CT)",912,0,912,1188,0,1188
8007974200,"Archuleta, CO (CT)",1250,2641,3891,1862,3487,5349
8007974300,"Archuleta, CO (CT)",1911,352,2263,2741,746,3487
8007974400,"Archuleta, CO (CT)",1318,378,1696,1384,676,2060
8009964600,"Baca, CO (CT)",1105,0,1105,1738,0,1738
8009964700,"Baca, CO (CT)",1143,0,1143,2050,0,2050
8011966700,"Bent, CO (CT)",1035,1207,2242,2467,4032,6499
8013012101,"Boulder, CO (CT)",0,2111,2111,0,4770,4770
8013012102,"Boulder, CO (CT)",0,3056,3056,0,6466,6466
8013012103,"Boulder, CO (CT)",0,1742,1742,0,3804,3804
8013012104,"Boulder, CO (CT)",0,1065,1065,0,2538,2538
8013012105,"Boulder, CO (CT)",0,2472,2472,0,5589,5589
8013012201,"Boulder, CO (CT)",0,1756,1756,0,3388,3388
8013012202,"Boulder, CO (CT)",0,3309,3309,0,5847,5847
8013012203,"Boulder, CO (CT)",0,3271,3271,0,6081,6081
8013012204,"Boulder, CO (CT)",0,1937,1937,0,3556,3556
8013012300,"Boulder, CO (CT)",0,792,792,0,6196,6196
8013012401,"Boulder, CO (CT)",0,2004,2004,0,5699,5699
8013012501,"Boulder, CO (CT)",0,1192,1192,0,2451,2451
8013012505,"Boulder, CO (CT)",103,1703,1806,253,3849,4102
8013012507,"Boulder, CO (CT)",0,1715,1715,0,4202,4202
8013012508,"Boulder, CO (CT)",0,1349,1349,0,2833,2833
8013012509,"Boulder, CO (CT)",0,1304,1304,0,3247,3247
8013012510,"Boulder, CO (CT)",183,1831,2014,349,3967,4316
8013012511,"Boulder, CO (CT)",0,2785,2785,0,6265,6265
8013012603,"Boulder, CO (CT)",0,1530,1530,0,3384,3384
8013012605,"Boulder, CO (CT)",0,760,760,0,1529,1529
8013012607,"Boulder, CO (CT)",0,2842,2842,0,4258,4258
8013012608,"Boulder, CO (CT)",0,1001,1001,0,2239,2239
8013012701,"Boulder, CO (CT)",753,1510,2263,1874,3574,5448
8013012705,"Boulder, CO (CT)",0,2052,2052,0,3507,3507
8013012707,"Boulder, CO (CT)",375,324,699,846,1348,2194
8013012708,"Boulder, CO (CT)",0,2237,2237,0,5123,5123
8013012709,"Boulder, CO (CT)",148,552,700,387,1424,1811
8013012710,"Boulder, CO (CT)",272,1271,1543,662,3023,3685
8013012800,"Boulder, CO (CT)",311,3511,3822,794,10028,10822
8013012903,"Boulder, CO (CT)",0,913,913,0,2195,2195
8013012904,"Boulder, CO (CT)",0,2219,2219,0,5156,5156
8013012905,"Boulder, CO (CT)",0,1088,1088,0,2481,2481
8013012907,"Boulder, CO (CT)",0,1218,1218,0,2922,2922
8013013003,"Boulder, CO (CT)",102,2149,2251,243,5209,5452
8013013004,"Boulder, CO (CT)",0,1209,1209,0,3414,3414
8013013005,"Boulder, CO (CT)",0,1327,1327,0,3084,3084
8013013006,"Boulder, CO (CT)",0,2261,2261,0,5304,5304
8013013201,"Boulder, CO (CT)",497,136,633,1212,319,1531
8013013202,"Boulder, CO (CT)",588,0,588,1375,0,1375
8013013205,"Boulder, CO (CT)",211,1882,2093,583,4495,5078
8013013207,"Boulder, CO (CT)",0,1904,1904,0,4276,4276
8013013208,"Boulder, CO (CT)",0,2657,2657,0,5755,5755
8013013210,"Boulder, CO (CT)",0,1795,1795,0,5032,5032
8013013211,"Boulder, CO (CT)",410,1742,2152,973,4639,5612
8013013212,"Boulder, CO (CT)",65,1810,1875,145,4200,4345
8013013213,"Boulder, CO (CT)",136,2813,2949,285,6986,7271
8013013302,"Boulder, CO (CT)",0,2445,2445,0,5132,5132
8013013305,"Boulder, CO (CT)",0,1948,1948,0,4859,4859
8013013306,"Boulder, CO (CT)",0,1734,1734,0,4589,4589
8013013307,"Boulder, CO (CT)",0,1661,1661,0,3604,3604
8013013308,"Boulder, CO (CT)",0,1680,1680,0,3465,3465
8013013401,"Boulder, CO (CT)",0,1489,1489,0,3275,3275
8013013402,"Boulder, CO (CT)",0,2846,2846,0,7573,7573
8013013503,"Boulder, CO (CT)",0,1996,1996,0,5478,5478
8013013505,"Boulder, CO (CT)",0,1696,1696,0,3831,3831
8013013506,"Boulder, CO (CT)",0,1412,1412,0,4058,4058
8013013507,"Boulder, CO (CT)",0,1169,1169,0,3397,3397
8013013508,"Boulder, CO (CT)",0,2424,2424,0,6575,6575
8013013601,"Boulder, CO (CT)",1752,18,1770,3781,50,3831
8013013602,"Boulder, CO (CT)",1494,0,1494,912,0,912
8013013701,"Boulder, CO (CT)",2673,452,3125,5095,1239,6334
8013013702,"Boulder, CO (CT)",3406,0,3406,5952,0,5952
8013060600,"Boulder, CO (CT)",111,2413,2524,231,5094,5325
8013060700,"Boulder, CO (CT)",67,1295,1362,111,2980,3091
8013060800,"Boulder, CO (CT)",85,2401,2486,192,5915,6107
8013060900,"Boulder, CO (CT)",0,1853,1853,0,4139,4139
8013061300,"Boulder, CO (CT)",0,1004,1004,0,3417,3417
8013061400,"Boulder, CO (CT)",0,1286,1286,0,3990,3990
8014030000,"Broomfield, CO (CT)",0,1436,1436,0,3378,3378
8014030100,"Broomfield, CO (CT)",0,921,921,0,2183,2183
8014030200,"Broomfield, CO (CT)",0,665,665,0,1672,1672
8014030300,"Broomfield, CO (CT)",0,1725,1725,0,3707,3707
8014030400,"Broomfield, CO (CT)",0,1348,1348,0,3789,3789
8014030500,"Broomfield, CO (CT)",0,2107,2107,0,5911,5911
8014030600,"Broomfield, CO (CT)",0,2135,2135,0,6166,6166
8014030700,"Broomfield, CO (CT)",0,1182,1182,0,2988,2988
8014030800,"Broomfield, CO (CT)",0,1870,1870,0,5420,5420
8014030900,"Broomfield, CO (CT)",0,2255,2255,0,5938,5938
8014031000,"Broomfield, CO (CT)",0,1981,1981,0,4841,4841
8014031100,"Broomfield, CO (CT)",3,1775,1778,12,2594,2606
8014031200,"Broomfield, CO (CT)",0,1486,1486,0,3059,3059
8014031300,"Broomfield, CO (CT)",92,499,591,233,1415,1648
8014031400,"Broomfield, CO (CT)",34,1132,1166,81,2502,2583
8014980100,"Broomfield, CO (CT)",0,0,0,0,0,0
8014980200,"Broomfield, CO (CT)",0,0,0,0,0,0
8014980300,"Broomfield, CO (CT)",0,0,0,0,0,0
8015000100,"Chaffee, CO (CT)",0,1445,1445,0,2541,2541
8015000200,"Chaffee, CO (CT)",521,1708,2229,1079,3226,4305
8015000300,"Chaffee, CO (CT)",1387,430,1817,2013,896,2909
8015000401,"Chaffee, CO (CT)",1994,990,2984,2738,1793,4531
8015000402,"Chaffee, CO (CT)",836,709,1545,833,2690,3523
8017960600,"Cheyenne, CO (CT)",975,0,975,1836,0,1836
8019014700,"Clear Creek, CO (CT)",2970,0,2970,4959,0,4959
8019014800,"Clear Creek, CO (CT)",873,0,873,1610,0,1610
8019014900,"Clear Creek, CO (CT)",1842,0,1842,2519,0,2519
8021974800,"Conejos, CO (CT)",1772,0,1772,3887,0,3887
8021974900,"Conejos, CO (CT)",2514,0,2514,4369,0,4369
8023972600,"Costilla, CO (CT)",1256,0,1256,1646,0,1646
8023972700,"Costilla, CO (CT)",1357,0,1357,1878,0,1878
8025969600,"Crowley, CO (CT)",1559,0,1559,5823,0,5823
8027970100,"Custer, CO (CT)",3956,0,3956,4255,0,4255
8029964600,"Delta, CO (CT)",2109,0,2109,4003,0,4003
8029964700,"Delta, CO (CT)",1335,586,1921,2731,1361,4092
8029964800,"Delta, CO (CT)",758,542,1300,2276,1217,3493
8029964900,"Delta, CO (CT)",823,1489,2312,2134,3671,5805
8029965000,"Delta, CO (CT)",2465,0,2465,5017,0,5017
8029965100,"Delta, CO (CT)",507,1353,1860,1117,2961,4078
8029965200,"Delta, CO (CT)",1457,1148,2605,2275,2189,4464
8031000102,"Denver, CO (CT)",0,1609,1609,0,3109,3109
8031000201,"Denver, CO (CT)",0,1497,1497,0,3874,3874
8031000202,"Denver, CO (CT)",0,1600,1600,0,3916,3916
8031000301,"Denver, CO (CT)",0,2713,2713,0,5003,5003
8031000302,"Denver, CO (CT)",0,2133,2133,0,4036,4036
8031000303,"Denver, CO (CT)",0,2379,2379,0,4504,4504
8031000401,"Denver, CO (CT)",0,1457,1457,0,3209,3209
8031000402,"Denver, CO (CT)",0,3024,3024,0,5314,5314
8031000501,"Denver, CO (CT)",0,976,976,0,1814,1814
8031000502,"Denver, CO (CT)",0,2778,2778,0,5424,5424
8031000600,"Denver, CO (CT)",0,1358,1358,0,2552,2552
8031000701,"Denver, CO (CT)",0,1905,1905,0,4166,4166
8031000702,"Denver, CO (CT)",0,2144,2144,0,5574,5574
8031000800,"Denver, CO (CT)",0,474,474,0,1448,1448
8031000902,"Denver, CO (CT)",0,1811,1811,0,5376,5376
8031000903,"Denver, CO (CT)",0,1915,1915,0,6111,6111
8031000904,"Denver, CO (CT)",0,1841,1841,0,5127,5127
8031000905,"Denver, CO (CT)",0,1225,1225,0,3631,3631
8031001000,"Denver, CO (CT)",0,1245,1245,0,3941,3941
8031001101,"Denver, CO (CT)",0,996,996,0,2601,2601
8031001102,"Denver, CO (CT)",0,1659,1659,0,3115,3115
8031001301,"Denver, CO (CT)",0,1620,1620,0,4972,4972
8031001302,"Denver, CO (CT)",0,1340,1340,0,3926,3926
8031001401,"Denver, CO (CT)",0,2117,2117,0,5750,5750
8031001402,"Denver, CO (CT)",0,1423,1423,0,4070,4070
8031001403,"Denver, CO (CT)",0,1289,1289,0,2218,2218
8031001500,"Denver, CO (CT)",0,1157,1157,0,3687,3687
8031001600,"Denver, CO (CT)",0,4171,4171,0,7685,7685
8031001701,"Denver, CO (CT)",0,3618,3618,0,4350,4350
8031001702,"Denver, CO (CT)",0,3257,3257,0,3648,3648
8031001800,"Denver, CO (CT)",0,1851,1851,0,3209,3209
8031001901,"Denver, CO (CT)",0,1052,1052,0,2910,2910
8031001902,"Denver, CO (CT)",0,69,69,0,705,705
8031002000,"Denver, CO (CT)",0,1345,1345,0,1577,1577
8031002100,"Denver, CO (CT)",0,2697,2697,0,4879,4879
8031002300,"Denver, CO (CT)",0,2150,2150,0,4831,4831
8031002402,"Denver, CO (CT)",0,877,877,0,1687,1687
8031002403,"Denver, CO (CT)",0,2099,2099,0,3338,3338
8031002601,"Denver, CO (CT)",0,2409,2409,0,3087,3087
8031002602,"Denver, CO (CT)",0,1804,1804,0,2736,2736
8031002701,"Denver, CO (CT)",0,3823,3823,0,4600,4600
8031002702,"Denver, CO (CT)",0,4117,4117,0,5323,5323
8031002703,"Denver, CO (CT)",0,3817,3817,0,4785,4785
8031002801,"Denver, CO (CT)",0,1721,1721,0,2583,2583
8031002802,"Denver, CO (CT)",0,2951,2951,0,4213,4213
8031002803,"Denver, CO (CT)",0,3293,3293,0,4158,4158
8031002901,"Denver, CO (CT)",0,1557,1557,0,2602,2602
8031002902,"Denver, CO (CT)",0,2034,2034,0,3791,3791
8031003001,"Denver, CO (CT)",0,2840,2840,0,5393,5393
8031003002,"Denver, CO (CT)",0,1380,1380,0,2553,2553
8031003003,"Denver, CO (CT)",0,1228,1228,0,3138,3138
8031003004,"Denver, CO (CT)",0,2741,2741,0,6237,6237
8031003101,"Denver, CO (CT)",0,812,812,0,1455,1455
8031003102,"Denver, CO (CT)",0,2009,2009,0,3389,3389
8031003201,"Denver, CO (CT)",0,3706,3706,0,4970,4970
8031003202,"Denver, CO (CT)",0,2128,2128,0,3001,3001
8031003203,"Denver, CO (CT)",0,1364,1364,0,3001,3001
8031003300,"Denver, CO (CT)",0,1515,1515,0,3099,3099
8031003401,"Denver, CO (CT)",0,1439,1439,0,2420,2420
8031003402,"Denver, CO (CT)",0,2080,2080,0,4485,4485
8031003500,"Denver, CO (CT)",0,1844,1844,0,6401,6401
8031003601,"Denver, CO (CT)",0,1789,1789,0,4651,4651
8031003602,"Denver, CO (CT)",0,1620,1620,0,4337,4337
8031003603,"Denver, CO (CT)",0,1506,1506,0,3106,3106
8031003701,"Denver, CO (CT)",0,1851,1851,0,2907,2907
8031003702,"Denver, CO (CT)",0,2895,2895,0,4357,4357
8031003703,"Denver, CO (CT)",0,1798,1798,0,2779,2779
8031003800,"Denver, CO (CT)",0,4163,4163,0,5589,5589
8031003901,"Denver, CO (CT)",0,2444,2444,0,4172,4172
8031003902,"Denver, CO (CT)",0,1862,1862,0,3892,3892
8031004002,"Denver, CO (CT)",0,1387,1387,0,3133,3133
8031004003,"Denver, CO (CT)",0,2011,2011,0,4121,4121
8031004004,"Denver, CO (CT)",0,868,868,0,1808,1808
8031004005,"Denver, CO (CT)",0,1866,1866,0,3002,3002
8031004006,"Denver, CO (CT)",0,2159,2159,0,4489,4489
8031004101,"Denver, CO (CT)",0,1508,1508,0,3648,3648
8031004102,"Denver, CO (CT)",0,1504,1504,0,4173,4173
8031004103,"Denver, CO (CT)",0,2173,2173,0,5093,5093
8031004104,"Denver, CO (CT)",0,1865,1865,0,4289,4289
8031004106,"Denver, CO (CT)",0,2565,2565,0,10138,10138
8031004107,"Denver, CO (CT)",0,1773,1773,0,3810,3810
8031004201,"Denver, CO (CT)",0,1996,1996,0,4481,4481
8031004202,"Denver, CO (CT)",0,1639,1639,0,4109,4109
8031004301,"Denver, CO (CT)",0,3049,3049,0,4469,4469
8031004302,"Denver, CO (CT)",0,1261,1261,0,2467,2467
8031004303,"Denver, CO (CT)",0,1651,1651,0,4067,4067
8031004304,"Denver, CO (CT)",0,2871,2871,0,5456,5456
8031004306,"Denver, CO (CT)",0,2245,2245,0,4807,4807
8031004403,"Denver, CO (CT)",0,2012,2012,0,4213,4213
8031004404,"Denver, CO (CT)",0,2606,2606,0,5978,5978
8031004405,"Denver, CO (CT)",0,3738,3738,0,7316,7316
8031004503,"Denver, CO (CT)",0,1278,1278,0,3974,3974
8031004504,"Denver, CO (CT)",0,1115,1115,0,3705,3705
8031004505,"Denver, CO (CT)",0,1264,1264,0,4357,4357
8031004506,"Denver, CO (CT)",0,1060,1060,0,3450,3450
8031004601,"Denver, CO (CT)",0,1896,1896,0,5415,5415
8031004602,"Denver, CO (CT)",0,2302,2302,0,7037,7037
8031004603,"Denver, CO (CT)",0,1985,1985,0,5327,5327
8031004700,"Denver, CO (CT)",0,2254,2254,0,6198,6198
8031004801,"Denver, CO (CT)",0,1071,1071,0,2858,2858
8031005001,"Denver, CO (CT)",0,1099,1099,0,2586,2586
8031005002,"Denver, CO (CT)",0,3505,3505,0,6612,6612
8031005102,"Denver, CO (CT)",0,1593,1593,0,3368,3368
8031005104,"Denver, CO (CT)",0,1682,1682,0,3111,3111
8031005200,"Denver, CO (CT)",0,1399,1399,0,3052,3052
8031005300,"Denver, CO (CT)",0,633,633,0,1206,1206
8031005502,"Denver, CO (CT)",0,605,605,0,1856,1856
8031005503,"Denver, CO (CT)",0,1819,1819,0,4644,4644
8031006701,"Denver, CO (CT)",0,1818,1818,0,2018,2018
8031006804,"Denver, CO (CT)",0,1375,1375,0,2184,2184
8031006809,"Denver, CO (CT)",0,3763,3763,0,6979,6979
8031006810,"Denver, CO (CT)",0,2649,2649,0,5207,5207
8031006811,"Denver, CO (CT)",0,3373,3373,0,5865,5865
8031006812,"Denver, CO (CT)",0,1832,1832,0,3108,3108
8031006813,"Denver, CO (CT)",0,2517,2517,0,3871,3871
8031006814,"Denver, CO (CT)",0,2195,2195,0,4703,4703
8031006901,"Denver, CO (CT)",0,2978,2978,0,5808,5808
8031007006,"Denver, CO (CT)",0,2591,2591,0,4464,4464
8031007013,"Denver, CO (CT)",0,1874,1874,0,3096,3096
8031007037,"Denver, CO (CT)",0,1886,1886,0,3763,3763
8031007088,"Denver, CO (CT)",0,2585,2585,0,4168,4168
8031007089,"Denver, CO (CT)",0,3786,3786,0,4725,4725
8031008304,"Denver, CO (CT)",0,914,914,0,3637,3637
8031008305,"Denver, CO (CT)",0,983,983,0,3963,3963
8031008306,"Denver, CO (CT)",0,1812,1812,0,5451,5451
8031008312,"Denver, CO (CT)",0,2105,2105,0,6825,6825
8031008386,"Denver, CO (CT)",0,1146,1146,0,4511,4511
8031008387,"Denver, CO (CT)",0,1556,1556,0,5961,5961
8031008388,"Denver, CO (CT)",0,2682,2682,0,6962,6962
8031008389,"Denver, CO (CT)",0,2287,2287,0,7516,7516
8031008390,"Denver, CO (CT)",0,2614,2614,0,7703,7703
8031008391,"Denver, CO (CT)",0,2317,2317,0,7020,7020
8031011902,"Denver, CO (CT)",0,2886,2886,0,6695,6695
8031011903,"Denver, CO (CT)",0,933,933,0,2194,2194
8031012001,"Denver, CO (CT)",0,1035,1035,0,2032,2032
8031012010,"Denver, CO (CT)",0,2516,2516,0,4995,4995
8031012014,"Denver, CO (CT)",0,2946,2946,0,6137,6137
8031015300,"Denver, CO (CT)",0,2550,2550,0,3832,3832
8031015400,"Denver, CO (CT)",0,1686,1686,0,3934,3934
8031015500,"Denver, CO (CT)",0,1917,1917,0,3313,3313
8031015600,"Denver, CO (CT)",0,2241,2241,0,6498,6498
8031015700,"Denver, CO (CT)",0,2184,2184,0,5535,5535
8031980000,"Denver, CO (CT)",0,547,547,0,1165,1165
8031980100,"Denver, CO (CT)",0,0,0,0,0,0
8033000100,"Dolores, CO (CT)",1468,0,1468,2064,0,2064
8035013901,"Douglas, CO (CT)",1282,1364,2646,3256,3284,6540
8035013904,"Douglas, CO (CT)",0,1754,1754,0,3742,3742
8035013905,"Douglas, CO (CT)",0,1427,1427,0,3733,3733
8035013907,"Douglas, CO (CT)",0,1810,1810,0,4596,4596
8035013908,"Douglas, CO (CT)",444,1931,2375,1147,5159,6306
8035013909,"Douglas, CO (CT)",1011,1187,2198,2572,3597,6169
8035013910,"Douglas, CO (CT)",0,2075,2075,0,6263,6263
8035013911,"Douglas, CO (CT)",521,1601,2122,1439,5147,6586
8035014001,"Douglas, CO (CT)",0,2643,2643,0,6242,6242
8035014005,"Douglas, CO (CT)",0,1715,1715,0,4382,4382
8035014006,"Douglas, CO (CT)",0,1712,1712,0,5205,5205
8035014007,"Douglas, CO (CT)",1,1279,1280,3,2407,2410
8035014008,"Douglas, CO (CT)",0,2150,2150,0,6637,6637
8035014009,"Douglas, CO (CT)",0,1145,1145,0,3587,3587
8035014010,"Douglas, CO (CT)",0,2102,2102,0,5466,5466
8035014011,"Douglas, CO (CT)",17,927,944,46,1646,1692
8035014012,"Douglas, CO (CT)",316,2359,2675,949,6491,7440
8035014013,"Douglas, CO (CT)",466,728,1194,1347,2395,3742
8035014107,"Douglas, CO (CT)",0,1330,1330,0,3718,3718
8035014108,"Douglas, CO (CT)",0,1804,1804,0,4894,4894
8035014109,"Douglas, CO (CT)",0,1062,1062,0,2259,2259
8035014110,"Douglas, CO (CT)",0,2308,2308,0,5406,5406
8035014112,"Douglas, CO (CT)",0,1448,1448,0,3834,3834
8035014113,"Douglas, CO (CT)",0,994,994,0,2930,2930
8035014114,"Douglas, CO (CT)",0,1367,1367,0,3517,3517
8035014115,"Douglas, CO (CT)",0,1676,1676,0,4249,4249
8035014116,"Douglas, CO (CT)",0,2179,2179,0,4440,4440
8035014122,"Douglas, CO (CT)",0,2563,2563,0,6572,6572
8035014123,"Douglas, CO (CT)",0,1314,1314,0,3087,3087
8035014124,"Douglas, CO (CT)",0,1744,1744,0,5456,5456
8035014125,"Douglas, CO (CT)",329,682,1011,852,1727,2579
8035014126,"Douglas, CO (CT)",0,786,786,0,1283,1283
8035014127,"Douglas, CO (CT)",0,1776,1776,0,5220,5220
8035014128,"Douglas, CO (CT)",0,1783,1783,0,4611,4611
8035014129,"Douglas, CO (CT)",0,1228,1228,0,3740,3740
8035014130,"Douglas, CO (CT)",0,2417,2417,0,7591,7591
8035014131,"Douglas, CO (CT)",3,1809,1812,10,3273,3283
8035014132,"Douglas, CO (CT)",0,1706,1706,0,5726,5726
8035014133,"Douglas, CO (CT)",0,2147,2147,0,6346,6346
8035014134,"Douglas, CO (CT)",0,1945,1945,0,5897,5897
8035014135,"Douglas, CO (CT)",417,377,794,987,1425,2412
8035014136,"Douglas, CO (CT)",0,2974,2974,0,8411,8411
8035014137,"Douglas, CO (CT)",6,2880,2886,21,9389,9410
8035014138,"Douglas, CO (CT)",0,1702,1702,0,2902,2902
8035014139,"Douglas, CO (CT)",0,1588,1588,0,4052,4052
8035014140,"Douglas, CO (CT)",0,1774,1774,0,5531,5531
8035014202,"Douglas, CO (CT)",780,0,780,1845,0,1845
8035014203,"Douglas, CO (CT)",298,2011,2309,598,5674,6272
8035014204,"Douglas, CO (CT)",182,954,1136,443,2745,3188
8035014300,"Douglas, CO (CT)",510,50,560,646,84,730
8035014403,"Douglas, CO (CT)",1843,184,2027,4604,472,5076
8035014404,"Douglas, CO (CT)",1082,0,1082,2323,0,2323
8035014405,"Douglas, CO (CT)",7,2457,2464,26,7739,7765
8035014406,"Douglas, CO (CT)",180,2446,2626,408,6974,7382
8035014503,"Douglas, CO (CT)",0,2202,2202,0,5592,5592
8035014504,"Douglas, CO (CT)",0,1907,1907,0,4647,4647
8035014505,"Douglas, CO (CT)",61,1856,1917,166,3935,4101
8035014506,"Douglas, CO (CT)",1039,222,1261,2806,629,3435
8035014602,"Douglas, CO (CT)",938,0,938,2254,0,2254
8035014603,"Douglas, CO (CT)",0,2261,2261,0,6739,6739
8035014604,"Douglas, CO (CT)",234,1070,1304,619,3403,4022
8037000100,"Eagle, CO (CT)",637,0,637,1245,0,1245
8037000200,"Eagle, CO (CT)",347,2017,2364,801,5963,6764
8037000301,"Eagle, CO (CT)",333,1884,2217,802,4998,5800
8037000302,"Eagle, CO (CT)",515,679,1194,884,1583,2467
8037000401,"Eagle, CO (CT)",75,2521,2596,114,5416,5530
8037000402,"Eagle, CO (CT)",841,1163,2004,907,3605,4512
8037000403,"Eagle, CO (CT)",1008,2253,3261,2174,6073,8247
8037000501,"Eagle, CO (CT)",2461,761,3222,458,519,977
8037000502,"Eagle, CO (CT)",851,941,1792,1506,1725,3231
8037000503,"Eagle, CO (CT)",574,3087,3661,384,6061,6445
8037000600,"Eagle, CO (CT)",319,434,753,541,857,1398
8037000701,"Eagle, CO (CT)",351,989,1340,225,1045,1270
8037000702,"Eagle, CO (CT)",889,2941,3830,209,1270,1479
8037000703,"Eagle, CO (CT)",181,2260,2441,181,2651,2832
8039961100,"Elbert, CO (CT)",958,0,958,2010,0,2010
8039961204,"Elbert, CO (CT)",2363,0,2363,6687,0,6687
8039961205,"Elbert, CO (CT)",775,0,775,1707,0,1707
8039961206,"Elbert, CO (CT)",1279,0,1279,3412,0,3412
8039961207,"Elbert, CO (CT)",1393,0,1393,3711,0,3711
8039961208,"Elbert, CO (CT)",1257,0,1257,3208,0,3208
8039961209,"Elbert, CO (CT)",914,0,914,2351,0,2351
8041000101,"El Paso, CO (CT)",0,3021,3021,0,5902,5902
8041000102,"El Paso, CO (CT)",0,1342,1342,0,3169,3169
8041000202,"El Paso, CO (CT)",0,1958,1958,0,4548,4548
8041000203,"El Paso, CO (CT)",0,1810,1810,0,3855,3855
8041000301,"El Paso, CO (CT)",0,1467,1467,0,2997,2997
8041000302,"El Paso, CO (CT)",0,1966,1966,0,3789,3789
8041000400,"El Paso, CO (CT)",0,1193,1193,0,2285,2285
8041000500,"El Paso, CO (CT)",0,1061,1061,0,1973,1973
8041000600,"El Paso, CO (CT)",0,1327,1327,0,3013,3013
8041000700,"El Paso, CO (CT)",0,1531,1531,0,3182,3182
8041000800,"El Paso, CO (CT)",0,1419,1419,0,2613,2613
8041000900,"El Paso, CO (CT)",0,1223,1223,0,2337,2337
8041001000,"El Paso, CO (CT)",0,1138,1138,0,2303,2303
8041001101,"El Paso, CO (CT)",0,794,794,0,1286,1286
8041001104,"El Paso, CO (CT)",0,1570,1570,0,3156,3156
8041001301,"El Paso, CO (CT)",0,1226,1226,0,2276,2276
8041001302,"El Paso, CO (CT)",0,2588,2588,0,5068,5068
8041001400,"El Paso, CO (CT)",0,1905,1905,0,3458,3458
8041001500,"El Paso, CO (CT)",0,1154,1154,0,2368,2368
8041001600,"El Paso, CO (CT)",0,1174,1174,0,3712,3712
8041001700,"El Paso, CO (CT)",0,922,922,0,1564,1564
8041001800,"El Paso, CO (CT)",0,1080,1080,0,1985,1985
8041001900,"El Paso, CO (CT)",0,2365,2365,0,4326,4326
8041002000,"El Paso, CO (CT)",0,2912,2912,0,6338,6338
8041002101,"El Paso, CO (CT)",0,2000,2000,0,3672,3672
8041002102,"El Paso, CO (CT)",0,1976,1976,0,4820,4820
8041002200,"El Paso, CO (CT)",0,1519,1519,0,2737,2737
8041002300,"El Paso, CO (CT)",0,972,972,0,1546,1546
8041002400,"El Paso, CO (CT)",0,2666,2666,0,4589,4589
8041002501,"El Paso, CO (CT)",176,1306,1482,367,2978,3345
8041002502,"El Paso, CO (CT)",0,2113,2113,0,3804,3804
8041002700,"El Paso, CO (CT)",0,1601,1601,0,2997,2997
8041002800,"El Paso, CO (CT)",0,2721,2721,0,5595,5595
8041002900,"El Paso, CO (CT)",0,2867,2867,0,5902,5902
8041003000,"El Paso, CO (CT)",0,2598,2598,0,4555,4555
8041003100,"El Paso, CO (CT)",127,1943,2070,166,4257,4423
8041003303,"El Paso, CO (CT)",0,2557,2557,0,5405,5405
8041003305,"El Paso, CO (CT)",284,2723,3007,664,5939,6603
8041003306,"El Paso, CO (CT)",367,814,1181,712,2352,3064
8041003307,"El Paso, CO (CT)",0,1520,1520,0,3468,3468
8041003308,"El Paso, CO (CT)",0,2865,2865,0,5845,5845
8041003400,"El Paso, CO (CT)",733,1466,2199,1267,2436,3703
8041003701,"El Paso, CO (CT)",908,2138,3046,2189,5324,7513
8041003702,"El Paso, CO (CT)",0,2013,2013,0,5273,5273
8041003705,"El Paso, CO (CT)",210,2205,2415,315,5218,5533
8041003706,"El Paso, CO (CT)",0,1764,1764,0,4359,4359
8041003707,"El Paso, CO (CT)",134,1505,1639,331,3911,4242
8041003708,"El Paso, CO (CT)",0,1340,1340,0,2914,2914
8041003709,"El Paso, CO (CT)",0,2774,2774,0,5971,5971
8041003801,"El Paso, CO (CT)",394,326,720,1168,1028,2196
8041003802,"El Paso, CO (CT)",1,0,1,2,4484,4486
8041003902,"El Paso, CO (CT)",1131,1986,3117,3029,6464,9493
8041003905,"El Paso, CO (CT)",0,1639,1639,0,3548,3548
8041003906,"El Paso, CO (CT)",0,2529,2529,0,5985,5985
8041003909,"El Paso, CO (CT)",2658,0,2658,6535,0,6535
8041004008,"El Paso, CO (CT)",0,401,401,0,1487,1487
8041004009,"El Paso, CO (CT)",0,696,696,0,1602,1602
8041004100,"El Paso, CO (CT)",0,1891,1891,0,4691,4691
8041004200,"El Paso, CO (CT)",0,1511,1511,0,3837,3837
8041004300,"El Paso, CO (CT)",0,2203,2203,0,6360,6360
8041004401,"El Paso, CO (CT)",0,2582,2582,0,8339,8339
8041004402,"El Paso, CO (CT)",10,37,47,33,5441,5474
8041004403,"El Paso, CO (CT)",303,5,308,1464,13,1477
8041004501,"El Paso, CO (CT)",7,1565,1572,20,6328,6348
8041004502,"El Paso, CO (CT)",1,1512,1513,3,4363,4366
8041004503,"El Paso, CO (CT)",156,3916,4072,442,11751,12193
8041004506,"El Paso, CO (CT)",0,1735,1735,0,4780,4780
8041004507,"El Paso, CO (CT)",0,1094,1094,0,3096,3096
8041004508,"El Paso, CO (CT)",17,2632,2649,27,6480,6507
8041004510,"El Paso, CO (CT)",36,2513,2549,85,7460,7545
8041004511,"El Paso, CO (CT)",583,1976,2559,1428,5469,6897
8041004601,"El Paso, CO (CT)",1605,0,1605,4149,0,4149
8041004602,"El Paso, CO (CT)",1838,0,1838,4289,0,4289
8041004603,"El Paso, CO (CT)",1447,46,1493,3961,118,4079
8041004701,"El Paso, CO (CT)",0,1865,1865,0,4680,4680
8041004702,"El Paso, CO (CT)",0,845,845,0,2162,2162
8041004703,"El Paso, CO (CT)",0,2438,2438,0,6182,6182
8041004705,"El Paso, CO (CT)",0,2947,2947,0,7706,7706
8041004706,"El Paso, CO (CT)",0,1715,1715,0,4994,4994
8041004800,"El Paso, CO (CT)",0,1931,1931,0,4693,4693
8041004901,"El Paso, CO (CT)",0,1526,1526,0,3601,3601
8041004902,"El Paso, CO (CT)",0,2033,2033,0,5367,5367
8041005000,"El Paso, CO (CT)",0,2107,2107,0,5150,5150
8041005104,"El Paso, CO (CT)",1172,1140,2312,2830,3429,6259
8041005105,"El Paso, CO (CT)",0,2391,2391,0,7154,7154
8041005106,"El Paso, CO (CT)",0,3600,3600,0,9712,9712
8041005107,"El Paso, CO (CT)",0,2424,2424,0,6963,6963
8041005108,"El Paso, CO (CT)",0,2892,2892,0,8377,8377
8041005109,"El Paso, CO (CT)",0,2877,2877,0,7285,7285
8041005110,"El Paso, CO (CT)",0,1598,1598,0,4070,4070
8041005111,"El Paso, CO (CT)",0,2405,2405,0,6571,6571
8041005201,"El Paso, CO (CT)",0,1977,1977,0,4328,4328
8041005202,"El Paso, CO (CT)",0,1442,1442,0,2466,2466
8041005300,"El Paso, CO (CT)",0,1796,1796,0,4478,4478
8041005400,"El Paso, CO (CT)",0,2233,2233,0,5615,5615
8041005501,"El Paso, CO (CT)",0,1774,1774,0,4366,4366
8041005502,"El Paso, CO (CT)",0,1863,1863,0,4369,4369
8041005601,"El Paso, CO (CT)",0,2049,2049,0,4881,4881
8041005602,"El Paso, CO (CT)",0,1308,1308,0,3076,3076
8041005700,"El Paso, CO (CT)",0,2516,2516,0,5636,5636
8041005800,"El Paso, CO (CT)",0,1236,1236,0,2933,2933
8041005900,"El Paso, CO (CT)",0,2819,2819,0,6573,6573
8041006000,"El Paso, CO (CT)",0,2726,2726,0,6188,6188
8041006100,"El Paso, CO (CT)",0,1722,1722,0,4454,4454
8041006200,"El Paso, CO (CT)",0,2064,2064,0,4669,4669
8041006301,"El Paso, CO (CT)",0,1642,1642,0,4664,4664
8041006302,"El Paso, CO (CT)",0,2390,2390,0,5106,5106
8041006400,"El Paso, CO (CT)",0,2610,2610,0,6932,6932
8041006501,"El Paso, CO (CT)",0,1147,1147,0,3299,3299
8041006502,"El Paso, CO (CT)",0,2266,2266,0,6349,6349
8041006600,"El Paso, CO (CT)",0,1238,1238,0,2539,2539
8041006700,"El Paso, CO (CT)",162,2980,3142,296,5432,5728
8041006801,"El Paso, CO (CT)",0,1773,1773,0,4032,4032
8041006802,"El Paso, CO (CT)",0,1403,1403,0,3849,3849
8041006901,"El Paso, CO (CT)",0,1751,1751,0,5494,5494
8041006902,"El Paso, CO (CT)",0,1790,1790,0,4910,4910
8041007000,"El Paso, CO (CT)",0,1553,1553,0,4455,4455
8041007101,"El Paso, CO (CT)",228,1390,1618,789,3776,4565
8041007102,"El Paso, CO (CT)",0,2911,2911,0,9449,9449
8041007201,"El Paso, CO (CT)",237,2311,2548,596,5963,6559
8041007202,"El Paso, CO (CT)",214,3061,3275,579,8738,9317
8041007300,"El Paso, CO (CT)",965,2283,3248,2620,6607,9227
8041007400,"El Paso, CO (CT)",536,2354,2890,1693,6402,8095
8041007500,"El Paso, CO (CT)",2499,341,2840,6749,968,7717
8041007601,"El Paso, CO (CT)",1193,994,2187,3313,2988,6301
8041007602,"El Paso, CO (CT)",1344,0,1344,3484,0,3484
8041007700,"El Paso, CO (CT)",0,2707,2707,0,5413,5413
8041007800,"El Paso, CO (CT)",0,1697,1697,0,4470,4470
8041007900,"El Paso, CO (CT)",0,1393,1393,0,2216,2216
8041008000,"El Paso, CO (CT)",0,2025,2025,0,3995,3995
8043978100,"Fremont, CO (CT)",1930,0,1930,4385,0,4385
8043978200,"Fremont, CO (CT)",184,1673,1857,366,3578,3944
8043978300,"Fremont, CO (CT)",221,2303,2524,609,5017,5626
8043978400,"Fremont, CO (CT)",39,923,962,78,2072,2150
8043978500,"Fremont, CO (CT)",299,2334,2633,735,5167,5902
8043978600,"Fremont, CO (CT)",0,1692,1692,0,3101,3101
8043978800,"Fremont, CO (CT)",0,1281,1281,0,2490,2490
8043979000,"Fremont, CO (CT)",2821,0,2821,3462,0,3462
8043979100,"Fremont, CO (CT)",153,1414,1567,292,3050,3342
8043979200,"Fremont, CO (CT)",228,586,814,373,1381,1754
8043979400,"Fremont, CO (CT)",927,234,1161,2071,651,2722
8043980100,"Fremont, CO (CT)",0,0,0,0,945,945
8043980200,"Fremont, CO (CT)",0,0,0,0,3085,3085
8043980300,"Fremont, CO (CT)",0,0,0,0,3916,3916
8045951600,"Garfield, CO (CT)",353,1204,1557,784,3128,3912
8045951701,"Garfield, CO (CT)",70,1595,1665,189,3947,4136
8045951702,"Garfield, CO (CT)",30,1620,1650,84,3442,3526
8045951802,"Garfield, CO (CT)",1186,391,1577,2500,1064,3564
8045951803,"Garfield, CO (CT)",804,1406,2210,1904,4030,5934
8045951804,"Garfield, CO (CT)",574,1330,1904,981,3221,4202
8045951901,"Garfield, CO (CT)",742,1091,1833,1775,2966,4741
8045951902,"Garfield, CO (CT)",672,2055,2727,1648,5449,7097
8045952001,"Garfield, CO (CT)",440,1516,1956,1092,4069,5161
8045952002,"Garfield, CO (CT)",588,2506,3094,1665,6410,8075
8045952100,"Garfield, CO (CT)",470,2666,3136,970,5071,6041
8047013800,"Gilpin, CO (CT)",3560,0,3560,5441,0,5441
8049000100,"Grand, CO (CT)",1885,0,1885,2911,0,2911
8049000201,"Grand, CO (CT)",5737,2,5739,4816,1,4817
8049000202,"Grand, CO (CT)",4643,3794,8437,4533,2582,7115
8051963600,"Gunnison, CO (CT)",2874,256,3130,3469,325,3794
8051963700,"Gunnison, CO (CT)",66,2718,2784,106,6018,6124
8051963800,"Gunnison, CO (CT)",4150,0,4150,4501,0,4501
8051963900,"Gunnison, CO (CT)",1348,0,1348,905,0,905
8053973100,"Hinsdale, CO (CT)",1388,0,1388,843,0,843
8055960600,"Huerfano, CO (CT)",187,1677,1864,330,2943,3273
8055960900,"Huerfano, CO (CT)",3211,0,3211,3438,0,3438
8057955600,"Jackson, CO (CT)",1286,0,1286,1394,0,1394
8059009806,"Jefferson, CO (CT)",0,1459,1459,0,3541,3541
8059009807,"Jefferson, CO (CT)",0,808,808,0,1611,1611
8059009808,"Jefferson, CO (CT)",1499,1198,2697,3081,2633,5714
8059009815,"Jefferson, CO (CT)",0,1887,1887,0,4956,4956
8059009823,"Jefferson, CO (CT)",0,1709,1709,0,4659,4659
8059009824,"Jefferson, CO (CT)",0,1851,1851,0,5028,5028
8059009827,"Jefferson, CO (CT)",0,2466,2466,0,6180,6180
8059009828,"Jefferson, CO (CT)",0,2218,2218,0,5344,5344
8059009829,"Jefferson, CO (CT)",0,668,668,0,1857,1857
8059009830,"Jefferson, CO (CT)",0,1016,1016,0,2046,2046
8059009831,"Jefferson, CO (CT)",0,1316,1316,0,2190,2190
8059009832,"Jefferson, CO (CT)",0,976,976,0,2501,2501
8059009833,"Jefferson, CO (CT)",0,2428,2428,0,5555,5555
8059009834,"Jefferson, CO (CT)",0,2062,2062,0,4307,4307
8059009835,"Jefferson, CO (CT)",0,1432,1432,0,3575,3575
8059009836,"Jefferson, CO (CT)",0,1394,1394,0,3796,3796
8059009837,"Jefferson, CO (CT)",153,805,958,425,2325,2750
8059009838,"Jefferson, CO (CT)",0,1622,1622,0,4360,4360
8059009839,"Jefferson, CO (CT)",0,839,839,0,2484,2484
8059009840,"Jefferson, CO (CT)",0,1564,1564,0,3685,3685
8059009841,"Jefferson, CO (CT)",0,858,858,0,2201,2201
8059009842,"Jefferson, CO (CT)",0,1086,1086,0,2942,2942
8059009843,"Jefferson, CO (CT)",185,2896,3081,584,6791,7375
8059009845,"Jefferson, CO (CT)",915,925,1840,1944,2066,4010
8059009846,"Jefferson, CO (CT)",394,1591,1985,1028,3758,4786
8059009847,"Jefferson, CO (CT)",0,1374,1374,0,3269,3269
8059009848,"Jefferson, CO (CT)",956,191,1147,2098,421,2519
8059009849,"Jefferson, CO (CT)",79,2330,2409,161,5557,5718
8059009850,"Jefferson, CO (CT)",777,352,1129,1723,830,2553
8059009851,"Jefferson, CO (CT)",0,1555,1555,0,3908,3908
8059009852,"Jefferson, CO (CT)",0,1439,1439,0,3528,3528
8059009900,"Jefferson, CO (CT)",0,1166,1166,0,2451,2451
8059010000,"Jefferson, CO (CT)",0,1343,1343,0,4535,4535
8059010100,"Jefferson, CO (CT)",0,2157,2157,0,4360,4360
8059010205,"Jefferson, CO (CT)",0,993,993,0,2326,2326
8059010206,"Jefferson, CO (CT)",0,1667,1667,0,3942,3942
8059010208,"Jefferson, CO (CT)",0,2173,2173,0,5707,5707
8059010209,"Jefferson, CO (CT)",0,2566,2566,0,6152,6152
8059010210,"Jefferson, CO (CT)",0,1445,1445,0,3460,3460
8059010211,"Jefferson, CO (CT)",0,1457,1457,0,3093,3093
8059010212,"Jefferson, CO (CT)",0,1814,1814,0,4481,4481
8059010213,"Jefferson, CO (CT)",0,1886,1886,0,4786,4786
8059010303,"Jefferson, CO (CT)",0,2244,2244,0,5333,5333
8059010304,"Jefferson, CO (CT)",0,1161,1161,0,2819,2819
8059010305,"Jefferson, CO (CT)",0,1667,1667,0,3641,3641
8059010306,"Jefferson, CO (CT)",0,1118,1118,0,2750,2750
8059010307,"Jefferson, CO (CT)",0,2092,2092,0,4579,4579
8059010308,"Jefferson, CO (CT)",0,2391,2391,0,5426,5426
8059010402,"Jefferson, CO (CT)",0,2633,2633,0,5080,5080
8059010403,"Jefferson, CO (CT)",0,2633,2633,0,5279,5279
8059010405,"Jefferson, CO (CT)",0,1514,1514,0,2514,2514
8059010406,"Jefferson, CO (CT)",0,999,999,0,2428,2428
8059010502,"Jefferson, CO (CT)",0,2378,2378,0,5100,5100
8059010503,"Jefferson, CO (CT)",0,2095,2095,0,4462,4462
8059010504,"Jefferson, CO (CT)",0,1343,1343,0,2835,2835
8059010603,"Jefferson, CO (CT)",0,1616,1616,0,3137,3137
8059010604,"Jefferson, CO (CT)",0,1115,1115,0,2310,2310
8059010701,"Jefferson, CO (CT)",0,2095,2095,0,3905,3905
8059010702,"Jefferson, CO (CT)",0,2441,2441,0,5060,5060
8059010801,"Jefferson, CO (CT)",0,1133,1133,0,2497,2497
8059010901,"Jefferson, CO (CT)",0,2106,2106,0,4793,4793
8059010902,"Jefferson, CO (CT)",0,1206,1206,0,2310,2310
8059011000,"Jefferson, CO (CT)",0,2448,2448,0,5500,5500
8059011100,"Jefferson, CO (CT)",0,2913,2913,0,6135,6135
8059011202,"Jefferson, CO (CT)",0,1783,1783,0,4567,4567
8059011300,"Jefferson, CO (CT)",0,1517,1517,0,3115,3115
8059011401,"Jefferson, CO (CT)",0,1238,1238,0,2822,2822
8059011402,"Jefferson, CO (CT)",0,1919,1919,0,3839,3839
8059011550,"Jefferson, CO (CT)",0,2981,2981,0,6198,6198
8059011601,"Jefferson, CO (CT)",0,1449,1449,0,4021,4021
8059011602,"Jefferson, CO (CT)",0,1653,1653,0,4006,4006
8059011701,"Jefferson, CO (CT)",0,2040,2040,0,4376,4376
8059011702,"Jefferson, CO (CT)",0,2272,2272,0,5382,5382
8059011708,"Jefferson, CO (CT)",0,1662,1662,0,4074,4074
8059011709,"Jefferson, CO (CT)",0,1556,1556,0,3362,3362
8059011710,"Jefferson, CO (CT)",0,1897,1897,0,3937,3937
8059011711,"Jefferson, CO (CT)",0,1873,1873,0,4017,4017
8059011712,"Jefferson, CO (CT)",0,1799,1799,0,4061,4061
8059011720,"Jefferson, CO (CT)",37,2042,2079,96,5081,5177
8059011721,"Jefferson, CO (CT)",0,1249,1249,0,2686,2686
8059011723,"Jefferson, CO (CT)",0,1691,1691,0,3110,3110
8059011724,"Jefferson, CO (CT)",151,1396,1547,363,3977,4340
8059011725,"Jefferson, CO (CT)",0,700,700,0,1776,1776
8059011726,"Jefferson, CO (CT)",0,2204,2204,0,5754,5754
8059011727,"Jefferson, CO (CT)",0,1541,1541,0,3641,3641
8059011728,"Jefferson, CO (CT)",0,1123,1123,0,2566,2566
8059011729,"Jefferson, CO (CT)",0,2087,2087,0,3871,3871
8059011730,"Jefferson, CO (CT)",0,1710,1710,0,3618,3618
8059011731,"Jefferson, CO (CT)",26,2098,2124,37,4190,4227
8059011732,"Jefferson, CO (CT)",0,2637,2637,0,4331,4331
8059011733,"Jefferson, CO (CT)",0,736,736,0,1530,1530
8059011803,"Jefferson, CO (CT)",0,1999,1999,0,5276,5276
8059011804,"Jefferson, CO (CT)",0,1627,1627,0,3915,3915
8059011805,"Jefferson, CO (CT)",0,2649,2649,0,4628,4628
8059011806,"Jefferson, CO (CT)",0,2233,2233,0,4829,4829
8059011904,"Jefferson, CO (CT)",0,1091,1091,0,2030,2030
8059011951,"Jefferson, CO (CT)",0,1422,1422,0,3103,3103
8059012022,"Jefferson, CO (CT)",0,2280,2280,0,5518,5518
8059012023,"Jefferson, CO (CT)",0,1296,1296,0,3386,3386
8059012024,"Jefferson, CO (CT)",0,1923,1923,0,4988,4988
8059012026,"Jefferson, CO (CT)",959,726,1685,1956,1412,3368
8059012027,"Jefferson, CO (CT)",1252,97,1349,2599,353,2952
8059012030,"Jefferson, CO (CT)",897,775,1672,1949,1770,3719
8059012031,"Jefferson, CO (CT)",1631,0,1631,3739,0,3739
8059012032,"Jefferson, CO (CT)",1069,0,1069,2574,0,2574
8059012033,"Jefferson, CO (CT)",1272,0,1272,2860,0,2860
8059012034,"Jefferson, CO (CT)",332,1028,1360,812,2647,3459
8059012035,"Jefferson, CO (CT)",182,1643,1825,429,4865,5294
8059012036,"Jefferson, CO (CT)",620,804,1424,1320,2387,3707
8059012037,"Jefferson, CO (CT)",1558,0,1558,3331,0,3331
8059012038,"Jefferson, CO (CT)",0,1204,1204,0,3160,3160
8059012039,"Jefferson, CO (CT)",0,1987,1987,0,5312,5312
8059012041,"Jefferson, CO (CT)",0,2068,2068,0,5253,5253
8059012042,"Jefferson, CO (CT)",0,1382,1382,0,3851,3851
8059012043,"Jefferson, CO (CT)",0,1967,1967,0,5124,5124
8059012044,"Jefferson, CO (CT)",0,1510,1510,0,3730,3730
8059012045,"Jefferson, CO (CT)",0,2223,2223,0,5909,5909
8059012046,"Jefferson, CO (CT)",0,844,844,0,2207,2207
8059012047,"Jefferson, CO (CT)",0,1677,1677,0,4053,4053
8059012048,"Jefferson, CO (CT)",0,1086,1086,0,2418,2418
8059012049,"Jefferson, CO (CT)",0,1369,1369,0,3752,3752
8059012050,"Jefferson, CO (CT)",0,1791,1791,0,3942,3942
8059012051,"Jefferson, CO (CT)",0,1289,1289,0,3425,3425
8059012052,"Jefferson, CO (CT)",0,2088,2088,0,5326,5326
8059012053,"Jefferson, CO (CT)",0,1434,1434,0,3794,3794
8059012054,"Jefferson, CO (CT)",0,1659,1659,0,4150,4150
8059012055,"Jefferson, CO (CT)",0,1573,1573,0,3706,3706
8059012057,"Jefferson, CO (CT)",0,2618,2618,0,5705,5705
8059012058,"Jefferson, CO (CT)",2091,0,2091,3660,0,3660
8059012059,"Jefferson, CO (CT)",0,1180,1180,0,3245,3245
8059012060,"Jefferson, CO (CT)",0,1394,1394,0,3336,3336
8059015800,"Jefferson, CO (CT)",0,1850,1850,0,3523,3523
8059015900,"Jefferson, CO (CT)",0,1460,1460,0,3411,3411
8059060300,"Jefferson, CO (CT)",0,1612,1612,0,4687,4687
8059060400,"Jefferson, CO (CT)",0,1227,1227,0,3482,3482
8059060500,"Jefferson, CO (CT)",44,1627,1671,95,3945,4040
8059980000,"Jefferson, CO (CT)",0,0,0,0,0,0
8059980400,"Jefferson, CO (CT)",0,0,0,0,1128,1128
8061960100,"Kiowa, CO (CT)",805,0,805,1398,0,1398
8063962100,"Kit Carson, CO (CT)",610,1480,2090,1354,4243,5597
8063962200,"Kit Carson, CO (CT)",714,0,714,1485,0,1485
8063962300,"Kit Carson, CO (CT)",723,0,723,1188,0,1188
8065961700,"Lake, CO (CT)",374,2539,2913,774,4366,5140
8065961900,"Lake, CO (CT)",1148,210,1358,1497,673,2170
8067940300,"La Plata, CO (CT)",2374,0,2374,5575,0,5575
8067940400,"La Plata, CO (CT)",2386,0,2386,5375,0,5375
8067970600,"La Plata, CO (CT)",3710,1069,4779,6299,2578,8877
8067970701,"La Plata, CO (CT)",2115,51,2166,4439,108,4547
8067970703,"La Plata, CO (CT)",2269,152,2421,4784,360,5144
8067970704,"La Plata, CO (CT)",3330,0,3330,3758,0,3758
8067970800,"La Plata, CO (CT)",61,2707,2768,146,6572,6718
8067970900,"La Plata, CO (CT)",17,1811,1828,31,3820,3851
8067971000,"La Plata, CO (CT)",0,1444,1444,0,3154,3154
8067971100,"La Plata, CO (CT)",160,2204,2364,367,3968,4335
8069000100,"Larimer, CO (CT)",0,1550,1550,0,2487,2487
8069000201,"Larimer, CO (CT)",0,1160,1160,0,2461,2461
8069000202,"Larimer, CO (CT)",0,1267,1267,0,2594,2594
8069000300,"Larimer, CO (CT)",0,1233,1233,0,2851,2851
8069000401,"Larimer, CO (CT)",0,887,887,0,1850,1850
8069000402,"Larimer, CO (CT)",0,1255,1255,0,2578,2578
8069000503,"Larimer, CO (CT)",0,2222,2222,0,5082,5082
8069000504,"Larimer, CO (CT)",0,1278,1278,0,2820,2820
8069000505,"Larimer, CO (CT)",0,1396,1396,0,3229,3229
8069000506,"Larimer, CO (CT)",0,1196,1196,0,2818,2818
8069000600,"Larimer, CO (CT)",0,747,747,0,6073,6073
8069000700,"Larimer, CO (CT)",0,1349,1349,0,2733,2733
8069000801,"Larimer, CO (CT)",0,750,750,0,1560,1560
8069000802,"Larimer, CO (CT)",0,546,546,0,1214,1214
8069000901,"Larimer, CO (CT)",0,2434,2434,0,4868,4868
8069000902,"Larimer, CO (CT)",0,1644,1644,0,3358,3358
8069001003,"Larimer, CO (CT)",0,2659,2659,0,5080,5080
8069001004,"Larimer, CO (CT)",0,1423,1423,0,3351,3351
8069001007,"Larimer, CO (CT)",0,1736,1736,0,3002,3002
8069001008,"Larimer, CO (CT)",0,890,890,0,1921,1921
8069001009,"Larimer, CO (CT)",0,2697,2697,0,6149,6149
8069001010,"Larimer, CO (CT)",0,1228,1228,0,2753,2753
8069001104,"Larimer, CO (CT)",0,2450,2450,0,5671,5671
8069001106,"Larimer, CO (CT)",0,2272,2272,0,5246,5246
8069001107,"Larimer, CO (CT)",0,2273,2273,0,5329,5329
8069001109,"Larimer, CO (CT)",0,2004,2004,0,4961,4961
8069001110,"Larimer, CO (CT)",0,2368,2368,0,4884,4884
8069001111,"Larimer, CO (CT)",0,1059,1059,0,2056,2056
8069001112,"Larimer, CO (CT)",0,1702,1702,0,4646,4646
8069001113,"Larimer, CO (CT)",0,1301,1301,0,3636,3636
8069001114,"Larimer, CO (CT)",77,812,889,191,2120,2311
8069001301,"Larimer, CO (CT)",816,810,1626,1886,1811,3697
8069001304,"Larimer, CO (CT)",0,1100,1100,0,2834,2834
8069001305,"Larimer, CO (CT)",0,829,829,0,2189,2189
8069001306,"Larimer, CO (CT)",0,686,686,0,2003,2003
8069001307,"Larimer, CO (CT)",2,1728,1730,4,4157,4161
8069001308,"Larimer, CO (CT)",171,1719,1890,402,4099,4501
8069001601,"Larimer, CO (CT)",0,755,755,0,1681,1681
8069001602,"Larimer, CO (CT)",0,1908,1908,0,4573,4573
8069001603,"Larimer, CO (CT)",0,1914,1914,0,5222,5222
8069001605,"Larimer, CO (CT)",11,951,962,18,3171,3189
8069001606,"Larimer, CO (CT)",0,1194,1194,0,2935,2935
8069001607,"Larimer, CO (CT)",0,1456,1456,0,3726,3726
8069001608,"Larimer, CO (CT)",93,1608,1701,259,4857,5116
8069001704,"Larimer, CO (CT)",1,3464,3465,4,7872,7876
8069001706,"Larimer, CO (CT)",0,2708,2708,0,6647,6647
8069001707,"Larimer, CO (CT)",0,2079,2079,0,5200,5200
8069001708,"Larimer, CO (CT)",0,1253,1253,0,3236,3236
8069001709,"Larimer, CO (CT)",1035,3801,4836,2506,9074,11580
8069001804,"Larimer, CO (CT)",0,1605,1605,0,3711,3711
8069001806,"Larimer, CO (CT)",0,2975,2975,0,7133,7133
8069001807,"Larimer, CO (CT)",0,2242,2242,0,5566,5566
8069001808,"Larimer, CO (CT)",759,1158,1917,1869,2838,4707
8069001809,"Larimer, CO (CT)",1015,2943,3958,2475,8020,10495
8069001901,"Larimer, CO (CT)",0,1760,1760,0,3846,3846
8069001902,"Larimer, CO (CT)",0,2083,2083,0,4466,4466
8069001903,"Larimer, CO (CT)",2702,0,2702,3765,0,3765
8069002005,"Larimer, CO (CT)",0,2066,2066,0,5130,5130
8069002007,"Larimer, CO (CT)",0,1765,1765,0,3144,3144
8069002008,"Larimer, CO (CT)",0,1505,1505,0,3498,3498
8069002010,"Larimer, CO (CT)",469,487,956,1229,1289,2518
8069002011,"Larimer, CO (CT)",142,1877,2019,327,4904,5231
8069002300,"Larimer, CO (CT)",964,571,1535,1979,1361,3340
8069002401,"Larimer, CO (CT)",2479,0,2479,1217,0,1217
8069002402,"Larimer, CO (CT)",2444,0,2444,2963,0,2963
8069002501,"Larimer, CO (CT)",726,2234,2960,1798,5775,7573
8069002502,"Larimer, CO (CT)",775,2244,3019,1894,6224,8118
8069002503,"Larimer, CO (CT)",1122,0,1122,2620,0,2620
8069002600,"Larimer, CO (CT)",1981,446,2427,5039,1278,6317
8069002700,"Larimer, CO (CT)",195,1949,2144,433,4759,5192
8069002801,"Larimer, CO (CT)",967,1665,2632,1001,2188,3189
8069002802,"Larimer, CO (CT)",1106,3192,4298,1009,4852,5861
8069002803,"Larimer, CO (CT)",124,28,152,50,42,92
8071000100,"Las Animas, CO (CT)",1082,1135,2217,1516,2414,3930
8071000200,"Las Animas, CO (CT)",0,1105,1105,0,2371,2371
8071000300,"Las Animas, CO (CT)",1535,32,1567,2118,66,2184
8071000400,"Las Animas, CO (CT)",123,1039,1162,221,2063,2284
8071000500,"Las Animas, CO (CT)",40,945,985,66,1906,1972
8071000800,"Las Animas, CO (CT)",1030,151,1181,2405,361,2766
8073961700,"Lincoln, CO (CT)",1238,0,1238,3363,0,3363
8073961800,"Lincoln, CO (CT)",1182,0,1182,2104,0,2104
8075965900,"Logan, CO (CT)",562,0,562,1090,0,1090
8075966000,"Logan, CO (CT)",1020,0,1020,2248,0,2248
8075966100,"Logan, CO (CT)",534,2685,3219,1303,6045,7348
8075966200,"Logan, CO (CT)",23,1481,1504,44,3067,3111
8075966300,"Logan, CO (CT)",167,1778,1945,358,3722,4080
8075966400,"Logan, CO (CT)",712,19,731,1578,3254,4832
8077000200,"Mesa, CO (CT)",0,1226,1226,0,2110,2110
8077000300,"Mesa, CO (CT)",0,817,817,0,1362,1362
8077000400,"Mesa, CO (CT)",0,1660,1660,0,3513,3513
8077000500,"Mesa, CO (CT)",0,827,827,0,2891,2891
8077000601,"Mesa, CO (CT)",0,2116,2116,0,4246,4246
8077000602,"Mesa, CO (CT)",0,2291,2291,0,4803,4803
8077000700,"Mesa, CO (CT)",0,1910,1910,0,4411,4411
8077000800,"Mesa, CO (CT)",0,2951,2951,0,8230,8230
8077000900,"Mesa, CO (CT)",0,1212,1212,0,2971,2971
8077001001,"Mesa, CO (CT)",0,2386,2386,0,4764,4764
8077001002,"Mesa, CO (CT)",0,3158,3158,0,6459,6459
8077001101,"Mesa, CO (CT)",0,3442,3442,0,8132,8132
8077001102,"Mesa, CO (CT)",0,1916,1916,0,4709,4709
8077001200,"Mesa, CO (CT)",728,164,892,1678,420,2098
8077001301,"Mesa, CO (CT)",0,3717,3717,0,8825,8825
8077001302,"Mesa, CO (CT)",0,1923,1923,0,4909,4909
8077001402,"Mesa, CO (CT)",70,2368,2438,175,5823,5998
8077001403,"Mesa, CO (CT)",49,1477,1526,99,3483,3582
8077001404,"Mesa, CO (CT)",58,2079,2137,139,4569,4708
8077001501,"Mesa, CO (CT)",90,5034,5124,259,12551,12810
8077001502,"Mesa, CO (CT)",2651,196,2847,6722,492,7214
8077001600,"Mesa, CO (CT)",490,1017,1507,1192,2439,3631
8077001702,"Mesa, CO (CT)",261,1806,2067,601,3854,4455
8077001703,"Mesa, CO (CT)",0,1730,1730,0,4271,4271
8077001705,"Mesa, CO (CT)",0,2170,2170,0,5500,5500
8077001706,"Mesa, CO (CT)",0,2295,2295,0,6008,6008
8077001707,"Mesa, CO (CT)",0,2195,2195,0,5600,5600
8077001800,"Mesa, CO (CT)",1845,0,1845,3424,0,3424
8077001900,"Mesa, CO (CT)",2014,305,2319,4310,779,5089
8079973600,"Mineral, CO (CT)",1201,0,1201,712,0,712
8081000300,"Moffat, CO (CT)",898,415,1313,2131,1007,3138
8081000400,"Moffat, CO (CT)",0,1863,1863,0,4523,4523
8081000500,"Moffat, CO (CT)",11,1994,2005,35,4491,4526
8081000600,"Moffat, CO (CT)",1015,0,1015,1608,0,1608
8083941100,"Montezuma, CO (CT)",583,0,583,1588,0,1588
8083969000,"Montezuma, CO (CT)",1875,0,1875,3380,0,3380
8083969100,"Montezuma, CO (CT)",1754,0,1754,3156,0,3156
8083969200,"Montezuma, CO (CT)",1370,0,1370,2894,0,2894
8083969300,"Montezuma, CO (CT)",636,1992,2628,1367,4387,5754
8083969400,"Montezuma, CO (CT)",110,1682,1792,225,3686,3911
8083969600,"Montezuma, CO (CT)",1985,107,2092,4545,307,4852
8085966100,"Montrose, CO (CT)",1562,0,1562,2749,0,2749
8085966201,"Montrose, CO (CT)",1182,8,1190,2889,17,2906
8085966202,"Montrose, CO (CT)",1624,62,1686,4264,162,4426
8085966300,"Montrose, CO (CT)",3,2844,2847,9,6196,6205
8085966400,"Montrose, CO (CT)",0,2880,2880,0,6110,6110
8085966501,"Montrose, CO (CT)",1031,262,1293,2276,600,2876
8085966502,"Montrose, CO (CT)",75,1565,1640,154,3778,3932
8085966503,"Montrose, CO (CT)",632,774,1406,1473,1836,3309
8085966601,"Montrose, CO (CT)",180,1606,1786,385,4007,4392
8085966602,"Montrose, CO (CT)",1960,0,1960,4371,0,4371
8087000100,"Morgan, CO (CT)",1276,0,1276,2600,0,2600
8087000200,"Morgan, CO (CT)",1060,0,1060,2595,0,2595
8087000300,"Morgan, CO (CT)",342,386,728,725,972,1697
8087000400,"Morgan, CO (CT)",0,1884,1884,0,4420,4420
8087000500,"Morgan, CO (CT)",0,919,919,0,2425,2425
8087000600,"Morgan, CO (CT)",491,1812,2303,1273,5361,6634
8087000700,"Morgan, CO (CT)",108,2412,2520,242,5737,5979
8087000800,"Morgan, CO (CT)",762,38,800,1730,79,1809
8089968000,"Otero, CO (CT)",805,0,805,1617,0,1617
8089968100,"Otero, CO (CT)",88,1231,1319,190,2528,2718
8089968200,"Otero, CO (CT)",511,723,1234,1075,1633,2708
8089968300,"Otero, CO (CT)",450,1415,1865,966,2853,3819
8089968400,"Otero, CO (CT)",555,0,555,1119,0,1119
8089968500,"Otero, CO (CT)",656,158,814,1512,320,1832
8089968600,"Otero, CO (CT)",0,2377,2377,0,5018,5018
8091967600,"Ouray, CO (CT)",3083,0,3083,4436,0,4436
8093000100,"Park, CO (CT)",3244,0,3244,5587,0,5587
8093000200,"Park, CO (CT)",1813,0,1813,3647,0,3647
8093000300,"Park, CO (CT)",2454,0,2454,2694,0,2694
8093000400,"Park, CO (CT)",3660,0,3660,2099,0,2099
8093000500,"Park, CO (CT)",2776,0,2776,2179,0,2179
8095967600,"Phillips, CO (CT)",1352,0,1352,3011,0,3011
8095967700,"Phillips, CO (CT)",735,0,735,1431,0,1431
8097000100,"Pitkin, CO (CT)",4122,832,4954,5820,1861,7681
8097000401,"Pitkin, CO (CT)",354,3243,3597,266,4205,4471
8097000402,"Pitkin, CO (CT)",109,2629,2738,126,2437,2563
8097000500,"Pitkin, CO (CT)",1079,585,1664,1368,1065,2433
8099000100,"Prowers, CO (CT)",650,0,650,1462,0,1462
8099000200,"Prowers, CO (CT)",0,1162,1162,0,2470,2470
8099000300,"Prowers, CO (CT)",0,2346,2346,0,4975,4975
8099000600,"Prowers, CO (CT)",700,0,700,1424,0,1424
8099000700,"Prowers, CO (CT)",945,139,1084,1869,351,2220
8101000100,"Pueblo, CO (CT)",0,1284,1284,0,2692,2692
8101000200,"Pueblo, CO (CT)",0,797,797,0,1857,1857
8101000300,"Pueblo, CO (CT)",0,0,0,0,1332,1332
8101000400,"Pueblo, CO (CT)",0,1268,1268,0,2602,2602
8101000500,"Pueblo, CO (CT)",0,1130,1130,0,2204,2204
8101000600,"Pueblo, CO (CT)",0,1075,1075,0,2153,2153
8101000800,"Pueblo, CO (CT)",0,1428,1428,0,3031,3031
8101000902,"Pueblo, CO (CT)",0,2464,2464,0,5802,5802
8101000903,"Pueblo, CO (CT)",0,34,34,0,777,777
8101000904,"Pueblo, CO (CT)",0,2137,2137,0,4350,4350
8101000905,"Pueblo, CO (CT)",0,1283,1283,0,2202,2202
8101001000,"Pueblo, CO (CT)",0,1943,1943,0,4758,4758
8101001100,"Pueblo, CO (CT)",0,1196,1196,0,2834,2834
8101001200,"Pueblo, CO (CT)",0,916,916,0,2126,2126
8101001400,"Pueblo, CO (CT)",0,770,770,0,1375,1375
8101001500,"Pueblo, CO (CT)",0,1082,1082,0,2025,2025
8101001600,"Pueblo, CO (CT)",0,810,810,0,1710,1710
8101001700,"Pueblo, CO (CT)",0,2015,2015,0,4196,4196
8101001800,"Pueblo, CO (CT)",0,1076,1076,0,2176,2176
8101001900,"Pueblo, CO (CT)",0,791,791,0,1445,1445
8101002000,"Pueblo, CO (CT)",0,1426,1426,0,2940,2940
8101002100,"Pueblo, CO (CT)",0,761,761,0,1526,1526
8101002200,"Pueblo, CO (CT)",0,746,746,0,1650,1650
8101002300,"Pueblo, CO (CT)",0,1690,1690,0,3476,3476
8101002400,"Pueblo, CO (CT)",0,881,881,0,1928,1928
8101002500,"Pueblo, CO (CT)",0,1290,1290,0,2782,2782
8101002600,"Pueblo, CO (CT)",0,1785,1785,0,3880,3880
8101002700,"Pueblo, CO (CT)",0,2377,2377,0,5434,5434
8101002801,"Pueblo, CO (CT)",0,2242,2242,0,5268,5268
8101002802,"Pueblo, CO (CT)",0,1656,1656,0,3586,3586
8101002804,"Pueblo, CO (CT)",2391,0,2391,4661,0,4661
8101002806,"Pueblo, CO (CT)",1401,330,1731,2562,957,3519
8101002807,"Pueblo, CO (CT)",0,1818,1818,0,4430,4430
8101002808,"Pueblo, CO (CT)",0,1141,1141,0,2989,2989
8101002901,"Pueblo, CO (CT)",36,1166,1202,65,2849,2914
8101002903,"Pueblo, CO (CT)",113,2539,2652,265,5636,5901
8101002906,"Pueblo, CO (CT)",371,1123,1494,909,2996,3905
8101002911,"Pueblo, CO (CT)",25,920,945,52,2559,2611
8101002912,"Pueblo, CO (CT)",0,670,670,0,1689,1689
8101002913,"Pueblo, CO (CT)",0,1382,1382,0,3318,3318
8101002914,"Pueblo, CO (CT)",0,1190,1190,0,3210,3210
8101002915,"Pueblo, CO (CT)",0,987,987,0,2525,2525
8101002916,"Pueblo, CO (CT)",0,1283,1283,0,3004,3004
8101002917,"Pueblo, CO (CT)",217,874,1091,586,2349,2935
8101002918,"Pueblo, CO (CT)",2298,124,2422,6272,374,6646
8101003001,"Pueblo, CO (CT)",288,267,555,669,575,1244
8101003004,"Pueblo, CO (CT)",148,811,959,357,2364,2721
8101003103,"Pueblo, CO (CT)",115,719,834,312,1573,1885
8101003104,"Pueblo, CO (CT)",0,926,926,0,2210,2210
8101003105,"Pueblo, CO (CT)",304,926,1230,775,2429,3204
8101003106,"Pueblo, CO (CT)",183,292,475,432,851,1283
8101003200,"Pueblo, CO (CT)",1549,0,1549,3572,0,3572
8101003500,"Pueblo, CO (CT)",0,1244,1244,0,2374,2374
8101003600,"Pueblo, CO (CT)",549,453,1002,1024,1172,2196
8101980100,"Pueblo, CO (CT)",0,0,0,0,0,0
8103951100,"Rio Blanco, CO (CT)",2097,0,2097,3858,0,3858
8103951200,"Rio Blanco, CO (CT)",1212,0,1212,2808,0,2808
8105976700,"Rio Grande, CO (CT)",343,1974,2317,834,4489,5323
8105976800,"Rio Grande, CO (CT)",935,0,935,1930,0,1930
8105977000,"Rio Grande, CO (CT)",3378,0,3378,4729,0,4729
8107000100,"Routt, CO (CT)",1495,0,1495,2151,0,2151
8107000200,"Routt, CO (CT)",855,0,855,1925,0,1925
8107000300,"Routt, CO (CT)",1306,0,1306,2335,0,2335
8107000400,"Routt, CO (CT)",313,1080,1393,719,2724,3443
8107000500,"Routt, CO (CT)",494,1550,2044,850,3120,3970
8107000600,"Routt, CO (CT)",112,1445,1557,208,2931,3139
8107000700,"Routt, CO (CT)",1291,5153,6444,482,4113,4595
8107000800,"Routt, CO (CT)",1209,0,1209,1951,0,1951
8109977600,"Saguache, CO (CT)",2509,0,2509,3143,0,3143
8109977700,"Saguache, CO (CT)",1334,0,1334,2965,0,2965
8111972600,"San Juan, CO (CT)",756,0,756,699,0,699
8113968101,"San Miguel, CO (CT)",2058,0,2058,2239,0,2239
8113968102,"San Miguel, CO (CT)",2276,0,2276,1620,0,1620
8113968103,"San Miguel, CO (CT)",1460,0,1460,2006,0,2006
8113968200,"San Miguel, CO (CT)",844,0,844,1494,0,1494
8115968300,"Sedgwick, CO (CT)",1415,0,1415,2379,0,2379
8117000100,"Summit, CO (CT)",1312,4537,5849,1303,6103,7406
8117000200,"Summit, CO (CT)",1704,5912,7616,1292,5993,7285
8117000300,"Summit, CO (CT)",1810,3398,5208,421,3255,3676
8117000401,"Summit, CO (CT)",1540,5199,6739,1187,3067,4254
8117000402,"Summit, CO (CT)",1413,3017,4430,1261,4112,5373
8119010103,"Teller, CO (CT)",357,2889,3246,801,6667,7468
8119010104,"Teller, CO (CT)",240,725,965,450,1465,1915
8119010105,"Teller, CO (CT)",3097,244,3341,5445,600,6045
8119010106,"Teller, CO (CT)",2634,0,2634,4643,0,4643
8119010201,"Teller, CO (CT)",1878,0,1878,2674,0,2674
8119010202,"Teller, CO (CT)",579,0,579,605,0,605
8121924100,"Washington, CO (CT)",1132,0,1132,2149,0,2149
8121924200,"Washington, CO (CT)",1302,0,1302,2665,0,2665
8123000100,"Weld, CO (CT)",0,1418,1418,0,2468,2468
8123000200,"Weld, CO (CT)",0,1004,1004,0,3207,3207
8123000300,"Weld, CO (CT)",0,1,1,0,1869,1869
8123000401,"Weld, CO (CT)",0,1466,1466,0,3166,3166
8123000402,"Weld, CO (CT)",0,1462,1462,0,3362,3362
8123000501,"Weld, CO (CT)",0,998,998,0,3128,3128
8123000502,"Weld, CO (CT)",0,1395,1395,0,3313,3313
8123000600,"Weld, CO (CT)",0,234,234,0,1634,1634
8123000701,"Weld, CO (CT)",0,616,616,0,1602,1602
8123000703,"Weld, CO (CT)",0,2040,2040,0,6796,6796
8123000704,"Weld, CO (CT)",0,227,227,0,661,661
8123000705,"Weld, CO (CT)",463,200,663,1053,488,1541
8123000800,"Weld, CO (CT)",0,1719,1719,0,3401,3401
8123000900,"Weld, CO (CT)",0,1137,1137,0,2806,2806
8123001003,"Weld, CO (CT)",0,1808,1808,0,4718,4718
8123001004,"Weld, CO (CT)",0,1704,1704,0,4433,4433
8123001005,"Weld, CO (CT)",37,2237,2274,91,6368,6459
8123001006,"Weld, CO (CT)",0,1620,1620,0,4431,4431
8123001100,"Weld, CO (CT)",0,2032,2032,0,4503,4503
8123001201,"Weld, CO (CT)",0,1777,1777,0,3802,3802
8123001202,"Weld, CO (CT)",0,1143,1143,0,2785,2785
8123001300,"Weld, CO (CT)",0,2456,2456,0,6458,6458
8123001404,"Weld, CO (CT)",111,875,986,305,2308,2613
8123001405,"Weld, CO (CT)",0,1371,1371,0,3781,3781
8123001406,"Weld, CO (CT)",0,2279,2279,0,5306,5306
8123001407,"Weld, CO (CT)",0,643,643,0,1933,1933
8123001408,"Weld, CO (CT)",0,799,799,0,2046,2046
8123001409,"Weld, CO (CT)",0,1532,1532,0,3267,3267
8123001410,"Weld, CO (CT)",0,1449,1449,0,3005,3005
8123001411,"Weld, CO (CT)",0,1068,1068,0,2433,2433
8123001412,"Weld, CO (CT)",0,931,931,0,2309,2309
8123001413,"Weld, CO (CT)",0,1099,1099,0,2791,2791
8123001414,"Weld, CO (CT)",0,815,815,0,2152,2152
8123001415,"Weld, CO (CT)",0,1249,1249,0,3736,3736
8123001416,"Weld, CO (CT)",80,760,840,195,1804,1999
8123001417,"Weld, CO (CT)",0,810,810,0,2294,2294
8123001500,"Weld, CO (CT)",856,1745,2601,2084,4463,6547
8123001600,"Weld, CO (CT)",1695,0,1695,4346,0,4346
8123001700,"Weld, CO (CT)",1017,749,1766,2678,1975,4653
8123001800,"Weld, CO (CT)",1661,0,1661,4222,0,4222
8123001902,"Weld, CO (CT)",730,1852,2582,2711,5032,7743
8123001905,"Weld, CO (CT)",0,1413,1413,0,4322,4322
8123001906,"Weld, CO (CT)",208,325,533,547,955,1502
8123001907,"Weld, CO (CT)",336,711,1047,790,1985,2775
8123001908,"Weld, CO (CT)",349,740,1089,866,2134,3000
8123002004,"Weld, CO (CT)",42,1376,1418,106,3623,3729
8123002005,"Weld, CO (CT)",199,0,199,561,0,561
8123002006,"Weld, CO (CT)",133,0,133,339,0,339
8123002007,"Weld, CO (CT)",14,1905,1919,35,5075,5110
8123002008,"Weld, CO (CT)",0,1777,1777,0,4621,4621
8123002009,"Weld, CO (CT)",507,13,520,1307,25,1332
8123002010,"Weld, CO (CT)",213,570,783,450,1514,1964
8123002011,"Weld, CO (CT)",144,0,144,334,0,334
8123002012,"Weld, CO (CT)",64,213,277,194,698,892
8123002013,"Weld, CO (CT)",0,942,942,0,2760,2760
8123002014,"Weld, CO (CT)",0,632,632,0,1455,1455
8123002015,"Weld, CO (CT)",37,359,396,85,1063,1148
8123002016,"Weld, CO (CT)",38,1053,1091,102,2921,3023
8123002017,"Weld, CO (CT)",100,111,211,256,344,600
8123002018,"Weld, CO (CT)",3,307,310,9,884,893
8123002019,"Weld, CO (CT)",255,1030,1285,422,2991,3413
8123002020,"Weld, CO (CT)",0,1565,1565,0,4990,4990
8123002021,"Weld, CO (CT)",215,32,247,533,89,622
8123002101,"Weld, CO (CT)",567,2025,2592,1423,5896,7319
8123002102,"Weld, CO (CT)",326,3228,3554,812,9177,9989
8123002103,"Weld, CO (CT)",2299,730,3029,6052,1957,8009
8123002203,"Weld, CO (CT)",145,214,359,407,486,893
8123002204,"Weld, CO (CT)",0,805,805,0,2013,2013
8123002205,"Weld, CO (CT)",0,1837,1837,0,4605,4605
8123002206,"Weld, CO (CT)",0,1360,1360,0,3582,3582
8123002207,"Weld, CO (CT)",72,627,699,166,1752,1918
8123002208,"Weld, CO (CT)",760,973,1733,1918,2670,4588
8123002209,"Weld, CO (CT)",347,130,477,610,294,904
8123002210,"Weld, CO (CT)",204,60,264,601,182,783
8123002300,"Weld, CO (CT)",1857,0,1857,4619,0,4619
8123002501,"Weld, CO (CT)",2190,0,2190,4843,0,4843
8123002502,"Weld, CO (CT)",2224,0,2224,5656,0,5656
8125963100,"Yuma, CO (CT)",2039,0,2039,4602,0,4602
8125963200,"Yuma, CO (CT)",935,1492,2427,1917,3524,5441
9001010101,"Fairfield, CT (CT)",1025,753,1778,2349,2127,4476
9001010102,"Fairfield, CT (CT)",938,715,1653,2332,1998,4330
9001010201,"Fairfield, CT (CT)",78,1078,1156,172,3249,3421
9001010202,"Fairfield, CT (CT)",0,2004,2004,0,5359,5359
9001010300,"Fairfield, CT (CT)",0,1715,1715,0,4010,4010
9001010400,"Fairfield, CT (CT)",0,2343,2343,0,5290,5290
9001010500,"Fairfield, CT (CT)",0,2724,2724,0,5494,5494
9001010600,"Fairfield, CT (CT)",0,1252,1252,0,1845,1845
9001010700,"Fairfield, CT (CT)",0,1873,1873,0,3579,3579
9001010800,"Fairfield, CT (CT)",0,1434,1434,0,3388,3388
9001010900,"Fairfield, CT (CT)",0,1983,1983,0,4870,4870
9001011000,"Fairfield, CT (CT)",0,1911,1911,0,5263,5263
9001011100,"Fairfield, CT (CT)",0,1610,1610,0,4894,4894
9001011200,"Fairfield, CT (CT)",0,802,802,0,1733,1733
9001011300,"Fairfield, CT (CT)",4,1389,1393,3,3216,3219
9001020100,"Fairfield, CT (CT)",0,2511,2511,0,3523,3523
9001020200,"Fairfield, CT (CT)",282,1090,1372,689,2998,3687
9001020300,"Fairfield, CT (CT)",64,2523,2587,165,7098,7263
9001020400,"Fairfield, CT (CT)",0,1330,1330,0,3586,3586
9001020500,"Fairfield, CT (CT)",0,1830,1830,0,4896,4896
9001020600,"Fairfield, CT (CT)",0,1802,1802,0,4952,4952
9001020700,"Fairfield, CT (CT)",0,1691,1691,0,4352,4352
9001020800,"Fairfield, CT (CT)",0,999,999,0,2939,2939
9001020900,"Fairfield, CT (CT)",0,2180,2180,0,4906,4906
9001021000,"Fairfield, CT (CT)",0,1323,1323,0,3499,3499
9001021100,"Fairfield, CT (CT)",0,2570,2570,0,5976,5976
9001021200,"Fairfield, CT (CT)",0,1794,1794,0,4177,4177
9001021300,"Fairfield, CT (CT)",0,1734,1734,0,4422,4422
9001021400,"Fairfield, CT (CT)",0,2464,2464,0,6690,6690
9001021500,"Fairfield, CT (CT)",0,2112,2112,0,6303,6303
9001021600,"Fairfield, CT (CT)",0,3869,3869,0,7151,7151
9001021700,"Fairfield, CT (CT)",0,4069,4069,0,7354,7354
9001021801,"Fairfield, CT (CT)",0,1897,1897,0,4334,4334
9001021802,"Fairfield, CT (CT)",0,2077,2077,0,5408,5408
9001021900,"Fairfield, CT (CT)",0,2324,2324,0,5713,5713
9001022000,"Fairfield, CT (CT)",0,1191,1191,0,2959,2959
9001022100,"Fairfield, CT (CT)",0,2704,2704,0,7213,7213
9001022200,"Fairfield, CT (CT)",0,1006,1006,0,3186,3186
9001022300,"Fairfield, CT (CT)",0,2212,2212,0,5763,5763
9001022400,"Fairfield, CT (CT)",0,925,925,0,2391,2391
9001030100,"Fairfield, CT (CT)",0,1120,1120,0,3502,3502
9001030200,"Fairfield, CT (CT)",0,1125,1125,0,3442,3442
9001030300,"Fairfield, CT (CT)",64,1413,1477,139,4017,4156
9001030400,"Fairfield, CT (CT)",0,1504,1504,0,3958,3958
9001030500,"Fairfield, CT (CT)",0,1848,1848,0,5674,5674
9001035100,"Fairfield, CT (CT)",0,3374,3374,0,7406,7406
9001035200,"Fairfield, CT (CT)",126,1008,1134,348,2968,3316
9001035300,"Fairfield, CT (CT)",0,1325,1325,0,3937,3937
9001035400,"Fairfield, CT (CT)",19,1699,1718,50,5029,5079
9001042500,"Fairfield, CT (CT)",0,1488,1488,0,3719,3719
9001042600,"Fairfield, CT (CT)",0,1666,1666,0,3911,3911
9001042700,"Fairfield, CT (CT)",0,2225,2225,0,4578,4578
9001042800,"Fairfield, CT (CT)",0,1790,1790,0,4606,4606
9001042900,"Fairfield, CT (CT)",0,679,679,0,1651,1651
9001043000,"Fairfield, CT (CT)",0,1245,1245,0,3090,3090
9001043100,"Fairfield, CT (CT)",0,1766,1766,0,4341,4341
9001043200,"Fairfield, CT (CT)",0,1214,1214,0,3074,3074
9001043300,"Fairfield, CT (CT)",0,1154,1154,0,3196,3196
9001043400,"Fairfield, CT (CT)",0,1923,1923,0,4471,4471
9001043500,"Fairfield, CT (CT)",0,1019,1019,0,2604,2604
9001043600,"Fairfield, CT (CT)",0,1285,1285,0,3080,3080
9001043700,"Fairfield, CT (CT)",0,1023,1023,0,2039,2039
9001043800,"Fairfield, CT (CT)",0,3203,3203,0,7650,7650
9001043900,"Fairfield, CT (CT)",0,2094,2094,0,5456,5456
9001044000,"Fairfield, CT (CT)",0,2451,2451,0,5974,5974
9001044100,"Fairfield, CT (CT)",0,1710,1710,0,3509,3509
9001044200,"Fairfield, CT (CT)",0,1807,1807,0,3994,3994
9001044300,"Fairfield, CT (CT)",0,1643,1643,0,3898,3898
9001044400,"Fairfield, CT (CT)",5,1302,1307,4,3568,3572
9001044500,"Fairfield, CT (CT)",0,1199,1199,0,3641,3641
9001044600,"Fairfield, CT (CT)",0,1524,1524,0,3549,3549
9001045101,"Fairfield, CT (CT)",259,1129,1388,754,3416,4170
9001045102,"Fairfield, CT (CT)",198,1885,2083,579,5455,6034
9001045200,"Fairfield, CT (CT)",197,858,1055,542,1825,2367
9001045300,"Fairfield, CT (CT)",0,813,813,0,2461,2461
9001045400,"Fairfield, CT (CT)",0,1136,1136,0,3030,3030
9001050100,"Fairfield, CT (CT)",0,1482,1482,0,3828,3828
9001050200,"Fairfield, CT (CT)",0,1631,1631,0,4008,4008
9001050300,"Fairfield, CT (CT)",0,2922,2922,0,8122,8122
9001050400,"Fairfield, CT (CT)",0,1091,1091,0,2341,2341
9001050500,"Fairfield, CT (CT)",0,1864,1864,0,4744,4744
9001050600,"Fairfield, CT (CT)",23,1386,1409,31,3317,3348
9001055100,"Fairfield, CT (CT)",438,1612,2050,1208,4599,5807
9001055200,"Fairfield, CT (CT)",114,1510,1624,299,4073,4372
9001060100,"Fairfield, CT (CT)",0,1077,1077,0,4152,4152
9001060200,"Fairfield, CT (CT)",0,1600,1600,0,4164,4164
9001060300,"Fairfield, CT (CT)",120,1287,1407,381,3707,4088
9001060400,"Fairfield, CT (CT)",312,1309,1621,867,3576,4443
9001060500,"Fairfield, CT (CT)",0,880,880,0,2841,2841
9001060600,"Fairfield, CT (CT)",0,1143,1143,0,2336,2336
9001060700,"Fairfield, CT (CT)",0,1793,1793,0,7675,7675
9001060800,"Fairfield, CT (CT)",0,796,796,0,2139,2139
9001060900,"Fairfield, CT (CT)",0,920,920,0,2447,2447
9001061000,"Fairfield, CT (CT)",0,1670,1670,0,3816,3816
9001061100,"Fairfield, CT (CT)",0,1330,1330,0,3771,3771
9001061200,"Fairfield, CT (CT)",0,881,881,0,2186,2186
9001061300,"Fairfield, CT (CT)",0,1201,1201,0,2954,2954
9001061400,"Fairfield, CT (CT)",0,1210,1210,0,2736,2736
9001061500,"Fairfield, CT (CT)",0,1852,1852,0,4692,4692
9001061600,"Fairfield, CT (CT)",0,2267,2267,0,4964,4964
9001070100,"Fairfield, CT (CT)",0,2720,2720,0,5021,5021
9001070200,"Fairfield, CT (CT)",0,1824,1824,0,4052,4052
9001070300,"Fairfield, CT (CT)",0,393,393,0,1297,1297
9001070400,"Fairfield, CT (CT)",0,620,620,0,1693,1693
9001070500,"Fairfield, CT (CT)",0,1105,1105,0,2801,2801
9001070600,"Fairfield, CT (CT)",0,1336,1336,0,2445,2445
9001070900,"Fairfield, CT (CT)",0,837,837,0,2584,2584
9001071000,"Fairfield, CT (CT)",0,1245,1245,0,3563,3563
9001071100,"Fairfield, CT (CT)",0,1571,1571,0,4576,4576
9001071200,"Fairfield, CT (CT)",0,1980,1980,0,5205,5205
9001071300,"Fairfield, CT (CT)",0,1430,1430,0,3030,3030
9001071400,"Fairfield, CT (CT)",0,1363,1363,0,3861,3861
9001071600,"Fairfield, CT (CT)",0,846,846,0,2448,2448
9001071900,"Fairfield, CT (CT)",0,1687,1687,0,4831,4831
9001072000,"Fairfield, CT (CT)",0,1317,1317,0,3565,3565
9001072100,"Fairfield, CT (CT)",0,2656,2656,0,6094,6094
9001072200,"Fairfield, CT (CT)",0,1693,1693,0,3828,3828
9001072300,"Fairfield, CT (CT)",0,1836,1836,0,5396,5396
9001072400,"Fairfield, CT (CT)",0,946,946,0,2836,2836
9001072500,"Fairfield, CT (CT)",0,2341,2341,0,5726,5726
9001072600,"Fairfield, CT (CT)",0,3117,3117,0,7583,7583
9001072700,"Fairfield, CT (CT)",0,1332,1332,0,3726,3726
9001072800,"Fairfield, CT (CT)",0,1899,1899,0,5469,5469
9001072900,"Fairfield, CT (CT)",0,1552,1552,0,4594,4594
9001073000,"Fairfield, CT (CT)",0,698,698,0,1899,1899
9001073100,"Fairfield, CT (CT)",0,2473,2473,0,5853,5853
9001073200,"Fairfield, CT (CT)",0,1186,1186,0,2460,2460
9001073300,"Fairfield, CT (CT)",0,1457,1457,0,3351,3351
9001073400,"Fairfield, CT (CT)",0,1549,1549,0,4113,4113
9001073500,"Fairfield, CT (CT)",0,1313,1313,0,3456,3456
9001073600,"Fairfield, CT (CT)",0,821,821,0,2304,2304
9001073700,"Fairfield, CT (CT)",0,1963,1963,0,4824,4824
9001073800,"Fairfield, CT (CT)",0,812,812,0,2274,2274
9001073900,"Fairfield, CT (CT)",0,1350,1350,0,3395,3395
9001074000,"Fairfield, CT (CT)",0,669,669,0,1919,1919
9001074300,"Fairfield, CT (CT)",0,1780,1780,0,4267,4267
9001074400,"Fairfield, CT (CT)",0,1755,1755,0,4168,4168
9001080100,"Fairfield, CT (CT)",0,1933,1933,0,4843,4843
9001080200,"Fairfield, CT (CT)",0,1617,1617,0,4298,4298
9001080400,"Fairfield, CT (CT)",0,2268,2268,0,5956,5956
9001080500,"Fairfield, CT (CT)",0,1490,1490,0,3189,3189
9001080600,"Fairfield, CT (CT)",0,1197,1197,0,2580,2580
9001080700,"Fairfield, CT (CT)",0,929,929,0,1955,1955
9001080800,"Fairfield, CT (CT)",0,1879,1879,0,4800,4800
9001080900,"Fairfield, CT (CT)",0,1914,1914,0,4726,4726
9001081000,"Fairfield, CT (CT)",0,1793,1793,0,4376,4376
9001081100,"Fairfield, CT (CT)",0,1816,1816,0,4699,4699
9001081200,"Fairfield, CT (CT)",0,1996,1996,0,5231,5231
9001081300,"Fairfield, CT (CT)",0,2259,2259,0,4731,4731
9001090100,"Fairfield, CT (CT)",0,1248,1248,0,3315,3315
9001090200,"Fairfield, CT (CT)",1,2927,2928,0,7831,7831
9001090300,"Fairfield, CT (CT)",0,1670,1670,0,4561,4561
9001090400,"Fairfield, CT (CT)",0,2463,2463,0,6552,6552
9001090500,"Fairfield, CT (CT)",0,1715,1715,0,4718,4718
9001090600,"Fairfield, CT (CT)",0,1357,1357,0,3494,3494
9001090700,"Fairfield, CT (CT)",0,1776,1776,0,5547,5547
9001100100,"Fairfield, CT (CT)",191,1934,2125,489,5085,5574
9001100200,"Fairfield, CT (CT)",0,2439,2439,0,6979,6979
9001100300,"Fairfield, CT (CT)",441,1913,2354,1261,5665,6926
9001105100,"Fairfield, CT (CT)",450,1054,1504,1146,2930,4076
9001105200,"Fairfield, CT (CT)",1211,0,1211,3414,0,3414
9001110100,"Fairfield, CT (CT)",0,1111,1111,0,2321,2321
9001110201,"Fairfield, CT (CT)",0,1973,1973,0,4782,4782
9001110202,"Fairfield, CT (CT)",0,2073,2073,0,4756,4756
9001110301,"Fairfield, CT (CT)",0,2936,2936,0,6174,6174
9001110302,"Fairfield, CT (CT)",0,1186,1186,0,2602,2602
9001110400,"Fairfield, CT (CT)",0,1768,1768,0,4911,4911
9001110500,"Fairfield, CT (CT)",0,2069,2069,0,5928,5928
9001110600,"Fairfield, CT (CT)",0,3030,3030,0,8085,8085
9001200100,"Fairfield, CT (CT)",0,1500,1500,0,3606,3606
9001200200,"Fairfield, CT (CT)",0,2277,2277,0,4908,4908
9001200301,"Fairfield, CT (CT)",0,1647,1647,0,4852,4852
9001200302,"Fairfield, CT (CT)",490,1396,1886,1326,3892,5218
9001205100,"Fairfield, CT (CT)",0,1724,1724,0,4000,4000
9001205200,"Fairfield, CT (CT)",264,2263,2527,761,6293,7054
9001205300,"Fairfield, CT (CT)",0,2311,2311,0,5398,5398
9001210100,"Fairfield, CT (CT)",0,2587,2587,0,5986,5986
9001210200,"Fairfield, CT (CT)",0,2016,2016,0,6578,6578
9001210300,"Fairfield, CT (CT)",0,2003,2003,0,5305,5305
9001210400,"Fairfield, CT (CT)",0,3382,3382,0,8419,8419
9001210500,"Fairfield, CT (CT)",875,2445,3320,1918,5115,7033
9001210600,"Fairfield, CT (CT)",0,2406,2406,0,6173,6173
9001210701,"Fairfield, CT (CT)",0,1768,1768,0,5470,5470
9001210702,"Fairfield, CT (CT)",0,1593,1593,0,4478,4478
9001210800,"Fairfield, CT (CT)",214,1638,1852,607,5016,5623
9001210900,"Fairfield, CT (CT)",48,2103,2151,128,5585,5713
9001211000,"Fairfield, CT (CT)",0,1567,1567,0,4034,4034
9001211100,"Fairfield, CT (CT)",0,17,17,0,1375,1375
9001211200,"Fairfield, CT (CT)",0,2664,2664,0,6046,6046
9001211300,"Fairfield, CT (CT)",0,1491,1491,0,3635,3635
9001211400,"Fairfield, CT (CT)",0,2337,2337,0,5025,5025
9001220100,"Fairfield, CT (CT)",41,1810,1851,91,5102,5193
9001220200,"Fairfield, CT (CT)",358,1355,1713,983,3910,4893
9001220300,"Fairfield, CT (CT)",23,2006,2029,0,3795,3795
9001230100,"Fairfield, CT (CT)",469,2327,2796,1296,5765,7061
9001230200,"Fairfield, CT (CT)",5,727,732,15,1926,1941
9001230300,"Fairfield, CT (CT)",171,1115,1286,502,2939,3441
9001230400,"Fairfield, CT (CT)",1027,1014,2041,2808,2843,5651
9001230501,"Fairfield, CT (CT)",399,1134,1533,1176,3153,4329
9001230502,"Fairfield, CT (CT)",516,1157,1673,1512,3625,5137
9001240100,"Fairfield, CT (CT)",1335,676,2011,2916,1683,4599
9001240200,"Fairfield, CT (CT)",1486,314,1800,3686,873,4559
9001245100,"Fairfield, CT (CT)",0,998,998,0,2870,2870
9001245200,"Fairfield, CT (CT)",346,1224,1570,860,3537,4397
9001245300,"Fairfield, CT (CT)",8,2378,2386,22,4952,4974
9001245400,"Fairfield, CT (CT)",187,990,1177,560,2751,3311
9001245500,"Fairfield, CT (CT)",0,1168,1168,0,3099,3099
9001245600,"Fairfield, CT (CT)",268,1853,2121,729,5258,5987
9001257100,"Fairfield, CT (CT)",1450,381,1831,2910,671,3581
9001257200,"Fairfield, CT (CT)",0,1540,1540,0,3722,3722
9001990000,"Fairfield, CT (CT)",0,0,0,0,0,0
9003330100,"Hartford, CT (CT)",856,0,856,2114,0,2114
9003400100,"Hartford, CT (CT)",0,3109,3109,0,7195,7195
9003400200,"Hartford, CT (CT)",518,1668,2186,1427,4342,5769
9003400300,"Hartford, CT (CT)",276,2569,2845,748,6154,6902
9003405100,"Hartford, CT (CT)",0,1416,1416,0,3171,3171
9003405200,"Hartford, CT (CT)",0,1994,1994,0,4447,4447
9003405300,"Hartford, CT (CT)",0,2799,2799,0,6140,6140
9003405401,"Hartford, CT (CT)",0,1400,1400,0,3325,3325
9003405402,"Hartford, CT (CT)",0,2174,2174,0,3982,3982
9003405500,"Hartford, CT (CT)",0,2304,2304,0,5206,5206
9003405600,"Hartford, CT (CT)",0,3077,3077,0,7222,7222
9003405700,"Hartford, CT (CT)",0,1127,1127,0,2186,2186
9003405800,"Hartford, CT (CT)",17,3066,3083,42,7346,7388
9003405900,"Hartford, CT (CT)",0,1819,1819,0,4636,4636
9003406001,"Hartford, CT (CT)",0,1779,1779,0,4054,4054
9003406002,"Hartford, CT (CT)",0,2077,2077,0,4810,4810
9003406100,"Hartford, CT (CT)",0,1962,1962,0,3910,3910
9003410101,"Hartford, CT (CT)",1355,550,1905,3860,1386,5246
9003410102,"Hartford, CT (CT)",1216,268,1484,3361,694,4055
9003415300,"Hartford, CT (CT)",0,1029,1029,0,2282,2282
9003415400,"Hartford, CT (CT)",0,2480,2480,0,6289,6289
9003415500,"Hartford, CT (CT)",0,1179,1179,0,2930,2930
9003415600,"Hartford, CT (CT)",0,1817,1817,0,4215,4215
9003415700,"Hartford, CT (CT)",0,1475,1475,0,3266,3266
9003415800,"Hartford, CT (CT)",0,1201,1201,0,2473,2473
9003415900,"Hartford, CT (CT)",0,804,804,0,1788,1788
9003416000,"Hartford, CT (CT)",0,2167,2167,0,4516,4516
9003416100,"Hartford, CT (CT)",0,2127,2127,0,4809,4809
9003416200,"Hartford, CT (CT)",0,1374,1374,0,3102,3102
9003416300,"Hartford, CT (CT)",0,1695,1695,0,3737,3737
9003416400,"Hartford, CT (CT)",0,1363,1363,0,3313,3313
9003416500,"Hartford, CT (CT)",0,1852,1852,0,4703,4703
9003416600,"Hartford, CT (CT)",0,1255,1255,0,2937,2937
9003416700,"Hartford, CT (CT)",0,2762,2762,0,6561,6561
9003416800,"Hartford, CT (CT)",0,1350,1350,0,3019,3019
9003417100,"Hartford, CT (CT)",0,1039,1039,0,1886,1886
9003417200,"Hartford, CT (CT)",0,805,805,0,1822,1822
9003417300,"Hartford, CT (CT)",0,32,32,0,2150,2150
9003417400,"Hartford, CT (CT)",0,1479,1479,0,2954,2954
9003417500,"Hartford, CT (CT)",0,1941,1941,0,4454,4454
9003420400,"Hartford, CT (CT)",0,1236,1236,0,2839,2839
9003420500,"Hartford, CT (CT)",0,2614,2614,0,5442,5442
9003420600,"Hartford, CT (CT)",0,2733,2733,0,5880,5880
9003420700,"Hartford, CT (CT)",0,1480,1480,0,3555,3555
9003430100,"Hartford, CT (CT)",0,1817,1817,0,4103,4103
9003430201,"Hartford, CT (CT)",0,1400,1400,0,3388,3388
9003430202,"Hartford, CT (CT)",90,1608,1698,243,4466,4709
9003430203,"Hartford, CT (CT)",0,1921,1921,0,4212,4212
9003430301,"Hartford, CT (CT)",19,1312,1331,56,3543,3599
9003430302,"Hartford, CT (CT)",0,1070,1070,0,2755,2755
9003430400,"Hartford, CT (CT)",45,2123,2168,138,4911,5049
9003430500,"Hartford, CT (CT)",195,2209,2404,535,6012,6547
9003430601,"Hartford, CT (CT)",117,2105,2222,340,4862,5202
9003430602,"Hartford, CT (CT)",0,1416,1416,0,3505,3505
9003460100,"Hartford, CT (CT)",0,1467,1467,0,3325,3325
9003460202,"Hartford, CT (CT)",228,1560,1788,535,3584,4119
9003460203,"Hartford, CT (CT)",141,1387,1528,263,2755,3018
9003460204,"Hartford, CT (CT)",0,2644,2644,0,5941,5941
9003460301,"Hartford, CT (CT)",0,2010,2010,0,4982,4982
9003460302,"Hartford, CT (CT)",0,1714,1714,0,4033,4033
9003462101,"Hartford, CT (CT)",0,2511,2511,0,5833,5833
9003462102,"Hartford, CT (CT)",0,1376,1376,0,4239,4239
9003462201,"Hartford, CT (CT)",22,2152,2174,53,5203,5256
9003462202,"Hartford, CT (CT)",447,836,1283,1043,1649,2692
9003464101,"Hartford, CT (CT)",1437,625,2062,3780,1505,5285
9003464102,"Hartford, CT (CT)",35,2242,2277,55,4952,5007
9003466101,"Hartford, CT (CT)",0,1800,1800,0,4200,4200
9003466102,"Hartford, CT (CT)",0,1854,1854,0,4978,4978
9003466201,"Hartford, CT (CT)",0,946,946,0,2318,2318
9003466202,"Hartford, CT (CT)",466,1191,1657,1324,3408,4732
9003466300,"Hartford, CT (CT)",1,1796,1797,1,4865,4866
9003466400,"Hartford, CT (CT)",344,725,1069,887,1530,2417
9003468101,"Hartford, CT (CT)",1815,917,2732,4976,2492,7468
9003468102,"Hartford, CT (CT)",245,1383,1628,498,3316,3814
9003470100,"Hartford, CT (CT)",1436,716,2152,3496,1652,5148
9003471100,"Hartford, CT (CT)",0,1359,1359,0,3635,3635
9003471200,"Hartford, CT (CT)",0,1201,1201,0,3347,3347
9003471300,"Hartford, CT (CT)",0,2129,2129,0,4577,4577
9003471400,"Hartford, CT (CT)",426,2308,2734,970,4545,5515
9003471500,"Hartford, CT (CT)",0,1596,1596,0,3412,3412
9003473100,"Hartford, CT (CT)",0,2250,2250,0,6246,6246
9003473400,"Hartford, CT (CT)",0,936,936,0,1854,1854
9003473501,"Hartford, CT (CT)",0,1787,1787,0,4400,4400
9003473502,"Hartford, CT (CT)",71,1322,1393,167,3074,3241
9003473601,"Hartford, CT (CT)",240,1122,1362,623,2697,3320
9003473602,"Hartford, CT (CT)",0,1032,1032,0,2260,2260
9003473700,"Hartford, CT (CT)",0,2278,2278,0,5865,5865
9003473800,"Hartford, CT (CT)",0,729,729,0,1858,1858
9003476100,"Hartford, CT (CT)",0,2008,2008,0,4570,4570
9003476200,"Hartford, CT (CT)",0,1155,1155,0,2814,2814
9003476300,"Hartford, CT (CT)",0,2266,2266,0,5114,5114
9003477101,"Hartford, CT (CT)",834,859,1693,2166,2093,4259
9003477102,"Hartford, CT (CT)",37,2514,2551,103,8418,8521
9003477200,"Hartford, CT (CT)",684,541,1225,1756,1199,2955
9003480300,"Hartford, CT (CT)",0,971,971,0,2244,2244
9003480400,"Hartford, CT (CT)",0,1468,1468,0,3730,3730
9003480500,"Hartford, CT (CT)",0,1394,1394,0,3253,3253
9003480600,"Hartford, CT (CT)",0,2283,2283,0,4955,4955
9003480700,"Hartford, CT (CT)",0,911,911,0,2210,2210
9003480800,"Hartford, CT (CT)",0,2070,2070,0,4425,4425
9003480900,"Hartford, CT (CT)",0,912,912,0,2246,2246
9003481000,"Hartford, CT (CT)",229,1077,1306,666,2978,3644
9003481100,"Hartford, CT (CT)",0,1549,1549,0,3855,3855
9003481200,"Hartford, CT (CT)",0,1733,1733,0,3769,3769
9003481300,"Hartford, CT (CT)",39,1153,1192,90,2942,3032
9003484100,"Hartford, CT (CT)",1265,1386,2651,2723,2804,5527
9003484200,"Hartford, CT (CT)",600,1794,2394,1483,4152,5635
9003487100,"Hartford, CT (CT)",2,2492,2494,6,6775,6781
9003487201,"Hartford, CT (CT)",0,1791,1791,0,4567,4567
9003487202,"Hartford, CT (CT)",0,1159,1159,0,3659,3659
9003487300,"Hartford, CT (CT)",198,453,651,465,1130,1595
9003487400,"Hartford, CT (CT)",0,967,967,0,2317,2317
9003487500,"Hartford, CT (CT)",0,3181,3181,0,6790,6790
9003490100,"Hartford, CT (CT)",0,2698,2698,0,5316,5316
9003490302,"Hartford, CT (CT)",0,3717,3717,0,8249,8249
9003492100,"Hartford, CT (CT)",0,1488,1488,0,3319,3319
9003492200,"Hartford, CT (CT)",0,1790,1790,0,4163,4163
9003492300,"Hartford, CT (CT)",0,2745,2745,0,5815,5815
9003492400,"Hartford, CT (CT)",0,1215,1215,0,2967,2967
9003492500,"Hartford, CT (CT)",0,1443,1443,0,3433,3433
9003492600,"Hartford, CT (CT)",0,2996,2996,0,6971,6971
9003494100,"Hartford, CT (CT)",0,2804,2804,0,6048,6048
9003494201,"Hartford, CT (CT)",0,1857,1857,0,4822,4822
9003494202,"Hartford, CT (CT)",0,1193,1193,0,2815,2815
9003494300,"Hartford, CT (CT)",0,1619,1619,0,4140,4140
9003494400,"Hartford, CT (CT)",0,2025,2025,0,4758,4758
9003494500,"Hartford, CT (CT)",0,1901,1901,0,4497,4497
9003494600,"Hartford, CT (CT)",0,1612,1612,0,3482,3482
9003496100,"Hartford, CT (CT)",0,1121,1121,0,2691,2691
9003496200,"Hartford, CT (CT)",0,1924,1924,0,4592,4592
9003496300,"Hartford, CT (CT)",0,1502,1502,0,3565,3565
9003496400,"Hartford, CT (CT)",0,1166,1166,0,2954,2954
9003496500,"Hartford, CT (CT)",0,1093,1093,0,2700,2700
9003496600,"Hartford, CT (CT)",0,1193,1193,0,2741,2741
9003496700,"Hartford, CT (CT)",0,1701,1701,0,3979,3979
9003496800,"Hartford, CT (CT)",0,1416,1416,0,3523,3523
9003496900,"Hartford, CT (CT)",0,3122,3122,0,6332,6332
9003497000,"Hartford, CT (CT)",0,1598,1598,0,4342,4342
9003497100,"Hartford, CT (CT)",0,2106,2106,0,4070,4070
9003497200,"Hartford, CT (CT)",0,757,757,0,2415,2415
9003497300,"Hartford, CT (CT)",0,1833,1833,0,5207,5207
9003497400,"Hartford, CT (CT)",0,1509,1509,0,3834,3834
9003497500,"Hartford, CT (CT)",0,1697,1697,0,3841,3841
9003497600,"Hartford, CT (CT)",0,1015,1015,0,2342,2342
9003497700,"Hartford, CT (CT)",76,1567,1643,231,3909,4140
9003500100,"Hartford, CT (CT)",0,1493,1493,0,4099,4099
9003500200,"Hartford, CT (CT)",0,955,955,0,2335,2335
9003500300,"Hartford, CT (CT)",0,1102,1102,0,2343,2343
9003500400,"Hartford, CT (CT)",0,709,709,0,1687,1687
9003500500,"Hartford, CT (CT)",0,794,794,0,1477,1477
9003500700,"Hartford, CT (CT)",0,0,0,0,1095,1095
9003500900,"Hartford, CT (CT)",0,791,791,0,2124,2124
9003501200,"Hartford, CT (CT)",0,1054,1054,0,2369,2369
9003501300,"Hartford, CT (CT)",0,737,737,0,1735,1735
9003501400,"Hartford, CT (CT)",0,1250,1250,0,2641,2641
9003501500,"Hartford, CT (CT)",0,1531,1531,0,3550,3550
9003501700,"Hartford, CT (CT)",0,534,534,0,1318,1318
9003501800,"Hartford, CT (CT)",0,1134,1134,0,2863,2863
9003502100,"Hartford, CT (CT)",0,1478,1478,0,1852,1852
9003502300,"Hartford, CT (CT)",0,2082,2082,0,5998,5998
9003502400,"Hartford, CT (CT)",0,2281,2281,0,6055,6055
9003502500,"Hartford, CT (CT)",0,798,798,0,1828,1828
9003502600,"Hartford, CT (CT)",0,1419,1419,0,3838,3838
9003502700,"Hartford, CT (CT)",0,1592,1592,0,5240,5240
9003502800,"Hartford, CT (CT)",0,1136,1136,0,3283,3283
9003502900,"Hartford, CT (CT)",0,1441,1441,0,2938,2938
9003503000,"Hartford, CT (CT)",0,1262,1262,0,3255,3255
9003503100,"Hartford, CT (CT)",0,2963,2963,0,4478,4478
9003503300,"Hartford, CT (CT)",0,1499,1499,0,2390,2390
9003503500,"Hartford, CT (CT)",0,682,682,0,1622,1622
9003503700,"Hartford, CT (CT)",0,1064,1064,0,2651,2651
9003503800,"Hartford, CT (CT)",0,785,785,0,3508,3508
9003503900,"Hartford, CT (CT)",0,1888,1888,0,5203,5203
9003504000,"Hartford, CT (CT)",0,1152,1152,0,3413,3413
9003504100,"Hartford, CT (CT)",0,699,699,0,1855,1855
9003504200,"Hartford, CT (CT)",0,2808,2808,0,5123,5123
9003504300,"Hartford, CT (CT)",0,1203,1203,0,2946,2946
9003504500,"Hartford, CT (CT)",0,1398,1398,0,3701,3701
9003504800,"Hartford, CT (CT)",0,1694,1694,0,4560,4560
9003504900,"Hartford, CT (CT)",0,1608,1608,0,4548,4548
9003510100,"Hartford, CT (CT)",0,904,904,0,2232,2232
9003510200,"Hartford, CT (CT)",0,1020,1020,0,2502,2502
9003510300,"Hartford, CT (CT)",0,1663,1663,0,4310,4310
9003510400,"Hartford, CT (CT)",0,2462,2462,0,5659,5659
9003510500,"Hartford, CT (CT)",0,1454,1454,0,3458,3458
9003510600,"Hartford, CT (CT)",0,2269,2269,0,5007,5007
9003510700,"Hartford, CT (CT)",0,2061,2061,0,4961,4961
9003510800,"Hartford, CT (CT)",0,1574,1574,0,3143,3143
9003510900,"Hartford, CT (CT)",0,1465,1465,0,3680,3680
9003511000,"Hartford, CT (CT)",0,1397,1397,0,3415,3415
9003511100,"Hartford, CT (CT)",0,1419,1419,0,3592,3592
9003511200,"Hartford, CT (CT)",0,1307,1307,0,3363,3363
9003511300,"Hartford, CT (CT)",0,1451,1451,0,3509,3509
9003511400,"Hartford, CT (CT)",0,882,882,0,2421,2421
9003514101,"Hartford, CT (CT)",0,1484,1484,0,3659,3659
9003514102,"Hartford, CT (CT)",0,3687,3687,0,7398,7398
9003514200,"Hartford, CT (CT)",0,1487,1487,0,3076,3076
9003514300,"Hartford, CT (CT)",0,1817,1817,0,4291,4291
9003514400,"Hartford, CT (CT)",0,2061,2061,0,4768,4768
9003514500,"Hartford, CT (CT)",0,1854,1854,0,4364,4364
9003514600,"Hartford, CT (CT)",0,2461,2461,0,5261,5261
9003514700,"Hartford, CT (CT)",0,2308,2308,0,4298,4298
9003514800,"Hartford, CT (CT)",0,1426,1426,0,3485,3485
9003514900,"Hartford, CT (CT)",0,1222,1222,0,2881,2881
9003515000,"Hartford, CT (CT)",0,1238,1238,0,2923,2923
9003515101,"Hartford, CT (CT)",0,1004,1004,0,2555,2555
9003515102,"Hartford, CT (CT)",0,2464,2464,0,5866,5866
9003515200,"Hartford, CT (CT)",263,1220,1483,669,2747,3416
9003520100,"Hartford, CT (CT)",0,2164,2164,0,5830,5830
9003520201,"Hartford, CT (CT)",469,780,1249,1374,2365,3739
9003520202,"Hartford, CT (CT)",557,980,1537,1562,2718,4280
9003520301,"Hartford, CT (CT)",0,1902,1902,0,4578,4578
9003520302,"Hartford, CT (CT)",0,2091,2091,0,3877,3877
9003520400,"Hartford, CT (CT)",31,3023,3054,70,7648,7718
9003520501,"Hartford, CT (CT)",301,1358,1659,728,3677,4405
9003524100,"Hartford, CT (CT)",978,1411,2389,2727,3677,6404
9003524200,"Hartford, CT (CT)",0,2428,2428,0,6144,6144
9003524300,"Hartford, CT (CT)",0,1769,1769,0,7291,7291
9003524400,"Hartford, CT (CT)",0,1336,1336,0,3057,3057
9003524501,"Hartford, CT (CT)",0,1341,1341,0,2704,2704
9003524502,"Hartford, CT (CT)",0,1189,1189,0,2158,2158
9003524600,"Hartford, CT (CT)",0,1664,1664,0,3311,3311
9003524700,"Hartford, CT (CT)",0,1276,1276,0,3624,3624
9003980000,"Hartford, CT (CT)",0,0,0,0,0,0
9005250100,"Litchfield, CT (CT)",881,0,881,1727,0,1727
9005253100,"Litchfield, CT (CT)",0,1540,1540,0,3511,3511
9005253200,"Litchfield, CT (CT)",470,2274,2744,1336,6093,7429
9005253300,"Litchfield, CT (CT)",0,940,940,0,2215,2215
9005253400,"Litchfield, CT (CT)",775,2012,2787,1798,4510,6308
9005253500,"Litchfield, CT (CT)",1467,987,2454,3555,2559,6114
9005253600,"Litchfield, CT (CT)",5,1261,1266,14,2551,2565
9005260200,"Litchfield, CT (CT)",1587,0,1587,3315,0,3315
9005261100,"Litchfield, CT (CT)",2593,0,2593,3741,0,3741
9005262100,"Litchfield, CT (CT)",1775,0,1775,2782,0,2782
9005263200,"Litchfield, CT (CT)",1007,0,1007,1420,0,1420
9005265100,"Litchfield, CT (CT)",811,0,811,1461,0,1461
9005266100,"Litchfield, CT (CT)",1665,0,1665,2979,0,2979
9005267100,"Litchfield, CT (CT)",2048,76,2124,3454,124,3578
9005268100,"Litchfield, CT (CT)",1162,5,1167,2253,9,2262
9005290100,"Litchfield, CT (CT)",1448,141,1589,3508,291,3799
9005293100,"Litchfield, CT (CT)",722,0,722,1485,0,1485
9005296100,"Litchfield, CT (CT)",1664,0,1664,2976,0,2976
9005298300,"Litchfield, CT (CT)",485,687,1172,1233,1534,2767
9005298400,"Litchfield, CT (CT)",1110,0,1110,2875,0,2875
9005300100,"Litchfield, CT (CT)",842,539,1381,1689,1027,2716
9005300400,"Litchfield, CT (CT)",651,266,917,1413,661,2074
9005300500,"Litchfield, CT (CT)",1001,676,1677,2405,1271,3676
9005303100,"Litchfield, CT (CT)",1314,0,1314,2388,0,2388
9005306100,"Litchfield, CT (CT)",1994,929,2923,4954,2016,6970
9005310100,"Litchfield, CT (CT)",0,1954,1954,0,4406,4406
9005310200,"Litchfield, CT (CT)",0,1362,1362,0,2929,2929
9005310300,"Litchfield, CT (CT)",0,970,970,0,1817,1817
9005310400,"Litchfield, CT (CT)",0,1208,1208,0,2644,2644
9005310500,"Litchfield, CT (CT)",0,919,919,0,1806,1806
9005310601,"Litchfield, CT (CT)",33,1354,1387,74,3666,3740
9005310602,"Litchfield, CT (CT)",0,1955,1955,0,4605,4605
9005310700,"Litchfield, CT (CT)",1635,823,2458,2738,1541,4279
9005310801,"Litchfield, CT (CT)",0,1137,1137,0,2414,2414
9005310803,"Litchfield, CT (CT)",0,2248,2248,0,4826,4826
9005310804,"Litchfield, CT (CT)",203,960,1163,507,2410,2917
9005320100,"Litchfield, CT (CT)",563,2561,3124,1234,5111,6345
9005320200,"Litchfield, CT (CT)",937,1552,2489,1987,2910,4897
9005342100,"Litchfield, CT (CT)",1575,0,1575,3607,0,3607
9005349100,"Litchfield, CT (CT)",107,1888,1995,288,4757,5045
9005349200,"Litchfield, CT (CT)",32,1249,1281,112,2730,2842
9005360100,"Litchfield, CT (CT)",0,2267,2267,0,5357,5357
9005360200,"Litchfield, CT (CT)",756,2167,2923,2006,5759,7765
9005360300,"Litchfield, CT (CT)",0,1433,1433,0,3396,3396
9005360400,"Litchfield, CT (CT)",0,2473,2473,0,5996,5996
9005362101,"Litchfield, CT (CT)",557,1565,2122,1215,2944,4159
9005362102,"Litchfield, CT (CT)",2093,349,2442,5077,739,5816
9005425300,"Litchfield, CT (CT)",304,1382,1686,729,3378,4107
9005425400,"Litchfield, CT (CT)",536,1355,1891,1444,3374,4818
9005425500,"Litchfield, CT (CT)",0,1532,1532,0,3318,3318
9005425600,"Litchfield, CT (CT)",1746,0,1746,2943,0,2943
9007541100,"Middlesex, CT (CT)",0,1240,1240,0,2579,2579
9007541200,"Middlesex, CT (CT)",0,2381,2381,0,5190,5190
9007541300,"Middlesex, CT (CT)",0,3562,3562,0,6207,6207
9007541401,"Middlesex, CT (CT)",297,919,1216,830,2509,3339
9007541402,"Middlesex, CT (CT)",0,2663,2663,0,5479,5479
9007541500,"Middlesex, CT (CT)",0,755,755,0,3227,3227
9007541600,"Middlesex, CT (CT)",0,872,872,0,1540,1540
9007541700,"Middlesex, CT (CT)",0,1608,1608,0,3740,3740
9007542000,"Middlesex, CT (CT)",0,2012,2012,0,4439,4439
9007542100,"Middlesex, CT (CT)",0,1509,1509,0,3544,3544
9007542200,"Middlesex, CT (CT)",0,747,747,0,1638,1638
9007550100,"Middlesex, CT (CT)",402,2250,2652,1062,4767,5829
9007550201,"Middlesex, CT (CT)",701,807,1508,1977,1977,3954
9007550202,"Middlesex, CT (CT)",621,704,1325,1483,1693,3176
9007560100,"Middlesex, CT (CT)",912,1499,2411,2218,3598,5816
9007560200,"Middlesex, CT (CT)",0,1666,1666,0,3692,3692
9007570100,"Middlesex, CT (CT)",0,2137,2137,0,4675,4675
9007570200,"Middlesex, CT (CT)",0,1298,1298,0,3388,3388
9007570300,"Middlesex, CT (CT)",0,2566,2566,0,5942,5942
9007580100,"Middlesex, CT (CT)",664,1199,1863,1746,2679,4425
9007585100,"Middlesex, CT (CT)",1085,1609,2694,3067,4321,7388
9007590100,"Middlesex, CT (CT)",2464,1040,3504,5934,2412,8346
9007595101,"Middlesex, CT (CT)",1356,542,1898,3097,600,3697
9007595102,"Middlesex, CT (CT)",1405,1205,2610,2875,2554,5429
9007600100,"Middlesex, CT (CT)",979,944,1923,1904,2090,3994
9007610100,"Middlesex, CT (CT)",0,1109,1109,0,2149,2149
9007610200,"Middlesex, CT (CT)",0,2083,2083,0,3513,3513
9007610300,"Middlesex, CT (CT)",162,1457,1619,412,3800,4212
9007610400,"Middlesex, CT (CT)",43,1211,1254,123,3263,3386
9007620100,"Middlesex, CT (CT)",847,1249,2096,1963,2666,4629
9007630100,"Middlesex, CT (CT)",579,2682,3261,1110,5573,6683
9007640100,"Middlesex, CT (CT)",2430,168,2598,5997,528,6525
9007670100,"Middlesex, CT (CT)",523,1897,2420,1332,3516,4848
9007670200,"Middlesex, CT (CT)",4,3178,3182,7,5387,5394
9007680100,"Middlesex, CT (CT)",835,3102,3937,2101,4837,6938
9007680200,"Middlesex, CT (CT)",577,2081,2658,1419,5307,6726
9007990100,"Middlesex, CT (CT)",0,0,0,0,0,0
9009120100,"New Haven, CT (CT)",0,2940,2940,0,6721,6721
9009120200,"New Haven, CT (CT)",0,2909,2909,0,6181,6181
9009125100,"New Haven, CT (CT)",0,1757,1757,0,4503,4503
9009125200,"New Haven, CT (CT)",0,2605,2605,0,5812,5812
9009125300,"New Haven, CT (CT)",0,2293,2293,0,5540,5540
9009125400,"New Haven, CT (CT)",0,1493,1493,0,3394,3394
9009130101,"New Haven, CT (CT)",1,2168,2169,1,4910,4911
9009130102,"New Haven, CT (CT)",0,1320,1320,0,3113,3113
9009130200,"New Haven, CT (CT)",0,3479,3479,0,8516,8516
9009140100,"New Haven, CT (CT)",0,2268,2268,0,2426,2426
9009140200,"New Haven, CT (CT)",0,752,752,0,1518,1518
9009140300,"New Haven, CT (CT)",0,842,842,0,2737,2737
9009140400,"New Haven, CT (CT)",0,1307,1307,0,3329,3329
9009140500,"New Haven, CT (CT)",0,1290,1290,0,3687,3687
9009140600,"New Haven, CT (CT)",0,1844,1844,0,4745,4745
9009140700,"New Haven, CT (CT)",0,2083,2083,0,3979,3979
9009140800,"New Haven, CT (CT)",0,1630,1630,0,3964,3964
9009140900,"New Haven, CT (CT)",0,2100,2100,0,4476,4476
9009141000,"New Haven, CT (CT)",0,1847,1847,0,3729,3729
9009141100,"New Haven, CT (CT)",0,1152,1152,0,2777,2777
9009141200,"New Haven, CT (CT)",0,1928,1928,0,4426,4426
9009141300,"New Haven, CT (CT)",0,1921,1921,0,5913,5913
9009141400,"New Haven, CT (CT)",0,1938,1938,0,5023,5023
9009141500,"New Haven, CT (CT)",0,2911,2911,0,6873,6873
9009141600,"New Haven, CT (CT)",0,2043,2043,0,5169,5169
9009141800,"New Haven, CT (CT)",0,1799,1799,0,3892,3892
9009141900,"New Haven, CT (CT)",0,2572,2572,0,5063,5063
9009142000,"New Haven, CT (CT)",0,2046,2046,0,3396,3396
9009142100,"New Haven, CT (CT)",0,749,749,0,1744,1744
9009142200,"New Haven, CT (CT)",0,1043,1043,0,1581,1581
9009142300,"New Haven, CT (CT)",0,2115,2115,0,5448,5448
9009142400,"New Haven, CT (CT)",0,2057,2057,0,5360,5360
9009142500,"New Haven, CT (CT)",0,2149,2149,0,5929,5929
9009142601,"New Haven, CT (CT)",0,2478,2478,0,5926,5926
9009142603,"New Haven, CT (CT)",0,2286,2286,0,3960,3960
9009142604,"New Haven, CT (CT)",0,1109,1109,0,2914,2914
9009142700,"New Haven, CT (CT)",0,2662,2662,0,6654,6654
9009142800,"New Haven, CT (CT)",0,2161,2161,0,4841,4841
9009150100,"New Haven, CT (CT)",0,2196,2196,0,4123,4123
9009150200,"New Haven, CT (CT)",0,1577,1577,0,3622,3622
9009150300,"New Haven, CT (CT)",0,1736,1736,0,3953,3953
9009150400,"New Haven, CT (CT)",0,2118,2118,0,4284,4284
9009150500,"New Haven, CT (CT)",0,1756,1756,0,4308,4308
9009150600,"New Haven, CT (CT)",0,2591,2591,0,6407,6407
9009150700,"New Haven, CT (CT)",0,1540,1540,0,4361,4361
9009150800,"New Haven, CT (CT)",0,1699,1699,0,3950,3950
9009150900,"New Haven, CT (CT)",0,1617,1617,0,3958,3958
9009151000,"New Haven, CT (CT)",0,2082,2082,0,4126,4126
9009151100,"New Haven, CT (CT)",0,2861,2861,0,6579,6579
9009151200,"New Haven, CT (CT)",0,1301,1301,0,3088,3088
9009154100,"New Haven, CT (CT)",0,3143,3143,0,8070,8070
9009154200,"New Haven, CT (CT)",0,2891,2891,0,7176,7176
9009154500,"New Haven, CT (CT)",0,1979,1979,0,4813,4813
9009154600,"New Haven, CT (CT)",0,1771,1771,0,4029,4029
9009154700,"New Haven, CT (CT)",0,2580,2580,0,6384,6384
9009154800,"New Haven, CT (CT)",0,2119,2119,0,5135,5135
9009154900,"New Haven, CT (CT)",0,1726,1726,0,3670,3670
9009155000,"New Haven, CT (CT)",0,2284,2284,0,5290,5290
9009155100,"New Haven, CT (CT)",0,1895,1895,0,3390,3390
9009157100,"New Haven, CT (CT)",0,1191,1191,0,2603,2603
9009157200,"New Haven, CT (CT)",0,1383,1383,0,3837,3837
9009157300,"New Haven, CT (CT)",0,1196,1196,0,3310,3310
9009157400,"New Haven, CT (CT)",0,1575,1575,0,4206,4206
9009160100,"New Haven, CT (CT)",0,1272,1272,0,3443,3443
9009160200,"New Haven, CT (CT)",261,1945,2206,673,4874,5547
9009161100,"New Haven, CT (CT)",1412,632,2044,3780,1783,5563
9009165100,"New Haven, CT (CT)",0,1602,1602,0,3928,3928
9009165200,"New Haven, CT (CT)",0,1167,1167,0,2485,2485
9009165300,"New Haven, CT (CT)",0,1065,1065,0,2289,2289
9009165400,"New Haven, CT (CT)",0,2638,2638,0,5112,5112
9009165500,"New Haven, CT (CT)",0,1934,1934,0,4959,4959
9009165600,"New Haven, CT (CT)",0,2327,2327,0,5569,5569
9009165700,"New Haven, CT (CT)",0,1538,1538,0,4588,4588
9009165801,"New Haven, CT (CT)",0,2851,2851,0,5434,5434
9009165802,"New Haven, CT (CT)",87,1456,1543,235,3851,4086
9009165900,"New Haven, CT (CT)",236,2516,2752,670,7227,7897
9009166001,"New Haven, CT (CT)",0,3605,3605,0,6887,6887
9009166002,"New Haven, CT (CT)",205,1887,2092,530,7196,7726
9009167100,"New Haven, CT (CT)",29,3205,3234,67,7676,7743
9009167201,"New Haven, CT (CT)",0,1746,1746,0,4176,4176
9009167202,"New Haven, CT (CT)",0,1840,1840,0,4485,4485
9009167300,"New Haven, CT (CT)",0,2671,2671,0,7689,7689
9009170100,"New Haven, CT (CT)",0,818,818,0,2022,2022
9009170200,"New Haven, CT (CT)",0,1299,1299,0,2505,2505
9009170300,"New Haven, CT (CT)",0,899,899,0,2147,2147
9009170400,"New Haven, CT (CT)",0,736,736,0,1747,1747
9009170500,"New Haven, CT (CT)",0,2235,2235,0,5781,5781
9009170600,"New Haven, CT (CT)",0,1121,1121,0,2518,2518
9009170700,"New Haven, CT (CT)",0,1059,1059,0,2598,2598
9009170800,"New Haven, CT (CT)",0,2481,2481,0,5741,5741
9009170900,"New Haven, CT (CT)",0,816,816,0,2006,2006
9009171000,"New Haven, CT (CT)",0,917,917,0,1869,1869
9009171100,"New Haven, CT (CT)",0,2523,2523,0,5784,5784
9009171200,"New Haven, CT (CT)",5,3280,3285,16,8002,8018
9009171300,"New Haven, CT (CT)",0,1519,1519,0,3694,3694
9009171400,"New Haven, CT (CT)",0,910,910,0,2128,2128
9009171500,"New Haven, CT (CT)",0,1414,1414,0,3656,3656
9009171600,"New Haven, CT (CT)",0,2190,2190,0,4808,4808
9009171700,"New Haven, CT (CT)",177,1493,1670,397,3449,3846
9009175100,"New Haven, CT (CT)",0,1432,1432,0,3244,3244
9009175200,"New Haven, CT (CT)",0,1140,1140,0,2315,2315
9009175300,"New Haven, CT (CT)",0,1839,1839,0,4327,4327
9009175400,"New Haven, CT (CT)",0,1988,1988,0,4431,4431
9009175500,"New Haven, CT (CT)",9,3484,3493,25,7880,7905
9009175600,"New Haven, CT (CT)",0,2026,2026,0,5009,5009
9009175700,"New Haven, CT (CT)",0,942,942,0,2496,2496
9009175800,"New Haven, CT (CT)",0,1443,1443,0,4014,4014
9009175900,"New Haven, CT (CT)",0,2264,2264,0,5043,5043
9009176000,"New Haven, CT (CT)",610,1768,2378,1694,4657,6351
9009180100,"New Haven, CT (CT)",0,3292,3292,0,6811,6811
9009180200,"New Haven, CT (CT)",0,2539,2539,0,5545,5545
9009180300,"New Haven, CT (CT)",0,1126,1126,0,2546,2546
9009180400,"New Haven, CT (CT)",0,975,975,0,2690,2690
9009180500,"New Haven, CT (CT)",0,1839,1839,0,4692,4692
9009180601,"New Haven, CT (CT)",0,1260,1260,0,3151,3151
9009180602,"New Haven, CT (CT)",0,1502,1502,0,3822,3822
9009184100,"New Haven, CT (CT)",0,2817,2817,0,5083,5083
9009184200,"New Haven, CT (CT)",0,1961,1961,0,4065,4065
9009184300,"New Haven, CT (CT)",0,2323,2323,0,4279,4279
9009184400,"New Haven, CT (CT)",8,1807,1815,0,3327,3327
9009184500,"New Haven, CT (CT)",0,1043,1043,0,2512,2512
9009184600,"New Haven, CT (CT)",213,1196,1409,297,2555,2852
9009184700,"New Haven, CT (CT)",28,2576,2604,61,5847,5908
9009186100,"New Haven, CT (CT)",117,2924,3041,338,6971,7309
9009186200,"New Haven, CT (CT)",333,2255,2588,937,6161,7098
9009190100,"New Haven, CT (CT)",0,1622,1622,0,3340,3340
9009190200,"New Haven, CT (CT)",703,1233,1936,1354,2008,3362
9009190301,"New Haven, CT (CT)",82,2415,2497,210,6581,6791
9009190302,"New Haven, CT (CT)",114,2073,2187,247,5201,5448
9009190303,"New Haven, CT (CT)",849,505,1354,2178,1256,3434
9009194100,"New Haven, CT (CT)",0,3228,3228,0,5154,5154
9009194201,"New Haven, CT (CT)",534,2293,2827,1603,6234,7837
9009194202,"New Haven, CT (CT)",317,1677,1994,849,4429,5278
9009341100,"New Haven, CT (CT)",404,2105,2509,1042,5007,6049
9009343101,"New Haven, CT (CT)",1,1346,1347,1,5809,5810
9009343102,"New Haven, CT (CT)",0,1523,1523,0,3653,3653
9009343200,"New Haven, CT (CT)",347,1959,2306,958,5291,6249
9009343300,"New Haven, CT (CT)",180,2625,2805,508,6301,6809
9009343400,"New Haven, CT (CT)",167,2276,2443,461,6279,6740
9009344100,"New Haven, CT (CT)",84,1755,1839,197,4659,4856
9009344200,"New Haven, CT (CT)",585,468,1053,1396,1323,2719
9009345100,"New Haven, CT (CT)",0,2932,2932,0,6979,6979
9009345201,"New Haven, CT (CT)",0,2708,2708,0,7065,7065
9009345202,"New Haven, CT (CT)",0,1618,1618,0,4229,4229
9009345300,"New Haven, CT (CT)",420,2375,2795,1115,5340,6455
9009345400,"New Haven, CT (CT)",0,3008,3008,0,7134,7134
9009346101,"New Haven, CT (CT)",555,2043,2598,1335,5339,6674
9009346102,"New Haven, CT (CT)",1055,1093,2148,2962,3047,6009
9009347100,"New Haven, CT (CT)",131,1932,2063,377,5150,5527
9009347200,"New Haven, CT (CT)",211,1200,1411,681,3197,3878
9009348111,"New Haven, CT (CT)",724,251,975,1848,1054,2902
9009348122,"New Haven, CT (CT)",117,1393,1510,280,4069,4349
9009348123,"New Haven, CT (CT)",221,1902,2123,570,5169,5739
9009348124,"New Haven, CT (CT)",0,1594,1594,0,2330,2330
9009348125,"New Haven, CT (CT)",0,2889,2889,0,4584,4584
9009350100,"New Haven, CT (CT)",0,2823,2823,0,4852,4852
9009350200,"New Haven, CT (CT)",0,1463,1463,0,3355,3355
9009350300,"New Haven, CT (CT)",0,893,893,0,1969,1969
9009350400,"New Haven, CT (CT)",0,1191,1191,0,2487,2487
9009350500,"New Haven, CT (CT)",0,1062,1062,0,2498,2498
9009350800,"New Haven, CT (CT)",0,2455,2455,0,5998,5998
9009350900,"New Haven, CT (CT)",0,708,708,0,1987,1987
9009351000,"New Haven, CT (CT)",0,1466,1466,0,3678,3678
9009351100,"New Haven, CT (CT)",0,1908,1908,0,3928,3928
9009351200,"New Haven, CT (CT)",0,1544,1544,0,3862,3862
9009351300,"New Haven, CT (CT)",0,2315,2315,0,5535,5535
9009351400,"New Haven, CT (CT)",0,1669,1669,0,4352,4352
9009351500,"New Haven, CT (CT)",0,1985,1985,0,4915,4915
9009351601,"New Haven, CT (CT)",0,1544,1544,0,3281,3281
9009351602,"New Haven, CT (CT)",0,3003,3003,0,6221,6221
9009351700,"New Haven, CT (CT)",0,1376,1376,0,2717,2717
9009351800,"New Haven, CT (CT)",0,2090,2090,0,4252,4252
9009351900,"New Haven, CT (CT)",0,869,869,0,2456,2456
9009352000,"New Haven, CT (CT)",0,1902,1902,0,4920,4920
9009352100,"New Haven, CT (CT)",0,1741,1741,0,4253,4253
9009352200,"New Haven, CT (CT)",0,950,950,0,2689,2689
9009352300,"New Haven, CT (CT)",0,1260,1260,0,2815,2815
9009352400,"New Haven, CT (CT)",0,1260,1260,0,3437,3437
9009352500,"New Haven, CT (CT)",0,1318,1318,0,2731,2731
9009352600,"New Haven, CT (CT)",0,2349,2349,0,5395,5395
9009352701,"New Haven, CT (CT)",0,1644,1644,0,3386,3386
9009352702,"New Haven, CT (CT)",0,2471,2471,0,5852,5852
9009352800,"New Haven, CT (CT)",0,2732,2732,0,6545,6545
9009361100,"New Haven, CT (CT)",37,2445,2482,103,6400,6503
9009361200,"New Haven, CT (CT)",0,2159,2159,0,5524,5524
9009361300,"New Haven, CT (CT)",467,1168,1635,1398,3255,4653
9009361401,"New Haven, CT (CT)",0,1697,1697,0,4933,4933
9009361402,"New Haven, CT (CT)",0,188,188,0,3367,3367
9009361500,"New Haven, CT (CT)",0,2058,2058,0,7607,7607
9009990000,"New Haven, CT (CT)",0,0,0,0,0,0
9011650100,"New London, CT (CT)",1058,165,1223,2108,298,2406
9011660101,"New London, CT (CT)",782,907,1689,1566,1790,3356
9011660102,"New London, CT (CT)",309,3023,3332,711,3536,4247
9011690300,"New London, CT (CT)",0,2762,2762,0,6280,6280
9011690400,"New London, CT (CT)",0,829,829,0,2055,2055
9011690500,"New London, CT (CT)",0,1680,1680,0,2827,2827
9011690700,"New London, CT (CT)",0,584,584,0,1295,1295
9011690800,"New London, CT (CT)",0,1431,1431,0,3345,3345
9011690900,"New London, CT (CT)",0,2754,2754,0,5156,5156
9011693300,"New London, CT (CT)",72,2617,2689,178,5574,5752
9011693400,"New London, CT (CT)",0,1927,1927,0,4099,4099
9011693500,"New London, CT (CT)",0,1557,1557,0,3528,3528
9011693600,"New London, CT (CT)",133,1097,1230,296,2509,2805
9011693700,"New London, CT (CT)",355,876,1231,993,2340,3333
9011695201,"New London, CT (CT)",911,1347,2258,2258,3008,5266
9011695202,"New London, CT (CT)",852,1545,2397,2082,4121,6203
9011696100,"New London, CT (CT)",5,2262,2267,9,4908,4917
9011696200,"New London, CT (CT)",296,1941,2237,744,4069,4813
9011696300,"New London, CT (CT)",183,993,1176,452,2395,2847
9011696400,"New London, CT (CT)",0,2670,2670,0,6052,6052
9011696500,"New London, CT (CT)",0,1556,1556,0,3134,3134
9011696600,"New London, CT (CT)",0,1561,1561,0,4073,4073
9011696700,"New London, CT (CT)",0,2832,2832,0,5915,5915
9011696800,"New London, CT (CT)",0,1957,1957,0,3974,3974
9011697000,"New London, CT (CT)",0,2403,2403,0,4768,4768
9011700100,"New London, CT (CT)",1703,316,2019,4056,670,4726
9011701100,"New London, CT (CT)",1855,1234,3089,4522,3169,7691
9011701200,"New London, CT (CT)",635,2255,2890,1714,5642,7356
9011702100,"New London, CT (CT)",403,1503,1906,931,3565,4496
9011702300,"New London, CT (CT)",0,798,798,0,2163,2163
9011702400,"New London, CT (CT)",0,1888,1888,0,3527,3527
9011702500,"New London, CT (CT)",0,2245,2245,0,4748,4748
9011702600,"New London, CT (CT)",0,575,575,0,2114,2114
9011702700,"New London, CT (CT)",0,2945,2945,0,4946,4946
9011702800,"New London, CT (CT)",172,1508,1680,400,3679,4079
9011702900,"New London, CT (CT)",3,1654,1657,0,2473,2473
9011703000,"New London, CT (CT)",0,1931,1931,0,3919,3919
9011705101,"New London, CT (CT)",236,1709,1945,539,3755,4294
9011705102,"New London, CT (CT)",76,1964,2040,163,4180,4343
9011705200,"New London, CT (CT)",687,1495,2182,1437,2047,3484
9011705300,"New London, CT (CT)",26,2006,2032,49,3491,3540
9011705400,"New London, CT (CT)",690,578,1268,1765,1119,2884
9011707100,"New London, CT (CT)",2306,0,2306,5297,0,5297
9011708100,"New London, CT (CT)",1127,0,1127,2603,0,2603
9011709100,"New London, CT (CT)",2079,459,2538,5199,1123,6322
9011709200,"New London, CT (CT)",184,2396,2580,402,5227,5629
9011710100,"New London, CT (CT)",1469,261,1730,3804,534,4338
9011711100,"New London, CT (CT)",757,491,1248,1853,1131,2984
9011712100,"New London, CT (CT)",759,12,771,1893,29,1922
9011713100,"New London, CT (CT)",834,225,1059,2074,553,2627
9011714101,"New London, CT (CT)",105,1376,1481,220,3209,3429
9011714103,"New London, CT (CT)",1325,1362,2687,3418,4116,7534
9011714104,"New London, CT (CT)",1366,648,2014,3663,1442,5105
9011715100,"New London, CT (CT)",1511,124,1635,3868,283,4151
9011716101,"New London, CT (CT)",87,1627,1714,241,5868,6109
9011716102,"New London, CT (CT)",642,1289,1931,1661,3412,5073
9011870100,"New London, CT (CT)",3093,32,3125,7226,82,7308
9011870200,"New London, CT (CT)",96,2255,2351,218,5339,5557
9011870300,"New London, CT (CT)",0,1800,1800,0,6662,6662
9011870501,"New London, CT (CT)",0,1787,1787,0,4470,4470
9011870502,"New London, CT (CT)",51,914,965,111,3521,3632
9011870701,"New London, CT (CT)",0,1072,1072,0,2156,2156
9011870703,"New London, CT (CT)",4,1053,1057,3,1746,1749
9011870704,"New London, CT (CT)",3,2681,2684,2,4070,4072
9011980000,"New London, CT (CT)",0,10,10,0,2097,2097
9011990100,"New London, CT (CT)",0,0,0,0,0,0
9013526101,"Tolland, CT (CT)",1385,381,1766,3722,908,4630
9013526102,"Tolland, CT (CT)",1564,237,1801,4398,658,5056
9013528100,"Tolland, CT (CT)",1304,13,1317,3272,31,3303
9013529100,"Tolland, CT (CT)",1074,941,2015,2780,2200,4980
9013530100,"Tolland, CT (CT)",0,1034,1034,0,2271,2271
9013530200,"Tolland, CT (CT)",0,2972,2972,0,6177,6177
9013530301,"Tolland, CT (CT)",0,2866,2866,0,5533,5533
9013530302,"Tolland, CT (CT)",0,2872,2872,0,5984,5984
9013530400,"Tolland, CT (CT)",0,1716,1716,0,3273,3273
9013530500,"Tolland, CT (CT)",0,1334,1334,0,3243,3243
9013530600,"Tolland, CT (CT)",223,879,1102,563,2135,2698
9013533101,"Tolland, CT (CT)",1187,2122,3309,3269,6049,9318
9013533102,"Tolland, CT (CT)",854,1288,2142,2384,3350,5734
9013535100,"Tolland, CT (CT)",911,3221,4132,2359,6802,9161
9013535200,"Tolland, CT (CT)",583,1950,2533,1583,4858,6441
9013538100,"Tolland, CT (CT)",0,0,0,0,2339,2339
9013538201,"Tolland, CT (CT)",330,1607,1937,879,4287,5166
9013538202,"Tolland, CT (CT)",605,937,1542,1592,2347,3939
9013840100,"Tolland, CT (CT)",1924,713,2637,4511,1530,6041
9013850100,"Tolland, CT (CT)",2081,54,2135,5371,133,5504
9013850200,"Tolland, CT (CT)",1177,1787,2964,2944,3987,6931
9013860100,"Tolland, CT (CT)",2308,0,2308,5485,0,5485
9013881100,"Tolland, CT (CT)",1581,134,1715,3815,304,4119
9013881200,"Tolland, CT (CT)",0,125,125,0,10289,10289
9013881300,"Tolland, CT (CT)",251,1549,1800,610,5579,6189
9013881500,"Tolland, CT (CT)",725,1652,2377,1842,4104,5946
9013890100,"Tolland, CT (CT)",155,1675,1830,312,3546,3858
9013890201,"Tolland, CT (CT)",1034,611,1645,2427,1451,3878
9013890202,"Tolland, CT (CT)",1698,339,2037,4222,983,5205
9015800300,"Windham, CT (CT)",0,1578,1578,0,6430,6430
9015800400,"Windham, CT (CT)",0,1689,1689,0,4040,4040
9015800500,"Windham, CT (CT)",1116,1910,3026,2501,4506,7007
9015800600,"Windham, CT (CT)",0,1701,1701,0,4394,4394
9015800700,"Windham, CT (CT)",0,1576,1576,0,3397,3397
9015815000,"Windham, CT (CT)",976,12,988,2272,33,2305
9015820000,"Windham, CT (CT)",793,0,793,1863,0,1863
9015825000,"Windham, CT (CT)",680,0,680,1726,0,1726
9015830100,"Windham, CT (CT)",1903,0,1903,4317,0,4317
9015900100,"Windham, CT (CT)",1596,420,2016,3566,1004,4570
9015900200,"Windham, CT (CT)",811,1344,2155,1964,2924,4888
9015901100,"Windham, CT (CT)",3407,175,3582,7574,390,7964
9015902200,"Windham, CT (CT)",793,0,793,1749,0,1749
9015902500,"Windham, CT (CT)",1614,70,1684,4032,215,4247
9015903100,"Windham, CT (CT)",17,3316,3333,42,7198,7240
9015903200,"Windham, CT (CT)",908,58,966,2195,149,2344
9015904100,"Windham, CT (CT)",2304,701,3005,5673,1793,7466
9015904400,"Windham, CT (CT)",268,1782,2050,423,3662,4085
9015904500,"Windham, CT (CT)",88,2449,2537,233,5586,5819
9015905100,"Windham, CT (CT)",1576,1659,3235,4264,3946,8210
9015906100,"Windham, CT (CT)",2029,14,2043,5097,35,5132
9015907100,"Windham, CT (CT)",790,992,1782,2007,2406,4413
9015907200,"Windham, CT (CT)",643,1619,2262,1718,3788,5506
9015907300,"Windham, CT (CT)",696,1489,2185,1885,3601,5486
9015908100,"Windham, CT (CT)",1511,0,1511,3830,0,3830
10001040100,"Kent, DE (CT)",2469,0,2469,6541,0,6541
10001040201,"Kent, DE (CT)",181,1842,2023,547,4494,5041
10001040202,"Kent, DE (CT)",170,4581,4751,428,12335,12763
10001040203,"Kent, DE (CT)",424,1598,2022,1041,3976,5017
10001040501,"Kent, DE (CT)",53,2026,2079,114,4809,4923
10001040502,"Kent, DE (CT)",567,344,911,1273,708,1981
10001040700,"Kent, DE (CT)",0,2086,2086,0,4824,4824
10001040900,"Kent, DE (CT)",0,1211,1211,0,2561,2561
10001041000,"Kent, DE (CT)",227,2492,2719,509,5486,5995
10001041100,"Kent, DE (CT)",3,1144,1147,7,3733,3740
10001041200,"Kent, DE (CT)",0,1745,1745,0,4206,4206
10001041300,"Kent, DE (CT)",0,1073,1073,0,2068,2068
10001041400,"Kent, DE (CT)",0,1628,1628,0,3648,3648
10001041500,"Kent, DE (CT)",0,1616,1616,0,3875,3875
10001041600,"Kent, DE (CT)",0,899,899,0,2089,2089
10001041701,"Kent, DE (CT)",14,2423,2437,32,5766,5798
10001041702,"Kent, DE (CT)",0,1571,1571,0,4216,4216
10001041801,"Kent, DE (CT)",701,3151,3852,1900,7733,9633
10001041802,"Kent, DE (CT)",865,1189,2054,2379,2824,5203
10001041900,"Kent, DE (CT)",2037,0,2037,5276,0,5276
10001042000,"Kent, DE (CT)",1220,0,1220,3173,0,3173
10001042100,"Kent, DE (CT)",846,756,1602,2077,1782,3859
10001042201,"Kent, DE (CT)",186,3493,3679,464,9302,9766
10001042202,"Kent, DE (CT)",489,2919,3408,1105,7752,8857
10001042500,"Kent, DE (CT)",0,1490,1490,0,3455,3455
10001042800,"Kent, DE (CT)",1748,1224,2972,4160,2925,7085
10001042900,"Kent, DE (CT)",1588,336,1924,3990,804,4794
10001043000,"Kent, DE (CT)",393,1834,2227,938,4288,5226
10001043100,"Kent, DE (CT)",1047,0,1047,2630,0,2630
10001043202,"Kent, DE (CT)",1733,211,1944,3335,455,3790
10001043300,"Kent, DE (CT)",0,1743,1743,0,6131,6131
10001043400,"Kent, DE (CT)",807,945,1752,1855,2291,4146
10001990000,"Kent, DE (CT)",0,0,0,0,0,0
10003000200,"New Castle, DE (CT)",0,2352,2352,0,5438,5438
10003000300,"New Castle, DE (CT)",0,1317,1317,0,3194,3194
10003000400,"New Castle, DE (CT)",0,1601,1601,0,2956,2956
10003000500,"New Castle, DE (CT)",0,1534,1534,0,3647,3647
10003000601,"New Castle, DE (CT)",0,1025,1025,0,2910,2910
10003000602,"New Castle, DE (CT)",0,1322,1322,0,2649,2649
10003000900,"New Castle, DE (CT)",0,990,990,0,2223,2223
10003001100,"New Castle, DE (CT)",0,2497,2497,0,3260,3260
10003001200,"New Castle, DE (CT)",0,864,864,0,1529,1529
10003001300,"New Castle, DE (CT)",0,1852,1852,0,3468,3468
10003001400,"New Castle, DE (CT)",0,1050,1050,0,2152,2152
10003001500,"New Castle, DE (CT)",0,1202,1202,0,2303,2303
10003001600,"New Castle, DE (CT)",0,1162,1162,0,2387,2387
10003001902,"New Castle, DE (CT)",0,1032,1032,0,1918,1918
10003002100,"New Castle, DE (CT)",0,937,937,0,1847,1847
10003002200,"New Castle, DE (CT)",0,1086,1086,0,3271,3271
10003002300,"New Castle, DE (CT)",0,1242,1242,0,3197,3197
10003002400,"New Castle, DE (CT)",0,2236,2236,0,4671,4671
10003002500,"New Castle, DE (CT)",0,1350,1350,0,3039,3039
10003002600,"New Castle, DE (CT)",0,1486,1486,0,3922,3922
10003002700,"New Castle, DE (CT)",0,844,844,0,2108,2108
10003002800,"New Castle, DE (CT)",0,1401,1401,0,1917,1917
10003002900,"New Castle, DE (CT)",0,1728,1728,0,3570,3570
10003003002,"New Castle, DE (CT)",0,710,710,0,3275,3275
10003010101,"New Castle, DE (CT)",0,2209,2209,0,4573,4573
10003010104,"New Castle, DE (CT)",0,1740,1740,0,3422,3422
10003010200,"New Castle, DE (CT)",0,766,766,0,1982,1982
10003010300,"New Castle, DE (CT)",0,1129,1129,0,2861,2861
10003010400,"New Castle, DE (CT)",0,2028,2028,0,4490,4490
10003010502,"New Castle, DE (CT)",0,2710,2710,0,5579,5579
10003010702,"New Castle, DE (CT)",0,2668,2668,0,4994,4994
10003010800,"New Castle, DE (CT)",0,2051,2051,0,4631,4631
10003010900,"New Castle, DE (CT)",0,1138,1138,0,2745,2745
10003011000,"New Castle, DE (CT)",0,1281,1281,0,3163,3163
10003011100,"New Castle, DE (CT)",0,1225,1225,0,2673,2673
10003011201,"New Castle, DE (CT)",0,894,894,0,2246,2246
10003011202,"New Castle, DE (CT)",0,1542,1542,0,3902,3902
10003011203,"New Castle, DE (CT)",0,2142,2142,0,4605,4605
10003011204,"New Castle, DE (CT)",0,1456,1456,0,3309,3309
10003011205,"New Castle, DE (CT)",0,766,766,0,2024,2024
10003011206,"New Castle, DE (CT)",0,1637,1637,0,4187,4187
10003011300,"New Castle, DE (CT)",0,1022,1022,0,2367,2367
10003011400,"New Castle, DE (CT)",0,1414,1414,0,3358,3358
10003011500,"New Castle, DE (CT)",0,1257,1257,0,2816,2816
10003011600,"New Castle, DE (CT)",0,1391,1391,0,3281,3281
10003011700,"New Castle, DE (CT)",260,1549,1809,454,3520,3974
10003011800,"New Castle, DE (CT)",1106,1198,2304,2355,1822,4177
10003011900,"New Castle, DE (CT)",298,1023,1321,726,2612,3338
10003012000,"New Castle, DE (CT)",0,1855,1855,0,4419,4419
10003012100,"New Castle, DE (CT)",0,1271,1271,0,3152,3152
10003012200,"New Castle, DE (CT)",0,1847,1847,0,4447,4447
10003012300,"New Castle, DE (CT)",0,1207,1207,0,2611,2611
10003012400,"New Castle, DE (CT)",0,1914,1914,0,4602,4602
10003012500,"New Castle, DE (CT)",0,2310,2310,0,5410,5410
10003012600,"New Castle, DE (CT)",0,1102,1102,0,2776,2776
10003012700,"New Castle, DE (CT)",0,1954,1954,0,4421,4421
10003012900,"New Castle, DE (CT)",0,2017,2017,0,4720,4720
10003013000,"New Castle, DE (CT)",0,764,764,0,1823,1823
10003013100,"New Castle, DE (CT)",0,1062,1062,0,2602,2602
10003013200,"New Castle, DE (CT)",0,1048,1048,0,2697,2697
10003013300,"New Castle, DE (CT)",0,778,778,0,1867,1867
10003013400,"New Castle, DE (CT)",0,1090,1090,0,2605,2605
10003013501,"New Castle, DE (CT)",226,2355,2581,541,6061,6602
10003013503,"New Castle, DE (CT)",0,2687,2687,0,7472,7472
10003013505,"New Castle, DE (CT)",0,1151,1151,0,3147,3147
10003013506,"New Castle, DE (CT)",104,1539,1643,312,4521,4833
10003013604,"New Castle, DE (CT)",0,1664,1664,0,4074,4074
10003013607,"New Castle, DE (CT)",0,2985,2985,0,5929,5929
10003013608,"New Castle, DE (CT)",0,799,799,0,1891,1891
10003013610,"New Castle, DE (CT)",263,2027,2290,671,5456,6127
10003013611,"New Castle, DE (CT)",0,2564,2564,0,5753,5753
10003013612,"New Castle, DE (CT)",0,2260,2260,0,6160,6160
10003013613,"New Castle, DE (CT)",0,2197,2197,0,5526,5526
10003013614,"New Castle, DE (CT)",0,1349,1349,0,3132,3132
10003013615,"New Castle, DE (CT)",0,1998,1998,0,3710,3710
10003013700,"New Castle, DE (CT)",0,1659,1659,0,3904,3904
10003013800,"New Castle, DE (CT)",0,2255,2255,0,5464,5464
10003013901,"New Castle, DE (CT)",0,1133,1133,0,2833,2833
10003013903,"New Castle, DE (CT)",0,1671,1671,0,4983,4983
10003013904,"New Castle, DE (CT)",0,3199,3199,0,7780,7780
10003014000,"New Castle, DE (CT)",0,2368,2368,0,5276,5276
10003014100,"New Castle, DE (CT)",0,1873,1873,0,4857,4857
10003014200,"New Castle, DE (CT)",0,664,664,0,1627,1627
10003014300,"New Castle, DE (CT)",64,1564,1628,188,6821,7009
10003014402,"New Castle, DE (CT)",0,1498,1498,0,3220,3220
10003014403,"New Castle, DE (CT)",0,1685,1685,0,5237,5237
10003014404,"New Castle, DE (CT)",0,1518,1518,0,3473,3473
10003014501,"New Castle, DE (CT)",0,905,905,0,2113,2113
10003014502,"New Castle, DE (CT)",0,1427,1427,0,6439,6439
10003014702,"New Castle, DE (CT)",0,725,725,0,1927,1927
10003014703,"New Castle, DE (CT)",0,2008,2008,0,4720,4720
10003014705,"New Castle, DE (CT)",0,2097,2097,0,5416,5416
10003014706,"New Castle, DE (CT)",0,1102,1102,0,2974,2974
10003014803,"New Castle, DE (CT)",0,1837,1837,0,3927,3927
10003014805,"New Castle, DE (CT)",87,3378,3465,209,10006,10215
10003014807,"New Castle, DE (CT)",0,3218,3218,0,8470,8470
10003014808,"New Castle, DE (CT)",0,2595,2595,0,6318,6318
10003014809,"New Castle, DE (CT)",0,3095,3095,0,7684,7684
10003014810,"New Castle, DE (CT)",65,2549,2614,163,6898,7061
10003014903,"New Castle, DE (CT)",0,2377,2377,0,7133,7133
10003014904,"New Castle, DE (CT)",0,2185,2185,0,4975,4975
10003014906,"New Castle, DE (CT)",0,2043,2043,0,4726,4726
10003014907,"New Castle, DE (CT)",0,1964,1964,0,4843,4843
10003014908,"New Castle, DE (CT)",0,1107,1107,0,2209,2209
10003014909,"New Castle, DE (CT)",0,2411,2411,0,6059,6059
10003015000,"New Castle, DE (CT)",0,2139,2139,0,5371,5371
10003015100,"New Castle, DE (CT)",0,1398,1398,0,3450,3450
10003015200,"New Castle, DE (CT)",0,2008,2008,0,5929,5929
10003015400,"New Castle, DE (CT)",0,1119,1119,0,3190,3190
10003015502,"New Castle, DE (CT)",0,1086,1086,0,2848,2848
10003015600,"New Castle, DE (CT)",0,878,878,0,2338,2338
10003015802,"New Castle, DE (CT)",0,790,790,0,2416,2416
10003015900,"New Castle, DE (CT)",0,1256,1256,0,3319,3319
10003016000,"New Castle, DE (CT)",0,1075,1075,0,2801,2801
10003016100,"New Castle, DE (CT)",0,914,914,0,1954,1954
10003016200,"New Castle, DE (CT)",0,1295,1295,0,2688,2688
10003016301,"New Castle, DE (CT)",0,2115,2115,0,5053,5053
10003016302,"New Castle, DE (CT)",14,2559,2573,29,7405,7434
10003016305,"New Castle, DE (CT)",8,2968,2976,22,7469,7491
10003016401,"New Castle, DE (CT)",354,1592,1946,1179,4649,5828
10003016404,"New Castle, DE (CT)",784,370,1154,1873,1115,2988
10003016601,"New Castle, DE (CT)",958,3112,4070,2942,8420,11362
10003016602,"New Castle, DE (CT)",896,1279,2175,2330,4126,6456
10003016604,"New Castle, DE (CT)",64,3976,4040,147,11260,11407
10003016608,"New Castle, DE (CT)",964,512,1476,2712,1595,4307
10003016801,"New Castle, DE (CT)",971,963,1934,2591,3156,5747
10003016804,"New Castle, DE (CT)",603,1596,2199,1649,5179,6828
10003016901,"New Castle, DE (CT)",859,4,863,2226,9,2235
10003016904,"New Castle, DE (CT)",579,20,599,1464,2647,4111
10003980100,"New Castle, DE (CT)",0,0,0,0,0,0
10003990100,"New Castle, DE (CT)",0,0,0,0,0,0
10005050101,"Sussex, DE (CT)",889,662,1551,2233,1536,3769
10005050103,"Sussex, DE (CT)",1004,1308,2312,1602,2843,4445
10005050104,"Sussex, DE (CT)",127,1620,1747,276,4035,4311
10005050105,"Sussex, DE (CT)",749,1491,2240,1877,3620,5497
10005050200,"Sussex, DE (CT)",1296,0,1296,3195,0,3195
10005050301,"Sussex, DE (CT)",2056,915,2971,4939,1978,6917
10005050302,"Sussex, DE (CT)",1404,478,1882,3616,1379,4995
10005050401,"Sussex, DE (CT)",1224,345,1569,2905,889,3794
10005050403,"Sussex, DE (CT)",405,962,1367,967,2436,3403
10005050405,"Sussex, DE (CT)",123,1555,1678,298,3415,3713
10005050406,"Sussex, DE (CT)",157,1893,2050,420,4576,4996
10005050407,"Sussex, DE (CT)",541,1363,1904,1371,3367,4738
10005050408,"Sussex, DE (CT)",1223,594,1817,2935,1537,4472
10005050501,"Sussex, DE (CT)",1248,152,1400,3123,379,3502
10005050503,"Sussex, DE (CT)",197,1391,1588,462,4867,5329
10005050504,"Sussex, DE (CT)",1012,770,1782,2405,3731,6136
10005050601,"Sussex, DE (CT)",1351,591,1942,3651,1406,5057
10005050602,"Sussex, DE (CT)",177,2439,2616,429,5128,5557
10005050701,"Sussex, DE (CT)",1670,82,1752,3381,203,3584
10005050703,"Sussex, DE (CT)",115,1450,1565,202,1834,2036
10005050704,"Sussex, DE (CT)",0,2993,2993,0,3931,3931
10005050705,"Sussex, DE (CT)",254,3651,3905,183,4170,4353
10005050706,"Sussex, DE (CT)",469,1493,1962,361,1145,1506
10005050801,"Sussex, DE (CT)",718,970,1688,1578,1991,3569
10005050802,"Sussex, DE (CT)",1795,453,2248,3878,870,4748
10005050803,"Sussex, DE (CT)",833,3269,4102,1469,4787,6256
10005050901,"Sussex, DE (CT)",1005,909,1914,1245,999,2244
10005050902,"Sussex, DE (CT)",660,3027,3687,654,3589,4243
10005051003,"Sussex, DE (CT)",552,3349,3901,960,3760,4720
10005051004,"Sussex, DE (CT)",882,1960,2842,1372,2828,4200
10005051005,"Sussex, DE (CT)",1047,1848,2895,2105,2100,4205
10005051006,"Sussex, DE (CT)",1042,1257,2299,1203,1521,2724
10005051007,"Sussex, DE (CT)",0,4415,4415,0,4540,4540
10005051101,"Sussex, DE (CT)",0,1947,1947,0,652,652
10005051102,"Sussex, DE (CT)",0,2307,2307,0,1164,1164
10005051103,"Sussex, DE (CT)",14,2409,2423,12,888,900
10005051201,"Sussex, DE (CT)",309,2533,2842,71,1196,1267
10005051202,"Sussex, DE (CT)",0,1845,1845,0,926,926
10005051203,"Sussex, DE (CT)",0,2414,2414,0,840,840
10005051204,"Sussex, DE (CT)",0,3050,3050,0,710,710
10005051205,"Sussex, DE (CT)",406,1435,1841,111,588,699
10005051301,"Sussex, DE (CT)",1621,2115,3736,1804,3132,4936
10005051302,"Sussex, DE (CT)",687,1025,1712,1469,1273,2742
10005051303,"Sussex, DE (CT)",259,4118,4377,330,4202,4532
10005051305,"Sussex, DE (CT)",694,1727,2421,840,1922,2762
10005051306,"Sussex, DE (CT)",624,2389,3013,727,1699,2426
10005051400,"Sussex, DE (CT)",1388,66,1454,3364,214,3578
10005051500,"Sussex, DE (CT)",1128,1032,2160,2525,2567,5092
10005051701,"Sussex, DE (CT)",1440,167,1607,3636,348,3984
10005051702,"Sussex, DE (CT)",2186,117,2303,5332,281,5613
10005051801,"Sussex, DE (CT)",1347,769,2116,3105,1777,4882
10005051802,"Sussex, DE (CT)",209,1546,1755,466,3724,4190
10005051900,"Sussex, DE (CT)",942,891,1833,2341,2224,4565
10005990000,"Sussex, DE (CT)",0,0,0,0,0,0
12001000200,"Alachua, FL (CT)",0,3123,3123,0,7431,7431
12001000301,"Alachua, FL (CT)",0,1933,1933,0,3308,3308
12001000302,"Alachua, FL (CT)",0,1592,1592,0,2770,2770
12001000400,"Alachua, FL (CT)",0,2327,2327,0,5665,5665
12001000500,"Alachua, FL (CT)",0,2694,2694,0,4976,4976
12001000600,"Alachua, FL (CT)",0,1757,1757,0,4350,4350
12001000700,"Alachua, FL (CT)",452,2171,2623,1077,4998,6075
12001000806,"Alachua, FL (CT)",0,1276,1276,0,2180,2180
12001000808,"Alachua, FL (CT)",0,1934,1934,0,3630,3630
12001000809,"Alachua, FL (CT)",0,886,886,0,1364,1364
12001000901,"Alachua, FL (CT)",0,508,508,0,2877,2877
12001000902,"Alachua, FL (CT)",0,40,40,0,5926,5926
12001001000,"Alachua, FL (CT)",0,3001,3001,0,6207,6207
12001001100,"Alachua, FL (CT)",0,3163,3163,0,6438,6438
12001001201,"Alachua, FL (CT)",0,1283,1283,0,2906,2906
12001001202,"Alachua, FL (CT)",0,3187,3187,0,6914,6914
12001001203,"Alachua, FL (CT)",0,1850,1850,0,3657,3657
12001001400,"Alachua, FL (CT)",245,788,1033,486,4099,4585
12001001514,"Alachua, FL (CT)",0,981,981,0,1281,1281
12001001515,"Alachua, FL (CT)",0,3335,3335,0,6343,6343
12001001516,"Alachua, FL (CT)",0,1338,1338,0,2149,2149
12001001517,"Alachua, FL (CT)",0,2505,2505,0,4734,4734
12001001519,"Alachua, FL (CT)",0,992,992,0,2559,2559
12001001520,"Alachua, FL (CT)",0,1245,1245,0,2482,2482
12001001521,"Alachua, FL (CT)",0,2563,2563,0,4120,4120
12001001603,"Alachua, FL (CT)",0,661,661,0,1269,1269
12001001604,"Alachua, FL (CT)",0,3929,3929,0,7644,7644
12001001701,"Alachua, FL (CT)",0,3042,3042,0,5895,5895
12001001702,"Alachua, FL (CT)",0,2163,2163,0,4736,4736
12001001801,"Alachua, FL (CT)",2322,911,3233,5391,2098,7489
12001001802,"Alachua, FL (CT)",695,647,1342,1393,1544,2937
12001001803,"Alachua, FL (CT)",95,2841,2936,117,6241,6358
12001001805,"Alachua, FL (CT)",417,183,600,1007,475,1482
12001001806,"Alachua, FL (CT)",2196,1647,3843,5240,3435,8675
12001001811,"Alachua, FL (CT)",7,3194,3201,9,6161,6170
12001001813,"Alachua, FL (CT)",59,1117,1176,136,2526,2662
12001001814,"Alachua, FL (CT)",289,941,1230,667,1958,2625
12001001902,"Alachua, FL (CT)",103,1168,1271,292,3024,3316
12001001907,"Alachua, FL (CT)",1366,0,1366,2621,0,2621
12001001908,"Alachua, FL (CT)",2258,0,2258,4698,0,4698
12001002000,"Alachua, FL (CT)",2796,0,2796,5657,0,5657
12001002101,"Alachua, FL (CT)",981,0,981,1838,0,1838
12001002102,"Alachua, FL (CT)",473,0,473,921,0,921
12001002201,"Alachua, FL (CT)",1596,342,1938,3792,830,4622
12001002202,"Alachua, FL (CT)",1982,379,2361,4466,986,5452
12001002204,"Alachua, FL (CT)",586,3648,4234,1527,8463,9990
12001002205,"Alachua, FL (CT)",392,3913,4305,1017,8639,9656
12001002207,"Alachua, FL (CT)",0,1437,1437,0,3767,3767
12001002208,"Alachua, FL (CT)",399,577,976,1020,1579,2599
12001002209,"Alachua, FL (CT)",1645,1456,3101,3803,3816,7619
12001002210,"Alachua, FL (CT)",1829,0,1829,4323,0,4323
12001002217,"Alachua, FL (CT)",0,2837,2837,0,5553,5553
12001002218,"Alachua, FL (CT)",0,1114,1114,0,2148,2148
12001002219,"Alachua, FL (CT)",0,3015,3015,0,5521,5521
12001002220,"Alachua, FL (CT)",463,504,967,921,1215,2136
12001110800,"Alachua, FL (CT)",0,982,982,0,2030,2030
12003040101,"Baker, FL (CT)",646,1891,2537,1524,5160,6684
12003040102,"Baker, FL (CT)",1223,1451,2674,3312,4219,7531
12003040201,"Baker, FL (CT)",2453,0,2453,7519,0,7519
12003040202,"Baker, FL (CT)",1392,631,2023,3776,1605,5381
12005000201,"Bay, FL (CT)",1819,0,1819,4238,0,4238
12005000202,"Bay, FL (CT)",723,1829,2552,1187,4142,5329
12005000300,"Bay, FL (CT)",2888,570,3458,6209,2343,8552
12005000400,"Bay, FL (CT)",1165,2232,3397,2691,5269,7960
12005000500,"Bay, FL (CT)",1010,1282,2292,2237,3945,6182
12005000600,"Bay, FL (CT)",1854,0,1854,1075,0,1075
12005000700,"Bay, FL (CT)",435,500,935,1420,1575,2995
12005000803,"Bay, FL (CT)",35,2435,2470,68,5078,5146
12005000804,"Bay, FL (CT)",0,1016,1016,0,2242,2242
12005000805,"Bay, FL (CT)",0,2096,2096,0,4588,4588
12005000806,"Bay, FL (CT)",0,1590,1590,0,3578,3578
12005000900,"Bay, FL (CT)",0,2287,2287,0,4265,4265
12005001000,"Bay, FL (CT)",0,1087,1087,0,2121,2121
12005001100,"Bay, FL (CT)",0,2106,2106,0,4636,4636
12005001200,"Bay, FL (CT)",0,1439,1439,0,3269,3269
12005001301,"Bay, FL (CT)",11,2037,2048,12,5083,5095
12005001302,"Bay, FL (CT)",6,3236,3242,13,7242,7255
12005001402,"Bay, FL (CT)",0,2844,2844,0,6698,6698
12005001403,"Bay, FL (CT)",0,916,916,0,1923,1923
12005001404,"Bay, FL (CT)",15,2906,2921,38,6234,6272
12005001501,"Bay, FL (CT)",2,2141,2143,2,4576,4578
12005001502,"Bay, FL (CT)",0,2680,2680,0,5796,5796
12005001600,"Bay, FL (CT)",0,1671,1671,0,3660,3660
12005001700,"Bay, FL (CT)",0,1363,1363,0,3065,3065
12005001800,"Bay, FL (CT)",0,814,814,0,1621,1621
12005001900,"Bay, FL (CT)",0,2105,2105,0,3942,3942
12005002000,"Bay, FL (CT)",0,1079,1079,0,1596,1596
12005002200,"Bay, FL (CT)",0,2389,2389,0,4731,4731
12005002300,"Bay, FL (CT)",0,2103,2103,0,3881,3881
12005002400,"Bay, FL (CT)",0,2099,2099,0,3994,3994
12005002500,"Bay, FL (CT)",0,1400,1400,0,2957,2957
12005002601,"Bay, FL (CT)",0,1239,1239,0,2190,2190
12005002603,"Bay, FL (CT)",0,1291,1291,0,1926,1926
12005002604,"Bay, FL (CT)",0,3717,3717,0,7108,7108
12005002605,"Bay, FL (CT)",0,1821,1821,0,1183,1183
12005002606,"Bay, FL (CT)",0,2366,2366,0,1586,1586
12005002607,"Bay, FL (CT)",193,2178,2371,56,1122,1178
12005002608,"Bay, FL (CT)",0,2012,2012,0,2739,2739
12005002701,"Bay, FL (CT)",1132,3106,4238,531,3542,4073
12005002702,"Bay, FL (CT)",27,4462,4489,62,2595,2657
12005002703,"Bay, FL (CT)",0,3047,3047,0,3166,3166
12005002704,"Bay, FL (CT)",242,5139,5381,423,5505,5928
12005002705,"Bay, FL (CT)",0,5463,5463,0,1878,1878
12005990000,"Bay, FL (CT)",0,0,0,0,0,0
12007000100,"Bradford, FL (CT)",931,1560,2491,2131,3544,5675
12007000200,"Bradford, FL (CT)",2057,963,3020,6751,2132,8883
12007000300,"Bradford, FL (CT)",3077,619,3696,6332,1303,7635
12007000400,"Bradford, FL (CT)",1804,0,1804,6327,0,6327
12009060101,"Brevard, FL (CT)",987,822,1809,2341,1822,4163
12009060102,"Brevard, FL (CT)",1241,610,1851,2502,1017,3519
12009060200,"Brevard, FL (CT)",249,2141,2390,637,4901,5538
12009060300,"Brevard, FL (CT)",210,2069,2279,298,4485,4783
12009060400,"Brevard, FL (CT)",0,2085,2085,0,4163,4163
12009060500,"Brevard, FL (CT)",0,2264,2264,0,4609,4609
12009060600,"Brevard, FL (CT)",0,2499,2499,0,5103,5103
12009060700,"Brevard, FL (CT)",0,1824,1824,0,3232,3232
12009061001,"Brevard, FL (CT)",0,2504,2504,0,4382,4382
12009061002,"Brevard, FL (CT)",0,1577,1577,0,3176,3176
12009061100,"Brevard, FL (CT)",24,2913,2937,48,5935,5983
12009061201,"Brevard, FL (CT)",136,3028,3164,288,6362,6650
12009061202,"Brevard, FL (CT)",305,1638,1943,722,3148,3870
12009062103,"Brevard, FL (CT)",8,3301,3309,15,7902,7917
12009062104,"Brevard, FL (CT)",0,2739,2739,0,6989,6989
12009062106,"Brevard, FL (CT)",0,1700,1700,0,3271,3271
12009062107,"Brevard, FL (CT)",0,1632,1632,0,3307,3307
12009062108,"Brevard, FL (CT)",0,2615,2615,0,6626,6626
12009062109,"Brevard, FL (CT)",0,1514,1514,0,6736,6736
12009062301,"Brevard, FL (CT)",0,1668,1668,0,3483,3483
12009062302,"Brevard, FL (CT)",0,1663,1663,0,2977,2977
12009062400,"Brevard, FL (CT)",0,3160,3160,0,6983,6983
12009062500,"Brevard, FL (CT)",643,1493,2136,938,3229,4167
12009062600,"Brevard, FL (CT)",0,1411,1411,0,3239,3239
12009062800,"Brevard, FL (CT)",0,1978,1978,0,3737,3737
12009062900,"Brevard, FL (CT)",25,2256,2281,7,4887,4894
12009063000,"Brevard, FL (CT)",217,1495,1712,596,3561,4157
12009063102,"Brevard, FL (CT)",0,3806,3806,0,7886,7886
12009063104,"Brevard, FL (CT)",0,1502,1502,0,3480,3480
12009063105,"Brevard, FL (CT)",0,3653,3653,0,8789,8789
12009063106,"Brevard, FL (CT)",0,1710,1710,0,4072,4072
12009063107,"Brevard, FL (CT)",0,4605,4605,0,9032,9032
12009064102,"Brevard, FL (CT)",0,2187,2187,0,5363,5363
12009064123,"Brevard, FL (CT)",0,3439,3439,0,6243,6243
12009064124,"Brevard, FL (CT)",0,2074,2074,0,4414,4414
12009064125,"Brevard, FL (CT)",0,2386,2386,0,5286,5286
12009064126,"Brevard, FL (CT)",0,1832,1832,0,4170,4170
12009064127,"Brevard, FL (CT)",0,3311,3311,0,7083,7083
12009064128,"Brevard, FL (CT)",0,4833,4833,0,10923,10923
12009064201,"Brevard, FL (CT)",0,1327,1327,0,2316,2316
12009064202,"Brevard, FL (CT)",0,1841,1841,0,2791,2791
12009064301,"Brevard, FL (CT)",0,2832,2832,0,5292,5292
12009064302,"Brevard, FL (CT)",0,2722,2722,0,5710,5710
12009064400,"Brevard, FL (CT)",0,2208,2208,0,4920,4920
12009064500,"Brevard, FL (CT)",0,2038,2038,0,4131,4131
12009064601,"Brevard, FL (CT)",0,3526,3526,0,7173,7173
12009064602,"Brevard, FL (CT)",0,1139,1139,0,2018,2018
12009064700,"Brevard, FL (CT)",0,2599,2599,0,4135,4135
12009064800,"Brevard, FL (CT)",0,1624,1624,0,2838,2838
12009064901,"Brevard, FL (CT)",0,2896,2896,0,6764,6764
12009064902,"Brevard, FL (CT)",0,1984,1984,0,3300,3300
12009065001,"Brevard, FL (CT)",0,1087,1087,0,2455,2455
12009065021,"Brevard, FL (CT)",0,4908,4908,0,9906,9906
12009065022,"Brevard, FL (CT)",0,2311,2311,0,4758,4758
12009065121,"Brevard, FL (CT)",0,3440,3440,0,6262,6262
12009065122,"Brevard, FL (CT)",0,3747,3747,0,6864,6864
12009065123,"Brevard, FL (CT)",0,2085,2085,0,3644,3644
12009065124,"Brevard, FL (CT)",0,1315,1315,0,2486,2486
12009065125,"Brevard, FL (CT)",0,3302,3302,0,5788,5788
12009065201,"Brevard, FL (CT)",0,2964,2964,0,5447,5447
12009065202,"Brevard, FL (CT)",0,2228,2228,0,5182,5182
12009065231,"Brevard, FL (CT)",1696,731,2427,4015,1477,5492
12009065234,"Brevard, FL (CT)",378,2070,2448,669,2977,3646
12009065235,"Brevard, FL (CT)",0,4126,4126,0,5430,5430
12009065236,"Brevard, FL (CT)",620,131,751,1279,234,1513
12009066101,"Brevard, FL (CT)",0,2327,2327,0,4047,4047
12009066103,"Brevard, FL (CT)",0,1550,1550,0,1908,1908
12009066104,"Brevard, FL (CT)",94,2856,2950,163,4555,4718
12009066200,"Brevard, FL (CT)",0,1494,1494,0,2603,2603
12009066301,"Brevard, FL (CT)",0,3549,3549,0,6292,6292
12009066302,"Brevard, FL (CT)",0,2166,2166,0,4201,4201
12009066400,"Brevard, FL (CT)",0,2930,2930,0,4994,4994
12009066500,"Brevard, FL (CT)",0,2049,2049,0,3319,3319
12009066600,"Brevard, FL (CT)",0,1985,1985,0,4253,4253
12009066700,"Brevard, FL (CT)",0,2410,2410,0,4696,4696
12009066800,"Brevard, FL (CT)",0,664,664,0,1396,1396
12009066900,"Brevard, FL (CT)",0,3304,3304,0,6084,6084
12009067100,"Brevard, FL (CT)",0,462,462,0,1222,1222
12009068101,"Brevard, FL (CT)",0,1698,1698,0,2000,2000
12009068102,"Brevard, FL (CT)",0,1871,1871,0,3300,3300
12009068200,"Brevard, FL (CT)",0,1704,1704,0,2830,2830
12009068300,"Brevard, FL (CT)",0,3169,3169,0,2625,2625
12009068400,"Brevard, FL (CT)",0,1652,1652,0,2142,2142
12009068501,"Brevard, FL (CT)",0,1978,1978,0,2226,2226
12009068502,"Brevard, FL (CT)",0,2390,2390,0,2590,2590
12009068601,"Brevard, FL (CT)",0,1467,1467,0,1892,1892
12009068602,"Brevard, FL (CT)",0,3110,3110,0,3803,3803
12009069100,"Brevard, FL (CT)",284,1874,2158,347,4221,4568
12009069200,"Brevard, FL (CT)",0,1334,1334,0,2382,2382
12009069300,"Brevard, FL (CT)",0,1519,1519,0,2983,2983
12009069400,"Brevard, FL (CT)",84,2510,2594,220,5893,6113
12009069700,"Brevard, FL (CT)",0,1269,1269,0,2215,2215
12009069801,"Brevard, FL (CT)",0,1599,1599,0,3520,3520
12009069802,"Brevard, FL (CT)",0,2075,2075,0,4156,4156
12009069901,"Brevard, FL (CT)",1773,1728,3501,3919,4007,7926
12009069902,"Brevard, FL (CT)",0,2080,2080,0,4391,4391
12009071100,"Brevard, FL (CT)",2311,88,2399,3682,198,3880
12009071200,"Brevard, FL (CT)",851,4767,5618,2113,10776,12889
12009071301,"Brevard, FL (CT)",999,821,1820,2156,2138,4294
12009071322,"Brevard, FL (CT)",35,3727,3762,72,9258,9330
12009071332,"Brevard, FL (CT)",154,4555,4709,332,11760,12092
12009071334,"Brevard, FL (CT)",57,3290,3347,151,8413,8564
12009071335,"Brevard, FL (CT)",0,1891,1891,0,4755,4755
12009071336,"Brevard, FL (CT)",0,3199,3199,0,6849,6849
12009071337,"Brevard, FL (CT)",0,2913,2913,0,7216,7216
12009071338,"Brevard, FL (CT)",20,3226,3246,58,8207,8265
12009071339,"Brevard, FL (CT)",3,2733,2736,5,6755,6760
12009071340,"Brevard, FL (CT)",0,5039,5039,0,12266,12266
12009071400,"Brevard, FL (CT)",0,2323,2323,0,3155,3155
12009071500,"Brevard, FL (CT)",0,1589,1589,0,2588,2588
12009071600,"Brevard, FL (CT)",0,2408,2408,0,4415,4415
12009980000,"Brevard, FL (CT)",0,0,0,0,7,7
12009980100,"Brevard, FL (CT)",0,0,0,0,0,0
12009990000,"Brevard, FL (CT)",0,0,0,0,0,0
12011010102,"Broward, FL (CT)",0,1552,1552,0,3229,3229
12011010103,"Broward, FL (CT)",0,2108,2108,0,3491,3491
12011010104,"Broward, FL (CT)",0,2327,2327,0,2263,2263
12011010200,"Broward, FL (CT)",0,3079,3079,0,6063,6063
12011010304,"Broward, FL (CT)",0,1146,1146,0,3321,3321
12011010305,"Broward, FL (CT)",0,2504,2504,0,4626,4626
12011010306,"Broward, FL (CT)",0,1229,1229,0,2365,2365
12011010307,"Broward, FL (CT)",0,2018,2018,0,4463,4463
12011010308,"Broward, FL (CT)",0,2698,2698,0,4412,4412
12011010401,"Broward, FL (CT)",0,2007,2007,0,4724,4724
12011010402,"Broward, FL (CT)",0,2860,2860,0,3551,3551
12011010403,"Broward, FL (CT)",0,6259,6259,0,4712,4712
12011010405,"Broward, FL (CT)",0,3234,3234,0,6577,6577
12011010406,"Broward, FL (CT)",0,1898,1898,0,3824,3824
12011010407,"Broward, FL (CT)",0,3151,3151,0,5257,5257
12011010502,"Broward, FL (CT)",0,1121,1121,0,2986,2986
12011010503,"Broward, FL (CT)",0,3834,3834,0,11237,11237
12011010504,"Broward, FL (CT)",0,2011,2011,0,5659,5659
12011010601,"Broward, FL (CT)",0,3092,3092,0,8236,8236
12011010603,"Broward, FL (CT)",0,1808,1808,0,5213,5213
12011010604,"Broward, FL (CT)",0,1493,1493,0,4070,4070
12011010605,"Broward, FL (CT)",0,2210,2210,0,6515,6515
12011010606,"Broward, FL (CT)",0,2333,2333,0,5670,5670
12011010607,"Broward, FL (CT)",0,3704,3704,0,9802,9802
12011010609,"Broward, FL (CT)",0,1545,1545,0,3742,3742
12011010610,"Broward, FL (CT)",0,2751,2751,0,6968,6968
12011010611,"Broward, FL (CT)",0,1283,1283,0,4241,4241
12011010612,"Broward, FL (CT)",0,2098,2098,0,6192,6192
12011010701,"Broward, FL (CT)",0,2173,2173,0,5219,5219
12011010702,"Broward, FL (CT)",0,2901,2901,0,7944,7944
12011010800,"Broward, FL (CT)",0,2399,2399,0,6199,6199
12011010901,"Broward, FL (CT)",0,1376,1376,0,2349,2349
12011010902,"Broward, FL (CT)",0,1894,1894,0,2968,2968
12011011000,"Broward, FL (CT)",0,2224,2224,0,1875,1875
12011020101,"Broward, FL (CT)",0,3646,3646,0,7433,7433
12011020103,"Broward, FL (CT)",0,2939,2939,0,5713,5713
12011020104,"Broward, FL (CT)",0,1304,1304,0,2667,2667
12011020204,"Broward, FL (CT)",0,3057,3057,0,5698,5698
12011020205,"Broward, FL (CT)",0,2882,2882,0,6466,6466
12011020206,"Broward, FL (CT)",0,1702,1702,0,4311,4311
12011020207,"Broward, FL (CT)",0,3293,3293,0,5648,5648
12011020209,"Broward, FL (CT)",0,1050,1050,0,2534,2534
12011020210,"Broward, FL (CT)",0,2500,2500,0,5914,5914
12011020211,"Broward, FL (CT)",0,1261,1261,0,2315,2315
12011020212,"Broward, FL (CT)",0,2030,2030,0,3223,3223
12011020302,"Broward, FL (CT)",0,3048,3048,0,6982,6982
12011020308,"Broward, FL (CT)",0,1666,1666,0,5410,5410
12011020309,"Broward, FL (CT)",0,2196,2196,0,5522,5522
12011020311,"Broward, FL (CT)",0,1238,1238,0,3297,3297
12011020312,"Broward, FL (CT)",0,1714,1714,0,5003,5003
12011020313,"Broward, FL (CT)",0,2280,2280,0,6145,6145
12011020314,"Broward, FL (CT)",0,1970,1970,0,5032,5032
12011020315,"Broward, FL (CT)",0,1772,1772,0,4903,4903
12011020316,"Broward, FL (CT)",0,1654,1654,0,4129,4129
12011020317,"Broward, FL (CT)",0,1153,1153,0,3068,3068
12011020318,"Broward, FL (CT)",0,3312,3312,0,8850,8850
12011020319,"Broward, FL (CT)",0,2218,2218,0,6046,6046
12011020320,"Broward, FL (CT)",0,2068,2068,0,4982,4982
12011020321,"Broward, FL (CT)",0,629,629,0,1819,1819
12011020322,"Broward, FL (CT)",0,1143,1143,0,3172,3172
12011020323,"Broward, FL (CT)",0,1466,1466,0,3652,3652
12011020324,"Broward, FL (CT)",0,2707,2707,0,5866,5866
12011020325,"Broward, FL (CT)",0,1199,1199,0,3235,3235
12011020326,"Broward, FL (CT)",0,1918,1918,0,5713,5713
12011020404,"Broward, FL (CT)",0,2553,2553,0,8355,8355
12011020405,"Broward, FL (CT)",0,1569,1569,0,5166,5166
12011020406,"Broward, FL (CT)",0,2968,2968,0,7242,7242
12011020407,"Broward, FL (CT)",0,2183,2183,0,7106,7106
12011020409,"Broward, FL (CT)",0,4766,4766,0,7483,7483
12011020411,"Broward, FL (CT)",0,3110,3110,0,6241,6241
12011020412,"Broward, FL (CT)",0,1212,1212,0,3487,3487
12011020413,"Broward, FL (CT)",0,2914,2914,0,7622,7622
12011020414,"Broward, FL (CT)",0,2313,2313,0,4288,4288
12011020415,"Broward, FL (CT)",0,1903,1903,0,3383,3383
12011020501,"Broward, FL (CT)",0,1637,1637,0,5086,5086
12011020502,"Broward, FL (CT)",0,2670,2670,0,6818,6818
12011030100,"Broward, FL (CT)",0,2031,2031,0,4004,4004
12011030201,"Broward, FL (CT)",0,1604,1604,0,3838,3838
12011030202,"Broward, FL (CT)",0,621,621,0,1550,1550
12011030203,"Broward, FL (CT)",0,1693,1693,0,4058,4058
12011030301,"Broward, FL (CT)",0,1500,1500,0,2641,2641
12011030302,"Broward, FL (CT)",0,2684,2684,0,7134,7134
12011030401,"Broward, FL (CT)",0,959,959,0,3017,3017
12011030402,"Broward, FL (CT)",0,1566,1566,0,3584,3584
12011030500,"Broward, FL (CT)",0,1606,1606,0,4686,4686
12011030600,"Broward, FL (CT)",0,2005,2005,0,8694,8694
12011030702,"Broward, FL (CT)",0,1311,1311,0,3107,3107
12011030703,"Broward, FL (CT)",0,2696,2696,0,4286,4286
12011030704,"Broward, FL (CT)",0,3145,3145,0,4908,4908
12011030705,"Broward, FL (CT)",0,3461,3461,0,3459,3459
12011030801,"Broward, FL (CT)",0,3116,3116,0,7181,7181
12011030802,"Broward, FL (CT)",0,5798,5798,0,6241,6241
12011030902,"Broward, FL (CT)",0,1902,1902,0,3515,3515
12011030903,"Broward, FL (CT)",0,1812,1812,0,3496,3496
12011030904,"Broward, FL (CT)",0,2460,2460,0,4499,4499
12011031001,"Broward, FL (CT)",0,1287,1287,0,2511,2511
12011031002,"Broward, FL (CT)",0,2826,2826,0,4212,4212
12011031101,"Broward, FL (CT)",0,1493,1493,0,2300,2300
12011031102,"Broward, FL (CT)",0,2229,2229,0,3542,3542
12011031202,"Broward, FL (CT)",0,6733,6733,0,6136,6136
12011031203,"Broward, FL (CT)",0,1457,1457,0,1288,1288
12011031204,"Broward, FL (CT)",0,3407,3407,0,2870,2870
12011031205,"Broward, FL (CT)",0,1629,1629,0,1739,1739
12011040101,"Broward, FL (CT)",0,1377,1377,0,1298,1298
12011040102,"Broward, FL (CT)",0,2674,2674,0,2826,2826
12011040203,"Broward, FL (CT)",0,1241,1241,0,1761,1761
12011040204,"Broward, FL (CT)",0,2221,2221,0,2890,2890
12011040205,"Broward, FL (CT)",0,2630,2630,0,4742,4742
12011040206,"Broward, FL (CT)",0,1823,1823,0,2802,2802
12011040300,"Broward, FL (CT)",0,2121,2121,0,3938,3938
12011040401,"Broward, FL (CT)",0,1614,1614,0,2174,2174
12011040402,"Broward, FL (CT)",0,1680,1680,0,2879,2879
12011040502,"Broward, FL (CT)",0,3180,3180,0,3381,3381
12011040503,"Broward, FL (CT)",0,2079,2079,0,2234,2234
12011040504,"Broward, FL (CT)",0,4560,4560,0,3855,3855
12011040601,"Broward, FL (CT)",0,2641,2641,0,3729,3729
12011040602,"Broward, FL (CT)",0,1587,1587,0,2992,2992
12011040701,"Broward, FL (CT)",0,1615,1615,0,2722,2722
12011040702,"Broward, FL (CT)",0,2436,2436,0,3565,3565
12011040801,"Broward, FL (CT)",0,2021,2021,0,4988,4988
12011040802,"Broward, FL (CT)",0,2354,2354,0,4254,4254
12011040901,"Broward, FL (CT)",0,1550,1550,0,4621,4621
12011040902,"Broward, FL (CT)",0,1097,1097,0,3403,3403
12011041000,"Broward, FL (CT)",0,999,999,0,2741,2741
12011041100,"Broward, FL (CT)",0,1748,1748,0,4580,4580
12011041200,"Broward, FL (CT)",0,1539,1539,0,4497,4497
12011041300,"Broward, FL (CT)",0,2280,2280,0,6912,6912
12011041400,"Broward, FL (CT)",0,1254,1254,0,2682,2682
12011041500,"Broward, FL (CT)",0,1451,1451,0,3241,3241
12011041600,"Broward, FL (CT)",0,2545,2545,0,5572,5572
12011041700,"Broward, FL (CT)",0,1580,1580,0,3797,3797
12011041801,"Broward, FL (CT)",0,1150,1150,0,1787,1787
12011041802,"Broward, FL (CT)",0,2257,2257,0,3123,3123
12011041900,"Broward, FL (CT)",0,2537,2537,0,3467,3467
12011042000,"Broward, FL (CT)",0,2469,2469,0,3392,3392
12011042100,"Broward, FL (CT)",0,3100,3100,0,2683,2683
12011042200,"Broward, FL (CT)",0,2716,2716,0,2699,2699
12011042301,"Broward, FL (CT)",0,2705,2705,0,3929,3929
12011042302,"Broward, FL (CT)",0,662,662,0,1215,1215
12011042400,"Broward, FL (CT)",0,632,632,0,1296,1296
12011042500,"Broward, FL (CT)",0,4260,4260,0,6890,6890
12011042600,"Broward, FL (CT)",0,3333,3333,0,5289,5289
12011042700,"Broward, FL (CT)",0,2636,2636,0,4980,4980
12011042800,"Broward, FL (CT)",0,2423,2423,0,7372,7372
12011042900,"Broward, FL (CT)",0,2268,2268,0,7107,7107
12011043001,"Broward, FL (CT)",0,690,690,0,1405,1405
12011043002,"Broward, FL (CT)",0,2368,2368,0,6637,6637
12011043100,"Broward, FL (CT)",0,1936,1936,0,4659,4659
12011043301,"Broward, FL (CT)",0,2385,2385,0,4493,4493
12011043302,"Broward, FL (CT)",0,1030,1030,0,1968,1968
12011050100,"Broward, FL (CT)",0,1555,1555,0,4418,4418
12011050204,"Broward, FL (CT)",0,2822,2822,0,5449,5449
12011050205,"Broward, FL (CT)",0,2175,2175,0,2553,2553
12011050206,"Broward, FL (CT)",0,2510,2510,0,3202,3202
12011050207,"Broward, FL (CT)",0,2845,2845,0,5388,5388
12011050208,"Broward, FL (CT)",0,1470,1470,0,2892,2892
12011050301,"Broward, FL (CT)",0,2389,2389,0,7929,7929
12011050306,"Broward, FL (CT)",0,1632,1632,0,3940,3940
12011050307,"Broward, FL (CT)",0,3198,3198,0,6993,6993
12011050308,"Broward, FL (CT)",0,1166,1166,0,3149,3149
12011050309,"Broward, FL (CT)",0,849,849,0,2156,2156
12011050310,"Broward, FL (CT)",0,2980,2980,0,5345,5345
12011050311,"Broward, FL (CT)",0,2704,2704,0,3610,3610
12011050312,"Broward, FL (CT)",0,1756,1756,0,2508,2508
12011050401,"Broward, FL (CT)",0,2150,2150,0,3526,3526
12011050402,"Broward, FL (CT)",0,2130,2130,0,4373,4373
12011050501,"Broward, FL (CT)",0,1587,1587,0,3616,3616
12011050502,"Broward, FL (CT)",0,2081,2081,0,4483,4483
12011050601,"Broward, FL (CT)",0,1878,1878,0,3396,3396
12011050602,"Broward, FL (CT)",0,2079,2079,0,3558,3558
12011050701,"Broward, FL (CT)",0,1606,1606,0,3777,3777
12011050702,"Broward, FL (CT)",0,2568,2568,0,5979,5979
12011050800,"Broward, FL (CT)",0,1963,1963,0,4856,4856
12011050900,"Broward, FL (CT)",0,3009,3009,0,5651,5651
12011051001,"Broward, FL (CT)",0,2609,2609,0,3379,3379
12011051002,"Broward, FL (CT)",0,1559,1559,0,2626,2626
12011060105,"Broward, FL (CT)",0,3126,3126,0,6793,6793
12011060107,"Broward, FL (CT)",0,1864,1864,0,3198,3198
12011060109,"Broward, FL (CT)",0,1491,1491,0,2689,2689
12011060111,"Broward, FL (CT)",0,3240,3240,0,6025,6025
12011060112,"Broward, FL (CT)",0,3617,3617,0,5967,5967
12011060113,"Broward, FL (CT)",0,2382,2382,0,6655,6655
12011060114,"Broward, FL (CT)",0,2407,2407,0,6781,6781
12011060115,"Broward, FL (CT)",0,2675,2675,0,6320,6320
12011060116,"Broward, FL (CT)",0,2484,2484,0,6651,6651
12011060117,"Broward, FL (CT)",0,2789,2789,0,5882,5882
12011060118,"Broward, FL (CT)",0,1707,1707,0,4797,4797
12011060119,"Broward, FL (CT)",0,1911,1911,0,4650,4650
12011060120,"Broward, FL (CT)",0,2905,2905,15,6831,6846
12011060121,"Broward, FL (CT)",0,1897,1897,0,5501,5501
12011060122,"Broward, FL (CT)",0,2229,2229,0,4480,4480
12011060123,"Broward, FL (CT)",0,1950,1950,0,3246,3246
12011060124,"Broward, FL (CT)",0,3552,3552,0,5555,5555
12011060125,"Broward, FL (CT)",0,803,803,0,2121,2121
12011060126,"Broward, FL (CT)",0,1987,1987,0,4939,4939
12011060127,"Broward, FL (CT)",0,1482,1482,0,2666,2666
12011060128,"Broward, FL (CT)",0,2843,2843,0,5555,5555
12011060203,"Broward, FL (CT)",0,1925,1925,0,5271,5271
12011060206,"Broward, FL (CT)",0,2198,2198,0,4660,4660
12011060207,"Broward, FL (CT)",0,2492,2492,0,3718,3718
12011060208,"Broward, FL (CT)",0,1945,1945,0,5312,5312
12011060209,"Broward, FL (CT)",0,849,849,0,2750,2750
12011060210,"Broward, FL (CT)",0,1033,1033,0,3038,3038
12011060211,"Broward, FL (CT)",0,2911,2911,0,4093,4093
12011060212,"Broward, FL (CT)",0,1074,1074,0,3110,3110
12011060213,"Broward, FL (CT)",0,3858,3858,0,4607,4607
12011060302,"Broward, FL (CT)",0,2478,2478,0,6806,6806
12011060303,"Broward, FL (CT)",0,2629,2629,0,6042,6042
12011060304,"Broward, FL (CT)",0,1039,1039,0,2828,2828
12011060305,"Broward, FL (CT)",0,1041,1041,0,2194,2194
12011060306,"Broward, FL (CT)",0,1504,1504,0,1880,1880
12011060401,"Broward, FL (CT)",0,2153,2153,0,4761,4761
12011060402,"Broward, FL (CT)",0,2501,2501,0,6061,6061
12011060403,"Broward, FL (CT)",0,2785,2785,0,5095,5095
12011060501,"Broward, FL (CT)",0,2535,2535,0,5997,5997
12011060503,"Broward, FL (CT)",0,2034,2034,0,4734,4734
12011060504,"Broward, FL (CT)",0,1715,1715,0,4510,4510
12011060505,"Broward, FL (CT)",0,2801,2801,0,4206,4206
12011060603,"Broward, FL (CT)",0,1881,1881,0,4409,4409
12011060605,"Broward, FL (CT)",0,1599,1599,0,3402,3402
12011060606,"Broward, FL (CT)",0,2787,2787,0,5379,5379
12011060607,"Broward, FL (CT)",0,1050,1050,0,2757,2757
12011060608,"Broward, FL (CT)",0,3544,3544,0,6543,6543
12011060609,"Broward, FL (CT)",0,1523,1523,0,3252,3252
12011060700,"Broward, FL (CT)",0,1250,1250,0,3159,3159
12011060801,"Broward, FL (CT)",0,680,680,0,1871,1871
12011060802,"Broward, FL (CT)",0,2319,2319,0,6270,6270
12011060900,"Broward, FL (CT)",0,1521,1521,0,4266,4266
12011061001,"Broward, FL (CT)",0,2278,2278,0,6166,6166
12011061002,"Broward, FL (CT)",0,3966,3966,0,7847,7847
12011061100,"Broward, FL (CT)",0,2367,2367,0,7362,7362
12011070101,"Broward, FL (CT)",0,3419,3419,0,7535,7535
12011070102,"Broward, FL (CT)",0,488,488,0,1197,1197
12011070204,"Broward, FL (CT)",0,2016,2016,0,5024,5024
12011070205,"Broward, FL (CT)",0,2012,2012,0,5379,5379
12011070207,"Broward, FL (CT)",0,3633,3633,0,6165,6165
12011070208,"Broward, FL (CT)",0,2796,2796,0,7410,7410
12011070209,"Broward, FL (CT)",0,1880,1880,0,4984,4984
12011070210,"Broward, FL (CT)",0,2087,2087,0,3228,3228
12011070211,"Broward, FL (CT)",0,2658,2658,0,5863,5863
12011070304,"Broward, FL (CT)",0,2586,2586,0,7451,7451
12011070305,"Broward, FL (CT)",0,2805,2805,0,7975,7975
12011070306,"Broward, FL (CT)",0,2454,2454,0,7906,7906
12011070310,"Broward, FL (CT)",0,1214,1214,0,3334,3334
12011070311,"Broward, FL (CT)",0,2035,2035,0,5833,5833
12011070312,"Broward, FL (CT)",0,2943,2943,0,7040,7040
12011070313,"Broward, FL (CT)",0,3634,3634,0,10473,10473
12011070314,"Broward, FL (CT)",11,1466,1477,27,5494,5521
12011070315,"Broward, FL (CT)",0,1675,1675,0,5154,5154
12011070316,"Broward, FL (CT)",0,1766,1766,0,5287,5287
12011070317,"Broward, FL (CT)",34,4334,4368,97,14568,14665
12011070318,"Broward, FL (CT)",0,2355,2355,0,6933,6933
12011070319,"Broward, FL (CT)",0,1433,1433,0,4494,4494
12011070320,"Broward, FL (CT)",0,2328,2328,0,7118,7118
12011070321,"Broward, FL (CT)",0,1564,1564,0,2592,2592
12011070322,"Broward, FL (CT)",0,3840,3840,0,6364,6364
12011070401,"Broward, FL (CT)",0,2141,2141,0,6129,6129
12011070402,"Broward, FL (CT)",0,1034,1034,0,3240,3240
12011070403,"Broward, FL (CT)",0,1847,1847,0,5139,5139
12011070404,"Broward, FL (CT)",0,1119,1119,0,3127,3127
12011070405,"Broward, FL (CT)",0,1816,1816,0,4978,4978
12011070501,"Broward, FL (CT)",0,1822,1822,0,5452,5452
12011070502,"Broward, FL (CT)",0,2532,2532,0,6681,6681
12011070601,"Broward, FL (CT)",0,1941,1941,0,4672,4672
12011070602,"Broward, FL (CT)",0,1890,1890,0,4421,4421
12011080101,"Broward, FL (CT)",0,3318,3318,0,4931,4931
12011080102,"Broward, FL (CT)",0,2383,2383,0,4237,4237
12011080103,"Broward, FL (CT)",0,903,903,0,1533,1533
12011080200,"Broward, FL (CT)",0,669,669,0,1172,1172
12011080402,"Broward, FL (CT)",0,1489,1489,0,2466,2466
12011080403,"Broward, FL (CT)",0,2650,2650,0,6485,6485
12011080405,"Broward, FL (CT)",0,1229,1229,0,2734,2734
12011080406,"Broward, FL (CT)",0,2674,2674,0,5647,5647
12011080500,"Broward, FL (CT)",0,2833,2833,0,6786,6786
12011090101,"Broward, FL (CT)",0,7650,7650,0,6275,6275
12011090102,"Broward, FL (CT)",51,1960,2011,59,1837,1896
12011090200,"Broward, FL (CT)",0,2138,2138,0,4007,4007
12011090301,"Broward, FL (CT)",0,1585,1585,0,2401,2401
12011090302,"Broward, FL (CT)",0,4022,4022,0,6706,6706
12011090401,"Broward, FL (CT)",0,2133,2133,0,4237,4237
12011090403,"Broward, FL (CT)",0,1938,1938,0,3271,3271
12011090404,"Broward, FL (CT)",0,2244,2244,0,4852,4852
12011090502,"Broward, FL (CT)",0,2880,2880,0,6488,6488
12011090503,"Broward, FL (CT)",0,1159,1159,0,2521,2521
12011090504,"Broward, FL (CT)",0,2415,2415,0,3473,3473
12011090601,"Broward, FL (CT)",0,919,919,0,2687,2687
12011090602,"Broward, FL (CT)",0,2826,2826,0,6537,6537
12011090700,"Broward, FL (CT)",0,2537,2537,0,7145,7145
12011090801,"Broward, FL (CT)",0,1463,1463,0,3894,3894
12011090802,"Broward, FL (CT)",0,1993,1993,0,3942,3942
12011090900,"Broward, FL (CT)",0,1883,1883,0,4980,4980
12011091000,"Broward, FL (CT)",0,1677,1677,0,4082,4082
12011091100,"Broward, FL (CT)",0,2748,2748,0,6647,6647
12011091201,"Broward, FL (CT)",0,1790,1790,0,5160,5160
12011091202,"Broward, FL (CT)",0,1550,1550,0,4630,4630
12011091300,"Broward, FL (CT)",0,1287,1287,0,3881,3881
12011091400,"Broward, FL (CT)",0,2052,2052,0,5595,5595
12011091500,"Broward, FL (CT)",0,1660,1660,0,5272,5272
12011091600,"Broward, FL (CT)",0,4145,4145,0,6008,6008
12011091701,"Broward, FL (CT)",0,1494,1494,0,3532,3532
12011091702,"Broward, FL (CT)",0,2328,2328,0,4329,4329
12011091801,"Broward, FL (CT)",0,2602,2602,0,5531,5531
12011091802,"Broward, FL (CT)",0,1201,1201,0,2805,2805
12011091901,"Broward, FL (CT)",0,2122,2122,0,3577,3577
12011091902,"Broward, FL (CT)",0,3167,3167,0,4642,4642
12011092000,"Broward, FL (CT)",0,1659,1659,0,3843,3843
12011100101,"Broward, FL (CT)",0,5659,5659,0,6992,6992
12011100103,"Broward, FL (CT)",0,3049,3049,0,3548,3548
12011100104,"Broward, FL (CT)",0,3367,3367,0,3098,3098
12011100105,"Broward, FL (CT)",0,3655,3655,0,2900,2900
12011100201,"Broward, FL (CT)",0,782,782,0,1218,1218
12011100202,"Broward, FL (CT)",0,3643,3643,0,4986,4986
12011100300,"Broward, FL (CT)",0,2825,2825,0,6053,6053
12011100400,"Broward, FL (CT)",0,2125,2125,0,5167,5167
12011100501,"Broward, FL (CT)",0,518,518,0,936,936
12011100502,"Broward, FL (CT)",0,2896,2896,0,3847,3847
12011100600,"Broward, FL (CT)",0,1764,1764,0,5204,5204
12011100700,"Broward, FL (CT)",0,2115,2115,0,5354,5354
12011100801,"Broward, FL (CT)",0,1230,1230,0,3353,3353
12011100802,"Broward, FL (CT)",0,2677,2677,0,7702,7702
12011110100,"Broward, FL (CT)",0,2005,2005,0,6315,6315
12011110301,"Broward, FL (CT)",38,2201,2239,78,6523,6601
12011110302,"Broward, FL (CT)",0,2699,2699,0,8755,8755
12011110303,"Broward, FL (CT)",0,1380,1380,0,4119,4119
12011110307,"Broward, FL (CT)",0,2016,2016,0,5276,5276
12011110308,"Broward, FL (CT)",0,2387,2387,0,6392,6392
12011110309,"Broward, FL (CT)",0,2804,2804,0,5860,5860
12011110311,"Broward, FL (CT)",0,2574,2574,0,6417,6417
12011110312,"Broward, FL (CT)",0,2976,2976,0,7225,7225
12011110313,"Broward, FL (CT)",0,2107,2107,0,5496,5496
12011110319,"Broward, FL (CT)",0,1812,1812,0,5488,5488
12011110320,"Broward, FL (CT)",0,3832,3832,0,10159,10159
12011110321,"Broward, FL (CT)",0,1637,1637,0,5262,5262
12011110322,"Broward, FL (CT)",0,3526,3526,0,10952,10952
12011110323,"Broward, FL (CT)",0,2045,2045,0,5912,5912
12011110324,"Broward, FL (CT)",0,4639,4639,0,15742,15742
12011110325,"Broward, FL (CT)",0,7031,7031,0,23101,23101
12011110326,"Broward, FL (CT)",0,1442,1442,0,4521,4521
12011110327,"Broward, FL (CT)",0,2080,2080,0,6420,6420
12011110328,"Broward, FL (CT)",0,1917,1917,0,5517,5517
12011110330,"Broward, FL (CT)",0,1044,1044,0,3452,3452
12011110331,"Broward, FL (CT)",0,3312,3312,0,10270,10270
12011110332,"Broward, FL (CT)",0,1846,1846,0,4484,4484
12011110333,"Broward, FL (CT)",0,2020,2020,0,6734,6734
12011110334,"Broward, FL (CT)",0,1793,1793,0,2323,2323
12011110335,"Broward, FL (CT)",0,6088,6088,0,7569,7569
12011110336,"Broward, FL (CT)",0,3155,3155,0,7165,7165
12011110337,"Broward, FL (CT)",0,2532,2532,0,6736,6736
12011110338,"Broward, FL (CT)",0,1627,1627,0,3787,3787
12011110339,"Broward, FL (CT)",0,2129,2129,0,3875,3875
12011110340,"Broward, FL (CT)",0,3466,3466,0,6407,6407
12011110341,"Broward, FL (CT)",0,1245,1245,0,3427,3427
12011110342,"Broward, FL (CT)",0,4435,4435,0,10083,10083
12011110343,"Broward, FL (CT)",0,2621,2621,0,8371,8371
12011110402,"Broward, FL (CT)",0,1375,1375,0,4729,4729
12011110403,"Broward, FL (CT)",0,1551,1551,0,4992,4992
12011110404,"Broward, FL (CT)",0,1943,1943,0,5796,5796
12011110501,"Broward, FL (CT)",0,973,973,0,3197,3197
12011110502,"Broward, FL (CT)",0,1611,1611,0,5070,5070
12011110600,"Broward, FL (CT)",0,2630,2630,0,4714,4714
12011980000,"Broward, FL (CT)",11,0,11,20,0,20
12011990000,"Broward, FL (CT)",0,0,0,0,0,0
12013010100,"Calhoun, FL (CT)",1105,0,1105,2433,0,2433
12013010200,"Calhoun, FL (CT)",2020,0,2020,3996,0,3996
12013010300,"Calhoun, FL (CT)",1525,1349,2874,3445,4751,8196
12015010100,"Charlotte, FL (CT)",1509,145,1654,3518,319,3837
12015010200,"Charlotte, FL (CT)",1170,1565,2735,2107,2318,4425
12015010301,"Charlotte, FL (CT)",0,2488,2488,0,3407,3407
12015010302,"Charlotte, FL (CT)",74,2108,2182,160,3486,3646
12015010401,"Charlotte, FL (CT)",0,2181,2181,0,2799,2799
12015010402,"Charlotte, FL (CT)",0,1698,1698,0,2133,2133
12015010403,"Charlotte, FL (CT)",0,1212,1212,0,1939,1939
12015010404,"Charlotte, FL (CT)",0,3104,3104,0,4223,4223
12015010501,"Charlotte, FL (CT)",1181,1259,2440,2800,2007,4807
12015010502,"Charlotte, FL (CT)",1228,3189,4417,1867,5158,7025
12015020101,"Charlotte, FL (CT)",5,3951,3956,5,6819,6824
12015020103,"Charlotte, FL (CT)",93,2588,2681,243,5186,5429
12015020104,"Charlotte, FL (CT)",0,1747,1747,0,1910,1910
12015020201,"Charlotte, FL (CT)",0,3371,3371,0,7396,7396
12015020202,"Charlotte, FL (CT)",18,3147,3165,29,6598,6627
12015020301,"Charlotte, FL (CT)",0,3485,3485,0,5498,5498
12015020302,"Charlotte, FL (CT)",0,2005,2005,0,4044,4044
12015020303,"Charlotte, FL (CT)",0,2302,2302,0,4552,4552
12015020400,"Charlotte, FL (CT)",246,4645,4891,417,7589,8006
12015020501,"Charlotte, FL (CT)",80,2684,2764,166,4570,4736
12015020502,"Charlotte, FL (CT)",0,854,854,0,1483,1483
12015020601,"Charlotte, FL (CT)",0,1471,1471,0,2685,2685
12015020602,"Charlotte, FL (CT)",0,1876,1876,0,3107,3107
12015020700,"Charlotte, FL (CT)",0,2814,2814,0,4088,4088
12015020800,"Charlotte, FL (CT)",0,2234,2234,0,4105,4105
12015020900,"Charlotte, FL (CT)",0,2803,2803,0,5522,5522
12015021001,"Charlotte, FL (CT)",0,830,830,0,1537,1537
12015021002,"Charlotte, FL (CT)",0,2534,2534,0,2767,2767
12015021003,"Charlotte, FL (CT)",0,2248,2248,0,3112,3112
12015030100,"Charlotte, FL (CT)",44,3369,3413,81,5877,5958
12015030200,"Charlotte, FL (CT)",0,3916,3916,0,7493,7493
12015030301,"Charlotte, FL (CT)",0,3267,3267,0,2726,2726
12015030302,"Charlotte, FL (CT)",0,2959,2959,0,3642,3642
12015030401,"Charlotte, FL (CT)",0,1601,1601,0,1995,1995
12015030402,"Charlotte, FL (CT)",2069,834,2903,1276,881,2157
12015030501,"Charlotte, FL (CT)",805,1635,2440,1032,2455,3487
12015030502,"Charlotte, FL (CT)",340,3853,4193,426,4545,4971
12015030503,"Charlotte, FL (CT)",60,3738,3798,86,5794,5880
12015990000,"Charlotte, FL (CT)",0,0,0,0,0,0
12017450101,"Citrus, FL (CT)",1063,2455,3518,2005,4490,6495
12017450102,"Citrus, FL (CT)",950,1963,2913,1689,2897,4586
12017450201,"Citrus, FL (CT)",0,2061,2061,0,3432,3432
12017450202,"Citrus, FL (CT)",0,2925,2925,0,5013,5013
12017450302,"Citrus, FL (CT)",515,3502,4017,1061,7561,8622
12017450303,"Citrus, FL (CT)",1553,1771,3324,3019,2935,5954
12017450304,"Citrus, FL (CT)",2224,2510,4734,4623,5311,9934
12017450400,"Citrus, FL (CT)",3497,18,3515,6283,35,6318
12017450500,"Citrus, FL (CT)",2034,1432,3466,2419,2079,4498
12017450601,"Citrus, FL (CT)",1162,1397,2559,2106,2894,5000
12017450602,"Citrus, FL (CT)",483,1865,2348,858,3797,4655
12017450701,"Citrus, FL (CT)",417,3341,3758,835,6033,6868
12017450702,"Citrus, FL (CT)",539,3475,4014,1053,6734,7787
12017450800,"Citrus, FL (CT)",923,1671,2594,1346,2873,4219
12017450901,"Citrus, FL (CT)",872,965,1837,1387,1495,2882
12017450902,"Citrus, FL (CT)",161,1409,1570,257,2311,2568
12017451000,"Citrus, FL (CT)",693,2588,3281,992,4949,5941
12017451101,"Citrus, FL (CT)",213,781,994,522,1626,2148
12017451102,"Citrus, FL (CT)",293,2989,3282,565,5609,6174
12017451200,"Citrus, FL (CT)",1579,1075,2654,2530,1579,4109
12017451300,"Citrus, FL (CT)",1316,355,1671,2608,698,3306
12017451400,"Citrus, FL (CT)",1179,807,1986,3153,1616,4769
12017451501,"Citrus, FL (CT)",1416,157,1573,2965,347,3312
12017451502,"Citrus, FL (CT)",349,3045,3394,670,5818,6488
12017451601,"Citrus, FL (CT)",631,2181,2812,1243,3910,5153
12017451602,"Citrus, FL (CT)",365,3454,3819,665,5746,6411
12017451700,"Citrus, FL (CT)",2873,534,3407,3899,695,4594
12017990000,"Citrus, FL (CT)",0,0,0,0,0,0
12019030102,"Clay, FL (CT)",949,2302,3251,2513,6244,8757
12019030103,"Clay, FL (CT)",7,2129,2136,21,5574,5595
12019030104,"Clay, FL (CT)",1229,279,1508,3205,763,3968
12019030201,"Clay, FL (CT)",924,3541,4465,2236,9288,11524
12019030202,"Clay, FL (CT)",329,2998,3327,840,8340,9180
12019030203,"Clay, FL (CT)",421,4721,5142,1168,14571,15739
12019030301,"Clay, FL (CT)",0,3283,3283,0,7621,7621
12019030303,"Clay, FL (CT)",0,1308,1308,0,2919,2919
12019030304,"Clay, FL (CT)",0,1880,1880,0,4350,4350
12019030400,"Clay, FL (CT)",0,794,794,0,2094,2094
12019030500,"Clay, FL (CT)",0,1135,1135,0,2681,2681
12019030600,"Clay, FL (CT)",0,2231,2231,0,4451,4451
12019030701,"Clay, FL (CT)",0,2861,2861,0,7048,7048
12019030702,"Clay, FL (CT)",0,5410,5410,0,13596,13596
12019030703,"Clay, FL (CT)",0,4130,4130,0,11714,11714
12019030801,"Clay, FL (CT)",0,2144,2144,0,5251,5251
12019030802,"Clay, FL (CT)",0,2626,2626,0,6597,6597
12019030902,"Clay, FL (CT)",0,3887,3887,0,10153,10153
12019030903,"Clay, FL (CT)",0,1593,1593,0,3919,3919
12019030904,"Clay, FL (CT)",0,2857,2857,0,7253,7253
12019031101,"Clay, FL (CT)",114,1083,1197,274,2995,3269
12019031104,"Clay, FL (CT)",852,855,1707,1647,1929,3576
12019031105,"Clay, FL (CT)",861,0,861,2158,0,2158
12019031106,"Clay, FL (CT)",2309,928,3237,4959,2093,7052
12019031107,"Clay, FL (CT)",300,0,300,354,0,354
12019031108,"Clay, FL (CT)",137,641,778,224,1219,1443
12019031200,"Clay, FL (CT)",1833,3660,5493,4289,9996,14285
12019031300,"Clay, FL (CT)",780,1735,2515,1750,4006,5756
12019031400,"Clay, FL (CT)",0,2072,2072,0,5311,5311
12019031500,"Clay, FL (CT)",1203,147,1350,2932,319,3251
12021000101,"Collier, FL (CT)",0,1919,1919,0,1556,1556
12021000102,"Collier, FL (CT)",0,1389,1389,0,1473,1473
12021000200,"Collier, FL (CT)",0,1016,1016,0,1962,1962
12021000301,"Collier, FL (CT)",0,2507,2507,0,3057,3057
12021000302,"Collier, FL (CT)",0,1016,1016,0,1474,1474
12021000401,"Collier, FL (CT)",0,3344,3344,0,2776,2776
12021000402,"Collier, FL (CT)",0,2422,2422,0,1602,1602
12021000500,"Collier, FL (CT)",0,1184,1184,0,1730,1730
12021000600,"Collier, FL (CT)",0,1079,1079,0,1311,1311
12021000700,"Collier, FL (CT)",0,622,622,0,1184,1184
12021010102,"Collier, FL (CT)",0,3102,3102,0,5096,5096
12021010105,"Collier, FL (CT)",0,3479,3479,0,3952,3952
12021010106,"Collier, FL (CT)",0,3653,3653,0,4065,4065
12021010107,"Collier, FL (CT)",0,2170,2170,0,4023,4023
12021010108,"Collier, FL (CT)",0,1620,1620,0,2576,2576
12021010109,"Collier, FL (CT)",0,1507,1507,0,2096,2096
12021010110,"Collier, FL (CT)",0,2304,2304,0,4262,4262
12021010205,"Collier, FL (CT)",0,1520,1520,0,2559,2559
12021010208,"Collier, FL (CT)",0,3300,3300,0,3305,3305
12021010209,"Collier, FL (CT)",0,3337,3337,0,2138,2138
12021010210,"Collier, FL (CT)",0,2418,2418,0,3261,3261
12021010211,"Collier, FL (CT)",0,1746,1746,0,1737,1737
12021010212,"Collier, FL (CT)",0,3235,3235,0,5794,5794
12021010213,"Collier, FL (CT)",0,2955,2955,0,4008,4008
12021010215,"Collier, FL (CT)",0,3078,3078,0,2939,2939
12021010300,"Collier, FL (CT)",0,2218,2218,0,3968,3968
12021010401,"Collier, FL (CT)",0,2083,2083,0,3724,3724
12021010405,"Collier, FL (CT)",0,6393,6393,0,11307,11307
12021010408,"Collier, FL (CT)",0,1172,1172,0,2966,2966
12021010410,"Collier, FL (CT)",0,2648,2648,0,8157,8157
12021010411,"Collier, FL (CT)",0,2516,2516,0,6632,6632
12021010412,"Collier, FL (CT)",1138,3145,4283,3027,6185,9212
12021010413,"Collier, FL (CT)",1394,1067,2461,3744,2840,6584
12021010414,"Collier, FL (CT)",61,2694,2755,154,7469,7623
12021010415,"Collier, FL (CT)",0,6898,6898,0,14589,14589
12021010416,"Collier, FL (CT)",0,3593,3593,0,5883,5883
12021010417,"Collier, FL (CT)",0,3111,3111,0,5195,5195
12021010418,"Collier, FL (CT)",0,2996,2996,0,4485,4485
12021010419,"Collier, FL (CT)",0,1054,1054,0,3160,3160
12021010420,"Collier, FL (CT)",0,1999,1999,0,6012,6012
12021010505,"Collier, FL (CT)",0,3926,3926,0,6784,6784
12021010506,"Collier, FL (CT)",0,3098,3098,0,5558,5558
12021010507,"Collier, FL (CT)",0,2938,2938,0,4042,4042
12021010508,"Collier, FL (CT)",0,2884,2884,0,4343,4343
12021010509,"Collier, FL (CT)",0,4721,4721,0,5548,5548
12021010510,"Collier, FL (CT)",0,3248,3248,0,3560,3560
12021010601,"Collier, FL (CT)",0,1291,1291,0,2383,2383
12021010602,"Collier, FL (CT)",0,1835,1835,0,3223,3223
12021010604,"Collier, FL (CT)",0,2381,2381,0,3836,3836
12021010605,"Collier, FL (CT)",0,1796,1796,0,3112,3112
12021010606,"Collier, FL (CT)",0,1769,1769,0,2400,2400
12021010701,"Collier, FL (CT)",0,2833,2833,0,4279,4279
12021010702,"Collier, FL (CT)",277,1383,1660,685,2555,3240
12021010801,"Collier, FL (CT)",0,2651,2651,0,3451,3451
12021010802,"Collier, FL (CT)",140,4972,5112,115,10093,10208
12021010803,"Collier, FL (CT)",468,2238,2706,653,3409,4062
12021010902,"Collier, FL (CT)",174,2068,2242,251,3293,3544
12021010903,"Collier, FL (CT)",405,3074,3479,301,4216,4517
12021010904,"Collier, FL (CT)",0,2113,2113,0,2021,2021
12021010905,"Collier, FL (CT)",0,3194,3194,0,3050,3050
12021011001,"Collier, FL (CT)",0,2040,2040,0,1530,1530
12021011002,"Collier, FL (CT)",0,4427,4427,0,2018,2018
12021011102,"Collier, FL (CT)",3737,2206,5943,4499,2792,7291
12021011103,"Collier, FL (CT)",0,1431,1431,0,2225,2225
12021011105,"Collier, FL (CT)",0,2471,2471,0,2546,2546
12021011106,"Collier, FL (CT)",1436,1492,2928,1450,1572,3022
12021011201,"Collier, FL (CT)",573,4937,5510,720,6352,7072
12021011202,"Collier, FL (CT)",4053,3624,7677,10413,8392,18805
12021011204,"Collier, FL (CT)",0,1373,1373,0,4807,4807
12021011205,"Collier, FL (CT)",7,991,998,17,2647,2664
12021011301,"Collier, FL (CT)",0,1760,1760,0,6369,6369
12021011302,"Collier, FL (CT)",284,1284,1568,1127,4793,5920
12021011400,"Collier, FL (CT)",67,1126,1193,128,4529,4657
12021990000,"Collier, FL (CT)",0,0,0,0,0,0
12023110201,"Columbia, FL (CT)",891,925,1816,2054,2091,4145
12023110202,"Columbia, FL (CT)",1676,743,2419,3823,2005,5828
12023110300,"Columbia, FL (CT)",1098,1354,2452,2317,6139,8456
12023110400,"Columbia, FL (CT)",0,1374,1374,0,2872,2872
12023110500,"Columbia, FL (CT)",374,2987,3361,836,6475,7311
12023110601,"Columbia, FL (CT)",3164,522,3686,7390,1284,8674
12023110602,"Columbia, FL (CT)",1686,0,1686,4249,0,4249
12023110700,"Columbia, FL (CT)",604,1479,2083,1228,3450,4678
12023110800,"Columbia, FL (CT)",1952,689,2641,4522,1307,5829
12023110901,"Columbia, FL (CT)",2278,0,2278,5596,0,5596
12023110903,"Columbia, FL (CT)",2216,0,2216,4065,0,4065
12023110904,"Columbia, FL (CT)",2624,0,2624,5828,0,5828
12027010101,"DeSoto, FL (CT)",952,1766,2718,2117,2546,4663
12027010102,"DeSoto, FL (CT)",435,509,944,3498,1190,4688
12027010200,"DeSoto, FL (CT)",65,1883,1948,128,5180,5308
12027010301,"DeSoto, FL (CT)",108,2098,2206,347,5937,6284
12027010302,"DeSoto, FL (CT)",78,909,987,168,2140,2308
12027010403,"DeSoto, FL (CT)",868,1009,1877,1717,1251,2968
12027010404,"DeSoto, FL (CT)",1209,0,1209,3270,0,3270
12027010405,"DeSoto, FL (CT)",1124,0,1124,1218,0,1218
12027010406,"DeSoto, FL (CT)",1386,191,1577,3658,497,4155
12029970101,"Dixie, FL (CT)",542,1148,1690,1217,3773,4990
12029970102,"Dixie, FL (CT)",3957,0,3957,7331,0,7331
12029970200,"Dixie, FL (CT)",3672,0,3672,4101,0,4101
12029990000,"Dixie, FL (CT)",0,0,0,0,0,0
12031000100,"Duval, FL (CT)",0,2789,2789,0,5483,5483
12031000200,"Duval, FL (CT)",0,1294,1294,0,2496,2496
12031000300,"Duval, FL (CT)",0,1078,1078,0,2405,2405
12031000600,"Duval, FL (CT)",0,2433,2433,0,4856,4856
12031000700,"Duval, FL (CT)",0,1992,1992,0,4201,4201
12031000800,"Duval, FL (CT)",0,2083,2083,0,2611,2611
12031001000,"Duval, FL (CT)",0,970,970,0,6084,6084
12031001100,"Duval, FL (CT)",0,1142,1142,0,1688,1688
12031001200,"Duval, FL (CT)",0,1307,1307,0,2038,2038
12031001300,"Duval, FL (CT)",0,2005,2005,0,3840,3840
12031001400,"Duval, FL (CT)",0,2688,2688,0,5397,5397
12031001500,"Duval, FL (CT)",0,2089,2089,0,3964,3964
12031001600,"Duval, FL (CT)",0,708,708,0,1426,1426
12031002101,"Duval, FL (CT)",0,1778,1778,0,2927,2927
12031002102,"Duval, FL (CT)",0,1595,1595,0,2608,2608
12031002200,"Duval, FL (CT)",0,2514,2514,0,4476,4476
12031002300,"Duval, FL (CT)",0,991,991,0,1722,1722
12031002400,"Duval, FL (CT)",0,889,889,0,1874,1874
12031002501,"Duval, FL (CT)",0,2042,2042,0,3703,3703
12031002502,"Duval, FL (CT)",0,1804,1804,0,3424,3424
12031002600,"Duval, FL (CT)",0,1692,1692,0,3795,3795
12031002701,"Duval, FL (CT)",0,1536,1536,0,3422,3422
12031002702,"Duval, FL (CT)",0,1678,1678,0,3629,3629
12031002801,"Duval, FL (CT)",0,2311,2311,0,4777,4777
12031002802,"Duval, FL (CT)",0,2179,2179,0,4147,4147
12031002901,"Duval, FL (CT)",0,1977,1977,0,3395,3395
12031002902,"Duval, FL (CT)",0,1809,1809,0,3281,3281
12031010101,"Duval, FL (CT)",702,1564,2266,1694,4306,6000
12031010102,"Duval, FL (CT)",1117,2649,3766,2735,7341,10076
12031010103,"Duval, FL (CT)",616,1710,2326,1402,4275,5677
12031010201,"Duval, FL (CT)",0,3896,3896,0,9609,9609
12031010202,"Duval, FL (CT)",0,1246,1246,0,2903,2903
12031010301,"Duval, FL (CT)",939,673,1612,2975,1145,4120
12031010303,"Duval, FL (CT)",97,2634,2731,242,6217,6459
12031010304,"Duval, FL (CT)",0,2948,2948,0,7255,7255
12031010401,"Duval, FL (CT)",0,1357,1357,0,3240,3240
12031010402,"Duval, FL (CT)",0,1963,1963,0,3955,3955
12031010500,"Duval, FL (CT)",1455,4088,5543,3942,10495,14437
12031010600,"Duval, FL (CT)",1726,657,2383,4399,1669,6068
12031010700,"Duval, FL (CT)",0,2268,2268,0,4970,4970
12031010800,"Duval, FL (CT)",0,2139,2139,0,5017,5017
12031010900,"Duval, FL (CT)",0,1700,1700,0,4017,4017
12031011000,"Duval, FL (CT)",0,1849,1849,0,3998,3998
12031011100,"Duval, FL (CT)",0,1415,1415,0,3226,3226
12031011200,"Duval, FL (CT)",0,1194,1194,0,2778,2778
12031011300,"Duval, FL (CT)",0,1380,1380,0,2881,2881
12031011400,"Duval, FL (CT)",0,1017,1017,0,2196,2196
12031011500,"Duval, FL (CT)",0,1845,1845,0,4225,4225
12031011600,"Duval, FL (CT)",0,1762,1762,0,3850,3850
12031011700,"Duval, FL (CT)",251,899,1150,599,1955,2554
12031011800,"Duval, FL (CT)",0,1317,1317,0,3121,3121
12031011901,"Duval, FL (CT)",22,3107,3129,52,7877,7929
12031011902,"Duval, FL (CT)",0,3763,3763,0,10618,10618
12031011903,"Duval, FL (CT)",0,1964,1964,0,5069,5069
12031012000,"Duval, FL (CT)",0,2090,2090,0,4953,4953
12031012100,"Duval, FL (CT)",0,697,697,0,1543,1543
12031012200,"Duval, FL (CT)",0,3252,3252,0,7045,7045
12031012300,"Duval, FL (CT)",0,1809,1809,0,3463,3463
12031012400,"Duval, FL (CT)",0,1373,1373,0,2915,2915
12031012500,"Duval, FL (CT)",0,1884,1884,0,3512,3512
12031012601,"Duval, FL (CT)",0,1740,1740,0,2947,2947
12031012602,"Duval, FL (CT)",0,2503,2503,0,5745,5745
12031012702,"Duval, FL (CT)",0,2283,2283,0,5447,5447
12031012703,"Duval, FL (CT)",0,1988,1988,0,5235,5235
12031012704,"Duval, FL (CT)",0,2251,2251,0,5389,5389
12031012800,"Duval, FL (CT)",0,2697,2697,0,6925,6925
12031012900,"Duval, FL (CT)",0,1033,1033,0,2487,2487
12031013000,"Duval, FL (CT)",0,1050,1050,0,2605,2605
12031013100,"Duval, FL (CT)",0,1078,1078,0,2145,2145
12031013200,"Duval, FL (CT)",0,363,363,0,2311,2311
12031013300,"Duval, FL (CT)",0,3249,3249,0,7133,7133
12031013402,"Duval, FL (CT)",0,2266,2266,0,4772,4772
12031013403,"Duval, FL (CT)",0,1687,1687,0,3390,3390
12031013404,"Duval, FL (CT)",0,1579,1579,0,3148,3148
12031013502,"Duval, FL (CT)",0,1318,1318,0,3441,3441
12031013503,"Duval, FL (CT)",0,3462,3462,0,8449,8449
12031013504,"Duval, FL (CT)",0,2372,2372,0,5767,5767
12031013521,"Duval, FL (CT)",0,5399,5399,0,11917,11917
12031013522,"Duval, FL (CT)",0,1455,1455,0,3414,3414
12031013721,"Duval, FL (CT)",54,3446,3500,101,8834,8935
12031013723,"Duval, FL (CT)",69,2473,2542,178,5514,5692
12031013726,"Duval, FL (CT)",0,3353,3353,0,8893,8893
12031013727,"Duval, FL (CT)",0,2974,2974,0,7685,7685
12031013800,"Duval, FL (CT)",0,633,633,0,2633,2633
12031013901,"Duval, FL (CT)",0,1696,1696,0,6261,6261
12031013902,"Duval, FL (CT)",0,2114,2114,0,4943,4943
12031013904,"Duval, FL (CT)",0,1985,1985,0,4234,4234
12031013905,"Duval, FL (CT)",0,2214,2214,0,4156,4156
12031013906,"Duval, FL (CT)",0,2026,2026,0,3909,3909
12031014001,"Duval, FL (CT)",0,2446,2446,0,4618,4618
12031014002,"Duval, FL (CT)",0,1047,1047,0,2419,2419
12031014101,"Duval, FL (CT)",0,1860,1860,0,4348,4348
12031014102,"Duval, FL (CT)",0,2525,2525,0,3931,3931
12031014202,"Duval, FL (CT)",0,2551,2551,0,4129,4129
12031014203,"Duval, FL (CT)",0,2712,2712,0,4166,4166
12031014204,"Duval, FL (CT)",0,2234,2234,0,4788,4788
12031014311,"Duval, FL (CT)",0,2097,2097,0,4659,4659
12031014312,"Duval, FL (CT)",0,2866,2866,0,6238,6238
12031014326,"Duval, FL (CT)",0,2741,2741,0,7468,7468
12031014328,"Duval, FL (CT)",0,2183,2183,0,5764,5764
12031014329,"Duval, FL (CT)",0,1193,1193,0,3169,3169
12031014330,"Duval, FL (CT)",136,1752,1888,357,4324,4681
12031014331,"Duval, FL (CT)",0,2037,2037,0,4862,4862
12031014332,"Duval, FL (CT)",0,3776,3776,0,8257,8257
12031014333,"Duval, FL (CT)",0,1429,1429,0,3041,3041
12031014334,"Duval, FL (CT)",0,1801,1801,0,4551,4551
12031014335,"Duval, FL (CT)",0,2912,2912,0,7977,7977
12031014336,"Duval, FL (CT)",0,2465,2465,0,7077,7077
12031014337,"Duval, FL (CT)",0,3506,3506,0,9815,9815
12031014338,"Duval, FL (CT)",0,1749,1749,0,4239,4239
12031014401,"Duval, FL (CT)",0,6420,6420,0,12821,12821
12031014404,"Duval, FL (CT)",32,2874,2906,85,9148,9233
12031014406,"Duval, FL (CT)",0,3276,3276,0,6707,6707
12031014408,"Duval, FL (CT)",0,2088,2088,0,4426,4426
12031014409,"Duval, FL (CT)",0,4412,4412,0,9820,9820
12031014410,"Duval, FL (CT)",0,3778,3778,0,7042,7042
12031014411,"Duval, FL (CT)",0,3905,3905,0,7835,7835
12031014412,"Duval, FL (CT)",258,4777,5035,589,11394,11983
12031014413,"Duval, FL (CT)",0,2542,2542,0,5960,5960
12031014500,"Duval, FL (CT)",0,1735,1735,0,4053,4053
12031014601,"Duval, FL (CT)",10,2278,2288,23,5822,5845
12031014603,"Duval, FL (CT)",0,2342,2342,0,5339,5339
12031014604,"Duval, FL (CT)",0,2690,2690,0,4491,4491
12031014701,"Duval, FL (CT)",0,3498,3498,0,7179,7179
12031014702,"Duval, FL (CT)",0,1147,1147,0,2911,2911
12031014800,"Duval, FL (CT)",0,2316,2316,0,4869,4869
12031014901,"Duval, FL (CT)",0,2180,2180,0,5396,5396
12031014902,"Duval, FL (CT)",0,3116,3116,0,7368,7368
12031015001,"Duval, FL (CT)",0,2309,2309,0,5495,5495
12031015002,"Duval, FL (CT)",0,1553,1553,0,3362,3362
12031015100,"Duval, FL (CT)",0,1741,1741,0,3898,3898
12031015200,"Duval, FL (CT)",0,1434,1434,0,2934,2934
12031015300,"Duval, FL (CT)",0,1598,1598,0,2621,2621
12031015400,"Duval, FL (CT)",0,1063,1063,0,2440,2440
12031015501,"Duval, FL (CT)",0,1580,1580,0,3412,3412
12031015502,"Duval, FL (CT)",0,1959,1959,0,4046,4046
12031015600,"Duval, FL (CT)",0,1886,1886,0,3669,3669
12031015700,"Duval, FL (CT)",0,2717,2717,0,5263,5263
12031015801,"Duval, FL (CT)",0,3035,3035,0,6495,6495
12031015802,"Duval, FL (CT)",0,3475,3475,0,6804,6804
12031015922,"Duval, FL (CT)",0,1916,1916,0,3185,3185
12031015923,"Duval, FL (CT)",0,4903,4903,0,9281,9281
12031015924,"Duval, FL (CT)",0,1933,1933,0,4477,4477
12031015925,"Duval, FL (CT)",0,2750,2750,0,5009,5009
12031015926,"Duval, FL (CT)",0,2832,2832,0,4555,4555
12031016000,"Duval, FL (CT)",0,2974,2974,0,6161,6161
12031016100,"Duval, FL (CT)",0,3168,3168,0,7388,7388
12031016200,"Duval, FL (CT)",0,1162,1162,0,2378,2378
12031016300,"Duval, FL (CT)",0,1010,1010,0,2380,2380
12031016400,"Duval, FL (CT)",0,2615,2615,0,5108,5108
12031016500,"Duval, FL (CT)",0,2296,2296,0,5125,5125
12031016601,"Duval, FL (CT)",0,3378,3378,0,6525,6525
12031016603,"Duval, FL (CT)",0,1573,1573,0,3320,3320
12031016604,"Duval, FL (CT)",0,2060,2060,0,4151,4151
12031016711,"Duval, FL (CT)",0,1860,1860,0,4311,4311
12031016722,"Duval, FL (CT)",0,3235,3235,0,7115,7115
12031016724,"Duval, FL (CT)",0,2672,2672,0,4854,4854
12031016725,"Duval, FL (CT)",0,1881,1881,0,4228,4228
12031016726,"Duval, FL (CT)",0,1713,1713,0,3592,3592
12031016727,"Duval, FL (CT)",0,1788,1788,0,3057,3057
12031016728,"Duval, FL (CT)",0,1708,1708,0,4349,4349
12031016729,"Duval, FL (CT)",0,2672,2672,0,6077,6077
12031016801,"Duval, FL (CT)",0,905,905,0,2203,2203
12031016803,"Duval, FL (CT)",0,2732,2732,0,6908,6908
12031016804,"Duval, FL (CT)",0,3038,3038,0,7697,7697
12031016805,"Duval, FL (CT)",0,2605,2605,0,7527,7527
12031016806,"Duval, FL (CT)",0,5430,5430,0,11511,11511
12031016807,"Duval, FL (CT)",0,1598,1598,0,3678,3678
12031016808,"Duval, FL (CT)",0,1780,1780,0,3494,3494
12031017100,"Duval, FL (CT)",0,3414,3414,0,5217,5217
12031017200,"Duval, FL (CT)",0,1370,1370,0,2284,2284
12031017300,"Duval, FL (CT)",2400,437,2837,5790,1181,6971
12031017400,"Duval, FL (CT)",0,1419,1419,0,2877,2877
12031990000,"Duval, FL (CT)",0,0,0,0,0,0
12033000100,"Escambia, FL (CT)",0,963,963,0,1603,1603
12033000300,"Escambia, FL (CT)",0,1440,1440,0,2518,2518
12033000400,"Escambia, FL (CT)",0,1781,1781,0,3388,3388
12033000500,"Escambia, FL (CT)",0,766,766,0,1541,1541
12033000600,"Escambia, FL (CT)",0,884,884,0,1864,1864
12033000800,"Escambia, FL (CT)",0,2858,2858,0,4798,4798
12033000900,"Escambia, FL (CT)",0,1341,1341,0,2513,2513
12033001001,"Escambia, FL (CT)",0,2673,2673,0,6030,6030
12033001002,"Escambia, FL (CT)",0,1883,1883,0,2825,2825
12033001101,"Escambia, FL (CT)",0,2699,2699,0,5864,5864
12033001103,"Escambia, FL (CT)",0,1304,1304,0,2743,2743
12033001104,"Escambia, FL (CT)",0,3111,3111,0,6396,6396
12033001201,"Escambia, FL (CT)",0,2618,2618,0,4372,4372
12033001202,"Escambia, FL (CT)",0,1986,1986,0,3846,3846
12033001300,"Escambia, FL (CT)",0,1876,1876,0,4232,4232
12033001401,"Escambia, FL (CT)",0,550,550,0,4570,4570
12033001402,"Escambia, FL (CT)",0,2868,2868,0,6163,6163
12033001500,"Escambia, FL (CT)",0,663,663,0,1328,1328
12033001600,"Escambia, FL (CT)",0,509,509,0,2697,2697
12033001700,"Escambia, FL (CT)",0,1254,1254,0,2782,2782
12033001800,"Escambia, FL (CT)",0,1004,1004,0,2103,2103
12033001900,"Escambia, FL (CT)",0,884,884,0,1937,1937
12033002000,"Escambia, FL (CT)",0,1176,1176,0,2147,2147
12033002100,"Escambia, FL (CT)",0,2581,2581,0,5209,5209
12033002200,"Escambia, FL (CT)",0,1809,1809,0,3706,3706
12033002300,"Escambia, FL (CT)",0,2796,2796,0,4788,4788
12033002400,"Escambia, FL (CT)",0,368,368,0,5852,5852
12033002500,"Escambia, FL (CT)",1858,1687,3545,670,1466,2136
12033002601,"Escambia, FL (CT)",58,1113,1171,80,2747,2827
12033002602,"Escambia, FL (CT)",1831,1630,3461,224,885,1109
12033002603,"Escambia, FL (CT)",38,3445,3483,95,7612,7707
12033002604,"Escambia, FL (CT)",99,1873,1972,282,3696,3978
12033002605,"Escambia, FL (CT)",84,1968,2052,247,4931,5178
12033002701,"Escambia, FL (CT)",0,1204,1204,0,2925,2925
12033002703,"Escambia, FL (CT)",0,1425,1425,0,3152,3152
12033002704,"Escambia, FL (CT)",0,2439,2439,0,5177,5177
12033002801,"Escambia, FL (CT)",0,1388,1388,0,2568,2568
12033002802,"Escambia, FL (CT)",0,2304,2304,0,4912,4912
12033002803,"Escambia, FL (CT)",0,1378,1378,0,2749,2749
12033002804,"Escambia, FL (CT)",0,771,771,0,3223,3223
12033002900,"Escambia, FL (CT)",0,1993,1993,0,4076,4076
12033003000,"Escambia, FL (CT)",0,3108,3108,0,6869,6869
12033003100,"Escambia, FL (CT)",0,2115,2115,0,5436,5436
12033003201,"Escambia, FL (CT)",0,2360,2360,0,5225,5225
12033003203,"Escambia, FL (CT)",0,1942,1942,0,4685,4685
12033003204,"Escambia, FL (CT)",0,1132,1132,0,2863,2863
12033003301,"Escambia, FL (CT)",0,1701,1701,0,4119,4119
12033003305,"Escambia, FL (CT)",464,380,844,1084,1612,2696
12033003306,"Escambia, FL (CT)",0,2958,2958,0,7175,7175
12033003307,"Escambia, FL (CT)",0,868,868,0,2212,2212
12033003308,"Escambia, FL (CT)",0,1796,1796,0,4176,4176
12033003309,"Escambia, FL (CT)",0,3082,3082,0,6649,6649
12033003400,"Escambia, FL (CT)",0,2619,2619,0,5187,5187
12033003503,"Escambia, FL (CT)",0,3040,3040,0,6239,6239
12033003505,"Escambia, FL (CT)",0,2006,2006,0,3586,3586
12033003506,"Escambia, FL (CT)",0,2107,2107,0,4208,4208
12033003507,"Escambia, FL (CT)",0,3032,3032,0,5331,5331
12033003508,"Escambia, FL (CT)",0,3047,3047,0,6568,6568
12033003603,"Escambia, FL (CT)",1291,1332,2623,3174,3479,6653
12033003607,"Escambia, FL (CT)",0,902,902,0,3479,3479
12033003608,"Escambia, FL (CT)",0,3148,3148,0,7254,7254
12033003609,"Escambia, FL (CT)",0,1690,1690,0,3693,3693
12033003610,"Escambia, FL (CT)",0,2531,2531,0,6381,6381
12033003611,"Escambia, FL (CT)",0,2281,2281,0,5337,5337
12033003612,"Escambia, FL (CT)",266,1619,1885,721,3969,4690
12033003613,"Escambia, FL (CT)",1078,506,1584,2622,1323,3945
12033003614,"Escambia, FL (CT)",1141,1054,2195,2799,2511,5310
12033003700,"Escambia, FL (CT)",479,1017,1496,1256,2640,3896
12033003800,"Escambia, FL (CT)",1823,0,1823,4366,0,4366
12033003900,"Escambia, FL (CT)",2121,0,2121,5068,0,5068
12033004000,"Escambia, FL (CT)",948,488,1436,2021,2770,4791
12033990000,"Escambia, FL (CT)",0,0,0,0,0,0
12035060103,"Flagler, FL (CT)",0,1642,1642,0,2408,2408
12035060104,"Flagler, FL (CT)",93,1819,1912,174,3812,3986
12035060105,"Flagler, FL (CT)",0,2223,2223,0,3663,3663
12035060106,"Flagler, FL (CT)",540,2446,2986,340,2522,2862
12035060107,"Flagler, FL (CT)",0,2233,2233,0,4317,4317
12035060204,"Flagler, FL (CT)",91,3012,3103,207,7717,7924
12035060205,"Flagler, FL (CT)",147,3129,3276,209,7065,7274
12035060206,"Flagler, FL (CT)",2077,125,2202,4536,228,4764
12035060207,"Flagler, FL (CT)",650,1917,2567,1552,3911,5463
12035060208,"Flagler, FL (CT)",150,2475,2625,363,5658,6021
12035060209,"Flagler, FL (CT)",101,3172,3273,206,6647,6853
12035060210,"Flagler, FL (CT)",0,1797,1797,0,3826,3826
12035060211,"Flagler, FL (CT)",0,3034,3034,0,6321,6321
12035060212,"Flagler, FL (CT)",0,2206,2206,0,5246,5246
12035060213,"Flagler, FL (CT)",68,2250,2318,100,5423,5523
12035060214,"Flagler, FL (CT)",0,2928,2928,0,6965,6965
12035060301,"Flagler, FL (CT)",181,2433,2614,344,4254,4598
12035060302,"Flagler, FL (CT)",0,2473,2473,0,3217,3217
12035060303,"Flagler, FL (CT)",0,1842,1842,0,2120,2120
12035060304,"Flagler, FL (CT)",1022,319,1341,1846,499,2345
12035990000,"Flagler, FL (CT)",0,0,0,0,0,0
12037970100,"Franklin, FL (CT)",2985,0,2985,3966,0,3966
12037970200,"Franklin, FL (CT)",1315,480,1795,2144,945,3089
12037970302,"Franklin, FL (CT)",390,875,1265,1092,1712,2804
12037970304,"Franklin, FL (CT)",1867,740,2607,656,1034,1690
12037990000,"Franklin, FL (CT)",0,0,0,0,0,0
12037990100,"Franklin, FL (CT)",0,0,0,0,0,0
12039020101,"Gadsden, FL (CT)",2054,211,2265,4315,487,4802
12039020102,"Gadsden, FL (CT)",1675,1137,2812,3572,2549,6121
12039020300,"Gadsden, FL (CT)",2223,0,2223,5540,0,5540
12039020400,"Gadsden, FL (CT)",1108,1001,2109,2289,3375,5664
12039020500,"Gadsden, FL (CT)",1310,1252,2562,3194,2814,6008
12039020600,"Gadsden, FL (CT)",1512,159,1671,3679,357,4036
12039020701,"Gadsden, FL (CT)",568,823,1391,1377,2080,3457
12039020702,"Gadsden, FL (CT)",685,1570,2255,1594,4398,5992
12039020800,"Gadsden, FL (CT)",2218,0,2218,4769,0,4769
12041950100,"Gilchrist, FL (CT)",2821,0,2821,5358,0,5358
12041950201,"Gilchrist, FL (CT)",913,0,913,2112,0,2112
12041950202,"Gilchrist, FL (CT)",901,13,914,2123,917,3040
12041950203,"Gilchrist, FL (CT)",1343,0,1343,3145,0,3145
12041950204,"Gilchrist, FL (CT)",602,714,1316,1477,1807,3284
12043000100,"Glades, FL (CT)",2151,0,2151,2266,0,2266
12043000200,"Glades, FL (CT)",2294,1153,3447,4461,2409,6870
12043000300,"Glades, FL (CT)",1174,207,1381,2374,1374,3748
12043990000,"Glades, FL (CT)",0,0,0,0,0,0
12045960100,"Gulf, FL (CT)",3122,0,3122,8337,0,8337
12045960200,"Gulf, FL (CT)",1624,717,2341,1712,1364,3076
12045960300,"Gulf, FL (CT)",2512,1135,3647,2179,2271,4450
12045990000,"Gulf, FL (CT)",0,0,0,0,0,0
12047960100,"Hamilton, FL (CT)",1328,1220,2548,2800,5404,8204
12047960200,"Hamilton, FL (CT)",2309,0,2309,4835,0,4835
12047960300,"Hamilton, FL (CT)",921,0,921,1760,0,1760
12049970101,"Hardee, FL (CT)",1117,370,1487,3024,1122,4146
12049970102,"Hardee, FL (CT)",1421,159,1580,3307,520,3827
12049970201,"Hardee, FL (CT)",364,1193,1557,527,3583,4110
12049970202,"Hardee, FL (CT)",341,73,414,830,129,959
12049970300,"Hardee, FL (CT)",732,1672,2404,3468,4701,8169
12049970400,"Hardee, FL (CT)",804,1476,2280,2102,4418,6520
12051000100,"Hendry, FL (CT)",81,2636,2717,159,7045,7204
12051000200,"Hendry, FL (CT)",486,1997,2483,1324,5788,7112
12051000300,"Hendry, FL (CT)",2090,735,2825,5554,2250,7804
12051000401,"Hendry, FL (CT)",647,780,1427,1431,2481,3912
12051000402,"Hendry, FL (CT)",505,2811,3316,785,6745,7530
12051000600,"Hendry, FL (CT)",1796,0,1796,5578,0,5578
12051990000,"Hendry, FL (CT)",0,0,0,0,0,0
12053040101,"Hernando, FL (CT)",1470,850,2320,3053,1732,4785
12053040102,"Hernando, FL (CT)",509,563,1072,874,1223,2097
12053040201,"Hernando, FL (CT)",1360,0,1360,2681,0,2681
12053040202,"Hernando, FL (CT)",2076,817,2893,4794,1448,6242
12053040301,"Hernando, FL (CT)",779,0,779,1684,0,1684
12053040302,"Hernando, FL (CT)",1448,475,1923,3209,851,4060
12053040303,"Hernando, FL (CT)",1282,1,1283,2536,0,2536
12053040400,"Hernando, FL (CT)",0,1866,1866,0,3179,3179
12053040501,"Hernando, FL (CT)",172,1884,2056,297,3480,3777
12053040502,"Hernando, FL (CT)",126,1355,1481,234,2947,3181
12053040601,"Hernando, FL (CT)",818,385,1203,1828,697,2525
12053040602,"Hernando, FL (CT)",879,554,1433,2005,968,2973
12053040701,"Hernando, FL (CT)",1704,694,2398,3630,1716,5346
12053040702,"Hernando, FL (CT)",170,2055,2225,423,4606,5029
12053040801,"Hernando, FL (CT)",0,2313,2313,0,3686,3686
12053040802,"Hernando, FL (CT)",0,2841,2841,0,4420,4420
12053040901,"Hernando, FL (CT)",0,2723,2723,0,5646,5646
12053040905,"Hernando, FL (CT)",0,2878,2878,0,6141,6141
12053040906,"Hernando, FL (CT)",22,2413,2435,75,5787,5862
12053040907,"Hernando, FL (CT)",0,1149,1149,0,2581,2581
12053040908,"Hernando, FL (CT)",0,2743,2743,0,6476,6476
12053040909,"Hernando, FL (CT)",0,2118,2118,0,4736,4736
12053040910,"Hernando, FL (CT)",534,1151,1685,984,2608,3592
12053040911,"Hernando, FL (CT)",0,1488,1488,0,4351,4351
12053041003,"Hernando, FL (CT)",0,1256,1256,0,3018,3018
12053041004,"Hernando, FL (CT)",0,2833,2833,0,6378,6378
12053041005,"Hernando, FL (CT)",0,963,963,0,2200,2200
12053041006,"Hernando, FL (CT)",0,2696,2696,0,6310,6310
12053041103,"Hernando, FL (CT)",0,1874,1874,0,3959,3959
12053041104,"Hernando, FL (CT)",0,1168,1168,0,2489,2489
12053041105,"Hernando, FL (CT)",0,1995,1995,0,4199,4199
12053041106,"Hernando, FL (CT)",0,1745,1745,0,3832,3832
12053041201,"Hernando, FL (CT)",0,1691,1691,0,3557,3557
12053041203,"Hernando, FL (CT)",0,1916,1916,0,4029,4029
12053041204,"Hernando, FL (CT)",0,1623,1623,0,3147,3147
12053041302,"Hernando, FL (CT)",0,1474,1474,0,2992,2992
12053041303,"Hernando, FL (CT)",0,1674,1674,0,2548,2548
12053041304,"Hernando, FL (CT)",0,1275,1275,0,1795,1795
12053041305,"Hernando, FL (CT)",0,1032,1032,0,1462,1462
12053041401,"Hernando, FL (CT)",0,2638,2638,0,5779,5779
12053041402,"Hernando, FL (CT)",0,2456,2456,0,5269,5269
12053041501,"Hernando, FL (CT)",1826,129,1955,2684,343,3027
12053041502,"Hernando, FL (CT)",298,1561,1859,405,3281,3686
12053041600,"Hernando, FL (CT)",1621,2095,3716,2080,3436,5516
12053990000,"Hernando, FL (CT)",0,0,0,0,0,0
12055960101,"Highlands, FL (CT)",1162,494,1656,1844,749,2593
12055960102,"Highlands, FL (CT)",198,557,755,261,1188,1449
12055960103,"Highlands, FL (CT)",547,2125,2672,822,3898,4720
12055960200,"Highlands, FL (CT)",377,1892,2269,735,3511,4246
12055960300,"Highlands, FL (CT)",0,1954,1954,0,4448,4448
12055960400,"Highlands, FL (CT)",145,2995,3140,393,6757,7150
12055960501,"Highlands, FL (CT)",401,465,866,420,649,1069
12055960502,"Highlands, FL (CT)",330,3934,4264,680,6435,7115
12055960601,"Highlands, FL (CT)",0,1431,1431,0,2801,2801
12055960602,"Highlands, FL (CT)",54,3514,3568,109,5418,5527
12055960700,"Highlands, FL (CT)",45,1997,2042,83,3355,3438
12055960800,"Highlands, FL (CT)",0,1087,1087,0,2635,2635
12055960900,"Highlands, FL (CT)",458,845,1303,870,1582,2452
12055961000,"Highlands, FL (CT)",1715,1076,2791,2559,1873,4432
12055961100,"Highlands, FL (CT)",0,2356,2356,0,3845,3845
12055961200,"Highlands, FL (CT)",591,2228,2819,1023,3771,4794
12055961301,"Highlands, FL (CT)",803,2105,2908,1757,4514,6271
12055961302,"Highlands, FL (CT)",374,2660,3034,734,3820,4554
12055961400,"Highlands, FL (CT)",1633,1479,3112,2951,2436,5387
12055961500,"Highlands, FL (CT)",986,2096,3082,1476,3648,5124
12055961601,"Highlands, FL (CT)",896,0,896,1318,0,1318
12055961602,"Highlands, FL (CT)",468,288,756,798,238,1036
12055961603,"Highlands, FL (CT)",267,2936,3203,494,5782,6276
12055961700,"Highlands, FL (CT)",723,2686,3409,1456,4623,6079
12055980000,"Highlands, FL (CT)",10,0,10,26,0,26
12055980100,"Highlands, FL (CT)",0,0,0,0,0,0
12055980200,"Highlands, FL (CT)",3,0,3,1,0,1
12057000101,"Hillsborough, FL (CT)",0,2083,2083,0,4308,4308
12057000102,"Hillsborough, FL (CT)",0,2427,2427,0,5093,5093
12057000201,"Hillsborough, FL (CT)",0,1583,1583,0,2796,2796
12057000202,"Hillsborough, FL (CT)",0,1983,1983,0,4825,4825
12057000300,"Hillsborough, FL (CT)",0,2809,2809,0,7000,7000
12057000401,"Hillsborough, FL (CT)",0,931,931,0,2308,2308
12057000402,"Hillsborough, FL (CT)",0,1208,1208,0,2485,2485
12057000500,"Hillsborough, FL (CT)",0,1728,1728,0,3779,3779
12057000601,"Hillsborough, FL (CT)",0,2085,2085,0,3964,3964
12057000602,"Hillsborough, FL (CT)",0,1134,1134,0,2583,2583
12057000700,"Hillsborough, FL (CT)",0,2523,2523,0,5724,5724
12057000800,"Hillsborough, FL (CT)",0,1352,1352,0,3264,3264
12057000901,"Hillsborough, FL (CT)",0,1117,1117,0,2567,2567
12057000902,"Hillsborough, FL (CT)",0,2472,2472,0,4457,4457
12057001001,"Hillsborough, FL (CT)",0,1347,1347,0,3285,3285
12057001002,"Hillsborough, FL (CT)",0,2025,2025,0,5172,5172
12057001100,"Hillsborough, FL (CT)",0,1046,1046,0,2166,2166
12057001200,"Hillsborough, FL (CT)",0,1272,1272,0,2879,2879
12057001300,"Hillsborough, FL (CT)",0,2517,2517,0,5706,5706
12057001400,"Hillsborough, FL (CT)",0,1866,1866,0,4462,4462
12057001500,"Hillsborough, FL (CT)",0,1219,1219,0,2412,2412
12057001600,"Hillsborough, FL (CT)",0,1025,1025,0,1923,1923
12057001700,"Hillsborough, FL (CT)",0,1932,1932,0,4184,4184
12057001800,"Hillsborough, FL (CT)",0,1782,1782,0,4129,4129
12057001900,"Hillsborough, FL (CT)",0,1098,1098,0,2831,2831
12057002000,"Hillsborough, FL (CT)",0,996,996,0,2729,2729
12057002100,"Hillsborough, FL (CT)",0,1218,1218,0,2701,2701
12057002200,"Hillsborough, FL (CT)",0,832,832,0,1580,1580
12057002300,"Hillsborough, FL (CT)",0,1454,1454,0,3057,3057
12057002400,"Hillsborough, FL (CT)",0,1875,1875,0,3792,3792
12057002500,"Hillsborough, FL (CT)",0,3098,3098,0,6637,6637
12057002600,"Hillsborough, FL (CT)",0,759,759,0,1784,1784
12057002700,"Hillsborough, FL (CT)",0,2943,2943,0,6888,6888
12057002800,"Hillsborough, FL (CT)",0,1389,1389,0,2792,2792
12057002900,"Hillsborough, FL (CT)",0,959,959,0,1922,1922
12057003000,"Hillsborough, FL (CT)",0,1187,1187,0,2914,2914
12057003100,"Hillsborough, FL (CT)",0,1160,1160,0,2673,2673
12057003200,"Hillsborough, FL (CT)",0,1147,1147,0,2463,2463
12057003300,"Hillsborough, FL (CT)",0,1006,1006,0,2063,2063
12057003400,"Hillsborough, FL (CT)",0,1140,1140,0,3009,3009
12057003500,"Hillsborough, FL (CT)",0,1045,1045,0,2416,2416
12057003600,"Hillsborough, FL (CT)",0,1556,1556,0,4333,4333
12057003700,"Hillsborough, FL (CT)",0,569,569,0,2014,2014
12057003800,"Hillsborough, FL (CT)",0,527,527,0,1047,1047
12057003900,"Hillsborough, FL (CT)",0,1434,1434,0,1975,1975
12057004000,"Hillsborough, FL (CT)",0,43,43,0,140,140
12057004100,"Hillsborough, FL (CT)",0,820,820,0,1835,1835
12057004200,"Hillsborough, FL (CT)",0,459,459,0,1055,1055
12057004300,"Hillsborough, FL (CT)",0,1255,1255,0,3052,3052
12057004400,"Hillsborough, FL (CT)",0,895,895,0,2071,2071
12057004500,"Hillsborough, FL (CT)",0,1614,1614,0,4244,4244
12057004600,"Hillsborough, FL (CT)",0,2082,2082,0,2958,2958
12057004700,"Hillsborough, FL (CT)",0,1306,1306,0,2245,2245
12057004800,"Hillsborough, FL (CT)",0,1792,1792,0,3886,3886
12057004900,"Hillsborough, FL (CT)",0,2415,2415,0,3982,3982
12057005000,"Hillsborough, FL (CT)",0,1309,1309,0,5505,5505
12057005101,"Hillsborough, FL (CT)",0,1138,1138,0,1134,1134
12057005102,"Hillsborough, FL (CT)",0,2419,2419,0,3533,3533
12057005301,"Hillsborough, FL (CT)",0,2144,2144,0,1844,1844
12057005302,"Hillsborough, FL (CT)",0,790,790,0,1965,1965
12057005401,"Hillsborough, FL (CT)",0,2787,2787,0,5465,5465
12057005500,"Hillsborough, FL (CT)",0,1282,1282,0,1931,1931
12057005700,"Hillsborough, FL (CT)",0,2390,2390,0,3670,3670
12057005800,"Hillsborough, FL (CT)",0,2130,2130,0,4363,4363
12057005900,"Hillsborough, FL (CT)",0,2659,2659,0,5863,5863
12057006000,"Hillsborough, FL (CT)",0,2376,2376,0,5271,5271
12057006101,"Hillsborough, FL (CT)",0,1729,1729,0,3073,3073
12057006103,"Hillsborough, FL (CT)",0,2603,2603,0,3539,3539
12057006200,"Hillsborough, FL (CT)",0,1676,1676,0,3526,3526
12057006300,"Hillsborough, FL (CT)",0,1583,1583,0,3733,3733
12057006400,"Hillsborough, FL (CT)",0,1570,1570,0,3830,3830
12057006501,"Hillsborough, FL (CT)",0,1715,1715,0,3100,3100
12057006502,"Hillsborough, FL (CT)",0,1568,1568,0,1783,1783
12057006600,"Hillsborough, FL (CT)",0,2188,2188,0,3736,3736
12057006700,"Hillsborough, FL (CT)",0,2574,2574,0,5381,5381
12057006801,"Hillsborough, FL (CT)",0,2310,2310,0,4461,4461
12057006802,"Hillsborough, FL (CT)",0,1654,1654,0,3042,3042
12057006900,"Hillsborough, FL (CT)",0,2582,2582,0,5214,5214
12057007001,"Hillsborough, FL (CT)",0,1633,1633,0,3491,3491
12057007002,"Hillsborough, FL (CT)",0,1427,1427,0,3165,3165
12057007102,"Hillsborough, FL (CT)",0,1653,1653,0,2386,2386
12057007103,"Hillsborough, FL (CT)",0,1642,1642,0,3768,3768
12057007200,"Hillsborough, FL (CT)",0,1825,1825,0,3753,3753
12057007300,"Hillsborough, FL (CT)",29,409,438,55,1588,1643
12057010103,"Hillsborough, FL (CT)",1375,304,1679,3876,785,4661
12057010105,"Hillsborough, FL (CT)",489,1196,1685,1304,3484,4788
12057010106,"Hillsborough, FL (CT)",218,1676,1894,620,4524,5144
12057010107,"Hillsborough, FL (CT)",478,1558,2036,1254,2392,3646
12057010108,"Hillsborough, FL (CT)",616,412,1028,1590,554,2144
12057010203,"Hillsborough, FL (CT)",0,943,943,0,1977,1977
12057010204,"Hillsborough, FL (CT)",0,2018,2018,0,5024,5024
12057010205,"Hillsborough, FL (CT)",0,2888,2888,0,7637,7637
12057010209,"Hillsborough, FL (CT)",1,3375,3376,1,9161,9162
12057010210,"Hillsborough, FL (CT)",0,1619,1619,0,3839,3839
12057010211,"Hillsborough, FL (CT)",0,2067,2067,0,5238,5238
12057010212,"Hillsborough, FL (CT)",0,1852,1852,0,5031,5031
12057010213,"Hillsborough, FL (CT)",538,295,833,1220,746,1966
12057010214,"Hillsborough, FL (CT)",142,0,142,267,0,267
12057010303,"Hillsborough, FL (CT)",0,1480,1480,0,2969,2969
12057010304,"Hillsborough, FL (CT)",1005,513,1518,2473,1344,3817
12057010305,"Hillsborough, FL (CT)",215,1200,1415,513,3152,3665
12057010401,"Hillsborough, FL (CT)",0,2676,2676,0,5350,5350
12057010402,"Hillsborough, FL (CT)",0,2373,2373,0,5094,5094
12057010501,"Hillsborough, FL (CT)",0,2490,2490,0,5024,5024
12057010502,"Hillsborough, FL (CT)",0,1050,1050,0,2128,2128
12057010600,"Hillsborough, FL (CT)",0,1347,1347,0,3231,3231
12057010701,"Hillsborough, FL (CT)",0,2423,2423,0,5798,5798
12057010702,"Hillsborough, FL (CT)",0,1204,1204,0,3033,3033
12057010805,"Hillsborough, FL (CT)",0,2169,2169,0,4943,4943
12057010808,"Hillsborough, FL (CT)",0,1721,1721,0,2956,2956
12057010809,"Hillsborough, FL (CT)",0,1457,1457,0,2618,2618
12057010810,"Hillsborough, FL (CT)",0,1850,1850,0,3206,3206
12057010811,"Hillsborough, FL (CT)",0,3071,3071,0,5827,5827
12057010812,"Hillsborough, FL (CT)",0,2801,2801,0,4479,4479
12057010813,"Hillsborough, FL (CT)",0,3062,3062,0,4923,4923
12057010814,"Hillsborough, FL (CT)",0,1593,1593,0,2331,2331
12057010815,"Hillsborough, FL (CT)",0,931,931,0,1592,1592
12057010816,"Hillsborough, FL (CT)",0,1849,1849,0,3583,3583
12057010817,"Hillsborough, FL (CT)",0,1762,1762,0,3687,3687
12057010818,"Hillsborough, FL (CT)",0,2192,2192,0,4515,4515
12057010900,"Hillsborough, FL (CT)",0,133,133,0,5160,5160
12057011003,"Hillsborough, FL (CT)",0,2556,2556,0,4520,4520
12057011005,"Hillsborough, FL (CT)",0,1098,1098,0,2804,2804
12057011006,"Hillsborough, FL (CT)",294,1660,1954,803,4312,5115
12057011007,"Hillsborough, FL (CT)",0,1288,1288,0,3218,3218
12057011008,"Hillsborough, FL (CT)",336,2594,2930,1033,5231,6264
12057011010,"Hillsborough, FL (CT)",0,2770,2770,0,5199,5199
12057011012,"Hillsborough, FL (CT)",9,2099,2108,27,5421,5448
12057011013,"Hillsborough, FL (CT)",0,1669,1669,0,3253,3253
12057011014,"Hillsborough, FL (CT)",0,393,393,0,740,740
12057011015,"Hillsborough, FL (CT)",0,3127,3127,0,6140,6140
12057011016,"Hillsborough, FL (CT)",0,1326,1326,0,3125,3125
12057011103,"Hillsborough, FL (CT)",0,1408,1408,0,3558,3558
12057011106,"Hillsborough, FL (CT)",0,1072,1072,0,1920,1920
12057011107,"Hillsborough, FL (CT)",0,2750,2750,0,6517,6517
12057011108,"Hillsborough, FL (CT)",0,739,739,0,1444,1444
12057011109,"Hillsborough, FL (CT)",0,1220,1220,0,2984,2984
12057011203,"Hillsborough, FL (CT)",0,1585,1585,0,3008,3008
12057011204,"Hillsborough, FL (CT)",0,2811,2811,0,6029,6029
12057011205,"Hillsborough, FL (CT)",0,1259,1259,0,2697,2697
12057011206,"Hillsborough, FL (CT)",0,1505,1505,0,2852,2852
12057011301,"Hillsborough, FL (CT)",0,1333,1333,0,3041,3041
12057011303,"Hillsborough, FL (CT)",0,1447,1447,0,2977,2977
12057011304,"Hillsborough, FL (CT)",0,2283,2283,0,5084,5084
12057011407,"Hillsborough, FL (CT)",0,1262,1262,0,2279,2279
12057011408,"Hillsborough, FL (CT)",0,1140,1140,0,2793,2793
12057011409,"Hillsborough, FL (CT)",0,1361,1361,0,2884,2884
12057011410,"Hillsborough, FL (CT)",28,2177,2205,48,5839,5887
12057011411,"Hillsborough, FL (CT)",0,588,588,0,1762,1762
12057011412,"Hillsborough, FL (CT)",0,1585,1585,0,3221,3221
12057011413,"Hillsborough, FL (CT)",0,2194,2194,0,5763,5763
12057011414,"Hillsborough, FL (CT)",0,2477,2477,0,6825,6825
12057011415,"Hillsborough, FL (CT)",0,2254,2254,0,5152,5152
12057011416,"Hillsborough, FL (CT)",0,2833,2833,0,6658,6658
12057011417,"Hillsborough, FL (CT)",0,2178,2178,0,4528,4528
12057011418,"Hillsborough, FL (CT)",0,1781,1781,0,3719,3719
12057011504,"Hillsborough, FL (CT)",395,503,898,897,1204,2101
12057011506,"Hillsborough, FL (CT)",0,2970,2970,0,7333,7333
12057011507,"Hillsborough, FL (CT)",0,3362,3362,0,7312,7312
12057011509,"Hillsborough, FL (CT)",322,1962,2284,837,5517,6354
12057011510,"Hillsborough, FL (CT)",0,1137,1137,0,3357,3357
12057011512,"Hillsborough, FL (CT)",0,1317,1317,0,3658,3658
12057011514,"Hillsborough, FL (CT)",0,2170,2170,0,5718,5718
12057011515,"Hillsborough, FL (CT)",0,1351,1351,0,3494,3494
12057011516,"Hillsborough, FL (CT)",0,1407,1407,0,3047,3047
12057011517,"Hillsborough, FL (CT)",387,3095,3482,480,8740,9220
12057011518,"Hillsborough, FL (CT)",761,843,1604,1721,2440,4161
12057011519,"Hillsborough, FL (CT)",0,808,808,0,2134,2134
12057011520,"Hillsborough, FL (CT)",0,2104,2104,0,4968,4968
12057011521,"Hillsborough, FL (CT)",0,2289,2289,0,4268,4268
12057011522,"Hillsborough, FL (CT)",0,1552,1552,0,3791,3791
12057011523,"Hillsborough, FL (CT)",0,577,577,0,1776,1776
12057011524,"Hillsborough, FL (CT)",0,2463,2463,0,4822,4822
12057011603,"Hillsborough, FL (CT)",0,1623,1623,0,4107,4107
12057011605,"Hillsborough, FL (CT)",0,2335,2335,0,6748,6748
12057011606,"Hillsborough, FL (CT)",0,3153,3153,0,6233,6233
12057011607,"Hillsborough, FL (CT)",0,3089,3089,0,7558,7558
12057011608,"Hillsborough, FL (CT)",0,390,390,0,1089,1089
12057011610,"Hillsborough, FL (CT)",0,2248,2248,0,5142,5142
12057011611,"Hillsborough, FL (CT)",0,1674,1674,0,4154,4154
12057011612,"Hillsborough, FL (CT)",0,2639,2639,0,6423,6423
12057011613,"Hillsborough, FL (CT)",0,2201,2201,0,5666,5666
12057011614,"Hillsborough, FL (CT)",0,2443,2443,0,6854,6854
12057011615,"Hillsborough, FL (CT)",0,1685,1685,0,4156,4156
12057011706,"Hillsborough, FL (CT)",0,3235,3235,0,7227,7227
12057011708,"Hillsborough, FL (CT)",0,2342,2342,0,3953,3953
12057011709,"Hillsborough, FL (CT)",0,503,503,0,870,870
12057011710,"Hillsborough, FL (CT)",0,3432,3432,0,5870,5870
12057011712,"Hillsborough, FL (CT)",0,2448,2448,0,4903,4903
12057011802,"Hillsborough, FL (CT)",0,2279,2279,0,6670,6670
12057011803,"Hillsborough, FL (CT)",0,3337,3337,0,6738,6738
12057011804,"Hillsborough, FL (CT)",0,1926,1926,0,5649,5649
12057011901,"Hillsborough, FL (CT)",0,2945,2945,0,4746,4746
12057011902,"Hillsborough, FL (CT)",0,2999,2999,0,7183,7183
12057011904,"Hillsborough, FL (CT)",0,1056,1056,0,1803,1803
12057011905,"Hillsborough, FL (CT)",0,577,577,0,1426,1426
12057011906,"Hillsborough, FL (CT)",0,1791,1791,0,4375,4375
12057012001,"Hillsborough, FL (CT)",0,1023,1023,0,2511,2511
12057012002,"Hillsborough, FL (CT)",0,1400,1400,0,3652,3652
12057012103,"Hillsborough, FL (CT)",0,2400,2400,0,5264,5264
12057012104,"Hillsborough, FL (CT)",0,2964,2964,0,6993,6993
12057012106,"Hillsborough, FL (CT)",363,1500,1863,862,3987,4849
12057012107,"Hillsborough, FL (CT)",0,1872,1872,0,4845,4845
12057012108,"Hillsborough, FL (CT)",0,1187,1187,0,3010,3010
12057012206,"Hillsborough, FL (CT)",0,2251,2251,0,5917,5917
12057012207,"Hillsborough, FL (CT)",0,2520,2520,0,6761,6761
12057012208,"Hillsborough, FL (CT)",0,2237,2237,0,6208,6208
12057012209,"Hillsborough, FL (CT)",0,1630,1630,0,4638,4638
12057012210,"Hillsborough, FL (CT)",0,2152,2152,0,4530,4530
12057012211,"Hillsborough, FL (CT)",0,80,80,0,2688,2688
12057012212,"Hillsborough, FL (CT)",0,1877,1877,0,4506,4506
12057012213,"Hillsborough, FL (CT)",0,1793,1793,0,4392,4392
12057012301,"Hillsborough, FL (CT)",0,2540,2540,0,5998,5998
12057012303,"Hillsborough, FL (CT)",0,1289,1289,0,2975,2975
12057012304,"Hillsborough, FL (CT)",0,1871,1871,0,4775,4775
12057012401,"Hillsborough, FL (CT)",273,1494,1767,754,4435,5189
12057012402,"Hillsborough, FL (CT)",390,583,973,1266,2218,3484
12057012403,"Hillsborough, FL (CT)",254,1586,1840,793,4714,5507
12057012501,"Hillsborough, FL (CT)",125,1573,1698,328,3623,3951
12057012503,"Hillsborough, FL (CT)",0,1951,1951,0,4407,4407
12057012504,"Hillsborough, FL (CT)",0,1130,1130,0,3024,3024
12057012600,"Hillsborough, FL (CT)",0,2166,2166,0,5407,5407
12057012701,"Hillsborough, FL (CT)",0,2241,2241,0,6291,6291
12057012702,"Hillsborough, FL (CT)",0,1488,1488,0,3374,3374
12057012800,"Hillsborough, FL (CT)",0,1383,1383,0,3646,3646
12057012900,"Hillsborough, FL (CT)",0,1130,1130,0,2942,2942
12057013001,"Hillsborough, FL (CT)",82,1243,1325,204,3604,3808
12057013002,"Hillsborough, FL (CT)",89,1465,1554,274,4100,4374
12057013003,"Hillsborough, FL (CT)",115,1055,1170,302,3130,3432
12057013004,"Hillsborough, FL (CT)",412,860,1272,1295,2689,3984
12057013100,"Hillsborough, FL (CT)",942,62,1004,2573,220,2793
12057013203,"Hillsborough, FL (CT)",0,1242,1242,0,3358,3358
12057013204,"Hillsborough, FL (CT)",0,1594,1594,0,2946,2946
12057013205,"Hillsborough, FL (CT)",0,2825,2825,0,8030,8030
12057013206,"Hillsborough, FL (CT)",0,2042,2042,0,5818,5818
12057013207,"Hillsborough, FL (CT)",417,1111,1528,662,3273,3935
12057013208,"Hillsborough, FL (CT)",0,1801,1801,0,4939,4939
12057013305,"Hillsborough, FL (CT)",0,1608,1608,0,4436,4436
12057013307,"Hillsborough, FL (CT)",0,1737,1737,0,3888,3888
12057013310,"Hillsborough, FL (CT)",0,1136,1136,0,2748,2748
12057013311,"Hillsborough, FL (CT)",0,1413,1413,0,2821,2821
12057013312,"Hillsborough, FL (CT)",0,1668,1668,0,4363,4363
12057013313,"Hillsborough, FL (CT)",0,1797,1797,0,4750,4750
12057013314,"Hillsborough, FL (CT)",0,1084,1084,0,2799,2799
12057013315,"Hillsborough, FL (CT)",0,1983,1983,0,3185,3185
12057013316,"Hillsborough, FL (CT)",0,1215,1215,0,2493,2493
12057013317,"Hillsborough, FL (CT)",0,1169,1169,0,2001,2001
12057013318,"Hillsborough, FL (CT)",0,1653,1653,0,3161,3161
12057013319,"Hillsborough, FL (CT)",0,2620,2620,0,4640,4640
12057013320,"Hillsborough, FL (CT)",0,1802,1802,0,3894,3894
12057013321,"Hillsborough, FL (CT)",0,2867,2867,0,6975,6975
12057013322,"Hillsborough, FL (CT)",0,3142,3142,0,7109,7109
12057013406,"Hillsborough, FL (CT)",0,560,560,0,1241,1241
12057013407,"Hillsborough, FL (CT)",0,2491,2491,0,6749,6749
12057013409,"Hillsborough, FL (CT)",0,1665,1665,0,4697,4697
12057013410,"Hillsborough, FL (CT)",0,2002,2002,0,4456,4456
12057013411,"Hillsborough, FL (CT)",0,914,914,0,1888,1888
12057013412,"Hillsborough, FL (CT)",0,1453,1453,0,3775,3775
12057013413,"Hillsborough, FL (CT)",0,1308,1308,0,3374,3374
12057013414,"Hillsborough, FL (CT)",0,2334,2334,0,6121,6121
12057013415,"Hillsborough, FL (CT)",0,1370,1370,0,3905,3905
12057013501,"Hillsborough, FL (CT)",0,1498,1498,0,3346,3346
12057013503,"Hillsborough, FL (CT)",0,1272,1272,0,3583,3583
12057013504,"Hillsborough, FL (CT)",0,1285,1285,0,3625,3625
12057013505,"Hillsborough, FL (CT)",0,1120,1120,0,3251,3251
12057013602,"Hillsborough, FL (CT)",48,608,656,133,1705,1838
12057013604,"Hillsborough, FL (CT)",94,415,509,277,907,1184
12057013702,"Hillsborough, FL (CT)",11,2503,2514,16,6282,6298
12057013703,"Hillsborough, FL (CT)",0,1964,1964,0,5287,5287
12057013704,"Hillsborough, FL (CT)",0,3291,3291,0,6830,6830
12057013801,"Hillsborough, FL (CT)",84,935,1019,188,2533,2721
12057013802,"Hillsborough, FL (CT)",0,1199,1199,0,2887,2887
12057013803,"Hillsborough, FL (CT)",0,692,692,0,1491,1491
12057013804,"Hillsborough, FL (CT)",0,2405,2405,0,6380,6380
12057013806,"Hillsborough, FL (CT)",0,452,452,0,1207,1207
12057013807,"Hillsborough, FL (CT)",0,2162,2162,0,6187,6187
12057013903,"Hillsborough, FL (CT)",1251,0,1251,3419,0,3419
12057013907,"Hillsborough, FL (CT)",837,0,837,2141,0,2141
12057013908,"Hillsborough, FL (CT)",0,3474,3474,0,7351,7351
12057013912,"Hillsborough, FL (CT)",198,855,1053,629,2842,3471
12057013913,"Hillsborough, FL (CT)",620,1130,1750,1074,4121,5195
12057013914,"Hillsborough, FL (CT)",168,1006,1174,542,3989,4531
12057013915,"Hillsborough, FL (CT)",0,2312,2312,0,6188,6188
12057013916,"Hillsborough, FL (CT)",11,3145,3156,40,9179,9219
12057013917,"Hillsborough, FL (CT)",0,2323,2323,0,6648,6648
12057013918,"Hillsborough, FL (CT)",0,649,649,0,1827,1827
12057013919,"Hillsborough, FL (CT)",0,2193,2193,0,6680,6680
12057013920,"Hillsborough, FL (CT)",833,479,1312,2572,1435,4007
12057013921,"Hillsborough, FL (CT)",47,576,623,109,1804,1913
12057013922,"Hillsborough, FL (CT)",0,1971,1971,0,5809,5809
12057013923,"Hillsborough, FL (CT)",63,1363,1426,194,4540,4734
12057014002,"Hillsborough, FL (CT)",450,1069,1519,629,2018,2647
12057014003,"Hillsborough, FL (CT)",431,235,666,1069,342,1411
12057014007,"Hillsborough, FL (CT)",188,620,808,497,1758,2255
12057014008,"Hillsborough, FL (CT)",0,2419,2419,0,3415,3415
12057014009,"Hillsborough, FL (CT)",0,1219,1219,0,1900,1900
12057014010,"Hillsborough, FL (CT)",0,1857,1857,0,2415,2415
12057014011,"Hillsborough, FL (CT)",0,2800,2800,0,3289,3289
12057014012,"Hillsborough, FL (CT)",1,1920,1921,1,2621,2622
12057014013,"Hillsborough, FL (CT)",97,332,429,239,979,1218
12057014014,"Hillsborough, FL (CT)",0,1710,1710,0,2108,2108
12057014015,"Hillsborough, FL (CT)",0,975,975,0,1420,1420
12057014016,"Hillsborough, FL (CT)",0,543,543,0,868,868
12057014104,"Hillsborough, FL (CT)",182,772,954,232,1072,1304
12057014106,"Hillsborough, FL (CT)",0,1475,1475,0,2976,2976
12057014108,"Hillsborough, FL (CT)",0,2076,2076,0,5093,5093
12057014109,"Hillsborough, FL (CT)",1,1705,1706,2,4675,4677
12057014117,"Hillsborough, FL (CT)",0,1592,1592,0,2960,2960
12057014118,"Hillsborough, FL (CT)",0,1664,1664,0,3266,3266
12057014119,"Hillsborough, FL (CT)",180,1340,1520,461,3603,4064
12057014121,"Hillsborough, FL (CT)",70,1716,1786,141,3102,3243
12057014122,"Hillsborough, FL (CT)",45,1171,1216,114,3313,3427
12057980100,"Hillsborough, FL (CT)",0,0,0,0,0,0
12057980200,"Hillsborough, FL (CT)",0,0,0,0,0,0
12057980300,"Hillsborough, FL (CT)",6,0,6,8,0,8
12057980400,"Hillsborough, FL (CT)",47,0,47,107,0,107
12057980500,"Hillsborough, FL (CT)",3,0,3,15,0,15
12057980600,"Hillsborough, FL (CT)",0,0,0,0,0,0
12057980700,"Hillsborough, FL (CT)",0,1,1,0,5,5
12057990000,"Hillsborough, FL (CT)",0,0,0,0,0,0
12057990100,"Hillsborough, FL (CT)",0,0,0,0,0,0
12059960100,"Holmes, FL (CT)",1807,0,1807,3950,0,3950
12059960200,"Holmes, FL (CT)",2688,0,2688,5544,0,5544
12059960300,"Holmes, FL (CT)",1518,0,1518,3182,0,3182
12059960400,"Holmes, FL (CT)",1360,1268,2628,3021,4230,7251
12061050100,"Indian River, FL (CT)",0,3426,3426,0,6114,6114
12061050200,"Indian River, FL (CT)",0,1893,1893,0,4226,4226
12061050301,"Indian River, FL (CT)",0,3141,3141,0,4133,4133
12061050302,"Indian River, FL (CT)",0,2585,2585,0,5354,5354
12061050401,"Indian River, FL (CT)",0,2210,2210,0,3176,3176
12061050402,"Indian River, FL (CT)",0,1710,1710,0,2281,2281
12061050501,"Indian River, FL (CT)",483,3886,4369,584,4707,5291
12061050503,"Indian River, FL (CT)",0,3184,3184,0,4790,4790
12061050504,"Indian River, FL (CT)",0,1125,1125,0,1443,1443
12061050505,"Indian River, FL (CT)",0,2680,2680,0,3197,3197
12061050601,"Indian River, FL (CT)",0,2011,2011,0,2354,2354
12061050602,"Indian River, FL (CT)",0,2116,2116,0,4639,4639
12061050603,"Indian River, FL (CT)",0,2520,2520,0,5322,5322
12061050604,"Indian River, FL (CT)",0,1734,1734,0,1506,1506
12061050605,"Indian River, FL (CT)",0,1322,1322,0,1706,1706
12061050606,"Indian River, FL (CT)",0,4538,4538,0,10817,10817
12061050702,"Indian River, FL (CT)",0,2191,2191,0,5149,5149
12061050703,"Indian River, FL (CT)",232,3619,3851,464,8287,8751
12061050704,"Indian River, FL (CT)",161,1146,1307,285,1901,2186
12061050705,"Indian River, FL (CT)",61,3528,3589,132,4728,4860
12061050802,"Indian River, FL (CT)",41,3963,4004,93,8487,8580
12061050804,"Indian River, FL (CT)",839,1659,2498,1878,3729,5607
12061050805,"Indian River, FL (CT)",3,2345,2348,7,3743,3750
12061050806,"Indian River, FL (CT)",0,2414,2414,0,4660,4660
12061050807,"Indian River, FL (CT)",0,2237,2237,0,4657,4657
12061050808,"Indian River, FL (CT)",135,2226,2361,226,3662,3888
12061050902,"Indian River, FL (CT)",242,3223,3465,1083,4140,5223
12061050903,"Indian River, FL (CT)",164,3059,3223,211,6939,7150
12061050904,"Indian River, FL (CT)",841,1453,2294,1894,5324,7218
12061980000,"Indian River, FL (CT)",0,0,0,0,0,0
12061990000,"Indian River, FL (CT)",0,0,0,0,0,0
12063210100,"Jackson, FL (CT)",1282,0,1282,3970,0,3970
12063210200,"Jackson, FL (CT)",755,0,755,1497,0,1497
12063210300,"Jackson, FL (CT)",1027,900,1927,2259,4037,6296
12063210400,"Jackson, FL (CT)",1792,0,1792,3774,0,3774
12063210500,"Jackson, FL (CT)",396,1332,1728,693,2795,3488
12063210600,"Jackson, FL (CT)",985,1672,2657,2026,3291,5317
12063210700,"Jackson, FL (CT)",1891,0,1891,4140,0,4140
12063210800,"Jackson, FL (CT)",1978,0,1978,5323,0,5323
12063210900,"Jackson, FL (CT)",2087,33,2120,4141,2133,6274
12063211000,"Jackson, FL (CT)",2553,0,2553,5342,0,5342
12063211100,"Jackson, FL (CT)",2320,0,2320,4325,0,4325
12065250101,"Jefferson, FL (CT)",2161,0,2161,5885,0,5885
12065250102,"Jefferson, FL (CT)",2319,0,2319,4496,0,4496
12065250200,"Jefferson, FL (CT)",2152,0,2152,4380,0,4380
12065990000,"Jefferson, FL (CT)",0,0,0,0,0,0
12067960100,"Lafayette, FL (CT)",569,0,569,3164,0,3164
12067960200,"Lafayette, FL (CT)",2759,0,2759,5706,0,5706
12069030102,"Lake, FL (CT)",2282,0,2282,3512,0,3512
12069030104,"Lake, FL (CT)",564,278,842,1163,402,1565
12069030105,"Lake, FL (CT)",1534,2357,3891,3678,5126,8804
12069030106,"Lake, FL (CT)",736,0,736,1634,0,1634
12069030107,"Lake, FL (CT)",2687,0,2687,5848,0,5848
12069030108,"Lake, FL (CT)",1654,2,1656,4175,6,4181
12069030203,"Lake, FL (CT)",322,3414,3736,748,7326,8074
12069030204,"Lake, FL (CT)",0,1794,1794,0,3927,3927
12069030206,"Lake, FL (CT)",0,1935,1935,0,4024,4024
12069030207,"Lake, FL (CT)",5,2588,2593,12,4925,4937
12069030208,"Lake, FL (CT)",0,1715,1715,0,4004,4004
12069030209,"Lake, FL (CT)",0,1395,1395,0,2465,2465
12069030302,"Lake, FL (CT)",496,1734,2230,962,2890,3852
12069030305,"Lake, FL (CT)",925,574,1499,1682,770,2452
12069030306,"Lake, FL (CT)",281,2190,2471,596,3709,4305
12069030307,"Lake, FL (CT)",0,2346,2346,0,4441,4441
12069030308,"Lake, FL (CT)",0,2121,2121,0,3700,3700
12069030405,"Lake, FL (CT)",299,1681,1980,730,3973,4703
12069030406,"Lake, FL (CT)",435,1829,2264,908,3195,4103
12069030407,"Lake, FL (CT)",180,1205,1385,421,2596,3017
12069030408,"Lake, FL (CT)",0,2520,2520,0,3830,3830
12069030409,"Lake, FL (CT)",0,3777,3777,0,5157,5157
12069030410,"Lake, FL (CT)",1161,291,1452,2357,801,3158
12069030411,"Lake, FL (CT)",648,2711,3359,1065,4265,5330
12069030502,"Lake, FL (CT)",327,2352,2679,543,4536,5079
12069030503,"Lake, FL (CT)",0,746,746,0,1492,1492
12069030504,"Lake, FL (CT)",165,3518,3683,509,6636,7145
12069030601,"Lake, FL (CT)",0,2590,2590,0,4406,4406
12069030602,"Lake, FL (CT)",0,1310,1310,0,2431,2431
12069030701,"Lake, FL (CT)",0,1361,1361,0,2385,2385
12069030702,"Lake, FL (CT)",0,1883,1883,0,4315,4315
12069030803,"Lake, FL (CT)",0,2251,2251,0,4399,4399
12069030804,"Lake, FL (CT)",0,753,753,0,1348,1348
12069030805,"Lake, FL (CT)",0,1611,1611,0,3139,3139
12069030806,"Lake, FL (CT)",0,2044,2044,0,3121,3121
12069030807,"Lake, FL (CT)",0,1730,1730,0,3149,3149
12069030902,"Lake, FL (CT)",2201,2861,5062,5436,6798,12234
12069030912,"Lake, FL (CT)",0,2885,2885,0,5430,5430
12069030913,"Lake, FL (CT)",0,835,835,0,1363,1363
12069030914,"Lake, FL (CT)",0,2675,2675,0,5043,5043
12069031000,"Lake, FL (CT)",1161,2386,3547,2891,4660,7551
12069031101,"Lake, FL (CT)",406,3996,4402,817,6473,7290
12069031102,"Lake, FL (CT)",619,3734,4353,1148,5812,6960
12069031103,"Lake, FL (CT)",443,349,792,1061,712,1773
12069031202,"Lake, FL (CT)",1405,1167,2572,3414,2676,6090
12069031203,"Lake, FL (CT)",705,1936,2641,1859,3886,5745
12069031204,"Lake, FL (CT)",1463,3589,5052,2415,10029,12444
12069031205,"Lake, FL (CT)",258,701,959,706,2143,2849
12069031301,"Lake, FL (CT)",1305,987,2292,3300,2310,5610
12069031305,"Lake, FL (CT)",0,3327,3327,0,7321,7321
12069031306,"Lake, FL (CT)",23,1740,1763,76,4738,4814
12069031307,"Lake, FL (CT)",116,7013,7129,277,17507,17784
12069031308,"Lake, FL (CT)",126,2777,2903,371,5641,6012
12069031309,"Lake, FL (CT)",118,3561,3679,344,8915,9259
12069031310,"Lake, FL (CT)",111,5532,5643,284,14302,14586
12069031311,"Lake, FL (CT)",1068,6110,7178,2252,11210,13462
12071000301,"Lee, FL (CT)",0,2706,2706,0,4732,4732
12071000302,"Lee, FL (CT)",0,2008,2008,0,4801,4801
12071000401,"Lee, FL (CT)",0,1047,1047,0,2402,2402
12071000402,"Lee, FL (CT)",0,1482,1482,0,2152,2152
12071000502,"Lee, FL (CT)",0,1282,1282,0,3417,3417
12071000503,"Lee, FL (CT)",0,1322,1322,0,3832,3832
12071000504,"Lee, FL (CT)",0,1184,1184,0,2489,2489
12071000600,"Lee, FL (CT)",0,1519,1519,0,3783,3783
12071000700,"Lee, FL (CT)",0,1076,1076,0,2207,2207
12071000800,"Lee, FL (CT)",0,1223,1223,0,1352,1352
12071000900,"Lee, FL (CT)",0,1281,1281,0,2812,2812
12071001000,"Lee, FL (CT)",0,2944,2944,0,5798,5798
12071001101,"Lee, FL (CT)",0,1574,1574,0,3244,3244
12071001102,"Lee, FL (CT)",0,2647,2647,0,3916,3916
12071001201,"Lee, FL (CT)",0,3636,3636,0,7232,7232
12071001202,"Lee, FL (CT)",0,5546,5546,0,8867,8867
12071001300,"Lee, FL (CT)",0,1547,1547,0,2673,2673
12071001401,"Lee, FL (CT)",0,3096,3096,0,5619,5619
12071001402,"Lee, FL (CT)",0,1265,1265,0,2704,2704
12071001501,"Lee, FL (CT)",0,1600,1600,0,2455,2455
12071001502,"Lee, FL (CT)",0,2892,2892,0,5746,5746
12071001601,"Lee, FL (CT)",0,2154,2154,0,4335,4335
12071001602,"Lee, FL (CT)",0,2021,2021,0,2641,2641
12071001701,"Lee, FL (CT)",0,2098,2098,0,2775,2775
12071001703,"Lee, FL (CT)",0,4086,4086,0,4958,4958
12071001705,"Lee, FL (CT)",0,2893,2893,0,3348,3348
12071001706,"Lee, FL (CT)",0,2029,2029,0,3104,3104
12071001707,"Lee, FL (CT)",0,3534,3534,0,4806,4806
12071001801,"Lee, FL (CT)",0,2519,2519,0,4187,4187
12071001802,"Lee, FL (CT)",0,1893,1893,0,2511,2511
12071001903,"Lee, FL (CT)",0,2591,2591,0,3093,3093
12071001906,"Lee, FL (CT)",0,5569,5569,0,9415,9415
12071001907,"Lee, FL (CT)",0,3645,3645,0,5210,5210
12071001908,"Lee, FL (CT)",0,893,893,0,948,948
12071001910,"Lee, FL (CT)",0,3297,3297,0,1918,1918
12071001911,"Lee, FL (CT)",0,1310,1310,0,1166,1166
12071001912,"Lee, FL (CT)",0,1988,1988,0,1866,1866
12071001913,"Lee, FL (CT)",0,2235,2235,0,1714,1714
12071001914,"Lee, FL (CT)",0,3510,3510,0,4961,4961
12071001915,"Lee, FL (CT)",84,2267,2351,13,3044,3057
12071010102,"Lee, FL (CT)",113,4288,4401,233,7441,7674
12071010103,"Lee, FL (CT)",58,3597,3655,142,8387,8529
12071010104,"Lee, FL (CT)",0,2061,2061,0,1824,1824
12071010105,"Lee, FL (CT)",383,2043,2426,708,3882,4590
12071010201,"Lee, FL (CT)",0,3965,3965,0,9067,9067
12071010203,"Lee, FL (CT)",0,2310,2310,0,5371,5371
12071010204,"Lee, FL (CT)",0,5808,5808,0,9553,9553
12071010302,"Lee, FL (CT)",0,2692,2692,0,5841,5841
12071010303,"Lee, FL (CT)",0,2613,2613,0,5283,5283
12071010304,"Lee, FL (CT)",0,4561,4561,0,9294,9294
12071010305,"Lee, FL (CT)",0,1898,1898,0,3613,3613
12071010306,"Lee, FL (CT)",0,2347,2347,0,5245,5245
12071010307,"Lee, FL (CT)",0,2939,2939,0,5940,5940
12071010404,"Lee, FL (CT)",0,2994,2994,0,6528,6528
12071010405,"Lee, FL (CT)",0,3678,3678,0,8065,8065
12071010406,"Lee, FL (CT)",1,3532,3533,2,6227,6229
12071010407,"Lee, FL (CT)",0,4318,4318,0,6721,6721
12071010409,"Lee, FL (CT)",37,3927,3964,89,8953,9042
12071010410,"Lee, FL (CT)",27,5261,5288,50,11076,11126
12071010411,"Lee, FL (CT)",0,2228,2228,0,4608,4608
12071010412,"Lee, FL (CT)",0,2431,2431,0,4933,4933
12071010501,"Lee, FL (CT)",0,1665,1665,0,3540,3540
12071010502,"Lee, FL (CT)",0,3103,3103,0,4686,4686
12071010601,"Lee, FL (CT)",0,2181,2181,0,4055,4055
12071010602,"Lee, FL (CT)",0,1719,1719,0,2354,2354
12071010701,"Lee, FL (CT)",0,2234,2234,0,3899,3899
12071010702,"Lee, FL (CT)",0,2312,2312,0,2954,2954
12071010801,"Lee, FL (CT)",0,1552,1552,0,2135,2135
12071010802,"Lee, FL (CT)",0,2521,2521,0,3293,3293
12071010803,"Lee, FL (CT)",0,1373,1373,0,2057,2057
12071020101,"Lee, FL (CT)",33,2875,2908,27,3879,3906
12071020102,"Lee, FL (CT)",0,2683,2683,0,4154,4154
12071020201,"Lee, FL (CT)",261,621,882,366,1116,1482
12071020202,"Lee, FL (CT)",1013,0,1013,2566,0,2566
12071020300,"Lee, FL (CT)",7,2738,2745,11,5261,5272
12071020400,"Lee, FL (CT)",0,1786,1786,0,2869,2869
12071020501,"Lee, FL (CT)",0,2118,2118,0,2549,2549
12071020502,"Lee, FL (CT)",0,2614,2614,0,3770,3770
12071020600,"Lee, FL (CT)",0,2298,2298,0,3006,3006
12071020700,"Lee, FL (CT)",0,1893,1893,0,3408,3408
12071020800,"Lee, FL (CT)",0,2945,2945,0,3627,3627
12071030100,"Lee, FL (CT)",781,529,1310,1821,656,2477
12071030201,"Lee, FL (CT)",119,733,852,184,792,976
12071030202,"Lee, FL (CT)",0,2717,2717,0,5430,5430
12071030203,"Lee, FL (CT)",286,383,669,669,864,1533
12071030204,"Lee, FL (CT)",200,323,523,402,519,921
12071030300,"Lee, FL (CT)",1365,0,1365,2800,0,2800
12071040108,"Lee, FL (CT)",0,1951,1951,0,3501,3501
12071040109,"Lee, FL (CT)",0,2155,2155,0,4674,4674
12071040110,"Lee, FL (CT)",0,833,833,0,1564,1564
12071040111,"Lee, FL (CT)",203,2222,2425,246,2597,2843
12071040112,"Lee, FL (CT)",0,2146,2146,0,2500,2500
12071040113,"Lee, FL (CT)",0,594,594,0,1514,1514
12071040114,"Lee, FL (CT)",460,2444,2904,448,3339,3787
12071040115,"Lee, FL (CT)",656,858,1514,1192,3835,5027
12071040116,"Lee, FL (CT)",0,2623,2623,0,6146,6146
12071040117,"Lee, FL (CT)",200,1891,2091,327,2887,3214
12071040118,"Lee, FL (CT)",0,978,978,0,1100,1100
12071040119,"Lee, FL (CT)",321,208,529,430,192,622
12071040120,"Lee, FL (CT)",0,563,563,0,1343,1343
12071040121,"Lee, FL (CT)",0,1172,1172,0,2988,2988
12071040122,"Lee, FL (CT)",0,1938,1938,0,4897,4897
12071040123,"Lee, FL (CT)",1476,755,2231,3125,1006,4131
12071040124,"Lee, FL (CT)",0,2038,2038,0,5365,5365
12071040125,"Lee, FL (CT)",0,749,749,0,1965,1965
12071040126,"Lee, FL (CT)",0,1018,1018,0,2702,2702
12071040127,"Lee, FL (CT)",154,971,1125,342,2450,2792
12071040203,"Lee, FL (CT)",0,4311,4311,0,8828,8828
12071040205,"Lee, FL (CT)",97,1726,1823,107,3907,4014
12071040206,"Lee, FL (CT)",560,23,583,1160,67,1227
12071040207,"Lee, FL (CT)",29,1988,2017,49,3806,3855
12071040208,"Lee, FL (CT)",318,321,639,616,703,1319
12071040209,"Lee, FL (CT)",813,217,1030,1830,553,2383
12071040210,"Lee, FL (CT)",0,862,862,0,2087,2087
12071040301,"Lee, FL (CT)",0,2263,2263,0,6000,6000
12071040302,"Lee, FL (CT)",0,1302,1302,0,3304,3304
12071040303,"Lee, FL (CT)",3,1926,1929,4,4536,4540
12071040304,"Lee, FL (CT)",0,2196,2196,0,3924,3924
12071040305,"Lee, FL (CT)",0,1414,1414,0,2953,2953
12071040308,"Lee, FL (CT)",33,1312,1345,77,2862,2939
12071040309,"Lee, FL (CT)",0,2711,2711,0,5489,5489
12071040310,"Lee, FL (CT)",0,912,912,0,2076,2076
12071040311,"Lee, FL (CT)",0,1900,1900,0,3038,3038
12071040312,"Lee, FL (CT)",75,529,604,116,1196,1312
12071040313,"Lee, FL (CT)",0,578,578,0,1338,1338
12071040314,"Lee, FL (CT)",52,854,906,93,1820,1913
12071050103,"Lee, FL (CT)",0,715,715,0,1038,1038
12071050104,"Lee, FL (CT)",2,2478,2480,4,2764,2768
12071050105,"Lee, FL (CT)",0,1669,1669,0,2427,2427
12071050106,"Lee, FL (CT)",250,2649,2899,350,3624,3974
12071050203,"Lee, FL (CT)",0,3220,3220,0,4669,4669
12071050204,"Lee, FL (CT)",0,932,932,0,2269,2269
12071050205,"Lee, FL (CT)",0,908,908,0,1739,1739
12071050206,"Lee, FL (CT)",0,1179,1179,0,3102,3102
12071050207,"Lee, FL (CT)",0,1395,1395,0,2119,2119
12071050208,"Lee, FL (CT)",0,2364,2364,0,5668,5668
12071050209,"Lee, FL (CT)",0,3387,3387,0,8039,8039
12071050305,"Lee, FL (CT)",0,3271,3271,0,3286,3286
12071050306,"Lee, FL (CT)",0,1433,1433,0,1897,1897
12071050307,"Lee, FL (CT)",0,4065,4065,0,3995,3995
12071050308,"Lee, FL (CT)",8,4685,4693,23,6376,6399
12071050310,"Lee, FL (CT)",1044,2486,3530,1483,3045,4528
12071050311,"Lee, FL (CT)",0,2937,2937,0,5048,5048
12071050312,"Lee, FL (CT)",296,2041,2337,559,3114,3673
12071050313,"Lee, FL (CT)",626,3499,4125,554,4746,5300
12071050314,"Lee, FL (CT)",0,3888,3888,0,4103,4103
12071050400,"Lee, FL (CT)",2,4436,4438,2,8853,8855
12071050500,"Lee, FL (CT)",0,3347,3347,0,5886,5886
12071050601,"Lee, FL (CT)",0,2481,2481,0,2889,2889
12071050602,"Lee, FL (CT)",0,3143,3143,0,5178,5178
12071060101,"Lee, FL (CT)",0,975,975,0,937,937
12071060102,"Lee, FL (CT)",0,3117,3117,0,2536,2536
12071060201,"Lee, FL (CT)",0,2437,2437,0,752,752
12071060202,"Lee, FL (CT)",0,2584,2584,0,1531,1531
12071060203,"Lee, FL (CT)",0,1282,1282,0,1458,1458
12071060300,"Lee, FL (CT)",3,2075,2078,6,1102,1108
12071070101,"Lee, FL (CT)",1309,0,1309,1797,0,1797
12071070102,"Lee, FL (CT)",1564,626,2190,2298,677,2975
12071070200,"Lee, FL (CT)",3234,0,3234,3749,0,3749
12071080100,"Lee, FL (CT)",1994,0,1994,818,0,818
12071080202,"Lee, FL (CT)",188,4285,4473,278,2360,2638
12071080203,"Lee, FL (CT)",795,793,1588,868,635,1503
12071080204,"Lee, FL (CT)",1327,429,1756,1655,673,2328
12071080300,"Lee, FL (CT)",0,1519,1519,0,2196,2196
12071090100,"Lee, FL (CT)",1241,0,1241,1324,0,1324
12071980000,"Lee, FL (CT)",0,0,0,0,0,0
12071990000,"Lee, FL (CT)",0,0,0,0,0,0
12073000200,"Leon, FL (CT)",0,2652,2652,0,3737,3737
12073000301,"Leon, FL (CT)",0,869,869,0,1546,1546
12073000302,"Leon, FL (CT)",0,1260,1260,0,2334,2334
12073000303,"Leon, FL (CT)",0,2079,2079,0,3628,3628
12073000400,"Leon, FL (CT)",0,587,587,0,2393,2393
12073000500,"Leon, FL (CT)",0,1157,1157,0,2433,2433
12073000600,"Leon, FL (CT)",0,1763,1763,0,3858,3858
12073000700,"Leon, FL (CT)",0,1253,1253,0,2004,2004
12073000800,"Leon, FL (CT)",0,1593,1593,0,2973,2973
12073000901,"Leon, FL (CT)",0,4117,4117,0,7989,7989
12073000903,"Leon, FL (CT)",0,1329,1329,0,2144,2144
12073000904,"Leon, FL (CT)",0,2007,2007,0,3313,3313
12073000905,"Leon, FL (CT)",0,1739,1739,0,2593,2593
12073001001,"Leon, FL (CT)",0,1131,1131,0,2692,2692
12073001002,"Leon, FL (CT)",0,795,795,0,2188,2188
12073001101,"Leon, FL (CT)",0,952,952,0,2896,2896
12073001102,"Leon, FL (CT)",0,1083,1083,0,2503,2503
12073001200,"Leon, FL (CT)",0,741,741,0,1314,1314
12073001300,"Leon, FL (CT)",0,1,1,0,6552,6552
12073001401,"Leon, FL (CT)",0,1491,1491,0,2932,2932
12073001402,"Leon, FL (CT)",0,2126,2126,0,4791,4791
12073001500,"Leon, FL (CT)",0,2086,2086,0,4475,4475
12073001601,"Leon, FL (CT)",0,2518,2518,0,4577,4577
12073001602,"Leon, FL (CT)",0,1410,1410,0,3091,3091
12073001700,"Leon, FL (CT)",0,3513,3513,0,7270,7270
12073001801,"Leon, FL (CT)",0,1787,1787,0,3966,3966
12073001802,"Leon, FL (CT)",68,2445,2513,116,5091,5207
12073001901,"Leon, FL (CT)",0,2027,2027,0,3035,3035
12073001902,"Leon, FL (CT)",0,1956,1956,0,4062,4062
12073002003,"Leon, FL (CT)",0,559,559,0,2298,2298
12073002004,"Leon, FL (CT)",0,3531,3531,0,7383,7383
12073002005,"Leon, FL (CT)",0,1610,1610,0,3326,3326
12073002006,"Leon, FL (CT)",0,1992,1992,0,3472,3472
12073002101,"Leon, FL (CT)",0,2249,2249,0,4675,4675
12073002103,"Leon, FL (CT)",0,1623,1623,0,3418,3418
12073002104,"Leon, FL (CT)",0,3776,3776,0,7310,7310
12073002201,"Leon, FL (CT)",0,2487,2487,0,5016,5016
12073002205,"Leon, FL (CT)",0,2448,2448,0,5642,5642
12073002206,"Leon, FL (CT)",0,1287,1287,0,3168,3168
12073002207,"Leon, FL (CT)",0,1078,1078,0,2242,2242
12073002208,"Leon, FL (CT)",0,2101,2101,0,4771,4771
12073002302,"Leon, FL (CT)",1169,176,1345,2855,487,3342
12073002303,"Leon, FL (CT)",360,1251,1611,814,3116,3930
12073002304,"Leon, FL (CT)",114,1434,1548,203,2695,2898
12073002403,"Leon, FL (CT)",0,1214,1214,0,2676,2676
12073002408,"Leon, FL (CT)",241,2765,3006,593,7152,7745
12073002410,"Leon, FL (CT)",0,2870,2870,0,6018,6018
12073002411,"Leon, FL (CT)",454,210,664,1064,545,1609
12073002412,"Leon, FL (CT)",84,3249,3333,224,8826,9050
12073002413,"Leon, FL (CT)",404,521,925,1045,1419,2464
12073002414,"Leon, FL (CT)",0,1982,1982,0,4273,4273
12073002415,"Leon, FL (CT)",0,1851,1851,0,4323,4323
12073002416,"Leon, FL (CT)",334,854,1188,801,1973,2774
12073002417,"Leon, FL (CT)",28,2573,2601,42,7165,7207
12073002505,"Leon, FL (CT)",0,2781,2781,0,5641,5641
12073002507,"Leon, FL (CT)",821,158,979,2081,457,2538
12073002508,"Leon, FL (CT)",2714,918,3632,6584,2480,9064
12073002509,"Leon, FL (CT)",0,1540,1540,0,3653,3653
12073002510,"Leon, FL (CT)",380,2776,3156,947,6450,7397
12073002511,"Leon, FL (CT)",21,563,584,43,1249,1292
12073002512,"Leon, FL (CT)",208,1008,1216,554,2792,3346
12073002513,"Leon, FL (CT)",312,1000,1312,810,2788,3598
12073002603,"Leon, FL (CT)",1714,491,2205,3978,1013,4991
12073002604,"Leon, FL (CT)",669,693,1362,1605,1503,3108
12073002605,"Leon, FL (CT)",25,1850,1875,62,4156,4218
12073002606,"Leon, FL (CT)",1302,96,1398,3013,219,3232
12073002701,"Leon, FL (CT)",796,1528,2324,1602,3376,4978
12073002702,"Leon, FL (CT)",2340,18,2358,4875,30,4905
12075970101,"Levy, FL (CT)",996,3,999,2289,10,2299
12075970102,"Levy, FL (CT)",3599,0,3599,8266,0,8266
12075970200,"Levy, FL (CT)",1922,0,1922,4023,0,4023
12075970301,"Levy, FL (CT)",919,0,919,1402,0,1402
12075970302,"Levy, FL (CT)",3032,0,3032,6211,0,6211
12075970400,"Levy, FL (CT)",1871,0,1871,3289,0,3289
12075970500,"Levy, FL (CT)",3701,0,3701,7904,0,7904
12075970600,"Levy, FL (CT)",418,1336,1754,919,3234,4153
12075970700,"Levy, FL (CT)",2326,0,2326,3254,0,3254
12075990000,"Levy, FL (CT)",0,0,0,0,0,0
12077950100,"Liberty, FL (CT)",1083,0,1083,2107,0,2107
12077950200,"Liberty, FL (CT)",2274,0,2274,6258,0,6258
12079110100,"Madison, FL (CT)",1718,0,1718,3235,0,3235
12079110200,"Madison, FL (CT)",1751,0,1751,3599,0,3599
12079110301,"Madison, FL (CT)",860,279,1139,1917,562,2479
12079110302,"Madison, FL (CT)",617,1472,2089,2911,3281,6192
12079110400,"Madison, FL (CT)",1784,0,1784,3719,0,3719
12081000101,"Manatee, FL (CT)",0,1393,1393,0,1682,1682
12081000103,"Manatee, FL (CT)",0,1813,1813,0,4522,4522
12081000105,"Manatee, FL (CT)",0,2218,2218,0,4317,4317
12081000106,"Manatee, FL (CT)",0,1269,1269,0,3653,3653
12081000201,"Manatee, FL (CT)",0,2963,2963,0,3496,3496
12081000202,"Manatee, FL (CT)",0,2969,2969,0,3602,3602
12081000304,"Manatee, FL (CT)",0,1449,1449,0,2600,2600
12081000305,"Manatee, FL (CT)",0,2037,2037,0,6071,6071
12081000306,"Manatee, FL (CT)",0,2692,2692,0,5071,5071
12081000307,"Manatee, FL (CT)",0,1441,1441,0,2864,2864
12081000308,"Manatee, FL (CT)",0,3023,3023,0,3727,3727
12081000309,"Manatee, FL (CT)",0,1962,1962,0,3883,3883
12081000310,"Manatee, FL (CT)",0,1989,1989,0,3822,3822
12081000403,"Manatee, FL (CT)",0,796,796,0,1614,1614
12081000405,"Manatee, FL (CT)",0,1269,1269,0,2528,2528
12081000406,"Manatee, FL (CT)",0,2506,2506,0,3930,3930
12081000407,"Manatee, FL (CT)",0,2419,2419,0,3730,3730
12081000408,"Manatee, FL (CT)",0,3359,3359,0,5232,5232
12081000501,"Manatee, FL (CT)",0,1306,1306,0,2927,2927
12081000503,"Manatee, FL (CT)",0,1851,1851,0,3711,3711
12081000504,"Manatee, FL (CT)",0,1514,1514,0,3142,3142
12081000601,"Manatee, FL (CT)",0,1423,1423,0,2694,2694
12081000603,"Manatee, FL (CT)",0,2037,2037,0,3637,3637
12081000604,"Manatee, FL (CT)",0,2517,2517,0,3326,3326
12081000703,"Manatee, FL (CT)",0,947,947,0,2523,2523
12081000704,"Manatee, FL (CT)",0,2303,2303,0,5502,5502
12081000705,"Manatee, FL (CT)",0,2193,2193,0,4543,4543
12081000803,"Manatee, FL (CT)",0,2929,2929,0,8146,8146
12081000804,"Manatee, FL (CT)",0,1821,1821,0,3654,3654
12081000805,"Manatee, FL (CT)",0,2659,2659,0,5706,5706
12081000807,"Manatee, FL (CT)",0,3077,3077,0,6234,6234
12081000808,"Manatee, FL (CT)",0,3009,3009,0,5145,5145
12081000809,"Manatee, FL (CT)",0,2696,2696,0,4975,4975
12081000810,"Manatee, FL (CT)",0,3551,3551,0,5577,5577
12081000901,"Manatee, FL (CT)",0,1928,1928,0,4177,4177
12081000902,"Manatee, FL (CT)",0,2392,2392,0,4885,4885
12081001000,"Manatee, FL (CT)",0,3083,3083,0,4945,4945
12081001104,"Manatee, FL (CT)",0,3074,3074,0,4144,4144
12081001105,"Manatee, FL (CT)",0,2249,2249,0,3579,3579
12081001106,"Manatee, FL (CT)",0,2401,2401,0,3953,3953
12081001107,"Manatee, FL (CT)",0,2095,2095,0,3099,3099
12081001108,"Manatee, FL (CT)",0,2180,2180,0,2678,2678
12081001202,"Manatee, FL (CT)",0,1901,1901,0,4289,4289
12081001203,"Manatee, FL (CT)",0,2170,2170,0,4761,4761
12081001204,"Manatee, FL (CT)",177,2986,3163,450,5350,5800
12081001300,"Manatee, FL (CT)",0,1738,1738,0,3476,3476
12081001402,"Manatee, FL (CT)",0,1127,1127,0,1832,1832
12081001403,"Manatee, FL (CT)",0,2685,2685,0,4408,4408
12081001404,"Manatee, FL (CT)",0,1371,1371,0,3066,3066
12081001501,"Manatee, FL (CT)",113,1251,1364,328,3805,4133
12081001502,"Manatee, FL (CT)",0,2601,2601,0,5959,5959
12081001601,"Manatee, FL (CT)",192,2823,3015,422,4492,4914
12081001602,"Manatee, FL (CT)",135,1465,1600,306,3086,3392
12081001701,"Manatee, FL (CT)",0,2647,2647,0,1661,1661
12081001703,"Manatee, FL (CT)",3,1842,1845,0,1640,1640
12081001704,"Manatee, FL (CT)",0,1399,1399,0,758,758
12081001800,"Manatee, FL (CT)",0,4944,4944,0,4849,4849
12081001904,"Manatee, FL (CT)",141,2799,2940,345,5404,5749
12081001907,"Manatee, FL (CT)",136,2102,2238,347,4208,4555
12081001908,"Manatee, FL (CT)",0,3720,3720,0,5933,5933
12081001909,"Manatee, FL (CT)",0,1496,1496,0,3203,3203
12081001910,"Manatee, FL (CT)",0,1659,1659,0,3927,3927
12081001911,"Manatee, FL (CT)",238,1993,2231,566,4243,4809
12081001912,"Manatee, FL (CT)",322,1615,1937,804,3693,4497
12081001913,"Manatee, FL (CT)",677,400,1077,1787,1061,2848
12081001914,"Manatee, FL (CT)",956,0,956,2899,0,2899
12081002003,"Manatee, FL (CT)",0,2042,2042,0,3993,3993
12081002005,"Manatee, FL (CT)",0,2835,2835,0,4712,4712
12081002007,"Manatee, FL (CT)",1151,711,1862,3165,1116,4281
12081002008,"Manatee, FL (CT)",0,2247,2247,0,5473,5473
12081002010,"Manatee, FL (CT)",1406,0,1406,4019,0,4019
12081002011,"Manatee, FL (CT)",0,2246,2246,0,4342,4342
12081002012,"Manatee, FL (CT)",172,1543,1715,471,3407,3878
12081002013,"Manatee, FL (CT)",0,5352,5352,0,11398,11398
12081002014,"Manatee, FL (CT)",613,832,1445,1690,2100,3790
12081002015,"Manatee, FL (CT)",462,1586,2048,1094,4355,5449
12081002016,"Manatee, FL (CT)",0,3017,3017,0,5268,5268
12081002017,"Manatee, FL (CT)",0,1849,1849,0,3626,3626
12081990000,"Manatee, FL (CT)",0,0,0,0,0,0
12083000100,"Marion, FL (CT)",2732,0,2732,5415,0,5415
12083000200,"Marion, FL (CT)",3452,0,3452,7230,0,7230
12083000301,"Marion, FL (CT)",1645,5,1650,8119,10,8129
12083000302,"Marion, FL (CT)",962,528,1490,2123,1265,3388
12083000401,"Marion, FL (CT)",1146,0,1146,2350,0,2350
12083000402,"Marion, FL (CT)",2863,0,2863,5363,0,5363
12083000501,"Marion, FL (CT)",1953,0,1953,2027,0,2027
12083000502,"Marion, FL (CT)",1317,0,1317,1419,0,1419
12083000601,"Marion, FL (CT)",1708,431,2139,2976,747,3723
12083000602,"Marion, FL (CT)",1667,1682,3349,3088,2805,5893
12083000604,"Marion, FL (CT)",1826,0,1826,3637,0,3637
12083000605,"Marion, FL (CT)",1601,0,1601,2709,0,2709
12083000701,"Marion, FL (CT)",991,1690,2681,1986,3159,5145
12083000702,"Marion, FL (CT)",1492,2741,4233,2925,4586,7511
12083000801,"Marion, FL (CT)",264,8411,8675,637,13649,14286
12083000802,"Marion, FL (CT)",1161,5125,6286,2319,9320,11639
12083000901,"Marion, FL (CT)",1733,1284,3017,3790,2308,6098
12083000902,"Marion, FL (CT)",1693,2364,4057,3827,5557,9384
12083001003,"Marion, FL (CT)",610,48,658,1387,127,1514
12083001004,"Marion, FL (CT)",690,4881,5571,1699,10537,12236
12083001005,"Marion, FL (CT)",1046,1857,2903,1873,4131,6004
12083001006,"Marion, FL (CT)",157,3808,3965,360,8065,8425
12083001007,"Marion, FL (CT)",3,2934,2937,0,5440,5440
12083001008,"Marion, FL (CT)",0,2869,2869,0,4590,4590
12083001102,"Marion, FL (CT)",53,1242,1295,141,2691,2832
12083001103,"Marion, FL (CT)",385,2111,2496,807,5395,6202
12083001104,"Marion, FL (CT)",590,2498,3088,1294,4845,6139
12083001204,"Marion, FL (CT)",15,2416,2431,34,5923,5957
12083001205,"Marion, FL (CT)",518,1671,2189,575,2859,3434
12083001206,"Marion, FL (CT)",120,627,747,293,1398,1691
12083001207,"Marion, FL (CT)",19,4689,4708,31,11178,11209
12083001208,"Marion, FL (CT)",0,1877,1877,0,3862,3862
12083001301,"Marion, FL (CT)",360,2185,2545,845,5164,6009
12083001302,"Marion, FL (CT)",698,1959,2657,1481,4546,6027
12083001401,"Marion, FL (CT)",0,2207,2207,0,5006,5006
12083001402,"Marion, FL (CT)",0,3127,3127,0,5196,5196
12083001500,"Marion, FL (CT)",380,1406,1786,809,2725,3534
12083001600,"Marion, FL (CT)",0,1160,1160,0,4338,4338
12083001700,"Marion, FL (CT)",0,2430,2430,0,4977,4977
12083001800,"Marion, FL (CT)",0,848,848,0,1750,1750
12083001900,"Marion, FL (CT)",0,1331,1331,0,2433,2433
12083002001,"Marion, FL (CT)",0,1348,1348,0,2300,2300
12083002002,"Marion, FL (CT)",0,1985,1985,0,3873,3873
12083002100,"Marion, FL (CT)",0,2128,2128,0,4834,4834
12083002201,"Marion, FL (CT)",0,1514,1514,0,3284,3284
12083002202,"Marion, FL (CT)",0,1480,1480,0,3405,3405
12083002203,"Marion, FL (CT)",0,2653,2653,0,6250,6250
12083002301,"Marion, FL (CT)",0,3240,3240,0,6181,6181
12083002302,"Marion, FL (CT)",77,2570,2647,143,6052,6195
12083002401,"Marion, FL (CT)",469,1891,2360,1137,4116,5253
12083002402,"Marion, FL (CT)",1304,980,2284,3007,2107,5114
12083002502,"Marion, FL (CT)",1275,4593,5868,2721,8897,11618
12083002503,"Marion, FL (CT)",794,1961,2755,1529,4173,5702
12083002504,"Marion, FL (CT)",8,3021,3029,20,5532,5552
12083002601,"Marion, FL (CT)",3268,0,3268,6563,0,6563
12083002602,"Marion, FL (CT)",1575,1148,2723,3230,2939,6169
12083002604,"Marion, FL (CT)",1406,0,1406,3167,0,3167
12083002605,"Marion, FL (CT)",1216,383,1599,2102,712,2814
12083002606,"Marion, FL (CT)",38,4504,4542,92,6427,6519
12083002701,"Marion, FL (CT)",1515,1474,2989,3134,2844,5978
12083002702,"Marion, FL (CT)",1307,2633,3940,2382,3994,6376
12083980000,"Marion, FL (CT)",0,0,0,0,0,0
12083980100,"Marion, FL (CT)",0,0,0,0,0,0
12085000100,"Martin, FL (CT)",0,3204,3204,0,2691,2691
12085000200,"Martin, FL (CT)",0,1902,1902,0,3228,3228
12085000300,"Martin, FL (CT)",0,2941,2941,0,4848,4848
12085000400,"Martin, FL (CT)",0,3570,3570,0,7459,7459
12085000501,"Martin, FL (CT)",0,3162,3162,0,4552,4552
12085000502,"Martin, FL (CT)",0,891,891,0,1998,1998
12085000603,"Martin, FL (CT)",0,2739,2739,0,5836,5836
12085000604,"Martin, FL (CT)",0,2287,2287,0,5621,5621
12085000606,"Martin, FL (CT)",0,2358,2358,0,5038,5038
12085000607,"Martin, FL (CT)",0,1703,1703,0,2743,2743
12085000610,"Martin, FL (CT)",0,1852,1852,0,3882,3882
12085000700,"Martin, FL (CT)",0,2779,2779,0,3426,3426
12085000800,"Martin, FL (CT)",0,970,970,0,2088,2088
12085000901,"Martin, FL (CT)",0,2177,2177,0,2217,2217
12085000902,"Martin, FL (CT)",0,2858,2858,0,4520,4520
12085001000,"Martin, FL (CT)",0,2896,2896,0,5669,5669
12085001102,"Martin, FL (CT)",594,2942,3536,971,5668,6639
12085001103,"Martin, FL (CT)",0,1241,1241,0,1945,1945
12085001104,"Martin, FL (CT)",0,3998,3998,0,8528,8528
12085001200,"Martin, FL (CT)",0,970,970,0,2116,2116
12085001301,"Martin, FL (CT)",0,2545,2545,0,5637,5637
12085001302,"Martin, FL (CT)",0,2375,2375,0,4022,4022
12085001404,"Martin, FL (CT)",693,2210,2903,1188,4407,5595
12085001406,"Martin, FL (CT)",0,1549,1549,0,3529,3529
12085001407,"Martin, FL (CT)",0,1574,1574,0,1874,1874
12085001408,"Martin, FL (CT)",0,1890,1890,0,3228,3228
12085001409,"Martin, FL (CT)",0,1517,1517,0,2743,2743
12085001410,"Martin, FL (CT)",0,3212,3212,0,5375,5375
12085001500,"Martin, FL (CT)",874,1617,2491,1007,2700,3707
12085001601,"Martin, FL (CT)",234,2243,2477,583,3593,4176
12085001602,"Martin, FL (CT)",99,356,455,253,833,1086
12085001700,"Martin, FL (CT)",1893,2536,4429,4596,5398,9994
12085001801,"Martin, FL (CT)",401,1650,2051,1220,5788,7008
12085001802,"Martin, FL (CT)",436,193,629,2585,715,3300
12085990000,"Martin, FL (CT)",0,0,0,0,0,0
12085990100,"Martin, FL (CT)",0,0,0,0,0,0
12086000107,"Miami-Dade, FL (CT)",0,1863,1863,0,2347,2347
12086000109,"Miami-Dade, FL (CT)",0,2296,2296,0,4086,4086
12086000113,"Miami-Dade, FL (CT)",0,5203,5203,0,6913,6913
12086000115,"Miami-Dade, FL (CT)",0,2326,2326,0,3139,3139
12086000118,"Miami-Dade, FL (CT)",0,1443,1443,0,1015,1015
12086000119,"Miami-Dade, FL (CT)",0,3203,3203,0,4332,4332
12086000120,"Miami-Dade, FL (CT)",0,2389,2389,0,4289,4289
12086000121,"Miami-Dade, FL (CT)",0,1818,1818,0,1555,1555
12086000122,"Miami-Dade, FL (CT)",0,2866,2866,0,3699,3699
12086000123,"Miami-Dade, FL (CT)",0,3981,3981,0,3761,3761
12086000124,"Miami-Dade, FL (CT)",0,1329,1329,0,3206,3206
12086000125,"Miami-Dade, FL (CT)",0,2628,2628,0,3852,3852
12086000126,"Miami-Dade, FL (CT)",0,2029,2029,0,2022,2022
12086000127,"Miami-Dade, FL (CT)",0,2031,2031,0,3415,3415
12086000128,"Miami-Dade, FL (CT)",0,1669,1669,0,2664,2664
12086000129,"Miami-Dade, FL (CT)",0,1995,1995,0,2265,2265
12086000130,"Miami-Dade, FL (CT)",0,3279,3279,0,2538,2538
12086000131,"Miami-Dade, FL (CT)",0,1764,1764,0,2378,2378
12086000132,"Miami-Dade, FL (CT)",0,4301,4301,0,5622,5622
12086000133,"Miami-Dade, FL (CT)",0,3369,3369,0,6192,6192
12086000134,"Miami-Dade, FL (CT)",0,1601,1601,0,2806,2806
12086000140,"Miami-Dade, FL (CT)",0,1790,1790,0,3077,3077
12086000202,"Miami-Dade, FL (CT)",0,2470,2470,0,6747,6747
12086000204,"Miami-Dade, FL (CT)",0,1305,1305,0,4655,4655
12086000206,"Miami-Dade, FL (CT)",0,1711,1711,0,5349,5349
12086000209,"Miami-Dade, FL (CT)",0,2234,2234,0,6695,6695
12086000211,"Miami-Dade, FL (CT)",0,1160,1160,0,3149,3149
12086000212,"Miami-Dade, FL (CT)",0,1962,1962,0,4616,4616
12086000213,"Miami-Dade, FL (CT)",0,1711,1711,0,5049,5049
12086000214,"Miami-Dade, FL (CT)",0,2698,2698,0,5941,5941
12086000215,"Miami-Dade, FL (CT)",0,1297,1297,0,3706,3706
12086000216,"Miami-Dade, FL (CT)",0,1133,1133,0,4100,4100
12086000217,"Miami-Dade, FL (CT)",0,1776,1776,0,5829,5829
12086000218,"Miami-Dade, FL (CT)",0,1025,1025,0,3431,3431
12086000219,"Miami-Dade, FL (CT)",0,1878,1878,0,4643,4643
12086000220,"Miami-Dade, FL (CT)",0,1667,1667,0,4713,4713
12086000301,"Miami-Dade, FL (CT)",0,2499,2499,0,7527,7527
12086000302,"Miami-Dade, FL (CT)",0,709,709,0,2473,2473
12086000305,"Miami-Dade, FL (CT)",0,2584,2584,0,7808,7808
12086000306,"Miami-Dade, FL (CT)",0,2031,2031,0,5420,5420
12086000307,"Miami-Dade, FL (CT)",0,1305,1305,0,4786,4786
12086000308,"Miami-Dade, FL (CT)",0,1500,1500,0,5392,5392
12086000402,"Miami-Dade, FL (CT)",0,1230,1230,0,3419,3419
12086000403,"Miami-Dade, FL (CT)",0,2687,2687,0,6336,6336
12086000404,"Miami-Dade, FL (CT)",0,2170,2170,0,6102,6102
12086000405,"Miami-Dade, FL (CT)",0,1226,1226,0,4385,4385
12086000408,"Miami-Dade, FL (CT)",0,1959,1959,0,5553,5553
12086000409,"Miami-Dade, FL (CT)",0,1318,1318,0,4677,4677
12086000410,"Miami-Dade, FL (CT)",0,1167,1167,0,4231,4231
12086000411,"Miami-Dade, FL (CT)",0,1757,1757,0,5298,5298
12086000412,"Miami-Dade, FL (CT)",0,2337,2337,0,6711,6711
12086000413,"Miami-Dade, FL (CT)",0,1399,1399,0,4825,4825
12086000414,"Miami-Dade, FL (CT)",0,1893,1893,0,4640,4640
12086000501,"Miami-Dade, FL (CT)",0,1970,1970,0,7578,7578
12086000503,"Miami-Dade, FL (CT)",0,2574,2574,0,6782,6782
12086000504,"Miami-Dade, FL (CT)",0,1480,1480,0,4370,4370
12086000505,"Miami-Dade, FL (CT)",0,1846,1846,0,5255,5255
12086000601,"Miami-Dade, FL (CT)",0,1530,1530,0,5412,5412
12086000602,"Miami-Dade, FL (CT)",0,1492,1492,0,5501,5501
12086000603,"Miami-Dade, FL (CT)",0,1605,1605,0,5508,5508
12086000604,"Miami-Dade, FL (CT)",0,1872,1872,0,6447,6447
12086000605,"Miami-Dade, FL (CT)",0,1295,1295,0,4806,4806
12086000607,"Miami-Dade, FL (CT)",0,1535,1535,0,4923,4923
12086000608,"Miami-Dade, FL (CT)",0,2356,2356,0,7159,7159
12086000705,"Miami-Dade, FL (CT)",0,2090,2090,0,4683,4683
12086000706,"Miami-Dade, FL (CT)",0,2826,2826,0,7688,7688
12086000707,"Miami-Dade, FL (CT)",0,1999,1999,0,6641,6641
12086000708,"Miami-Dade, FL (CT)",0,2139,2139,0,6480,6480
12086000709,"Miami-Dade, FL (CT)",0,2073,2073,0,6109,6109
12086000710,"Miami-Dade, FL (CT)",0,2187,2187,0,5451,5451
12086000711,"Miami-Dade, FL (CT)",0,1893,1893,0,5768,5768
12086000712,"Miami-Dade, FL (CT)",0,820,820,0,2498,2498
12086000804,"Miami-Dade, FL (CT)",0,1476,1476,0,4864,4864
12086000805,"Miami-Dade, FL (CT)",0,1734,1734,0,6140,6140
12086000806,"Miami-Dade, FL (CT)",0,1682,1682,0,4855,4855
12086000807,"Miami-Dade, FL (CT)",0,1564,1564,0,3900,3900
12086000808,"Miami-Dade, FL (CT)",0,1410,1410,0,4082,4082
12086000901,"Miami-Dade, FL (CT)",0,2260,2260,0,8227,8227
12086000902,"Miami-Dade, FL (CT)",0,1990,1990,0,7026,7026
12086000903,"Miami-Dade, FL (CT)",0,883,883,0,2673,2673
12086001002,"Miami-Dade, FL (CT)",0,2232,2232,0,6402,6402
12086001003,"Miami-Dade, FL (CT)",0,2003,2003,0,5479,5479
12086001004,"Miami-Dade, FL (CT)",0,1999,1999,0,5354,5354
12086001005,"Miami-Dade, FL (CT)",0,899,899,0,2069,2069
12086001006,"Miami-Dade, FL (CT)",0,1598,1598,0,4693,4693
12086001101,"Miami-Dade, FL (CT)",0,1557,1557,0,5303,5303
12086001102,"Miami-Dade, FL (CT)",0,1266,1266,0,5002,5002
12086001103,"Miami-Dade, FL (CT)",0,1414,1414,0,4176,4176
12086001104,"Miami-Dade, FL (CT)",0,1897,1897,0,4508,4508
12086001203,"Miami-Dade, FL (CT)",0,3205,3205,0,7515,7515
12086001204,"Miami-Dade, FL (CT)",0,3428,3428,0,5357,5357
12086001205,"Miami-Dade, FL (CT)",0,1284,1284,0,2996,2996
12086001206,"Miami-Dade, FL (CT)",0,2472,2472,0,4574,4574
12086001301,"Miami-Dade, FL (CT)",0,2394,2394,0,4545,4545
12086001302,"Miami-Dade, FL (CT)",0,3100,3100,0,5527,5527
12086001401,"Miami-Dade, FL (CT)",0,1837,1837,0,4703,4703
12086001402,"Miami-Dade, FL (CT)",0,2064,2064,0,4853,4853
12086001501,"Miami-Dade, FL (CT)",0,1343,1343,0,3479,3479
12086001502,"Miami-Dade, FL (CT)",0,1426,1426,0,3926,3926
12086001602,"Miami-Dade, FL (CT)",0,1899,1899,0,6487,6487
12086001603,"Miami-Dade, FL (CT)",0,1071,1071,0,3315,3315
12086001605,"Miami-Dade, FL (CT)",0,1714,1714,0,4049,4049
12086001606,"Miami-Dade, FL (CT)",0,1577,1577,0,4323,4323
12086001701,"Miami-Dade, FL (CT)",0,1504,1504,0,4247,4247
12086001702,"Miami-Dade, FL (CT)",0,994,994,0,2510,2510
12086001703,"Miami-Dade, FL (CT)",0,1818,1818,0,5465,5465
12086001801,"Miami-Dade, FL (CT)",0,1354,1354,0,3778,3778
12086001802,"Miami-Dade, FL (CT)",0,1454,1454,0,4005,4005
12086001803,"Miami-Dade, FL (CT)",0,1589,1589,0,3546,3546
12086001901,"Miami-Dade, FL (CT)",0,1753,1753,0,4010,4010
12086001903,"Miami-Dade, FL (CT)",0,1331,1331,0,2815,2815
12086001904,"Miami-Dade, FL (CT)",0,1615,1615,0,3932,3932
12086002001,"Miami-Dade, FL (CT)",0,1553,1553,0,3781,3781
12086002003,"Miami-Dade, FL (CT)",0,1305,1305,0,3336,3336
12086002004,"Miami-Dade, FL (CT)",0,1153,1153,0,2909,2909
12086002100,"Miami-Dade, FL (CT)",0,1228,1228,0,2453,2453
12086002201,"Miami-Dade, FL (CT)",0,1377,1377,0,3573,3573
12086002202,"Miami-Dade, FL (CT)",0,1909,1909,0,5485,5485
12086002300,"Miami-Dade, FL (CT)",0,1851,1851,0,4963,4963
12086002402,"Miami-Dade, FL (CT)",0,1847,1847,0,5323,5323
12086002403,"Miami-Dade, FL (CT)",0,1346,1346,0,4173,4173
12086002404,"Miami-Dade, FL (CT)",0,2346,2346,0,5386,5386
12086002501,"Miami-Dade, FL (CT)",0,1698,1698,0,5388,5388
12086002502,"Miami-Dade, FL (CT)",0,1179,1179,0,3421,3421
12086002600,"Miami-Dade, FL (CT)",0,2626,2626,0,5647,5647
12086002702,"Miami-Dade, FL (CT)",0,1255,1255,0,2553,2553
12086002703,"Miami-Dade, FL (CT)",0,5120,5120,0,6368,6368
12086002705,"Miami-Dade, FL (CT)",0,1777,1777,0,2642,2642
12086002706,"Miami-Dade, FL (CT)",0,2186,2186,0,3442,3442
12086002800,"Miami-Dade, FL (CT)",0,642,642,0,1630,1630
12086002900,"Miami-Dade, FL (CT)",0,1862,1862,0,5752,5752
12086003001,"Miami-Dade, FL (CT)",0,1176,1176,0,2705,2705
12086003003,"Miami-Dade, FL (CT)",0,2437,2437,0,6315,6315
12086003004,"Miami-Dade, FL (CT)",0,1907,1907,0,4450,4450
12086003100,"Miami-Dade, FL (CT)",0,1845,1845,0,4416,4416
12086003400,"Miami-Dade, FL (CT)",0,1248,1248,0,2320,2320
12086003601,"Miami-Dade, FL (CT)",0,1611,1611,0,3027,3027
12086003602,"Miami-Dade, FL (CT)",0,3458,3458,0,6942,6942
12086003702,"Miami-Dade, FL (CT)",0,3402,3402,0,4655,4655
12086003703,"Miami-Dade, FL (CT)",0,1234,1234,0,1258,1258
12086003704,"Miami-Dade, FL (CT)",0,883,883,0,1178,1178
12086003705,"Miami-Dade, FL (CT)",0,971,971,0,1069,1069
12086003706,"Miami-Dade, FL (CT)",0,3,3,0,1622,1622
12086003707,"Miami-Dade, FL (CT)",0,765,765,0,826,826
12086003801,"Miami-Dade, FL (CT)",0,3232,3232,0,5714,5714
12086003803,"Miami-Dade, FL (CT)",0,2780,2780,0,2513,2513
12086003804,"Miami-Dade, FL (CT)",0,3890,3890,0,5744,5744
12086003906,"Miami-Dade, FL (CT)",0,1159,1159,0,2699,2699
12086003909,"Miami-Dade, FL (CT)",0,1270,1270,0,1584,1584
12086003911,"Miami-Dade, FL (CT)",0,2625,2625,0,4106,4106
12086003912,"Miami-Dade, FL (CT)",0,1870,1870,0,4237,4237
12086003913,"Miami-Dade, FL (CT)",0,2594,2594,0,4298,4298
12086003914,"Miami-Dade, FL (CT)",0,3325,3325,0,3812,3812
12086003915,"Miami-Dade, FL (CT)",0,2520,2520,0,4953,4953
12086003916,"Miami-Dade, FL (CT)",0,1939,1939,0,3790,3790
12086003917,"Miami-Dade, FL (CT)",0,2712,2712,0,4382,4382
12086003918,"Miami-Dade, FL (CT)",0,1860,1860,0,2755,2755
12086003919,"Miami-Dade, FL (CT)",0,2944,2944,0,2991,2991
12086003921,"Miami-Dade, FL (CT)",0,3178,3178,0,2612,2612
12086003922,"Miami-Dade, FL (CT)",0,2720,2720,0,1932,1932
12086004000,"Miami-Dade, FL (CT)",0,3376,3376,0,5062,5062
12086004102,"Miami-Dade, FL (CT)",0,2119,2119,0,3127,3127
12086004103,"Miami-Dade, FL (CT)",0,2875,2875,0,2733,2733
12086004105,"Miami-Dade, FL (CT)",0,2651,2651,0,2930,2930
12086004106,"Miami-Dade, FL (CT)",0,1733,1733,0,3152,3152
12086004203,"Miami-Dade, FL (CT)",0,3534,3534,0,4825,4825
12086004204,"Miami-Dade, FL (CT)",0,1757,1757,0,2158,2158
12086004205,"Miami-Dade, FL (CT)",0,2639,2639,0,2625,2625
12086004206,"Miami-Dade, FL (CT)",0,1519,1519,0,1836,1836
12086004301,"Miami-Dade, FL (CT)",0,2135,2135,0,2389,2389
12086004303,"Miami-Dade, FL (CT)",0,1960,1960,0,2436,2436
12086004304,"Miami-Dade, FL (CT)",0,1710,1710,0,2327,2327
12086004403,"Miami-Dade, FL (CT)",0,2307,2307,0,2944,2944
12086004404,"Miami-Dade, FL (CT)",0,2281,2281,0,2014,2014
12086004405,"Miami-Dade, FL (CT)",0,2075,2075,0,3000,3000
12086004406,"Miami-Dade, FL (CT)",0,2185,2185,0,2978,2978
12086004500,"Miami-Dade, FL (CT)",0,4725,4725,0,4302,4302
12086004602,"Miami-Dade, FL (CT)",0,1321,1321,0,3948,3948
12086004605,"Miami-Dade, FL (CT)",0,2284,2284,0,3442,3442
12086004607,"Miami-Dade, FL (CT)",0,2414,2414,0,3411,3411
12086004608,"Miami-Dade, FL (CT)",0,1057,1057,0,1574,1574
12086004701,"Miami-Dade, FL (CT)",0,2010,2010,0,5346,5346
12086004702,"Miami-Dade, FL (CT)",0,2362,2362,0,5981,5981
12086004703,"Miami-Dade, FL (CT)",0,1936,1936,0,4855,4855
12086004901,"Miami-Dade, FL (CT)",0,1409,1409,0,3190,3190
12086004902,"Miami-Dade, FL (CT)",0,2480,2480,0,6377,6377
12086005001,"Miami-Dade, FL (CT)",0,2191,2191,0,7001,7001
12086005002,"Miami-Dade, FL (CT)",0,1899,1899,0,5344,5344
12086005102,"Miami-Dade, FL (CT)",0,1849,1849,0,3412,3412
12086005103,"Miami-Dade, FL (CT)",0,978,978,0,2451,2451
12086005104,"Miami-Dade, FL (CT)",0,1704,1704,0,3813,3813
12086005201,"Miami-Dade, FL (CT)",0,2232,2232,0,5461,5461
12086005202,"Miami-Dade, FL (CT)",0,2144,2144,0,5733,5733
12086005302,"Miami-Dade, FL (CT)",0,3401,3401,0,7230,7230
12086005303,"Miami-Dade, FL (CT)",0,1465,1465,0,3542,3542
12086005304,"Miami-Dade, FL (CT)",0,1981,1981,0,4204,4204
12086005403,"Miami-Dade, FL (CT)",0,549,549,0,1592,1592
12086005405,"Miami-Dade, FL (CT)",0,1356,1356,0,3582,3582
12086005406,"Miami-Dade, FL (CT)",0,1370,1370,0,3798,3798
12086005407,"Miami-Dade, FL (CT)",0,935,935,0,2331,2331
12086005409,"Miami-Dade, FL (CT)",0,1620,1620,0,3827,3827
12086005410,"Miami-Dade, FL (CT)",0,1463,1463,0,3387,3387
12086005501,"Miami-Dade, FL (CT)",0,2165,2165,0,6293,6293
12086005502,"Miami-Dade, FL (CT)",0,2647,2647,0,7034,7034
12086005600,"Miami-Dade, FL (CT)",0,1873,1873,0,4700,4700
12086005701,"Miami-Dade, FL (CT)",0,2321,2321,0,6076,6076
12086005703,"Miami-Dade, FL (CT)",0,3446,3446,0,6062,6062
12086005704,"Miami-Dade, FL (CT)",0,2984,2984,0,7881,7881
12086005801,"Miami-Dade, FL (CT)",0,2458,2458,0,6956,6956
12086005802,"Miami-Dade, FL (CT)",0,3416,3416,0,9593,9593
12086005901,"Miami-Dade, FL (CT)",0,1580,1580,0,4325,4325
12086005902,"Miami-Dade, FL (CT)",0,1358,1358,0,4426,4426
12086005903,"Miami-Dade, FL (CT)",0,1680,1680,0,5276,5276
12086005904,"Miami-Dade, FL (CT)",0,1655,1655,0,4640,4640
12086006001,"Miami-Dade, FL (CT)",0,2280,2280,0,6375,6375
12086006002,"Miami-Dade, FL (CT)",0,1794,1794,0,5315,5315
12086006101,"Miami-Dade, FL (CT)",0,2059,2059,0,4988,4988
12086006102,"Miami-Dade, FL (CT)",0,2860,2860,0,6147,6147
12086006201,"Miami-Dade, FL (CT)",0,1338,1338,0,2843,2843
12086006203,"Miami-Dade, FL (CT)",0,1212,1212,0,1969,1969
12086006205,"Miami-Dade, FL (CT)",0,2518,2518,0,3621,3621
12086006206,"Miami-Dade, FL (CT)",0,1882,1882,0,2967,2967
12086006301,"Miami-Dade, FL (CT)",0,2865,2865,0,6305,6305
12086006302,"Miami-Dade, FL (CT)",0,2000,2000,0,5270,5270
12086006401,"Miami-Dade, FL (CT)",0,1345,1345,0,3690,3690
12086006402,"Miami-Dade, FL (CT)",0,1372,1372,0,3655,3655
12086006403,"Miami-Dade, FL (CT)",0,1487,1487,0,3769,3769
12086006501,"Miami-Dade, FL (CT)",0,1189,1189,0,3260,3260
12086006503,"Miami-Dade, FL (CT)",0,1004,1004,0,2576,2576
12086006504,"Miami-Dade, FL (CT)",0,947,947,0,2295,2295
12086006601,"Miami-Dade, FL (CT)",0,3157,3157,0,7327,7327
12086006602,"Miami-Dade, FL (CT)",0,3193,3193,0,5735,5735
12086006702,"Miami-Dade, FL (CT)",0,6390,6390,0,9431,9431
12086006705,"Miami-Dade, FL (CT)",0,2846,2846,0,3776,3776
12086006706,"Miami-Dade, FL (CT)",0,1620,1620,0,2229,2229
12086006707,"Miami-Dade, FL (CT)",0,3097,3097,0,4002,4002
12086006709,"Miami-Dade, FL (CT)",0,1602,1602,0,408,408
12086006711,"Miami-Dade, FL (CT)",0,2012,2012,0,2861,2861
12086006713,"Miami-Dade, FL (CT)",0,1436,1436,0,1561,1561
12086006714,"Miami-Dade, FL (CT)",0,1599,1599,0,1756,1756
12086006801,"Miami-Dade, FL (CT)",0,1858,1858,0,2837,2837
12086006802,"Miami-Dade, FL (CT)",0,1962,1962,0,3681,3681
12086006900,"Miami-Dade, FL (CT)",0,2620,2620,0,5780,5780
12086007001,"Miami-Dade, FL (CT)",0,3900,3900,0,8883,8883
12086007002,"Miami-Dade, FL (CT)",0,2744,2744,0,6998,6998
12086007101,"Miami-Dade, FL (CT)",0,1222,1222,0,2403,2403
12086007103,"Miami-Dade, FL (CT)",0,1227,1227,0,1592,1592
12086007104,"Miami-Dade, FL (CT)",0,1728,1728,0,2920,2920
12086007200,"Miami-Dade, FL (CT)",0,1213,1213,0,2507,2507
12086007300,"Miami-Dade, FL (CT)",0,1826,1826,0,4136,4136
12086007400,"Miami-Dade, FL (CT)",0,2906,2906,0,6762,6762
12086007501,"Miami-Dade, FL (CT)",0,1061,1061,0,2634,2634
12086007503,"Miami-Dade, FL (CT)",0,429,429,0,919,919
12086007601,"Miami-Dade, FL (CT)",0,976,976,0,2554,2554
12086007603,"Miami-Dade, FL (CT)",0,1937,1937,0,4223,4223
12086007604,"Miami-Dade, FL (CT)",0,2877,2877,0,5841,5841
12086007605,"Miami-Dade, FL (CT)",0,1932,1932,0,3883,3883
12086007606,"Miami-Dade, FL (CT)",0,1974,1974,0,4983,4983
12086007701,"Miami-Dade, FL (CT)",0,2152,2152,0,6569,6569
12086007702,"Miami-Dade, FL (CT)",0,2326,2326,0,6163,6163
12086007704,"Miami-Dade, FL (CT)",0,2219,2219,0,4344,4344
12086007705,"Miami-Dade, FL (CT)",0,2250,2250,0,4321,4321
12086007801,"Miami-Dade, FL (CT)",0,297,297,0,834,834
12086007804,"Miami-Dade, FL (CT)",0,4052,4052,0,6669,6669
12086007805,"Miami-Dade, FL (CT)",0,1919,1919,0,4867,4867
12086007806,"Miami-Dade, FL (CT)",0,1299,1299,0,4059,4059
12086007807,"Miami-Dade, FL (CT)",0,1731,1731,0,4343,4343
12086007901,"Miami-Dade, FL (CT)",0,1542,1542,0,3564,3564
12086007902,"Miami-Dade, FL (CT)",0,1369,1369,0,3219,3219
12086008000,"Miami-Dade, FL (CT)",5,2328,2333,13,5339,5352
12086008101,"Miami-Dade, FL (CT)",0,1239,1239,0,3739,3739
12086008102,"Miami-Dade, FL (CT)",0,1677,1677,0,4627,4627
12086008202,"Miami-Dade, FL (CT)",0,1556,1556,0,4250,4250
12086008205,"Miami-Dade, FL (CT)",0,1434,1434,0,3985,3985
12086008206,"Miami-Dade, FL (CT)",0,1533,1533,0,4189,4189
12086008207,"Miami-Dade, FL (CT)",0,1392,1392,0,4086,4086
12086008208,"Miami-Dade, FL (CT)",0,1575,1575,0,4041,4041
12086008209,"Miami-Dade, FL (CT)",0,1557,1557,0,4527,4527
12086008304,"Miami-Dade, FL (CT)",0,2561,2561,0,7577,7577
12086008305,"Miami-Dade, FL (CT)",0,2048,2048,0,5125,5125
12086008306,"Miami-Dade, FL (CT)",0,2329,2329,0,7260,7260
12086008307,"Miami-Dade, FL (CT)",0,1882,1882,0,6275,6275
12086008308,"Miami-Dade, FL (CT)",0,1766,1766,0,5001,5001
12086008309,"Miami-Dade, FL (CT)",0,1570,1570,0,4459,4459
12086008405,"Miami-Dade, FL (CT)",0,2390,2390,0,6421,6421
12086008407,"Miami-Dade, FL (CT)",0,2715,2715,0,7303,7303
12086008409,"Miami-Dade, FL (CT)",0,2053,2053,0,5246,5246
12086008410,"Miami-Dade, FL (CT)",0,2350,2350,0,5904,5904
12086008412,"Miami-Dade, FL (CT)",0,2967,2967,0,6163,6163
12086008414,"Miami-Dade, FL (CT)",0,2412,2412,0,6989,6989
12086008415,"Miami-Dade, FL (CT)",0,1683,1683,0,5119,5119
12086008416,"Miami-Dade, FL (CT)",0,1209,1209,0,3135,3135
12086008417,"Miami-Dade, FL (CT)",0,2879,2879,0,5497,5497
12086008418,"Miami-Dade, FL (CT)",0,1167,1167,0,3028,3028
12086008419,"Miami-Dade, FL (CT)",0,2332,2332,0,4920,4920
12086008501,"Miami-Dade, FL (CT)",0,2145,2145,0,6576,6576
12086008502,"Miami-Dade, FL (CT)",0,1607,1607,0,4517,4517
12086008601,"Miami-Dade, FL (CT)",0,1528,1528,0,5176,5176
12086008602,"Miami-Dade, FL (CT)",0,2047,2047,0,6561,6561
12086008701,"Miami-Dade, FL (CT)",0,1761,1761,0,6038,6038
12086008702,"Miami-Dade, FL (CT)",0,1748,1748,0,5800,5800
12086008803,"Miami-Dade, FL (CT)",0,2237,2237,0,6816,6816
12086008804,"Miami-Dade, FL (CT)",0,2412,2412,0,7402,7402
12086008805,"Miami-Dade, FL (CT)",0,1624,1624,0,5183,5183
12086008806,"Miami-Dade, FL (CT)",0,1263,1263,0,4012,4012
12086008901,"Miami-Dade, FL (CT)",0,2246,2246,0,6744,6744
12086008902,"Miami-Dade, FL (CT)",0,2527,2527,0,7354,7354
12086008904,"Miami-Dade, FL (CT)",0,128,128,0,2749,2749
12086008906,"Miami-Dade, FL (CT)",0,1912,1912,0,5545,5545
12086008907,"Miami-Dade, FL (CT)",0,1742,1742,0,4483,4483
12086009006,"Miami-Dade, FL (CT)",0,3589,3589,0,9898,9898
12086009010,"Miami-Dade, FL (CT)",0,1728,1728,0,4622,4622
12086009014,"Miami-Dade, FL (CT)",0,1537,1537,0,4024,4024
12086009015,"Miami-Dade, FL (CT)",0,2487,2487,0,5372,5372
12086009017,"Miami-Dade, FL (CT)",0,1836,1836,0,6202,6202
12086009019,"Miami-Dade, FL (CT)",0,1265,1265,0,4167,4167
12086009020,"Miami-Dade, FL (CT)",0,1102,1102,0,3024,3024
12086009021,"Miami-Dade, FL (CT)",0,1472,1472,0,4729,4729
12086009022,"Miami-Dade, FL (CT)",0,595,595,0,2118,2118
12086009023,"Miami-Dade, FL (CT)",0,2118,2118,0,6191,6191
12086009024,"Miami-Dade, FL (CT)",0,1924,1924,0,4356,4356
12086009026,"Miami-Dade, FL (CT)",0,1215,1215,0,2650,2650
12086009027,"Miami-Dade, FL (CT)",0,1761,1761,0,3897,3897
12086009028,"Miami-Dade, FL (CT)",0,1622,1622,0,3933,3933
12086009029,"Miami-Dade, FL (CT)",0,1350,1350,0,3384,3384
12086009030,"Miami-Dade, FL (CT)",0,2002,2002,0,5340,5340
12086009031,"Miami-Dade, FL (CT)",0,1501,1501,0,3978,3978
12086009034,"Miami-Dade, FL (CT)",0,2932,2932,0,6979,6979
12086009035,"Miami-Dade, FL (CT)",0,2407,2407,0,5038,5038
12086009036,"Miami-Dade, FL (CT)",0,3015,3015,0,8075,8075
12086009038,"Miami-Dade, FL (CT)",0,2786,2786,0,7898,7898
12086009039,"Miami-Dade, FL (CT)",0,1762,1762,0,4539,4539
12086009040,"Miami-Dade, FL (CT)",0,84,84,0,120,120
12086009043,"Miami-Dade, FL (CT)",0,1383,1383,0,3855,3855
12086009044,"Miami-Dade, FL (CT)",0,400,400,0,1218,1218
12086009046,"Miami-Dade, FL (CT)",0,358,358,0,565,565
12086009047,"Miami-Dade, FL (CT)",0,1045,1045,0,2970,2970
12086009100,"Miami-Dade, FL (CT)",0,1962,1962,0,7620,7620
12086009200,"Miami-Dade, FL (CT)",0,1011,1011,0,3722,3722
12086009305,"Miami-Dade, FL (CT)",0,1982,1982,0,5252,5252
12086009306,"Miami-Dade, FL (CT)",0,2429,2429,0,7435,7435
12086009307,"Miami-Dade, FL (CT)",0,2288,2288,0,6696,6696
12086009308,"Miami-Dade, FL (CT)",0,2341,2341,0,7318,7318
12086009309,"Miami-Dade, FL (CT)",0,2439,2439,0,7044,7044
12086009311,"Miami-Dade, FL (CT)",0,2077,2077,0,6675,6675
12086009312,"Miami-Dade, FL (CT)",0,2593,2593,0,5470,5470
12086009313,"Miami-Dade, FL (CT)",0,2168,2168,0,5332,5332
12086009314,"Miami-Dade, FL (CT)",0,1564,1564,0,3942,3942
12086009315,"Miami-Dade, FL (CT)",0,1368,1368,0,3066,3066
12086009400,"Miami-Dade, FL (CT)",0,1821,1821,0,6370,6370
12086009501,"Miami-Dade, FL (CT)",0,1900,1900,0,5232,5232
12086009503,"Miami-Dade, FL (CT)",0,1451,1451,0,4613,4613
12086009504,"Miami-Dade, FL (CT)",0,1396,1396,0,4645,4645
12086009600,"Miami-Dade, FL (CT)",0,2668,2668,0,6854,6854
12086009703,"Miami-Dade, FL (CT)",0,1208,1208,0,3608,3608
12086009704,"Miami-Dade, FL (CT)",0,1902,1902,0,5656,5656
12086009705,"Miami-Dade, FL (CT)",0,2669,2669,0,4578,4578
12086009706,"Miami-Dade, FL (CT)",0,1955,1955,0,3583,3583
12086009803,"Miami-Dade, FL (CT)",0,1665,1665,0,4896,4896
12086009804,"Miami-Dade, FL (CT)",0,1039,1039,0,3402,3402
12086009806,"Miami-Dade, FL (CT)",0,1413,1413,0,2631,2631
12086009807,"Miami-Dade, FL (CT)",0,2777,2777,0,6955,6955
12086009808,"Miami-Dade, FL (CT)",0,2813,2813,0,4926,4926
12086009901,"Miami-Dade, FL (CT)",0,3433,3433,0,8862,8862
12086009903,"Miami-Dade, FL (CT)",0,1526,1526,0,5247,5247
12086009904,"Miami-Dade, FL (CT)",0,1191,1191,0,3082,3082
12086009905,"Miami-Dade, FL (CT)",0,1489,1489,0,5283,5283
12086009906,"Miami-Dade, FL (CT)",0,1632,1632,0,5546,5546
12086010001,"Miami-Dade, FL (CT)",0,1967,1967,0,6465,6465
12086010005,"Miami-Dade, FL (CT)",0,2229,2229,0,7963,7963
12086010006,"Miami-Dade, FL (CT)",0,2186,2186,0,7643,7643
12086010009,"Miami-Dade, FL (CT)",0,2303,2303,0,7668,7668
12086010010,"Miami-Dade, FL (CT)",0,1424,1424,0,4693,4693
12086010011,"Miami-Dade, FL (CT)",0,2238,2238,0,6504,6504
12086010012,"Miami-Dade, FL (CT)",0,1607,1607,0,5336,5336
12086010013,"Miami-Dade, FL (CT)",0,1212,1212,0,4278,4278
12086010015,"Miami-Dade, FL (CT)",0,1189,1189,0,3886,3886
12086010016,"Miami-Dade, FL (CT)",0,1356,1356,0,4919,4919
12086010193,"Miami-Dade, FL (CT)",0,628,628,0,2063,2063
12086010198,"Miami-Dade, FL (CT)",0,1030,1030,0,3450,3450
12086010201,"Miami-Dade, FL (CT)",253,969,1222,662,3254,3916
12086010204,"Miami-Dade, FL (CT)",0,2033,2033,0,7224,7224
12086010205,"Miami-Dade, FL (CT)",0,1486,1486,0,4952,4952
12086010207,"Miami-Dade, FL (CT)",0,1694,1694,0,3484,3484
12086010208,"Miami-Dade, FL (CT)",0,1723,1723,0,4446,4446
12086010209,"Miami-Dade, FL (CT)",0,1517,1517,0,5285,5285
12086010210,"Miami-Dade, FL (CT)",0,1997,1997,0,6603,6603
12086010300,"Miami-Dade, FL (CT)",960,2024,2984,2464,5621,8085
12086010400,"Miami-Dade, FL (CT)",141,891,1032,341,2851,3192
12086010500,"Miami-Dade, FL (CT)",0,2910,2910,0,8883,8883
12086010604,"Miami-Dade, FL (CT)",0,1722,1722,0,5072,5072
12086010606,"Miami-Dade, FL (CT)",0,2259,2259,0,6576,6576
12086010608,"Miami-Dade, FL (CT)",0,1772,1772,0,5301,5301
12086010609,"Miami-Dade, FL (CT)",0,1961,1961,0,5140,5140
12086010610,"Miami-Dade, FL (CT)",0,1517,1517,0,4254,4254
12086010612,"Miami-Dade, FL (CT)",0,3265,3265,0,9107,9107
12086010613,"Miami-Dade, FL (CT)",29,2307,2336,92,5292,5384
12086010614,"Miami-Dade, FL (CT)",0,2398,2398,0,7429,7429
12086010617,"Miami-Dade, FL (CT)",0,1898,1898,0,4935,4935
12086010703,"Miami-Dade, FL (CT)",0,3288,3288,0,10967,10967
12086010704,"Miami-Dade, FL (CT)",6,2912,2918,16,9303,9319
12086010801,"Miami-Dade, FL (CT)",0,1897,1897,0,5781,5781
12086010802,"Miami-Dade, FL (CT)",0,2447,2447,0,7031,7031
12086010900,"Miami-Dade, FL (CT)",0,2145,2145,0,5960,5960
12086011001,"Miami-Dade, FL (CT)",0,3268,3268,0,9130,9130
12086011003,"Miami-Dade, FL (CT)",0,1252,1252,0,4448,4448
12086011005,"Miami-Dade, FL (CT)",0,1655,1655,0,6011,6011
12086011007,"Miami-Dade, FL (CT)",0,2442,2442,0,5728,5728
12086011008,"Miami-Dade, FL (CT)",0,1411,1411,0,3506,3506
12086011009,"Miami-Dade, FL (CT)",0,2128,2128,0,4935,4935
12086011101,"Miami-Dade, FL (CT)",0,2970,2970,0,8620,8620
12086011102,"Miami-Dade, FL (CT)",19,2131,2150,52,6279,6331
12086011201,"Miami-Dade, FL (CT)",48,1950,1998,114,6166,6280
12086011202,"Miami-Dade, FL (CT)",0,2313,2313,0,7809,7809
12086011300,"Miami-Dade, FL (CT)",0,3183,3183,0,8796,8796
12086011401,"Miami-Dade, FL (CT)",4,7073,7077,6,15381,15387
12086011403,"Miami-Dade, FL (CT)",0,2267,2267,0,6636,6636
12086011404,"Miami-Dade, FL (CT)",57,1512,1569,422,5796,6218
12086011500,"Miami-Dade, FL (CT)",1667,568,2235,4832,1746,6578
12086011600,"Miami-Dade, FL (CT)",0,2029,2029,0,5276,5276
12086011700,"Miami-Dade, FL (CT)",0,2630,2630,0,7176,7176
12086011800,"Miami-Dade, FL (CT)",0,1075,1075,0,3693,3693
12086011900,"Miami-Dade, FL (CT)",0,1962,1962,0,5370,5370
12086012000,"Miami-Dade, FL (CT)",0,3662,3662,0,8418,8418
12086012100,"Miami-Dade, FL (CT)",0,5772,5772,0,15330,15330
12086012200,"Miami-Dade, FL (CT)",0,1619,1619,0,5253,5253
12086012300,"Miami-Dade, FL (CT)",0,1910,1910,0,6867,6867
12086012400,"Miami-Dade, FL (CT)",54,2703,2757,197,9328,9525
12086012500,"Miami-Dade, FL (CT)",27,1750,1777,74,6112,6186
12086012600,"Miami-Dade, FL (CT)",0,1969,1969,0,6441,6441
12086012700,"Miami-Dade, FL (CT)",0,2110,2110,0,7370,7370
12086012800,"Miami-Dade, FL (CT)",0,2498,2498,0,7895,7895
12086012900,"Miami-Dade, FL (CT)",0,1384,1384,0,4056,4056
12086013000,"Miami-Dade, FL (CT)",0,1359,1359,0,4535,4535
12086013100,"Miami-Dade, FL (CT)",0,1700,1700,0,5170,5170
12086013200,"Miami-Dade, FL (CT)",0,1683,1683,0,5962,5962
12086013300,"Miami-Dade, FL (CT)",0,1562,1562,0,5378,5378
12086013400,"Miami-Dade, FL (CT)",0,1653,1653,0,5069,5069
12086013500,"Miami-Dade, FL (CT)",0,1693,1693,0,5320,5320
12086013600,"Miami-Dade, FL (CT)",0,1974,1974,0,5939,5939
12086013700,"Miami-Dade, FL (CT)",0,1975,1975,0,5574,5574
12086013800,"Miami-Dade, FL (CT)",0,2149,2149,0,6568,6568
12086013900,"Miami-Dade, FL (CT)",0,1337,1337,0,4674,4674
12086014000,"Miami-Dade, FL (CT)",45,17,62,80,47,127
12086014100,"Miami-Dade, FL (CT)",0,0,0,0,3235,3235
12086014200,"Miami-Dade, FL (CT)",0,1441,1441,0,4936,4936
12086014300,"Miami-Dade, FL (CT)",0,1033,1033,0,3648,3648
12086014400,"Miami-Dade, FL (CT)",0,1327,1327,0,4572,4572
12086014500,"Miami-Dade, FL (CT)",0,1326,1326,0,4677,4677
12086014600,"Miami-Dade, FL (CT)",0,2485,2485,0,6896,6896
12086014700,"Miami-Dade, FL (CT)",0,2467,2467,0,7031,7031
12086014800,"Miami-Dade, FL (CT)",0,1841,1841,0,5813,5813
12086014900,"Miami-Dade, FL (CT)",0,1665,1665,0,5211,5211
12086015000,"Miami-Dade, FL (CT)",0,2573,2573,0,8712,8712
12086015100,"Miami-Dade, FL (CT)",6,2899,2905,20,11587,11607
12086015200,"Miami-Dade, FL (CT)",0,1969,1969,0,6645,6645
12086015300,"Miami-Dade, FL (CT)",0,1668,1668,0,6024,6024
12086015400,"Miami-Dade, FL (CT)",0,1740,1740,0,6000,6000
12086015500,"Miami-Dade, FL (CT)",0,1931,1931,0,6487,6487
12086015600,"Miami-Dade, FL (CT)",0,1731,1731,0,4425,4425
12086015700,"Miami-Dade, FL (CT)",0,801,801,0,2721,2721
12086015800,"Miami-Dade, FL (CT)",0,1638,1638,0,4895,4895
12086015900,"Miami-Dade, FL (CT)",0,1125,1125,0,3752,3752
12086016000,"Miami-Dade, FL (CT)",0,1595,1595,0,4613,4613
12086016100,"Miami-Dade, FL (CT)",0,1413,1413,0,4849,4849
12086016200,"Miami-Dade, FL (CT)",0,1204,1204,0,3556,3556
12086016300,"Miami-Dade, FL (CT)",0,1373,1373,0,4638,4638
12086016400,"Miami-Dade, FL (CT)",0,1739,1739,0,6252,6252
12086016500,"Miami-Dade, FL (CT)",0,2185,2185,0,7901,7901
12086016600,"Miami-Dade, FL (CT)",0,1174,1174,0,3878,3878
12086016700,"Miami-Dade, FL (CT)",0,1425,1425,0,4990,4990
12086016800,"Miami-Dade, FL (CT)",0,1354,1354,0,3943,3943
12086016900,"Miami-Dade, FL (CT)",0,1725,1725,0,4530,4530
12086017000,"Miami-Dade, FL (CT)",0,1871,1871,0,5468,5468
12086017100,"Miami-Dade, FL (CT)",0,2463,2463,0,6727,6727
12086017200,"Miami-Dade, FL (CT)",0,1140,1140,0,3815,3815
12086017300,"Miami-Dade, FL (CT)",0,1610,1610,0,4355,4355
12086017400,"Miami-Dade, FL (CT)",0,2450,2450,0,6480,6480
12086017500,"Miami-Dade, FL (CT)",0,1398,1398,0,3721,3721
12086017600,"Miami-Dade, FL (CT)",0,2319,2319,0,6051,6051
12086017700,"Miami-Dade, FL (CT)",0,1609,1609,0,4508,4508
12086017800,"Miami-Dade, FL (CT)",0,2074,2074,0,5739,5739
12086017900,"Miami-Dade, FL (CT)",0,2629,2629,0,8771,8771
12086018000,"Miami-Dade, FL (CT)",7,2200,2207,24,7585,7609
12086018100,"Miami-Dade, FL (CT)",0,1719,1719,0,4595,4595
12086018200,"Miami-Dade, FL (CT)",0,818,818,0,2556,2556
12086018300,"Miami-Dade, FL (CT)",0,1679,1679,0,5384,5384
12086018400,"Miami-Dade, FL (CT)",0,1600,1600,0,3576,3576
12086018500,"Miami-Dade, FL (CT)",0,1683,1683,0,4644,4644
12086018600,"Miami-Dade, FL (CT)",0,2590,2590,0,7788,7788
12086018700,"Miami-Dade, FL (CT)",0,1336,1336,0,4544,4544
12086018800,"Miami-Dade, FL (CT)",0,3347,3347,0,8407,8407
12086018900,"Miami-Dade, FL (CT)",0,2355,2355,0,6603,6603
12086019000,"Miami-Dade, FL (CT)",0,2074,2074,0,5673,5673
12086019100,"Miami-Dade, FL (CT)",0,2331,2331,0,5247,5247
12086019200,"Miami-Dade, FL (CT)",0,1827,1827,0,5235,5235
12086019300,"Miami-Dade, FL (CT)",0,2795,2795,0,7439,7439
12086019400,"Miami-Dade, FL (CT)",0,2547,2547,0,7608,7608
12086019500,"Miami-Dade, FL (CT)",0,2396,2396,0,7269,7269
12086019600,"Miami-Dade, FL (CT)",82,1471,1553,259,5278,5537
12086019700,"Miami-Dade, FL (CT)",58,1092,1150,205,3580,3785
12086019800,"Miami-Dade, FL (CT)",66,2088,2154,190,7390,7580
12086019900,"Miami-Dade, FL (CT)",0,2821,2821,0,9322,9322
12086020000,"Miami-Dade, FL (CT)",0,2125,2125,0,7337,7337
12086020100,"Miami-Dade, FL (CT)",0,1240,1240,0,4344,4344
12086020200,"Miami-Dade, FL (CT)",0,1326,1326,0,4976,4976
12086020300,"Miami-Dade, FL (CT)",0,1013,1013,0,3565,3565
12086490100,"Miami-Dade, FL (CT)",0,569,569,0,1659,1659
12086980100,"Miami-Dade, FL (CT)",3,0,3,18,0,18
12086980200,"Miami-Dade, FL (CT)",0,0,0,0,0,0
12086980300,"Miami-Dade, FL (CT)",0,19,19,0,4551,4551
12086980400,"Miami-Dade, FL (CT)",0,0,0,14,0,14
12086980500,"Miami-Dade, FL (CT)",0,6,6,0,7,7
12086980600,"Miami-Dade, FL (CT)",0,0,0,0,0,0
12086980700,"Miami-Dade, FL (CT)",0,57,57,0,964,964
12086980800,"Miami-Dade, FL (CT)",0,1,1,0,3,3
12086980900,"Miami-Dade, FL (CT)",0,0,0,0,0,0
12086981000,"Miami-Dade, FL (CT)",0,0,0,0,59,59
12086990000,"Miami-Dade, FL (CT)",0,0,0,0,0,0
12087970200,"Monroe, FL (CT)",1719,0,1719,1286,0,1286
12087970300,"Monroe, FL (CT)",73,1689,1762,118,2197,2315
12087970400,"Monroe, FL (CT)",239,2374,2613,233,3491,3724
12087970500,"Monroe, FL (CT)",0,2214,2214,0,2710,2710
12087970600,"Monroe, FL (CT)",1,1871,1872,2,1684,1686
12087970700,"Monroe, FL (CT)",0,2170,2170,0,2488,2488
12087970800,"Monroe, FL (CT)",0,3295,3295,0,3999,3999
12087970900,"Monroe, FL (CT)",286,1863,2149,216,1552,1768
12087971001,"Monroe, FL (CT)",0,2047,2047,0,1389,1389
12087971002,"Monroe, FL (CT)",1634,331,1965,1067,457,1524
12087971100,"Monroe, FL (CT)",0,2105,2105,0,3045,3045
12087971200,"Monroe, FL (CT)",0,1785,1785,0,2413,2413
12087971300,"Monroe, FL (CT)",1,1236,1237,1,1661,1662
12087971401,"Monroe, FL (CT)",102,1977,2079,141,2863,3004
12087971402,"Monroe, FL (CT)",571,415,986,715,618,1333
12087971501,"Monroe, FL (CT)",63,1607,1670,92,1671,1763
12087971502,"Monroe, FL (CT)",153,1959,2112,216,2388,2604
12087971600,"Monroe, FL (CT)",1162,0,1162,1948,0,1948
12087971700,"Monroe, FL (CT)",124,1434,1558,233,2556,2789
12087971800,"Monroe, FL (CT)",0,2106,2106,0,4910,4910
12087971900,"Monroe, FL (CT)",3,2473,2476,3,5970,5973
12087972000,"Monroe, FL (CT)",0,2431,2431,0,4164,4164
12087972100,"Monroe, FL (CT)",0,2056,2056,0,3965,3965
12087972200,"Monroe, FL (CT)",0,1395,1395,0,2903,2903
12087972300,"Monroe, FL (CT)",0,1815,1815,0,2619,2619
12087972400,"Monroe, FL (CT)",0,2060,2060,0,3125,3125
12087972500,"Monroe, FL (CT)",86,1225,1311,54,1045,1099
12087972600,"Monroe, FL (CT)",0,585,585,0,838,838
12087980000,"Monroe, FL (CT)",17,0,17,24,0,24
12087980100,"Monroe, FL (CT)",12,0,12,20,0,20
12087990000,"Monroe, FL (CT)",0,0,0,0,0,0
12089050101,"Nassau, FL (CT)",0,3533,3533,0,6371,6371
12089050102,"Nassau, FL (CT)",796,934,1730,817,1948,2765
12089050201,"Nassau, FL (CT)",518,1773,2291,624,1135,1759
12089050202,"Nassau, FL (CT)",79,3535,3614,183,6038,6221
12089050203,"Nassau, FL (CT)",0,2553,2553,0,3336,3336
12089050301,"Nassau, FL (CT)",1452,1430,2882,3564,3877,7441
12089050302,"Nassau, FL (CT)",391,2358,2749,1011,5820,6831
12089050303,"Nassau, FL (CT)",3322,1968,5290,8063,4248,12311
12089050400,"Nassau, FL (CT)",3650,0,3650,9028,0,9028
12089050502,"Nassau, FL (CT)",1425,1346,2771,3805,3432,7237
12089050503,"Nassau, FL (CT)",1613,789,2402,4144,1811,5955
12089050504,"Nassau, FL (CT)",1544,0,1544,4059,0,4059
12089990000,"Nassau, FL (CT)",0,0,0,0,0,0
12091020100,"Okaloosa, FL (CT)",3518,0,3518,7688,0,7688
12091020200,"Okaloosa, FL (CT)",900,0,900,1921,0,1921
12091020301,"Okaloosa, FL (CT)",1592,935,2527,3788,2381,6169
12091020302,"Okaloosa, FL (CT)",1936,0,1936,5876,0,5876
12091020400,"Okaloosa, FL (CT)",260,2352,2612,631,6003,6634
12091020500,"Okaloosa, FL (CT)",245,2816,3061,589,6345,6934
12091020600,"Okaloosa, FL (CT)",532,3630,4162,583,8876,9459
12091020700,"Okaloosa, FL (CT)",218,3721,3939,459,8827,9286
12091020800,"Okaloosa, FL (CT)",42,1777,1819,161,4953,5114
12091020900,"Okaloosa, FL (CT)",59,2278,2337,155,5436,5591
12091021001,"Okaloosa, FL (CT)",0,2274,2274,0,5598,5598
12091021002,"Okaloosa, FL (CT)",0,2179,2179,0,4571,4571
12091021101,"Okaloosa, FL (CT)",0,1618,1618,0,3188,3188
12091021102,"Okaloosa, FL (CT)",0,3278,3278,0,7586,7586
12091021200,"Okaloosa, FL (CT)",9,2408,2417,27,6064,6091
12091021400,"Okaloosa, FL (CT)",0,938,938,0,1489,1489
12091021501,"Okaloosa, FL (CT)",0,1893,1893,0,3890,3890
12091021502,"Okaloosa, FL (CT)",0,1724,1724,0,3917,3917
12091021600,"Okaloosa, FL (CT)",0,809,809,0,1893,1893
12091021700,"Okaloosa, FL (CT)",0,1147,1147,0,2566,2566
12091021801,"Okaloosa, FL (CT)",0,2177,2177,0,4709,4709
12091021802,"Okaloosa, FL (CT)",0,2589,2589,0,5013,5013
12091021900,"Okaloosa, FL (CT)",0,3744,3744,0,8196,8196
12091022001,"Okaloosa, FL (CT)",0,2015,2015,0,3928,3928
12091022002,"Okaloosa, FL (CT)",0,1717,1717,0,3393,3393
12091022100,"Okaloosa, FL (CT)",0,1457,1457,0,3127,3127
12091022300,"Okaloosa, FL (CT)",0,1180,1180,0,2341,2341
12091022400,"Okaloosa, FL (CT)",0,1808,1808,0,3764,3764
12091022500,"Okaloosa, FL (CT)",0,1810,1810,0,3891,3891
12091022600,"Okaloosa, FL (CT)",0,1748,1748,0,3053,3053
12091022700,"Okaloosa, FL (CT)",0,1833,1833,0,3409,3409
12091022800,"Okaloosa, FL (CT)",0,1044,1044,0,2046,2046
12091022900,"Okaloosa, FL (CT)",0,1832,1832,0,4167,4167
12091023100,"Okaloosa, FL (CT)",0,3470,3470,0,7405,7405
12091023200,"Okaloosa, FL (CT)",1,3146,3147,0,1354,1354
12091023303,"Okaloosa, FL (CT)",0,5874,5874,0,1090,1090
12091023304,"Okaloosa, FL (CT)",0,3037,3037,0,2534,2534
12091023305,"Okaloosa, FL (CT)",0,2015,2015,0,4154,4154
12091023306,"Okaloosa, FL (CT)",0,1440,1440,0,2733,2733
12091023307,"Okaloosa, FL (CT)",0,1024,1024,0,2174,2174
12091023308,"Okaloosa, FL (CT)",0,2358,2358,0,2880,2880
12091990100,"Okaloosa, FL (CT)",0,0,0,0,0,0
12091990200,"Okaloosa, FL (CT)",0,0,0,0,0,0
12093910101,"Okeechobee, FL (CT)",1527,45,1572,5621,149,5770
12093910102,"Okeechobee, FL (CT)",1331,0,1331,2821,0,2821
12093910201,"Okeechobee, FL (CT)",262,1275,1537,730,3868,4598
12093910202,"Okeechobee, FL (CT)",130,1303,1433,370,4198,4568
12093910300,"Okeechobee, FL (CT)",180,712,892,398,1697,2095
12093910401,"Okeechobee, FL (CT)",1162,1036,2198,1876,1427,3303
12093910402,"Okeechobee, FL (CT)",170,729,899,478,2115,2593
12093910403,"Okeechobee, FL (CT)",0,2393,2393,0,3423,3423
12093910500,"Okeechobee, FL (CT)",565,2099,2664,506,3715,4221
12093910601,"Okeechobee, FL (CT)",47,2192,2239,87,4714,4801
12093910602,"Okeechobee, FL (CT)",1281,70,1351,1731,72,1803
12093990000,"Okeechobee, FL (CT)",0,0,0,0,0,0
12095010200,"Orange, FL (CT)",0,3346,3346,0,4707,4707
12095010300,"Orange, FL (CT)",0,1901,1901,0,2709,2709
12095010400,"Orange, FL (CT)",0,572,572,0,1262,1262
12095010500,"Orange, FL (CT)",0,682,682,0,1224,1224
12095010802,"Orange, FL (CT)",0,1805,1805,0,3173,3173
12095011000,"Orange, FL (CT)",0,1787,1787,0,3167,3167
12095011100,"Orange, FL (CT)",0,1738,1738,0,3142,3142
12095011200,"Orange, FL (CT)",0,1638,1638,0,3285,3285
12095011300,"Orange, FL (CT)",0,2281,2281,0,4644,4644
12095011600,"Orange, FL (CT)",0,1881,1881,0,4203,4203
12095011701,"Orange, FL (CT)",0,1643,1643,0,4145,4145
12095011702,"Orange, FL (CT)",0,1822,1822,0,4094,4094
12095012000,"Orange, FL (CT)",0,2293,2293,0,5696,5696
12095012100,"Orange, FL (CT)",0,2330,2330,0,5488,5488
12095012201,"Orange, FL (CT)",0,1673,1673,0,4716,4716
12095012202,"Orange, FL (CT)",0,1689,1689,0,4539,4539
12095012303,"Orange, FL (CT)",0,2220,2220,0,6429,6429
12095012304,"Orange, FL (CT)",0,2164,2164,0,6295,6295
12095012305,"Orange, FL (CT)",0,2613,2613,0,6806,6806
12095012306,"Orange, FL (CT)",0,1095,1095,0,3193,3193
12095012307,"Orange, FL (CT)",0,2683,2683,0,6194,6194
12095012401,"Orange, FL (CT)",0,3470,3470,0,8260,8260
12095012402,"Orange, FL (CT)",0,2739,2739,0,4720,4720
12095012403,"Orange, FL (CT)",0,1843,1843,0,4263,4263
12095012500,"Orange, FL (CT)",0,1265,1265,0,2247,2247
12095012600,"Orange, FL (CT)",0,2454,2454,0,4968,4968
12095012701,"Orange, FL (CT)",0,2579,2579,0,4665,4665
12095012800,"Orange, FL (CT)",0,1659,1659,0,3688,3688
12095012900,"Orange, FL (CT)",0,1719,1719,0,3197,3197
12095013201,"Orange, FL (CT)",0,1683,1683,0,4358,4358
12095013202,"Orange, FL (CT)",0,2084,2084,0,5126,5126
12095013300,"Orange, FL (CT)",0,2936,2936,0,6451,6451
12095013402,"Orange, FL (CT)",0,1147,1147,0,2904,2904
12095013403,"Orange, FL (CT)",0,1295,1295,0,3390,3390
12095013405,"Orange, FL (CT)",0,921,921,0,2055,2055
12095013406,"Orange, FL (CT)",0,1513,1513,0,3464,3464
12095013503,"Orange, FL (CT)",0,1090,1090,0,2157,2157
12095013505,"Orange, FL (CT)",0,2099,2099,0,3968,3968
12095013507,"Orange, FL (CT)",0,3099,3099,0,5957,5957
12095013508,"Orange, FL (CT)",0,1305,1305,0,1968,1968
12095013509,"Orange, FL (CT)",0,1006,1006,0,1128,1128
12095013510,"Orange, FL (CT)",0,1151,1151,0,1946,1946
12095013511,"Orange, FL (CT)",0,1921,1921,0,4492,4492
12095013512,"Orange, FL (CT)",0,2410,2410,0,5270,5270
12095013603,"Orange, FL (CT)",0,2512,2512,0,4683,4683
12095013604,"Orange, FL (CT)",0,3047,3047,0,5656,5656
12095013605,"Orange, FL (CT)",0,1609,1609,0,3349,3349
12095013606,"Orange, FL (CT)",0,1320,1320,0,3705,3705
12095013607,"Orange, FL (CT)",0,2095,2095,0,5312,5312
12095013701,"Orange, FL (CT)",0,2272,2272,0,4143,4143
12095013702,"Orange, FL (CT)",0,2276,2276,0,4420,4420
12095013801,"Orange, FL (CT)",0,962,962,0,2180,2180
12095013802,"Orange, FL (CT)",0,1169,1169,0,2665,2665
12095013803,"Orange, FL (CT)",0,1091,1091,0,2543,2543
12095013900,"Orange, FL (CT)",0,2167,2167,0,3921,3921
12095014000,"Orange, FL (CT)",0,2740,2740,0,6165,6165
12095014100,"Orange, FL (CT)",0,2598,2598,0,5709,5709
12095014200,"Orange, FL (CT)",0,3762,3762,0,10041,10041
12095014301,"Orange, FL (CT)",0,2148,2148,0,4314,4314
12095014302,"Orange, FL (CT)",0,1940,1940,0,5091,5091
12095014400,"Orange, FL (CT)",0,1358,1358,0,3102,3102
12095014502,"Orange, FL (CT)",0,2369,2369,0,5065,5065
12095014503,"Orange, FL (CT)",0,2142,2142,0,3841,3841
12095014504,"Orange, FL (CT)",0,2708,2708,0,8042,8042
12095014601,"Orange, FL (CT)",0,2633,2633,0,7597,7597
12095014605,"Orange, FL (CT)",0,1598,1598,0,4305,4305
12095014606,"Orange, FL (CT)",0,3369,3369,0,6604,6604
12095014607,"Orange, FL (CT)",0,3230,3230,0,4618,4618
12095014608,"Orange, FL (CT)",0,1804,1804,0,4445,4445
12095014609,"Orange, FL (CT)",0,2449,2449,0,4688,4688
12095014701,"Orange, FL (CT)",0,1993,1993,0,5058,5058
12095014702,"Orange, FL (CT)",0,2608,2608,0,4870,4870
12095014703,"Orange, FL (CT)",0,1120,1120,0,2055,2055
12095014704,"Orange, FL (CT)",0,6562,6562,0,10808,10808
12095014804,"Orange, FL (CT)",0,2492,2492,0,5645,5645
12095014805,"Orange, FL (CT)",0,2016,2016,0,4985,4985
12095014806,"Orange, FL (CT)",0,1674,1674,0,4582,4582
12095014807,"Orange, FL (CT)",0,2708,2708,0,6347,6347
12095014808,"Orange, FL (CT)",0,3630,3630,0,10349,10349
12095014809,"Orange, FL (CT)",0,1235,1235,0,2925,2925
12095014810,"Orange, FL (CT)",0,2099,2099,0,5865,5865
12095014811,"Orange, FL (CT)",0,2198,2198,0,5504,5504
12095014812,"Orange, FL (CT)",0,2541,2541,0,4803,4803
12095014813,"Orange, FL (CT)",0,1861,1861,0,3466,3466
12095014904,"Orange, FL (CT)",0,1949,1949,0,4510,4510
12095014906,"Orange, FL (CT)",0,2187,2187,0,5638,5638
12095014908,"Orange, FL (CT)",0,2154,2154,0,5979,5979
12095014909,"Orange, FL (CT)",0,981,981,0,2807,2807
12095015001,"Orange, FL (CT)",0,514,514,0,1662,1662
12095015002,"Orange, FL (CT)",0,1726,1726,0,4915,4915
12095015003,"Orange, FL (CT)",0,2110,2110,0,6137,6137
12095015004,"Orange, FL (CT)",0,2759,2759,0,8041,8041
12095015103,"Orange, FL (CT)",0,2673,2673,0,6201,6201
12095015104,"Orange, FL (CT)",0,2094,2094,0,4806,4806
12095015105,"Orange, FL (CT)",0,1332,1332,0,3553,3553
12095015106,"Orange, FL (CT)",0,2445,2445,0,7080,7080
12095015201,"Orange, FL (CT)",0,3840,3840,0,6925,6925
12095015202,"Orange, FL (CT)",0,2418,2418,0,5754,5754
12095015300,"Orange, FL (CT)",0,1867,1867,0,3787,3787
12095015402,"Orange, FL (CT)",0,1260,1260,0,2129,2129
12095015501,"Orange, FL (CT)",0,2822,2822,0,5165,5165
12095015601,"Orange, FL (CT)",0,773,773,0,2019,2019
12095015602,"Orange, FL (CT)",0,844,844,0,2285,2285
12095015701,"Orange, FL (CT)",0,1112,1112,0,1896,1896
12095015702,"Orange, FL (CT)",0,714,714,0,1671,1671
12095015801,"Orange, FL (CT)",0,735,735,0,1694,1694
12095015802,"Orange, FL (CT)",0,1055,1055,0,2549,2549
12095015901,"Orange, FL (CT)",0,1205,1205,0,2056,2056
12095015902,"Orange, FL (CT)",0,1094,1094,0,1610,1610
12095016001,"Orange, FL (CT)",0,748,748,0,2016,2016
12095016002,"Orange, FL (CT)",0,1086,1086,0,2387,2387
12095016100,"Orange, FL (CT)",0,2278,2278,0,4294,4294
12095016200,"Orange, FL (CT)",0,3111,3111,0,6339,6339
12095016301,"Orange, FL (CT)",0,3022,3022,0,5510,5510
12095016302,"Orange, FL (CT)",0,1998,1998,0,3878,3878
12095016402,"Orange, FL (CT)",0,1097,1097,0,2491,2491
12095016406,"Orange, FL (CT)",0,1240,1240,0,1935,1935
12095016407,"Orange, FL (CT)",0,2837,2837,0,5130,5130
12095016408,"Orange, FL (CT)",0,1115,1115,0,2154,2154
12095016409,"Orange, FL (CT)",0,1227,1227,0,3325,3325
12095016410,"Orange, FL (CT)",0,3343,3343,0,7586,7586
12095016411,"Orange, FL (CT)",0,1479,1479,0,3033,3033
12095016412,"Orange, FL (CT)",0,1802,1802,0,4671,4671
12095016503,"Orange, FL (CT)",0,2615,2615,0,6748,6748
12095016504,"Orange, FL (CT)",0,1976,1976,0,5146,5146
12095016505,"Orange, FL (CT)",0,1271,1271,0,2852,2852
12095016507,"Orange, FL (CT)",0,2280,2280,0,12471,12471
12095016508,"Orange, FL (CT)",0,2668,2668,0,8744,8744
12095016509,"Orange, FL (CT)",0,2260,2260,0,4461,4461
12095016510,"Orange, FL (CT)",0,1384,1384,0,4540,4540
12095016511,"Orange, FL (CT)",0,1437,1437,0,4610,4610
12095016601,"Orange, FL (CT)",1809,2105,3914,4656,5762,10418
12095016602,"Orange, FL (CT)",1111,2499,3610,2979,6262,9241
12095016704,"Orange, FL (CT)",1152,4690,5842,2975,11552,14527
12095016709,"Orange, FL (CT)",0,2339,2339,0,6665,6665
12095016710,"Orange, FL (CT)",0,1574,1574,0,4303,4303
12095016712,"Orange, FL (CT)",0,3877,3877,0,8680,8680
12095016713,"Orange, FL (CT)",0,2832,2832,0,7597,7597
12095016714,"Orange, FL (CT)",0,1062,1062,0,2976,2976
12095016715,"Orange, FL (CT)",0,2433,2433,0,6581,6581
12095016716,"Orange, FL (CT)",0,2070,2070,0,5442,5442
12095016717,"Orange, FL (CT)",0,976,976,0,2743,2743
12095016723,"Orange, FL (CT)",0,1713,1713,0,4789,4789
12095016724,"Orange, FL (CT)",0,2200,2200,0,5239,5239
12095016727,"Orange, FL (CT)",0,4797,4797,0,9678,9678
12095016728,"Orange, FL (CT)",0,1877,1877,0,4914,4914
12095016729,"Orange, FL (CT)",0,5666,5666,0,15553,15553
12095016730,"Orange, FL (CT)",152,10134,10286,448,27950,28398
12095016731,"Orange, FL (CT)",39,1395,1434,84,5652,5736
12095016732,"Orange, FL (CT)",354,5080,5434,875,13926,14801
12095016733,"Orange, FL (CT)",0,2315,2315,0,5351,5351
12095016734,"Orange, FL (CT)",251,4168,4419,533,11278,11811
12095016802,"Orange, FL (CT)",789,1780,2569,1588,4553,6141
12095016803,"Orange, FL (CT)",0,990,990,0,2814,2814
12095016804,"Orange, FL (CT)",193,1423,1616,666,4031,4697
12095016806,"Orange, FL (CT)",7,4444,4451,17,12459,12476
12095016807,"Orange, FL (CT)",14,5802,5816,35,16982,17017
12095016902,"Orange, FL (CT)",0,1776,1776,0,5162,5162
12095016903,"Orange, FL (CT)",0,5870,5870,0,14558,14558
12095016904,"Orange, FL (CT)",0,1377,1377,0,4390,4390
12095016906,"Orange, FL (CT)",0,2128,2128,0,4009,4009
12095016907,"Orange, FL (CT)",0,2538,2538,0,6337,6337
12095017001,"Orange, FL (CT)",0,2223,2223,0,2889,2889
12095017004,"Orange, FL (CT)",0,2399,2399,0,4568,4568
12095017006,"Orange, FL (CT)",0,1511,1511,0,3987,3987
12095017008,"Orange, FL (CT)",0,3324,3324,0,8160,8160
12095017011,"Orange, FL (CT)",0,1983,1983,0,5675,5675
12095017012,"Orange, FL (CT)",0,986,986,0,2856,2856
12095017013,"Orange, FL (CT)",0,2583,2583,0,7463,7463
12095017014,"Orange, FL (CT)",0,5232,5232,0,12144,12144
12095017015,"Orange, FL (CT)",0,2863,2863,0,7342,7342
12095017016,"Orange, FL (CT)",0,4473,4473,0,8268,8268
12095017017,"Orange, FL (CT)",0,6067,6067,0,12179,12179
12095017103,"Orange, FL (CT)",90,5535,5625,209,11420,11629
12095017104,"Orange, FL (CT)",116,8092,8208,255,22415,22670
12095017105,"Orange, FL (CT)",688,4066,4754,1662,10624,12286
12095017107,"Orange, FL (CT)",0,6025,6025,0,7794,7794
12095017108,"Orange, FL (CT)",1,2965,2966,4,6393,6397
12095017109,"Orange, FL (CT)",0,2475,2475,0,6015,6015
12095017200,"Orange, FL (CT)",0,1450,1450,0,3352,3352
12095017300,"Orange, FL (CT)",0,4251,4251,0,9890,9890
12095017400,"Orange, FL (CT)",0,3851,3851,0,10826,10826
12095017501,"Orange, FL (CT)",112,3429,3541,287,8627,8914
12095017503,"Orange, FL (CT)",0,2261,2261,0,6150,6150
12095017504,"Orange, FL (CT)",0,2752,2752,0,7347,7347
12095017600,"Orange, FL (CT)",0,1831,1831,0,4885,4885
12095017701,"Orange, FL (CT)",0,1725,1725,0,5186,5186
12095017702,"Orange, FL (CT)",0,867,867,0,2292,2292
12095017703,"Orange, FL (CT)",0,1663,1663,0,4386,4386
12095017802,"Orange, FL (CT)",144,5635,5779,391,13861,14252
12095017804,"Orange, FL (CT)",344,2995,3339,850,8229,9079
12095017805,"Orange, FL (CT)",380,753,1133,954,1962,2916
12095017806,"Orange, FL (CT)",0,1762,1762,0,4709,4709
12095017807,"Orange, FL (CT)",0,1286,1286,0,3634,3634
12095017808,"Orange, FL (CT)",0,1523,1523,0,3603,3603
12095017901,"Orange, FL (CT)",363,985,1348,773,2513,3286
12095017902,"Orange, FL (CT)",1385,1749,3134,3161,3304,6465
12095018000,"Orange, FL (CT)",0,1324,1324,0,2976,2976
12095018100,"Orange, FL (CT)",0,1325,1325,0,3257,3257
12095018200,"Orange, FL (CT)",0,5033,5033,0,10188,10188
12095018300,"Orange, FL (CT)",0,1211,1211,0,2971,2971
12095018400,"Orange, FL (CT)",0,1232,1232,0,2295,2295
12095018500,"Orange, FL (CT)",0,1589,1589,0,3465,3465
12095018700,"Orange, FL (CT)",0,2305,2305,0,5629,5629
12095018800,"Orange, FL (CT)",0,1797,1797,0,2629,2629
12095018900,"Orange, FL (CT)",0,4743,4743,0,7599,7599
12095990000,"Orange, FL (CT)",0,0,0,0,0,0
12097040801,"Osceola, FL (CT)",1225,720,1945,487,260,747
12097040802,"Osceola, FL (CT)",9936,2869,12805,2743,2721,5464
12097040803,"Osceola, FL (CT)",0,6123,6123,0,7876,7876
12097040804,"Osceola, FL (CT)",958,2797,3755,640,3292,3932
12097040901,"Osceola, FL (CT)",65,3228,3293,143,3577,3720
12097040902,"Osceola, FL (CT)",0,3782,3782,0,6084,6084
12097041001,"Osceola, FL (CT)",124,3807,3931,319,8554,8873
12097041002,"Osceola, FL (CT)",93,3568,3661,278,8110,8388
12097041100,"Osceola, FL (CT)",348,5413,5761,1050,15777,16827
12097041300,"Osceola, FL (CT)",143,4442,4585,344,12665,13009
12097041500,"Osceola, FL (CT)",858,4133,4991,1838,10815,12653
12097041600,"Osceola, FL (CT)",0,1616,1616,0,3917,3917
12097041700,"Osceola, FL (CT)",0,2168,2168,0,5023,5023
12097041800,"Osceola, FL (CT)",0,1190,1190,0,3030,3030
12097041900,"Osceola, FL (CT)",0,2557,2557,0,5784,5784
12097042000,"Osceola, FL (CT)",0,3836,3836,0,6691,6691
12097042100,"Osceola, FL (CT)",0,3816,3816,0,8739,8739
12097042200,"Osceola, FL (CT)",0,3920,3920,0,8985,8985
12097042300,"Osceola, FL (CT)",0,2563,2563,0,6751,6751
12097042400,"Osceola, FL (CT)",0,2405,2405,0,6852,6852
12097042500,"Osceola, FL (CT)",0,2380,2380,0,6940,6940
12097042601,"Osceola, FL (CT)",0,1070,1070,0,3074,3074
12097042602,"Osceola, FL (CT)",0,3644,3644,0,10062,10062
12097042701,"Osceola, FL (CT)",0,2660,2660,0,7500,7500
12097042702,"Osceola, FL (CT)",0,2279,2279,0,6056,6056
12097042800,"Osceola, FL (CT)",137,3559,3696,331,9236,9567
12097042900,"Osceola, FL (CT)",0,6456,6456,0,16326,16326
12097043100,"Osceola, FL (CT)",215,1200,1415,549,3018,3567
12097043201,"Osceola, FL (CT)",67,0,67,176,0,176
12097043202,"Osceola, FL (CT)",197,0,197,518,0,518
12097043203,"Osceola, FL (CT)",0,1981,1981,0,4355,4355
12097043204,"Osceola, FL (CT)",13,5109,5122,25,13160,13185
12097043205,"Osceola, FL (CT)",284,450,734,718,1045,1763
12097043206,"Osceola, FL (CT)",132,22,154,340,73,413
12097043301,"Osceola, FL (CT)",345,302,647,813,707,1520
12097043302,"Osceola, FL (CT)",124,4130,4254,288,11109,11397
12097043400,"Osceola, FL (CT)",0,2074,2074,0,4614,4614
12097043500,"Osceola, FL (CT)",0,2475,2475,0,4947,4947
12097043600,"Osceola, FL (CT)",0,2558,2558,0,6463,6463
12097043700,"Osceola, FL (CT)",1093,1278,2371,2819,2884,5703
12097043800,"Osceola, FL (CT)",2881,352,3233,6595,599,7194
12099000101,"Palm Beach, FL (CT)",0,3195,3195,0,6697,6697
12099000102,"Palm Beach, FL (CT)",0,2538,2538,0,3011,3011
12099000202,"Palm Beach, FL (CT)",0,2786,2786,0,6768,6768
12099000204,"Palm Beach, FL (CT)",0,1911,1911,0,3932,3932
12099000205,"Palm Beach, FL (CT)",0,2401,2401,0,5674,5674
12099000206,"Palm Beach, FL (CT)",0,3342,3342,0,7030,7030
12099000208,"Palm Beach, FL (CT)",0,1905,1905,0,3960,3960
12099000209,"Palm Beach, FL (CT)",0,3381,3381,0,6140,6140
12099000210,"Palm Beach, FL (CT)",18,1674,1692,43,4100,4143
12099000211,"Palm Beach, FL (CT)",0,1515,1515,0,4072,4072
12099000213,"Palm Beach, FL (CT)",0,1651,1651,0,2827,2827
12099000214,"Palm Beach, FL (CT)",0,2330,2330,0,6625,6625
12099000215,"Palm Beach, FL (CT)",0,3476,3476,0,7364,7364
12099000301,"Palm Beach, FL (CT)",0,2775,2775,0,3905,3905
12099000303,"Palm Beach, FL (CT)",0,2510,2510,0,4575,4575
12099000304,"Palm Beach, FL (CT)",0,3164,3164,0,5469,5469
12099000405,"Palm Beach, FL (CT)",0,2136,2136,0,2919,2919
12099000406,"Palm Beach, FL (CT)",0,2361,2361,0,2472,2472
12099000407,"Palm Beach, FL (CT)",0,2161,2161,0,2032,2032
12099000408,"Palm Beach, FL (CT)",0,3146,3146,0,3223,3223
12099000410,"Palm Beach, FL (CT)",0,2651,2651,0,3369,3369
12099000505,"Palm Beach, FL (CT)",0,2447,2447,0,2521,2521
12099000507,"Palm Beach, FL (CT)",0,776,776,0,1098,1098
12099000509,"Palm Beach, FL (CT)",0,2922,2922,0,1853,1853
12099000511,"Palm Beach, FL (CT)",0,2656,2656,0,2870,2870
12099000600,"Palm Beach, FL (CT)",0,898,898,0,1466,1466
12099000702,"Palm Beach, FL (CT)",0,1524,1524,0,2702,2702
12099000703,"Palm Beach, FL (CT)",0,1864,1864,0,3903,3903
12099000802,"Palm Beach, FL (CT)",0,1340,1340,0,2621,2621
12099000803,"Palm Beach, FL (CT)",0,2144,2144,0,3089,3089
12099000804,"Palm Beach, FL (CT)",0,1457,1457,0,2775,2775
12099000902,"Palm Beach, FL (CT)",0,1051,1051,0,2571,2571
12099000903,"Palm Beach, FL (CT)",0,2169,2169,0,4972,4972
12099000904,"Palm Beach, FL (CT)",0,2096,2096,0,3706,3706
12099000905,"Palm Beach, FL (CT)",0,2154,2154,0,4101,4101
12099001002,"Palm Beach, FL (CT)",0,2257,2257,0,6611,6611
12099001003,"Palm Beach, FL (CT)",0,1970,1970,0,4679,4679
12099001004,"Palm Beach, FL (CT)",0,2550,2550,0,4715,4715
12099001101,"Palm Beach, FL (CT)",0,2372,2372,0,6039,6039
12099001102,"Palm Beach, FL (CT)",0,2142,2142,0,2443,2443
12099001200,"Palm Beach, FL (CT)",0,2360,2360,0,4497,4497
12099001301,"Palm Beach, FL (CT)",0,2354,2354,0,5003,5003
12099001302,"Palm Beach, FL (CT)",0,1896,1896,0,4379,4379
12099001402,"Palm Beach, FL (CT)",0,942,942,0,2463,2463
12099001403,"Palm Beach, FL (CT)",0,1209,1209,0,2863,2863
12099001404,"Palm Beach, FL (CT)",0,1413,1413,0,3446,3446
12099001500,"Palm Beach, FL (CT)",0,1137,1137,0,2812,2812
12099001600,"Palm Beach, FL (CT)",0,1835,1835,0,3455,3455
12099001700,"Palm Beach, FL (CT)",0,2468,2468,0,4750,4750
12099001801,"Palm Beach, FL (CT)",0,1955,1955,0,4958,4958
12099001802,"Palm Beach, FL (CT)",0,2871,2871,0,3920,3920
12099001904,"Palm Beach, FL (CT)",0,1552,1552,0,2999,2999
12099001907,"Palm Beach, FL (CT)",0,1767,1767,0,2526,2526
12099001908,"Palm Beach, FL (CT)",0,3524,3524,0,6291,6291
12099001909,"Palm Beach, FL (CT)",0,1106,1106,0,2428,2428
12099001910,"Palm Beach, FL (CT)",0,2097,2097,0,1724,1724
12099001911,"Palm Beach, FL (CT)",0,1243,1243,0,1054,1054
12099001912,"Palm Beach, FL (CT)",0,2216,2216,0,1852,1852
12099001913,"Palm Beach, FL (CT)",0,2187,2187,0,1943,1943
12099001914,"Palm Beach, FL (CT)",0,1448,1448,0,2279,2279
12099001915,"Palm Beach, FL (CT)",0,3095,3095,0,6469,6469
12099001916,"Palm Beach, FL (CT)",0,2262,2262,0,3126,3126
12099001917,"Palm Beach, FL (CT)",0,2474,2474,0,3986,3986
12099002005,"Palm Beach, FL (CT)",0,1504,1504,0,3882,3882
12099002006,"Palm Beach, FL (CT)",0,2638,2638,0,3575,3575
12099002100,"Palm Beach, FL (CT)",0,1557,1557,0,3694,3694
12099002200,"Palm Beach, FL (CT)",0,1002,1002,0,1833,1833
12099002300,"Palm Beach, FL (CT)",0,1784,1784,0,2566,2566
12099002400,"Palm Beach, FL (CT)",0,878,878,0,1571,1571
12099002600,"Palm Beach, FL (CT)",0,1052,1052,0,1361,1361
12099002700,"Palm Beach, FL (CT)",0,4087,4087,0,5482,5482
12099002800,"Palm Beach, FL (CT)",0,2055,2055,0,3463,3463
12099002900,"Palm Beach, FL (CT)",0,1476,1476,0,4730,4730
12099003000,"Palm Beach, FL (CT)",0,1774,1774,0,5726,5726
12099003101,"Palm Beach, FL (CT)",0,2413,2413,0,6430,6430
12099003102,"Palm Beach, FL (CT)",0,2404,2404,0,5672,5672
12099003201,"Palm Beach, FL (CT)",0,1620,1620,0,4641,4641
12099003202,"Palm Beach, FL (CT)",0,1797,1797,0,5445,5445
12099003300,"Palm Beach, FL (CT)",0,1591,1591,0,4288,4288
12099003400,"Palm Beach, FL (CT)",0,2348,2348,0,3897,3897
12099003504,"Palm Beach, FL (CT)",0,593,593,0,725,725
12099003507,"Palm Beach, FL (CT)",0,1491,1491,0,2299,2299
12099003509,"Palm Beach, FL (CT)",0,3114,3114,0,2435,2435
12099003511,"Palm Beach, FL (CT)",0,2170,2170,0,1579,1579
12099003600,"Palm Beach, FL (CT)",0,2409,2409,0,5322,5322
12099003700,"Palm Beach, FL (CT)",0,2268,2268,0,5679,5679
12099003800,"Palm Beach, FL (CT)",0,2554,2554,0,8377,8377
12099003901,"Palm Beach, FL (CT)",0,1617,1617,0,4170,4170
12099003902,"Palm Beach, FL (CT)",0,2038,2038,0,5751,5751
12099004005,"Palm Beach, FL (CT)",0,1231,1231,0,3342,3342
12099004007,"Palm Beach, FL (CT)",0,1844,1844,0,5379,5379
12099004008,"Palm Beach, FL (CT)",0,2236,2236,0,5765,5765
12099004009,"Palm Beach, FL (CT)",0,1254,1254,0,3670,3670
12099004010,"Palm Beach, FL (CT)",0,1124,1124,0,2900,2900
12099004011,"Palm Beach, FL (CT)",0,2011,2011,0,5354,5354
12099004012,"Palm Beach, FL (CT)",0,3041,3041,0,3633,3633
12099004013,"Palm Beach, FL (CT)",0,2296,2296,0,3143,3143
12099004101,"Palm Beach, FL (CT)",0,2033,2033,0,5233,5233
12099004102,"Palm Beach, FL (CT)",0,1106,1106,0,3172,3172
12099004201,"Palm Beach, FL (CT)",0,3107,3107,0,7520,7520
12099004202,"Palm Beach, FL (CT)",0,2715,2715,0,4444,4444
12099004203,"Palm Beach, FL (CT)",0,1923,1923,0,3023,3023
12099004300,"Palm Beach, FL (CT)",0,2555,2555,0,6086,6086
12099004401,"Palm Beach, FL (CT)",0,1288,1288,0,3398,3398
12099004402,"Palm Beach, FL (CT)",0,1587,1587,0,4628,4628
12099004500,"Palm Beach, FL (CT)",0,2429,2429,0,5722,5722
12099004601,"Palm Beach, FL (CT)",0,1346,1346,0,3730,3730
12099004602,"Palm Beach, FL (CT)",0,1617,1617,0,4792,4792
12099004702,"Palm Beach, FL (CT)",0,1859,1859,0,5512,5512
12099004704,"Palm Beach, FL (CT)",0,2089,2089,0,6290,6290
12099004705,"Palm Beach, FL (CT)",0,2343,2343,0,5300,5300
12099004706,"Palm Beach, FL (CT)",0,1287,1287,0,2323,2323
12099004809,"Palm Beach, FL (CT)",0,1561,1561,0,1665,1665
12099004810,"Palm Beach, FL (CT)",0,2590,2590,0,4337,4337
12099004811,"Palm Beach, FL (CT)",0,1578,1578,0,3538,3538
12099004812,"Palm Beach, FL (CT)",0,1910,1910,0,7091,7091
12099004813,"Palm Beach, FL (CT)",0,1736,1736,0,5399,5399
12099004815,"Palm Beach, FL (CT)",0,2983,2983,0,6818,6818
12099004816,"Palm Beach, FL (CT)",0,2008,2008,0,3013,3013
12099004817,"Palm Beach, FL (CT)",0,2884,2884,0,3776,3776
12099004818,"Palm Beach, FL (CT)",0,2211,2211,0,2520,2520
12099004819,"Palm Beach, FL (CT)",0,1606,1606,0,3960,3960
12099004902,"Palm Beach, FL (CT)",0,1241,1241,0,1985,1985
12099004903,"Palm Beach, FL (CT)",0,1453,1453,0,4671,4671
12099004904,"Palm Beach, FL (CT)",0,1945,1945,0,5725,5725
12099005000,"Palm Beach, FL (CT)",0,2763,2763,0,4894,4894
12099005101,"Palm Beach, FL (CT)",0,966,966,0,2769,2769
12099005102,"Palm Beach, FL (CT)",0,1804,1804,0,5559,5559
12099005202,"Palm Beach, FL (CT)",0,2031,2031,0,4137,4137
12099005203,"Palm Beach, FL (CT)",0,1435,1435,0,2213,2213
12099005204,"Palm Beach, FL (CT)",0,1848,1848,0,3389,3389
12099005300,"Palm Beach, FL (CT)",0,3053,3053,0,4601,4601
12099005405,"Palm Beach, FL (CT)",0,1155,1155,0,990,990
12099005407,"Palm Beach, FL (CT)",0,2471,2471,0,1803,1803
12099005409,"Palm Beach, FL (CT)",0,632,632,0,946,946
12099005411,"Palm Beach, FL (CT)",0,3233,3233,0,3431,3431
12099005501,"Palm Beach, FL (CT)",0,2160,2160,0,3394,3394
12099005502,"Palm Beach, FL (CT)",0,2306,2306,0,6126,6126
12099005601,"Palm Beach, FL (CT)",0,1724,1724,0,4532,4532
12099005602,"Palm Beach, FL (CT)",0,1822,1822,0,2437,2437
12099005701,"Palm Beach, FL (CT)",0,2345,2345,0,4182,4182
12099005702,"Palm Beach, FL (CT)",0,2644,2644,0,6185,6185
12099005807,"Palm Beach, FL (CT)",0,2322,2322,0,4789,4789
12099005808,"Palm Beach, FL (CT)",0,3029,3029,0,4890,4890
12099005810,"Palm Beach, FL (CT)",0,1763,1763,0,1767,1767
12099005811,"Palm Beach, FL (CT)",0,1571,1571,0,3423,3423
12099005812,"Palm Beach, FL (CT)",0,1797,1797,0,4046,4046
12099005813,"Palm Beach, FL (CT)",0,2750,2750,0,5445,5445
12099005814,"Palm Beach, FL (CT)",0,1344,1344,0,3901,3901
12099005815,"Palm Beach, FL (CT)",0,1822,1822,0,4275,4275
12099005816,"Palm Beach, FL (CT)",0,2417,2417,0,5681,5681
12099005817,"Palm Beach, FL (CT)",0,2188,2188,0,5492,5492
12099005903,"Palm Beach, FL (CT)",0,2643,2643,0,8018,8018
12099005915,"Palm Beach, FL (CT)",0,3062,3062,0,4962,4962
12099005916,"Palm Beach, FL (CT)",0,2413,2413,0,7080,7080
12099005917,"Palm Beach, FL (CT)",0,1636,1636,0,4541,4541
12099005918,"Palm Beach, FL (CT)",0,1134,1134,0,2730,2730
12099005921,"Palm Beach, FL (CT)",0,3062,3062,0,7569,7569
12099005922,"Palm Beach, FL (CT)",0,2945,2945,0,5421,5421
12099005923,"Palm Beach, FL (CT)",0,2067,2067,0,3401,3401
12099005926,"Palm Beach, FL (CT)",0,2968,2968,0,4495,4495
12099005930,"Palm Beach, FL (CT)",0,2590,2590,0,3480,3480
12099005931,"Palm Beach, FL (CT)",0,2388,2388,0,3028,3028
12099005933,"Palm Beach, FL (CT)",0,2818,2818,0,2934,2934
12099005934,"Palm Beach, FL (CT)",0,1666,1666,0,2255,2255
12099005935,"Palm Beach, FL (CT)",0,1473,1473,0,1992,1992
12099005936,"Palm Beach, FL (CT)",0,2374,2374,0,2855,2855
12099005937,"Palm Beach, FL (CT)",0,905,905,0,1786,1786
12099005938,"Palm Beach, FL (CT)",0,2670,2670,0,4000,4000
12099005939,"Palm Beach, FL (CT)",0,1299,1299,0,1162,1162
12099005940,"Palm Beach, FL (CT)",0,2038,2038,0,1634,1634
12099005942,"Palm Beach, FL (CT)",0,1304,1304,0,2327,2327
12099005943,"Palm Beach, FL (CT)",0,2234,2234,0,2043,2043
12099005944,"Palm Beach, FL (CT)",0,2166,2166,0,1973,1973
12099005945,"Palm Beach, FL (CT)",0,2781,2781,0,4668,4668
12099005946,"Palm Beach, FL (CT)",0,2723,2723,0,7806,7806
12099005947,"Palm Beach, FL (CT)",0,2641,2641,0,4406,4406
12099005949,"Palm Beach, FL (CT)",0,1764,1764,0,3340,3340
12099005950,"Palm Beach, FL (CT)",0,1789,1789,0,3659,3659
12099005951,"Palm Beach, FL (CT)",0,2326,2326,0,4502,4502
12099005952,"Palm Beach, FL (CT)",0,967,967,0,1377,1377
12099005953,"Palm Beach, FL (CT)",0,2494,2494,0,4441,4441
12099005954,"Palm Beach, FL (CT)",0,2447,2447,0,3640,3640
12099005955,"Palm Beach, FL (CT)",0,2666,2666,0,4406,4406
12099005956,"Palm Beach, FL (CT)",0,667,667,0,850,850
12099006005,"Palm Beach, FL (CT)",0,2012,2012,0,3673,3673
12099006006,"Palm Beach, FL (CT)",0,1837,1837,0,2532,2532
12099006007,"Palm Beach, FL (CT)",0,1772,1772,0,3860,3860
12099006008,"Palm Beach, FL (CT)",0,1845,1845,0,2683,2683
12099006009,"Palm Beach, FL (CT)",0,1718,1718,0,1938,1938
12099006010,"Palm Beach, FL (CT)",0,1729,1729,0,3723,3723
12099006011,"Palm Beach, FL (CT)",0,1695,1695,0,2933,2933
12099006012,"Palm Beach, FL (CT)",0,1737,1737,0,4039,4039
12099006100,"Palm Beach, FL (CT)",0,1792,1792,0,3726,3726
12099006201,"Palm Beach, FL (CT)",0,1701,1701,0,4619,4619
12099006202,"Palm Beach, FL (CT)",0,2087,2087,0,2110,2110
12099006203,"Palm Beach, FL (CT)",0,1714,1714,0,2161,2161
12099006300,"Palm Beach, FL (CT)",0,3289,3289,0,5363,5363
12099006401,"Palm Beach, FL (CT)",0,1321,1321,0,1877,1877
12099006402,"Palm Beach, FL (CT)",0,2736,2736,0,3592,3592
12099006501,"Palm Beach, FL (CT)",0,770,770,0,1717,1717
12099006502,"Palm Beach, FL (CT)",0,1646,1646,0,3285,3285
12099006602,"Palm Beach, FL (CT)",0,1535,1535,0,3511,3511
12099006603,"Palm Beach, FL (CT)",0,3168,3168,0,4506,4506
12099006604,"Palm Beach, FL (CT)",0,1778,1778,0,4646,4646
12099006605,"Palm Beach, FL (CT)",0,2180,2180,0,4605,4605
12099006700,"Palm Beach, FL (CT)",0,934,934,0,2379,2379
12099006801,"Palm Beach, FL (CT)",0,1835,1835,0,4808,4808
12099006802,"Palm Beach, FL (CT)",0,970,970,0,3069,3069
12099006906,"Palm Beach, FL (CT)",0,3019,3019,0,4345,4345
12099006907,"Palm Beach, FL (CT)",0,1777,1777,0,3112,3112
12099006908,"Palm Beach, FL (CT)",0,2834,2834,0,4931,4931
12099006909,"Palm Beach, FL (CT)",0,1777,1777,0,2632,2632
12099006910,"Palm Beach, FL (CT)",0,1557,1557,0,1935,1935
12099006911,"Palm Beach, FL (CT)",0,1918,1918,0,3357,3357
12099006912,"Palm Beach, FL (CT)",0,2047,2047,0,3613,3613
12099007002,"Palm Beach, FL (CT)",0,2035,2035,0,3659,3659
12099007005,"Palm Beach, FL (CT)",0,2261,2261,0,3693,3693
12099007006,"Palm Beach, FL (CT)",0,2442,2442,0,3878,3878
12099007007,"Palm Beach, FL (CT)",0,1746,1746,0,3794,3794
12099007008,"Palm Beach, FL (CT)",0,1395,1395,0,4470,4470
12099007009,"Palm Beach, FL (CT)",0,1290,1290,0,3298,3298
12099007010,"Palm Beach, FL (CT)",0,1696,1696,0,1772,1772
12099007011,"Palm Beach, FL (CT)",0,2032,2032,0,2859,2859
12099007100,"Palm Beach, FL (CT)",0,1,1,0,2224,2224
12099007201,"Palm Beach, FL (CT)",0,3277,3277,0,5183,5183
12099007202,"Palm Beach, FL (CT)",0,1883,1883,0,3801,3801
12099007203,"Palm Beach, FL (CT)",0,2703,2703,0,5012,5012
12099007301,"Palm Beach, FL (CT)",0,2161,2161,0,4040,4040
12099007302,"Palm Beach, FL (CT)",0,2385,2385,0,4912,4912
12099007407,"Palm Beach, FL (CT)",0,1463,1463,0,1683,1683
12099007410,"Palm Beach, FL (CT)",0,1768,1768,0,1798,1798
12099007412,"Palm Beach, FL (CT)",0,1299,1299,0,1330,1330
12099007414,"Palm Beach, FL (CT)",0,2101,2101,0,1856,1856
12099007416,"Palm Beach, FL (CT)",0,2531,2531,0,2838,2838
12099007418,"Palm Beach, FL (CT)",0,1078,1078,0,1010,1010
12099007420,"Palm Beach, FL (CT)",0,2924,2924,0,3108,3108
12099007501,"Palm Beach, FL (CT)",0,1876,1876,0,3314,3314
12099007504,"Palm Beach, FL (CT)",0,2036,2036,0,2924,2924
12099007505,"Palm Beach, FL (CT)",0,1918,1918,0,2288,2288
12099007602,"Palm Beach, FL (CT)",0,2040,2040,0,4276,4276
12099007603,"Palm Beach, FL (CT)",0,897,897,0,2228,2228
12099007604,"Palm Beach, FL (CT)",0,2590,2590,0,6318,6318
12099007605,"Palm Beach, FL (CT)",0,1610,1610,0,4171,4171
12099007607,"Palm Beach, FL (CT)",0,3088,3088,0,5222,5222
12099007610,"Palm Beach, FL (CT)",0,1913,1913,0,4516,4516
12099007612,"Palm Beach, FL (CT)",0,2586,2586,0,5108,5108
12099007613,"Palm Beach, FL (CT)",0,2363,2363,0,3778,3778
12099007614,"Palm Beach, FL (CT)",0,2689,2689,0,4339,4339
12099007615,"Palm Beach, FL (CT)",0,2374,2374,0,3987,3987
12099007616,"Palm Beach, FL (CT)",0,1858,1858,0,2955,2955
12099007617,"Palm Beach, FL (CT)",0,1223,1223,0,1823,1823
12099007618,"Palm Beach, FL (CT)",0,2259,2259,0,4788,4788
12099007705,"Palm Beach, FL (CT)",0,1766,1766,0,4482,4482
12099007710,"Palm Beach, FL (CT)",0,1765,1765,0,4663,4663
12099007713,"Palm Beach, FL (CT)",584,3351,3935,1465,9831,11296
12099007716,"Palm Beach, FL (CT)",0,1765,1765,0,4856,4856
12099007721,"Palm Beach, FL (CT)",168,1658,1826,364,4580,4944
12099007723,"Palm Beach, FL (CT)",0,934,934,0,2671,2671
12099007724,"Palm Beach, FL (CT)",0,2177,2177,0,5576,5576
12099007725,"Palm Beach, FL (CT)",0,2125,2125,0,5705,5705
12099007730,"Palm Beach, FL (CT)",0,2393,2393,0,6493,6493
12099007731,"Palm Beach, FL (CT)",0,1849,1849,0,4507,4507
12099007732,"Palm Beach, FL (CT)",0,2096,2096,0,5551,5551
12099007733,"Palm Beach, FL (CT)",0,1116,1116,0,2972,2972
12099007734,"Palm Beach, FL (CT)",0,799,799,0,2317,2317
12099007735,"Palm Beach, FL (CT)",0,1811,1811,0,5689,5689
12099007736,"Palm Beach, FL (CT)",0,1267,1267,0,3456,3456
12099007738,"Palm Beach, FL (CT)",0,1664,1664,0,4023,4023
12099007739,"Palm Beach, FL (CT)",0,1645,1645,0,2898,2898
12099007740,"Palm Beach, FL (CT)",0,2393,2393,0,5305,5305
12099007741,"Palm Beach, FL (CT)",0,2745,2745,0,4222,4222
12099007742,"Palm Beach, FL (CT)",0,2656,2656,0,4626,4626
12099007743,"Palm Beach, FL (CT)",0,2108,2108,0,4978,4978
12099007744,"Palm Beach, FL (CT)",0,2214,2214,0,2546,2546
12099007746,"Palm Beach, FL (CT)",0,1262,1262,0,1052,1052
12099007747,"Palm Beach, FL (CT)",0,3024,3024,0,2792,2792
12099007748,"Palm Beach, FL (CT)",0,1614,1614,0,4842,4842
12099007749,"Palm Beach, FL (CT)",246,2448,2694,229,5338,5567
12099007750,"Palm Beach, FL (CT)",0,1653,1653,0,3897,3897
12099007751,"Palm Beach, FL (CT)",0,1789,1789,0,3379,3379
12099007752,"Palm Beach, FL (CT)",0,2149,2149,0,5488,5488
12099007753,"Palm Beach, FL (CT)",411,2657,3068,935,7164,8099
12099007754,"Palm Beach, FL (CT)",0,2428,2428,0,4779,4779
12099007756,"Palm Beach, FL (CT)",0,2451,2451,0,5049,5049
12099007757,"Palm Beach, FL (CT)",0,1786,1786,0,4006,4006
12099007758,"Palm Beach, FL (CT)",0,2279,2279,0,5371,5371
12099007759,"Palm Beach, FL (CT)",394,709,1103,881,1010,1891
12099007760,"Palm Beach, FL (CT)",0,1038,1038,0,2965,2965
12099007762,"Palm Beach, FL (CT)",0,836,836,0,1882,1882
12099007763,"Palm Beach, FL (CT)",0,2425,2425,0,6625,6625
12099007764,"Palm Beach, FL (CT)",0,722,722,0,1803,1803
12099007765,"Palm Beach, FL (CT)",0,2909,2909,0,7869,7869
12099007766,"Palm Beach, FL (CT)",0,1886,1886,0,3577,3577
12099007767,"Palm Beach, FL (CT)",0,1469,1469,0,3037,3037
12099007805,"Palm Beach, FL (CT)",147,1961,2108,200,5414,5614
12099007808,"Palm Beach, FL (CT)",453,1548,2001,1116,4525,5641
12099007809,"Palm Beach, FL (CT)",675,744,1419,1749,2112,3861
12099007812,"Palm Beach, FL (CT)",0,2540,2540,0,5449,5449
12099007813,"Palm Beach, FL (CT)",0,2215,2215,0,6319,6319
12099007814,"Palm Beach, FL (CT)",0,1325,1325,0,2090,2090
12099007817,"Palm Beach, FL (CT)",0,3088,3088,0,8158,8158
12099007818,"Palm Beach, FL (CT)",0,657,657,0,2334,2334
12099007820,"Palm Beach, FL (CT)",0,917,917,0,2586,2586
12099007821,"Palm Beach, FL (CT)",0,913,913,0,2615,2615
12099007822,"Palm Beach, FL (CT)",89,2242,2331,209,6154,6363
12099007823,"Palm Beach, FL (CT)",339,1225,1564,888,3316,4204
12099007828,"Palm Beach, FL (CT)",348,243,591,834,528,1362
12099007830,"Palm Beach, FL (CT)",0,2710,2710,0,3584,3584
12099007831,"Palm Beach, FL (CT)",322,1952,2274,596,3213,3809
12099007832,"Palm Beach, FL (CT)",0,1977,1977,0,2729,2729
12099007833,"Palm Beach, FL (CT)",0,2384,2384,0,4487,4487
12099007834,"Palm Beach, FL (CT)",0,1083,1083,0,1505,1505
12099007835,"Palm Beach, FL (CT)",0,2095,2095,0,3767,3767
12099007836,"Palm Beach, FL (CT)",7,3751,3758,24,7577,7601
12099007837,"Palm Beach, FL (CT)",2,2914,2916,2,5591,5593
12099007838,"Palm Beach, FL (CT)",0,2784,2784,0,7199,7199
12099007839,"Palm Beach, FL (CT)",354,1937,2291,882,5565,6447
12099007908,"Palm Beach, FL (CT)",10,2842,2852,21,8425,8446
12099007909,"Palm Beach, FL (CT)",144,2208,2352,261,3700,3961
12099007910,"Palm Beach, FL (CT)",9,2778,2787,20,7963,7983
12099007912,"Palm Beach, FL (CT)",367,2792,3159,866,8362,9228
12099008001,"Palm Beach, FL (CT)",137,1079,1216,392,3021,3413
12099008002,"Palm Beach, FL (CT)",134,1580,1714,369,4158,4527
12099008101,"Palm Beach, FL (CT)",238,1698,1936,665,5483,6148
12099008102,"Palm Beach, FL (CT)",0,0,0,0,672,672
12099008201,"Palm Beach, FL (CT)",0,1586,1586,0,3984,3984
12099008202,"Palm Beach, FL (CT)",0,1122,1122,0,2725,2725
12099008203,"Palm Beach, FL (CT)",144,1722,1866,304,5241,5545
12099008301,"Palm Beach, FL (CT)",225,422,647,273,1497,1770
12099008302,"Palm Beach, FL (CT)",74,1179,1253,157,5268,5425
12099980000,"Palm Beach, FL (CT)",0,0,0,0,0,0
12099980100,"Palm Beach, FL (CT)",1,0,1,5,0,5
12099980200,"Palm Beach, FL (CT)",4,0,4,13,0,13
12099980400,"Palm Beach, FL (CT)",0,0,0,0,0,0
12099980500,"Palm Beach, FL (CT)",0,0,0,0,0,0
12099990000,"Palm Beach, FL (CT)",0,0,0,0,0,0
12099990100,"Palm Beach, FL (CT)",0,0,0,0,0,0
12101030101,"Pasco, FL (CT)",423,884,1307,795,1592,2387
12101030102,"Pasco, FL (CT)",0,1693,1693,0,2529,2529
12101030202,"Pasco, FL (CT)",0,2452,2452,0,3132,3132
12101030203,"Pasco, FL (CT)",0,1368,1368,0,1487,1487
12101030204,"Pasco, FL (CT)",693,121,814,1112,145,1257
12101030205,"Pasco, FL (CT)",0,1389,1389,0,2189,2189
12101030301,"Pasco, FL (CT)",0,1551,1551,0,2308,2308
12101030302,"Pasco, FL (CT)",0,2115,2115,0,2500,2500
12101030303,"Pasco, FL (CT)",0,1996,1996,0,3052,3052
12101030404,"Pasco, FL (CT)",61,1252,1313,110,2745,2855
12101030405,"Pasco, FL (CT)",0,1200,1200,0,2066,2066
12101030406,"Pasco, FL (CT)",0,1556,1556,0,2457,2457
12101030407,"Pasco, FL (CT)",0,1374,1374,0,2701,2701
12101030408,"Pasco, FL (CT)",0,1488,1488,0,2734,2734
12101030409,"Pasco, FL (CT)",0,1416,1416,0,2657,2657
12101030410,"Pasco, FL (CT)",0,1764,1764,0,2149,2149
12101030411,"Pasco, FL (CT)",0,1506,1506,0,2936,2936
12101030412,"Pasco, FL (CT)",0,1538,1538,0,2882,2882
12101030501,"Pasco, FL (CT)",0,1102,1102,0,1923,1923
12101030502,"Pasco, FL (CT)",0,2327,2327,0,4490,4490
12101030601,"Pasco, FL (CT)",0,1315,1315,0,2458,2458
12101030602,"Pasco, FL (CT)",0,1336,1336,0,2617,2617
12101030700,"Pasco, FL (CT)",0,1882,1882,0,3993,3993
12101030800,"Pasco, FL (CT)",0,1767,1767,0,3068,3068
12101030901,"Pasco, FL (CT)",0,1974,1974,0,3793,3793
12101030903,"Pasco, FL (CT)",0,1377,1377,0,2575,2575
12101030904,"Pasco, FL (CT)",0,1555,1555,0,2597,2597
12101030905,"Pasco, FL (CT)",0,1629,1629,0,3331,3331
12101031003,"Pasco, FL (CT)",0,2699,2699,0,5481,5481
12101031005,"Pasco, FL (CT)",0,1895,1895,0,3608,3608
12101031006,"Pasco, FL (CT)",0,844,844,0,1760,1760
12101031007,"Pasco, FL (CT)",0,2453,2453,0,4915,4915
12101031008,"Pasco, FL (CT)",0,1264,1264,0,2707,2707
12101031009,"Pasco, FL (CT)",0,1408,1408,0,2676,2676
12101031010,"Pasco, FL (CT)",0,2005,2005,0,3846,3846
12101031011,"Pasco, FL (CT)",0,1276,1276,0,2461,2461
12101031012,"Pasco, FL (CT)",0,2577,2577,0,4581,4581
12101031013,"Pasco, FL (CT)",0,1421,1421,0,2885,2885
12101031014,"Pasco, FL (CT)",0,1512,1512,0,3216,3216
12101031101,"Pasco, FL (CT)",0,2213,2213,0,4039,4039
12101031102,"Pasco, FL (CT)",0,3273,3273,0,5111,5111
12101031203,"Pasco, FL (CT)",0,1728,1728,0,2517,2517
12101031204,"Pasco, FL (CT)",0,1351,1351,0,2728,2728
12101031205,"Pasco, FL (CT)",0,1881,1881,0,3946,3946
12101031206,"Pasco, FL (CT)",117,1210,1327,295,2975,3270
12101031207,"Pasco, FL (CT)",421,730,1151,973,1538,2511
12101031208,"Pasco, FL (CT)",128,1536,1664,254,2912,3166
12101031301,"Pasco, FL (CT)",0,2041,2041,0,3373,3373
12101031302,"Pasco, FL (CT)",0,2125,2125,0,5129,5129
12101031401,"Pasco, FL (CT)",0,2043,2043,0,3826,3826
12101031404,"Pasco, FL (CT)",0,1930,1930,0,4125,4125
12101031405,"Pasco, FL (CT)",0,822,822,0,1797,1797
12101031406,"Pasco, FL (CT)",0,1823,1823,0,2851,2851
12101031407,"Pasco, FL (CT)",0,1658,1658,0,2842,2842
12101031408,"Pasco, FL (CT)",0,1528,1528,0,2294,2294
12101031409,"Pasco, FL (CT)",0,2768,2768,0,4295,4295
12101031503,"Pasco, FL (CT)",0,1416,1416,0,3030,3030
12101031504,"Pasco, FL (CT)",0,731,731,0,1978,1978
12101031505,"Pasco, FL (CT)",0,2701,2701,0,5716,5716
12101031506,"Pasco, FL (CT)",0,1834,1834,0,4053,4053
12101031507,"Pasco, FL (CT)",0,2487,2487,0,6299,6299
12101031508,"Pasco, FL (CT)",0,1462,1462,0,4037,4037
12101031601,"Pasco, FL (CT)",461,1472,1933,823,3115,3938
12101031602,"Pasco, FL (CT)",1,2526,2527,2,6229,6231
12101031603,"Pasco, FL (CT)",0,2278,2278,0,6449,6449
12101031604,"Pasco, FL (CT)",0,2064,2064,0,5167,5167
12101031605,"Pasco, FL (CT)",0,1697,1697,0,3078,3078
12101031701,"Pasco, FL (CT)",1080,10,1090,2282,17,2299
12101031703,"Pasco, FL (CT)",264,2006,2270,466,4485,4951
12101031704,"Pasco, FL (CT)",213,2225,2438,486,5046,5532
12101031705,"Pasco, FL (CT)",0,1892,1892,0,4316,4316
12101031706,"Pasco, FL (CT)",0,1834,1834,0,3276,3276
12101031707,"Pasco, FL (CT)",86,1635,1721,247,3383,3630
12101031708,"Pasco, FL (CT)",0,2744,2744,0,5121,5121
12101031804,"Pasco, FL (CT)",295,2128,2423,602,3554,4156
12101031805,"Pasco, FL (CT)",222,1562,1784,426,3567,3993
12101031806,"Pasco, FL (CT)",645,1363,2008,1594,3282,4876
12101031807,"Pasco, FL (CT)",339,1222,1561,704,2365,3069
12101031808,"Pasco, FL (CT)",565,442,1007,1337,1107,2444
12101031809,"Pasco, FL (CT)",1114,119,1233,2472,318,2790
12101031901,"Pasco, FL (CT)",1016,8,1024,2485,17,2502
12101031902,"Pasco, FL (CT)",275,2203,2478,1965,4528,6493
12101031903,"Pasco, FL (CT)",229,1606,1835,539,4230,4769
12101032001,"Pasco, FL (CT)",154,1693,1847,419,4531,4950
12101032005,"Pasco, FL (CT)",424,1374,1798,1194,2233,3427
12101032006,"Pasco, FL (CT)",172,2639,2811,426,6696,7122
12101032007,"Pasco, FL (CT)",0,1121,1121,0,2727,2727
12101032008,"Pasco, FL (CT)",0,1741,1741,0,4740,4740
12101032009,"Pasco, FL (CT)",0,2649,2649,0,6777,6777
12101032010,"Pasco, FL (CT)",0,1142,1142,0,2997,2997
12101032011,"Pasco, FL (CT)",0,1847,1847,0,5127,5127
12101032012,"Pasco, FL (CT)",0,1352,1352,0,3269,3269
12101032013,"Pasco, FL (CT)",0,2328,2328,0,5146,5146
12101032014,"Pasco, FL (CT)",0,2164,2164,0,5826,5826
12101032103,"Pasco, FL (CT)",624,1333,1957,1568,3805,5373
12101032104,"Pasco, FL (CT)",0,1752,1752,0,4722,4722
12101032105,"Pasco, FL (CT)",897,637,1534,2185,1855,4040
12101032106,"Pasco, FL (CT)",0,2346,2346,0,5846,5846
12101032107,"Pasco, FL (CT)",2,2185,2187,3,4734,4737
12101032108,"Pasco, FL (CT)",807,1041,1848,1722,2309,4031
12101032109,"Pasco, FL (CT)",0,1364,1364,0,3691,3691
12101032110,"Pasco, FL (CT)",0,1134,1134,0,2848,2848
12101032111,"Pasco, FL (CT)",0,1197,1197,0,3073,3073
12101032112,"Pasco, FL (CT)",0,1356,1356,0,3600,3600
12101032113,"Pasco, FL (CT)",0,1596,1596,0,3749,3749
12101032200,"Pasco, FL (CT)",922,871,1793,1971,2970,4941
12101032300,"Pasco, FL (CT)",903,0,903,2211,0,2211
12101032401,"Pasco, FL (CT)",1002,233,1235,2373,502,2875
12101032402,"Pasco, FL (CT)",507,797,1304,1178,2231,3409
12101032500,"Pasco, FL (CT)",172,1851,2023,416,4873,5289
12101032601,"Pasco, FL (CT)",0,1526,1526,0,3466,3466
12101032602,"Pasco, FL (CT)",0,1440,1440,0,3313,3313
12101032700,"Pasco, FL (CT)",662,957,1619,1369,1399,2768
12101032801,"Pasco, FL (CT)",539,352,891,1297,629,1926
12101032802,"Pasco, FL (CT)",634,765,1399,1352,1715,3067
12101032803,"Pasco, FL (CT)",0,1119,1119,0,2020,2020
12101032804,"Pasco, FL (CT)",0,1373,1373,0,2055,2055
12101032901,"Pasco, FL (CT)",248,2007,2255,687,3839,4526
12101032902,"Pasco, FL (CT)",0,1230,1230,0,1893,1893
12101032903,"Pasco, FL (CT)",0,2179,2179,0,3246,3246
12101032904,"Pasco, FL (CT)",296,963,1259,646,1914,2560
12101033005,"Pasco, FL (CT)",0,2515,2515,0,4462,4462
12101033006,"Pasco, FL (CT)",0,1291,1291,0,1943,1943
12101033007,"Pasco, FL (CT)",0,1619,1619,0,1988,1988
12101033008,"Pasco, FL (CT)",0,1684,1684,0,2501,2501
12101033009,"Pasco, FL (CT)",0,1693,1693,0,3019,3019
12101033010,"Pasco, FL (CT)",0,2363,2363,0,3804,3804
12101033011,"Pasco, FL (CT)",0,1435,1435,0,1908,1908
12101033012,"Pasco, FL (CT)",0,1555,1555,0,2224,2224
12101033013,"Pasco, FL (CT)",0,1556,1556,0,3044,3044
12101033014,"Pasco, FL (CT)",538,2029,2567,1107,2163,3270
12101033101,"Pasco, FL (CT)",804,1022,1826,1123,1314,2437
12101033102,"Pasco, FL (CT)",470,479,949,774,668,1442
12101990000,"Pasco, FL (CT)",0,0,0,0,0,0
12103020101,"Pinellas, FL (CT)",0,2619,2619,0,5253,5253
12103020105,"Pinellas, FL (CT)",0,2171,2171,0,4797,4797
12103020106,"Pinellas, FL (CT)",37,2216,2253,96,3628,3724
12103020107,"Pinellas, FL (CT)",0,1396,1396,0,1651,1651
12103020108,"Pinellas, FL (CT)",0,2997,2997,0,2032,2032
12103020201,"Pinellas, FL (CT)",0,1929,1929,0,4711,4711
12103020202,"Pinellas, FL (CT)",0,1478,1478,0,3097,3097
12103020206,"Pinellas, FL (CT)",0,2174,2174,0,3969,3969
12103020207,"Pinellas, FL (CT)",0,1596,1596,0,2600,2600
12103020208,"Pinellas, FL (CT)",0,1287,1287,0,2300,2300
12103020209,"Pinellas, FL (CT)",0,1993,1993,0,4715,4715
12103020301,"Pinellas, FL (CT)",0,1817,1817,0,3737,3737
12103020302,"Pinellas, FL (CT)",0,2151,2151,0,3604,3604
12103020400,"Pinellas, FL (CT)",0,1303,1303,0,2395,2395
12103020500,"Pinellas, FL (CT)",0,1873,1873,0,3720,3720
12103020600,"Pinellas, FL (CT)",0,1698,1698,0,3916,3916
12103020700,"Pinellas, FL (CT)",0,1530,1530,0,3550,3550
12103020800,"Pinellas, FL (CT)",0,1944,1944,0,4651,4651
12103021200,"Pinellas, FL (CT)",0,1624,1624,0,3375,3375
12103021500,"Pinellas, FL (CT)",0,2715,2715,0,3333,3333
12103021600,"Pinellas, FL (CT)",0,1500,1500,0,2052,2052
12103021800,"Pinellas, FL (CT)",0,1532,1532,0,2724,2724
12103021900,"Pinellas, FL (CT)",0,1457,1457,0,2693,2693
12103022000,"Pinellas, FL (CT)",0,1366,1366,0,3328,3328
12103022100,"Pinellas, FL (CT)",0,2408,2408,0,4802,4802
12103022200,"Pinellas, FL (CT)",0,1976,1976,0,3843,3843
12103022301,"Pinellas, FL (CT)",0,1372,1372,0,2800,2800
12103022302,"Pinellas, FL (CT)",0,1809,1809,0,3628,3628
12103022401,"Pinellas, FL (CT)",0,1758,1758,0,3708,3708
12103022402,"Pinellas, FL (CT)",0,2323,2323,0,5019,5019
12103022501,"Pinellas, FL (CT)",0,2716,2716,0,5358,5358
12103022502,"Pinellas, FL (CT)",0,1633,1633,0,3591,3591
12103022503,"Pinellas, FL (CT)",0,2325,2325,0,5165,5165
12103022601,"Pinellas, FL (CT)",0,1680,1680,0,3248,3248
12103022602,"Pinellas, FL (CT)",0,1909,1909,0,4556,4556
12103022700,"Pinellas, FL (CT)",0,1968,1968,0,4032,4032
12103022801,"Pinellas, FL (CT)",0,2076,2076,0,4381,4381
12103022802,"Pinellas, FL (CT)",0,1331,1331,0,3020,3020
12103022901,"Pinellas, FL (CT)",0,1333,1333,0,2529,2529
12103022902,"Pinellas, FL (CT)",0,1196,1196,0,2427,2427
12103023000,"Pinellas, FL (CT)",0,1094,1094,0,2590,2590
12103023100,"Pinellas, FL (CT)",0,1298,1298,0,2599,2599
12103023200,"Pinellas, FL (CT)",0,1550,1550,0,2996,2996
12103023300,"Pinellas, FL (CT)",0,1223,1223,0,2354,2354
12103023400,"Pinellas, FL (CT)",0,1020,1020,0,1883,1883
12103023500,"Pinellas, FL (CT)",0,2268,2268,0,3338,3338
12103023600,"Pinellas, FL (CT)",0,2714,2714,0,3511,3511
12103023700,"Pinellas, FL (CT)",0,1348,1348,0,2588,2588
12103023800,"Pinellas, FL (CT)",0,1280,1280,0,2332,2332
12103023900,"Pinellas, FL (CT)",0,1186,1186,0,2017,2017
12103024001,"Pinellas, FL (CT)",0,1600,1600,0,3221,3221
12103024002,"Pinellas, FL (CT)",0,2887,2887,0,5115,5115
12103024004,"Pinellas, FL (CT)",0,2180,2180,0,4945,4945
12103024005,"Pinellas, FL (CT)",0,1318,1318,0,3095,3095
12103024100,"Pinellas, FL (CT)",0,2577,2577,0,4260,4260
12103024200,"Pinellas, FL (CT)",0,2333,2333,0,5097,5097
12103024301,"Pinellas, FL (CT)",0,1676,1676,0,3838,3838
12103024302,"Pinellas, FL (CT)",0,2321,2321,0,4512,4512
12103024403,"Pinellas, FL (CT)",0,1974,1974,0,3982,3982
12103024406,"Pinellas, FL (CT)",0,3107,3107,0,5359,5359
12103024408,"Pinellas, FL (CT)",0,2222,2222,0,4290,4290
12103024409,"Pinellas, FL (CT)",0,1745,1745,0,3153,3153
12103024410,"Pinellas, FL (CT)",0,1909,1909,0,3481,3481
12103024411,"Pinellas, FL (CT)",0,2096,2096,0,4235,4235
12103024412,"Pinellas, FL (CT)",0,2041,2041,0,3192,3192
12103024413,"Pinellas, FL (CT)",0,2811,2811,0,4561,4561
12103024505,"Pinellas, FL (CT)",0,3376,3376,0,6674,6674
12103024507,"Pinellas, FL (CT)",0,2278,2278,0,3300,3300
12103024508,"Pinellas, FL (CT)",0,2457,2457,0,4587,4587
12103024509,"Pinellas, FL (CT)",0,2044,2044,0,3435,3435
12103024510,"Pinellas, FL (CT)",0,924,924,0,5827,5827
12103024511,"Pinellas, FL (CT)",0,5463,5463,0,7802,7802
12103024512,"Pinellas, FL (CT)",0,1641,1641,0,2949,2949
12103024513,"Pinellas, FL (CT)",0,2480,2480,0,3271,3271
12103024514,"Pinellas, FL (CT)",0,2035,2035,0,4415,4415
12103024601,"Pinellas, FL (CT)",0,1919,1919,0,3842,3842
12103024602,"Pinellas, FL (CT)",0,3177,3177,0,5547,5547
12103024701,"Pinellas, FL (CT)",0,1772,1772,0,3107,3107
12103024702,"Pinellas, FL (CT)",0,1063,1063,0,2085,2085
12103024703,"Pinellas, FL (CT)",0,1246,1246,0,2821,2821
12103024801,"Pinellas, FL (CT)",0,2133,2133,0,4276,4276
12103024803,"Pinellas, FL (CT)",0,1175,1175,0,2555,2555
12103024804,"Pinellas, FL (CT)",0,951,951,0,2281,2281
12103024805,"Pinellas, FL (CT)",0,1237,1237,0,2688,2688
12103024901,"Pinellas, FL (CT)",0,2261,2261,0,5459,5459
12103024902,"Pinellas, FL (CT)",0,2632,2632,0,6351,6351
12103024904,"Pinellas, FL (CT)",0,1695,1695,0,3919,3919
12103024905,"Pinellas, FL (CT)",0,2711,2711,0,6500,6500
12103024906,"Pinellas, FL (CT)",0,1780,1780,0,4064,4064
12103025004,"Pinellas, FL (CT)",0,2822,2822,0,5837,5837
12103025007,"Pinellas, FL (CT)",0,2031,2031,0,4184,4184
12103025009,"Pinellas, FL (CT)",0,1726,1726,0,3723,3723
12103025010,"Pinellas, FL (CT)",0,3229,3229,0,5335,5335
12103025011,"Pinellas, FL (CT)",0,1976,1976,0,5112,5112
12103025012,"Pinellas, FL (CT)",0,2693,2693,0,5537,5537
12103025013,"Pinellas, FL (CT)",0,1774,1774,0,4202,4202
12103025014,"Pinellas, FL (CT)",0,1889,1889,0,4537,4537
12103025015,"Pinellas, FL (CT)",0,2260,2260,0,2808,2808
12103025016,"Pinellas, FL (CT)",0,1022,1022,0,1968,1968
12103025017,"Pinellas, FL (CT)",0,1740,1740,0,2569,2569
12103025018,"Pinellas, FL (CT)",0,1381,1381,0,3011,3011
12103025019,"Pinellas, FL (CT)",0,1902,1902,0,2454,2454
12103025106,"Pinellas, FL (CT)",0,1374,1374,0,2221,2221
12103025107,"Pinellas, FL (CT)",0,2193,2193,0,3613,3613
12103025108,"Pinellas, FL (CT)",0,1822,1822,0,2440,2440
12103025109,"Pinellas, FL (CT)",0,2350,2350,0,3855,3855
12103025110,"Pinellas, FL (CT)",0,2695,2695,0,5647,5647
12103025111,"Pinellas, FL (CT)",0,2520,2520,0,2961,2961
12103025112,"Pinellas, FL (CT)",0,1717,1717,0,3294,3294
12103025113,"Pinellas, FL (CT)",0,1319,1319,0,2884,2884
12103025114,"Pinellas, FL (CT)",0,1683,1683,0,3255,3255
12103025115,"Pinellas, FL (CT)",0,1864,1864,0,3010,3010
12103025116,"Pinellas, FL (CT)",0,1094,1094,0,2146,2146
12103025119,"Pinellas, FL (CT)",0,2501,2501,0,5559,5559
12103025120,"Pinellas, FL (CT)",0,1363,1363,0,3589,3589
12103025121,"Pinellas, FL (CT)",0,1900,1900,0,4713,4713
12103025122,"Pinellas, FL (CT)",0,2610,2610,0,5010,5010
12103025123,"Pinellas, FL (CT)",0,821,821,0,1895,1895
12103025203,"Pinellas, FL (CT)",0,2992,2992,0,5660,5660
12103025204,"Pinellas, FL (CT)",0,2008,2008,0,3219,3219
12103025205,"Pinellas, FL (CT)",0,2434,2434,0,3968,3968
12103025207,"Pinellas, FL (CT)",0,2967,2967,0,6567,6567
12103025208,"Pinellas, FL (CT)",0,1279,1279,0,1579,1579
12103025209,"Pinellas, FL (CT)",0,2552,2552,0,3968,3968
12103025303,"Pinellas, FL (CT)",0,3172,3172,0,4636,4636
12103025304,"Pinellas, FL (CT)",0,2208,2208,0,3253,3253
12103025305,"Pinellas, FL (CT)",0,2046,2046,0,3232,3232
12103025306,"Pinellas, FL (CT)",0,743,743,0,1311,1311
12103025307,"Pinellas, FL (CT)",0,1692,1692,0,4044,4044
12103025308,"Pinellas, FL (CT)",0,1595,1595,0,2205,2205
12103025401,"Pinellas, FL (CT)",0,1980,1980,0,4031,4031
12103025405,"Pinellas, FL (CT)",0,3698,3698,0,4322,4322
12103025407,"Pinellas, FL (CT)",0,2563,2563,0,5156,5156
12103025408,"Pinellas, FL (CT)",0,3650,3650,0,6253,6253
12103025411,"Pinellas, FL (CT)",0,847,847,0,1939,1939
12103025412,"Pinellas, FL (CT)",0,2373,2373,0,4359,4359
12103025413,"Pinellas, FL (CT)",0,2002,2002,0,3243,3243
12103025414,"Pinellas, FL (CT)",0,1672,1672,0,2515,2515
12103025415,"Pinellas, FL (CT)",0,2413,2413,0,4198,4198
12103025416,"Pinellas, FL (CT)",0,1931,1931,0,3426,3426
12103025417,"Pinellas, FL (CT)",0,1956,1956,0,2809,2809
12103025501,"Pinellas, FL (CT)",0,1790,1790,0,3955,3955
12103025503,"Pinellas, FL (CT)",0,3087,3087,0,4685,4685
12103025505,"Pinellas, FL (CT)",0,1241,1241,0,2462,2462
12103025506,"Pinellas, FL (CT)",0,3344,3344,0,5915,5915
12103025602,"Pinellas, FL (CT)",0,2020,2020,0,3171,3171
12103025603,"Pinellas, FL (CT)",0,1294,1294,0,2370,2370
12103025604,"Pinellas, FL (CT)",0,765,765,0,1343,1343
12103025700,"Pinellas, FL (CT)",0,2218,2218,0,3849,3849
12103025800,"Pinellas, FL (CT)",0,1784,1784,0,4032,4032
12103025900,"Pinellas, FL (CT)",0,3800,3800,0,5187,5187
12103026001,"Pinellas, FL (CT)",0,2430,2430,0,2899,2899
12103026002,"Pinellas, FL (CT)",0,3222,3222,0,2682,2682
12103026101,"Pinellas, FL (CT)",0,1172,1172,0,3374,3374
12103026102,"Pinellas, FL (CT)",0,846,846,0,1448,1448
12103026200,"Pinellas, FL (CT)",0,842,842,0,2010,2010
12103026300,"Pinellas, FL (CT)",0,2947,2947,0,6733,6733
12103026400,"Pinellas, FL (CT)",0,2904,2904,0,6691,6691
12103026500,"Pinellas, FL (CT)",0,3059,3059,0,7038,7038
12103026601,"Pinellas, FL (CT)",0,1237,1237,0,3026,3026
12103026602,"Pinellas, FL (CT)",0,1408,1408,0,3189,3189
12103026701,"Pinellas, FL (CT)",0,2054,2054,0,4514,4514
12103026702,"Pinellas, FL (CT)",0,3009,3009,0,6287,6287
12103026703,"Pinellas, FL (CT)",0,3009,3009,0,6074,6074
12103026804,"Pinellas, FL (CT)",0,2581,2581,0,5284,5284
12103026809,"Pinellas, FL (CT)",0,1648,1648,0,2896,2896
12103026811,"Pinellas, FL (CT)",0,2897,2897,0,5991,5991
12103026812,"Pinellas, FL (CT)",0,2287,2287,0,4073,4073
12103026813,"Pinellas, FL (CT)",0,1573,1573,0,3592,3592
12103026814,"Pinellas, FL (CT)",0,1485,1485,0,2552,2552
12103026815,"Pinellas, FL (CT)",0,2039,2039,0,4761,4761
12103026816,"Pinellas, FL (CT)",0,2647,2647,0,5273,5273
12103026817,"Pinellas, FL (CT)",0,2369,2369,0,5085,5085
12103026818,"Pinellas, FL (CT)",0,1823,1823,0,4357,4357
12103026819,"Pinellas, FL (CT)",0,1224,1224,0,1887,1887
12103026820,"Pinellas, FL (CT)",0,3135,3135,0,4251,4251
12103026821,"Pinellas, FL (CT)",0,1137,1137,0,2702,2702
12103026904,"Pinellas, FL (CT)",0,2501,2501,0,4365,4365
12103026907,"Pinellas, FL (CT)",0,3357,3357,0,5650,5650
12103026908,"Pinellas, FL (CT)",0,2022,2022,0,3987,3987
12103026909,"Pinellas, FL (CT)",0,2704,2704,0,4724,4724
12103026910,"Pinellas, FL (CT)",0,2654,2654,0,5067,5067
12103026911,"Pinellas, FL (CT)",0,2395,2395,0,3791,3791
12103026912,"Pinellas, FL (CT)",0,2901,2901,0,3593,3593
12103026913,"Pinellas, FL (CT)",0,2205,2205,0,3069,3069
12103027000,"Pinellas, FL (CT)",0,3020,3020,0,5106,5106
12103027101,"Pinellas, FL (CT)",0,2903,2903,0,3811,3811
12103027105,"Pinellas, FL (CT)",0,1850,1850,0,3667,3667
12103027106,"Pinellas, FL (CT)",261,2247,2508,252,4197,4449
12103027202,"Pinellas, FL (CT)",0,3074,3074,0,5997,5997
12103027204,"Pinellas, FL (CT)",0,2162,2162,0,4149,4149
12103027205,"Pinellas, FL (CT)",0,4200,4200,0,6498,6498
12103027206,"Pinellas, FL (CT)",0,2665,2665,0,6144,6144
12103027207,"Pinellas, FL (CT)",0,2152,2152,0,4856,4856
12103027208,"Pinellas, FL (CT)",0,2700,2700,0,6532,6532
12103027209,"Pinellas, FL (CT)",0,1172,1172,0,1173,1173
12103027210,"Pinellas, FL (CT)",0,2857,2857,0,4395,4395
12103027308,"Pinellas, FL (CT)",0,1860,1860,0,4278,4278
12103027309,"Pinellas, FL (CT)",718,177,895,1597,392,1989
12103027310,"Pinellas, FL (CT)",1,3316,3317,1,8633,8634
12103027314,"Pinellas, FL (CT)",0,1654,1654,0,3151,3151
12103027315,"Pinellas, FL (CT)",0,3281,3281,0,5060,5060
12103027316,"Pinellas, FL (CT)",0,2173,2173,0,3739,3739
12103027317,"Pinellas, FL (CT)",0,2558,2558,0,5132,5132
12103027318,"Pinellas, FL (CT)",0,1949,1949,0,3752,3752
12103027319,"Pinellas, FL (CT)",0,2398,2398,0,5240,5240
12103027320,"Pinellas, FL (CT)",0,1623,1623,0,3851,3851
12103027321,"Pinellas, FL (CT)",0,547,547,0,1519,1519
12103027322,"Pinellas, FL (CT)",191,3347,3538,492,5761,6253
12103027323,"Pinellas, FL (CT)",0,1270,1270,0,2524,2524
12103027324,"Pinellas, FL (CT)",65,1744,1809,165,3582,3747
12103027325,"Pinellas, FL (CT)",0,1607,1607,0,3510,3510
12103027326,"Pinellas, FL (CT)",0,2219,2219,0,3182,3182
12103027327,"Pinellas, FL (CT)",0,1874,1874,0,4651,4651
12103027401,"Pinellas, FL (CT)",0,1470,1470,0,2588,2588
12103027402,"Pinellas, FL (CT)",0,3399,3399,0,5913,5913
12103027403,"Pinellas, FL (CT)",0,950,950,0,1572,1572
12103027501,"Pinellas, FL (CT)",0,2793,2793,0,5584,5584
12103027502,"Pinellas, FL (CT)",0,3520,3520,0,6470,6470
12103027603,"Pinellas, FL (CT)",0,1886,1886,0,2489,2489
12103027604,"Pinellas, FL (CT)",0,2798,2798,0,2426,2426
12103027605,"Pinellas, FL (CT)",0,1160,1160,0,1669,1669
12103027606,"Pinellas, FL (CT)",0,1590,1590,0,1624,1624
12103027701,"Pinellas, FL (CT)",0,2279,2279,0,2750,2750
12103027703,"Pinellas, FL (CT)",0,2016,2016,0,1212,1212
12103027704,"Pinellas, FL (CT)",0,2783,2783,0,2423,2423
12103027801,"Pinellas, FL (CT)",0,1676,1676,0,1487,1487
12103027802,"Pinellas, FL (CT)",0,2256,2256,0,2692,2692
12103027901,"Pinellas, FL (CT)",0,2625,2625,0,2239,2239
12103027903,"Pinellas, FL (CT)",0,994,994,0,1389,1389
12103027904,"Pinellas, FL (CT)",0,2182,2182,0,3077,3077
12103028002,"Pinellas, FL (CT)",0,2920,2920,0,3842,3842
12103028003,"Pinellas, FL (CT)",0,3185,3185,0,3370,3370
12103028004,"Pinellas, FL (CT)",0,1609,1609,0,1984,1984
12103028102,"Pinellas, FL (CT)",0,2108,2108,0,3503,3503
12103028103,"Pinellas, FL (CT)",0,1461,1461,0,1731,1731
12103028104,"Pinellas, FL (CT)",0,2937,2937,0,3252,3252
12103028200,"Pinellas, FL (CT)",0,1141,1141,0,2431,2431
12103028300,"Pinellas, FL (CT)",0,1890,1890,0,3341,3341
12103028401,"Pinellas, FL (CT)",0,1448,1448,0,1463,1463
12103028402,"Pinellas, FL (CT)",0,925,925,0,1269,1269
12103028500,"Pinellas, FL (CT)",0,1351,1351,0,2075,2075
12103028600,"Pinellas, FL (CT)",0,2633,2633,0,3327,3327
12103028700,"Pinellas, FL (CT)",0,1260,1260,0,2882,2882
12103990000,"Pinellas, FL (CT)",0,0,0,0,0,0
12103990100,"Pinellas, FL (CT)",0,0,0,0,0,0
12105010300,"Polk, FL (CT)",0,2062,2062,0,4357,4357
12105010401,"Polk, FL (CT)",0,1322,1322,0,2034,2034
12105010402,"Polk, FL (CT)",0,1617,1617,0,4158,4158
12105010501,"Polk, FL (CT)",0,717,717,0,1632,1632
12105010502,"Polk, FL (CT)",0,2011,2011,0,4098,4098
12105010601,"Polk, FL (CT)",0,1761,1761,0,3578,3578
12105010603,"Polk, FL (CT)",0,1408,1408,0,3412,3412
12105010604,"Polk, FL (CT)",0,1554,1554,0,3309,3309
12105010701,"Polk, FL (CT)",0,2370,2370,0,4234,4234
12105010702,"Polk, FL (CT)",0,1799,1799,0,3221,3221
12105010800,"Polk, FL (CT)",0,1775,1775,0,3513,3513
12105010900,"Polk, FL (CT)",0,2134,2134,0,4359,4359
12105011000,"Polk, FL (CT)",0,1735,1735,0,3053,3053
12105011100,"Polk, FL (CT)",0,1254,1254,0,3169,3169
12105011202,"Polk, FL (CT)",0,864,864,0,2075,2075
12105011203,"Polk, FL (CT)",0,1400,1400,0,3737,3737
12105011204,"Polk, FL (CT)",0,603,603,0,1484,1484
12105011300,"Polk, FL (CT)",0,810,810,0,1731,1731
12105011400,"Polk, FL (CT)",0,1970,1970,0,4552,4552
12105011501,"Polk, FL (CT)",0,2468,2468,0,5577,5577
12105011502,"Polk, FL (CT)",545,1997,2542,695,3955,4650
12105011603,"Polk, FL (CT)",161,1091,1252,265,1998,2263
12105011604,"Polk, FL (CT)",223,2188,2411,675,4300,4975
12105011605,"Polk, FL (CT)",52,1251,1303,124,2514,2638
12105011606,"Polk, FL (CT)",257,507,764,625,1283,1908
12105011704,"Polk, FL (CT)",0,2088,2088,0,4952,4952
12105011721,"Polk, FL (CT)",204,1020,1224,514,2632,3146
12105011722,"Polk, FL (CT)",219,1427,1646,441,2570,3011
12105011731,"Polk, FL (CT)",0,1670,1670,0,5193,5193
12105011732,"Polk, FL (CT)",0,1199,1199,0,2850,2850
12105011821,"Polk, FL (CT)",0,1149,1149,0,2907,2907
12105011822,"Polk, FL (CT)",0,1408,1408,0,3744,3744
12105011832,"Polk, FL (CT)",186,1622,1808,495,4177,4672
12105011833,"Polk, FL (CT)",0,2572,2572,0,7440,7440
12105011834,"Polk, FL (CT)",454,2190,2644,557,5625,6182
12105011835,"Polk, FL (CT)",0,1657,1657,0,4181,4181
12105011836,"Polk, FL (CT)",0,1492,1492,0,3355,3355
12105011901,"Polk, FL (CT)",0,1897,1897,0,4262,4262
12105011902,"Polk, FL (CT)",81,1343,1424,223,2941,3164
12105011908,"Polk, FL (CT)",0,1827,1827,0,4151,4151
12105011909,"Polk, FL (CT)",0,1067,1067,0,2885,2885
12105011910,"Polk, FL (CT)",0,578,578,0,1652,1652
12105011911,"Polk, FL (CT)",227,761,988,639,2025,2664
12105011912,"Polk, FL (CT)",0,889,889,0,1916,1916
12105011913,"Polk, FL (CT)",0,975,975,0,2564,2564
12105012001,"Polk, FL (CT)",638,1431,2069,1645,3725,5370
12105012002,"Polk, FL (CT)",0,1980,1980,0,2884,2884
12105012003,"Polk, FL (CT)",139,2880,3019,368,4904,5272
12105012004,"Polk, FL (CT)",401,855,1256,812,1557,2369
12105012111,"Polk, FL (CT)",647,2193,2840,1749,3847,5596
12105012113,"Polk, FL (CT)",0,2571,2571,0,5777,5777
12105012124,"Polk, FL (CT)",441,1658,2099,1066,4180,5246
12105012125,"Polk, FL (CT)",0,1041,1041,0,2876,2876
12105012126,"Polk, FL (CT)",0,1366,1366,0,3004,3004
12105012127,"Polk, FL (CT)",0,3091,3091,0,6163,6163
12105012128,"Polk, FL (CT)",0,1603,1603,0,4172,4172
12105012129,"Polk, FL (CT)",9,2572,2581,28,7027,7055
12105012203,"Polk, FL (CT)",0,1007,1007,0,2541,2541
12105012204,"Polk, FL (CT)",0,2887,2887,0,5752,5752
12105012205,"Polk, FL (CT)",0,558,558,0,1254,1254
12105012206,"Polk, FL (CT)",0,2803,2803,0,5193,5193
12105012303,"Polk, FL (CT)",19,1479,1498,36,3649,3685
12105012304,"Polk, FL (CT)",20,1916,1936,42,5297,5339
12105012305,"Polk, FL (CT)",322,353,675,843,827,1670
12105012306,"Polk, FL (CT)",959,0,959,2515,0,2515
12105012307,"Polk, FL (CT)",1120,88,1208,2793,265,3058
12105012309,"Polk, FL (CT)",581,0,581,1578,0,1578
12105012403,"Polk, FL (CT)",2584,5221,7805,3528,6393,9921
12105012404,"Polk, FL (CT)",326,0,326,2726,0,2726
12105012405,"Polk, FL (CT)",95,2928,3023,82,4354,4436
12105012406,"Polk, FL (CT)",0,3629,3629,0,3899,3899
12105012407,"Polk, FL (CT)",203,513,716,449,876,1325
12105012408,"Polk, FL (CT)",120,1221,1341,262,2792,3054
12105012409,"Polk, FL (CT)",93,577,670,289,1498,1787
12105012410,"Polk, FL (CT)",530,509,1039,1115,1459,2574
12105012411,"Polk, FL (CT)",782,1775,2557,1652,3589,5241
12105012502,"Polk, FL (CT)",1876,1311,3187,3489,3181,6670
12105012503,"Polk, FL (CT)",878,6578,7456,1959,13655,15614
12105012504,"Polk, FL (CT)",200,2646,2846,428,4528,4956
12105012506,"Polk, FL (CT)",523,3080,3603,429,4567,4996
12105012507,"Polk, FL (CT)",491,2495,2986,1149,3597,4746
12105012601,"Polk, FL (CT)",0,2541,2541,0,4136,4136
12105012602,"Polk, FL (CT)",367,1568,1935,641,5137,5778
12105012700,"Polk, FL (CT)",88,2869,2957,270,6400,6670
12105012802,"Polk, FL (CT)",0,1314,1314,0,2934,2934
12105012803,"Polk, FL (CT)",9,2622,2631,20,3817,3837
12105012804,"Polk, FL (CT)",28,2892,2920,73,4389,4462
12105012900,"Polk, FL (CT)",102,2238,2340,238,4935,5173
12105013001,"Polk, FL (CT)",0,1140,1140,0,2961,2961
12105013002,"Polk, FL (CT)",0,2114,2114,0,4316,4316
12105013101,"Polk, FL (CT)",0,1604,1604,0,4093,4093
12105013102,"Polk, FL (CT)",0,1669,1669,0,3410,3410
12105013103,"Polk, FL (CT)",139,336,475,345,685,1030
12105013200,"Polk, FL (CT)",0,750,750,0,1950,1950
12105013300,"Polk, FL (CT)",0,1052,1052,0,2301,2301
12105013400,"Polk, FL (CT)",0,2183,2183,0,4866,4866
12105013500,"Polk, FL (CT)",0,1823,1823,0,3210,3210
12105013600,"Polk, FL (CT)",0,2398,2398,0,5045,5045
12105013701,"Polk, FL (CT)",0,1196,1196,0,1503,1503
12105013702,"Polk, FL (CT)",0,2262,2262,0,5252,5252
12105013801,"Polk, FL (CT)",0,1504,1504,0,3199,3199
12105013802,"Polk, FL (CT)",0,2417,2417,0,6404,6404
12105013901,"Polk, FL (CT)",0,1351,1351,0,2856,2856
12105013902,"Polk, FL (CT)",0,1994,1994,0,4898,4898
12105014001,"Polk, FL (CT)",0,2537,2537,0,4920,4920
12105014003,"Polk, FL (CT)",0,1668,1668,0,3348,3348
12105014005,"Polk, FL (CT)",0,1666,1666,0,3424,3424
12105014006,"Polk, FL (CT)",0,1288,1288,0,2692,2692
12105014103,"Polk, FL (CT)",1490,2308,3798,2888,5453,8341
12105014104,"Polk, FL (CT)",280,13,293,388,48,436
12105014105,"Polk, FL (CT)",3347,472,3819,5651,1585,7236
12105014121,"Polk, FL (CT)",290,409,699,778,1086,1864
12105014123,"Polk, FL (CT)",192,2738,2930,370,5219,5589
12105014124,"Polk, FL (CT)",71,1328,1399,163,2176,2339
12105014125,"Polk, FL (CT)",478,2116,2594,807,4724,5531
12105014201,"Polk, FL (CT)",352,2313,2665,756,4419,5175
12105014202,"Polk, FL (CT)",666,491,1157,1352,951,2303
12105014203,"Polk, FL (CT)",2516,0,2516,2543,0,2543
12105014301,"Polk, FL (CT)",0,882,882,0,1715,1715
12105014302,"Polk, FL (CT)",220,2430,2650,395,5478,5873
12105014400,"Polk, FL (CT)",781,3433,4214,1516,6191,7707
12105014501,"Polk, FL (CT)",313,2697,3010,829,7466,8295
12105014502,"Polk, FL (CT)",0,1075,1075,0,3651,3651
12105014600,"Polk, FL (CT)",0,1513,1513,0,4160,4160
12105014701,"Polk, FL (CT)",0,2259,2259,0,4807,4807
12105014702,"Polk, FL (CT)",1024,2764,3788,2270,6630,8900
12105014802,"Polk, FL (CT)",275,834,1109,733,2124,2857
12105014803,"Polk, FL (CT)",152,689,841,420,1560,1980
12105014804,"Polk, FL (CT)",63,3063,3126,148,6982,7130
12105014901,"Polk, FL (CT)",31,3432,3463,86,8670,8756
12105014902,"Polk, FL (CT)",0,2261,2261,0,7268,7268
12105015000,"Polk, FL (CT)",0,2097,2097,0,5015,5015
12105015101,"Polk, FL (CT)",0,1618,1618,0,3469,3469
12105015102,"Polk, FL (CT)",0,1072,1072,0,2284,2284
12105015200,"Polk, FL (CT)",84,1481,1565,143,4595,4738
12105015301,"Polk, FL (CT)",1128,556,1684,2948,1437,4385
12105015302,"Polk, FL (CT)",1106,65,1171,2663,205,2868
12105015401,"Polk, FL (CT)",371,754,1125,871,1655,2526
12105015402,"Polk, FL (CT)",827,529,1356,1858,1340,3198
12105015404,"Polk, FL (CT)",665,108,773,768,199,967
12105015405,"Polk, FL (CT)",271,865,1136,743,1919,2662
12105015500,"Polk, FL (CT)",96,1769,1865,165,3936,4101
12105015600,"Polk, FL (CT)",2456,0,2456,2786,0,2786
12105015701,"Polk, FL (CT)",59,1100,1159,131,2160,2291
12105015702,"Polk, FL (CT)",942,755,1697,2711,1477,4188
12105015801,"Polk, FL (CT)",416,1137,1553,542,1616,2158
12105015802,"Polk, FL (CT)",568,336,904,1524,2372,3896
12105015900,"Polk, FL (CT)",512,351,863,1481,995,2476
12105016001,"Polk, FL (CT)",0,933,933,0,2288,2288
12105016002,"Polk, FL (CT)",0,660,660,0,1770,1770
12105016003,"Polk, FL (CT)",259,938,1197,786,1765,2551
12105016100,"Polk, FL (CT)",525,0,525,1258,0,1258
12105016400,"Polk, FL (CT)",0,1094,1094,0,2171,2171
12105980000,"Polk, FL (CT)",1,0,1,3,0,3
12107950100,"Putnam, FL (CT)",1946,0,1946,4176,0,4176
12107950201,"Putnam, FL (CT)",759,2289,3048,1394,4441,5835
12107950202,"Putnam, FL (CT)",1587,29,1616,3524,75,3599
12107950300,"Putnam, FL (CT)",3091,346,3437,5826,792,6618
12107950400,"Putnam, FL (CT)",1721,0,1721,2912,0,2912
12107950500,"Putnam, FL (CT)",2573,515,3088,5452,1124,6576
12107950600,"Putnam, FL (CT)",324,2241,2565,781,5377,6158
12107950700,"Putnam, FL (CT)",0,1710,1710,0,4031,4031
12107950800,"Putnam, FL (CT)",0,1401,1401,0,3107,3107
12107950900,"Putnam, FL (CT)",216,2525,2741,470,5844,6314
12107951000,"Putnam, FL (CT)",1238,522,1760,2616,1451,4067
12107951100,"Putnam, FL (CT)",478,2112,2590,1042,3545,4587
12107951200,"Putnam, FL (CT)",2459,676,3135,4245,1120,5365
12107951300,"Putnam, FL (CT)",2601,0,2601,3749,0,3749
12107951401,"Putnam, FL (CT)",759,1013,1772,1650,1692,3342
12107951402,"Putnam, FL (CT)",2206,0,2206,3928,0,3928
12107980000,"Putnam, FL (CT)",0,0,0,0,0,0
12109020200,"St. Johns, FL (CT)",0,1521,1521,0,2455,2455
12109020300,"St. Johns, FL (CT)",0,1834,1834,0,3518,3518
12109020400,"St. Johns, FL (CT)",0,1295,1295,0,3088,3088
12109020500,"St. Johns, FL (CT)",0,2067,2067,0,3787,3787
12109020601,"St. Johns, FL (CT)",1038,2018,3056,1600,3261,4861
12109020602,"St. Johns, FL (CT)",3238,1062,4300,7992,2215,10207
12109020704,"St. Johns, FL (CT)",0,1449,1449,0,3247,3247
12109020705,"St. Johns, FL (CT)",0,3175,3175,0,5862,5862
12109020706,"St. Johns, FL (CT)",0,960,960,0,2996,2996
12109020707,"St. Johns, FL (CT)",0,2812,2812,0,5160,5160
12109020708,"St. Johns, FL (CT)",237,874,1111,620,2280,2900
12109020710,"St. Johns, FL (CT)",0,950,950,0,2095,2095
12109020711,"St. Johns, FL (CT)",0,3238,3238,0,4880,4880
12109020801,"St. Johns, FL (CT)",0,2740,2740,0,7308,7308
12109020802,"St. Johns, FL (CT)",0,1488,1488,0,3983,3983
12109020803,"St. Johns, FL (CT)",0,1618,1618,0,4153,4153
12109020804,"St. Johns, FL (CT)",0,1062,1062,0,2987,2987
12109020805,"St. Johns, FL (CT)",128,3649,3777,372,11570,11942
12109020806,"St. Johns, FL (CT)",670,1132,1802,1508,3243,4751
12109020807,"St. Johns, FL (CT)",276,227,503,738,661,1399
12109020901,"St. Johns, FL (CT)",1571,1803,3374,3066,4708,7774
12109020902,"St. Johns, FL (CT)",4324,5296,9620,9999,15040,25039
12109021002,"St. Johns, FL (CT)",0,1931,1931,0,4155,4155
12109021003,"St. Johns, FL (CT)",898,1479,2377,1713,3271,4984
12109021004,"St. Johns, FL (CT)",1219,0,1219,2820,0,2820
12109021101,"St. Johns, FL (CT)",2267,0,2267,5462,0,5462
12109021102,"St. Johns, FL (CT)",2083,0,2083,4518,0,4518
12109021103,"St. Johns, FL (CT)",474,217,691,1087,508,1595
12109021203,"St. Johns, FL (CT)",875,2407,3282,1705,4981,6686
12109021204,"St. Johns, FL (CT)",307,174,481,604,233,837
12109021205,"St. Johns, FL (CT)",200,1583,1783,346,821,1167
12109021206,"St. Johns, FL (CT)",181,3155,3336,406,5727,6133
12109021301,"St. Johns, FL (CT)",0,2703,2703,0,6060,6060
12109021302,"St. Johns, FL (CT)",0,2384,2384,0,5334,5334
12109021403,"St. Johns, FL (CT)",0,2898,2898,0,1931,1931
12109021404,"St. Johns, FL (CT)",0,1708,1708,0,3002,3002
12109021405,"St. Johns, FL (CT)",0,3749,3749,0,5245,5245
12109021406,"St. Johns, FL (CT)",286,2205,2491,605,3762,4367
12109021407,"St. Johns, FL (CT)",6,689,695,18,1333,1351
12109990100,"St. Johns, FL (CT)",0,0,0,0,0,0
12109990200,"St. Johns, FL (CT)",0,0,0,0,0,0
12111380100,"St. Lucie, FL (CT)",0,630,630,0,925,925
12111380200,"St. Lucie, FL (CT)",0,1576,1576,0,3085,3085
12111380300,"St. Lucie, FL (CT)",0,2443,2443,0,5710,5710
12111380400,"St. Lucie, FL (CT)",0,2449,2449,0,6294,6294
12111380500,"St. Lucie, FL (CT)",0,2522,2522,0,6257,6257
12111380600,"St. Lucie, FL (CT)",0,1358,1358,0,3828,3828
12111380700,"St. Lucie, FL (CT)",0,3284,3284,0,7636,7636
12111380800,"St. Lucie, FL (CT)",901,155,1056,1670,1815,3485
12111380901,"St. Lucie, FL (CT)",0,1382,1382,0,2409,2409
12111380902,"St. Lucie, FL (CT)",81,1836,1917,179,4828,5007
12111381000,"St. Lucie, FL (CT)",73,642,715,162,1198,1360
12111381101,"St. Lucie, FL (CT)",12,3095,3107,16,6965,6981
12111381102,"St. Lucie, FL (CT)",1,2847,2848,1,4467,4468
12111381204,"St. Lucie, FL (CT)",17,3589,3606,20,3397,3417
12111381300,"St. Lucie, FL (CT)",18,4061,4079,16,3670,3686
12111381401,"St. Lucie, FL (CT)",0,3077,3077,0,4675,4675
12111381402,"St. Lucie, FL (CT)",198,2413,2611,561,5508,6069
12111381502,"St. Lucie, FL (CT)",0,4740,4740,0,10863,10863
12111381503,"St. Lucie, FL (CT)",0,3849,3849,0,9595,9595
12111381601,"St. Lucie, FL (CT)",0,2816,2816,0,5805,5805
12111381602,"St. Lucie, FL (CT)",21,2472,2493,54,3385,3439
12111381603,"St. Lucie, FL (CT)",84,4254,4338,165,6449,6614
12111381701,"St. Lucie, FL (CT)",0,4869,4869,0,2777,2777
12111381702,"St. Lucie, FL (CT)",0,3254,3254,0,2424,2424
12111381802,"St. Lucie, FL (CT)",0,2186,2186,0,4059,4059
12111381803,"St. Lucie, FL (CT)",0,2524,2524,0,5338,5338
12111381804,"St. Lucie, FL (CT)",0,2470,2470,0,5788,5788
12111381900,"St. Lucie, FL (CT)",0,3468,3468,0,6446,6446
12111382002,"St. Lucie, FL (CT)",0,3212,3212,0,7464,7464
12111382003,"St. Lucie, FL (CT)",0,3991,3991,0,9843,9843
12111382006,"St. Lucie, FL (CT)",0,3720,3720,0,8007,8007
12111382007,"St. Lucie, FL (CT)",0,1801,1801,0,4473,4473
12111382008,"St. Lucie, FL (CT)",0,2863,2863,0,7234,7234
12111382009,"St. Lucie, FL (CT)",0,2088,2088,0,4350,4350
12111382010,"St. Lucie, FL (CT)",0,1267,1267,0,1743,1743
12111382106,"St. Lucie, FL (CT)",0,8182,8182,0,21785,21785
12111382108,"St. Lucie, FL (CT)",0,10294,10294,0,20218,20218
12111382109,"St. Lucie, FL (CT)",141,5230,5371,337,8041,8378
12111382110,"St. Lucie, FL (CT)",0,2402,2402,0,6509,6509
12111382111,"St. Lucie, FL (CT)",0,5438,5438,0,14229,14229
12111382112,"St. Lucie, FL (CT)",0,2711,2711,0,7147,7147
12111382113,"St. Lucie, FL (CT)",0,4686,4686,0,11824,11824
12111382200,"St. Lucie, FL (CT)",3336,0,3336,6145,0,6145
12111980000,"St. Lucie, FL (CT)",0,0,0,0,0,0
12111990000,"St. Lucie, FL (CT)",0,0,0,0,0,0
12113010100,"Santa Rosa, FL (CT)",1679,0,1679,3904,0,3904
12113010200,"Santa Rosa, FL (CT)",1880,0,1880,4281,0,4281
12113010300,"Santa Rosa, FL (CT)",1208,2448,3656,3014,6564,9578
12113010400,"Santa Rosa, FL (CT)",1140,11,1151,2606,28,2634
12113010502,"Santa Rosa, FL (CT)",1726,1477,3203,3957,3472,7429
12113010503,"Santa Rosa, FL (CT)",247,2286,2533,570,5186,5756
12113010504,"Santa Rosa, FL (CT)",258,1608,1866,643,3916,4559
12113010600,"Santa Rosa, FL (CT)",81,2732,2813,154,5961,6115
12113010702,"Santa Rosa, FL (CT)",1725,1322,3047,3804,3033,6837
12113010704,"Santa Rosa, FL (CT)",279,1861,2140,636,4721,5357
12113010705,"Santa Rosa, FL (CT)",137,1298,1435,320,2884,3204
12113010706,"Santa Rosa, FL (CT)",252,3009,3261,565,7157,7722
12113010707,"Santa Rosa, FL (CT)",263,1381,1644,690,3576,4266
12113010708,"Santa Rosa, FL (CT)",0,2206,2206,0,5298,5298
12113010802,"Santa Rosa, FL (CT)",67,1818,1885,129,4225,4354
12113010808,"Santa Rosa, FL (CT)",1537,317,1854,3536,4049,7585
12113010809,"Santa Rosa, FL (CT)",1042,1233,2275,2322,2674,4996
12113010811,"Santa Rosa, FL (CT)",0,5440,5440,0,13589,13589
12113010812,"Santa Rosa, FL (CT)",0,1907,1907,0,4561,4561
12113010813,"Santa Rosa, FL (CT)",0,2116,2116,0,4669,4669
12113010814,"Santa Rosa, FL (CT)",0,2578,2578,0,5744,5744
12113010815,"Santa Rosa, FL (CT)",0,3424,3424,0,7444,7444
12113010817,"Santa Rosa, FL (CT)",0,3446,3446,0,4474,4474
12113010819,"Santa Rosa, FL (CT)",8,4640,4648,20,11233,11253
12113010900,"Santa Rosa, FL (CT)",302,2371,2673,621,5142,5763
12113990000,"Santa Rosa, FL (CT)",0,0,0,0,0,0
12115000101,"Sarasota, FL (CT)",0,3506,3506,0,4255,4255
12115000102,"Sarasota, FL (CT)",0,2119,2119,0,4664,4664
12115000200,"Sarasota, FL (CT)",0,2113,2113,0,5257,5257
12115000300,"Sarasota, FL (CT)",0,1720,1720,0,3851,3851
12115000401,"Sarasota, FL (CT)",0,2263,2263,0,3880,3880
12115000404,"Sarasota, FL (CT)",0,874,874,0,1215,1215
12115000405,"Sarasota, FL (CT)",0,1278,1278,0,2972,2972
12115000406,"Sarasota, FL (CT)",0,1620,1620,0,3043,3043
12115000407,"Sarasota, FL (CT)",0,2002,2002,0,3744,3744
12115000501,"Sarasota, FL (CT)",0,1039,1039,0,1720,1720
12115000502,"Sarasota, FL (CT)",0,1641,1641,0,3408,3408
12115000503,"Sarasota, FL (CT)",0,2374,2374,0,3950,3950
12115000601,"Sarasota, FL (CT)",0,1161,1161,0,2139,2139
12115000602,"Sarasota, FL (CT)",0,1877,1877,0,3727,3727
12115000700,"Sarasota, FL (CT)",0,3038,3038,0,2756,2756
12115000801,"Sarasota, FL (CT)",0,2633,2633,0,1894,1894
12115000802,"Sarasota, FL (CT)",0,2937,2937,0,2596,2596
12115000900,"Sarasota, FL (CT)",0,1347,1347,0,2344,2344
12115001000,"Sarasota, FL (CT)",0,1608,1608,0,3166,3166
12115001101,"Sarasota, FL (CT)",0,2583,2583,0,3984,3984
12115001102,"Sarasota, FL (CT)",0,2364,2364,0,4872,4872
12115001201,"Sarasota, FL (CT)",0,3609,3609,0,7129,7129
12115001202,"Sarasota, FL (CT)",0,1703,1703,0,3880,3880
12115001203,"Sarasota, FL (CT)",0,3359,3359,0,3994,3994
12115001204,"Sarasota, FL (CT)",0,2412,2412,0,3954,3954
12115001301,"Sarasota, FL (CT)",0,1402,1402,0,2814,2814
12115001302,"Sarasota, FL (CT)",0,1829,1829,0,3902,3902
12115001303,"Sarasota, FL (CT)",0,1344,1344,0,3175,3175
12115001304,"Sarasota, FL (CT)",0,1053,1053,0,1857,1857
12115001401,"Sarasota, FL (CT)",398,3772,4170,988,6944,7932
12115001402,"Sarasota, FL (CT)",0,1799,1799,0,4622,4622
12115001403,"Sarasota, FL (CT)",180,3208,3388,417,5763,6180
12115001503,"Sarasota, FL (CT)",0,1393,1393,0,3179,3179
12115001504,"Sarasota, FL (CT)",0,1357,1357,0,2929,2929
12115001505,"Sarasota, FL (CT)",0,1632,1632,0,4001,4001
12115001506,"Sarasota, FL (CT)",0,2965,2965,0,5622,5622
12115001507,"Sarasota, FL (CT)",0,3432,3432,0,6027,6027
12115001601,"Sarasota, FL (CT)",0,1889,1889,0,3199,3199
12115001602,"Sarasota, FL (CT)",0,2196,2196,0,3670,3670
12115001702,"Sarasota, FL (CT)",0,2675,2675,0,5691,5691
12115001703,"Sarasota, FL (CT)",0,2248,2248,0,3560,3560
12115001704,"Sarasota, FL (CT)",0,1482,1482,0,2979,2979
12115001801,"Sarasota, FL (CT)",0,2229,2229,0,3667,3667
12115001803,"Sarasota, FL (CT)",0,1574,1574,0,2772,2772
12115001804,"Sarasota, FL (CT)",0,1330,1330,0,2517,2517
12115001805,"Sarasota, FL (CT)",0,990,990,0,1627,1627
12115001903,"Sarasota, FL (CT)",0,1538,1538,0,1866,1866
12115001904,"Sarasota, FL (CT)",0,2386,2386,0,3318,3318
12115001905,"Sarasota, FL (CT)",0,3091,3091,0,1355,1355
12115001907,"Sarasota, FL (CT)",0,1325,1325,0,1147,1147
12115001908,"Sarasota, FL (CT)",0,2514,2514,0,1179,1179
12115002003,"Sarasota, FL (CT)",0,2563,2563,0,4373,4373
12115002004,"Sarasota, FL (CT)",0,2501,2501,0,3750,3750
12115002005,"Sarasota, FL (CT)",0,3285,3285,0,4752,4752
12115002007,"Sarasota, FL (CT)",0,2148,2148,0,2577,2577
12115002008,"Sarasota, FL (CT)",0,1746,1746,0,2552,2552
12115002009,"Sarasota, FL (CT)",50,3940,3990,77,6346,6423
12115002010,"Sarasota, FL (CT)",0,3623,3623,0,5841,5841
12115002100,"Sarasota, FL (CT)",4,3554,3558,6,6285,6291
12115002201,"Sarasota, FL (CT)",0,1884,1884,0,2731,2731
12115002202,"Sarasota, FL (CT)",0,2934,2934,0,4196,4196
12115002203,"Sarasota, FL (CT)",0,2373,2373,0,3898,3898
12115002302,"Sarasota, FL (CT)",0,2744,2744,0,3923,3923
12115002303,"Sarasota, FL (CT)",0,3367,3367,0,4398,4398
12115002304,"Sarasota, FL (CT)",0,2603,2603,0,2266,2266
12115002305,"Sarasota, FL (CT)",0,1580,1580,0,1667,1667
12115002401,"Sarasota, FL (CT)",0,2565,2565,0,2919,2919
12115002402,"Sarasota, FL (CT)",0,2611,2611,0,3370,3370
12115002504,"Sarasota, FL (CT)",0,1484,1484,0,2731,2731
12115002505,"Sarasota, FL (CT)",0,1108,1108,0,2199,2199
12115002507,"Sarasota, FL (CT)",0,2700,2700,0,5307,5307
12115002508,"Sarasota, FL (CT)",0,1558,1558,0,2910,2910
12115002509,"Sarasota, FL (CT)",0,2535,2535,0,4551,4551
12115002510,"Sarasota, FL (CT)",0,2051,2051,0,3198,3198
12115002511,"Sarasota, FL (CT)",0,1570,1570,0,2631,2631
12115002601,"Sarasota, FL (CT)",242,1441,1683,257,2284,2541
12115002602,"Sarasota, FL (CT)",0,1809,1809,0,2608,2608
12115002603,"Sarasota, FL (CT)",0,1157,1157,0,1646,1646
12115002604,"Sarasota, FL (CT)",0,1852,1852,0,2679,2679
12115002605,"Sarasota, FL (CT)",0,1599,1599,0,2079,2079
12115002710,"Sarasota, FL (CT)",0,1815,1815,0,2755,2755
12115002711,"Sarasota, FL (CT)",0,5121,5121,0,9348,9348
12115002712,"Sarasota, FL (CT)",1159,13595,14754,2621,30420,33041
12115002713,"Sarasota, FL (CT)",3648,141,3789,7794,358,8152
12115002714,"Sarasota, FL (CT)",306,2398,2704,536,4086,4622
12115002715,"Sarasota, FL (CT)",0,4945,4945,0,6582,6582
12115002716,"Sarasota, FL (CT)",266,3027,3293,672,5147,5819
12115002718,"Sarasota, FL (CT)",1779,1936,3715,2726,2873,5599
12115002719,"Sarasota, FL (CT)",65,2805,2870,132,3204,3336
12115002720,"Sarasota, FL (CT)",0,1811,1811,0,3181,3181
12115002721,"Sarasota, FL (CT)",66,2387,2453,108,3885,3993
12115002722,"Sarasota, FL (CT)",34,3698,3732,60,7899,7959
12115002723,"Sarasota, FL (CT)",0,1723,1723,0,2311,2311
12115002724,"Sarasota, FL (CT)",0,2096,2096,0,2562,2562
12115990000,"Sarasota, FL (CT)",0,0,0,0,0,0
12117020101,"Seminole, FL (CT)",0,1030,1030,0,1442,1442
12117020102,"Seminole, FL (CT)",0,631,631,0,1124,1124
12117020201,"Seminole, FL (CT)",0,760,760,0,2125,2125
12117020202,"Seminole, FL (CT)",0,1669,1669,0,4463,4463
12117020301,"Seminole, FL (CT)",0,1028,1028,0,2183,2183
12117020302,"Seminole, FL (CT)",0,742,742,0,1978,1978
12117020401,"Seminole, FL (CT)",0,650,650,0,1652,1652
12117020402,"Seminole, FL (CT)",0,1165,1165,0,3056,3056
12117020500,"Seminole, FL (CT)",0,1555,1555,0,3784,3784
12117020600,"Seminole, FL (CT)",0,5517,5517,0,12135,12135
12117020701,"Seminole, FL (CT)",103,5807,5910,225,13598,13823
12117020703,"Seminole, FL (CT)",195,1914,2109,524,5769,6293
12117020704,"Seminole, FL (CT)",0,2802,2802,0,5901,5901
12117020705,"Seminole, FL (CT)",0,1230,1230,0,2317,2317
12117020803,"Seminole, FL (CT)",0,2325,2325,0,6774,6774
12117020805,"Seminole, FL (CT)",0,3218,3218,0,7200,7200
12117020806,"Seminole, FL (CT)",0,2558,2558,0,6083,6083
12117020807,"Seminole, FL (CT)",0,2517,2517,0,6254,6254
12117020808,"Seminole, FL (CT)",0,1472,1472,0,3874,3874
12117020810,"Seminole, FL (CT)",0,1617,1617,0,4093,4093
12117020811,"Seminole, FL (CT)",0,2587,2587,0,5606,5606
12117020812,"Seminole, FL (CT)",0,1821,1821,0,4038,4038
12117020901,"Seminole, FL (CT)",0,1993,1993,0,4273,4273
12117020902,"Seminole, FL (CT)",0,1155,1155,0,2639,2639
12117020903,"Seminole, FL (CT)",20,3713,3733,38,8741,8779
12117021000,"Seminole, FL (CT)",813,842,1655,2048,2295,4343
12117021100,"Seminole, FL (CT)",184,1049,1233,425,2628,3053
12117021201,"Seminole, FL (CT)",2521,28,2549,6324,94,6418
12117021203,"Seminole, FL (CT)",87,1774,1861,231,5698,5929
12117021204,"Seminole, FL (CT)",805,2480,3285,2360,7409,9769
12117021306,"Seminole, FL (CT)",0,3227,3227,0,7196,7196
12117021307,"Seminole, FL (CT)",0,2574,2574,0,7193,7193
12117021311,"Seminole, FL (CT)",175,1332,1507,504,3735,4239
12117021312,"Seminole, FL (CT)",0,1439,1439,0,4002,4002
12117021313,"Seminole, FL (CT)",204,2205,2409,464,5689,6153
12117021314,"Seminole, FL (CT)",0,1583,1583,0,3750,3750
12117021315,"Seminole, FL (CT)",0,2969,2969,0,7491,7491
12117021316,"Seminole, FL (CT)",68,1233,1301,205,3529,3734
12117021317,"Seminole, FL (CT)",0,3396,3396,0,8611,8611
12117021318,"Seminole, FL (CT)",0,3209,3209,0,7528,7528
12117021319,"Seminole, FL (CT)",0,599,599,0,1615,1615
12117021320,"Seminole, FL (CT)",0,2525,2525,0,7231,7231
12117021321,"Seminole, FL (CT)",0,1054,1054,0,2751,2751
12117021401,"Seminole, FL (CT)",0,3322,3322,0,7136,7136
12117021403,"Seminole, FL (CT)",0,3021,3021,0,7980,7980
12117021404,"Seminole, FL (CT)",0,2987,2987,0,6965,6965
12117021502,"Seminole, FL (CT)",0,2019,2019,0,4831,4831
12117021503,"Seminole, FL (CT)",0,652,652,0,1625,1625
12117021504,"Seminole, FL (CT)",0,1301,1301,0,2955,2955
12117021505,"Seminole, FL (CT)",0,1827,1827,0,4545,4545
12117021506,"Seminole, FL (CT)",0,1312,1312,0,3323,3323
12117021604,"Seminole, FL (CT)",0,1646,1646,0,4030,4030
12117021606,"Seminole, FL (CT)",0,2908,2908,0,6522,6522
12117021608,"Seminole, FL (CT)",0,2838,2838,0,5692,5692
12117021609,"Seminole, FL (CT)",0,1153,1153,0,3244,3244
12117021611,"Seminole, FL (CT)",0,1816,1816,0,4724,4724
12117021612,"Seminole, FL (CT)",0,1579,1579,0,4060,4060
12117021613,"Seminole, FL (CT)",0,1877,1877,0,3111,3111
12117021614,"Seminole, FL (CT)",0,2157,2157,0,5081,5081
12117021615,"Seminole, FL (CT)",0,1542,1542,0,2578,2578
12117021616,"Seminole, FL (CT)",0,1775,1775,0,3646,3646
12117021704,"Seminole, FL (CT)",0,1670,1670,0,4435,4435
12117021705,"Seminole, FL (CT)",0,2746,2746,0,5564,5564
12117021706,"Seminole, FL (CT)",0,1294,1294,0,3191,3191
12117021707,"Seminole, FL (CT)",0,3301,3301,0,6454,6454
12117021708,"Seminole, FL (CT)",0,2673,2673,0,6071,6071
12117021802,"Seminole, FL (CT)",0,2024,2024,0,4520,4520
12117021803,"Seminole, FL (CT)",0,1540,1540,0,3335,3335
12117021805,"Seminole, FL (CT)",0,657,657,0,1581,1581
12117021806,"Seminole, FL (CT)",0,3186,3186,0,4931,4931
12117021901,"Seminole, FL (CT)",0,2746,2746,0,4798,4798
12117021902,"Seminole, FL (CT)",0,2009,2009,0,4287,4287
12117022001,"Seminole, FL (CT)",0,925,925,0,2233,2233
12117022002,"Seminole, FL (CT)",0,1761,1761,0,3886,3886
12117022004,"Seminole, FL (CT)",0,1362,1362,0,2488,2488
12117022005,"Seminole, FL (CT)",0,3411,3411,0,7072,7072
12117022101,"Seminole, FL (CT)",0,3268,3268,0,6841,6841
12117022104,"Seminole, FL (CT)",0,2608,2608,0,6695,6695
12117022105,"Seminole, FL (CT)",0,1474,1474,0,3600,3600
12117022106,"Seminole, FL (CT)",0,3523,3523,0,8118,8118
12117022201,"Seminole, FL (CT)",0,2976,2976,0,5268,5268
12117022205,"Seminole, FL (CT)",0,1640,1640,0,3411,3411
12117022206,"Seminole, FL (CT)",0,2624,2624,0,5735,5735
12117022207,"Seminole, FL (CT)",0,2413,2413,0,5187,5187
12117022208,"Seminole, FL (CT)",0,2015,2015,0,4208,4208
12117022209,"Seminole, FL (CT)",0,1560,1560,0,3866,3866
12119910100,"Sumter, FL (CT)",936,155,1091,2298,383,2681
12119910300,"Sumter, FL (CT)",783,0,783,1573,0,1573
12119910401,"Sumter, FL (CT)",123,1804,1927,239,2904,3143
12119910402,"Sumter, FL (CT)",812,1014,1826,1412,1033,2445
12119910500,"Sumter, FL (CT)",1570,384,1954,3411,1144,4555
12119910601,"Sumter, FL (CT)",1552,870,2422,3376,1333,4709
12119910602,"Sumter, FL (CT)",1437,0,1437,2764,0,2764
12119910700,"Sumter, FL (CT)",2641,0,2641,5591,0,5591
12119910800,"Sumter, FL (CT)",0,3015,3015,0,4314,4314
12119910900,"Sumter, FL (CT)",0,0,0,6397,0,6397
12119911000,"Sumter, FL (CT)",55,0,55,2070,0,2070
12119911200,"Sumter, FL (CT)",1112,20423,21535,937,28740,29677
12119911301,"Sumter, FL (CT)",234,2388,2622,350,3062,3412
12119911302,"Sumter, FL (CT)",117,381,498,218,930,1148
12119911400,"Sumter, FL (CT)",158,910,1068,367,2176,2543
12119911500,"Sumter, FL (CT)",743,290,1033,1651,451,2102
12119911701,"Sumter, FL (CT)",0,6201,6201,0,9888,9888
12119911702,"Sumter, FL (CT)",0,2915,2915,0,4398,4398
12119980000,"Sumter, FL (CT)",3,0,3,10,0,10
12121970100,"Suwannee, FL (CT)",1597,1226,2823,3349,2861,6210
12121970200,"Suwannee, FL (CT)",1594,332,1926,3516,847,4363
12121970301,"Suwannee, FL (CT)",910,0,910,1803,0,1803
12121970302,"Suwannee, FL (CT)",3113,0,3113,6184,0,6184
12121970400,"Suwannee, FL (CT)",1595,1384,2979,3730,3286,7016
12121970500,"Suwannee, FL (CT)",3846,0,3846,9116,0,9116
12121970600,"Suwannee, FL (CT)",3567,0,3567,6859,0,6859
12123950100,"Taylor, FL (CT)",977,572,1549,2216,1217,3433
12123950200,"Taylor, FL (CT)",1738,801,2539,3414,1806,5220
12123950300,"Taylor, FL (CT)",970,1714,2684,2130,3910,6040
12123950400,"Taylor, FL (CT)",4232,0,4232,7877,0,7877
12123990000,"Taylor, FL (CT)",0,0,0,0,0,0
12125960100,"Union, FL (CT)",752,0,752,3721,0,3721
12125960200,"Union, FL (CT)",898,993,1891,2262,5057,7319
12125960300,"Union, FL (CT)",1865,0,1865,4495,0,4495
12127080100,"Volusia, FL (CT)",2672,2136,4808,4801,3979,8780
12127080201,"Volusia, FL (CT)",0,1950,1950,0,2555,2555
12127080202,"Volusia, FL (CT)",0,2042,2042,0,2748,2748
12127080300,"Volusia, FL (CT)",0,2804,2804,0,3283,3283
12127080400,"Volusia, FL (CT)",0,2059,2059,0,3401,3401
12127080500,"Volusia, FL (CT)",0,1617,1617,0,2428,2428
12127080600,"Volusia, FL (CT)",0,1839,1839,0,3528,3528
12127080700,"Volusia, FL (CT)",0,2046,2046,0,4478,4478
12127080803,"Volusia, FL (CT)",0,2345,2345,0,5048,5048
12127080804,"Volusia, FL (CT)",92,3775,3867,189,6775,6964
12127080805,"Volusia, FL (CT)",0,2917,2917,0,5688,5688
12127080806,"Volusia, FL (CT)",0,1323,1323,0,2717,2717
12127080807,"Volusia, FL (CT)",0,2506,2506,0,4766,4766
12127080901,"Volusia, FL (CT)",0,2278,2278,0,4099,4099
12127080902,"Volusia, FL (CT)",0,1757,1757,0,3590,3590
12127081000,"Volusia, FL (CT)",0,2806,2806,0,3868,3868
12127081101,"Volusia, FL (CT)",0,2229,2229,0,2517,2517
12127081102,"Volusia, FL (CT)",0,1272,1272,0,1931,1931
12127081200,"Volusia, FL (CT)",0,2943,2943,0,3724,3724
12127081300,"Volusia, FL (CT)",0,1674,1674,0,2134,2134
12127081500,"Volusia, FL (CT)",0,1166,1166,0,1987,1987
12127081600,"Volusia, FL (CT)",0,1098,1098,0,2226,2226
12127081700,"Volusia, FL (CT)",0,3101,3101,0,6858,6858
12127081800,"Volusia, FL (CT)",0,1142,1142,0,2729,2729
12127081900,"Volusia, FL (CT)",0,923,923,0,2397,2397
12127082000,"Volusia, FL (CT)",0,1023,1023,0,2759,2759
12127082100,"Volusia, FL (CT)",0,1930,1930,0,4569,4569
12127082201,"Volusia, FL (CT)",0,2666,2666,0,3879,3879
12127082202,"Volusia, FL (CT)",0,803,803,0,1590,1590
12127082301,"Volusia, FL (CT)",100,3309,3409,344,5695,6039
12127082401,"Volusia, FL (CT)",0,2131,2131,0,3255,3255
12127082404,"Volusia, FL (CT)",0,1321,1321,0,2678,2678
12127082405,"Volusia, FL (CT)",0,2077,2077,0,3972,3972
12127082406,"Volusia, FL (CT)",0,1140,1140,0,2534,2534
12127082410,"Volusia, FL (CT)",0,3042,3042,0,5679,5679
12127082411,"Volusia, FL (CT)",0,1949,1949,0,3071,3071
12127082412,"Volusia, FL (CT)",0,1470,1470,0,2398,2398
12127082413,"Volusia, FL (CT)",0,1488,1488,0,3382,3382
12127082414,"Volusia, FL (CT)",0,2386,2386,0,3369,3369
12127082415,"Volusia, FL (CT)",0,1602,1602,0,2473,2473
12127082503,"Volusia, FL (CT)",0,2941,2941,0,5775,5775
12127082506,"Volusia, FL (CT)",0,2408,2408,0,4396,4396
12127082507,"Volusia, FL (CT)",0,3464,3464,0,6874,6874
12127082508,"Volusia, FL (CT)",0,1924,1924,0,4754,4754
12127082509,"Volusia, FL (CT)",5,1775,1780,11,4150,4161
12127082510,"Volusia, FL (CT)",0,2297,2297,0,3895,3895
12127082511,"Volusia, FL (CT)",0,1545,1545,0,2561,2561
12127082604,"Volusia, FL (CT)",0,2746,2746,0,2561,2561
12127082605,"Volusia, FL (CT)",0,3297,3297,0,3368,3368
12127082606,"Volusia, FL (CT)",0,2916,2916,0,3032,3032
12127082607,"Volusia, FL (CT)",0,2297,2297,0,2176,2176
12127082701,"Volusia, FL (CT)",0,1861,1861,0,1789,1789
12127082703,"Volusia, FL (CT)",0,2871,2871,0,2807,2807
12127082704,"Volusia, FL (CT)",695,2402,3097,517,1549,2066
12127082705,"Volusia, FL (CT)",137,2889,3026,161,2154,2315
12127082801,"Volusia, FL (CT)",1,1359,1360,1,2595,2596
12127082802,"Volusia, FL (CT)",181,2292,2473,354,3590,3944
12127082902,"Volusia, FL (CT)",557,2254,2811,1034,4516,5550
12127082903,"Volusia, FL (CT)",127,1948,2075,284,3679,3963
12127082904,"Volusia, FL (CT)",352,2522,2874,852,3891,4743
12127083003,"Volusia, FL (CT)",1558,1985,3543,2905,3000,5905
12127083005,"Volusia, FL (CT)",0,2058,2058,0,3770,3770
12127083006,"Volusia, FL (CT)",0,2897,2897,0,6713,6713
12127083007,"Volusia, FL (CT)",158,1541,1699,393,3681,4074
12127083008,"Volusia, FL (CT)",0,1890,1890,0,3178,3178
12127083009,"Volusia, FL (CT)",83,1580,1663,181,3499,3680
12127083203,"Volusia, FL (CT)",358,2420,2778,951,5967,6918
12127083205,"Volusia, FL (CT)",318,730,1048,774,1475,2249
12127083206,"Volusia, FL (CT)",360,0,360,4069,0,4069
12127083207,"Volusia, FL (CT)",1122,1865,2987,2525,3653,6178
12127083208,"Volusia, FL (CT)",328,5211,5539,841,10991,11832
12127083209,"Volusia, FL (CT)",1898,492,2390,4018,892,4910
12127090101,"Volusia, FL (CT)",1914,43,1957,4677,81,4758
12127090102,"Volusia, FL (CT)",1688,0,1688,3473,0,3473
12127090202,"Volusia, FL (CT)",7,2835,2842,19,5954,5973
12127090203,"Volusia, FL (CT)",708,1471,2179,1254,3515,4769
12127090204,"Volusia, FL (CT)",864,2218,3082,1903,5025,6928
12127090303,"Volusia, FL (CT)",603,749,1352,1149,1652,2801
12127090304,"Volusia, FL (CT)",39,2065,2104,106,4380,4486
12127090305,"Volusia, FL (CT)",102,1329,1431,329,3225,3554
12127090306,"Volusia, FL (CT)",221,1820,2041,410,3863,4273
12127090307,"Volusia, FL (CT)",0,2633,2633,0,5476,5476
12127090400,"Volusia, FL (CT)",0,2256,2256,0,5408,5408
12127090500,"Volusia, FL (CT)",0,1352,1352,0,2352,2352
12127090600,"Volusia, FL (CT)",0,2403,2403,0,5920,5920
12127090701,"Volusia, FL (CT)",347,1942,2289,734,4188,4922
12127090702,"Volusia, FL (CT)",0,2098,2098,0,4651,4651
12127090803,"Volusia, FL (CT)",635,1500,2135,1194,3866,5060
12127090804,"Volusia, FL (CT)",216,2893,3109,519,6395,6914
12127090805,"Volusia, FL (CT)",166,3288,3454,406,5359,5765
12127090806,"Volusia, FL (CT)",0,2257,2257,0,4055,4055
12127090902,"Volusia, FL (CT)",155,4130,4285,244,9698,9942
12127090903,"Volusia, FL (CT)",0,2208,2208,0,4219,4219
12127090904,"Volusia, FL (CT)",723,1572,2295,1547,3747,5294
12127091001,"Volusia, FL (CT)",793,1782,2575,1659,4288,5947
12127091005,"Volusia, FL (CT)",780,68,848,1776,174,1950
12127091013,"Volusia, FL (CT)",241,2862,3103,606,6980,7586
12127091015,"Volusia, FL (CT)",0,1791,1791,0,3958,3958
12127091016,"Volusia, FL (CT)",0,2568,2568,0,5866,5866
12127091017,"Volusia, FL (CT)",0,1474,1474,0,3637,3637
12127091018,"Volusia, FL (CT)",0,2944,2944,0,6831,6831
12127091019,"Volusia, FL (CT)",0,2024,2024,0,5131,5131
12127091020,"Volusia, FL (CT)",62,2330,2392,162,6530,6692
12127091021,"Volusia, FL (CT)",116,833,949,293,2263,2556
12127091022,"Volusia, FL (CT)",0,2932,2932,0,7540,7540
12127091023,"Volusia, FL (CT)",0,1177,1177,0,2832,2832
12127091024,"Volusia, FL (CT)",87,2607,2694,221,6839,7060
12127091025,"Volusia, FL (CT)",0,1646,1646,0,4520,4520
12127091026,"Volusia, FL (CT)",0,2764,2764,0,7224,7224
12127091027,"Volusia, FL (CT)",0,2635,2635,0,6829,6829
12127091028,"Volusia, FL (CT)",0,1758,1758,0,4360,4360
12127091029,"Volusia, FL (CT)",577,1788,2365,1292,3338,4630
12127092500,"Volusia, FL (CT)",1,2272,2273,1,5557,5558
12127990000,"Volusia, FL (CT)",0,0,0,0,0,0
12129010100,"Wakulla, FL (CT)",3208,0,3208,5276,0,5276
12129010201,"Wakulla, FL (CT)",1098,2393,3491,2486,5815,8301
12129010202,"Wakulla, FL (CT)",1984,591,2575,3618,4714,8332
12129010203,"Wakulla, FL (CT)",3071,459,3530,7602,1265,8867
12129990000,"Wakulla, FL (CT)",0,0,0,0,0,0
12131950101,"Walton, FL (CT)",3081,0,3081,6219,0,6219
12131950102,"Walton, FL (CT)",1573,0,1573,3045,0,3045
12131950200,"Walton, FL (CT)",927,1348,2275,3507,2428,5935
12131950301,"Walton, FL (CT)",1686,1169,2855,3036,2546,5582
12131950302,"Walton, FL (CT)",1691,930,2621,3519,1903,5422
12131950400,"Walton, FL (CT)",1438,0,1438,2945,0,2945
12131950501,"Walton, FL (CT)",2288,0,2288,3718,0,3718
12131950502,"Walton, FL (CT)",1726,328,2054,3094,631,3725
12131950601,"Walton, FL (CT)",4261,3944,8205,3650,4929,8579
12131950602,"Walton, FL (CT)",4433,1343,5776,1999,507,2506
12131950603,"Walton, FL (CT)",39,12927,12966,14,7353,7367
12131990000,"Walton, FL (CT)",0,0,0,0,0,0
12133970102,"Washington, FL (CT)",696,0,696,1651,0,1651
12133970103,"Washington, FL (CT)",540,1034,1574,1186,2149,3335
12133970104,"Washington, FL (CT)",674,718,1392,1531,1697,3228
12133970200,"Washington, FL (CT)",1706,0,1706,3624,0,3624
12133970301,"Washington, FL (CT)",1219,0,1219,2282,0,2282
12133970302,"Washington, FL (CT)",2269,0,2269,6615,0,6615
12133970303,"Washington, FL (CT)",1940,0,1940,4161,0,4161
13001950100,"Appling, GA (CT)",1627,0,1627,3190,0,3190
13001950200,"Appling, GA (CT)",1254,809,2063,2892,1638,4530
13001950300,"Appling, GA (CT)",672,1588,2260,1606,3570,5176
13001950400,"Appling, GA (CT)",773,0,773,1476,0,1476
13001950500,"Appling, GA (CT)",1789,0,1789,3864,0,3864
13003960100,"Atkinson, GA (CT)",951,0,951,2077,0,2077
13003960200,"Atkinson, GA (CT)",2035,0,2035,5053,0,5053
13003960300,"Atkinson, GA (CT)",536,0,536,1245,0,1245
13005970100,"Bacon, GA (CT)",1318,0,1318,3057,0,3057
13005970201,"Bacon, GA (CT)",981,858,1839,2269,1964,4233
13005970202,"Bacon, GA (CT)",1075,569,1644,2362,1444,3806
13007960100,"Baker, GA (CT)",1030,0,1030,2198,0,2198
13007960200,"Baker, GA (CT)",622,0,622,1253,0,1253
13009970100,"Baldwin, GA (CT)",2584,1,2585,5400,1,5401
13009970200,"Baldwin, GA (CT)",12,3436,3448,8,6875,6883
13009970300,"Baldwin, GA (CT)",1418,1588,3006,2670,3428,6098
13009970400,"Baldwin, GA (CT)",0,2100,2100,0,4336,4336
13009970500,"Baldwin, GA (CT)",752,1689,2441,2294,4820,7114
13009970600,"Baldwin, GA (CT)",1,2001,2002,1,3922,3923
13009970701,"Baldwin, GA (CT)",0,1053,1053,0,2632,2632
13009970702,"Baldwin, GA (CT)",0,889,889,0,2297,2297
13009970800,"Baldwin, GA (CT)",2443,192,2635,5693,1343,7036
13011970100,"Banks, GA (CT)",1888,313,2201,4379,829,5208
13011970200,"Banks, GA (CT)",2112,0,2112,5017,0,5017
13011970300,"Banks, GA (CT)",1721,113,1834,4060,306,4366
13011970400,"Banks, GA (CT)",1448,0,1448,3804,0,3804
13013180103,"Barrow, GA (CT)",549,1165,1714,1469,3199,4668
13013180104,"Barrow, GA (CT)",133,617,750,331,1685,2016
13013180105,"Barrow, GA (CT)",470,435,905,1284,1217,2501
13013180106,"Barrow, GA (CT)",137,871,1008,375,2249,2624
13013180107,"Barrow, GA (CT)",276,1201,1477,728,3126,3854
13013180108,"Barrow, GA (CT)",615,487,1102,1521,1410,2931
13013180203,"Barrow, GA (CT)",0,1307,1307,0,3187,3187
13013180204,"Barrow, GA (CT)",126,796,922,319,2097,2416
13013180205,"Barrow, GA (CT)",0,1745,1745,0,4042,4042
13013180206,"Barrow, GA (CT)",0,1212,1212,0,2887,2887
13013180301,"Barrow, GA (CT)",386,411,797,982,1080,2062
13013180302,"Barrow, GA (CT)",777,1432,2209,2106,3643,5749
13013180303,"Barrow, GA (CT)",701,894,1595,1790,2439,4229
13013180401,"Barrow, GA (CT)",1101,906,2007,2740,2451,5191
13013180402,"Barrow, GA (CT)",1167,1171,2338,2918,3075,5993
13013180501,"Barrow, GA (CT)",310,1434,1744,787,4292,5079
13013180502,"Barrow, GA (CT)",1127,531,1658,3046,1488,4534
13013180503,"Barrow, GA (CT)",172,1738,1910,457,4947,5404
13015960101,"Bartow, GA (CT)",678,0,678,1694,0,1694
13015960102,"Bartow, GA (CT)",3174,547,3721,8163,1344,9507
13015960200,"Bartow, GA (CT)",2341,1979,4320,6042,4760,10802
13015960300,"Bartow, GA (CT)",1892,619,2511,4751,1896,6647
13015960401,"Bartow, GA (CT)",1,3806,3807,2,8942,8944
13015960402,"Bartow, GA (CT)",331,3099,3430,723,8203,8926
13015960500,"Bartow, GA (CT)",429,2632,3061,1063,6321,7384
13015960600,"Bartow, GA (CT)",0,3824,3824,0,8969,8969
13015960700,"Bartow, GA (CT)",553,2594,3147,1139,6110,7249
13015960801,"Bartow, GA (CT)",198,1199,1397,440,3139,3579
13015960802,"Bartow, GA (CT)",0,1337,1337,0,3316,3316
13015960803,"Bartow, GA (CT)",1194,980,2174,2823,2326,5149
13015960901,"Bartow, GA (CT)",409,707,1116,969,1870,2839
13015960902,"Bartow, GA (CT)",726,1657,2383,1918,4819,6737
13015961000,"Bartow, GA (CT)",2033,884,2917,5556,2859,8415
13017960100,"Ben Hill, GA (CT)",1088,12,1100,2255,31,2286
13017960200,"Ben Hill, GA (CT)",710,69,779,1544,208,1752
13017960300,"Ben Hill, GA (CT)",295,1487,1782,684,3318,4002
13017960400,"Ben Hill, GA (CT)",298,1313,1611,644,3125,3769
13017960500,"Ben Hill, GA (CT)",384,2286,2670,869,4956,5825
13019970100,"Berrien, GA (CT)",909,0,909,1828,0,1828
13019970200,"Berrien, GA (CT)",1681,0,1681,3947,0,3947
13019970300,"Berrien, GA (CT)",728,595,1323,1685,1197,2882
13019970400,"Berrien, GA (CT)",716,870,1586,1497,1871,3368
13019970500,"Berrien, GA (CT)",1010,649,1659,2228,1533,3761
13019970600,"Berrien, GA (CT)",1551,0,1551,3500,0,3500
13021010100,"Bibb, GA (CT)",0,1029,1029,0,1657,1657
13021010200,"Bibb, GA (CT)",0,1413,1413,0,2164,2164
13021010300,"Bibb, GA (CT)",0,565,565,0,997,997
13021010400,"Bibb, GA (CT)",0,1326,1326,0,2365,2365
13021010500,"Bibb, GA (CT)",0,777,777,0,3195,3195
13021010800,"Bibb, GA (CT)",0,1058,1058,0,1315,1315
13021011000,"Bibb, GA (CT)",274,2467,2741,553,4419,4972
13021011100,"Bibb, GA (CT)",0,1263,1263,0,2240,2240
13021011500,"Bibb, GA (CT)",0,658,658,0,1401,1401
13021011701,"Bibb, GA (CT)",0,1009,1009,0,2539,2539
13021011702,"Bibb, GA (CT)",0,1893,1893,0,4425,4425
13021011800,"Bibb, GA (CT)",0,1861,1861,0,3625,3625
13021011900,"Bibb, GA (CT)",0,1225,1225,0,2167,2167
13021012000,"Bibb, GA (CT)",0,2091,2091,0,4330,4330
13021012101,"Bibb, GA (CT)",0,888,888,0,2261,2261
13021012102,"Bibb, GA (CT)",0,2506,2506,0,4673,4673
13021012200,"Bibb, GA (CT)",0,1070,1070,0,2341,2341
13021012300,"Bibb, GA (CT)",0,1446,1446,0,2851,2851
13021012400,"Bibb, GA (CT)",0,1859,1859,0,4305,4305
13021012500,"Bibb, GA (CT)",0,1413,1413,0,3428,3428
13021012600,"Bibb, GA (CT)",0,1902,1902,0,4171,4171
13021012700,"Bibb, GA (CT)",0,1014,1014,0,2184,2184
13021012800,"Bibb, GA (CT)",0,1442,1442,0,3260,3260
13021012900,"Bibb, GA (CT)",0,881,881,0,1837,1837
13021013101,"Bibb, GA (CT)",0,2325,2325,0,6119,6119
13021013102,"Bibb, GA (CT)",0,1584,1584,0,4340,4340
13021013201,"Bibb, GA (CT)",40,2584,2624,116,5918,6034
13021013202,"Bibb, GA (CT)",0,1424,1424,0,2952,2952
13021013302,"Bibb, GA (CT)",492,1273,1765,1016,3404,4420
13021013407,"Bibb, GA (CT)",0,1955,1955,0,4229,4229
13021013408,"Bibb, GA (CT)",0,1728,1728,0,4418,4418
13021013409,"Bibb, GA (CT)",353,1350,1703,938,3205,4143
13021013410,"Bibb, GA (CT)",726,1797,2523,1817,3765,5582
13021013411,"Bibb, GA (CT)",339,1719,2058,840,3199,4039
13021013502,"Bibb, GA (CT)",777,102,879,1716,211,1927
13021013503,"Bibb, GA (CT)",1,898,899,1,2113,2114
13021013504,"Bibb, GA (CT)",425,3036,3461,1029,7546,8575
13021013603,"Bibb, GA (CT)",1243,48,1291,4088,365,4453
13021013604,"Bibb, GA (CT)",1777,185,1962,4357,441,4798
13021013605,"Bibb, GA (CT)",884,1464,2348,1857,3597,5454
13021013606,"Bibb, GA (CT)",1487,1056,2543,3579,2434,6013
13021013700,"Bibb, GA (CT)",0,1392,1392,0,3233,3233
13021013800,"Bibb, GA (CT)",0,892,892,0,1931,1931
13021013900,"Bibb, GA (CT)",235,741,976,508,1562,2070
13023790100,"Bleckley, GA (CT)",1932,143,2075,4426,423,4849
13023790200,"Bleckley, GA (CT)",248,944,1192,675,1976,2651
13023790300,"Bleckley, GA (CT)",727,1310,2037,1638,3925,5563
13025960100,"Brantley, GA (CT)",3092,0,3092,6832,0,6832
13025960200,"Brantley, GA (CT)",2746,0,2746,6224,0,6224
13025960300,"Brantley, GA (CT)",2203,45,2248,5253,102,5355
13027960200,"Brooks, GA (CT)",799,0,799,1660,0,1660
13027960300,"Brooks, GA (CT)",2271,438,2709,4866,935,5801
13027960400,"Brooks, GA (CT)",679,950,1629,1615,1986,3601
13027960500,"Brooks, GA (CT)",417,888,1305,793,1783,2576
13027960600,"Brooks, GA (CT)",1264,0,1264,2605,0,2605
13029920101,"Bryan, GA (CT)",1948,0,1948,4771,0,4771
13029920102,"Bryan, GA (CT)",2084,0,2084,4967,0,4967
13029920301,"Bryan, GA (CT)",711,0,711,1858,0,1858
13029920303,"Bryan, GA (CT)",16,2017,2033,32,5108,5140
13029920305,"Bryan, GA (CT)",61,1375,1436,103,3909,4012
13029920306,"Bryan, GA (CT)",1677,1953,3630,4094,5391,9485
13029980000,"Bryan, GA (CT)",0,0,0,0,0,0
13031110100,"Bulloch, GA (CT)",1748,0,1748,3981,0,3981
13031110200,"Bulloch, GA (CT)",1439,1936,3375,3539,4784,8323
13031110300,"Bulloch, GA (CT)",1837,1586,3423,4140,3848,7988
13031110401,"Bulloch, GA (CT)",74,1656,1730,153,3202,3355
13031110403,"Bulloch, GA (CT)",0,3248,3248,0,6801,6801
13031110404,"Bulloch, GA (CT)",0,1437,1437,0,7267,7267
13031110500,"Bulloch, GA (CT)",10,1957,1967,34,4011,4045
13031110601,"Bulloch, GA (CT)",1105,1491,2596,2713,3072,5785
13031110602,"Bulloch, GA (CT)",953,756,1709,2114,1869,3983
13031110700,"Bulloch, GA (CT)",3126,517,3643,7737,1460,9197
13031110800,"Bulloch, GA (CT)",1122,0,1122,2542,0,2542
13031110900,"Bulloch, GA (CT)",2796,0,2796,6950,0,6950
13033950100,"Burke, GA (CT)",2200,0,2200,5043,0,5043
13033950200,"Burke, GA (CT)",1169,0,1169,2833,0,2833
13033950400,"Burke, GA (CT)",655,1455,2110,1630,3564,5194
13033950500,"Burke, GA (CT)",1284,845,2129,3084,2266,5350
13033950700,"Burke, GA (CT)",1428,0,1428,3139,0,3139
13033950900,"Burke, GA (CT)",829,0,829,1757,0,1757
13035150100,"Butts, GA (CT)",3622,0,3622,8089,0,8089
13035150200,"Butts, GA (CT)",1287,2222,3509,2878,5218,8096
13035150300,"Butts, GA (CT)",2226,0,2226,7470,0,7470
13037950100,"Calhoun, GA (CT)",849,0,849,3163,0,3163
13037950200,"Calhoun, GA (CT)",1560,0,1560,3531,0,3531
13039010100,"Camden, GA (CT)",1657,0,1657,3114,0,3114
13039010200,"Camden, GA (CT)",2143,0,2143,5108,0,5108
13039010301,"Camden, GA (CT)",929,2427,3356,2268,5650,7918
13039010302,"Camden, GA (CT)",869,972,1841,1899,2488,4387
13039010401,"Camden, GA (CT)",157,3996,4153,351,10212,10563
13039010402,"Camden, GA (CT)",461,1719,2180,1194,4223,5417
13039010403,"Camden, GA (CT)",204,1362,1566,411,3417,3828
13039010500,"Camden, GA (CT)",13,524,537,39,2718,2757
13039010601,"Camden, GA (CT)",241,2910,3151,588,5798,6386
13039010602,"Camden, GA (CT)",477,53,530,911,124,1035
13039990000,"Camden, GA (CT)",0,0,0,0,0,0
13043950100,"Candler, GA (CT)",1070,1147,2217,2369,2722,5091
13043950200,"Candler, GA (CT)",1182,429,1611,2589,911,3500
13043950300,"Candler, GA (CT)",933,0,933,2407,0,2407
13045910101,"Carroll, GA (CT)",74,2546,2620,210,5719,5929
13045910103,"Carroll, GA (CT)",1043,905,1948,2643,2377,5020
13045910104,"Carroll, GA (CT)",539,2999,3538,1387,7886,9273
13045910200,"Carroll, GA (CT)",2452,2147,4599,6283,5445,11728
13045910300,"Carroll, GA (CT)",2413,75,2488,6107,203,6310
13045910400,"Carroll, GA (CT)",1477,0,1477,3281,0,3281
13045910501,"Carroll, GA (CT)",346,2245,2591,881,7995,8876
13045910502,"Carroll, GA (CT)",0,1352,1352,0,2920,2920
13045910600,"Carroll, GA (CT)",508,1804,2312,1295,4273,5568
13045910701,"Carroll, GA (CT)",957,2425,3382,2389,6782,9171
13045910702,"Carroll, GA (CT)",976,2315,3291,2408,5330,7738
13045910703,"Carroll, GA (CT)",575,2754,3329,1390,6582,7972
13045910800,"Carroll, GA (CT)",1654,0,1654,3974,0,3974
13045910900,"Carroll, GA (CT)",1567,0,1567,3891,0,3891
13045911000,"Carroll, GA (CT)",865,1711,2576,2158,3999,6157
13045911100,"Carroll, GA (CT)",891,2473,3364,2203,4788,6991
13045911200,"Carroll, GA (CT)",2519,0,2519,5728,0,5728
13047030100,"Catoosa, GA (CT)",2489,344,2833,6183,772,6955
13047030201,"Catoosa, GA (CT)",4,2016,2020,9,4699,4708
13047030202,"Catoosa, GA (CT)",803,1688,2491,2073,4159,6232
13047030301,"Catoosa, GA (CT)",55,2740,2795,114,7220,7334
13047030303,"Catoosa, GA (CT)",1265,25,1290,3164,69,3233
13047030304,"Catoosa, GA (CT)",1342,0,1342,3651,0,3651
13047030401,"Catoosa, GA (CT)",1020,1763,2783,2601,4538,7139
13047030402,"Catoosa, GA (CT)",0,2556,2556,0,6192,6192
13047030500,"Catoosa, GA (CT)",0,2761,2761,0,5659,5659
13047030600,"Catoosa, GA (CT)",0,2234,2234,0,5122,5122
13047030700,"Catoosa, GA (CT)",92,3409,3501,174,7543,7717
13049010100,"Charlton, GA (CT)",1427,1769,3196,3369,5961,9330
13049010200,"Charlton, GA (CT)",1279,0,1279,2841,0,2841
13051000100,"Chatham, GA (CT)",0,315,315,0,1811,1811
13051000300,"Chatham, GA (CT)",0,1091,1091,0,1886,1886
13051000601,"Chatham, GA (CT)",0,1538,1538,0,4528,4528
13051000900,"Chatham, GA (CT)",0,922,922,0,1053,1053
13051001100,"Chatham, GA (CT)",0,1135,1135,0,2192,2192
13051001200,"Chatham, GA (CT)",0,866,866,0,2225,2225
13051001500,"Chatham, GA (CT)",0,808,808,0,1160,1160
13051002000,"Chatham, GA (CT)",0,901,901,0,1693,1693
13051002100,"Chatham, GA (CT)",0,1117,1117,0,2408,2408
13051002200,"Chatham, GA (CT)",0,1969,1969,0,4227,4227
13051002300,"Chatham, GA (CT)",0,1105,1105,0,2056,2056
13051002600,"Chatham, GA (CT)",0,791,791,0,1535,1535
13051002700,"Chatham, GA (CT)",0,1438,1438,0,3048,3048
13051002800,"Chatham, GA (CT)",0,1372,1372,0,3115,3115
13051002900,"Chatham, GA (CT)",0,1519,1519,0,2986,2986
13051003000,"Chatham, GA (CT)",0,1038,1038,0,1901,1901
13051003301,"Chatham, GA (CT)",0,888,888,0,1856,1856
13051003302,"Chatham, GA (CT)",0,681,681,0,1665,1665
13051003400,"Chatham, GA (CT)",0,1964,1964,0,4243,4243
13051003501,"Chatham, GA (CT)",0,1328,1328,0,2744,2744
13051003502,"Chatham, GA (CT)",0,1556,1556,0,3641,3641
13051003601,"Chatham, GA (CT)",0,1211,1211,0,2818,2818
13051003602,"Chatham, GA (CT)",0,2107,2107,0,4629,4629
13051003700,"Chatham, GA (CT)",0,639,639,0,1405,1405
13051003800,"Chatham, GA (CT)",0,844,844,0,2143,2143
13051003900,"Chatham, GA (CT)",0,1423,1423,0,3534,3534
13051004001,"Chatham, GA (CT)",0,2171,2171,0,4361,4361
13051004002,"Chatham, GA (CT)",0,1894,1894,0,3697,3697
13051004100,"Chatham, GA (CT)",0,827,827,0,1965,1965
13051004207,"Chatham, GA (CT)",0,1747,1747,0,3717,3717
13051004208,"Chatham, GA (CT)",0,2224,2224,0,4714,4714
13051004209,"Chatham, GA (CT)",0,1589,1589,0,3175,3175
13051004210,"Chatham, GA (CT)",0,2202,2202,0,4375,4375
13051004211,"Chatham, GA (CT)",0,1940,1940,0,4870,4870
13051004212,"Chatham, GA (CT)",0,2153,2153,0,5284,5284
13051004300,"Chatham, GA (CT)",0,588,588,0,2615,2615
13051004400,"Chatham, GA (CT)",0,890,890,0,2337,2337
13051004500,"Chatham, GA (CT)",0,1646,1646,0,4051,4051
13051010101,"Chatham, GA (CT)",0,534,534,0,917,917
13051010102,"Chatham, GA (CT)",0,1617,1617,0,5373,5373
13051010200,"Chatham, GA (CT)",0,1597,1597,0,4296,4296
13051010501,"Chatham, GA (CT)",421,1870,2291,822,5407,6229
13051010502,"Chatham, GA (CT)",137,1349,1486,288,3338,3626
13051010601,"Chatham, GA (CT)",0,1767,1767,0,4376,4376
13051010603,"Chatham, GA (CT)",0,813,813,0,1778,1778
13051010605,"Chatham, GA (CT)",12,0,12,11,0,11
13051010700,"Chatham, GA (CT)",267,6586,6853,593,16204,16797
13051010801,"Chatham, GA (CT)",322,779,1101,755,1853,2608
13051010802,"Chatham, GA (CT)",1105,1878,2983,2497,4717,7214
13051010803,"Chatham, GA (CT)",203,3766,3969,417,9465,9882
13051010806,"Chatham, GA (CT)",146,2413,2559,335,5037,5372
13051010807,"Chatham, GA (CT)",72,2120,2192,182,5250,5432
13051010808,"Chatham, GA (CT)",299,3622,3921,699,8278,8977
13051010809,"Chatham, GA (CT)",32,4084,4116,71,9627,9698
13051010901,"Chatham, GA (CT)",84,1967,2051,154,4031,4185
13051011003,"Chatham, GA (CT)",0,2648,2648,0,6341,6341
13051011004,"Chatham, GA (CT)",415,1097,1512,1111,2554,3665
13051011005,"Chatham, GA (CT)",591,1709,2300,1142,3429,4571
13051011006,"Chatham, GA (CT)",661,1415,2076,1089,2724,3813
13051011103,"Chatham, GA (CT)",56,3492,3548,104,3202,3306
13051011104,"Chatham, GA (CT)",0,2484,2484,0,5234,5234
13051011106,"Chatham, GA (CT)",173,2391,2564,410,4952,5362
13051011107,"Chatham, GA (CT)",109,1295,1404,248,2906,3154
13051011108,"Chatham, GA (CT)",94,1147,1241,241,2889,3130
13051011109,"Chatham, GA (CT)",87,3072,3159,215,6559,6774
13051011200,"Chatham, GA (CT)",0,1239,1239,0,1894,1894
13051011300,"Chatham, GA (CT)",0,1318,1318,0,2370,2370
13051011400,"Chatham, GA (CT)",0,1365,1365,0,2042,2042
13051011500,"Chatham, GA (CT)",318,864,1182,560,2169,2729
13051011600,"Chatham, GA (CT)",0,984,984,0,2307,2307
13051980000,"Chatham, GA (CT)",0,0,0,0,2,2
13051990000,"Chatham, GA (CT)",0,0,0,0,0,0
13053020100,"Chattahoochee, GA (CT)",1440,0,1440,2961,0,2961
13053020201,"Chattahoochee, GA (CT)",0,435,435,0,4042,4042
13053020203,"Chattahoochee, GA (CT)",114,305,419,161,980,1141
13053020205,"Chattahoochee, GA (CT)",0,1023,1023,0,2919,2919
13053020206,"Chattahoochee, GA (CT)",59,0,59,204,0,204
13055010100,"Chattooga, GA (CT)",1023,0,1023,2255,0,2255
13055010200,"Chattooga, GA (CT)",1445,1289,2734,3345,3102,6447
13055010300,"Chattooga, GA (CT)",1484,0,1484,2891,0,2891
13055010400,"Chattooga, GA (CT)",968,1415,2383,2376,2899,5275
13055010500,"Chattooga, GA (CT)",640,1556,2196,1384,5040,6424
13055010600,"Chattooga, GA (CT)",1157,0,1157,2723,0,2723
13057090100,"Cherokee, GA (CT)",2290,992,3282,5797,2543,8340
13057090200,"Cherokee, GA (CT)",3144,79,3223,7520,252,7772
13057090300,"Cherokee, GA (CT)",1261,2979,4240,3062,8493,11555
13057090400,"Cherokee, GA (CT)",658,3237,3895,1585,7343,8928
13057090501,"Cherokee, GA (CT)",2253,5,2258,5863,14,5877
13057090502,"Cherokee, GA (CT)",2721,1737,4458,7147,4918,12065
13057090601,"Cherokee, GA (CT)",0,2511,2511,0,6841,6841
13057090602,"Cherokee, GA (CT)",424,2528,2952,1053,7323,8376
13057090701,"Cherokee, GA (CT)",0,7507,7507,0,19523,19523
13057090702,"Cherokee, GA (CT)",0,2908,2908,0,7180,7180
13057090802,"Cherokee, GA (CT)",1372,1152,2524,3443,3199,6642
13057090803,"Cherokee, GA (CT)",99,3292,3391,257,9601,9858
13057090804,"Cherokee, GA (CT)",297,2843,3140,663,7922,8585
13057090901,"Cherokee, GA (CT)",0,2644,2644,0,7119,7119
13057090902,"Cherokee, GA (CT)",0,5407,5407,0,13319,13319
13057090904,"Cherokee, GA (CT)",0,3003,3003,0,7544,7544
13057090905,"Cherokee, GA (CT)",0,1967,1967,0,3908,3908
13057091001,"Cherokee, GA (CT)",0,1736,1736,0,3665,3665
13057091003,"Cherokee, GA (CT)",0,3067,3067,0,7627,7627
13057091005,"Cherokee, GA (CT)",0,2684,2684,0,7284,7284
13057091006,"Cherokee, GA (CT)",0,1724,1724,0,5085,5085
13057091007,"Cherokee, GA (CT)",0,2311,2311,0,6618,6618
13057091008,"Cherokee, GA (CT)",0,3098,3098,0,8676,8676
13057091101,"Cherokee, GA (CT)",0,2247,2247,0,5557,5557
13057091102,"Cherokee, GA (CT)",0,3097,3097,0,8383,8383
13057091103,"Cherokee, GA (CT)",128,2958,3086,269,7750,8019
13059000100,"Clarke, GA (CT)",0,958,958,0,1596,1596
13059000401,"Clarke, GA (CT)",0,801,801,0,1225,1225
13059000402,"Clarke, GA (CT)",0,399,399,0,7090,7090
13059000600,"Clarke, GA (CT)",0,1164,1164,0,2594,2594
13059000900,"Clarke, GA (CT)",0,1643,1643,0,3275,3275
13059001200,"Clarke, GA (CT)",0,1556,1556,0,2646,2646
13059001700,"Clarke, GA (CT)",0,837,837,0,2011,2011
13059001800,"Clarke, GA (CT)",0,1240,1240,0,2474,2474
13059001900,"Clarke, GA (CT)",0,1687,1687,0,3229,3229
13059002000,"Clarke, GA (CT)",0,1012,1012,0,1705,1705
13059002100,"Clarke, GA (CT)",0,1683,1683,0,4020,4020
13059002200,"Clarke, GA (CT)",0,1163,1163,0,2167,2167
13059030100,"Clarke, GA (CT)",0,2449,2449,0,4778,4778
13059030200,"Clarke, GA (CT)",0,1964,1964,0,4251,4251
13059130300,"Clarke, GA (CT)",26,1736,1762,40,5362,5402
13059130400,"Clarke, GA (CT)",186,2296,2482,408,5396,5804
13059130500,"Clarke, GA (CT)",705,463,1168,1751,1091,2842
13059130600,"Clarke, GA (CT)",33,2998,3031,72,6206,6278
13059130700,"Clarke, GA (CT)",0,2920,2920,0,5601,5601
13059140300,"Clarke, GA (CT)",509,1534,2043,1208,3667,4875
13059140400,"Clarke, GA (CT)",92,1211,1303,208,3404,3612
13059140500,"Clarke, GA (CT)",93,631,724,209,1991,2200
13059140600,"Clarke, GA (CT)",251,1846,2097,560,4282,4842
13059150300,"Clarke, GA (CT)",0,1587,1587,0,3302,3302
13059150400,"Clarke, GA (CT)",47,1859,1906,76,4858,4934
13059150500,"Clarke, GA (CT)",0,2409,2409,0,4741,4741
13059150600,"Clarke, GA (CT)",0,1862,1862,0,3242,3242
13059150700,"Clarke, GA (CT)",41,2870,2911,94,6011,6105
13059150800,"Clarke, GA (CT)",141,2353,2494,339,5512,5851
13059150900,"Clarke, GA (CT)",767,1046,1813,1874,2148,4022
13061960300,"Clay, GA (CT)",2102,0,2102,3183,0,3183
13063040202,"Clayton, GA (CT)",0,1030,1030,0,2501,2501
13063040203,"Clayton, GA (CT)",0,1735,1735,0,3633,3633
13063040204,"Clayton, GA (CT)",0,1992,1992,0,3745,3745
13063040302,"Clayton, GA (CT)",0,2102,2102,0,4829,4829
13063040303,"Clayton, GA (CT)",0,2681,2681,0,6953,6953
13063040306,"Clayton, GA (CT)",0,1606,1606,0,4372,4372
13063040307,"Clayton, GA (CT)",0,1536,1536,0,4428,4428
13063040308,"Clayton, GA (CT)",0,1837,1837,0,4520,4520
13063040407,"Clayton, GA (CT)",0,1448,1448,0,3622,3622
13063040408,"Clayton, GA (CT)",0,3383,3383,0,7423,7423
13063040409,"Clayton, GA (CT)",0,2133,2133,0,5716,5716
13063040410,"Clayton, GA (CT)",0,2582,2582,0,7058,7058
13063040411,"Clayton, GA (CT)",0,4590,4590,0,12101,12101
13063040412,"Clayton, GA (CT)",0,3368,3368,0,7227,7227
13063040413,"Clayton, GA (CT)",0,2578,2578,0,6718,6718
13063040414,"Clayton, GA (CT)",0,699,699,0,1863,1863
13063040415,"Clayton, GA (CT)",0,2697,2697,0,5844,5844
13063040416,"Clayton, GA (CT)",0,1252,1252,0,3390,3390
13063040417,"Clayton, GA (CT)",0,2269,2269,0,5132,5132
13063040509,"Clayton, GA (CT)",0,1759,1759,0,4263,4263
13063040510,"Clayton, GA (CT)",0,1447,1447,0,3402,3402
13063040512,"Clayton, GA (CT)",0,2063,2063,0,5076,5076
13063040513,"Clayton, GA (CT)",0,1765,1765,0,4809,4809
13063040514,"Clayton, GA (CT)",0,2883,2883,0,7208,7208
13063040515,"Clayton, GA (CT)",0,2706,2706,0,6389,6389
13063040516,"Clayton, GA (CT)",0,2386,2386,0,6090,6090
13063040518,"Clayton, GA (CT)",0,1883,1883,0,5057,5057
13063040519,"Clayton, GA (CT)",0,2415,2415,0,4147,4147
13063040520,"Clayton, GA (CT)",0,1921,1921,0,3792,3792
13063040521,"Clayton, GA (CT)",0,1168,1168,0,3054,3054
13063040522,"Clayton, GA (CT)",0,2005,2005,0,4926,4926
13063040523,"Clayton, GA (CT)",0,1156,1156,0,2802,2802
13063040524,"Clayton, GA (CT)",0,2710,2710,0,6366,6366
13063040525,"Clayton, GA (CT)",0,1081,1081,0,2707,2707
13063040526,"Clayton, GA (CT)",0,2429,2429,0,5671,5671
13063040606,"Clayton, GA (CT)",214,1012,1226,562,3062,3624
13063040608,"Clayton, GA (CT)",661,3645,4306,1660,9766,11426
13063040609,"Clayton, GA (CT)",0,2763,2763,0,6283,6283
13063040611,"Clayton, GA (CT)",0,2818,2818,0,6671,6671
13063040612,"Clayton, GA (CT)",0,2128,2128,0,6891,6891
13063040613,"Clayton, GA (CT)",0,3097,3097,0,7996,7996
13063040614,"Clayton, GA (CT)",0,2050,2050,0,4680,4680
13063040615,"Clayton, GA (CT)",0,713,713,0,1954,1954
13063040616,"Clayton, GA (CT)",0,3607,3607,0,8429,8429
13063040617,"Clayton, GA (CT)",0,509,509,0,1557,1557
13063040619,"Clayton, GA (CT)",0,1008,1008,0,3001,3001
13063040620,"Clayton, GA (CT)",22,1221,1243,81,3349,3430
13063040621,"Clayton, GA (CT)",0,3316,3316,0,9202,9202
13063040622,"Clayton, GA (CT)",0,2626,2626,0,7446,7446
13063980000,"Clayton, GA (CT)",0,0,0,0,0,0
13065970100,"Clinch, GA (CT)",1349,889,2238,3214,2025,5239
13065970200,"Clinch, GA (CT)",455,314,769,894,665,1559
13067030101,"Cobb, GA (CT)",665,2019,2684,1677,5385,7062
13067030103,"Cobb, GA (CT)",0,3335,3335,0,9045,9045
13067030104,"Cobb, GA (CT)",0,1561,1561,0,3721,3721
13067030106,"Cobb, GA (CT)",0,2918,2918,0,6857,6857
13067030107,"Cobb, GA (CT)",0,1615,1615,0,4648,4648
13067030209,"Cobb, GA (CT)",0,2502,2502,0,6757,6757
13067030214,"Cobb, GA (CT)",0,2944,2944,0,8194,8194
13067030215,"Cobb, GA (CT)",0,3097,3097,0,8716,8716
13067030218,"Cobb, GA (CT)",0,1600,1600,0,4775,4775
13067030219,"Cobb, GA (CT)",6,3172,3178,17,9726,9743
13067030220,"Cobb, GA (CT)",0,588,588,0,1664,1664
13067030222,"Cobb, GA (CT)",0,2039,2039,0,5987,5987
13067030223,"Cobb, GA (CT)",0,2461,2461,0,6146,6146
13067030224,"Cobb, GA (CT)",0,2389,2389,0,6257,6257
13067030226,"Cobb, GA (CT)",0,3707,3707,0,9648,9648
13067030227,"Cobb, GA (CT)",0,3030,3030,0,7281,7281
13067030228,"Cobb, GA (CT)",0,3186,3186,0,6394,6394
13067030229,"Cobb, GA (CT)",0,1268,1268,0,5695,5695
13067030230,"Cobb, GA (CT)",0,5583,5583,0,12572,12572
13067030231,"Cobb, GA (CT)",0,2911,2911,0,7688,7688
13067030232,"Cobb, GA (CT)",0,2047,2047,0,5758,5758
13067030233,"Cobb, GA (CT)",0,1511,1511,0,4275,4275
13067030234,"Cobb, GA (CT)",0,1862,1862,0,5657,5657
13067030235,"Cobb, GA (CT)",0,1692,1692,0,4988,4988
13067030236,"Cobb, GA (CT)",0,1442,1442,0,4636,4636
13067030238,"Cobb, GA (CT)",0,2110,2110,0,6505,6505
13067030239,"Cobb, GA (CT)",0,2610,2610,0,7610,7610
13067030310,"Cobb, GA (CT)",0,3021,3021,0,8087,8087
13067030311,"Cobb, GA (CT)",0,2306,2306,0,6010,6010
13067030312,"Cobb, GA (CT)",0,2505,2505,0,6306,6306
13067030313,"Cobb, GA (CT)",0,3033,3033,0,7970,7970
13067030314,"Cobb, GA (CT)",0,2759,2759,0,7714,7714
13067030318,"Cobb, GA (CT)",0,2902,2902,0,7588,7588
13067030319,"Cobb, GA (CT)",0,1695,1695,0,3916,3916
13067030320,"Cobb, GA (CT)",0,3764,3764,0,7206,7206
13067030322,"Cobb, GA (CT)",0,1244,1244,0,3361,3361
13067030324,"Cobb, GA (CT)",0,1267,1267,0,3441,3441
13067030326,"Cobb, GA (CT)",0,1477,1477,0,4059,4059
13067030327,"Cobb, GA (CT)",0,1653,1653,0,4402,4402
13067030328,"Cobb, GA (CT)",0,2377,2377,0,6431,6431
13067030329,"Cobb, GA (CT)",0,1670,1670,0,4416,4416
13067030330,"Cobb, GA (CT)",0,2030,2030,0,5706,5706
13067030331,"Cobb, GA (CT)",0,2026,2026,0,5587,5587
13067030332,"Cobb, GA (CT)",0,1166,1166,0,3148,3148
13067030333,"Cobb, GA (CT)",0,2285,2285,0,6034,6034
13067030334,"Cobb, GA (CT)",0,1293,1293,0,3246,3246
13067030335,"Cobb, GA (CT)",0,1747,1747,0,4886,4886
13067030336,"Cobb, GA (CT)",0,2467,2467,0,7343,7343
13067030337,"Cobb, GA (CT)",0,1763,1763,0,4831,4831
13067030339,"Cobb, GA (CT)",0,3328,3328,0,5268,5268
13067030340,"Cobb, GA (CT)",0,1289,1289,0,3784,3784
13067030341,"Cobb, GA (CT)",0,1539,1539,0,4395,4395
13067030342,"Cobb, GA (CT)",0,1673,1673,0,4710,4710
13067030343,"Cobb, GA (CT)",0,1605,1605,0,4726,4726
13067030344,"Cobb, GA (CT)",0,2247,2247,0,3601,3601
13067030345,"Cobb, GA (CT)",0,2435,2435,0,4623,4623
13067030405,"Cobb, GA (CT)",0,2927,2927,0,5774,5774
13067030407,"Cobb, GA (CT)",0,2119,2119,0,4600,4600
13067030408,"Cobb, GA (CT)",0,1540,1540,0,3103,3103
13067030409,"Cobb, GA (CT)",0,1267,1267,0,3316,3316
13067030410,"Cobb, GA (CT)",0,2291,2291,0,4683,4683
13067030411,"Cobb, GA (CT)",0,2134,2134,0,4214,4214
13067030412,"Cobb, GA (CT)",0,2041,2041,0,3776,3776
13067030413,"Cobb, GA (CT)",0,2756,2756,0,5271,5271
13067030414,"Cobb, GA (CT)",0,1562,1562,0,2783,2783
13067030502,"Cobb, GA (CT)",0,2765,2765,0,6406,6406
13067030504,"Cobb, GA (CT)",0,2490,2490,0,5972,5972
13067030505,"Cobb, GA (CT)",0,3117,3117,0,6394,6394
13067030506,"Cobb, GA (CT)",0,1951,1951,0,4313,4313
13067030507,"Cobb, GA (CT)",0,1967,1967,0,5031,5031
13067030601,"Cobb, GA (CT)",0,4466,4466,0,8706,8706
13067030602,"Cobb, GA (CT)",0,3244,3244,0,6788,6788
13067030700,"Cobb, GA (CT)",0,1985,1985,0,4092,4092
13067030800,"Cobb, GA (CT)",0,1632,1632,0,4052,4052
13067030901,"Cobb, GA (CT)",0,3344,3344,0,7655,7655
13067030902,"Cobb, GA (CT)",0,2941,2941,0,5843,5843
13067030904,"Cobb, GA (CT)",0,2532,2532,0,6116,6116
13067030905,"Cobb, GA (CT)",0,1954,1954,0,7863,7863
13067031001,"Cobb, GA (CT)",0,2084,2084,0,5215,5215
13067031002,"Cobb, GA (CT)",0,3434,3434,0,8522,8522
13067031004,"Cobb, GA (CT)",0,2874,2874,0,6739,6739
13067031005,"Cobb, GA (CT)",0,1835,1835,0,5104,5104
13067031101,"Cobb, GA (CT)",0,2088,2088,0,4940,4940
13067031106,"Cobb, GA (CT)",0,3190,3190,0,8225,8225
13067031108,"Cobb, GA (CT)",0,2847,2847,0,4910,4910
13067031110,"Cobb, GA (CT)",0,1415,1415,0,2864,2864
13067031111,"Cobb, GA (CT)",0,1861,1861,0,2909,2909
13067031112,"Cobb, GA (CT)",0,2314,2314,0,4749,4749
13067031113,"Cobb, GA (CT)",0,634,634,0,1027,1027
13067031114,"Cobb, GA (CT)",0,3820,3820,0,6722,6722
13067031115,"Cobb, GA (CT)",0,1800,1800,0,4583,4583
13067031116,"Cobb, GA (CT)",0,2526,2526,0,5717,5717
13067031117,"Cobb, GA (CT)",0,2172,2172,0,4835,4835
13067031118,"Cobb, GA (CT)",0,2442,2442,0,5460,5460
13067031205,"Cobb, GA (CT)",0,3049,3049,0,5306,5306
13067031206,"Cobb, GA (CT)",0,4934,4934,0,8713,8713
13067031207,"Cobb, GA (CT)",0,2225,2225,0,3244,3244
13067031208,"Cobb, GA (CT)",0,3287,3287,0,5679,5679
13067031209,"Cobb, GA (CT)",0,1770,1770,0,3790,3790
13067031211,"Cobb, GA (CT)",0,2757,2757,0,3617,3617
13067031212,"Cobb, GA (CT)",0,1033,1033,0,2321,2321
13067031306,"Cobb, GA (CT)",0,1561,1561,0,3754,3754
13067031307,"Cobb, GA (CT)",0,2421,2421,0,5920,5920
13067031308,"Cobb, GA (CT)",0,1914,1914,0,4776,4776
13067031309,"Cobb, GA (CT)",0,2821,2821,0,7392,7392
13067031310,"Cobb, GA (CT)",0,2892,2892,0,6301,6301
13067031311,"Cobb, GA (CT)",0,4161,4161,0,9151,9151
13067031312,"Cobb, GA (CT)",0,3575,3575,0,8622,8622
13067031313,"Cobb, GA (CT)",0,3801,3801,0,9698,9698
13067031404,"Cobb, GA (CT)",0,2295,2295,0,5558,5558
13067031405,"Cobb, GA (CT)",0,3096,3096,0,7681,7681
13067031406,"Cobb, GA (CT)",0,3379,3379,0,7587,7587
13067031408,"Cobb, GA (CT)",0,2319,2319,0,6056,6056
13067031409,"Cobb, GA (CT)",0,2275,2275,0,5112,5112
13067031503,"Cobb, GA (CT)",0,3074,3074,0,8350,8350
13067031505,"Cobb, GA (CT)",0,2380,2380,0,5992,5992
13067031506,"Cobb, GA (CT)",0,1933,1933,0,4814,4814
13067031507,"Cobb, GA (CT)",0,1170,1170,0,3339,3339
13067031508,"Cobb, GA (CT)",0,1909,1909,0,5090,5090
13067031509,"Cobb, GA (CT)",0,3662,3662,0,9869,9869
13069010100,"Coffee, GA (CT)",1628,0,1628,3553,0,3553
13069010200,"Coffee, GA (CT)",1185,0,1185,2919,0,2919
13069010300,"Coffee, GA (CT)",1514,0,1514,5376,0,5376
13069010400,"Coffee, GA (CT)",439,2042,2481,921,4445,5366
13069010500,"Coffee, GA (CT)",570,1130,1700,1293,2636,3929
13069010600,"Coffee, GA (CT)",2328,34,2362,5618,66,5684
13069010700,"Coffee, GA (CT)",1652,705,2357,4299,2078,6377
13069010801,"Coffee, GA (CT)",1085,933,2018,2691,2180,4871
13069010802,"Coffee, GA (CT)",654,1162,1816,1532,2749,4281
13071970100,"Colquitt, GA (CT)",1911,0,1911,5184,0,5184
13071970200,"Colquitt, GA (CT)",1216,0,1216,2743,0,2743
13071970300,"Colquitt, GA (CT)",709,1743,2452,1810,3955,5765
13071970400,"Colquitt, GA (CT)",492,704,1196,1159,2170,3329
13071970500,"Colquitt, GA (CT)",1310,0,1310,3449,0,3449
13071970600,"Colquitt, GA (CT)",1685,752,2437,4489,2154,6643
13071970701,"Colquitt, GA (CT)",879,2139,3018,2205,4439,6644
13071970702,"Colquitt, GA (CT)",0,958,958,0,2340,2340
13071970800,"Colquitt, GA (CT)",0,1355,1355,0,3121,3121
13071970900,"Colquitt, GA (CT)",2266,192,2458,5782,498,6280
13073030102,"Columbia, GA (CT)",74,3437,3511,183,9273,9456
13073030103,"Columbia, GA (CT)",0,1241,1241,0,2973,2973
13073030105,"Columbia, GA (CT)",0,2338,2338,0,6152,6152
13073030106,"Columbia, GA (CT)",0,1634,1634,0,3655,3655
13073030201,"Columbia, GA (CT)",0,2827,2827,0,6450,6450
13073030202,"Columbia, GA (CT)",0,1233,1233,0,2963,2963
13073030203,"Columbia, GA (CT)",0,2525,2525,0,6576,6576
13073030302,"Columbia, GA (CT)",153,3803,3956,389,9492,9881
13073030304,"Columbia, GA (CT)",539,1602,2141,1452,4348,5800
13073030306,"Columbia, GA (CT)",166,1633,1799,414,4255,4669
13073030307,"Columbia, GA (CT)",16,2623,2639,38,6869,6907
13073030308,"Columbia, GA (CT)",115,2462,2577,233,7690,7923
13073030309,"Columbia, GA (CT)",0,3338,3338,0,8986,8986
13073030401,"Columbia, GA (CT)",1367,0,1367,2615,0,2615
13073030402,"Columbia, GA (CT)",1757,1500,3257,4741,3838,8579
13073030503,"Columbia, GA (CT)",2171,588,2759,5429,1322,6751
13073030504,"Columbia, GA (CT)",596,787,1383,1422,1949,3371
13073030505,"Columbia, GA (CT)",460,1668,2128,1082,4382,5464
13073030506,"Columbia, GA (CT)",875,3365,4240,2133,8587,10720
13073030603,"Columbia, GA (CT)",0,1733,1733,0,4162,4162
13075960100,"Cook, GA (CT)",957,0,957,2151,0,2151
13075960200,"Cook, GA (CT)",777,941,1718,1860,2142,4002
13075960300,"Cook, GA (CT)",1077,1567,2644,2595,3764,6359
13075960400,"Cook, GA (CT)",1486,482,1968,3620,1080,4700
13077170100,"Coweta, GA (CT)",2834,30,2864,7083,79,7162
13077170200,"Coweta, GA (CT)",482,2483,2965,1218,5887,7105
13077170303,"Coweta, GA (CT)",1335,530,1865,3546,1458,5004
13077170304,"Coweta, GA (CT)",672,1806,2478,1752,4492,6244
13077170305,"Coweta, GA (CT)",103,3709,3812,274,8509,8783
13077170306,"Coweta, GA (CT)",198,3341,3539,537,7554,8091
13077170402,"Coweta, GA (CT)",341,2770,3111,891,7539,8430
13077170403,"Coweta, GA (CT)",1026,398,1424,2795,1170,3965
13077170404,"Coweta, GA (CT)",128,2000,2128,384,5464,5848
13077170405,"Coweta, GA (CT)",59,2480,2539,134,6941,7075
13077170406,"Coweta, GA (CT)",76,1155,1231,172,3206,3378
13077170501,"Coweta, GA (CT)",2019,599,2618,5115,1573,6688
13077170502,"Coweta, GA (CT)",2217,44,2261,5471,108,5579
13077170503,"Coweta, GA (CT)",1011,1092,2103,2568,2868,5436
13077170601,"Coweta, GA (CT)",155,2877,3032,375,7278,7653
13077170602,"Coweta, GA (CT)",0,3111,3111,0,7783,7783
13077170603,"Coweta, GA (CT)",209,1655,1864,420,4554,4974
13077170700,"Coweta, GA (CT)",457,2643,3100,1179,6354,7533
13077170801,"Coweta, GA (CT)",1478,802,2280,3796,2096,5892
13077170802,"Coweta, GA (CT)",1664,182,1846,4219,475,4694
13079070100,"Crawford, GA (CT)",1598,0,1598,3651,0,3651
13079070201,"Crawford, GA (CT)",2416,0,2416,5851,0,5851
13079070202,"Crawford, GA (CT)",1278,0,1278,3128,0,3128
13081010100,"Crisp, GA (CT)",780,1035,1815,1722,2408,4130
13081010201,"Crisp, GA (CT)",1737,921,2658,3210,2273,5483
13081010202,"Crisp, GA (CT)",614,724,1338,1249,1747,2996
13081010300,"Crisp, GA (CT)",1002,687,1689,2308,1315,3623
13081010400,"Crisp, GA (CT)",356,2127,2483,895,4673,5568
13081010500,"Crisp, GA (CT)",751,0,751,1639,0,1639
13083040101,"Dade, GA (CT)",1577,734,2311,3322,1670,4992
13083040102,"Dade, GA (CT)",1099,587,1686,2283,1336,3619
13083040200,"Dade, GA (CT)",1896,0,1896,4272,0,4272
13083040300,"Dade, GA (CT)",1030,382,1412,2120,1630,3750
13085970100,"Dawson, GA (CT)",3946,0,3946,7765,0,7765
13085970201,"Dawson, GA (CT)",2503,939,3442,4829,2201,7030
13085970202,"Dawson, GA (CT)",2212,825,3037,5339,2196,7535
13087970100,"Decatur, GA (CT)",1511,0,1511,3413,0,3413
13087970200,"Decatur, GA (CT)",1309,0,1309,2799,0,2799
13087970300,"Decatur, GA (CT)",1159,1405,2564,3424,3459,6883
13087970400,"Decatur, GA (CT)",286,1831,2117,656,4194,4850
13087970600,"Decatur, GA (CT)",424,2084,2508,1032,4465,5497
13087970700,"Decatur, GA (CT)",1081,0,1081,2035,0,2035
13087970800,"Decatur, GA (CT)",1035,0,1035,2365,0,2365
13089020100,"DeKalb, GA (CT)",0,726,726,0,1750,1750
13089020200,"DeKalb, GA (CT)",0,1175,1175,0,1943,1943
13089020300,"DeKalb, GA (CT)",0,1623,1623,0,3574,3574
13089020400,"DeKalb, GA (CT)",0,1309,1309,0,2376,2376
13089020500,"DeKalb, GA (CT)",0,1738,1738,0,2802,2802
13089020600,"DeKalb, GA (CT)",0,969,969,0,2000,2000
13089020700,"DeKalb, GA (CT)",0,1133,1133,0,2032,2032
13089020801,"DeKalb, GA (CT)",0,1147,1147,0,2444,2444
13089020802,"DeKalb, GA (CT)",0,1926,1926,0,3945,3945
13089020900,"DeKalb, GA (CT)",0,2848,2848,0,5402,5402
13089021101,"DeKalb, GA (CT)",0,1316,1316,0,3406,3406
13089021102,"DeKalb, GA (CT)",0,2553,2553,0,4774,4774
13089021202,"DeKalb, GA (CT)",0,3217,3217,0,6745,6745
13089021204,"DeKalb, GA (CT)",0,1129,1129,0,4561,4561
13089021208,"DeKalb, GA (CT)",0,1708,1708,0,3200,3200
13089021209,"DeKalb, GA (CT)",0,2861,2861,0,5249,5249
13089021210,"DeKalb, GA (CT)",0,2047,2047,0,5509,5509
13089021211,"DeKalb, GA (CT)",0,1958,1958,0,4598,4598
13089021213,"DeKalb, GA (CT)",0,1199,1199,0,3382,3382
13089021214,"DeKalb, GA (CT)",0,2077,2077,0,5852,5852
13089021215,"DeKalb, GA (CT)",0,2932,2932,0,5371,5371
13089021216,"DeKalb, GA (CT)",0,4461,4461,0,7712,7712
13089021217,"DeKalb, GA (CT)",0,1019,1019,0,2300,2300
13089021218,"DeKalb, GA (CT)",0,3636,3636,0,5652,5652
13089021301,"DeKalb, GA (CT)",0,1815,1815,0,3932,3932
13089021303,"DeKalb, GA (CT)",0,2003,2003,0,6418,6418
13089021305,"DeKalb, GA (CT)",0,1818,1818,0,4941,4941
13089021306,"DeKalb, GA (CT)",0,2165,2165,0,5177,5177
13089021307,"DeKalb, GA (CT)",0,1389,1389,0,3975,3975
13089021308,"DeKalb, GA (CT)",0,1584,1584,0,4379,4379
13089021405,"DeKalb, GA (CT)",0,2105,2105,0,4232,4232
13089021409,"DeKalb, GA (CT)",0,1366,1366,0,3368,3368
13089021410,"DeKalb, GA (CT)",0,2118,2118,0,4575,4575
13089021411,"DeKalb, GA (CT)",0,1732,1732,0,3007,3007
13089021412,"DeKalb, GA (CT)",0,1671,1671,0,3486,3486
13089021413,"DeKalb, GA (CT)",0,1564,1564,0,5137,5137
13089021414,"DeKalb, GA (CT)",0,1635,1635,0,3980,3980
13089021415,"DeKalb, GA (CT)",0,1974,1974,0,3855,3855
13089021416,"DeKalb, GA (CT)",0,1162,1162,0,3280,3280
13089021417,"DeKalb, GA (CT)",0,2336,2336,0,5827,5827
13089021502,"DeKalb, GA (CT)",0,2680,2680,0,4232,4232
13089021503,"DeKalb, GA (CT)",0,1911,1911,0,3860,3860
13089021504,"DeKalb, GA (CT)",0,3117,3117,0,5708,5708
13089021602,"DeKalb, GA (CT)",0,2292,2292,0,4172,4172
13089021603,"DeKalb, GA (CT)",0,3072,3072,0,5145,5145
13089021604,"DeKalb, GA (CT)",0,1348,1348,0,3132,3132
13089021605,"DeKalb, GA (CT)",0,2753,2753,0,5639,5639
13089021703,"DeKalb, GA (CT)",0,1916,1916,0,4672,4672
13089021704,"DeKalb, GA (CT)",0,2356,2356,0,5417,5417
13089021705,"DeKalb, GA (CT)",0,2615,2615,0,5051,5051
13089021706,"DeKalb, GA (CT)",0,2943,2943,0,6155,6155
13089021805,"DeKalb, GA (CT)",0,2701,2701,0,6065,6065
13089021806,"DeKalb, GA (CT)",0,2569,2569,0,5969,5969
13089021808,"DeKalb, GA (CT)",0,1875,1875,0,4679,4679
13089021809,"DeKalb, GA (CT)",0,2779,2779,0,6877,6877
13089021810,"DeKalb, GA (CT)",0,2510,2510,0,4984,4984
13089021812,"DeKalb, GA (CT)",0,989,989,0,2372,2372
13089021813,"DeKalb, GA (CT)",0,1346,1346,0,2631,2631
13089021814,"DeKalb, GA (CT)",0,2811,2811,0,6009,6009
13089021906,"DeKalb, GA (CT)",0,2088,2088,0,4977,4977
13089021907,"DeKalb, GA (CT)",0,3737,3737,0,8610,8610
13089021908,"DeKalb, GA (CT)",0,2304,2304,0,5213,5213
13089021909,"DeKalb, GA (CT)",0,2940,2940,0,5800,5800
13089021910,"DeKalb, GA (CT)",0,2187,2187,0,4773,4773
13089021911,"DeKalb, GA (CT)",0,1281,1281,0,2659,2659
13089021912,"DeKalb, GA (CT)",0,1385,1385,0,3451,3451
13089021913,"DeKalb, GA (CT)",0,2400,2400,0,4388,4388
13089022001,"DeKalb, GA (CT)",0,2079,2079,0,4125,4125
13089022004,"DeKalb, GA (CT)",0,1830,1830,0,5409,5409
13089022005,"DeKalb, GA (CT)",0,1805,1805,0,3855,3855
13089022007,"DeKalb, GA (CT)",0,1451,1451,0,3783,3783
13089022008,"DeKalb, GA (CT)",0,2704,2704,0,7250,7250
13089022009,"DeKalb, GA (CT)",0,2669,2669,0,5595,5595
13089022010,"DeKalb, GA (CT)",0,747,747,0,2153,2153
13089022100,"DeKalb, GA (CT)",0,1617,1617,0,3654,3654
13089022203,"DeKalb, GA (CT)",0,1419,1419,0,2275,2275
13089022204,"DeKalb, GA (CT)",0,3065,3065,0,6509,6509
13089022301,"DeKalb, GA (CT)",0,3240,3240,0,5657,5657
13089022302,"DeKalb, GA (CT)",0,2203,2203,0,4132,4132
13089022401,"DeKalb, GA (CT)",0,2295,2295,0,4444,4444
13089022402,"DeKalb, GA (CT)",0,1274,1274,0,5823,5823
13089022403,"DeKalb, GA (CT)",0,1704,1704,0,4052,4052
13089022500,"DeKalb, GA (CT)",0,2659,2659,0,5361,5361
13089022600,"DeKalb, GA (CT)",0,3383,3383,0,5795,5795
13089022700,"DeKalb, GA (CT)",0,1832,1832,0,4433,4433
13089022800,"DeKalb, GA (CT)",0,1421,1421,0,3648,3648
13089022900,"DeKalb, GA (CT)",0,1920,1920,0,3552,3552
13089023000,"DeKalb, GA (CT)",0,1077,1077,0,1958,1958
13089023101,"DeKalb, GA (CT)",0,2061,2061,0,4484,4484
13089023102,"DeKalb, GA (CT)",0,1656,1656,0,3176,3176
13089023107,"DeKalb, GA (CT)",0,2055,2055,0,4452,4452
13089023108,"DeKalb, GA (CT)",0,1891,1891,0,4241,4241
13089023111,"DeKalb, GA (CT)",0,658,658,0,1590,1590
13089023112,"DeKalb, GA (CT)",0,2323,2323,0,3991,3991
13089023113,"DeKalb, GA (CT)",0,1674,1674,0,3187,3187
13089023114,"DeKalb, GA (CT)",0,907,907,0,2434,2434
13089023115,"DeKalb, GA (CT)",0,13,13,0,3228,3228
13089023204,"DeKalb, GA (CT)",0,2487,2487,0,6602,6602
13089023206,"DeKalb, GA (CT)",0,2826,2826,0,7211,7211
13089023208,"DeKalb, GA (CT)",0,2417,2417,0,5916,5916
13089023209,"DeKalb, GA (CT)",0,1878,1878,0,4962,4962
13089023210,"DeKalb, GA (CT)",0,2795,2795,0,6558,6558
13089023211,"DeKalb, GA (CT)",0,1351,1351,0,2984,2984
13089023212,"DeKalb, GA (CT)",0,1407,1407,0,3556,3556
13089023213,"DeKalb, GA (CT)",0,2342,2342,0,5841,5841
13089023214,"DeKalb, GA (CT)",0,2346,2346,0,5125,5125
13089023303,"DeKalb, GA (CT)",16,2673,2689,39,6464,6503
13089023306,"DeKalb, GA (CT)",0,2424,2424,0,6877,6877
13089023309,"DeKalb, GA (CT)",0,3893,3893,0,9553,9553
13089023310,"DeKalb, GA (CT)",0,4595,4595,0,9425,9425
13089023311,"DeKalb, GA (CT)",0,1487,1487,0,4066,4066
13089023312,"DeKalb, GA (CT)",0,3440,3440,0,9236,9236
13089023313,"DeKalb, GA (CT)",0,1793,1793,0,4597,4597
13089023314,"DeKalb, GA (CT)",0,2221,2221,0,5767,5767
13089023315,"DeKalb, GA (CT)",194,1702,1896,450,4852,5302
13089023316,"DeKalb, GA (CT)",0,2976,2976,0,7896,7896
13089023410,"DeKalb, GA (CT)",0,1960,1960,0,3761,3761
13089023411,"DeKalb, GA (CT)",0,1489,1489,0,3591,3591
13089023412,"DeKalb, GA (CT)",0,2573,2573,0,6082,6082
13089023413,"DeKalb, GA (CT)",0,1360,1360,0,3442,3442
13089023414,"DeKalb, GA (CT)",0,2456,2456,0,6244,6244
13089023416,"DeKalb, GA (CT)",0,2695,2695,0,6850,6850
13089023418,"DeKalb, GA (CT)",569,6676,7245,1331,15257,16588
13089023419,"DeKalb, GA (CT)",0,3390,3390,0,8851,8851
13089023421,"DeKalb, GA (CT)",0,3603,3603,0,7792,7792
13089023422,"DeKalb, GA (CT)",0,1958,1958,0,5156,5156
13089023423,"DeKalb, GA (CT)",0,3603,3603,0,8750,8750
13089023424,"DeKalb, GA (CT)",0,1839,1839,0,5087,5087
13089023425,"DeKalb, GA (CT)",0,2256,2256,0,5489,5489
13089023426,"DeKalb, GA (CT)",0,1613,1613,0,4432,4432
13089023427,"DeKalb, GA (CT)",0,1104,1104,0,2841,2841
13089023428,"DeKalb, GA (CT)",0,4457,4457,0,8631,8631
13089023501,"DeKalb, GA (CT)",0,1497,1497,0,3550,3550
13089023504,"DeKalb, GA (CT)",0,1555,1555,0,3488,3488
13089023505,"DeKalb, GA (CT)",0,1123,1123,0,2761,2761
13089023506,"DeKalb, GA (CT)",0,2509,2509,0,5910,5910
13089023507,"DeKalb, GA (CT)",0,1650,1650,0,4129,4129
13089023601,"DeKalb, GA (CT)",0,1244,1244,0,2502,2502
13089023602,"DeKalb, GA (CT)",0,1054,1054,0,2314,2314
13089023603,"DeKalb, GA (CT)",0,1489,1489,0,3483,3483
13089023700,"DeKalb, GA (CT)",0,2626,2626,0,5854,5854
13089023801,"DeKalb, GA (CT)",0,1862,1862,0,3718,3718
13089023802,"DeKalb, GA (CT)",0,1651,1651,0,4392,4392
13089023803,"DeKalb, GA (CT)",0,2163,2163,0,5194,5194
13089980000,"DeKalb, GA (CT)",0,0,0,0,0,0
13091960100,"Dodge, GA (CT)",1138,0,1138,3257,0,3257
13091960200,"Dodge, GA (CT)",1347,460,1807,2891,1136,4027
13091960300,"Dodge, GA (CT)",1460,1574,3034,3214,3204,6418
13091960400,"Dodge, GA (CT)",1146,655,1801,2439,1713,4152
13091960500,"Dodge, GA (CT)",1018,0,1018,2003,0,2003
13091960600,"Dodge, GA (CT)",1059,0,1059,1939,0,1939
13093970100,"Dooly, GA (CT)",1206,791,1997,2537,3406,5943
13093970200,"Dooly, GA (CT)",1029,0,1029,2014,0,2014
13093970300,"Dooly, GA (CT)",1748,1554,3302,3455,3506,6961
13095000100,"Dougherty, GA (CT)",44,2501,2545,105,5839,5944
13095000200,"Dougherty, GA (CT)",0,1348,1348,0,3123,3123
13095000400,"Dougherty, GA (CT)",0,3302,3302,0,6276,6276
13095000501,"Dougherty, GA (CT)",0,2365,2365,0,4798,4798
13095000502,"Dougherty, GA (CT)",0,1938,1938,0,4151,4151
13095000600,"Dougherty, GA (CT)",0,1484,1484,0,2938,2938
13095000700,"Dougherty, GA (CT)",0,917,917,0,1783,1783
13095000800,"Dougherty, GA (CT)",0,778,778,0,1607,1607
13095000900,"Dougherty, GA (CT)",0,1051,1051,0,2082,2082
13095001000,"Dougherty, GA (CT)",0,937,937,0,2106,2106
13095001100,"Dougherty, GA (CT)",0,2654,2654,0,6215,6215
13095001403,"Dougherty, GA (CT)",0,1268,1268,0,2953,2953
13095001500,"Dougherty, GA (CT)",0,1427,1427,0,2896,2896
13095010302,"Dougherty, GA (CT)",0,2178,2178,0,5627,5627
13095010401,"Dougherty, GA (CT)",158,2564,2722,371,6235,6606
13095010402,"Dougherty, GA (CT)",429,917,1346,1200,2291,3491
13095010403,"Dougherty, GA (CT)",756,0,756,1708,0,1708
13095010500,"Dougherty, GA (CT)",417,542,959,899,1274,2173
13095010601,"Dougherty, GA (CT)",0,1042,1042,0,2423,2423
13095010602,"Dougherty, GA (CT)",806,751,1557,1861,1890,3751
13095010700,"Dougherty, GA (CT)",36,2002,2038,41,6707,6748
13095010900,"Dougherty, GA (CT)",85,680,765,198,1582,1780
13095011000,"Dougherty, GA (CT)",1228,0,1228,2898,0,2898
13095011200,"Dougherty, GA (CT)",909,739,1648,2087,2493,4580
13095011300,"Dougherty, GA (CT)",148,976,1124,347,2173,2520
13095011400,"Dougherty, GA (CT)",0,688,688,0,1557,1557
13095011600,"Dougherty, GA (CT)",643,93,736,1486,345,1831
13097080102,"Douglas, GA (CT)",439,2692,3131,1065,5887,6952
13097080103,"Douglas, GA (CT)",0,3212,3212,0,6371,6371
13097080201,"Douglas, GA (CT)",0,2239,2239,0,6197,6197
13097080202,"Douglas, GA (CT)",0,3797,3797,0,9186,9186
13097080301,"Douglas, GA (CT)",60,4448,4508,147,11645,11792
13097080303,"Douglas, GA (CT)",0,1602,1602,0,3831,3831
13097080304,"Douglas, GA (CT)",0,2388,2388,0,5532,5532
13097080402,"Douglas, GA (CT)",3218,0,3218,8607,0,8607
13097080403,"Douglas, GA (CT)",1433,211,1644,3998,619,4617
13097080404,"Douglas, GA (CT)",810,2302,3112,1995,5948,7943
13097080505,"Douglas, GA (CT)",64,1710,1774,159,4134,4293
13097080506,"Douglas, GA (CT)",310,1732,2042,807,4805,5612
13097080507,"Douglas, GA (CT)",415,882,1297,1064,2546,3610
13097080508,"Douglas, GA (CT)",0,2316,2316,0,5447,5447
13097080509,"Douglas, GA (CT)",0,2126,2126,0,5782,5782
13097080510,"Douglas, GA (CT)",104,2448,2552,283,7061,7344
13097080511,"Douglas, GA (CT)",667,2402,3069,1961,6972,8933
13097080602,"Douglas, GA (CT)",130,1950,2080,303,4863,5166
13097080603,"Douglas, GA (CT)",0,2429,2429,0,6268,6268
13097080604,"Douglas, GA (CT)",166,2970,3136,474,8446,8920
13099090100,"Early, GA (CT)",684,0,684,1438,0,1438
13099090200,"Early, GA (CT)",551,638,1189,1107,1563,2670
13099090300,"Early, GA (CT)",404,234,638,973,562,1535
13099090400,"Early, GA (CT)",855,641,1496,1900,1623,3523
13099090500,"Early, GA (CT)",968,0,968,1842,0,1842
13101880100,"Echols, GA (CT)",693,0,693,1694,0,1694
13101880200,"Echols, GA (CT)",865,0,865,2340,0,2340
13103030100,"Effingham, GA (CT)",1376,0,1376,3212,0,3212
13103030202,"Effingham, GA (CT)",1422,633,2055,3623,1612,5235
13103030203,"Effingham, GA (CT)",2656,331,2987,7248,1442,8690
13103030204,"Effingham, GA (CT)",1134,207,1341,2879,595,3474
13103030301,"Effingham, GA (CT)",1478,142,1620,4051,425,4476
13103030303,"Effingham, GA (CT)",839,22,861,2196,57,2253
13103030304,"Effingham, GA (CT)",331,2471,2802,844,6470,7314
13103030305,"Effingham, GA (CT)",741,2283,3024,1977,5584,7561
13103030401,"Effingham, GA (CT)",1865,0,1865,4758,0,4758
13103030402,"Effingham, GA (CT)",1595,358,1953,4247,1030,5277
13105000100,"Elbert, GA (CT)",1575,0,1575,3527,0,3527
13105000200,"Elbert, GA (CT)",1463,0,1463,2890,0,2890
13105000300,"Elbert, GA (CT)",1228,431,1659,2871,974,3845
13105000400,"Elbert, GA (CT)",113,1884,1997,246,3809,4055
13105000500,"Elbert, GA (CT)",2279,610,2889,4707,1142,5849
13107970100,"Emanuel, GA (CT)",2270,0,2270,5443,0,5443
13107970200,"Emanuel, GA (CT)",910,0,910,1742,0,1742
13107970300,"Emanuel, GA (CT)",828,891,1719,1871,2194,4065
13107970400,"Emanuel, GA (CT)",1071,906,1977,2400,2360,4760
13107970500,"Emanuel, GA (CT)",732,0,732,1472,0,1472
13107970600,"Emanuel, GA (CT)",1051,1309,2360,2186,2930,5116
13109970100,"Evans, GA (CT)",1291,0,1291,3122,0,3122
13109970200,"Evans, GA (CT)",687,1079,1766,1595,2394,3989
13109970300,"Evans, GA (CT)",928,679,1607,2024,1865,3889
13111050100,"Fannin, GA (CT)",2405,0,2405,3525,0,3525
13111050200,"Fannin, GA (CT)",3734,0,3734,6214,0,6214
13111050300,"Fannin, GA (CT)",1484,0,1484,2303,0,2303
13111050400,"Fannin, GA (CT)",4525,0,4525,6792,0,6792
13111050500,"Fannin, GA (CT)",4059,0,4059,4848,0,4848
13113140101,"Fayette, GA (CT)",761,2059,2820,1899,5508,7407
13113140102,"Fayette, GA (CT)",203,1946,2149,521,4915,5436
13113140203,"Fayette, GA (CT)",110,1979,2089,252,5491,5743
13113140204,"Fayette, GA (CT)",853,1061,1914,2248,2942,5190
13113140206,"Fayette, GA (CT)",0,1725,1725,0,4465,4465
13113140207,"Fayette, GA (CT)",0,2329,2329,0,5530,5530
13113140208,"Fayette, GA (CT)",1,2917,2918,2,7711,7713
13113140303,"Fayette, GA (CT)",285,1508,1793,850,3700,4550
13113140304,"Fayette, GA (CT)",91,2269,2360,246,5511,5757
13113140305,"Fayette, GA (CT)",313,1265,1578,773,3912,4685
13113140306,"Fayette, GA (CT)",155,2784,2939,37,7197,7234
13113140307,"Fayette, GA (CT)",180,1318,1498,628,4250,4878
13113140403,"Fayette, GA (CT)",0,2054,2054,0,5282,5282
13113140404,"Fayette, GA (CT)",25,2147,2172,51,5482,5533
13113140405,"Fayette, GA (CT)",500,752,1252,1376,2065,3441
13113140406,"Fayette, GA (CT)",248,1315,1563,608,2958,3566
13113140407,"Fayette, GA (CT)",518,2644,3162,1478,6229,7707
13113140408,"Fayette, GA (CT)",349,789,1138,976,2263,3239
13113140501,"Fayette, GA (CT)",1623,508,2131,4453,1437,5890
13113140502,"Fayette, GA (CT)",1089,120,1209,2974,347,3321
13115000100,"Floyd, GA (CT)",1963,80,2043,4390,179,4569
13115000201,"Floyd, GA (CT)",620,2147,2767,1432,4992,6424
13115000202,"Floyd, GA (CT)",1678,0,1678,4035,0,4035
13115000300,"Floyd, GA (CT)",340,219,559,974,1821,2795
13115000400,"Floyd, GA (CT)",62,3119,3181,128,7557,7685
13115000500,"Floyd, GA (CT)",0,1415,1415,0,3663,3663
13115000600,"Floyd, GA (CT)",50,2199,2249,137,4871,5008
13115000700,"Floyd, GA (CT)",1842,234,2076,4541,563,5104
13115000800,"Floyd, GA (CT)",230,1825,2055,621,4036,4657
13115000900,"Floyd, GA (CT)",4,1125,1129,8,2265,2273
13115001100,"Floyd, GA (CT)",0,1497,1497,0,2782,2782
13115001200,"Floyd, GA (CT)",0,1748,1748,0,4671,4671
13115001300,"Floyd, GA (CT)",233,2194,2427,542,5551,6093
13115001400,"Floyd, GA (CT)",2197,446,2643,5281,1069,6350
13115001600,"Floyd, GA (CT)",0,1684,1684,0,3537,3537
13115001701,"Floyd, GA (CT)",1847,743,2590,4703,1778,6481
13115001702,"Floyd, GA (CT)",940,1857,2797,2299,4114,6413
13115001800,"Floyd, GA (CT)",301,1773,2074,774,3839,4613
13115002000,"Floyd, GA (CT)",2160,0,2160,4800,0,4800
13115002100,"Floyd, GA (CT)",418,1361,1779,801,3563,4364
13117130101,"Forsyth, GA (CT)",1106,196,1302,2947,542,3489
13117130102,"Forsyth, GA (CT)",171,736,907,408,2073,2481
13117130103,"Forsyth, GA (CT)",534,1035,1569,1400,2525,3925
13117130104,"Forsyth, GA (CT)",378,1337,1715,846,3111,3957
13117130105,"Forsyth, GA (CT)",145,712,857,361,1897,2258
13117130201,"Forsyth, GA (CT)",749,873,1622,2180,2545,4725
13117130202,"Forsyth, GA (CT)",1,1380,1381,2,4167,4169
13117130203,"Forsyth, GA (CT)",553,1107,1660,1597,3129,4726
13117130204,"Forsyth, GA (CT)",42,1601,1643,107,4428,4535
13117130205,"Forsyth, GA (CT)",200,678,878,439,1712,2151
13117130301,"Forsyth, GA (CT)",626,1014,1640,1668,3082,4750
13117130302,"Forsyth, GA (CT)",0,1752,1752,0,4756,4756
13117130303,"Forsyth, GA (CT)",354,948,1302,924,2512,3436
13117130304,"Forsyth, GA (CT)",39,1221,1260,126,3658,3784
13117130305,"Forsyth, GA (CT)",54,1427,1481,125,4327,4452
13117130306,"Forsyth, GA (CT)",6,1519,1525,17,4077,4094
13117130307,"Forsyth, GA (CT)",141,1103,1244,386,2901,3287
13117130403,"Forsyth, GA (CT)",825,1211,2036,2200,3466,5666
13117130404,"Forsyth, GA (CT)",0,1249,1249,0,3913,3913
13117130405,"Forsyth, GA (CT)",0,1355,1355,0,4037,4037
13117130406,"Forsyth, GA (CT)",0,2011,2011,0,5206,5206
13117130408,"Forsyth, GA (CT)",0,1270,1270,0,3608,3608
13117130409,"Forsyth, GA (CT)",51,1040,1091,91,2433,2524
13117130410,"Forsyth, GA (CT)",0,1701,1701,0,4017,4017
13117130503,"Forsyth, GA (CT)",353,792,1145,669,1687,2356
13117130504,"Forsyth, GA (CT)",21,1625,1646,54,3534,3588
13117130505,"Forsyth, GA (CT)",0,1211,1211,0,2773,2773
13117130506,"Forsyth, GA (CT)",0,1294,1294,0,3166,3166
13117130507,"Forsyth, GA (CT)",40,1147,1187,107,2271,2378
13117130508,"Forsyth, GA (CT)",0,1716,1716,0,4990,4990
13117130509,"Forsyth, GA (CT)",0,1247,1247,0,3251,3251
13117130510,"Forsyth, GA (CT)",116,1861,1977,351,5366,5717
13117130601,"Forsyth, GA (CT)",144,1232,1376,288,3184,3472
13117130602,"Forsyth, GA (CT)",0,1558,1558,0,4449,4449
13117130603,"Forsyth, GA (CT)",0,1265,1265,0,3848,3848
13117130604,"Forsyth, GA (CT)",0,1481,1481,0,4575,4575
13117130605,"Forsyth, GA (CT)",0,1371,1371,0,3797,3797
13117130606,"Forsyth, GA (CT)",0,1487,1487,0,4020,4020
13117130607,"Forsyth, GA (CT)",0,1563,1563,0,4608,4608
13117130608,"Forsyth, GA (CT)",0,1548,1548,0,4599,4599
13117130609,"Forsyth, GA (CT)",0,1312,1312,0,4341,4341
13117130610,"Forsyth, GA (CT)",0,1408,1408,0,4230,4230
13117130611,"Forsyth, GA (CT)",0,1118,1118,0,3533,3533
13117130612,"Forsyth, GA (CT)",0,1794,1794,0,5614,5614
13117130613,"Forsyth, GA (CT)",97,800,897,121,2139,2260
13119890101,"Franklin, GA (CT)",1775,0,1775,3790,0,3790
13119890102,"Franklin, GA (CT)",2251,0,2251,3810,0,3810
13119890200,"Franklin, GA (CT)",2668,0,2668,5754,0,5754
13119890300,"Franklin, GA (CT)",1478,0,1478,3245,0,3245
13119890400,"Franklin, GA (CT)",1343,1038,2381,3040,2445,5485
13121000100,"Fulton, GA (CT)",0,2012,2012,0,4413,4413
13121000200,"Fulton, GA (CT)",0,2912,2912,0,5449,5449
13121000400,"Fulton, GA (CT)",0,1175,1175,0,1715,1715
13121000500,"Fulton, GA (CT)",0,3417,3417,0,4687,4687
13121000600,"Fulton, GA (CT)",0,2814,2814,0,5203,5203
13121000700,"Fulton, GA (CT)",0,401,401,0,2794,2794
13121001001,"Fulton, GA (CT)",0,867,867,0,2272,2272
13121001002,"Fulton, GA (CT)",0,608,608,0,6315,6315
13121001100,"Fulton, GA (CT)",0,3458,3458,0,3633,3633
13121001201,"Fulton, GA (CT)",0,2642,2642,0,3479,3479
13121001202,"Fulton, GA (CT)",0,3299,3299,0,3937,3937
13121001300,"Fulton, GA (CT)",0,2505,2505,0,4073,4073
13121001400,"Fulton, GA (CT)",0,1489,1489,0,2182,2182
13121001500,"Fulton, GA (CT)",0,2898,2898,0,4326,4326
13121001600,"Fulton, GA (CT)",0,1392,1392,0,2072,2072
13121001700,"Fulton, GA (CT)",0,1630,1630,0,2800,2800
13121001800,"Fulton, GA (CT)",0,3002,3002,0,3927,3927
13121001900,"Fulton, GA (CT)",0,2212,2212,0,4636,4636
13121002100,"Fulton, GA (CT)",0,1282,1282,0,2451,2451
13121002300,"Fulton, GA (CT)",0,1282,1282,0,1476,1476
13121002400,"Fulton, GA (CT)",0,1331,1331,0,2273,2273
13121002500,"Fulton, GA (CT)",0,1237,1237,0,1904,1904
13121002600,"Fulton, GA (CT)",0,595,595,0,914,914
13121002800,"Fulton, GA (CT)",0,1579,1579,0,3547,3547
13121002900,"Fulton, GA (CT)",0,1564,1564,0,2523,2523
13121003000,"Fulton, GA (CT)",0,1755,1755,0,2870,2870
13121003100,"Fulton, GA (CT)",0,840,840,0,1599,1599
13121003200,"Fulton, GA (CT)",0,1459,1459,0,2015,2015
13121003500,"Fulton, GA (CT)",0,914,914,0,2241,2241
13121003600,"Fulton, GA (CT)",0,922,922,0,1207,1207
13121003700,"Fulton, GA (CT)",0,0,0,0,0,0
13121003800,"Fulton, GA (CT)",0,361,361,0,3967,3967
13121003900,"Fulton, GA (CT)",0,863,863,0,1331,1331
13121004000,"Fulton, GA (CT)",0,1158,1158,0,2231,2231
13121004100,"Fulton, GA (CT)",0,1066,1066,0,1862,1862
13121004200,"Fulton, GA (CT)",0,1489,1489,0,2212,2212
13121004300,"Fulton, GA (CT)",0,638,638,0,2421,2421
13121004400,"Fulton, GA (CT)",0,1134,1134,0,2238,2238
13121004800,"Fulton, GA (CT)",0,627,627,0,936,936
13121004900,"Fulton, GA (CT)",0,1192,1192,0,2481,2481
13121005000,"Fulton, GA (CT)",0,1022,1022,0,1899,1899
13121005200,"Fulton, GA (CT)",0,2158,2158,0,4094,4094
13121005300,"Fulton, GA (CT)",0,1749,1749,0,3443,3443
13121005501,"Fulton, GA (CT)",0,1188,1188,0,2307,2307
13121005502,"Fulton, GA (CT)",0,1327,1327,0,2556,2556
13121005700,"Fulton, GA (CT)",0,907,907,0,1544,1544
13121005800,"Fulton, GA (CT)",0,729,729,0,1412,1412
13121006000,"Fulton, GA (CT)",0,1675,1675,0,3390,3390
13121006100,"Fulton, GA (CT)",0,1722,1722,0,3471,3471
13121006200,"Fulton, GA (CT)",0,684,684,0,1311,1311
13121006300,"Fulton, GA (CT)",0,1116,1116,0,1924,1924
13121006400,"Fulton, GA (CT)",0,565,565,0,1346,1346
13121006500,"Fulton, GA (CT)",0,1694,1694,0,3678,3678
13121006601,"Fulton, GA (CT)",0,969,969,0,1889,1889
13121006602,"Fulton, GA (CT)",0,574,574,0,1129,1129
13121006700,"Fulton, GA (CT)",0,1976,1976,0,3570,3570
13121006801,"Fulton, GA (CT)",0,18,18,0,2418,2418
13121006802,"Fulton, GA (CT)",0,525,525,0,1958,1958
13121006900,"Fulton, GA (CT)",0,1530,1530,0,3166,3166
13121007001,"Fulton, GA (CT)",0,1736,1736,0,3943,3943
13121007002,"Fulton, GA (CT)",0,1277,1277,0,2975,2975
13121007100,"Fulton, GA (CT)",0,997,997,0,2145,2145
13121007200,"Fulton, GA (CT)",0,908,908,0,1706,1706
13121007300,"Fulton, GA (CT)",0,3008,3008,0,6683,6683
13121007400,"Fulton, GA (CT)",0,1435,1435,0,3326,3326
13121007500,"Fulton, GA (CT)",0,1903,1903,0,3511,3511
13121007602,"Fulton, GA (CT)",0,1071,1071,0,2418,2418
13121007603,"Fulton, GA (CT)",0,2440,2440,0,4296,4296
13121007604,"Fulton, GA (CT)",0,1444,1444,0,2730,2730
13121007703,"Fulton, GA (CT)",0,1718,1718,0,3861,3861
13121007704,"Fulton, GA (CT)",0,2023,2023,0,4551,4551
13121007705,"Fulton, GA (CT)",0,2127,2127,0,3628,3628
13121007706,"Fulton, GA (CT)",28,4208,4236,52,8378,8430
13121007802,"Fulton, GA (CT)",0,3863,3863,0,8103,8103
13121007805,"Fulton, GA (CT)",0,1632,1632,0,3449,3449
13121007806,"Fulton, GA (CT)",0,2330,2330,0,5474,5474
13121007807,"Fulton, GA (CT)",0,1330,1330,0,3116,3116
13121007808,"Fulton, GA (CT)",0,1786,1786,0,4306,4306
13121007900,"Fulton, GA (CT)",0,2319,2319,0,4673,4673
13121008000,"Fulton, GA (CT)",0,2269,2269,0,4875,4875
13121008101,"Fulton, GA (CT)",0,447,447,0,977,977
13121008102,"Fulton, GA (CT)",0,3327,3327,0,5925,5925
13121008201,"Fulton, GA (CT)",0,2915,2915,0,6083,6083
13121008202,"Fulton, GA (CT)",0,883,883,0,1893,1893
13121008301,"Fulton, GA (CT)",0,1591,1591,0,2903,2903
13121008302,"Fulton, GA (CT)",0,1220,1220,0,2000,2000
13121008400,"Fulton, GA (CT)",0,2017,2017,0,3181,3181
13121008500,"Fulton, GA (CT)",0,1938,1938,0,3774,3774
13121008601,"Fulton, GA (CT)",0,2165,2165,0,4917,4917
13121008602,"Fulton, GA (CT)",0,563,563,0,1285,1285
13121008700,"Fulton, GA (CT)",0,2244,2244,0,4372,4372
13121008800,"Fulton, GA (CT)",0,2265,2265,0,4578,4578
13121008902,"Fulton, GA (CT)",0,3947,3947,0,5765,5765
13121008903,"Fulton, GA (CT)",0,1085,1085,0,2372,2372
13121008904,"Fulton, GA (CT)",0,2726,2726,0,4883,4883
13121009000,"Fulton, GA (CT)",0,1987,1987,0,4417,4417
13121009101,"Fulton, GA (CT)",0,3241,3241,0,4248,4248
13121009102,"Fulton, GA (CT)",0,2511,2511,0,3677,3677
13121009200,"Fulton, GA (CT)",0,4033,4033,0,6468,6468
13121009300,"Fulton, GA (CT)",0,2704,2704,0,4533,4533
13121009402,"Fulton, GA (CT)",0,2927,2927,0,4073,4073
13121009403,"Fulton, GA (CT)",0,3233,3233,0,4625,4625
13121009404,"Fulton, GA (CT)",0,2671,2671,0,4207,4207
13121009501,"Fulton, GA (CT)",0,2058,2058,0,4015,4015
13121009502,"Fulton, GA (CT)",0,2970,2970,0,3869,3869
13121009601,"Fulton, GA (CT)",0,1731,1731,0,2438,2438
13121009602,"Fulton, GA (CT)",0,3124,3124,0,4461,4461
13121009603,"Fulton, GA (CT)",0,2986,2986,0,4388,4388
13121009700,"Fulton, GA (CT)",0,1547,1547,0,3534,3534
13121009801,"Fulton, GA (CT)",0,1999,1999,0,4680,4680
13121009802,"Fulton, GA (CT)",0,2025,2025,0,4141,4141
13121009900,"Fulton, GA (CT)",0,2428,2428,0,4993,4993
13121010001,"Fulton, GA (CT)",0,2563,2563,0,4487,4487
13121010002,"Fulton, GA (CT)",0,3799,3799,0,7001,7001
13121010106,"Fulton, GA (CT)",0,1976,1976,0,4070,4070
13121010107,"Fulton, GA (CT)",0,689,689,0,1834,1834
13121010108,"Fulton, GA (CT)",0,1446,1446,0,3830,3830
13121010110,"Fulton, GA (CT)",0,3143,3143,0,5022,5022
13121010113,"Fulton, GA (CT)",0,2758,2758,0,5439,5439
13121010114,"Fulton, GA (CT)",0,3141,3141,0,6115,6115
13121010115,"Fulton, GA (CT)",0,1093,1093,0,2546,2546
13121010117,"Fulton, GA (CT)",0,1841,1841,0,3133,3133
13121010118,"Fulton, GA (CT)",0,2359,2359,0,4782,4782
13121010119,"Fulton, GA (CT)",0,2368,2368,0,4938,4938
13121010120,"Fulton, GA (CT)",0,1239,1239,0,2194,2194
13121010121,"Fulton, GA (CT)",0,1236,1236,0,1648,1648
13121010122,"Fulton, GA (CT)",0,3121,3121,0,5596,5596
13121010123,"Fulton, GA (CT)",0,2220,2220,0,4017,4017
13121010204,"Fulton, GA (CT)",0,1875,1875,0,4761,4761
13121010205,"Fulton, GA (CT)",0,2377,2377,0,4907,4907
13121010206,"Fulton, GA (CT)",0,2380,2380,0,4977,4977
13121010208,"Fulton, GA (CT)",0,2504,2504,0,4219,4219
13121010209,"Fulton, GA (CT)",0,2855,2855,0,5007,5007
13121010210,"Fulton, GA (CT)",0,2718,2718,0,5604,5604
13121010211,"Fulton, GA (CT)",0,1472,1472,0,3970,3970
13121010212,"Fulton, GA (CT)",0,2157,2157,0,5440,5440
13121010301,"Fulton, GA (CT)",867,5070,5937,2077,13273,15350
13121010303,"Fulton, GA (CT)",35,3805,3840,71,8656,8727
13121010304,"Fulton, GA (CT)",388,4485,4873,857,11307,12164
13121010400,"Fulton, GA (CT)",1585,1748,3333,3703,3981,7684
13121010507,"Fulton, GA (CT)",0,3447,3447,0,7974,7974
13121010508,"Fulton, GA (CT)",0,1497,1497,0,3757,3757
13121010510,"Fulton, GA (CT)",191,6715,6906,470,15371,15841
13121010511,"Fulton, GA (CT)",0,3203,3203,0,7651,7651
13121010512,"Fulton, GA (CT)",0,2991,2991,0,6343,6343
13121010513,"Fulton, GA (CT)",15,5409,5424,20,13342,13362
13121010514,"Fulton, GA (CT)",397,4528,4925,964,10645,11609
13121010515,"Fulton, GA (CT)",62,2055,2117,113,4688,4801
13121010516,"Fulton, GA (CT)",0,3176,3176,0,7850,7850
13121010601,"Fulton, GA (CT)",0,1599,1599,0,2907,2907
13121010603,"Fulton, GA (CT)",0,1558,1558,0,3507,3507
13121010604,"Fulton, GA (CT)",0,1859,1859,0,3482,3482
13121010800,"Fulton, GA (CT)",0,2900,2900,0,6372,6372
13121011000,"Fulton, GA (CT)",0,1491,1491,0,3066,3066
13121011100,"Fulton, GA (CT)",0,1338,1338,0,2348,2348
13121011201,"Fulton, GA (CT)",0,2106,2106,0,3445,3445
13121011202,"Fulton, GA (CT)",0,2409,2409,0,4813,4813
13121011301,"Fulton, GA (CT)",0,2067,2067,0,4849,4849
13121011303,"Fulton, GA (CT)",0,3834,3834,0,8433,8433
13121011305,"Fulton, GA (CT)",0,2666,2666,0,4263,4263
13121011306,"Fulton, GA (CT)",0,1433,1433,0,2723,2723
13121011405,"Fulton, GA (CT)",0,3122,3122,0,6891,6891
13121011410,"Fulton, GA (CT)",0,2685,2685,0,6363,6363
13121011411,"Fulton, GA (CT)",0,3141,3141,0,7501,7501
13121011412,"Fulton, GA (CT)",0,3710,3710,0,8743,8743
13121011414,"Fulton, GA (CT)",0,3230,3230,0,7449,7449
13121011416,"Fulton, GA (CT)",0,2107,2107,0,5275,5275
13121011417,"Fulton, GA (CT)",0,2124,2124,0,4520,4520
13121011418,"Fulton, GA (CT)",0,2345,2345,0,5853,5853
13121011419,"Fulton, GA (CT)",0,2467,2467,0,5299,5299
13121011420,"Fulton, GA (CT)",0,2457,2457,0,7484,7484
13121011421,"Fulton, GA (CT)",0,1721,1721,0,4435,4435
13121011422,"Fulton, GA (CT)",0,1639,1639,0,3666,3666
13121011423,"Fulton, GA (CT)",0,1973,1973,0,4852,4852
13121011424,"Fulton, GA (CT)",0,2223,2223,0,5097,5097
13121011425,"Fulton, GA (CT)",0,2373,2373,0,6906,6906
13121011426,"Fulton, GA (CT)",0,755,755,0,2338,2338
13121011427,"Fulton, GA (CT)",0,3060,3060,0,7679,7679
13121011503,"Fulton, GA (CT)",68,2949,3017,182,8600,8782
13121011504,"Fulton, GA (CT)",507,3448,3955,1412,10994,12406
13121011505,"Fulton, GA (CT)",0,1353,1353,0,4198,4198
13121011506,"Fulton, GA (CT)",0,2204,2204,0,6148,6148
13121011610,"Fulton, GA (CT)",0,1988,1988,0,5211,5211
13121011611,"Fulton, GA (CT)",0,3224,3224,0,6414,6414
13121011612,"Fulton, GA (CT)",0,1206,1206,0,3133,3133
13121011613,"Fulton, GA (CT)",0,2312,2312,0,6240,6240
13121011614,"Fulton, GA (CT)",0,6206,6206,0,13082,13082
13121011615,"Fulton, GA (CT)",0,3282,3282,0,9165,9165
13121011616,"Fulton, GA (CT)",0,2427,2427,0,4577,4577
13121011617,"Fulton, GA (CT)",0,2990,2990,0,7467,7467
13121011618,"Fulton, GA (CT)",0,1570,1570,0,4268,4268
13121011619,"Fulton, GA (CT)",0,3113,3113,0,7503,7503
13121011620,"Fulton, GA (CT)",0,3204,3204,0,9333,9333
13121011621,"Fulton, GA (CT)",0,2391,2391,0,6366,6366
13121011622,"Fulton, GA (CT)",0,2928,2928,0,9625,9625
13121011623,"Fulton, GA (CT)",0,4264,4264,0,11473,11473
13121011624,"Fulton, GA (CT)",0,1207,1207,0,4268,4268
13121011625,"Fulton, GA (CT)",0,2839,2839,0,7755,7755
13121011626,"Fulton, GA (CT)",0,2913,2913,0,8047,8047
13121011800,"Fulton, GA (CT)",0,2721,2721,0,2655,2655
13121011900,"Fulton, GA (CT)",0,1788,1788,0,2934,2934
13121012000,"Fulton, GA (CT)",0,1603,1603,0,2918,2918
13121012300,"Fulton, GA (CT)",0,1500,1500,0,2413,2413
13121980000,"Fulton, GA (CT)",0,0,0,0,0,0
13123080100,"Gilmer, GA (CT)",2852,0,2852,4223,0,4223
13123080200,"Gilmer, GA (CT)",3828,0,3828,5599,0,5599
13123080300,"Gilmer, GA (CT)",1673,1162,2835,3461,2475,5936
13123080400,"Gilmer, GA (CT)",4487,451,4938,7399,1021,8420
13123080500,"Gilmer, GA (CT)",2111,0,2111,4114,0,4114
13125010100,"Glascock, GA (CT)",1519,0,1519,3082,0,3082
13127000101,"Glynn, GA (CT)",21,2015,2036,5,1184,1189
13127000102,"Glynn, GA (CT)",59,2699,2758,64,3073,3137
13127000200,"Glynn, GA (CT)",338,2390,2728,619,4010,4629
13127000300,"Glynn, GA (CT)",2039,2292,4331,1806,3959,5765
13127000401,"Glynn, GA (CT)",967,2150,3117,2232,5269,7501
13127000403,"Glynn, GA (CT)",1078,631,1709,2147,1406,3553
13127000404,"Glynn, GA (CT)",1354,2892,4246,2935,7332,10267
13127000501,"Glynn, GA (CT)",9,1764,1773,17,3826,3843
13127000503,"Glynn, GA (CT)",0,1896,1896,0,4073,4073
13127000504,"Glynn, GA (CT)",0,1774,1774,0,3910,3910
13127000600,"Glynn, GA (CT)",92,2433,2525,211,5552,5763
13127000700,"Glynn, GA (CT)",43,3612,3655,94,7663,7757
13127000800,"Glynn, GA (CT)",0,1637,1637,0,4159,4159
13127000900,"Glynn, GA (CT)",3,1941,1944,4,4046,4050
13127001000,"Glynn, GA (CT)",3040,1547,4587,6242,3788,10030
13127990000,"Glynn, GA (CT)",0,0,0,0,0,0
13129970100,"Gordon, GA (CT)",2058,423,2481,4724,1209,5933
13129970200,"Gordon, GA (CT)",2615,115,2730,6265,271,6536
13129970300,"Gordon, GA (CT)",638,2828,3466,1624,7205,8829
13129970400,"Gordon, GA (CT)",466,1706,2172,1149,3820,4969
13129970500,"Gordon, GA (CT)",0,1968,1968,0,4753,4753
13129970600,"Gordon, GA (CT)",318,2327,2645,888,5890,6778
13129970700,"Gordon, GA (CT)",1724,88,1812,4198,247,4445
13129970800,"Gordon, GA (CT)",1330,903,2233,3581,2433,6014
13129970900,"Gordon, GA (CT)",2464,307,2771,6024,905,6929
13131950100,"Grady, GA (CT)",1031,0,1031,2297,0,2297
13131950200,"Grady, GA (CT)",1232,0,1232,2702,0,2702
13131950300,"Grady, GA (CT)",541,1344,1885,1321,3043,4364
13131950400,"Grady, GA (CT)",1601,1003,2604,3785,2706,6491
13131950500,"Grady, GA (CT)",1318,1549,2867,3159,3665,6824
13131950600,"Grady, GA (CT)",1141,0,1141,2333,0,2333
13133950100,"Greene, GA (CT)",1108,0,1108,2203,0,2203
13133950200,"Greene, GA (CT)",1082,0,1082,2381,0,2381
13133950301,"Greene, GA (CT)",1492,0,1492,1889,0,1889
13133950302,"Greene, GA (CT)",1372,0,1372,1975,0,1975
13133950303,"Greene, GA (CT)",1023,1167,2190,2274,2759,5033
13133950400,"Greene, GA (CT)",501,0,501,1071,0,1071
13133950500,"Greene, GA (CT)",943,0,943,1442,0,1442
13135050103,"Gwinnett, GA (CT)",0,3787,3787,0,9882,9882
13135050105,"Gwinnett, GA (CT)",37,1430,1467,71,3580,3651
13135050106,"Gwinnett, GA (CT)",0,3842,3842,0,9513,9513
13135050107,"Gwinnett, GA (CT)",29,2360,2389,57,6741,6798
13135050108,"Gwinnett, GA (CT)",0,3142,3142,0,9660,9660
13135050109,"Gwinnett, GA (CT)",0,2470,2470,0,7056,7056
13135050205,"Gwinnett, GA (CT)",0,1681,1681,0,3749,3749
13135050208,"Gwinnett, GA (CT)",0,2513,2513,0,5827,5827
13135050209,"Gwinnett, GA (CT)",0,3431,3431,0,8166,8166
13135050210,"Gwinnett, GA (CT)",0,2746,2746,0,6069,6069
13135050211,"Gwinnett, GA (CT)",0,2179,2179,0,5098,5098
13135050212,"Gwinnett, GA (CT)",0,3835,3835,0,11749,11749
13135050213,"Gwinnett, GA (CT)",0,3633,3633,0,11512,11512
13135050214,"Gwinnett, GA (CT)",0,2859,2859,0,7777,7777
13135050215,"Gwinnett, GA (CT)",0,1234,1234,0,2788,2788
13135050216,"Gwinnett, GA (CT)",0,2830,2830,0,8279,8279
13135050217,"Gwinnett, GA (CT)",0,3828,3828,0,9538,9538
13135050218,"Gwinnett, GA (CT)",0,1366,1366,0,3838,3838
13135050219,"Gwinnett, GA (CT)",0,1462,1462,0,3247,3247
13135050220,"Gwinnett, GA (CT)",0,2976,2976,0,6339,6339
13135050304,"Gwinnett, GA (CT)",0,2281,2281,0,5163,5163
13135050306,"Gwinnett, GA (CT)",0,1175,1175,0,3895,3895
13135050308,"Gwinnett, GA (CT)",0,1342,1342,0,3642,3642
13135050309,"Gwinnett, GA (CT)",0,3385,3385,0,8374,8374
13135050310,"Gwinnett, GA (CT)",0,2530,2530,0,4860,4860
13135050311,"Gwinnett, GA (CT)",0,1271,1271,0,2794,2794
13135050313,"Gwinnett, GA (CT)",0,2671,2671,0,7541,7541
13135050314,"Gwinnett, GA (CT)",0,3601,3601,0,9577,9577
13135050315,"Gwinnett, GA (CT)",0,2272,2272,0,4850,4850
13135050317,"Gwinnett, GA (CT)",0,1813,1813,0,3586,3586
13135050318,"Gwinnett, GA (CT)",0,1111,1111,0,2683,2683
13135050319,"Gwinnett, GA (CT)",0,1975,1975,0,5689,5689
13135050320,"Gwinnett, GA (CT)",0,1855,1855,0,5598,5598
13135050321,"Gwinnett, GA (CT)",0,1519,1519,0,4325,4325
13135050322,"Gwinnett, GA (CT)",0,1529,1529,0,4583,4583
13135050410,"Gwinnett, GA (CT)",0,2092,2092,0,5877,5877
13135050415,"Gwinnett, GA (CT)",0,1501,1501,0,3639,3639
13135050416,"Gwinnett, GA (CT)",0,1296,1296,0,3663,3663
13135050417,"Gwinnett, GA (CT)",0,2083,2083,0,6127,6127
13135050418,"Gwinnett, GA (CT)",0,2760,2760,0,6765,6765
13135050419,"Gwinnett, GA (CT)",0,2459,2459,0,7302,7302
13135050421,"Gwinnett, GA (CT)",0,2808,2808,0,8032,8032
13135050422,"Gwinnett, GA (CT)",0,2417,2417,0,7229,7229
13135050423,"Gwinnett, GA (CT)",0,2449,2449,0,6967,6967
13135050424,"Gwinnett, GA (CT)",0,2562,2562,0,7229,7229
13135050425,"Gwinnett, GA (CT)",0,1819,1819,0,5139,5139
13135050426,"Gwinnett, GA (CT)",0,2433,2433,0,6267,6267
13135050427,"Gwinnett, GA (CT)",0,2053,2053,0,5712,5712
13135050428,"Gwinnett, GA (CT)",0,1966,1966,0,5729,5729
13135050429,"Gwinnett, GA (CT)",0,2417,2417,0,6718,6718
13135050430,"Gwinnett, GA (CT)",0,2077,2077,0,5003,5003
13135050431,"Gwinnett, GA (CT)",0,3080,3080,0,7639,7639
13135050432,"Gwinnett, GA (CT)",0,2006,2006,0,5814,5814
13135050433,"Gwinnett, GA (CT)",0,1038,1038,0,2450,2450
13135050434,"Gwinnett, GA (CT)",0,2785,2785,0,7827,7827
13135050435,"Gwinnett, GA (CT)",0,1282,1282,0,3803,3803
13135050436,"Gwinnett, GA (CT)",0,2607,2607,0,7183,7183
13135050511,"Gwinnett, GA (CT)",0,3680,3680,0,10270,10270
13135050520,"Gwinnett, GA (CT)",0,2198,2198,0,4737,4737
13135050521,"Gwinnett, GA (CT)",0,2021,2021,0,5182,5182
13135050522,"Gwinnett, GA (CT)",0,1841,1841,0,4533,4533
13135050523,"Gwinnett, GA (CT)",0,3069,3069,0,7356,7356
13135050524,"Gwinnett, GA (CT)",0,2132,2132,0,5473,5473
13135050525,"Gwinnett, GA (CT)",0,2725,2725,0,7942,7942
13135050526,"Gwinnett, GA (CT)",0,1880,1880,0,4476,4476
13135050527,"Gwinnett, GA (CT)",0,1950,1950,0,5987,5987
13135050528,"Gwinnett, GA (CT)",0,1639,1639,0,4845,4845
13135050529,"Gwinnett, GA (CT)",0,1455,1455,0,4033,4033
13135050530,"Gwinnett, GA (CT)",0,1988,1988,0,5786,5786
13135050531,"Gwinnett, GA (CT)",0,2415,2415,0,7251,7251
13135050532,"Gwinnett, GA (CT)",0,2762,2762,0,7688,7688
13135050533,"Gwinnett, GA (CT)",0,2485,2485,0,8163,8163
13135050534,"Gwinnett, GA (CT)",0,2552,2552,0,7238,7238
13135050535,"Gwinnett, GA (CT)",0,2196,2196,0,6176,6176
13135050536,"Gwinnett, GA (CT)",0,1675,1675,0,4894,4894
13135050537,"Gwinnett, GA (CT)",0,1791,1791,0,4456,4456
13135050538,"Gwinnett, GA (CT)",0,2419,2419,0,7379,7379
13135050539,"Gwinnett, GA (CT)",0,1875,1875,0,5513,5513
13135050540,"Gwinnett, GA (CT)",0,2697,2697,0,6578,6578
13135050541,"Gwinnett, GA (CT)",0,2172,2172,0,5061,5061
13135050542,"Gwinnett, GA (CT)",0,2280,2280,0,4711,4711
13135050543,"Gwinnett, GA (CT)",0,2273,2273,0,6472,6472
13135050544,"Gwinnett, GA (CT)",0,3841,3841,0,11612,11612
13135050545,"Gwinnett, GA (CT)",0,3945,3945,0,11641,11641
13135050546,"Gwinnett, GA (CT)",0,5023,5023,0,16073,16073
13135050547,"Gwinnett, GA (CT)",0,2399,2399,0,6847,6847
13135050548,"Gwinnett, GA (CT)",0,3052,3052,0,11778,11778
13135050549,"Gwinnett, GA (CT)",0,1656,1656,0,5018,5018
13135050605,"Gwinnett, GA (CT)",0,4723,4723,0,13793,13793
13135050606,"Gwinnett, GA (CT)",0,7211,7211,0,20655,20655
13135050607,"Gwinnett, GA (CT)",67,4985,5052,199,15045,15244
13135050608,"Gwinnett, GA (CT)",871,4293,5164,2411,13011,15422
13135050609,"Gwinnett, GA (CT)",0,3709,3709,0,11696,11696
13135050610,"Gwinnett, GA (CT)",185,4626,4811,503,14378,14881
13135050709,"Gwinnett, GA (CT)",37,4110,4147,101,11594,11695
13135050712,"Gwinnett, GA (CT)",0,2547,2547,0,7293,7293
13135050713,"Gwinnett, GA (CT)",0,2460,2460,0,7676,7676
13135050714,"Gwinnett, GA (CT)",0,1908,1908,0,5217,5217
13135050715,"Gwinnett, GA (CT)",0,1760,1760,0,4956,4956
13135050718,"Gwinnett, GA (CT)",0,2835,2835,0,7858,7858
13135050719,"Gwinnett, GA (CT)",0,2164,2164,0,5249,5249
13135050720,"Gwinnett, GA (CT)",0,2683,2683,0,7115,7115
13135050721,"Gwinnett, GA (CT)",0,3135,3135,0,8561,8561
13135050722,"Gwinnett, GA (CT)",0,1020,1020,0,2917,2917
13135050723,"Gwinnett, GA (CT)",0,2453,2453,0,7141,7141
13135050724,"Gwinnett, GA (CT)",0,5847,5847,0,15894,15894
13135050725,"Gwinnett, GA (CT)",0,1919,1919,0,5565,5565
13135050726,"Gwinnett, GA (CT)",195,2821,3016,568,8192,8760
13135050727,"Gwinnett, GA (CT)",0,3271,3271,0,9603,9603
13135050728,"Gwinnett, GA (CT)",0,4903,4903,0,14110,14110
13135050729,"Gwinnett, GA (CT)",0,1275,1275,0,3209,3209
13135050730,"Gwinnett, GA (CT)",0,2262,2262,0,6659,6659
13135050731,"Gwinnett, GA (CT)",0,3196,3196,0,9173,9173
13137000100,"Habersham, GA (CT)",1924,0,1924,3834,0,3834
13137000201,"Habersham, GA (CT)",1841,0,1841,4062,0,4062
13137000202,"Habersham, GA (CT)",2827,0,2827,5608,0,5608
13137000300,"Habersham, GA (CT)",975,862,1837,2101,1871,3972
13137000400,"Habersham, GA (CT)",1083,958,2041,2558,2216,4774
13137000500,"Habersham, GA (CT)",1118,1723,2841,2633,4358,6991
13137000601,"Habersham, GA (CT)",526,1105,1631,1340,4451,5791
13137000602,"Habersham, GA (CT)",1383,1821,3204,3156,4853,8009
13139000101,"Hall, GA (CT)",1153,1040,2193,2859,2577,5436
13139000102,"Hall, GA (CT)",1388,223,1611,3466,480,3946
13139000201,"Hall, GA (CT)",1695,631,2326,4160,1782,5942
13139000203,"Hall, GA (CT)",1680,0,1680,4161,0,4161
13139000204,"Hall, GA (CT)",1491,189,1680,3534,573,4107
13139000302,"Hall, GA (CT)",670,2135,2805,1290,4945,6235
13139000303,"Hall, GA (CT)",452,770,1222,1059,1511,2570
13139000304,"Hall, GA (CT)",1737,0,1737,3670,0,3670
13139000305,"Hall, GA (CT)",1038,721,1759,2352,1992,4344
13139000400,"Hall, GA (CT)",117,2610,2727,183,6195,6378
13139000500,"Hall, GA (CT)",103,2924,3027,269,7121,7390
13139000600,"Hall, GA (CT)",411,2026,2437,998,4384,5382
13139000701,"Hall, GA (CT)",221,1799,2020,562,5732,6294
13139000702,"Hall, GA (CT)",356,1145,1501,995,4065,5060
13139000800,"Hall, GA (CT)",0,1186,1186,0,3402,3402
13139000900,"Hall, GA (CT)",0,2503,2503,0,5456,5456
13139001002,"Hall, GA (CT)",188,2106,2294,372,5641,6013
13139001003,"Hall, GA (CT)",0,2210,2210,0,6539,6539
13139001004,"Hall, GA (CT)",0,1496,1496,0,2959,2959
13139001101,"Hall, GA (CT)",0,1335,1335,0,5249,5249
13139001102,"Hall, GA (CT)",0,1148,1148,0,4809,4809
13139001201,"Hall, GA (CT)",173,1887,2060,499,7340,7839
13139001202,"Hall, GA (CT)",591,1103,1694,1781,3882,5663
13139001301,"Hall, GA (CT)",235,1871,2106,664,4788,5452
13139001302,"Hall, GA (CT)",385,1444,1829,998,3970,4968
13139001402,"Hall, GA (CT)",0,2108,2108,0,5291,5291
13139001403,"Hall, GA (CT)",0,1587,1587,0,3576,3576
13139001404,"Hall, GA (CT)",50,2092,2142,89,5112,5201
13139001501,"Hall, GA (CT)",361,1577,1938,735,3469,4204
13139001502,"Hall, GA (CT)",303,1581,1884,505,3678,4183
13139001603,"Hall, GA (CT)",399,1330,1729,1032,3871,4903
13139001604,"Hall, GA (CT)",126,1852,1978,317,5399,5716
13139001605,"Hall, GA (CT)",104,1522,1626,279,4509,4788
13139001606,"Hall, GA (CT)",2,1529,1531,2,3470,3472
13139001607,"Hall, GA (CT)",34,1756,1790,62,4290,4352
13139001608,"Hall, GA (CT)",18,1908,1926,44,4690,4734
13141480300,"Hancock, GA (CT)",2579,0,2579,2661,0,2661
13141480400,"Hancock, GA (CT)",1698,1083,2781,3146,3622,6768
13143010100,"Haralson, GA (CT)",1465,0,1465,3511,0,3511
13143010200,"Haralson, GA (CT)",2520,0,2520,5725,0,5725
13143010301,"Haralson, GA (CT)",1421,55,1476,3484,137,3621
13143010302,"Haralson, GA (CT)",1927,1531,3458,4657,3462,8119
13143010400,"Haralson, GA (CT)",2192,1176,3368,4887,2917,7804
13145120198,"Harris, GA (CT)",2155,386,2541,4271,896,5167
13145120200,"Harris, GA (CT)",1452,0,1452,3335,0,3335
13145120300,"Harris, GA (CT)",3855,0,3855,9234,0,9234
13145120401,"Harris, GA (CT)",2422,0,2422,6325,0,6325
13145120402,"Harris, GA (CT)",3069,58,3127,7797,166,7963
13147960100,"Hart, GA (CT)",3572,119,3691,5449,180,5629
13147960200,"Hart, GA (CT)",1923,0,1923,3715,0,3715
13147960300,"Hart, GA (CT)",1110,265,1375,2446,554,3000
13147960400,"Hart, GA (CT)",1288,1291,2579,3049,2514,5563
13147960500,"Hart, GA (CT)",2101,1338,3439,4116,3190,7306
13149970100,"Heard, GA (CT)",2016,0,2016,4680,0,4680
13149970200,"Heard, GA (CT)",1858,0,1858,4281,0,4281
13149970300,"Heard, GA (CT)",1274,0,1274,2873,0,2873
13151070104,"Henry, GA (CT)",39,4960,4999,97,12952,13049
13151070106,"Henry, GA (CT)",0,2155,2155,0,5669,5669
13151070107,"Henry, GA (CT)",50,2516,2566,122,6887,7009
13151070108,"Henry, GA (CT)",0,1974,1974,0,5393,5393
13151070109,"Henry, GA (CT)",0,1285,1285,0,3416,3416
13151070110,"Henry, GA (CT)",98,2570,2668,214,6895,7109
13151070111,"Henry, GA (CT)",0,3413,3413,0,8083,8083
13151070113,"Henry, GA (CT)",0,1596,1596,0,4025,4025
13151070114,"Henry, GA (CT)",0,2354,2354,0,5043,5043
13151070202,"Henry, GA (CT)",1304,2440,3744,3729,7303,11032
13151070203,"Henry, GA (CT)",1196,4051,5247,3528,11484,15012
13151070204,"Henry, GA (CT)",522,1034,1556,1421,2934,4355
13151070205,"Henry, GA (CT)",185,3492,3677,486,9174,9660
13151070304,"Henry, GA (CT)",16,4301,4317,49,10976,11025
13151070305,"Henry, GA (CT)",917,1939,2856,2479,5449,7928
13151070306,"Henry, GA (CT)",533,2891,3424,1427,7697,9124
13151070307,"Henry, GA (CT)",0,1736,1736,0,4367,4367
13151070309,"Henry, GA (CT)",0,2582,2582,0,7318,7318
13151070310,"Henry, GA (CT)",0,1611,1611,0,4382,4382
13151070311,"Henry, GA (CT)",0,4620,4620,0,10718,10718
13151070402,"Henry, GA (CT)",1584,2362,3946,4435,7024,11459
13151070403,"Henry, GA (CT)",1240,2320,3560,3597,6539,10136
13151070404,"Henry, GA (CT)",884,1806,2690,1952,4946,6898
13151070501,"Henry, GA (CT)",292,2418,2710,841,6215,7056
13151070502,"Henry, GA (CT)",1427,3820,5247,3873,10783,14656
13153020105,"Houston, GA (CT)",0,2631,2631,0,6018,6018
13153020106,"Houston, GA (CT)",462,718,1180,1215,1644,2859
13153020108,"Houston, GA (CT)",36,2430,2466,88,5724,5812
13153020109,"Houston, GA (CT)",0,3586,3586,0,8685,8685
13153020200,"Houston, GA (CT)",0,2323,2323,0,4875,4875
13153020300,"Houston, GA (CT)",0,2930,2930,0,6492,6492
13153020400,"Houston, GA (CT)",0,1528,1528,0,3133,3133
13153020600,"Houston, GA (CT)",21,244,265,53,1163,1216
13153020700,"Houston, GA (CT)",0,1493,1493,0,3422,3422
13153020800,"Houston, GA (CT)",0,987,987,0,2464,2464
13153020900,"Houston, GA (CT)",0,1851,1851,0,4181,4181
13153021000,"Houston, GA (CT)",0,2827,2827,0,6090,6090
13153021103,"Houston, GA (CT)",1076,2345,3421,2785,6111,8896
13153021104,"Houston, GA (CT)",1,3711,3712,0,8410,8410
13153021105,"Houston, GA (CT)",0,2887,2887,0,6061,6061
13153021107,"Houston, GA (CT)",0,3244,3244,0,8295,8295
13153021108,"Houston, GA (CT)",5,2376,2381,8,6118,6126
13153021113,"Houston, GA (CT)",19,6485,6504,41,17800,17841
13153021201,"Houston, GA (CT)",464,2258,2722,1172,5851,7023
13153021202,"Houston, GA (CT)",470,2095,2565,1131,4356,5487
13153021300,"Houston, GA (CT)",709,1175,1884,1483,2725,4208
13153021400,"Houston, GA (CT)",782,2512,3294,1979,6307,8286
13153021500,"Houston, GA (CT)",1631,13,1644,3982,38,4020
13155950100,"Irwin, GA (CT)",1084,0,1084,2385,0,2385
13155950200,"Irwin, GA (CT)",1742,1207,2949,3787,3366,7153
13157010101,"Jackson, GA (CT)",1997,241,2238,5202,763,5965
13157010102,"Jackson, GA (CT)",852,1360,2212,2259,3560,5819
13157010103,"Jackson, GA (CT)",955,1053,2008,2500,2881,5381
13157010200,"Jackson, GA (CT)",1884,0,1884,4875,0,4875
13157010300,"Jackson, GA (CT)",490,1673,2163,1108,3986,5094
13157010400,"Jackson, GA (CT)",1010,1061,2071,2459,2365,4824
13157010500,"Jackson, GA (CT)",2172,0,2172,5494,0,5494
13157010600,"Jackson, GA (CT)",2827,661,3488,7068,1691,8759
13157010701,"Jackson, GA (CT)",645,346,991,1512,937,2449
13157010702,"Jackson, GA (CT)",794,2567,3361,1926,6856,8782
13157010703,"Jackson, GA (CT)",754,410,1164,1897,1146,3043
13159010100,"Jasper, GA (CT)",1037,0,1037,2586,0,2586
13159010200,"Jasper, GA (CT)",1268,0,1268,2787,0,2787
13159010500,"Jasper, GA (CT)",2746,1102,3848,5992,2535,8527
13161960100,"Jeff Davis, GA (CT)",2169,859,3028,5272,1911,7183
13161960200,"Jeff Davis, GA (CT)",1559,1145,2704,3557,2683,6240
13161960300,"Jeff Davis, GA (CT)",756,0,756,1645,0,1645
13163960100,"Jefferson, GA (CT)",2280,0,2280,5179,0,5179
13163960200,"Jefferson, GA (CT)",930,0,930,2103,0,2103
13163960300,"Jefferson, GA (CT)",1212,1273,2485,2823,3273,6096
13163960400,"Jefferson, GA (CT)",1603,0,1603,3552,0,3552
13165960100,"Jenkins, GA (CT)",1695,1398,3093,3380,2827,6207
13165960200,"Jenkins, GA (CT)",1128,0,1128,2133,0,2133
13167960100,"Johnson, GA (CT)",1408,0,1408,2789,0,2789
13167960200,"Johnson, GA (CT)",1005,848,1853,1991,3452,5443
13167960300,"Johnson, GA (CT)",859,0,859,1748,0,1748
13169030101,"Jones, GA (CT)",1051,0,1051,2660,0,2660
13169030103,"Jones, GA (CT)",713,62,775,1786,127,1913
13169030104,"Jones, GA (CT)",1070,1927,2997,2514,4563,7077
13169030200,"Jones, GA (CT)",1393,0,1393,3319,0,3319
13169030301,"Jones, GA (CT)",1092,1677,2769,2722,4510,7232
13169030302,"Jones, GA (CT)",2679,24,2703,6412,56,6468
13171970100,"Lamar, GA (CT)",2661,0,2661,6401,0,6401
13171970200,"Lamar, GA (CT)",1450,1504,2954,3374,4348,7722
13171970300,"Lamar, GA (CT)",594,1265,1859,1375,2819,4194
13173950100,"Lanier, GA (CT)",859,0,859,1936,0,1936
13173950200,"Lanier, GA (CT)",2188,1202,3390,5232,2910,8142
13175950100,"Laurens, GA (CT)",1470,0,1470,3099,0,3099
13175950201,"Laurens, GA (CT)",77,1965,2042,168,4470,4638
13175950202,"Laurens, GA (CT)",1773,225,1998,4227,609,4836
13175950300,"Laurens, GA (CT)",68,845,913,124,1689,1813
13175950400,"Laurens, GA (CT)",0,1932,1932,0,4149,4149
13175950500,"Laurens, GA (CT)",670,880,1550,1620,2185,3805
13175950600,"Laurens, GA (CT)",840,0,840,2077,0,2077
13175950700,"Laurens, GA (CT)",1098,0,1098,2452,0,2452
13175950800,"Laurens, GA (CT)",735,1130,1865,1492,2954,4446
13175950900,"Laurens, GA (CT)",0,1186,1186,0,2565,2565
13175951000,"Laurens, GA (CT)",2337,1049,3386,5333,2378,7711
13175951100,"Laurens, GA (CT)",1778,0,1778,4093,0,4093
13175951400,"Laurens, GA (CT)",1310,0,1310,2750,0,2750
13177020100,"Lee, GA (CT)",1396,1093,2489,3601,3092,6693
13177020200,"Lee, GA (CT)",621,0,621,1587,0,1587
13177020300,"Lee, GA (CT)",1084,1109,2193,3081,3631,6712
13177020402,"Lee, GA (CT)",329,2675,3004,760,7076,7836
13177020403,"Lee, GA (CT)",449,1520,1969,1223,4247,5470
13179010101,"Liberty, GA (CT)",0,1862,1862,0,6221,6221
13179010102,"Liberty, GA (CT)",0,226,226,0,2297,2297
13179010103,"Liberty, GA (CT)",0,438,438,0,866,866
13179010202,"Liberty, GA (CT)",0,1858,1858,0,4151,4151
13179010204,"Liberty, GA (CT)",11,1460,1471,15,3237,3252
13179010205,"Liberty, GA (CT)",0,2347,2347,0,5384,5384
13179010206,"Liberty, GA (CT)",1013,1126,2139,2272,2237,4509
13179010207,"Liberty, GA (CT)",0,2318,2318,0,5494,5494
13179010208,"Liberty, GA (CT)",12,2358,2370,23,6469,6492
13179010300,"Liberty, GA (CT)",17,3248,3265,39,6679,6718
13179010400,"Liberty, GA (CT)",638,2581,3219,1556,5722,7278
13179010501,"Liberty, GA (CT)",2067,0,2067,3802,0,3802
13179010502,"Liberty, GA (CT)",2298,0,2298,5109,0,5109
13179010600,"Liberty, GA (CT)",853,0,853,1880,0,1880
13179990000,"Liberty, GA (CT)",0,0,0,0,0,0
13181970100,"Lincoln, GA (CT)",2305,0,2305,3707,0,3707
13181970200,"Lincoln, GA (CT)",2481,0,2481,4289,0,4289
13183970100,"Long, GA (CT)",3004,659,3663,7256,1610,8866
13183970200,"Long, GA (CT)",1900,476,2376,4509,1089,5598
13183980000,"Long, GA (CT)",0,0,0,0,0,0
13185010101,"Lowndes, GA (CT)",1137,565,1702,2753,1568,4321
13185010102,"Lowndes, GA (CT)",501,1271,1772,1375,3973,5348
13185010103,"Lowndes, GA (CT)",225,957,1182,622,2730,3352
13185010201,"Lowndes, GA (CT)",823,91,914,2027,1721,3748
13185010202,"Lowndes, GA (CT)",1508,2698,4206,3889,7207,11096
13185010301,"Lowndes, GA (CT)",439,1913,2352,742,4144,4886
13185010302,"Lowndes, GA (CT)",0,1192,1192,0,2562,2562
13185010401,"Lowndes, GA (CT)",0,860,860,0,1543,1543
13185010402,"Lowndes, GA (CT)",0,2763,2763,0,7079,7079
13185010500,"Lowndes, GA (CT)",0,1804,1804,0,4200,4200
13185010601,"Lowndes, GA (CT)",0,2588,2588,0,5815,5815
13185010604,"Lowndes, GA (CT)",259,1702,1961,612,4301,4913
13185010700,"Lowndes, GA (CT)",1445,0,1445,3516,0,3516
13185010800,"Lowndes, GA (CT)",81,2305,2386,170,5250,5420
13185010900,"Lowndes, GA (CT)",0,763,763,0,1732,1732
13185011000,"Lowndes, GA (CT)",0,1302,1302,0,3394,3394
13185011100,"Lowndes, GA (CT)",0,978,978,0,4023,4023
13185011200,"Lowndes, GA (CT)",0,1993,1993,0,4200,4200
13185011301,"Lowndes, GA (CT)",0,2147,2147,0,5022,5022
13185011302,"Lowndes, GA (CT)",0,1297,1297,0,2386,2386
13185011401,"Lowndes, GA (CT)",455,461,916,1106,1067,2173
13185011402,"Lowndes, GA (CT)",144,625,769,328,2233,2561
13185011403,"Lowndes, GA (CT)",2877,344,3221,7501,752,8253
13185011500,"Lowndes, GA (CT)",1586,0,1586,3920,0,3920
13185011600,"Lowndes, GA (CT)",480,1342,1822,1155,2615,3770
13187960101,"Lumpkin, GA (CT)",3098,0,3098,7467,0,7467
13187960102,"Lumpkin, GA (CT)",2856,199,3055,5491,513,6004
13187960201,"Lumpkin, GA (CT)",3442,149,3591,7902,1779,9681
13187960202,"Lumpkin, GA (CT)",1948,1233,3181,4294,2520,6814
13189950100,"McDuffie, GA (CT)",1046,0,1046,2253,0,2253
13189950200,"McDuffie, GA (CT)",814,1485,2299,2024,3358,5382
13189950300,"McDuffie, GA (CT)",689,696,1385,1622,1553,3175
13189950400,"McDuffie, GA (CT)",955,1477,2432,2176,3629,5805
13189950500,"McDuffie, GA (CT)",2157,0,2157,5260,0,5260
13191110100,"McIntosh, GA (CT)",3672,0,3672,4432,0,4432
13191110200,"McIntosh, GA (CT)",2952,355,3307,5024,682,5706
13191110300,"McIntosh, GA (CT)",751,1490,2241,1195,3000,4195
13191980000,"McIntosh, GA (CT)",0,0,0,0,0,0
13191990000,"McIntosh, GA (CT)",0,0,0,0,0,0
13193000100,"Macon, GA (CT)",1056,0,1056,2083,0,2083
13193000200,"Macon, GA (CT)",989,0,989,1814,0,1814
13193000300,"Macon, GA (CT)",725,931,1656,1557,3653,5210
13193000400,"Macon, GA (CT)",961,1474,2435,2386,3247,5633
13195020100,"Madison, GA (CT)",2291,0,2291,5481,0,5481
13195020200,"Madison, GA (CT)",1749,0,1749,4114,0,4114
13195020300,"Madison, GA (CT)",1818,0,1818,4256,0,4256
13195020400,"Madison, GA (CT)",2098,97,2195,5205,244,5449
13195020500,"Madison, GA (CT)",1967,852,2819,4793,2037,6830
13195020600,"Madison, GA (CT)",911,1,912,1987,3,1990
13197920100,"Marion, GA (CT)",2078,0,2078,4523,0,4523
13197920200,"Marion, GA (CT)",2078,0,2078,4219,0,4219
13199970500,"Meriwether, GA (CT)",1190,1725,2915,2538,3676,6214
13199970600,"Meriwether, GA (CT)",1455,0,1455,3155,0,3155
13199970700,"Meriwether, GA (CT)",3229,0,3229,7608,0,7608
13199970800,"Meriwether, GA (CT)",2358,0,2358,5015,0,5015
13201950100,"Miller, GA (CT)",778,0,778,1599,0,1599
13201950200,"Miller, GA (CT)",844,0,844,1921,0,1921
13201950300,"Miller, GA (CT)",1169,0,1169,2605,0,2605
13205090100,"Mitchell, GA (CT)",1468,0,1468,3515,0,3515
13205090200,"Mitchell, GA (CT)",1166,340,1506,2644,962,3606
13205090300,"Mitchell, GA (CT)",391,641,1032,911,1570,2481
13205090400,"Mitchell, GA (CT)",950,1440,2390,2443,5369,7812
13205090500,"Mitchell, GA (CT)",1441,1159,2600,3296,2788,6084
13207050101,"Monroe, GA (CT)",2472,201,2673,5716,451,6167
13207050102,"Monroe, GA (CT)",1512,296,1808,3568,666,4234
13207050200,"Monroe, GA (CT)",747,1385,2132,2012,3717,5729
13207050301,"Monroe, GA (CT)",1934,0,1934,4671,0,4671
13207050302,"Monroe, GA (CT)",1988,175,2163,5233,390,5623
13209950100,"Montgomery, GA (CT)",870,44,914,1860,118,1978
13209950200,"Montgomery, GA (CT)",1887,0,1887,4861,0,4861
13209950300,"Montgomery, GA (CT)",1120,0,1120,2284,0,2284
13211010100,"Morgan, GA (CT)",1071,0,1071,2717,0,2717
13211010200,"Morgan, GA (CT)",1430,0,1430,3475,0,3475
13211010300,"Morgan, GA (CT)",1090,1893,2983,2782,4401,7183
13211010400,"Morgan, GA (CT)",1327,0,1327,2832,0,2832
13211010500,"Morgan, GA (CT)",661,0,661,1661,0,1661
13213010100,"Murray, GA (CT)",1543,0,1543,3587,0,3587
13213010201,"Murray, GA (CT)",722,120,842,1570,273,1843
13213010202,"Murray, GA (CT)",2862,447,3309,7770,1334,9104
13213010300,"Murray, GA (CT)",1581,115,1696,3586,266,3852
13213010400,"Murray, GA (CT)",268,2375,2643,677,5563,6240
13213010500,"Murray, GA (CT)",709,1247,1956,1773,3314,5087
13213010600,"Murray, GA (CT)",1348,450,1798,3260,1088,4348
13213010700,"Murray, GA (CT)",2192,0,2192,5567,0,5567
13215000200,"Muscogee, GA (CT)",0,1119,1119,0,2498,2498
13215000300,"Muscogee, GA (CT)",0,742,742,0,1741,1741
13215000400,"Muscogee, GA (CT)",0,1254,1254,0,2841,2841
13215000800,"Muscogee, GA (CT)",0,1185,1185,0,2431,2431
13215000900,"Muscogee, GA (CT)",0,1300,1300,0,2851,2851
13215001000,"Muscogee, GA (CT)",0,1851,1851,0,4384,4384
13215001100,"Muscogee, GA (CT)",0,1101,1101,0,2588,2588
13215001200,"Muscogee, GA (CT)",0,1997,1997,0,3371,3371
13215001400,"Muscogee, GA (CT)",0,1002,1002,0,1768,1768
13215001600,"Muscogee, GA (CT)",0,1318,1318,0,2749,2749
13215001800,"Muscogee, GA (CT)",0,638,638,0,1272,1272
13215002000,"Muscogee, GA (CT)",0,1422,1422,0,3266,3266
13215002100,"Muscogee, GA (CT)",0,1068,1068,0,2381,2381
13215002200,"Muscogee, GA (CT)",0,1378,1378,0,2795,2795
13215002300,"Muscogee, GA (CT)",0,855,855,0,1785,1785
13215002400,"Muscogee, GA (CT)",0,778,778,0,1581,1581
13215002500,"Muscogee, GA (CT)",0,928,928,0,2626,2626
13215002700,"Muscogee, GA (CT)",0,1147,1147,0,2710,2710
13215002800,"Muscogee, GA (CT)",0,1276,1276,0,2107,2107
13215002901,"Muscogee, GA (CT)",0,1451,1451,0,2878,2878
13215002902,"Muscogee, GA (CT)",0,1185,1185,0,2249,2249
13215003000,"Muscogee, GA (CT)",0,1290,1290,0,2676,2676
13215003200,"Muscogee, GA (CT)",0,888,888,0,1744,1744
13215003301,"Muscogee, GA (CT)",0,545,545,0,1317,1317
13215003302,"Muscogee, GA (CT)",0,1243,1243,0,2455,2455
13215003400,"Muscogee, GA (CT)",0,1116,1116,0,2338,2338
13215010104,"Muscogee, GA (CT)",0,3212,3212,0,6532,6532
13215010106,"Muscogee, GA (CT)",0,2188,2188,0,5451,5451
13215010107,"Muscogee, GA (CT)",1275,1418,2693,3384,3881,7265
13215010201,"Muscogee, GA (CT)",359,2439,2798,995,5745,6740
13215010203,"Muscogee, GA (CT)",286,3191,3477,696,7237,7933
13215010204,"Muscogee, GA (CT)",0,2459,2459,0,6013,6013
13215010205,"Muscogee, GA (CT)",0,1398,1398,0,2911,2911
13215010301,"Muscogee, GA (CT)",174,911,1085,494,1984,2478
13215010302,"Muscogee, GA (CT)",0,2765,2765,0,6293,6293
13215010401,"Muscogee, GA (CT)",0,2743,2743,0,6401,6401
13215010402,"Muscogee, GA (CT)",0,2044,2044,0,4049,4049
13215010501,"Muscogee, GA (CT)",0,2806,2806,0,6399,6399
13215010502,"Muscogee, GA (CT)",0,800,800,0,1406,1406
13215010602,"Muscogee, GA (CT)",0,1997,1997,0,4936,4936
13215010605,"Muscogee, GA (CT)",0,1564,1564,0,4146,4146
13215010606,"Muscogee, GA (CT)",0,53,53,0,1834,1834
13215010607,"Muscogee, GA (CT)",0,2113,2113,0,5328,5328
13215010608,"Muscogee, GA (CT)",0,1546,1546,0,4156,4156
13215010701,"Muscogee, GA (CT)",0,2398,2398,0,6010,6010
13215010702,"Muscogee, GA (CT)",0,1949,1949,0,4764,4764
13215010703,"Muscogee, GA (CT)",0,2723,2723,0,5995,5995
13215010801,"Muscogee, GA (CT)",0,1152,1152,0,1427,1427
13215010802,"Muscogee, GA (CT)",23,1221,1244,85,6369,6454
13215011100,"Muscogee, GA (CT)",0,1033,1033,0,1992,1992
13215011200,"Muscogee, GA (CT)",0,1207,1207,0,1942,1942
13215011400,"Muscogee, GA (CT)",0,986,986,0,2132,2132
13215011500,"Muscogee, GA (CT)",0,2180,2180,0,5496,5496
13217100100,"Newton, GA (CT)",3266,970,4236,8162,3088,11250
13217100201,"Newton, GA (CT)",2232,0,2232,5950,0,5950
13217100202,"Newton, GA (CT)",2029,0,2029,5335,0,5335
13217100300,"Newton, GA (CT)",231,3234,3465,633,7744,8377
13217100400,"Newton, GA (CT)",51,1158,1209,103,3445,3548
13217100501,"Newton, GA (CT)",0,5523,5523,0,13840,13840
13217100502,"Newton, GA (CT)",0,2985,2985,0,7810,7810
13217100600,"Newton, GA (CT)",175,2149,2324,437,5575,6012
13217100700,"Newton, GA (CT)",188,2323,2511,487,5437,5924
13217100800,"Newton, GA (CT)",2858,855,3713,7183,2504,9687
13217100901,"Newton, GA (CT)",1122,2607,3729,2915,7475,10390
13217100902,"Newton, GA (CT)",0,1969,1969,0,5470,5470
13217100903,"Newton, GA (CT)",16,2401,2417,26,6339,6365
13219030100,"Oconee, GA (CT)",1485,2509,3994,4059,6531,10590
13219030200,"Oconee, GA (CT)",501,1583,2084,1403,4021,5424
13219030300,"Oconee, GA (CT)",1567,127,1694,4371,339,4710
13219030400,"Oconee, GA (CT)",775,2045,2820,2070,5409,7479
13219030500,"Oconee, GA (CT)",831,0,831,2087,0,2087
13219030600,"Oconee, GA (CT)",960,0,960,2518,0,2518
13221960100,"Oglethorpe, GA (CT)",853,0,853,1853,0,1853
13221960201,"Oglethorpe, GA (CT)",2708,61,2769,6435,111,6546
13221960202,"Oglethorpe, GA (CT)",2065,0,2065,4763,0,4763
13221960300,"Oglethorpe, GA (CT)",797,0,797,1737,0,1737
13223120101,"Paulding, GA (CT)",155,4087,4242,419,11987,12406
13223120102,"Paulding, GA (CT)",347,3392,3739,938,10333,11271
13223120103,"Paulding, GA (CT)",1746,1201,2947,4882,3685,8567
13223120104,"Paulding, GA (CT)",894,139,1033,2432,395,2827
13223120202,"Paulding, GA (CT)",0,2705,2705,0,7157,7157
13223120203,"Paulding, GA (CT)",0,1917,1917,0,5270,5270
13223120204,"Paulding, GA (CT)",0,2537,2537,0,6385,6385
13223120301,"Paulding, GA (CT)",664,1610,2274,1714,3809,5523
13223120302,"Paulding, GA (CT)",568,4385,4953,1442,10454,11896
13223120303,"Paulding, GA (CT)",173,490,663,414,1373,1787
13223120400,"Paulding, GA (CT)",4776,1707,6483,12394,4622,17016
13223120501,"Paulding, GA (CT)",305,2229,2534,790,5667,6457
13223120502,"Paulding, GA (CT)",0,3297,3297,0,9418,9418
13223120503,"Paulding, GA (CT)",197,1511,1708,527,4311,4838
13223120601,"Paulding, GA (CT)",0,1657,1657,0,4740,4740
13223120602,"Paulding, GA (CT)",13,3361,3374,23,9977,10000
13223120603,"Paulding, GA (CT)",0,2305,2305,0,5934,5934
13223120604,"Paulding, GA (CT)",488,1291,1779,1303,3886,5189
13223120605,"Paulding, GA (CT)",457,1526,1983,1262,4381,5643
13225040101,"Peach, GA (CT)",716,13,729,1607,23,1630
13225040102,"Peach, GA (CT)",1362,2860,4222,3453,6481,9934
13225040200,"Peach, GA (CT)",1006,851,1857,2627,1963,4590
13225040301,"Peach, GA (CT)",522,674,1196,1288,1616,2904
13225040302,"Peach, GA (CT)",202,847,1049,454,1832,2286
13225040400,"Peach, GA (CT)",500,1497,1997,1157,5194,6351
13227050100,"Pickens, GA (CT)",3223,0,3223,4090,0,4090
13227050200,"Pickens, GA (CT)",939,1970,2909,2106,4554,6660
13227050300,"Pickens, GA (CT)",1421,393,1814,3467,954,4421
13227050400,"Pickens, GA (CT)",1463,0,1463,3701,0,3701
13227050500,"Pickens, GA (CT)",1578,182,1760,3957,401,4358
13227050600,"Pickens, GA (CT)",1730,793,2523,4194,2007,6201
13229960100,"Pierce, GA (CT)",1269,0,1269,2902,0,2902
13229960200,"Pierce, GA (CT)",738,0,738,1688,0,1688
13229960300,"Pierce, GA (CT)",1908,883,2791,4512,1858,6370
13229960400,"Pierce, GA (CT)",2329,859,3188,5783,2015,7798
13231010100,"Pike, GA (CT)",2584,58,2642,6818,185,7003
13231010200,"Pike, GA (CT)",1301,0,1301,3466,0,3466
13231010300,"Pike, GA (CT)",1512,0,1512,3878,0,3878
13231010400,"Pike, GA (CT)",1365,0,1365,3522,0,3522
13233010100,"Polk, GA (CT)",1785,567,2352,4411,1457,5868
13233010200,"Polk, GA (CT)",1490,1858,3348,3604,4375,7979
13233010300,"Polk, GA (CT)",1432,324,1756,3675,1134,4809
13233010400,"Polk, GA (CT)",1046,1118,2164,2649,3195,5844
13233010500,"Polk, GA (CT)",851,1755,2606,2080,3983,6063
13233010600,"Polk, GA (CT)",1184,1161,2345,2935,2659,5594
13233010700,"Polk, GA (CT)",829,1508,2337,1973,3345,5318
13235950100,"Pulaski, GA (CT)",723,148,871,2608,305,2913
13235950200,"Pulaski, GA (CT)",1727,1758,3485,3793,3694,7487
13235950300,"Pulaski, GA (CT)",795,0,795,1610,0,1610
13237960101,"Putnam, GA (CT)",2179,0,2179,3192,0,3192
13237960102,"Putnam, GA (CT)",3863,0,3863,4746,0,4746
13237960201,"Putnam, GA (CT)",615,0,615,1435,0,1435
13237960202,"Putnam, GA (CT)",1211,1753,2964,3102,3889,6991
13237960300,"Putnam, GA (CT)",3016,167,3183,4700,154,4854
13239960300,"Quitman, GA (CT)",1571,476,2047,1837,676,2513
13241970100,"Rabun, GA (CT)",3299,466,3765,3996,1211,5207
13241970201,"Rabun, GA (CT)",1390,705,2095,2118,1309,3427
13241970202,"Rabun, GA (CT)",1288,453,1741,1904,852,2756
13241970301,"Rabun, GA (CT)",3870,0,3870,3356,0,3356
13241970302,"Rabun, GA (CT)",842,0,842,1530,0,1530
13243790100,"Randolph, GA (CT)",1062,0,1062,1898,0,1898
13243790200,"Randolph, GA (CT)",1221,1870,3091,2010,3811,5821
13245000100,"Richmond, GA (CT)",0,2256,2256,0,3753,3753
13245000200,"Richmond, GA (CT)",0,1491,1491,0,3030,3030
13245000300,"Richmond, GA (CT)",0,757,757,0,1412,1412
13245000600,"Richmond, GA (CT)",0,1251,1251,0,2890,2890
13245000700,"Richmond, GA (CT)",0,584,584,0,1231,1231
13245000900,"Richmond, GA (CT)",0,550,550,0,1105,1105
13245001000,"Richmond, GA (CT)",0,1376,1376,0,2941,2941
13245001100,"Richmond, GA (CT)",0,907,907,0,1742,1742
13245001200,"Richmond, GA (CT)",0,2316,2316,0,4506,4506
13245001300,"Richmond, GA (CT)",0,746,746,0,1380,1380
13245001400,"Richmond, GA (CT)",0,1074,1074,0,2190,2190
13245001500,"Richmond, GA (CT)",0,643,643,0,989,989
13245001601,"Richmond, GA (CT)",0,2553,2553,0,5107,5107
13245001602,"Richmond, GA (CT)",0,1883,1883,0,3923,3923
13245010101,"Richmond, GA (CT)",0,1838,1838,0,3654,3654
13245010104,"Richmond, GA (CT)",0,2192,2192,0,3987,3987
13245010105,"Richmond, GA (CT)",0,2260,2260,0,5000,5000
13245010106,"Richmond, GA (CT)",0,2899,2899,0,5183,5183
13245010107,"Richmond, GA (CT)",0,1482,1482,0,2551,2551
13245010201,"Richmond, GA (CT)",0,2286,2286,0,5048,5048
13245010203,"Richmond, GA (CT)",0,2038,2038,0,4047,4047
13245010204,"Richmond, GA (CT)",456,5431,5887,1205,12231,13436
13245010300,"Richmond, GA (CT)",0,2339,2339,0,5059,5059
13245010400,"Richmond, GA (CT)",0,1810,1810,0,3645,3645
13245010504,"Richmond, GA (CT)",0,2836,2836,0,6779,6779
13245010506,"Richmond, GA (CT)",0,2084,2084,0,4708,4708
13245010507,"Richmond, GA (CT)",0,2516,2516,0,5579,5579
13245010508,"Richmond, GA (CT)",0,1712,1712,0,3450,3450
13245010509,"Richmond, GA (CT)",0,1720,1720,0,4119,4119
13245010510,"Richmond, GA (CT)",0,2002,2002,0,4882,4882
13245010511,"Richmond, GA (CT)",0,1075,1075,0,3380,3380
13245010512,"Richmond, GA (CT)",0,1660,1660,0,4719,4719
13245010513,"Richmond, GA (CT)",0,1267,1267,0,3367,3367
13245010600,"Richmond, GA (CT)",6,1859,1865,16,4301,4317
13245010706,"Richmond, GA (CT)",586,1330,1916,1418,3656,5074
13245010707,"Richmond, GA (CT)",0,1147,1147,0,3039,3039
13245010708,"Richmond, GA (CT)",0,2136,2136,0,5599,5599
13245010709,"Richmond, GA (CT)",0,1858,1858,0,5243,5243
13245010710,"Richmond, GA (CT)",17,2306,2323,33,5899,5932
13245010711,"Richmond, GA (CT)",98,1261,1359,194,3176,3370
13245010712,"Richmond, GA (CT)",0,2833,2833,0,7905,7905
13245010800,"Richmond, GA (CT)",35,1127,1162,680,8312,8992
13245010903,"Richmond, GA (CT)",1955,43,1998,5049,92,5141
13245010904,"Richmond, GA (CT)",743,768,1511,1744,1982,3726
13245010905,"Richmond, GA (CT)",2072,0,2072,5152,0,5152
13245010906,"Richmond, GA (CT)",1178,1341,2519,2992,3607,6599
13245011000,"Richmond, GA (CT)",0,1342,1342,0,1668,1668
13247060101,"Rockdale, GA (CT)",685,651,1336,1704,1742,3446
13247060102,"Rockdale, GA (CT)",1463,741,2204,3612,1857,5469
13247060201,"Rockdale, GA (CT)",223,1180,1403,605,4216,4821
13247060202,"Rockdale, GA (CT)",60,3631,3691,151,9410,9561
13247060304,"Rockdale, GA (CT)",11,2596,2607,31,5560,5591
13247060305,"Rockdale, GA (CT)",128,2067,2195,373,4728,5101
13247060306,"Rockdale, GA (CT)",321,729,1050,879,1826,2705
13247060307,"Rockdale, GA (CT)",0,4099,4099,0,10647,10647
13247060308,"Rockdale, GA (CT)",0,3039,3039,0,7136,7136
13247060309,"Rockdale, GA (CT)",55,2249,2304,183,5787,5970
13247060403,"Rockdale, GA (CT)",865,462,1327,2221,1342,3563
13247060404,"Rockdale, GA (CT)",149,2015,2164,390,5253,5643
13247060405,"Rockdale, GA (CT)",942,1594,2536,2576,4369,6945
13247060406,"Rockdale, GA (CT)",0,2028,2028,0,5323,5323
13247060407,"Rockdale, GA (CT)",0,1289,1289,0,3294,3294
13249960100,"Schley, GA (CT)",1314,0,1314,2849,0,2849
13249960200,"Schley, GA (CT)",894,0,894,2161,0,2161
13251970200,"Screven, GA (CT)",932,0,932,1892,0,1892
13251970300,"Screven, GA (CT)",757,737,1494,1805,1667,3472
13251970400,"Screven, GA (CT)",1582,653,2235,3385,1409,4794
13251970500,"Screven, GA (CT)",1234,0,1234,2608,0,2608
13251970600,"Screven, GA (CT)",844,0,844,1827,0,1827
13253200100,"Seminole, GA (CT)",1999,38,2037,2766,91,2857
13253200200,"Seminole, GA (CT)",249,1151,1400,690,2578,3268
13253200300,"Seminole, GA (CT)",1327,33,1360,2528,76,2604
13255160100,"Spalding, GA (CT)",1802,535,2337,4624,1345,5969
13255160200,"Spalding, GA (CT)",2580,68,2648,5847,126,5973
13255160300,"Spalding, GA (CT)",260,1230,1490,664,2851,3515
13255160400,"Spalding, GA (CT)",129,2308,2437,313,5379,5692
13255160500,"Spalding, GA (CT)",733,1987,2720,1679,5151,6830
13255160600,"Spalding, GA (CT)",1683,0,1683,4057,0,4057
13255160700,"Spalding, GA (CT)",710,2126,2836,1807,5587,7394
13255160800,"Spalding, GA (CT)",0,1879,1879,0,4214,4214
13255160900,"Spalding, GA (CT)",152,965,1117,352,2244,2596
13255161000,"Spalding, GA (CT)",2200,0,2200,5549,0,5549
13255161100,"Spalding, GA (CT)",167,1613,1780,451,3377,3828
13255161200,"Spalding, GA (CT)",508,3142,3650,1324,7132,8456
13257970100,"Stephens, GA (CT)",1132,1999,3131,2472,4451,6923
13257970200,"Stephens, GA (CT)",3041,224,3265,5198,564,5762
13257970301,"Stephens, GA (CT)",237,1638,1875,466,3357,3823
13257970302,"Stephens, GA (CT)",231,1124,1355,516,2262,2778
13257970400,"Stephens, GA (CT)",2954,82,3036,6677,212,6889
13259950100,"Stewart, GA (CT)",1015,0,1015,1976,0,1976
13259950400,"Stewart, GA (CT)",1368,0,1368,4082,0,4082
13261950100,"Sumter, GA (CT)",577,0,577,1203,0,1203
13261950200,"Sumter, GA (CT)",414,1817,2231,1024,4573,5597
13261950300,"Sumter, GA (CT)",910,1924,2834,2174,5537,7711
13261950400,"Sumter, GA (CT)",1318,0,1318,2995,0,2995
13261950500,"Sumter, GA (CT)",822,821,1643,2062,1874,3936
13261950600,"Sumter, GA (CT)",0,1078,1078,0,2130,2130
13261950700,"Sumter, GA (CT)",594,2015,2609,1530,4992,6522
13261950800,"Sumter, GA (CT)",1619,0,1619,2725,0,2725
13263960100,"Talbot, GA (CT)",1186,194,1380,2353,420,2773
13263960200,"Talbot, GA (CT)",1129,0,1129,2311,0,2311
13263960300,"Talbot, GA (CT)",890,0,890,1781,0,1781
13265010200,"Taliaferro, GA (CT)",1015,0,1015,1717,0,1717
13267950100,"Tattnall, GA (CT)",1953,0,1953,3601,0,3601
13267950201,"Tattnall, GA (CT)",1076,1061,2137,2257,3613,5870
13267950202,"Tattnall, GA (CT)",1467,153,1620,3801,1332,5133
13267950300,"Tattnall, GA (CT)",1085,756,1841,4117,1627,5744
13267950400,"Tattnall, GA (CT)",1637,778,2415,3638,1534,5172
13269950100,"Taylor, GA (CT)",667,0,667,1417,0,1417
13269950200,"Taylor, GA (CT)",1321,0,1321,2340,0,2340
13269950300,"Taylor, GA (CT)",2575,0,2575,5149,0,5149
13271950100,"Telfair, GA (CT)",1310,2905,4215,2550,8747,11297
13271950200,"Telfair, GA (CT)",1122,0,1122,1766,0,1766
13271950500,"Telfair, GA (CT)",1960,0,1960,3437,0,3437
13273120200,"Terrell, GA (CT)",772,0,772,1527,0,1527
13273120300,"Terrell, GA (CT)",360,1010,1370,800,2444,3244
13273120400,"Terrell, GA (CT)",449,861,1310,1115,2022,3137
13273120500,"Terrell, GA (CT)",628,0,628,1407,0,1407
13275960100,"Thomas, GA (CT)",623,0,623,1471,0,1471
13275960200,"Thomas, GA (CT)",1817,0,1817,4010,0,4010
13275960300,"Thomas, GA (CT)",1033,0,1033,2295,0,2295
13275960400,"Thomas, GA (CT)",1131,0,1131,2410,0,2410
13275960500,"Thomas, GA (CT)",1091,1875,2966,2557,4002,6559
13275960600,"Thomas, GA (CT)",0,2777,2777,0,5772,5772
13275960700,"Thomas, GA (CT)",259,2480,2739,628,5467,6095
13275960800,"Thomas, GA (CT)",866,1662,2528,2015,3742,5757
13275960900,"Thomas, GA (CT)",0,1525,1525,0,3425,3425
13275961000,"Thomas, GA (CT)",1006,725,1731,2454,1731,4185
13275961100,"Thomas, GA (CT)",1307,0,1307,2741,0,2741
13277960100,"Tift, GA (CT)",1110,0,1110,2550,0,2550
13277960200,"Tift, GA (CT)",1157,0,1157,2884,0,2884
13277960300,"Tift, GA (CT)",136,2755,2891,308,6788,7096
13277960400,"Tift, GA (CT)",119,2629,2748,318,6080,6398
13277960500,"Tift, GA (CT)",1755,123,1878,4295,334,4629
13277960600,"Tift, GA (CT)",94,2236,2330,254,5547,5801
13277960700,"Tift, GA (CT)",291,1618,1909,709,4110,4819
13277960800,"Tift, GA (CT)",941,0,941,2435,0,2435
13277960900,"Tift, GA (CT)",1115,355,1470,2608,898,3506
13279970100,"Toombs, GA (CT)",1389,820,2209,3113,1839,4952
13279970200,"Toombs, GA (CT)",885,1556,2441,2039,3483,5522
13279970300,"Toombs, GA (CT)",805,1630,2435,1947,3653,5600
13279970400,"Toombs, GA (CT)",235,1552,1787,542,3437,3979
13279970500,"Toombs, GA (CT)",1265,376,1641,2902,912,3814
13279970600,"Toombs, GA (CT)",1631,0,1631,3356,0,3356
13281960100,"Towns, GA (CT)",2319,0,2319,4027,0,4027
13281960200,"Towns, GA (CT)",2412,0,2412,2669,0,2669
13281960300,"Towns, GA (CT)",3000,0,3000,3775,0,3775
13283960100,"Treutlen, GA (CT)",642,0,642,1313,0,1313
13283960200,"Treutlen, GA (CT)",1213,1137,2350,2740,2832,5572
13285960100,"Troup, GA (CT)",2598,0,2598,6005,0,6005
13285960201,"Troup, GA (CT)",1178,52,1230,2966,128,3094
13285960202,"Troup, GA (CT)",955,0,955,2208,0,2208
13285960300,"Troup, GA (CT)",848,804,1652,1909,2488,4397
13285960400,"Troup, GA (CT)",307,2748,3055,754,6017,6771
13285960501,"Troup, GA (CT)",0,1893,1893,0,4412,4412
13285960502,"Troup, GA (CT)",1112,1921,3033,2775,3755,6530
13285960600,"Troup, GA (CT)",507,1593,2100,1323,3831,5154
13285960700,"Troup, GA (CT)",768,1344,2112,1879,3953,5832
13285960800,"Troup, GA (CT)",0,1495,1495,0,3617,3617
13285960901,"Troup, GA (CT)",0,1786,1786,0,4072,4072
13285960902,"Troup, GA (CT)",1723,1012,2735,4209,2606,6815
13285961000,"Troup, GA (CT)",1279,1069,2348,3038,2465,5503
13285961100,"Troup, GA (CT)",1054,0,1054,2634,0,2634
13287970200,"Turner, GA (CT)",715,1746,2461,1613,3819,5432
13287970300,"Turner, GA (CT)",1186,194,1380,2828,670,3498
13289060100,"Twiggs, GA (CT)",2356,0,2356,5072,0,5072
13289060200,"Twiggs, GA (CT)",1879,0,1879,3951,0,3951
13291000101,"Union, GA (CT)",1872,0,1872,2693,0,2693
13291000102,"Union, GA (CT)",3379,0,3379,5088,0,5088
13291000201,"Union, GA (CT)",2113,0,2113,2802,0,2802
13291000203,"Union, GA (CT)",1832,0,1832,2018,0,2018
13291000204,"Union, GA (CT)",1642,0,1642,2996,0,2996
13291000205,"Union, GA (CT)",3214,0,3214,5759,0,5759
13293010100,"Upson, GA (CT)",1289,54,1343,2903,132,3035
13293010201,"Upson, GA (CT)",161,1830,1991,416,4174,4590
13293010202,"Upson, GA (CT)",1119,176,1295,2598,371,2969
13293010300,"Upson, GA (CT)",1549,0,1549,3526,0,3526
13293010400,"Upson, GA (CT)",427,2610,3037,963,5375,6338
13293010500,"Upson, GA (CT)",441,1883,2324,964,4364,5328
13293010600,"Upson, GA (CT)",622,0,622,1367,0,1367
13295020100,"Walker, GA (CT)",100,3219,3319,217,6910,7127
13295020200,"Walker, GA (CT)",0,1796,1796,0,3671,3671
13295020301,"Walker, GA (CT)",248,2051,2299,510,4674,5184
13295020302,"Walker, GA (CT)",208,2193,2401,487,4730,5217
13295020400,"Walker, GA (CT)",820,469,1289,1952,1091,3043
13295020501,"Walker, GA (CT)",246,3204,3450,554,7445,7999
13295020502,"Walker, GA (CT)",1823,1048,2871,4346,2719,7065
13295020601,"Walker, GA (CT)",2286,199,2485,6103,445,6548
13295020602,"Walker, GA (CT)",1615,215,1830,3889,517,4406
13295020700,"Walker, GA (CT)",444,2914,3358,974,6308,7282
13295020800,"Walker, GA (CT)",1561,0,1561,3264,0,3264
13295020901,"Walker, GA (CT)",2425,36,2461,5669,94,5763
13295020902,"Walker, GA (CT)",980,0,980,2187,0,2187
13297110100,"Walton, GA (CT)",2913,340,3253,7560,894,8454
13297110200,"Walton, GA (CT)",1868,0,1868,4457,0,4457
13297110300,"Walton, GA (CT)",587,2382,2969,1354,5521,6875
13297110400,"Walton, GA (CT)",520,2173,2693,1246,5105,6351
13297110503,"Walton, GA (CT)",245,954,1199,656,2699,3355
13297110504,"Walton, GA (CT)",41,1723,1764,108,4234,4342
13297110505,"Walton, GA (CT)",671,763,1434,1969,2282,4251
13297110506,"Walton, GA (CT)",819,1124,1943,2288,3028,5316
13297110507,"Walton, GA (CT)",305,2290,2595,873,5999,6872
13297110508,"Walton, GA (CT)",429,1333,1762,1080,3581,4661
13297110601,"Walton, GA (CT)",463,1223,1686,1204,3560,4764
13297110602,"Walton, GA (CT)",1787,99,1886,4762,314,5076
13297110603,"Walton, GA (CT)",943,819,1762,2689,2261,4950
13297110700,"Walton, GA (CT)",925,2020,2945,2077,5228,7305
13297110800,"Walton, GA (CT)",1296,1380,2676,3411,3328,6739
13299950100,"Ware, GA (CT)",731,0,731,1603,0,1603
13299950200,"Ware, GA (CT)",1601,858,2459,4268,3450,7718
13299950300,"Ware, GA (CT)",0,1099,1099,0,2191,2191
13299950400,"Ware, GA (CT)",0,1235,1235,0,1949,1949
13299950500,"Ware, GA (CT)",108,2271,2379,259,4921,5180
13299950600,"Ware, GA (CT)",354,2319,2673,761,4888,5649
13299950700,"Ware, GA (CT)",0,847,847,0,1616,1616
13299950800,"Ware, GA (CT)",871,2112,2983,1949,4449,6398
13299950900,"Ware, GA (CT)",862,1058,1920,1851,2157,4008
13301970400,"Warren, GA (CT)",1398,0,1398,2846,0,2846
13301970500,"Warren, GA (CT)",1587,0,1587,2988,0,2988
13303950100,"Washington, GA (CT)",1001,0,1001,1832,0,1832
13303950300,"Washington, GA (CT)",694,1403,2097,1628,3124,4752
13303950400,"Washington, GA (CT)",990,1216,2206,2289,2698,4987
13303950500,"Washington, GA (CT)",1830,0,1830,5499,0,5499
13303950700,"Washington, GA (CT)",1174,739,1913,2651,1466,4117
13305970100,"Wayne, GA (CT)",1982,0,1982,4404,0,4404
13305970200,"Wayne, GA (CT)",1759,1701,3460,4265,4084,8349
13305970300,"Wayne, GA (CT)",550,1604,2154,1377,3540,4917
13305970400,"Wayne, GA (CT)",1517,0,1517,3448,0,3448
13305970500,"Wayne, GA (CT)",229,1304,1533,567,4859,5426
13305970600,"Wayne, GA (CT)",1460,93,1553,3378,177,3555
13307960100,"Webster, GA (CT)",734,0,734,1391,0,1391
13307960200,"Webster, GA (CT)",789,0,789,1408,0,1408
13309780100,"Wheeler, GA (CT)",1250,0,1250,2652,0,2652
13309780200,"Wheeler, GA (CT)",1375,0,1375,4769,0,4769
13311950100,"White, GA (CT)",2994,0,2994,2712,0,2712
13311950201,"White, GA (CT)",1991,1890,3881,4454,4097,8551
13311950202,"White, GA (CT)",1907,64,1971,3141,146,3287
13311950203,"White, GA (CT)",3866,32,3898,5070,59,5129
13311950300,"White, GA (CT)",3277,41,3318,7368,97,7465
13313000101,"Whitfield, GA (CT)",1552,70,1622,3896,171,4067
13313000102,"Whitfield, GA (CT)",1405,1741,3146,3533,4908,8441
13313000200,"Whitfield, GA (CT)",1666,0,1666,4253,0,4253
13313000301,"Whitfield, GA (CT)",667,842,1509,1604,2550,4154
13313000302,"Whitfield, GA (CT)",197,3101,3298,493,8350,8843
13313000400,"Whitfield, GA (CT)",139,3027,3166,385,8425,8810
13313000501,"Whitfield, GA (CT)",309,1386,1695,745,2978,3723
13313000502,"Whitfield, GA (CT)",5,2822,2827,10,6950,6960
13313000600,"Whitfield, GA (CT)",281,1382,1663,675,3302,3977
13313000700,"Whitfield, GA (CT)",1463,470,1933,3562,1195,4757
13313000800,"Whitfield, GA (CT)",1474,1725,3199,3636,3716,7352
13313000900,"Whitfield, GA (CT)",0,1600,1600,0,3581,3581
13313001000,"Whitfield, GA (CT)",0,1319,1319,0,3794,3794
13313001100,"Whitfield, GA (CT)",301,1619,1920,726,4445,5171
13313001200,"Whitfield, GA (CT)",510,2233,2743,1232,6469,7701
13313001300,"Whitfield, GA (CT)",0,1613,1613,0,4250,4250
13313001400,"Whitfield, GA (CT)",0,2363,2363,0,6109,6109
13313001500,"Whitfield, GA (CT)",2039,578,2617,5083,1573,6656
13315960100,"Wilcox, GA (CT)",1105,0,1105,4135,0,4135
13315960200,"Wilcox, GA (CT)",658,0,658,1417,0,1417
13315960300,"Wilcox, GA (CT)",700,0,700,1490,0,1490
13315960400,"Wilcox, GA (CT)",1047,0,1047,2213,0,2213
13317010101,"Wilkes, GA (CT)",956,0,956,1654,0,1654
13317010102,"Wilkes, GA (CT)",901,0,901,1800,0,1800
13317010301,"Wilkes, GA (CT)",753,322,1075,1521,626,2147
13317010302,"Wilkes, GA (CT)",876,1350,2226,2161,2831,4992
13319960200,"Wilkinson, GA (CT)",1531,0,1531,3319,0,3319
13319960300,"Wilkinson, GA (CT)",1935,0,1935,4320,0,4320
13319960400,"Wilkinson, GA (CT)",1021,0,1021,1924,0,1924
13321950100,"Worth, GA (CT)",1361,0,1361,2779,0,2779
13321950200,"Worth, GA (CT)",1354,1456,2810,3320,3498,6818
13321950400,"Worth, GA (CT)",1584,386,1970,3687,903,4590
13321950500,"Worth, GA (CT)",1098,913,2011,2655,2284,4939
13321950600,"Worth, GA (CT)",1099,0,1099,2553,0,2553
15001020100,"Hawaii, HI (CT)",1456,652,2108,3591,1622,5213
15001020202,"Hawaii, HI (CT)",202,490,692,964,1604,2568
15001020300,"Hawaii, HI (CT)",0,1874,1874,0,3934,3934
15001020400,"Hawaii, HI (CT)",0,1454,1454,0,3294,3294
15001020500,"Hawaii, HI (CT)",0,2389,2389,0,5924,5924
15001020600,"Hawaii, HI (CT)",236,1699,1935,693,4698,5391
15001020701,"Hawaii, HI (CT)",0,1866,1866,0,4507,4507
15001020702,"Hawaii, HI (CT)",0,1779,1779,0,4861,4861
15001020801,"Hawaii, HI (CT)",541,931,1472,1525,2785,4310
15001020802,"Hawaii, HI (CT)",2,2351,2353,2,6194,6196
15001020900,"Hawaii, HI (CT)",871,859,1730,2431,2298,4729
15001021003,"Hawaii, HI (CT)",827,1681,2508,1822,4569,6391
15001021005,"Hawaii, HI (CT)",364,4050,4414,701,10311,11012
15001021010,"Hawaii, HI (CT)",3975,0,3975,7884,0,7884
15001021011,"Hawaii, HI (CT)",1892,0,1892,4009,0,4009
15001021013,"Hawaii, HI (CT)",1041,790,1831,2620,2350,4970
15001021101,"Hawaii, HI (CT)",2012,72,2084,3312,219,3531
15001021106,"Hawaii, HI (CT)",1093,2216,3309,2271,5258,7529
15001021202,"Hawaii, HI (CT)",4202,0,4202,8451,0,8451
15001021300,"Hawaii, HI (CT)",2062,697,2759,4290,1682,5972
15001021402,"Hawaii, HI (CT)",643,943,1586,1532,2493,4025
15001021502,"Hawaii, HI (CT)",1511,574,2085,3533,1311,4844
15001021504,"Hawaii, HI (CT)",164,1160,1324,364,3601,3965
15001021507,"Hawaii, HI (CT)",1717,2093,3810,3126,5377,8503
15001021509,"Hawaii, HI (CT)",488,2838,3326,952,4202,5154
15001021601,"Hawaii, HI (CT)",469,3313,3782,990,6832,7822
15001021604,"Hawaii, HI (CT)",24,4291,4315,60,7527,7587
15001021702,"Hawaii, HI (CT)",1068,2545,3613,2580,6960,9540
15001021704,"Hawaii, HI (CT)",4043,1838,5881,3998,4089,8087
15001021800,"Hawaii, HI (CT)",1320,1263,2583,2725,3597,6322
15001021902,"Hawaii, HI (CT)",648,868,1516,1570,2355,3925
15001022000,"Hawaii, HI (CT)",920,104,1024,2276,312,2588
15001022102,"Hawaii, HI (CT)",853,0,853,2041,0,2041
15001990000,"Hawaii, HI (CT)",0,0,0,0,0,0
15001990100,"Hawaii, HI (CT)",0,0,0,0,0,0
15001990300,"Hawaii, HI (CT)",0,0,0,0,0,0
15001990400,"Hawaii, HI (CT)",0,0,0,0,0,0
15001990500,"Hawaii, HI (CT)",0,0,0,0,0,0
15001990600,"Hawaii, HI (CT)",0,0,0,0,0,0
15001990700,"Hawaii, HI (CT)",0,0,0,0,0,0
15001990800,"Hawaii, HI (CT)",0,0,0,0,0,0
15001990900,"Hawaii, HI (CT)",0,0,0,0,0,0
15001991000,"Hawaii, HI (CT)",0,0,0,0,0,0
15001991100,"Hawaii, HI (CT)",0,0,0,0,0,0
15001991200,"Hawaii, HI (CT)",0,0,0,0,0,0
15001991300,"Hawaii, HI (CT)",0,0,0,0,0,0
15001991400,"Hawaii, HI (CT)",0,0,0,0,0,0
15001991500,"Hawaii, HI (CT)",0,0,0,0,0,0
15001991600,"Hawaii, HI (CT)",0,0,0,0,0,0
15001991700,"Hawaii, HI (CT)",0,0,0,0,0,0
15003000106,"Honolulu, HI (CT)",0,3409,3409,0,7704,7704
15003000107,"Honolulu, HI (CT)",0,981,981,0,2818,2818
15003000108,"Honolulu, HI (CT)",0,1356,1356,0,3264,3264
15003000110,"Honolulu, HI (CT)",0,1498,1498,0,4288,4288
15003000111,"Honolulu, HI (CT)",0,1618,1618,0,5035,5035
15003000112,"Honolulu, HI (CT)",0,2105,2105,0,5555,5555
15003000114,"Honolulu, HI (CT)",0,624,624,0,1594,1594
15003000200,"Honolulu, HI (CT)",0,1970,1970,0,5742,5742
15003000301,"Honolulu, HI (CT)",0,1200,1200,0,3307,3307
15003000302,"Honolulu, HI (CT)",0,1074,1074,0,2990,2990
15003000401,"Honolulu, HI (CT)",0,1057,1057,0,2893,2893
15003000402,"Honolulu, HI (CT)",0,1461,1461,0,3999,3999
15003000500,"Honolulu, HI (CT)",0,1695,1695,0,3807,3807
15003000600,"Honolulu, HI (CT)",0,559,559,0,1218,1218
15003000700,"Honolulu, HI (CT)",0,1059,1059,0,2966,2966
15003000800,"Honolulu, HI (CT)",0,1321,1321,0,3771,3771
15003000901,"Honolulu, HI (CT)",0,1333,1333,0,2736,2736
15003000902,"Honolulu, HI (CT)",0,1566,1566,0,4088,4088
15003000903,"Honolulu, HI (CT)",0,1110,1110,0,2858,2858
15003001000,"Honolulu, HI (CT)",212,877,1089,659,2437,3096
15003001100,"Honolulu, HI (CT)",0,1164,1164,0,3862,3862
15003001201,"Honolulu, HI (CT)",0,1145,1145,0,2924,2924
15003001202,"Honolulu, HI (CT)",0,1062,1062,0,3030,3030
15003001300,"Honolulu, HI (CT)",0,1596,1596,0,4207,4207
15003001400,"Honolulu, HI (CT)",0,916,916,0,2550,2550
15003001500,"Honolulu, HI (CT)",0,1324,1324,0,3527,3527
15003001600,"Honolulu, HI (CT)",0,1419,1419,0,3783,3783
15003001700,"Honolulu, HI (CT)",0,1699,1699,0,2437,2437
15003001801,"Honolulu, HI (CT)",0,1358,1358,0,1717,1717
15003001803,"Honolulu, HI (CT)",0,2295,2295,0,3360,3360
15003001804,"Honolulu, HI (CT)",0,1248,1248,0,1849,1849
15003001901,"Honolulu, HI (CT)",0,2516,2516,0,837,837
15003001903,"Honolulu, HI (CT)",0,1987,1987,0,2770,2770
15003001904,"Honolulu, HI (CT)",0,3092,3092,0,3912,3912
15003002003,"Honolulu, HI (CT)",0,1888,1888,0,2477,2477
15003002004,"Honolulu, HI (CT)",0,1021,1021,0,1398,1398
15003002005,"Honolulu, HI (CT)",0,1656,1656,0,2389,2389
15003002006,"Honolulu, HI (CT)",0,1760,1760,0,2364,2364
15003002100,"Honolulu, HI (CT)",0,1768,1768,0,3864,3864
15003002201,"Honolulu, HI (CT)",0,1789,1789,0,3684,3684
15003002202,"Honolulu, HI (CT)",0,1864,1864,0,3400,3400
15003002300,"Honolulu, HI (CT)",0,2779,2779,0,5523,5523
15003002401,"Honolulu, HI (CT)",0,1459,1459,0,3096,3096
15003002402,"Honolulu, HI (CT)",0,1681,1681,0,3228,3228
15003002500,"Honolulu, HI (CT)",0,2172,2172,0,3915,3915
15003002600,"Honolulu, HI (CT)",0,2077,2077,0,4249,4249
15003002701,"Honolulu, HI (CT)",0,734,734,0,5093,5093
15003002702,"Honolulu, HI (CT)",0,2192,2192,0,5057,5057
15003002800,"Honolulu, HI (CT)",0,1471,1471,0,3678,3678
15003002900,"Honolulu, HI (CT)",0,898,898,0,2415,2415
15003003000,"Honolulu, HI (CT)",0,1642,1642,0,4321,4321
15003003101,"Honolulu, HI (CT)",0,1386,1386,0,3687,3687
15003003102,"Honolulu, HI (CT)",0,1192,1192,0,3335,3335
15003003200,"Honolulu, HI (CT)",0,345,345,0,833,833
15003003300,"Honolulu, HI (CT)",0,405,405,0,1132,1132
15003003403,"Honolulu, HI (CT)",0,3035,3035,0,5530,5530
15003003404,"Honolulu, HI (CT)",0,2398,2398,0,4716,4716
15003003405,"Honolulu, HI (CT)",0,1924,1924,0,3250,3250
15003003406,"Honolulu, HI (CT)",0,2997,2997,0,5777,5777
15003003407,"Honolulu, HI (CT)",0,563,563,0,913,913
15003003501,"Honolulu, HI (CT)",0,1353,1353,0,2282,2282
15003003502,"Honolulu, HI (CT)",0,2180,2180,0,3876,3876
15003003601,"Honolulu, HI (CT)",0,2153,2153,0,4109,4109
15003003603,"Honolulu, HI (CT)",0,1775,1775,0,2807,2807
15003003604,"Honolulu, HI (CT)",0,1532,1532,0,2519,2519
15003003700,"Honolulu, HI (CT)",0,3659,3659,0,5579,5579
15003003800,"Honolulu, HI (CT)",0,2260,2260,0,3970,3970
15003003900,"Honolulu, HI (CT)",0,242,242,0,655,655
15003004000,"Honolulu, HI (CT)",0,941,941,0,1552,1552
15003004100,"Honolulu, HI (CT)",0,2396,2396,0,4504,4504
15003004200,"Honolulu, HI (CT)",0,1967,1967,0,3432,3432
15003004300,"Honolulu, HI (CT)",0,2487,2487,0,5591,5591
15003004400,"Honolulu, HI (CT)",0,1663,1663,0,5165,5165
15003004500,"Honolulu, HI (CT)",0,2272,2272,0,5145,5145
15003004600,"Honolulu, HI (CT)",0,1257,1257,0,3735,3735
15003004700,"Honolulu, HI (CT)",0,1615,1615,0,4553,4553
15003004800,"Honolulu, HI (CT)",0,1756,1756,0,6707,6707
15003004900,"Honolulu, HI (CT)",0,1013,1013,0,3198,3198
15003005000,"Honolulu, HI (CT)",0,1639,1639,0,4049,4049
15003005100,"Honolulu, HI (CT)",0,1586,1586,0,3090,3090
15003005200,"Honolulu, HI (CT)",0,1595,1595,0,3293,3293
15003005300,"Honolulu, HI (CT)",0,1544,1544,0,3636,3636
15003005400,"Honolulu, HI (CT)",0,412,412,0,1637,1637
15003005500,"Honolulu, HI (CT)",0,640,640,0,2078,2078
15003005600,"Honolulu, HI (CT)",0,1909,1909,0,6749,6749
15003005700,"Honolulu, HI (CT)",0,935,935,0,2148,2148
15003005800,"Honolulu, HI (CT)",0,1040,1040,0,3440,3440
15003005900,"Honolulu, HI (CT)",0,687,687,0,3353,3353
15003006000,"Honolulu, HI (CT)",0,1336,1336,0,5421,5421
15003006100,"Honolulu, HI (CT)",0,864,864,0,4175,4175
15003006201,"Honolulu, HI (CT)",0,1536,1536,0,6047,6047
15003006202,"Honolulu, HI (CT)",0,406,406,0,1701,1701
15003006301,"Honolulu, HI (CT)",0,894,894,0,3773,3773
15003006302,"Honolulu, HI (CT)",0,593,593,0,2720,2720
15003006401,"Honolulu, HI (CT)",0,406,406,0,2059,2059
15003006402,"Honolulu, HI (CT)",0,1493,1493,0,6387,6387
15003006500,"Honolulu, HI (CT)",0,1083,1083,0,4541,4541
15003006600,"Honolulu, HI (CT)",2,111,113,7,367,374
15003006701,"Honolulu, HI (CT)",258,1682,1940,781,5049,5830
15003006702,"Honolulu, HI (CT)",0,872,872,0,1989,1989
15003006802,"Honolulu, HI (CT)",0,1554,1554,0,6842,6842
15003006804,"Honolulu, HI (CT)",0,774,774,0,2835,2835
15003006805,"Honolulu, HI (CT)",0,2621,2621,0,6167,6167
15003006806,"Honolulu, HI (CT)",0,565,565,0,1704,1704
15003006808,"Honolulu, HI (CT)",0,2085,2085,0,4423,4423
15003006809,"Honolulu, HI (CT)",0,2008,2008,0,5040,5040
15003006900,"Honolulu, HI (CT)",0,989,989,0,3823,3823
15003007000,"Honolulu, HI (CT)",0,1359,1359,0,4041,4041
15003007100,"Honolulu, HI (CT)",0,736,736,0,2713,2713
15003007302,"Honolulu, HI (CT)",0,1590,1590,0,3866,3866
15003007303,"Honolulu, HI (CT)",0,27,27,0,341,341
15003007400,"Honolulu, HI (CT)",0,896,896,0,3981,3981
15003007502,"Honolulu, HI (CT)",0,99,99,0,1376,1376
15003007503,"Honolulu, HI (CT)",0,1652,1652,0,5160,5160
15003007504,"Honolulu, HI (CT)",0,850,850,0,3171,3171
15003007505,"Honolulu, HI (CT)",0,1765,1765,0,5338,5338
15003007506,"Honolulu, HI (CT)",0,347,347,0,933,933
15003007701,"Honolulu, HI (CT)",0,1189,1189,0,4240,4240
15003007702,"Honolulu, HI (CT)",0,1687,1687,0,5098,5098
15003007804,"Honolulu, HI (CT)",0,606,606,0,1907,1907
15003007805,"Honolulu, HI (CT)",0,1739,1739,0,5136,5136
15003007807,"Honolulu, HI (CT)",0,2903,2903,0,5405,5405
15003007808,"Honolulu, HI (CT)",0,1111,1111,0,3346,3346
15003007809,"Honolulu, HI (CT)",0,1161,1161,0,3377,3377
15003007810,"Honolulu, HI (CT)",0,1956,1956,0,5450,5450
15003007811,"Honolulu, HI (CT)",5,1841,1846,11,4979,4990
15003008001,"Honolulu, HI (CT)",0,695,695,0,2005,2005
15003008002,"Honolulu, HI (CT)",0,844,844,0,2837,2837
15003008003,"Honolulu, HI (CT)",0,1763,1763,0,4668,4668
15003008005,"Honolulu, HI (CT)",0,2071,2071,0,6864,6864
15003008006,"Honolulu, HI (CT)",0,1494,1494,0,4858,4858
15003008007,"Honolulu, HI (CT)",0,1656,1656,0,5306,5306
15003008301,"Honolulu, HI (CT)",0,1458,1458,0,4661,4661
15003008302,"Honolulu, HI (CT)",0,1418,1418,0,6749,6749
15003008402,"Honolulu, HI (CT)",0,2072,2072,0,8206,8206
15003008405,"Honolulu, HI (CT)",0,1254,1254,0,4664,4664
15003008406,"Honolulu, HI (CT)",0,1661,1661,0,5997,5997
15003008407,"Honolulu, HI (CT)",0,1136,1136,0,3325,3325
15003008408,"Honolulu, HI (CT)",0,1694,1694,0,4728,4728
15003008410,"Honolulu, HI (CT)",0,715,715,0,2346,2346
15003008411,"Honolulu, HI (CT)",0,1188,1188,0,3448,3448
15003008412,"Honolulu, HI (CT)",0,2523,2523,0,6543,6543
15003008502,"Honolulu, HI (CT)",19,520,539,2,2134,2136
15003008606,"Honolulu, HI (CT)",0,2895,2895,0,9693,9693
15003008609,"Honolulu, HI (CT)",0,766,766,0,2066,2066
15003008610,"Honolulu, HI (CT)",0,980,980,0,1051,1051
15003008611,"Honolulu, HI (CT)",38,0,38,84,0,84
15003008612,"Honolulu, HI (CT)",0,2048,2048,0,6017,6017
15003008613,"Honolulu, HI (CT)",0,250,250,0,904,904
15003008614,"Honolulu, HI (CT)",146,2521,2667,503,7729,8232
15003008617,"Honolulu, HI (CT)",0,2492,2492,0,9364,9364
15003008622,"Honolulu, HI (CT)",0,1063,1063,0,4068,4068
15003008701,"Honolulu, HI (CT)",0,1921,1921,0,8787,8787
15003008702,"Honolulu, HI (CT)",0,1667,1667,0,5593,5593
15003008703,"Honolulu, HI (CT)",0,1731,1731,0,6837,6837
15003008800,"Honolulu, HI (CT)",0,1705,1705,0,8054,8054
15003008906,"Honolulu, HI (CT)",0,1389,1389,0,3771,3771
15003008907,"Honolulu, HI (CT)",0,1331,1331,0,4232,4232
15003008908,"Honolulu, HI (CT)",0,1889,1889,0,5837,5837
15003008909,"Honolulu, HI (CT)",0,1306,1306,0,3806,3806
15003008912,"Honolulu, HI (CT)",0,501,501,0,2570,2570
15003008913,"Honolulu, HI (CT)",0,855,855,0,4116,4116
15003008914,"Honolulu, HI (CT)",0,1290,1290,0,5098,5098
15003008915,"Honolulu, HI (CT)",0,1928,1928,0,5236,5236
15003008917,"Honolulu, HI (CT)",0,1560,1560,0,4554,4554
15003008918,"Honolulu, HI (CT)",0,1797,1797,0,5429,5429
15003008920,"Honolulu, HI (CT)",0,1624,1624,0,4296,4296
15003008921,"Honolulu, HI (CT)",0,596,596,0,2668,2668
15003008922,"Honolulu, HI (CT)",0,2940,2940,0,7479,7479
15003008923,"Honolulu, HI (CT)",0,1863,1863,0,4737,4737
15003008924,"Honolulu, HI (CT)",68,2018,2086,234,7389,7623
15003008925,"Honolulu, HI (CT)",0,2010,2010,0,6902,6902
15003008926,"Honolulu, HI (CT)",0,713,713,0,1572,1572
15003008927,"Honolulu, HI (CT)",0,1789,1789,0,5180,5180
15003008928,"Honolulu, HI (CT)",0,1157,1157,0,3884,3884
15003008929,"Honolulu, HI (CT)",0,2041,2041,0,4836,4836
15003008930,"Honolulu, HI (CT)",0,850,850,0,2560,2560
15003008931,"Honolulu, HI (CT)",7,826,833,303,3007,3310
15003009000,"Honolulu, HI (CT)",0,593,593,0,1634,1634
15003009100,"Honolulu, HI (CT)",8,1242,1250,35,5297,5332
15003009200,"Honolulu, HI (CT)",0,2576,2576,0,7963,7963
15003009300,"Honolulu, HI (CT)",0,1634,1634,0,4762,4762
15003009400,"Honolulu, HI (CT)",0,1958,1958,0,5155,5155
15003009501,"Honolulu, HI (CT)",0,1316,1316,0,4893,4893
15003009502,"Honolulu, HI (CT)",0,1231,1231,0,4243,4243
15003009503,"Honolulu, HI (CT)",0,239,239,0,3403,3403
15003009504,"Honolulu, HI (CT)",0,408,408,0,1271,1271
15003009507,"Honolulu, HI (CT)",0,826,826,0,2560,2560
15003009603,"Honolulu, HI (CT)",0,2691,2691,0,10289,10289
15003009608,"Honolulu, HI (CT)",34,1393,1427,6,5676,5682
15003009701,"Honolulu, HI (CT)",60,1888,1948,539,6096,6635
15003009703,"Honolulu, HI (CT)",0,1574,1574,0,6227,6227
15003009704,"Honolulu, HI (CT)",0,737,737,0,3066,3066
15003009801,"Honolulu, HI (CT)",93,1470,1563,228,2606,2834
15003009802,"Honolulu, HI (CT)",0,1878,1878,0,6386,6386
15003009902,"Honolulu, HI (CT)",0,1231,1231,0,3740,3740
15003009904,"Honolulu, HI (CT)",93,2121,2214,553,5433,5986
15003010000,"Honolulu, HI (CT)",31,1278,1309,72,3248,3320
15003010100,"Honolulu, HI (CT)",994,2156,3150,1677,6204,7881
15003010201,"Honolulu, HI (CT)",316,1782,2098,827,5055,5882
15003010202,"Honolulu, HI (CT)",82,1478,1560,120,7523,7643
15003010303,"Honolulu, HI (CT)",315,1135,1450,939,3827,4766
15003010305,"Honolulu, HI (CT)",0,1544,1544,0,5063,5063
15003010306,"Honolulu, HI (CT)",50,2131,2181,150,6219,6369
15003010308,"Honolulu, HI (CT)",1,1041,1042,5,3314,3319
15003010503,"Honolulu, HI (CT)",0,571,571,0,1980,1980
15003010504,"Honolulu, HI (CT)",0,1468,1468,0,5115,5115
15003010505,"Honolulu, HI (CT)",0,1122,1122,0,3531,3531
15003010507,"Honolulu, HI (CT)",0,1896,1896,0,5421,5421
15003010508,"Honolulu, HI (CT)",0,1147,1147,0,2569,2569
15003010601,"Honolulu, HI (CT)",0,1110,1110,0,3422,3422
15003010602,"Honolulu, HI (CT)",0,1684,1684,0,5449,5449
15003010701,"Honolulu, HI (CT)",0,1410,1410,0,3661,3661
15003010702,"Honolulu, HI (CT)",0,1226,1226,0,3666,3666
15003010801,"Honolulu, HI (CT)",0,588,588,0,2969,2969
15003010802,"Honolulu, HI (CT)",0,1620,1620,0,6548,6548
15003010901,"Honolulu, HI (CT)",0,1033,1033,0,3140,3140
15003010903,"Honolulu, HI (CT)",0,1425,1425,0,4133,4133
15003010904,"Honolulu, HI (CT)",0,1114,1114,0,3570,3570
15003010905,"Honolulu, HI (CT)",0,943,943,0,2513,2513
15003011000,"Honolulu, HI (CT)",7,1172,1179,14,4137,4151
15003011103,"Honolulu, HI (CT)",0,1223,1223,0,3796,3796
15003011104,"Honolulu, HI (CT)",0,1551,1551,0,4860,4860
15003011105,"Honolulu, HI (CT)",0,1479,1479,0,3205,3205
15003011106,"Honolulu, HI (CT)",0,1926,1926,0,5924,5924
15003011201,"Honolulu, HI (CT)",0,1715,1715,0,4380,4380
15003011202,"Honolulu, HI (CT)",0,752,752,0,1609,1609
15003011300,"Honolulu, HI (CT)",106,1273,1379,373,5078,5451
15003011400,"Honolulu, HI (CT)",16,637,653,82,5290,5372
15003011500,"Honolulu, HI (CT)",0,1448,1448,0,5493,5493
15003940001,"Honolulu, HI (CT)",0,1106,1106,0,4551,4551
15003940002,"Honolulu, HI (CT)",2,1556,1558,15,7385,7400
15003980000,"Honolulu, HI (CT)",1,0,1,5,0,5
15003980200,"Honolulu, HI (CT)",0,0,0,0,704,704
15003980300,"Honolulu, HI (CT)",0,0,0,0,0,0
15003980600,"Honolulu, HI (CT)",0,0,0,0,0,0
15003980700,"Honolulu, HI (CT)",0,0,0,0,0,0
15003980800,"Honolulu, HI (CT)",1,0,1,1,0,1
15003981000,"Honolulu, HI (CT)",0,3,3,0,13,13
15003981100,"Honolulu, HI (CT)",0,6,6,0,19,19
15003981200,"Honolulu, HI (CT)",0,0,0,0,0,0
15003981300,"Honolulu, HI (CT)",0,3,3,0,8,8
15003981400,"Honolulu, HI (CT)",0,18,18,0,97,97
15003990001,"Honolulu, HI (CT)",0,0,0,0,0,0
15005031900,"Kalawao, HI (CT)",113,0,113,90,0,90
15005990000,"Kalawao, HI (CT)",0,0,0,0,0,0
15007040103,"Kauai, HI (CT)",921,3283,4204,1620,4864,6484
15007040104,"Kauai, HI (CT)",549,313,862,944,400,1344
15007040204,"Kauai, HI (CT)",321,1721,2042,718,4329,5047
15007040205,"Kauai, HI (CT)",213,1871,2084,472,3373,3845
15007040300,"Kauai, HI (CT)",0,3579,3579,0,8385,8385
15007040400,"Kauai, HI (CT)",287,2589,2876,411,8329,8740
15007040500,"Kauai, HI (CT)",1,2419,2420,0,5943,5943
15007040603,"Kauai, HI (CT)",1147,782,1929,789,1755,2544
15007040604,"Kauai, HI (CT)",186,1313,1499,275,2864,3139
15007040700,"Kauai, HI (CT)",374,2839,3213,814,7589,8403
15007040800,"Kauai, HI (CT)",397,931,1328,1139,2632,3771
15007040900,"Kauai, HI (CT)",268,1994,2262,248,5313,5561
15007041200,"Kauai, HI (CT)",35,0,35,170,0,170
15007940000,"Kauai, HI (CT)",527,933,1460,1028,2687,3715
15007990100,"Kauai, HI (CT)",0,0,0,0,0,0
15007990200,"Kauai, HI (CT)",0,0,0,0,0,0
15007990300,"Kauai, HI (CT)",0,0,0,0,0,0
15009030100,"Maui, HI (CT)",1135,0,1135,2291,0,2291
15009030201,"Maui, HI (CT)",973,208,1181,1982,471,2453
15009030202,"Maui, HI (CT)",522,2629,3151,1264,6371,7635
15009030301,"Maui, HI (CT)",1909,1709,3618,4242,3771,8013
15009030303,"Maui, HI (CT)",863,2842,3705,662,2905,3567
15009030402,"Maui, HI (CT)",171,3128,3299,419,8233,8652
15009030403,"Maui, HI (CT)",516,808,1324,1107,2162,3269
15009030404,"Maui, HI (CT)",130,1907,2037,489,5120,5609
15009030501,"Maui, HI (CT)",7,1051,1058,23,2666,2689
15009030705,"Maui, HI (CT)",124,1091,1215,411,3380,3791
15009030706,"Maui, HI (CT)",0,1231,1231,0,2448,2448
15009030707,"Maui, HI (CT)",0,4410,4410,0,8009,8009
15009030708,"Maui, HI (CT)",0,1311,1311,0,2909,2909
15009030709,"Maui, HI (CT)",0,3828,3828,0,3727,3727
15009030710,"Maui, HI (CT)",0,2359,2359,0,2441,2441
15009030800,"Maui, HI (CT)",421,1777,2198,1100,5807,6907
15009030901,"Maui, HI (CT)",0,1130,1130,0,2617,2617
15009030902,"Maui, HI (CT)",0,1266,1266,0,3205,3205
15009030903,"Maui, HI (CT)",0,1735,1735,0,6481,6481
15009031000,"Maui, HI (CT)",23,3477,3500,51,8375,8426
15009031101,"Maui, HI (CT)",0,2366,2366,0,8167,8167
15009031102,"Maui, HI (CT)",0,1717,1717,0,5426,5426
15009031103,"Maui, HI (CT)",0,2120,2120,0,7580,7580
15009031402,"Maui, HI (CT)",3,925,928,5,2998,3003
15009031404,"Maui, HI (CT)",0,1701,1701,0,3250,3250
15009031405,"Maui, HI (CT)",16,1427,1443,39,5452,5491
15009031501,"Maui, HI (CT)",0,1802,1802,0,2368,2368
15009031502,"Maui, HI (CT)",143,3087,3230,312,4724,5036
15009031503,"Maui, HI (CT)",6,2510,2516,7,2359,2366
15009031601,"Maui, HI (CT)",146,1399,1545,69,3066,3135
15009031700,"Maui, HI (CT)",2159,0,2159,4503,0,4503
15009031801,"Maui, HI (CT)",1443,0,1443,2752,0,2752
15009031900,"Maui, HI (CT)",4,1819,1823,14,5610,5624
15009032000,"Maui, HI (CT)",814,81,895,814,180,994
15009980000,"Maui, HI (CT)",0,0,0,0,0,0
15009990000,"Maui, HI (CT)",0,0,0,0,0,0
15009990200,"Maui, HI (CT)",0,0,0,0,0,0
15009991200,"Maui, HI (CT)",0,0,0,0,0,0
16001000100,"Ada, ID (CT)",0,2708,2708,0,3897,3897
16001000201,"Ada, ID (CT)",81,1366,1447,196,3000,3196
16001000202,"Ada, ID (CT)",125,2234,2359,303,5132,5435
16001000302,"Ada, ID (CT)",0,1495,1495,0,3284,3284
16001000303,"Ada, ID (CT)",0,1214,1214,0,2087,2087
16001000304,"Ada, ID (CT)",0,2962,2962,0,6394,6394
16001000400,"Ada, ID (CT)",0,2979,2979,0,5936,5936
16001000500,"Ada, ID (CT)",0,2846,2846,0,5957,5957
16001000600,"Ada, ID (CT)",0,2969,2969,0,5446,5446
16001000701,"Ada, ID (CT)",0,2570,2570,0,4686,4686
16001000702,"Ada, ID (CT)",212,939,1151,524,2620,3144
16001000802,"Ada, ID (CT)",0,2643,2643,0,5397,5397
16001000803,"Ada, ID (CT)",0,1907,1907,0,4354,4354
16001000804,"Ada, ID (CT)",0,3616,3616,0,5604,5604
16001000805,"Ada, ID (CT)",0,1351,1351,0,3158,3158
16001000900,"Ada, ID (CT)",0,2405,2405,0,5760,5760
16001001000,"Ada, ID (CT)",0,3295,3295,0,5997,5997
16001001100,"Ada, ID (CT)",0,1909,1909,0,4093,4093
16001001201,"Ada, ID (CT)",0,1493,1493,0,3484,3484
16001001202,"Ada, ID (CT)",0,3463,3463,0,6391,6391
16001001400,"Ada, ID (CT)",0,2840,2840,0,5382,5382
16001001500,"Ada, ID (CT)",0,1732,1732,0,3494,3494
16001001600,"Ada, ID (CT)",0,2009,2009,0,4167,4167
16001001700,"Ada, ID (CT)",0,2686,2686,0,5715,5715
16001001800,"Ada, ID (CT)",0,2034,2034,0,4485,4485
16001001900,"Ada, ID (CT)",0,2194,2194,0,5070,5070
16001002000,"Ada, ID (CT)",0,2231,2231,0,5746,5746
16001002100,"Ada, ID (CT)",28,765,793,56,1751,1807
16001002221,"Ada, ID (CT)",0,3116,3116,0,8585,8585
16001002222,"Ada, ID (CT)",0,1928,1928,0,5144,5144
16001002223,"Ada, ID (CT)",0,1467,1467,0,4228,4228
16001002224,"Ada, ID (CT)",0,2136,2136,0,5637,5637
16001002302,"Ada, ID (CT)",0,3536,3536,0,7852,7852
16001002310,"Ada, ID (CT)",0,3891,3891,0,9313,9313
16001002312,"Ada, ID (CT)",0,2318,2318,0,5278,5278
16001002313,"Ada, ID (CT)",0,1685,1685,0,3993,3993
16001002410,"Ada, ID (CT)",0,2880,2880,0,7051,7051
16001002411,"Ada, ID (CT)",0,2091,2091,0,5269,5269
16001002412,"Ada, ID (CT)",0,1711,1711,0,3330,3330
16001002413,"Ada, ID (CT)",0,3090,3090,0,8245,8245
16001010100,"Ada, ID (CT)",366,1750,2116,925,4925,5850
16001010201,"Ada, ID (CT)",1342,2078,3420,3638,5752,9390
16001010221,"Ada, ID (CT)",233,2056,2289,591,5578,6169
16001010223,"Ada, ID (CT)",0,2830,2830,0,6261,6261
16001010224,"Ada, ID (CT)",0,1451,1451,0,4381,4381
16001010225,"Ada, ID (CT)",0,3394,3394,0,8112,8112
16001010313,"Ada, ID (CT)",863,5792,6655,2444,16760,19204
16001010321,"Ada, ID (CT)",0,2828,2828,0,7127,7127
16001010322,"Ada, ID (CT)",0,2802,2802,0,6910,6910
16001010331,"Ada, ID (CT)",101,6398,6499,305,19145,19450
16001010332,"Ada, ID (CT)",0,3994,3994,0,11559,11559
16001010333,"Ada, ID (CT)",0,4056,4056,0,10737,10737
16001010334,"Ada, ID (CT)",168,1922,2090,420,5723,6143
16001010335,"Ada, ID (CT)",365,6510,6875,981,19126,20107
16001010401,"Ada, ID (CT)",1126,5301,6427,3122,15819,18941
16001010402,"Ada, ID (CT)",89,3611,3700,257,10472,10729
16001010501,"Ada, ID (CT)",830,0,830,7467,0,7467
16001010503,"Ada, ID (CT)",97,1496,1593,242,3671,3913
16001010504,"Ada, ID (CT)",0,2472,2472,0,6424,6424
16003950100,"Adams, ID (CT)",1227,0,1227,1749,0,1749
16003950200,"Adams, ID (CT)",1409,0,1409,2227,0,2227
16005000200,"Bannock, ID (CT)",1302,55,1357,3550,114,3664
16005000300,"Bannock, ID (CT)",15,3422,3437,40,9012,9052
16005000400,"Bannock, ID (CT)",118,1656,1774,333,5177,5510
16005000500,"Bannock, ID (CT)",433,223,656,1183,674,1857
16005000600,"Bannock, ID (CT)",126,1239,1365,290,3338,3628
16005000700,"Bannock, ID (CT)",0,1695,1695,0,4290,4290
16005000800,"Bannock, ID (CT)",0,1326,1326,0,2916,2916
16005000900,"Bannock, ID (CT)",0,1182,1182,0,2297,2297
16005001000,"Bannock, ID (CT)",0,1347,1347,0,3156,3156
16005001101,"Bannock, ID (CT)",33,2508,2541,97,7343,7440
16005001102,"Bannock, ID (CT)",0,1421,1421,0,3608,3608
16005001200,"Bannock, ID (CT)",0,1157,1157,0,3062,3062
16005001300,"Bannock, ID (CT)",0,1134,1134,0,2647,2647
16005001400,"Bannock, ID (CT)",0,1928,1928,0,4412,4412
16005001500,"Bannock, ID (CT)",0,2105,2105,0,5181,5181
16005001601,"Bannock, ID (CT)",0,1433,1433,0,2716,2716
16005001602,"Bannock, ID (CT)",0,1573,1573,0,3954,3954
16005001603,"Bannock, ID (CT)",0,1204,1204,0,2617,2617
16005001700,"Bannock, ID (CT)",69,1253,1322,206,3223,3429
16005001900,"Bannock, ID (CT)",2379,0,2379,5008,0,5008
16005940000,"Bannock, ID (CT)",732,0,732,2117,0,2117
16005981800,"Bannock, ID (CT)",96,27,123,206,72,278
16007950100,"Bear Lake, ID (CT)",1843,0,1843,3439,0,3439
16007950200,"Bear Lake, ID (CT)",2071,0,2071,2547,0,2547
16009940000,"Benewah, ID (CT)",1896,370,2266,3747,789,4536
16009950100,"Benewah, ID (CT)",1526,837,2363,2930,1819,4749
16011940000,"Bingham, ID (CT)",982,0,982,2830,0,2830
16011950100,"Bingham, ID (CT)",1148,1621,2769,3502,4701,8203
16011950200,"Bingham, ID (CT)",1393,0,1393,3832,0,3832
16011950300,"Bingham, ID (CT)",2065,0,2065,5914,0,5914
16011950400,"Bingham, ID (CT)",637,1937,2574,1739,5144,6883
16011950500,"Bingham, ID (CT)",425,2553,2978,1181,6630,7811
16011950600,"Bingham, ID (CT)",1015,792,1807,3088,2223,5311
16011950700,"Bingham, ID (CT)",1169,404,1573,3468,1355,4823
16013960100,"Blaine, ID (CT)",1560,912,2472,2852,2026,4878
16013960200,"Blaine, ID (CT)",849,3624,4473,1451,8427,9878
16013960300,"Blaine, ID (CT)",1081,3464,4545,781,2895,3676
16013960500,"Blaine, ID (CT)",2844,716,3560,1920,1024,2944
16015950200,"Boise, ID (CT)",5292,0,5292,7028,0,7028
16017950100,"Bonner, ID (CT)",1931,0,1931,2398,0,2398
16017950200,"Bonner, ID (CT)",2925,1241,4166,5862,2615,8477
16017950300,"Bonner, ID (CT)",0,1827,1827,0,3367,3367
16017950400,"Bonner, ID (CT)",2378,1778,4156,3277,3580,6857
16017950500,"Bonner, ID (CT)",1661,5,1666,3340,13,3353
16017950600,"Bonner, ID (CT)",2978,0,2978,1940,0,1940
16017950700,"Bonner, ID (CT)",2262,201,2463,4034,410,4444
16017950800,"Bonner, ID (CT)",2883,0,2883,5763,0,5763
16017950900,"Bonner, ID (CT)",1982,617,2599,3000,1278,4278
16019970100,"Bonneville, ID (CT)",1860,381,2241,3844,1281,5125
16019970300,"Bonneville, ID (CT)",1382,672,2054,4051,2074,6125
16019970401,"Bonneville, ID (CT)",145,738,883,335,1936,2271
16019970402,"Bonneville, ID (CT)",386,822,1208,999,2506,3505
16019970403,"Bonneville, ID (CT)",8,3260,3268,16,10410,10426
16019970501,"Bonneville, ID (CT)",71,2608,2679,210,7372,7582
16019970502,"Bonneville, ID (CT)",0,1805,1805,0,5114,5114
16019970503,"Bonneville, ID (CT)",164,1525,1689,412,4072,4484
16019970601,"Bonneville, ID (CT)",0,1018,1018,0,2800,2800
16019970602,"Bonneville, ID (CT)",0,2375,2375,0,5556,5556
16019970603,"Bonneville, ID (CT)",0,883,883,0,2060,2060
16019970700,"Bonneville, ID (CT)",0,2210,2210,0,5366,5366
16019970800,"Bonneville, ID (CT)",0,1608,1608,0,3747,3747
16019970900,"Bonneville, ID (CT)",0,1817,1817,0,4692,4692
16019971000,"Bonneville, ID (CT)",0,2077,2077,0,4831,4831
16019971100,"Bonneville, ID (CT)",0,1801,1801,0,3751,3751
16019971200,"Bonneville, ID (CT)",0,2081,2081,0,4664,4664
16019971301,"Bonneville, ID (CT)",83,2339,2422,236,6207,6443
16019971302,"Bonneville, ID (CT)",0,2076,2076,0,5446,5446
16019971400,"Bonneville, ID (CT)",632,2228,2860,1673,6835,8508
16019971500,"Bonneville, ID (CT)",672,4,676,1724,14,1738
16021970100,"Boundary, ID (CT)",2197,427,2624,4811,836,5647
16021970200,"Boundary, ID (CT)",1690,861,2551,3548,1777,5325
16023970100,"Butte, ID (CT)",1354,0,1354,2891,0,2891
16025970100,"Camas, ID (CT)",831,0,831,1117,0,1117
16027020100,"Canyon, ID (CT)",0,600,600,0,1105,1105
16027020200,"Canyon, ID (CT)",0,1524,1524,0,4009,4009
16027020300,"Canyon, ID (CT)",0,1765,1765,0,4045,4045
16027020401,"Canyon, ID (CT)",44,3229,3273,71,8541,8612
16027020402,"Canyon, ID (CT)",0,2214,2214,0,5634,5634
16027020501,"Canyon, ID (CT)",0,1269,1269,0,3653,3653
16027020503,"Canyon, ID (CT)",0,1165,1165,0,3075,3075
16027020504,"Canyon, ID (CT)",0,2252,2252,0,5647,5647
16027020601,"Canyon, ID (CT)",0,1586,1586,0,4920,4920
16027020602,"Canyon, ID (CT)",0,2768,2768,0,6938,6938
16027020700,"Canyon, ID (CT)",232,1035,1267,624,2941,3565
16027020901,"Canyon, ID (CT)",110,4338,4448,291,12570,12861
16027020902,"Canyon, ID (CT)",268,4771,5039,640,13550,14190
16027021001,"Canyon, ID (CT)",46,3901,3947,104,11993,12097
16027021002,"Canyon, ID (CT)",110,3760,3870,285,8914,9199
16027021100,"Canyon, ID (CT)",748,4558,5306,1923,13906,15829
16027021200,"Canyon, ID (CT)",27,2540,2567,51,7043,7094
16027021300,"Canyon, ID (CT)",0,940,940,0,3297,3297
16027021500,"Canyon, ID (CT)",0,1938,1938,0,5045,5045
16027021600,"Canyon, ID (CT)",0,1748,1748,0,4034,4034
16027021700,"Canyon, ID (CT)",0,3902,3902,0,10356,10356
16027021800,"Canyon, ID (CT)",1426,700,2126,3717,1913,5630
16027021901,"Canyon, ID (CT)",89,1754,1843,199,4744,4943
16027021903,"Canyon, ID (CT)",2719,578,3297,7343,1585,8928
16027021904,"Canyon, ID (CT)",818,494,1312,2240,1709,3949
16027022100,"Canyon, ID (CT)",1850,0,1850,4846,0,4846
16027022200,"Canyon, ID (CT)",1716,55,1771,4621,114,4735
16027022300,"Canyon, ID (CT)",2234,0,2234,6215,0,6215
16027022400,"Canyon, ID (CT)",1546,42,1588,4365,107,4472
16029960100,"Caribou, ID (CT)",1281,511,1792,3079,1012,4091
16029960200,"Caribou, ID (CT)",676,758,1434,1091,1781,2872
16031950100,"Cassia, ID (CT)",1153,0,1153,3006,0,3006
16031950200,"Cassia, ID (CT)",1070,68,1138,3107,209,3316
16031950300,"Cassia, ID (CT)",486,1341,1827,1380,3536,4916
16031950400,"Cassia, ID (CT)",0,1581,1581,0,4107,4107
16031950500,"Cassia, ID (CT)",654,1150,1804,1877,3277,5154
16031950600,"Cassia, ID (CT)",869,0,869,2453,0,2453
16033950100,"Clark, ID (CT)",531,0,531,982,0,982
16035940000,"Clearwater, ID (CT)",1040,1522,2562,2146,3575,5721
16035970100,"Clearwater, ID (CT)",1872,19,1891,2989,51,3040
16037960200,"Custer, ID (CT)",3103,0,3103,4368,0,4368
16039960100,"Elmore, ID (CT)",2042,0,2042,2797,0,2797
16039960200,"Elmore, ID (CT)",702,2872,3574,1723,7200,8923
16039960300,"Elmore, ID (CT)",102,1899,2001,220,3710,3930
16039960400,"Elmore, ID (CT)",976,2444,3420,2529,5621,8150
16039960500,"Elmore, ID (CT)",0,1125,1125,0,3238,3238
16041970100,"Franklin, ID (CT)",1540,677,2217,4328,1740,6068
16041970200,"Franklin, ID (CT)",1425,886,2311,4135,2583,6718
16043970100,"Fremont, ID (CT)",4212,0,4212,1492,0,1492
16043970200,"Fremont, ID (CT)",1546,0,1546,3609,0,3609
16043970300,"Fremont, ID (CT)",1488,1285,2773,4439,3702,8141
16045960100,"Gem, ID (CT)",1406,416,1822,3389,1001,4390
16045960200,"Gem, ID (CT)",1281,1069,2350,3132,2371,5503
16045960300,"Gem, ID (CT)",417,2510,2927,1006,5820,6826
16047960100,"Gooding, ID (CT)",1437,1588,3025,3748,3726,7474
16047960200,"Gooding, ID (CT)",2029,1039,3068,5234,2756,7990
16049940000,"Idaho, ID (CT)",2067,0,2067,4330,0,4330
16049960100,"Idaho, ID (CT)",1703,0,1703,2075,0,2075
16049960200,"Idaho, ID (CT)",1569,1531,3100,3140,3150,6290
16049960300,"Idaho, ID (CT)",825,0,825,2183,0,2183
16049960400,"Idaho, ID (CT)",1049,0,1049,1389,0,1389
16051960100,"Jefferson, ID (CT)",1353,0,1353,3989,0,3989
16051960200,"Jefferson, ID (CT)",1465,0,1465,4096,0,4096
16051960300,"Jefferson, ID (CT)",685,1724,2409,2179,4964,7143
16051960400,"Jefferson, ID (CT)",2385,1110,3495,7148,3764,10912
16053970100,"Jerome, ID (CT)",1220,0,1220,3168,0,3168
16053970200,"Jerome, ID (CT)",763,687,1450,2272,1912,4184
16053970300,"Jerome, ID (CT)",28,1822,1850,60,4952,5012
16053970400,"Jerome, ID (CT)",0,1137,1137,0,3080,3080
16053970500,"Jerome, ID (CT)",2105,339,2444,5982,948,6930
16055000100,"Kootenai, ID (CT)",3311,0,3311,6270,0,6270
16055000200,"Kootenai, ID (CT)",3798,83,3881,8490,213,8703
16055000301,"Kootenai, ID (CT)",995,1150,2145,2525,2791,5316
16055000302,"Kootenai, ID (CT)",839,1564,2403,2119,4296,6415
16055000401,"Kootenai, ID (CT)",685,1561,2246,1855,3979,5834
16055000402,"Kootenai, ID (CT)",34,2880,2914,85,7309,7394
16055000500,"Kootenai, ID (CT)",113,4500,4613,315,11271,11586
16055000601,"Kootenai, ID (CT)",259,1532,1791,625,3727,4352
16055000602,"Kootenai, ID (CT)",0,2460,2460,0,5727,5727
16055000700,"Kootenai, ID (CT)",312,6057,6369,880,15465,16345
16055000800,"Kootenai, ID (CT)",3,1909,1912,4,4204,4208
16055000900,"Kootenai, ID (CT)",0,2717,2717,0,4782,4782
16055001001,"Kootenai, ID (CT)",0,2698,2698,0,5910,5910
16055001002,"Kootenai, ID (CT)",0,1647,1647,0,4197,4197
16055001100,"Kootenai, ID (CT)",0,815,815,0,2038,2038
16055001200,"Kootenai, ID (CT)",0,2843,2843,0,6450,6450
16055001300,"Kootenai, ID (CT)",0,1728,1728,0,3947,3947
16055001400,"Kootenai, ID (CT)",0,1564,1564,0,2796,2796
16055001500,"Kootenai, ID (CT)",0,1458,1458,0,3178,3178
16055001600,"Kootenai, ID (CT)",0,1345,1345,0,2592,2592
16055001700,"Kootenai, ID (CT)",758,1224,1982,1653,2509,4162
16055001800,"Kootenai, ID (CT)",1013,3079,4092,1330,6921,8251
16055001900,"Kootenai, ID (CT)",2275,0,2275,2621,0,2621
16055002000,"Kootenai, ID (CT)",1417,307,1724,2581,615,3196
16055940000,"Kootenai, ID (CT)",2244,0,2244,2224,0,2224
16057005100,"Latah, ID (CT)",227,3343,3570,530,7053,7583
16057005200,"Latah, ID (CT)",340,2386,2726,725,5710,6435
16057005300,"Latah, ID (CT)",324,2807,3131,766,5695,6461
16057005400,"Latah, ID (CT)",317,1529,1846,681,5754,6435
16057005500,"Latah, ID (CT)",1727,0,1727,3817,0,3817
16057005600,"Latah, ID (CT)",1583,0,1583,3555,0,3555
16057005700,"Latah, ID (CT)",1405,0,1405,2958,0,2958
16059970100,"Lemhi, ID (CT)",582,853,1435,729,1758,2487
16059970200,"Lemhi, ID (CT)",956,746,1702,1658,1326,2984
16059970300,"Lemhi, ID (CT)",1592,0,1592,2465,0,2465
16061940001,"Lewis, ID (CT)",839,0,839,1727,0,1727
16061940002,"Lewis, ID (CT)",1007,0,1007,2058,0,2058
16061950300,"Lewis, ID (CT)",34,0,34,36,0,36
16063950100,"Lincoln, ID (CT)",1976,0,1976,5208,0,5208
16065950100,"Madison, ID (CT)",1421,486,1907,4708,1708,6416
16065950200,"Madison, ID (CT)",0,1236,1236,0,3417,3417
16065950301,"Madison, ID (CT)",0,1178,1178,0,5558,5558
16065950302,"Madison, ID (CT)",56,3461,3517,138,10677,10815
16065950400,"Madison, ID (CT)",209,1637,1846,626,5483,6109
16065950500,"Madison, ID (CT)",1594,2,1596,5212,9,5221
16067970100,"Minidoka, ID (CT)",695,597,1292,1865,1547,3412
16067970200,"Minidoka, ID (CT)",693,1360,2053,1809,3599,5408
16067970300,"Minidoka, ID (CT)",1049,10,1059,2892,26,2918
16067970400,"Minidoka, ID (CT)",210,1496,1706,572,3765,4337
16067970500,"Minidoka, ID (CT)",676,879,1555,1737,2257,3994
16069940000,"Nez Perce, ID (CT)",2024,0,2024,4601,0,4601
16069960200,"Nez Perce, ID (CT)",186,0,186,345,0,345
16069960300,"Nez Perce, ID (CT)",608,1689,2297,1554,3345,4899
16069960400,"Nez Perce, ID (CT)",0,1384,1384,0,3237,3237
16069960500,"Nez Perce, ID (CT)",0,1569,1569,0,3672,3672
16069960600,"Nez Perce, ID (CT)",0,2323,2323,0,4867,4867
16069960700,"Nez Perce, ID (CT)",490,2051,2541,821,4492,5313
16069960800,"Nez Perce, ID (CT)",0,1607,1607,0,3783,3783
16069960900,"Nez Perce, ID (CT)",0,1454,1454,0,3201,3201
16069961000,"Nez Perce, ID (CT)",87,1966,2053,204,5143,5347
16071960100,"Oneida, ID (CT)",1906,0,1906,4286,0,4286
16073950101,"Owyhee, ID (CT)",664,952,1616,1717,2617,4334
16073950102,"Owyhee, ID (CT)",1248,0,1248,3279,0,3279
16073950200,"Owyhee, ID (CT)",1917,0,1917,3913,0,3913
16075960100,"Payette, ID (CT)",569,2060,2629,1374,5020,6394
16075960200,"Payette, ID (CT)",182,1265,1447,456,2987,3443
16075960300,"Payette, ID (CT)",1122,1940,3062,3007,4963,7970
16075960400,"Payette, ID (CT)",1807,0,1807,4816,0,4816
16077960100,"Power, ID (CT)",697,0,697,1651,0,1651
16077960200,"Power, ID (CT)",623,1624,2247,1678,4488,6166
16079960200,"Shoshone, ID (CT)",2376,0,2376,4179,0,4179
16079960300,"Shoshone, ID (CT)",322,1725,2047,608,3091,3699
16079960400,"Shoshone, ID (CT)",1266,1372,2638,2366,2521,4887
16081960100,"Teton, ID (CT)",5478,0,5478,10170,0,10170
16083000200,"Twin Falls, ID (CT)",0,2619,2619,0,6346,6346
16083000300,"Twin Falls, ID (CT)",2111,113,2224,5040,292,5332
16083000400,"Twin Falls, ID (CT)",166,1659,1825,434,3846,4280
16083000500,"Twin Falls, ID (CT)",1139,1050,2189,2884,2639,5523
16083000600,"Twin Falls, ID (CT)",1148,16,1164,2994,42,3036
16083000700,"Twin Falls, ID (CT)",380,4006,4386,1014,9899,10913
16083000800,"Twin Falls, ID (CT)",0,2667,2667,0,6224,6224
16083000900,"Twin Falls, ID (CT)",291,1539,1830,774,3765,4539
16083001000,"Twin Falls, ID (CT)",16,3545,3561,31,8787,8818
16083001100,"Twin Falls, ID (CT)",0,1525,1525,0,3426,3426
16083001200,"Twin Falls, ID (CT)",231,2672,2903,612,7053,7665
16083001300,"Twin Falls, ID (CT)",1446,1198,2644,4005,3294,7299
16083001400,"Twin Falls, ID (CT)",405,0,405,1159,0,1159
16083001500,"Twin Falls, ID (CT)",1130,0,1130,2670,0,2670
16085970100,"Valley, ID (CT)",3907,0,3907,2627,0,2627
16085970200,"Valley, ID (CT)",3856,0,3856,2643,0,2643
16085970300,"Valley, ID (CT)",4026,0,4026,4592,0,4592
16087970100,"Washington, ID (CT)",921,0,921,1655,0,1655
16087970200,"Washington, ID (CT)",657,974,1631,1580,2299,3879
16087970300,"Washington, ID (CT)",586,1391,1977,1412,3252,4664
17001000100,"Adams, IL (CT)",56,2166,2222,156,4471,4627
17001000201,"Adams, IL (CT)",0,917,917,0,1986,1986
17001000202,"Adams, IL (CT)",0,1126,1126,0,2999,2999
17001000400,"Adams, IL (CT)",0,1793,1793,0,4322,4322
17001000500,"Adams, IL (CT)",0,1000,1000,0,2337,2337
17001000600,"Adams, IL (CT)",0,1789,1789,0,3718,3718
17001000700,"Adams, IL (CT)",0,1017,1017,0,1481,1481
17001000800,"Adams, IL (CT)",0,1218,1218,0,2711,2711
17001000900,"Adams, IL (CT)",0,1298,1298,0,2573,2573
17001001001,"Adams, IL (CT)",0,1515,1515,0,3391,3391
17001001002,"Adams, IL (CT)",0,1400,1400,0,3223,3223
17001001100,"Adams, IL (CT)",50,3253,3303,114,7143,7257
17001010100,"Adams, IL (CT)",1929,0,1929,4451,0,4451
17001010200,"Adams, IL (CT)",1660,0,1660,3720,0,3720
17001010300,"Adams, IL (CT)",2481,0,2481,5890,0,5890
17001010400,"Adams, IL (CT)",1168,238,1406,2887,666,3553
17001010500,"Adams, IL (CT)",154,1181,1335,355,2634,2989
17001010600,"Adams, IL (CT)",1779,654,2433,4302,1573,5875
17003957600,"Alexander, IL (CT)",1008,144,1152,2619,309,2928
17003957700,"Alexander, IL (CT)",1075,0,1075,2172,0,2172
17003957800,"Alexander, IL (CT)",166,714,880,281,1247,1528
17003957900,"Alexander, IL (CT)",10,889,899,24,1586,1610
17005951200,"Bond, IL (CT)",1340,126,1466,2981,235,3216
17005951300,"Bond, IL (CT)",103,2195,2298,221,6737,6958
17005951400,"Bond, IL (CT)",1410,0,1410,3146,0,3146
17005951500,"Bond, IL (CT)",1913,2,1915,4444,4,4448
17007010100,"Boone, IL (CT)",30,3198,3228,67,8495,8562
17007010200,"Boone, IL (CT)",0,2293,2293,0,6105,6105
17007010300,"Boone, IL (CT)",0,2564,2564,0,6631,6631
17007010400,"Boone, IL (CT)",1050,1478,2528,2629,4212,6841
17007010500,"Boone, IL (CT)",943,2775,3718,2522,7663,10185
17007010601,"Boone, IL (CT)",1498,0,1498,3859,0,3859
17007010602,"Boone, IL (CT)",537,3604,4141,1411,10571,11982
17009970400,"Brown, IL (CT)",1373,6,1379,2599,7,2606
17009970500,"Brown, IL (CT)",92,991,1083,250,4081,4331
17011964700,"Bureau, IL (CT)",1357,0,1357,3072,0,3072
17011964800,"Bureau, IL (CT)",1538,0,1538,3496,0,3496
17011964900,"Bureau, IL (CT)",585,704,1289,1333,1482,2815
17011965000,"Bureau, IL (CT)",1685,0,1685,4078,0,4078
17011965100,"Bureau, IL (CT)",302,1516,1818,639,3513,4152
17011965200,"Bureau, IL (CT)",100,1526,1626,252,3348,3600
17011965300,"Bureau, IL (CT)",12,1570,1582,29,3400,3429
17011965400,"Bureau, IL (CT)",182,1594,1776,388,3161,3549
17011965500,"Bureau, IL (CT)",1648,0,1648,3759,0,3759
17011965600,"Bureau, IL (CT)",1401,0,1401,3028,0,3028
17013951200,"Calhoun, IL (CT)",1553,0,1553,2681,0,2681
17013951300,"Calhoun, IL (CT)",1282,0,1282,2408,0,2408
17015960100,"Carroll, IL (CT)",2424,0,2424,3578,0,3578
17015960200,"Carroll, IL (CT)",1199,0,1199,2165,0,2165
17015960300,"Carroll, IL (CT)",232,1497,1729,387,2789,3176
17015960400,"Carroll, IL (CT)",1081,0,1081,2234,0,2234
17015960500,"Carroll, IL (CT)",1224,0,1224,2636,0,2636
17015960600,"Carroll, IL (CT)",780,0,780,1598,0,1598
17017960100,"Cass, IL (CT)",1126,0,1126,2403,0,2403
17017960200,"Cass, IL (CT)",1230,0,1230,2655,0,2655
17017960300,"Cass, IL (CT)",926,446,1372,2054,1240,3294
17017960400,"Cass, IL (CT)",0,1068,1068,0,2548,2548
17017960500,"Cass, IL (CT)",0,1040,1040,0,2742,2742
17019000200,"Champaign, IL (CT)",0,700,700,0,1693,1693
17019000301,"Champaign, IL (CT)",0,2096,2096,0,4819,4819
17019000302,"Champaign, IL (CT)",0,2043,2043,0,3372,3372
17019000401,"Champaign, IL (CT)",0,570,570,0,4843,4843
17019000402,"Champaign, IL (CT)",0,1348,1348,0,3931,3931
17019000500,"Champaign, IL (CT)",0,2107,2107,0,3919,3919
17019000700,"Champaign, IL (CT)",0,1533,1533,0,3650,3650
17019000800,"Champaign, IL (CT)",4,2396,2400,3,4841,4844
17019000901,"Champaign, IL (CT)",0,2103,2103,0,4867,4867
17019000902,"Champaign, IL (CT)",67,2494,2561,140,5646,5786
17019001000,"Champaign, IL (CT)",0,2290,2290,0,4510,4510
17019001100,"Champaign, IL (CT)",0,1705,1705,0,3599,3599
17019001201,"Champaign, IL (CT)",0,2955,2955,0,6590,6590
17019001203,"Champaign, IL (CT)",0,1907,1907,0,4592,4592
17019001204,"Champaign, IL (CT)",0,1333,1333,0,3622,3622
17019001205,"Champaign, IL (CT)",94,1867,1961,236,4801,5037
17019001206,"Champaign, IL (CT)",0,892,892,0,1831,1831
17019001301,"Champaign, IL (CT)",0,2966,2966,0,6081,6081
17019001302,"Champaign, IL (CT)",0,2087,2087,0,4199,4199
17019001400,"Champaign, IL (CT)",0,1572,1572,0,6877,6877
17019005300,"Champaign, IL (CT)",0,3013,3013,0,4383,4383
17019005401,"Champaign, IL (CT)",0,2287,2287,0,4170,4170
17019005402,"Champaign, IL (CT)",104,1274,1378,223,2704,2927
17019005500,"Champaign, IL (CT)",34,2552,2586,64,5571,5635
17019005600,"Champaign, IL (CT)",58,3254,3312,128,6725,6853
17019005701,"Champaign, IL (CT)",0,2674,2674,0,5066,5066
17019005702,"Champaign, IL (CT)",118,1546,1664,261,2754,3015
17019005800,"Champaign, IL (CT)",0,1920,1920,0,4194,4194
17019005900,"Champaign, IL (CT)",0,1368,1368,0,6366,6366
17019006000,"Champaign, IL (CT)",31,771,802,66,3242,3308
17019010100,"Champaign, IL (CT)",16,2444,2460,43,4539,4582
17019010204,"Champaign, IL (CT)",7,2104,2111,9,4611,4620
17019010300,"Champaign, IL (CT)",0,1434,1434,0,3789,3789
17019010400,"Champaign, IL (CT)",1640,539,2179,3677,1132,4809
17019010500,"Champaign, IL (CT)",1761,0,1761,4371,0,4371
17019010601,"Champaign, IL (CT)",234,1820,2054,592,4957,5549
17019010603,"Champaign, IL (CT)",445,2497,2942,1057,6087,7144
17019010604,"Champaign, IL (CT)",1193,257,1450,2584,567,3151
17019010700,"Champaign, IL (CT)",1203,1927,3130,3010,5047,8057
17019010800,"Champaign, IL (CT)",1896,0,1896,4534,0,4534
17019010900,"Champaign, IL (CT)",1915,2062,3977,4560,4742,9302
17019011000,"Champaign, IL (CT)",0,2521,2521,0,3809,3809
17019011100,"Champaign, IL (CT)",0,1521,1521,0,2785,2785
17021958100,"Christian, IL (CT)",1352,0,1352,2999,0,2999
17021958200,"Christian, IL (CT)",1637,141,1778,3526,362,3888
17021958300,"Christian, IL (CT)",41,2125,2166,97,4211,4308
17021958400,"Christian, IL (CT)",0,1796,1796,0,3868,3868
17021958500,"Christian, IL (CT)",0,1195,1195,0,2551,2551
17021958600,"Christian, IL (CT)",935,29,964,2208,69,2277
17021958700,"Christian, IL (CT)",1364,318,1682,3033,1717,4750
17021958800,"Christian, IL (CT)",0,1317,1317,0,2746,2746
17021958900,"Christian, IL (CT)",0,1295,1295,0,2763,2763
17021959000,"Christian, IL (CT)",1406,612,2018,3258,1392,4650
17023060100,"Clark, IL (CT)",2186,94,2280,4760,74,4834
17023060200,"Clark, IL (CT)",257,1801,2058,636,3701,4337
17023060300,"Clark, IL (CT)",1163,1385,2548,2537,2834,5371
17023060400,"Clark, IL (CT)",886,0,886,1793,0,1793
17025971900,"Clay, IL (CT)",1140,0,1140,2517,0,2517
17025972000,"Clay, IL (CT)",1307,0,1307,2844,0,2844
17025972100,"Clay, IL (CT)",243,2269,2512,533,4872,5405
17025972200,"Clay, IL (CT)",1445,0,1445,3049,0,3049
17027900100,"Clinton, IL (CT)",1257,1195,2452,3319,2736,6055
17027900200,"Clinton, IL (CT)",759,0,759,1928,0,1928
17027900300,"Clinton, IL (CT)",498,2326,2824,1312,5506,6818
17027900401,"Clinton, IL (CT)",646,0,646,1329,0,1329
17027900402,"Clinton, IL (CT)",1384,1453,2837,2320,3260,5580
17027900500,"Clinton, IL (CT)",780,1444,2224,3511,3288,6799
17027900601,"Clinton, IL (CT)",412,551,963,1139,1327,2466
17027900602,"Clinton, IL (CT)",1327,1279,2606,3554,3233,6787
17029000100,"Coles, IL (CT)",1356,7,1363,2974,25,2999
17029000200,"Coles, IL (CT)",2134,598,2732,4920,1203,6123
17029000300,"Coles, IL (CT)",14,2086,2100,31,4625,4656
17029000400,"Coles, IL (CT)",86,1400,1486,180,2690,2870
17029000500,"Coles, IL (CT)",234,2739,2973,489,5750,6239
17029000600,"Coles, IL (CT)",1555,0,1555,3664,0,3664
17029000700,"Coles, IL (CT)",124,3020,3144,296,6598,6894
17029000800,"Coles, IL (CT)",0,1171,1171,0,5675,5675
17029000900,"Coles, IL (CT)",194,1674,1868,493,3762,4255
17029001000,"Coles, IL (CT)",0,1647,1647,0,3353,3353
17029001100,"Coles, IL (CT)",0,1728,1728,0,3685,3685
17029001200,"Coles, IL (CT)",20,1638,1658,38,3422,3460
17031010100,"Cook, IL (CT)",0,2624,2624,0,4854,4854
17031010201,"Cook, IL (CT)",0,2941,2941,0,6450,6450
17031010202,"Cook, IL (CT)",0,1218,1218,0,2818,2818
17031010300,"Cook, IL (CT)",0,3254,3254,0,6236,6236
17031010400,"Cook, IL (CT)",0,2311,2311,0,5042,5042
17031010501,"Cook, IL (CT)",0,2601,2601,0,4091,4091
17031010502,"Cook, IL (CT)",0,1978,1978,0,3101,3101
17031010503,"Cook, IL (CT)",0,1364,1364,0,2290,2290
17031010600,"Cook, IL (CT)",0,3227,3227,0,6097,6097
17031010701,"Cook, IL (CT)",0,1650,1650,0,3864,3864
17031010702,"Cook, IL (CT)",0,2177,2177,0,5143,5143
17031020100,"Cook, IL (CT)",0,1665,1665,0,3965,3965
17031020200,"Cook, IL (CT)",0,2165,2165,0,6676,6676
17031020301,"Cook, IL (CT)",0,2207,2207,0,4750,4750
17031020302,"Cook, IL (CT)",0,1846,1846,0,4650,4650
17031020400,"Cook, IL (CT)",0,1831,1831,0,4168,4168
17031020500,"Cook, IL (CT)",0,2388,2388,0,6214,6214
17031020601,"Cook, IL (CT)",0,2147,2147,0,6353,6353
17031020602,"Cook, IL (CT)",0,1501,1501,0,4340,4340
17031020701,"Cook, IL (CT)",0,736,736,0,1704,1704
17031020702,"Cook, IL (CT)",0,2510,2510,0,7194,7194
17031020801,"Cook, IL (CT)",0,2244,2244,0,5458,5458
17031020802,"Cook, IL (CT)",0,2402,2402,0,6963,6963
17031020901,"Cook, IL (CT)",0,2113,2113,0,5221,5221
17031020902,"Cook, IL (CT)",0,1711,1711,0,4286,4286
17031030101,"Cook, IL (CT)",0,2569,2569,0,3893,3893
17031030102,"Cook, IL (CT)",0,2107,2107,0,3204,3204
17031030103,"Cook, IL (CT)",0,1253,1253,0,1928,1928
17031030104,"Cook, IL (CT)",0,1357,1357,0,3681,3681
17031030200,"Cook, IL (CT)",0,2726,2726,0,5369,5369
17031030300,"Cook, IL (CT)",0,1521,1521,0,3322,3322
17031030400,"Cook, IL (CT)",0,1367,1367,0,2684,2684
17031030500,"Cook, IL (CT)",0,3245,3245,0,6395,6395
17031030601,"Cook, IL (CT)",0,2377,2377,0,4012,4012
17031030603,"Cook, IL (CT)",0,1556,1556,0,2095,2095
17031030604,"Cook, IL (CT)",0,2217,2217,0,2976,2976
17031030701,"Cook, IL (CT)",0,967,967,0,1549,1549
17031030702,"Cook, IL (CT)",0,1156,1156,0,1630,1630
17031030703,"Cook, IL (CT)",0,1961,1961,0,2830,2830
17031030706,"Cook, IL (CT)",0,2694,2694,0,3599,3599
17031030800,"Cook, IL (CT)",0,2244,2244,0,4326,4326
17031030900,"Cook, IL (CT)",0,1572,1572,0,3028,3028
17031031000,"Cook, IL (CT)",0,2133,2133,0,3656,3656
17031031100,"Cook, IL (CT)",0,2502,2502,0,4402,4402
17031031200,"Cook, IL (CT)",0,3034,3034,0,5648,5648
17031031300,"Cook, IL (CT)",0,4285,4285,0,7076,7076
17031031400,"Cook, IL (CT)",0,3513,3513,0,5150,5150
17031031501,"Cook, IL (CT)",0,1986,1986,0,4083,4083
17031031502,"Cook, IL (CT)",0,2459,2459,0,4354,4354
17031031700,"Cook, IL (CT)",0,3908,3908,0,6570,6570
17031031800,"Cook, IL (CT)",0,1016,1016,0,1820,1820
17031031900,"Cook, IL (CT)",0,1319,1319,0,2304,2304
17031032100,"Cook, IL (CT)",0,4539,4539,0,7052,7052
17031040100,"Cook, IL (CT)",0,1913,1913,0,3985,3985
17031040201,"Cook, IL (CT)",0,3097,3097,0,6218,6218
17031040202,"Cook, IL (CT)",0,3207,3207,0,7249,7249
17031040300,"Cook, IL (CT)",0,1170,1170,0,3069,3069
17031040401,"Cook, IL (CT)",0,1470,1470,0,3092,3092
17031040402,"Cook, IL (CT)",0,2578,2578,0,4468,4468
17031040600,"Cook, IL (CT)",0,1350,1350,0,2434,2434
17031040700,"Cook, IL (CT)",0,1692,1692,0,3123,3123
17031040800,"Cook, IL (CT)",0,819,819,0,1514,1514
17031040900,"Cook, IL (CT)",0,1140,1140,0,1950,1950
17031050100,"Cook, IL (CT)",0,1222,1222,0,2290,2290
17031050200,"Cook, IL (CT)",0,2468,2468,0,4837,4837
17031050300,"Cook, IL (CT)",0,1152,1152,0,2365,2365
17031050500,"Cook, IL (CT)",0,2326,2326,0,4754,4754
17031050600,"Cook, IL (CT)",0,1157,1157,0,2071,2071
17031050700,"Cook, IL (CT)",0,714,714,0,1418,1418
17031050800,"Cook, IL (CT)",0,609,609,0,1289,1289
17031050900,"Cook, IL (CT)",0,724,724,0,1391,1391
17031051000,"Cook, IL (CT)",0,779,779,0,1503,1503
17031051100,"Cook, IL (CT)",0,743,743,0,1556,1556
17031051200,"Cook, IL (CT)",0,711,711,0,1516,1516
17031051300,"Cook, IL (CT)",0,1187,1187,0,2683,2683
17031051400,"Cook, IL (CT)",0,1406,1406,0,2077,2077
17031060100,"Cook, IL (CT)",0,1346,1346,0,2569,2569
17031060200,"Cook, IL (CT)",0,1175,1175,0,2111,2111
17031060300,"Cook, IL (CT)",0,1408,1408,0,2839,2839
17031060400,"Cook, IL (CT)",0,1675,1675,0,3370,3370
17031060500,"Cook, IL (CT)",0,799,799,0,1309,1309
17031060800,"Cook, IL (CT)",0,3589,3589,0,4837,4837
17031060900,"Cook, IL (CT)",0,5219,5219,0,6867,6867
17031061000,"Cook, IL (CT)",0,948,948,0,1647,1647
17031061100,"Cook, IL (CT)",0,753,753,0,1379,1379
17031061200,"Cook, IL (CT)",0,960,960,0,1889,1889
17031061500,"Cook, IL (CT)",0,925,925,0,1707,1707
17031061800,"Cook, IL (CT)",0,754,754,0,1112,1112
17031061901,"Cook, IL (CT)",0,2484,2484,0,3433,3433
17031061902,"Cook, IL (CT)",0,3361,3361,0,4240,4240
17031062000,"Cook, IL (CT)",0,1665,1665,0,2569,2569
17031062100,"Cook, IL (CT)",0,2105,2105,0,3436,3436
17031062200,"Cook, IL (CT)",0,1548,1548,0,2870,2870
17031062300,"Cook, IL (CT)",0,756,756,0,1513,1513
17031062400,"Cook, IL (CT)",0,805,805,0,1421,1421
17031062500,"Cook, IL (CT)",0,872,872,0,1497,1497
17031062600,"Cook, IL (CT)",0,1021,1021,0,2226,2226
17031062700,"Cook, IL (CT)",0,1361,1361,0,2724,2724
17031062800,"Cook, IL (CT)",0,1719,1719,0,3506,3506
17031062900,"Cook, IL (CT)",0,2117,2117,0,3976,3976
17031063000,"Cook, IL (CT)",0,1913,1913,0,2973,2973
17031063100,"Cook, IL (CT)",0,1453,1453,0,2173,2173
17031063200,"Cook, IL (CT)",0,4601,4601,0,6345,6345
17031063301,"Cook, IL (CT)",0,1986,1986,0,2641,2641
17031063302,"Cook, IL (CT)",0,3191,3191,0,3996,3996
17031063303,"Cook, IL (CT)",0,1095,1095,0,1201,1201
17031063400,"Cook, IL (CT)",0,1357,1357,0,2180,2180
17031070101,"Cook, IL (CT)",0,2967,2967,0,3796,3796
17031070102,"Cook, IL (CT)",0,1963,1963,0,2413,2413
17031070103,"Cook, IL (CT)",0,1417,1417,0,1709,1709
17031070200,"Cook, IL (CT)",0,2338,2338,0,3900,3900
17031070300,"Cook, IL (CT)",0,1903,1903,0,3367,3367
17031070400,"Cook, IL (CT)",0,1700,1700,0,2984,2984
17031070500,"Cook, IL (CT)",0,1429,1429,0,2928,2928
17031070600,"Cook, IL (CT)",0,1414,1414,0,2981,2981
17031070700,"Cook, IL (CT)",0,2077,2077,0,3481,3481
17031071000,"Cook, IL (CT)",0,1266,1266,0,4442,4442
17031071100,"Cook, IL (CT)",0,1274,1274,0,2944,2944
17031071200,"Cook, IL (CT)",0,1091,1091,0,1906,1906
17031071300,"Cook, IL (CT)",0,2045,2045,0,3513,3513
17031071400,"Cook, IL (CT)",0,3279,3279,0,4570,4570
17031071500,"Cook, IL (CT)",0,4309,4309,0,5768,5768
17031071600,"Cook, IL (CT)",0,834,834,0,1783,1783
17031071700,"Cook, IL (CT)",0,783,783,0,1652,1652
17031071800,"Cook, IL (CT)",0,1244,1244,0,2646,2646
17031080100,"Cook, IL (CT)",0,4652,4652,0,6013,6013
17031080201,"Cook, IL (CT)",0,2694,2694,0,3287,3287
17031080202,"Cook, IL (CT)",0,2764,2764,0,3498,3498
17031080300,"Cook, IL (CT)",0,2854,2854,0,4315,4315
17031080400,"Cook, IL (CT)",0,2089,2089,0,4317,4317
17031081000,"Cook, IL (CT)",0,5268,5268,0,7546,7546
17031081100,"Cook, IL (CT)",0,3053,3053,0,3640,3640
17031081201,"Cook, IL (CT)",0,3496,3496,0,4059,4059
17031081202,"Cook, IL (CT)",0,2285,2285,0,2995,2995
17031081300,"Cook, IL (CT)",0,4229,4229,0,4884,4884
17031081401,"Cook, IL (CT)",0,1847,1847,0,2279,2279
17031081402,"Cook, IL (CT)",0,3504,3504,0,4243,4243
17031081403,"Cook, IL (CT)",0,5284,5284,0,6229,6229
17031081500,"Cook, IL (CT)",0,4015,4015,0,4379,4379
17031081600,"Cook, IL (CT)",0,3115,3115,0,3545,3545
17031081700,"Cook, IL (CT)",0,2377,2377,0,3102,3102
17031081800,"Cook, IL (CT)",0,5369,5369,0,6866,6866
17031081900,"Cook, IL (CT)",0,920,920,0,1053,1053
17031090100,"Cook, IL (CT)",0,1444,1444,0,3405,3405
17031090200,"Cook, IL (CT)",0,3020,3020,0,6564,6564
17031090300,"Cook, IL (CT)",0,576,576,0,1372,1372
17031100100,"Cook, IL (CT)",0,2396,2396,0,5313,5313
17031100200,"Cook, IL (CT)",0,2965,2965,0,6749,6749
17031100300,"Cook, IL (CT)",0,2825,2825,0,6177,6177
17031100400,"Cook, IL (CT)",0,1258,1258,0,3066,3066
17031100500,"Cook, IL (CT)",0,2331,2331,0,5779,5779
17031100600,"Cook, IL (CT)",0,1976,1976,0,4832,4832
17031100700,"Cook, IL (CT)",0,1948,1948,0,4826,4826
17031110100,"Cook, IL (CT)",0,2233,2233,0,5254,5254
17031110200,"Cook, IL (CT)",0,1241,1241,0,2828,2828
17031110300,"Cook, IL (CT)",0,2053,2053,0,5161,5161
17031110400,"Cook, IL (CT)",0,1989,1989,0,4352,4352
17031110501,"Cook, IL (CT)",0,1881,1881,0,4639,4639
17031110502,"Cook, IL (CT)",0,1608,1608,0,3214,3214
17031120100,"Cook, IL (CT)",0,1574,1574,0,4198,4198
17031120200,"Cook, IL (CT)",0,1796,1796,0,4430,4430
17031120300,"Cook, IL (CT)",0,2467,2467,0,6365,6365
17031120400,"Cook, IL (CT)",0,1345,1345,0,3515,3515
17031130100,"Cook, IL (CT)",0,2072,2072,0,5133,5133
17031130200,"Cook, IL (CT)",0,671,671,0,1412,1412
17031130300,"Cook, IL (CT)",0,1928,1928,0,5064,5064
17031140100,"Cook, IL (CT)",0,1269,1269,0,3729,3729
17031140200,"Cook, IL (CT)",0,1907,1907,0,5965,5965
17031140301,"Cook, IL (CT)",0,914,914,0,2891,2891
17031140302,"Cook, IL (CT)",0,1428,1428,0,4345,4345
17031140400,"Cook, IL (CT)",0,2342,2342,0,6805,6805
17031140500,"Cook, IL (CT)",0,1337,1337,0,3679,3679
17031140601,"Cook, IL (CT)",0,916,916,0,2786,2786
17031140602,"Cook, IL (CT)",0,1797,1797,0,5397,5397
17031140701,"Cook, IL (CT)",0,1131,1131,0,2933,2933
17031140702,"Cook, IL (CT)",0,2122,2122,0,6187,6187
17031140800,"Cook, IL (CT)",0,2819,2819,0,6825,6825
17031150200,"Cook, IL (CT)",0,3331,3331,0,7540,7540
17031150300,"Cook, IL (CT)",0,3129,3129,0,7198,7198
17031150401,"Cook, IL (CT)",0,1967,1967,0,4793,4793
17031150402,"Cook, IL (CT)",0,1461,1461,0,3886,3886
17031150501,"Cook, IL (CT)",0,1452,1452,0,3648,3648
17031150502,"Cook, IL (CT)",0,1614,1614,0,4205,4205
17031150600,"Cook, IL (CT)",0,1543,1543,0,4163,4163
17031150700,"Cook, IL (CT)",0,1636,1636,0,4608,4608
17031150800,"Cook, IL (CT)",0,1890,1890,0,5280,5280
17031151001,"Cook, IL (CT)",0,1004,1004,0,2819,2819
17031151002,"Cook, IL (CT)",0,1726,1726,0,4567,4567
17031151100,"Cook, IL (CT)",0,1925,1925,0,5458,5458
17031151200,"Cook, IL (CT)",0,1324,1324,0,3884,3884
17031160100,"Cook, IL (CT)",0,1032,1032,0,2485,2485
17031160200,"Cook, IL (CT)",0,1394,1394,0,3443,3443
17031160300,"Cook, IL (CT)",0,2022,2022,0,3785,3785
17031160400,"Cook, IL (CT)",0,2059,2059,0,4768,4768
17031160501,"Cook, IL (CT)",0,1480,1480,0,4188,4188
17031160502,"Cook, IL (CT)",0,1390,1390,0,3550,3550
17031160601,"Cook, IL (CT)",0,1461,1461,0,3490,3490
17031160602,"Cook, IL (CT)",0,1602,1602,0,3589,3589
17031160700,"Cook, IL (CT)",0,2414,2414,0,5893,5893
17031160800,"Cook, IL (CT)",0,2015,2015,0,5148,5148
17031160900,"Cook, IL (CT)",0,1079,1079,0,2405,2405
17031161000,"Cook, IL (CT)",0,872,872,0,1707,1707
17031161100,"Cook, IL (CT)",0,879,879,0,1861,1861
17031161200,"Cook, IL (CT)",0,1052,1052,0,2930,2930
17031161300,"Cook, IL (CT)",0,1669,1669,0,4117,4117
17031170100,"Cook, IL (CT)",0,1089,1089,0,1752,1752
17031170200,"Cook, IL (CT)",0,1293,1293,0,3892,3892
17031170300,"Cook, IL (CT)",0,1952,1952,0,5129,5129
17031170400,"Cook, IL (CT)",0,1558,1558,0,3870,3870
17031170500,"Cook, IL (CT)",0,2026,2026,0,4980,4980
17031170600,"Cook, IL (CT)",0,981,981,0,2498,2498
17031170700,"Cook, IL (CT)",0,1203,1203,0,2980,2980
17031170800,"Cook, IL (CT)",0,1462,1462,0,3721,3721
17031170900,"Cook, IL (CT)",0,661,661,0,1713,1713
17031171000,"Cook, IL (CT)",0,2752,2752,0,7287,7287
17031171100,"Cook, IL (CT)",0,1371,1371,0,4110,4110
17031180100,"Cook, IL (CT)",0,2170,2170,0,6156,6156
17031190100,"Cook, IL (CT)",0,823,823,0,2488,2488
17031190200,"Cook, IL (CT)",0,1691,1691,0,5853,5853
17031190300,"Cook, IL (CT)",0,1954,1954,0,5794,5794
17031190401,"Cook, IL (CT)",0,1293,1293,0,4257,4257
17031190402,"Cook, IL (CT)",0,1699,1699,0,5458,5458
17031190601,"Cook, IL (CT)",0,1267,1267,0,4545,4545
17031190602,"Cook, IL (CT)",0,1495,1495,0,5516,5516
17031190701,"Cook, IL (CT)",0,878,878,0,2955,2955
17031190702,"Cook, IL (CT)",0,1525,1525,0,4869,4869
17031190800,"Cook, IL (CT)",0,2034,2034,0,6632,6632
17031190900,"Cook, IL (CT)",0,690,690,0,2040,2040
17031191000,"Cook, IL (CT)",0,725,725,0,2559,2559
17031191100,"Cook, IL (CT)",0,2139,2139,0,7414,7414
17031191200,"Cook, IL (CT)",0,1086,1086,0,3853,3853
17031191301,"Cook, IL (CT)",0,1532,1532,0,5397,5397
17031191302,"Cook, IL (CT)",0,1461,1461,0,5034,5034
17031200100,"Cook, IL (CT)",0,1409,1409,0,4354,4354
17031200200,"Cook, IL (CT)",0,1765,1765,0,5427,5427
17031200300,"Cook, IL (CT)",0,658,658,0,2209,2209
17031200401,"Cook, IL (CT)",0,1048,1048,0,3603,3603
17031200402,"Cook, IL (CT)",0,1339,1339,0,4396,4396
17031210100,"Cook, IL (CT)",0,1638,1638,0,4028,4028
17031210400,"Cook, IL (CT)",0,1078,1078,0,3035,3035
17031210501,"Cook, IL (CT)",0,1574,1574,0,3900,3900
17031210502,"Cook, IL (CT)",0,1709,1709,0,4486,4486
17031210601,"Cook, IL (CT)",0,1132,1132,0,3104,3104
17031210602,"Cook, IL (CT)",0,1754,1754,0,4683,4683
17031210700,"Cook, IL (CT)",0,1738,1738,0,4309,4309
17031210800,"Cook, IL (CT)",0,443,443,0,1196,1196
17031210900,"Cook, IL (CT)",0,1309,1309,0,3068,3068
17031220300,"Cook, IL (CT)",0,1046,1046,0,2102,2102
17031220400,"Cook, IL (CT)",0,1227,1227,0,2495,2495
17031220500,"Cook, IL (CT)",0,1339,1339,0,2626,2626
17031220601,"Cook, IL (CT)",0,792,792,0,1766,1766
17031220602,"Cook, IL (CT)",0,2653,2653,0,5064,5064
17031220701,"Cook, IL (CT)",0,1205,1205,0,3437,3437
17031220702,"Cook, IL (CT)",0,1555,1555,0,4060,4060
17031220901,"Cook, IL (CT)",0,1156,1156,0,3498,3498
17031220902,"Cook, IL (CT)",0,1118,1118,0,3371,3371
17031221000,"Cook, IL (CT)",0,1094,1094,0,2923,2923
17031221100,"Cook, IL (CT)",0,2091,2091,0,4870,4870
17031221200,"Cook, IL (CT)",0,1316,1316,0,2860,2860
17031221300,"Cook, IL (CT)",0,1403,1403,0,3222,3222
17031221400,"Cook, IL (CT)",0,1288,1288,0,3020,3020
17031221500,"Cook, IL (CT)",0,1542,1542,0,2829,2829
17031221600,"Cook, IL (CT)",0,1556,1556,0,2969,2969
17031222200,"Cook, IL (CT)",0,963,963,0,1912,1912
17031222500,"Cook, IL (CT)",0,557,557,0,1410,1410
17031222600,"Cook, IL (CT)",0,783,783,0,1602,1602
17031222700,"Cook, IL (CT)",0,918,918,0,2235,2235
17031222800,"Cook, IL (CT)",0,415,415,0,1074,1074
17031222900,"Cook, IL (CT)",0,413,413,0,1244,1244
17031230100,"Cook, IL (CT)",0,661,661,0,1623,1623
17031230200,"Cook, IL (CT)",0,690,690,0,2107,2107
17031230300,"Cook, IL (CT)",0,303,303,0,1024,1024
17031230400,"Cook, IL (CT)",0,784,784,0,2609,2609
17031230500,"Cook, IL (CT)",0,1186,1186,0,3570,3570
17031230600,"Cook, IL (CT)",0,2282,2282,0,6818,6818
17031230700,"Cook, IL (CT)",0,2040,2040,0,6364,6364
17031230800,"Cook, IL (CT)",0,405,405,0,1314,1314
17031230900,"Cook, IL (CT)",0,2091,2091,0,5399,5399
17031231100,"Cook, IL (CT)",0,442,442,0,1236,1236
17031231200,"Cook, IL (CT)",0,2390,2390,0,6095,6095
17031231500,"Cook, IL (CT)",0,2514,2514,0,6039,6039
17031240200,"Cook, IL (CT)",0,840,840,0,1452,1452
17031240300,"Cook, IL (CT)",0,703,703,0,1317,1317
17031240500,"Cook, IL (CT)",0,1249,1249,0,2251,2251
17031240600,"Cook, IL (CT)",0,657,657,0,1457,1457
17031240700,"Cook, IL (CT)",0,632,632,0,1535,1535
17031240800,"Cook, IL (CT)",0,720,720,0,1617,1617
17031240900,"Cook, IL (CT)",0,548,548,0,1182,1182
17031241000,"Cook, IL (CT)",0,877,877,0,2047,2047
17031241100,"Cook, IL (CT)",0,1742,1742,0,3682,3682
17031241200,"Cook, IL (CT)",0,843,843,0,1696,1696
17031241300,"Cook, IL (CT)",0,829,829,0,1857,1857
17031241400,"Cook, IL (CT)",0,2546,2546,0,4595,4595
17031241500,"Cook, IL (CT)",0,1437,1437,0,2872,2872
17031241600,"Cook, IL (CT)",0,1809,1809,0,3477,3477
17031242000,"Cook, IL (CT)",0,2376,2376,0,4565,4565
17031242100,"Cook, IL (CT)",0,1880,1880,0,3648,3648
17031242200,"Cook, IL (CT)",0,1912,1912,0,3590,3590
17031242300,"Cook, IL (CT)",0,1803,1803,0,3240,3240
17031242400,"Cook, IL (CT)",0,1643,1643,0,2764,2764
17031242500,"Cook, IL (CT)",0,1693,1693,0,3438,3438
17031242600,"Cook, IL (CT)",0,2784,2784,0,5831,5831
17031242700,"Cook, IL (CT)",0,820,820,0,2029,2029
17031242800,"Cook, IL (CT)",0,723,723,0,1436,1436
17031242900,"Cook, IL (CT)",0,921,921,0,1670,1670
17031243000,"Cook, IL (CT)",0,1109,1109,0,2204,2204
17031243100,"Cook, IL (CT)",0,1009,1009,0,2242,2242
17031243200,"Cook, IL (CT)",0,1062,1062,0,2170,2170
17031243300,"Cook, IL (CT)",0,1272,1272,0,2386,2386
17031243400,"Cook, IL (CT)",0,1498,1498,0,3001,3001
17031243500,"Cook, IL (CT)",0,1744,1744,0,2937,2937
17031250200,"Cook, IL (CT)",0,923,923,0,2669,2669
17031250300,"Cook, IL (CT)",0,1861,1861,0,4725,4725
17031250400,"Cook, IL (CT)",0,2225,2225,0,5887,5887
17031250500,"Cook, IL (CT)",0,2904,2904,0,7538,7538
17031250600,"Cook, IL (CT)",0,1454,1454,0,4422,4422
17031250700,"Cook, IL (CT)",0,2338,2338,0,6098,6098
17031250800,"Cook, IL (CT)",0,900,900,0,2488,2488
17031251000,"Cook, IL (CT)",0,418,418,0,1181,1181
17031251100,"Cook, IL (CT)",0,1812,1812,0,4302,4302
17031251200,"Cook, IL (CT)",0,1340,1340,0,4196,4196
17031251300,"Cook, IL (CT)",0,1938,1938,0,4921,4921
17031251400,"Cook, IL (CT)",0,1781,1781,0,3983,3983
17031251500,"Cook, IL (CT)",0,1685,1685,0,4784,4784
17031251600,"Cook, IL (CT)",0,1415,1415,0,3649,3649
17031251700,"Cook, IL (CT)",0,514,514,0,1495,1495
17031251800,"Cook, IL (CT)",0,2095,2095,0,5112,5112
17031251900,"Cook, IL (CT)",0,2327,2327,0,5731,5731
17031252000,"Cook, IL (CT)",0,2643,2643,0,5719,5719
17031252101,"Cook, IL (CT)",0,716,716,0,1370,1370
17031252102,"Cook, IL (CT)",0,2384,2384,0,6438,6438
17031252201,"Cook, IL (CT)",0,1100,1100,0,2953,2953
17031252202,"Cook, IL (CT)",0,1902,1902,0,4609,4609
17031260100,"Cook, IL (CT)",0,916,916,0,1248,1248
17031260200,"Cook, IL (CT)",0,553,553,0,1136,1136
17031260300,"Cook, IL (CT)",0,728,728,0,1564,1564
17031260400,"Cook, IL (CT)",0,565,565,0,1271,1271
17031260500,"Cook, IL (CT)",0,801,801,0,1934,1934
17031260600,"Cook, IL (CT)",0,1009,1009,0,2478,2478
17031260700,"Cook, IL (CT)",0,823,823,0,2032,2032
17031260800,"Cook, IL (CT)",0,1091,1091,0,2539,2539
17031260900,"Cook, IL (CT)",0,625,625,0,1480,1480
17031261000,"Cook, IL (CT)",0,993,993,0,2319,2319
17031270500,"Cook, IL (CT)",0,730,730,0,1689,1689
17031271200,"Cook, IL (CT)",0,495,495,0,1170,1170
17031271300,"Cook, IL (CT)",0,437,437,0,1045,1045
17031271400,"Cook, IL (CT)",0,650,650,0,1527,1527
17031271500,"Cook, IL (CT)",0,576,576,0,1397,1397
17031271800,"Cook, IL (CT)",0,381,381,0,970,970
17031280100,"Cook, IL (CT)",0,3474,3474,0,4872,4872
17031280400,"Cook, IL (CT)",0,569,569,0,1366,1366
17031280800,"Cook, IL (CT)",0,328,328,0,755,755
17031280900,"Cook, IL (CT)",0,385,385,0,942,942
17031281900,"Cook, IL (CT)",0,3713,3713,0,4844,4844
17031282700,"Cook, IL (CT)",0,1021,1021,0,2349,2349
17031282800,"Cook, IL (CT)",0,779,779,0,1691,1691
17031283100,"Cook, IL (CT)",0,1389,1389,0,2703,2703
17031283200,"Cook, IL (CT)",0,717,717,0,1664,1664
17031283800,"Cook, IL (CT)",0,1722,1722,0,3688,3688
17031290900,"Cook, IL (CT)",0,1831,1831,0,4530,4530
17031291200,"Cook, IL (CT)",0,968,968,0,2240,2240
17031291600,"Cook, IL (CT)",0,385,385,0,1055,1055
17031292200,"Cook, IL (CT)",0,1225,1225,0,2961,2961
17031292400,"Cook, IL (CT)",0,962,962,0,2268,2268
17031292500,"Cook, IL (CT)",0,1610,1610,0,4140,4140
17031300500,"Cook, IL (CT)",0,1003,1003,0,3257,3257
17031300600,"Cook, IL (CT)",0,953,953,0,3212,3212
17031300700,"Cook, IL (CT)",0,1543,1543,0,5194,5194
17031300800,"Cook, IL (CT)",0,1410,1410,0,4610,4610
17031300900,"Cook, IL (CT)",0,1537,1537,0,5050,5050
17031301100,"Cook, IL (CT)",0,928,928,0,2617,2617
17031301200,"Cook, IL (CT)",0,1403,1403,0,4012,4012
17031301600,"Cook, IL (CT)",0,1376,1376,0,4654,4654
17031301701,"Cook, IL (CT)",0,1247,1247,0,4381,4381
17031301702,"Cook, IL (CT)",0,1141,1141,0,4045,4045
17031301801,"Cook, IL (CT)",0,1158,1158,0,4005,4005
17031301802,"Cook, IL (CT)",0,1059,1059,0,3518,3518
17031301803,"Cook, IL (CT)",0,1472,1472,0,5357,5357
17031310200,"Cook, IL (CT)",0,674,674,0,1336,1336
17031310300,"Cook, IL (CT)",0,749,749,0,1697,1697
17031310400,"Cook, IL (CT)",0,595,595,0,1332,1332
17031310500,"Cook, IL (CT)",0,656,656,0,1700,1700
17031310600,"Cook, IL (CT)",0,2462,2462,0,5868,5868
17031310700,"Cook, IL (CT)",0,713,713,0,1692,1692
17031310800,"Cook, IL (CT)",0,1641,1641,0,4516,4516
17031310900,"Cook, IL (CT)",0,1872,1872,0,5123,5123
17031320100,"Cook, IL (CT)",0,8649,8649,0,10848,10848
17031320400,"Cook, IL (CT)",0,938,938,0,2518,2518
17031320600,"Cook, IL (CT)",0,2864,2864,0,4256,4256
17031330100,"Cook, IL (CT)",0,11681,11681,0,16735,16735
17031330200,"Cook, IL (CT)",0,1918,1918,0,3806,3806
17031340300,"Cook, IL (CT)",0,735,735,0,1786,1786
17031340400,"Cook, IL (CT)",0,755,755,0,1900,1900
17031340500,"Cook, IL (CT)",0,918,918,0,1544,1544
17031340600,"Cook, IL (CT)",0,450,450,0,907,907
17031350100,"Cook, IL (CT)",0,1661,1661,0,2144,2144
17031350400,"Cook, IL (CT)",0,665,665,0,389,389
17031351000,"Cook, IL (CT)",0,2158,2158,0,3267,3267
17031351100,"Cook, IL (CT)",0,848,848,0,1960,1960
17031351400,"Cook, IL (CT)",0,765,765,0,1437,1437
17031351500,"Cook, IL (CT)",0,144,144,0,255,255
17031360200,"Cook, IL (CT)",0,660,660,0,1443,1443
17031380100,"Cook, IL (CT)",0,1174,1174,0,1924,1924
17031380200,"Cook, IL (CT)",0,1204,1204,0,1680,1680
17031380500,"Cook, IL (CT)",0,292,292,0,752,752
17031380700,"Cook, IL (CT)",0,598,598,0,1243,1243
17031381200,"Cook, IL (CT)",0,1165,1165,0,2167,2167
17031381400,"Cook, IL (CT)",0,809,809,0,1612,1612
17031381500,"Cook, IL (CT)",0,290,290,0,237,237
17031381700,"Cook, IL (CT)",0,0,0,0,0,0
17031381800,"Cook, IL (CT)",0,757,757,0,1188,1188
17031381900,"Cook, IL (CT)",0,634,634,0,1295,1295
17031390100,"Cook, IL (CT)",0,593,593,0,1268,1268
17031390200,"Cook, IL (CT)",0,909,909,0,1840,1840
17031390300,"Cook, IL (CT)",0,1649,1649,0,2743,2743
17031390400,"Cook, IL (CT)",0,1654,1654,0,2934,2934
17031390500,"Cook, IL (CT)",0,847,847,0,1598,1598
17031390600,"Cook, IL (CT)",0,930,930,0,1866,1866
17031390700,"Cook, IL (CT)",0,3729,3729,0,5592,5592
17031400300,"Cook, IL (CT)",0,665,665,0,1567,1567
17031400400,"Cook, IL (CT)",0,916,916,0,1955,1955
17031400500,"Cook, IL (CT)",0,1020,1020,0,2258,2258
17031400800,"Cook, IL (CT)",0,1332,1332,0,2701,2701
17031410100,"Cook, IL (CT)",0,1242,1242,0,1802,1802
17031410200,"Cook, IL (CT)",0,736,736,0,1443,1443
17031410500,"Cook, IL (CT)",0,1463,1463,0,2557,2557
17031410600,"Cook, IL (CT)",0,1220,1220,0,2327,2327
17031410700,"Cook, IL (CT)",0,1185,1185,0,2154,2154
17031410800,"Cook, IL (CT)",0,1825,1825,0,2662,2662
17031410900,"Cook, IL (CT)",0,1758,1758,0,2838,2838
17031411000,"Cook, IL (CT)",0,2226,2226,0,3309,3309
17031411100,"Cook, IL (CT)",0,973,973,0,2132,2132
17031411200,"Cook, IL (CT)",0,837,837,0,1640,1640
17031420100,"Cook, IL (CT)",0,786,786,0,1441,1441
17031420200,"Cook, IL (CT)",0,761,761,0,1723,1723
17031420300,"Cook, IL (CT)",0,730,730,0,2488,2488
17031420400,"Cook, IL (CT)",0,864,864,0,1329,1329
17031420500,"Cook, IL (CT)",0,1576,1576,0,2624,2624
17031420600,"Cook, IL (CT)",0,1150,1150,0,2219,2219
17031420700,"Cook, IL (CT)",0,1766,1766,0,3261,3261
17031420800,"Cook, IL (CT)",0,1082,1082,0,2213,2213
17031421200,"Cook, IL (CT)",0,763,763,0,1380,1380
17031430101,"Cook, IL (CT)",0,2044,2044,0,3689,3689
17031430102,"Cook, IL (CT)",0,1985,1985,0,2963,2963
17031430200,"Cook, IL (CT)",0,2634,2634,0,4680,4680
17031430300,"Cook, IL (CT)",0,1254,1254,0,2336,2336
17031430400,"Cook, IL (CT)",0,1453,1453,0,2892,2892
17031430500,"Cook, IL (CT)",0,2234,2234,0,3604,3604
17031430600,"Cook, IL (CT)",0,874,874,0,1665,1665
17031430700,"Cook, IL (CT)",0,1335,1335,0,2210,2210
17031430800,"Cook, IL (CT)",0,880,880,0,1763,1763
17031430900,"Cook, IL (CT)",0,835,835,0,1814,1814
17031431200,"Cook, IL (CT)",0,1279,1279,0,3078,3078
17031431301,"Cook, IL (CT)",0,1871,1871,0,3545,3545
17031431302,"Cook, IL (CT)",0,2298,2298,0,4166,4166
17031431400,"Cook, IL (CT)",0,4026,4026,0,6418,6418
17031440101,"Cook, IL (CT)",0,2424,2424,0,3746,3746
17031440102,"Cook, IL (CT)",0,1987,1987,0,3127,3127
17031440201,"Cook, IL (CT)",0,2885,2885,0,5060,5060
17031440202,"Cook, IL (CT)",0,1762,1762,0,2999,2999
17031440300,"Cook, IL (CT)",0,2320,2320,0,4757,4757
17031440600,"Cook, IL (CT)",0,852,852,0,2080,2080
17031440700,"Cook, IL (CT)",0,673,673,0,1545,1545
17031440800,"Cook, IL (CT)",0,850,850,0,1800,1800
17031440900,"Cook, IL (CT)",0,1195,1195,0,2610,2610
17031450300,"Cook, IL (CT)",0,1577,1577,0,3615,3615
17031460100,"Cook, IL (CT)",0,1702,1702,0,3405,3405
17031460200,"Cook, IL (CT)",0,1144,1144,0,2385,2385
17031460301,"Cook, IL (CT)",0,1385,1385,0,3404,3404
17031460302,"Cook, IL (CT)",0,1675,1675,0,3803,3803
17031460400,"Cook, IL (CT)",0,1677,1677,0,3705,3705
17031460500,"Cook, IL (CT)",0,2667,2667,0,5789,5789
17031460600,"Cook, IL (CT)",0,464,464,0,1183,1183
17031460700,"Cook, IL (CT)",0,1300,1300,0,3314,3314
17031461000,"Cook, IL (CT)",0,915,915,0,1496,1496
17031470100,"Cook, IL (CT)",0,1247,1247,0,2916,2916
17031480100,"Cook, IL (CT)",0,937,937,0,2033,2033
17031480200,"Cook, IL (CT)",0,621,621,0,1229,1229
17031480300,"Cook, IL (CT)",0,645,645,0,1468,1468
17031480400,"Cook, IL (CT)",0,2482,2482,0,5876,5876
17031480500,"Cook, IL (CT)",0,1230,1230,0,3206,3206
17031490300,"Cook, IL (CT)",0,956,956,0,2033,2033
17031490400,"Cook, IL (CT)",0,454,454,0,1059,1059
17031490500,"Cook, IL (CT)",0,828,828,0,2242,2242
17031490600,"Cook, IL (CT)",0,615,615,0,1562,1562
17031490700,"Cook, IL (CT)",0,1077,1077,0,3085,3085
17031490800,"Cook, IL (CT)",0,1611,1611,0,4007,4007
17031490901,"Cook, IL (CT)",0,1798,1798,0,3891,3891
17031490902,"Cook, IL (CT)",0,2120,2120,0,5086,5086
17031491000,"Cook, IL (CT)",0,1950,1950,0,5247,5247
17031491100,"Cook, IL (CT)",0,1602,1602,0,4514,4514
17031491200,"Cook, IL (CT)",0,834,834,0,2444,2444
17031491300,"Cook, IL (CT)",0,1036,1036,0,2886,2886
17031491400,"Cook, IL (CT)",0,1506,1506,0,2931,2931
17031500100,"Cook, IL (CT)",0,1517,1517,0,3644,3644
17031500200,"Cook, IL (CT)",0,931,931,0,2015,2015
17031500300,"Cook, IL (CT)",0,937,937,0,1666,1666
17031510100,"Cook, IL (CT)",0,1183,1183,0,3530,3530
17031510200,"Cook, IL (CT)",0,1142,1142,0,2986,2986
17031510300,"Cook, IL (CT)",0,2127,2127,0,5360,5360
17031520100,"Cook, IL (CT)",0,672,672,0,2075,2075
17031520200,"Cook, IL (CT)",0,1339,1339,0,3817,3817
17031520300,"Cook, IL (CT)",0,1902,1902,0,6215,6215
17031520400,"Cook, IL (CT)",0,1380,1380,0,4090,4090
17031520500,"Cook, IL (CT)",0,1530,1530,0,4301,4301
17031520600,"Cook, IL (CT)",0,826,826,0,2544,2544
17031530100,"Cook, IL (CT)",0,958,958,0,2371,2371
17031530200,"Cook, IL (CT)",0,2015,2015,0,5152,5152
17031530300,"Cook, IL (CT)",0,1631,1631,0,4273,4273
17031530400,"Cook, IL (CT)",0,784,784,0,2223,2223
17031530501,"Cook, IL (CT)",0,2048,2048,0,5402,5402
17031530502,"Cook, IL (CT)",0,578,578,0,1667,1667
17031530503,"Cook, IL (CT)",0,1948,1948,0,5345,5345
17031530600,"Cook, IL (CT)",0,1304,1304,0,3207,3207
17031540101,"Cook, IL (CT)",0,1506,1506,0,3373,3373
17031540102,"Cook, IL (CT)",0,1257,1257,0,3109,3109
17031550100,"Cook, IL (CT)",0,2755,2755,0,6628,6628
17031550200,"Cook, IL (CT)",0,1107,1107,0,2798,2798
17031560100,"Cook, IL (CT)",0,354,354,0,1473,1473
17031560200,"Cook, IL (CT)",0,1155,1155,0,1721,1721
17031560300,"Cook, IL (CT)",0,949,949,0,3187,3187
17031560400,"Cook, IL (CT)",0,434,434,0,1516,1516
17031560700,"Cook, IL (CT)",0,1278,1278,0,3484,3484
17031560800,"Cook, IL (CT)",0,2176,2176,0,5411,5411
17031560900,"Cook, IL (CT)",0,1946,1946,0,5093,5093
17031561000,"Cook, IL (CT)",0,2115,2115,0,5161,5161
17031561100,"Cook, IL (CT)",0,1986,1986,0,5407,5407
17031570100,"Cook, IL (CT)",0,427,427,0,1257,1257
17031570200,"Cook, IL (CT)",0,621,621,0,1943,1943
17031570300,"Cook, IL (CT)",0,1858,1858,0,6116,6116
17031570400,"Cook, IL (CT)",0,570,570,0,1615,1615
17031570500,"Cook, IL (CT)",0,774,774,0,2462,2462
17031580100,"Cook, IL (CT)",0,951,951,0,2989,2989
17031580200,"Cook, IL (CT)",0,1013,1013,0,3515,3515
17031580300,"Cook, IL (CT)",0,740,740,0,2426,2426
17031580400,"Cook, IL (CT)",0,1569,1569,0,4795,4795
17031580501,"Cook, IL (CT)",0,1667,1667,0,5067,5067
17031580502,"Cook, IL (CT)",0,1622,1622,0,5349,5349
17031580600,"Cook, IL (CT)",0,1705,1705,0,5531,5531
17031580700,"Cook, IL (CT)",0,1842,1842,0,6137,6137
17031580800,"Cook, IL (CT)",0,592,592,0,2061,2061
17031590500,"Cook, IL (CT)",0,677,677,0,1672,1672
17031590600,"Cook, IL (CT)",0,1293,1293,0,3564,3564
17031590700,"Cook, IL (CT)",0,1070,1070,0,3100,3100
17031600400,"Cook, IL (CT)",0,1618,1618,0,3891,3891
17031600600,"Cook, IL (CT)",0,1115,1115,0,2738,2738
17031600700,"Cook, IL (CT)",0,1128,1128,0,2545,2545
17031600900,"Cook, IL (CT)",0,1690,1690,0,3699,3699
17031610300,"Cook, IL (CT)",0,1902,1902,0,5658,5658
17031610400,"Cook, IL (CT)",0,733,733,0,2213,2213
17031610800,"Cook, IL (CT)",0,618,618,0,1393,1393
17031611000,"Cook, IL (CT)",0,405,405,0,1098,1098
17031611100,"Cook, IL (CT)",0,994,994,0,2922,2922
17031611200,"Cook, IL (CT)",0,915,915,0,2824,2824
17031611300,"Cook, IL (CT)",0,1130,1130,0,3556,3556
17031611400,"Cook, IL (CT)",0,1201,1201,0,4105,4105
17031611500,"Cook, IL (CT)",0,1125,1125,0,3567,3567
17031611600,"Cook, IL (CT)",0,585,585,0,1609,1609
17031611700,"Cook, IL (CT)",0,759,759,0,1990,1990
17031611800,"Cook, IL (CT)",0,874,874,0,2139,2139
17031611900,"Cook, IL (CT)",0,861,861,0,2045,2045
17031612000,"Cook, IL (CT)",0,677,677,0,1545,1545
17031612100,"Cook, IL (CT)",0,620,620,0,1470,1470
17031620100,"Cook, IL (CT)",0,1180,1180,0,4289,4289
17031620200,"Cook, IL (CT)",0,768,768,0,2223,2223
17031620300,"Cook, IL (CT)",0,2006,2006,0,6399,6399
17031620400,"Cook, IL (CT)",0,1318,1318,0,5198,5198
17031630100,"Cook, IL (CT)",0,361,361,0,1156,1156
17031630200,"Cook, IL (CT)",0,597,597,0,1931,1931
17031630300,"Cook, IL (CT)",0,1377,1377,0,5521,5521
17031630400,"Cook, IL (CT)",0,1807,1807,0,7083,7083
17031630500,"Cook, IL (CT)",0,1645,1645,0,6364,6364
17031630800,"Cook, IL (CT)",0,1745,1745,0,7107,7107
17031630900,"Cook, IL (CT)",0,1343,1343,0,5363,5363
17031640100,"Cook, IL (CT)",0,490,490,0,1211,1211
17031640300,"Cook, IL (CT)",0,2423,2423,0,6463,6463
17031640400,"Cook, IL (CT)",0,1263,1263,0,3190,3190
17031640500,"Cook, IL (CT)",0,1558,1558,0,3491,3491
17031640600,"Cook, IL (CT)",0,1720,1720,0,3912,3912
17031640700,"Cook, IL (CT)",0,1087,1087,0,3156,3156
17031640800,"Cook, IL (CT)",0,533,533,0,1716,1716
17031650100,"Cook, IL (CT)",0,1293,1293,0,4816,4816
17031650200,"Cook, IL (CT)",0,2188,2188,0,7320,7320
17031650301,"Cook, IL (CT)",0,1572,1572,0,5711,5711
17031650302,"Cook, IL (CT)",0,1105,1105,0,4344,4344
17031650400,"Cook, IL (CT)",0,1687,1687,0,6743,6743
17031650500,"Cook, IL (CT)",0,1517,1517,0,4421,4421
17031660301,"Cook, IL (CT)",0,641,641,0,1785,1785
17031660302,"Cook, IL (CT)",0,1572,1572,0,5527,5527
17031660400,"Cook, IL (CT)",0,1514,1514,0,5960,5960
17031660500,"Cook, IL (CT)",0,1432,1432,0,5534,5534
17031660600,"Cook, IL (CT)",0,2343,2343,0,6333,6333
17031660700,"Cook, IL (CT)",0,725,725,0,2366,2366
17031660800,"Cook, IL (CT)",0,2154,2154,0,5865,5865
17031660900,"Cook, IL (CT)",0,1794,1794,0,4232,4232
17031661000,"Cook, IL (CT)",0,2135,2135,0,5706,5706
17031661100,"Cook, IL (CT)",0,1928,1928,0,6542,6542
17031670100,"Cook, IL (CT)",0,615,615,0,1516,1516
17031670200,"Cook, IL (CT)",0,581,581,0,1380,1380
17031670300,"Cook, IL (CT)",0,635,635,0,1411,1411
17031670400,"Cook, IL (CT)",0,695,695,0,1956,1956
17031670500,"Cook, IL (CT)",0,450,450,0,1321,1321
17031670600,"Cook, IL (CT)",0,553,553,0,1650,1650
17031670700,"Cook, IL (CT)",0,540,540,0,1491,1491
17031670800,"Cook, IL (CT)",0,710,710,0,1635,1635
17031670900,"Cook, IL (CT)",0,648,648,0,1351,1351
17031671100,"Cook, IL (CT)",0,478,478,0,1259,1259
17031671200,"Cook, IL (CT)",0,489,489,0,1252,1252
17031671300,"Cook, IL (CT)",0,944,944,0,2688,2688
17031671400,"Cook, IL (CT)",0,632,632,0,2072,2072
17031671500,"Cook, IL (CT)",0,1215,1215,0,3221,3221
17031671600,"Cook, IL (CT)",0,1020,1020,0,2495,2495
17031671800,"Cook, IL (CT)",0,501,501,0,1422,1422
17031671900,"Cook, IL (CT)",0,437,437,0,1378,1378
17031672000,"Cook, IL (CT)",0,1251,1251,0,3735,3735
17031680500,"Cook, IL (CT)",0,652,652,0,1481,1481
17031680600,"Cook, IL (CT)",0,697,697,0,1431,1431
17031680900,"Cook, IL (CT)",0,2179,2179,0,4019,4019
17031681000,"Cook, IL (CT)",0,1603,1603,0,3498,3498
17031681100,"Cook, IL (CT)",0,1650,1650,0,3517,3517
17031681200,"Cook, IL (CT)",0,1309,1309,0,2716,2716
17031681300,"Cook, IL (CT)",0,1361,1361,0,2936,2936
17031681400,"Cook, IL (CT)",0,1296,1296,0,3247,3247
17031690300,"Cook, IL (CT)",0,897,897,0,2191,2191
17031690400,"Cook, IL (CT)",0,1837,1837,0,3464,3464
17031690500,"Cook, IL (CT)",0,480,480,0,877,877
17031690900,"Cook, IL (CT)",0,2276,2276,0,4520,4520
17031691000,"Cook, IL (CT)",0,1325,1325,0,2492,2492
17031691100,"Cook, IL (CT)",0,1542,1542,0,3266,3266
17031691200,"Cook, IL (CT)",0,1266,1266,0,2847,2847
17031691300,"Cook, IL (CT)",0,1161,1161,0,2448,2448
17031691400,"Cook, IL (CT)",0,1705,1705,0,3611,3611
17031691500,"Cook, IL (CT)",0,949,949,0,1930,1930
17031700100,"Cook, IL (CT)",0,1074,1074,0,3427,3427
17031700200,"Cook, IL (CT)",0,1832,1832,0,6609,6609
17031700301,"Cook, IL (CT)",0,1685,1685,0,5728,5728
17031700302,"Cook, IL (CT)",0,1784,1784,0,5319,5319
17031700401,"Cook, IL (CT)",0,1876,1876,0,5923,5923
17031700402,"Cook, IL (CT)",0,1260,1260,0,3914,3914
17031700501,"Cook, IL (CT)",0,2479,2479,0,7125,7125
17031700502,"Cook, IL (CT)",0,1070,1070,0,3036,3036
17031710100,"Cook, IL (CT)",0,650,650,0,1275,1275
17031710200,"Cook, IL (CT)",0,2264,2264,0,5049,5049
17031710300,"Cook, IL (CT)",0,612,612,0,1414,1414
17031710400,"Cook, IL (CT)",0,2180,2180,0,5651,5651
17031710500,"Cook, IL (CT)",0,1901,1901,0,4123,4123
17031710600,"Cook, IL (CT)",0,820,820,0,1838,1838
17031710700,"Cook, IL (CT)",0,1548,1548,0,3583,3583
17031710800,"Cook, IL (CT)",0,2350,2350,0,5338,5338
17031710900,"Cook, IL (CT)",0,866,866,0,2198,2198
17031711000,"Cook, IL (CT)",0,1414,1414,0,3475,3475
17031711100,"Cook, IL (CT)",0,1123,1123,0,2835,2835
17031711200,"Cook, IL (CT)",0,2095,2095,0,5145,5145
17031711300,"Cook, IL (CT)",0,644,644,0,1626,1626
17031711400,"Cook, IL (CT)",0,958,958,0,2654,2654
17031711500,"Cook, IL (CT)",0,926,926,0,2539,2539
17031720100,"Cook, IL (CT)",0,1237,1237,0,3300,3300
17031720200,"Cook, IL (CT)",0,1636,1636,0,4016,4016
17031720300,"Cook, IL (CT)",0,1354,1354,0,3723,3723
17031720400,"Cook, IL (CT)",0,732,732,0,1924,1924
17031720500,"Cook, IL (CT)",0,809,809,0,2166,2166
17031720600,"Cook, IL (CT)",0,645,645,0,1756,1756
17031720700,"Cook, IL (CT)",0,1502,1502,0,3149,3149
17031730100,"Cook, IL (CT)",0,952,952,0,2424,2424
17031730201,"Cook, IL (CT)",0,2642,2642,0,5941,5941
17031730202,"Cook, IL (CT)",0,1111,1111,0,3115,3115
17031730300,"Cook, IL (CT)",0,465,465,0,1166,1166
17031730400,"Cook, IL (CT)",0,1363,1363,0,3514,3514
17031730500,"Cook, IL (CT)",0,1664,1664,0,4388,4388
17031730600,"Cook, IL (CT)",0,1355,1355,0,3614,3614
17031730700,"Cook, IL (CT)",0,813,813,0,2331,2331
17031740100,"Cook, IL (CT)",0,1277,1277,0,3048,3048
17031740200,"Cook, IL (CT)",0,2287,2287,0,6547,6547
17031740300,"Cook, IL (CT)",0,1834,1834,0,4713,4713
17031740400,"Cook, IL (CT)",0,1976,1976,0,4785,4785
17031750100,"Cook, IL (CT)",0,1592,1592,0,4147,4147
17031750200,"Cook, IL (CT)",0,1366,1366,0,3227,3227
17031750300,"Cook, IL (CT)",0,993,993,0,2530,2530
17031750400,"Cook, IL (CT)",0,1217,1217,0,3009,3009
17031750500,"Cook, IL (CT)",0,2323,2323,0,5936,5936
17031750600,"Cook, IL (CT)",0,1458,1458,0,3681,3681
17031760801,"Cook, IL (CT)",0,2349,2349,0,4047,4047
17031760802,"Cook, IL (CT)",0,1206,1206,0,2276,2276
17031760803,"Cook, IL (CT)",0,2989,2989,0,6236,6236
17031770201,"Cook, IL (CT)",0,2936,2936,0,5894,5894
17031770202,"Cook, IL (CT)",0,2241,2241,0,4912,4912
17031770300,"Cook, IL (CT)",0,3094,3094,0,7313,7313
17031770400,"Cook, IL (CT)",0,1824,1824,0,4505,4505
17031770500,"Cook, IL (CT)",0,1259,1259,0,4078,4078
17031770601,"Cook, IL (CT)",0,1107,1107,0,3232,3232
17031770602,"Cook, IL (CT)",0,1682,1682,0,4956,4956
17031770700,"Cook, IL (CT)",0,1308,1308,0,2681,2681
17031770800,"Cook, IL (CT)",0,2170,2170,0,5582,5582
17031770901,"Cook, IL (CT)",0,2118,2118,0,4934,4934
17031770902,"Cook, IL (CT)",0,1634,1634,0,3521,3521
17031800100,"Cook, IL (CT)",0,866,866,0,2419,2419
17031800200,"Cook, IL (CT)",0,2345,2345,0,6312,6312
17031800300,"Cook, IL (CT)",0,1276,1276,0,3501,3501
17031800400,"Cook, IL (CT)",0,1367,1367,0,3762,3762
17031800500,"Cook, IL (CT)",0,1762,1762,0,4901,4901
17031800600,"Cook, IL (CT)",0,814,814,0,2400,2400
17031800700,"Cook, IL (CT)",0,1772,1772,0,5135,5135
17031800800,"Cook, IL (CT)",0,1110,1110,0,2206,2206
17031800900,"Cook, IL (CT)",0,1622,1622,0,4416,4416
17031801000,"Cook, IL (CT)",0,2070,2070,0,4908,4908
17031801100,"Cook, IL (CT)",0,1654,1654,0,4715,4715
17031801200,"Cook, IL (CT)",0,1443,1443,0,3547,3547
17031801300,"Cook, IL (CT)",0,1704,1704,0,4283,4283
17031801400,"Cook, IL (CT)",0,1051,1051,0,2919,2919
17031801500,"Cook, IL (CT)",0,2462,2462,0,5928,5928
17031801601,"Cook, IL (CT)",0,1761,1761,0,4234,4234
17031801603,"Cook, IL (CT)",0,1713,1713,0,3855,3855
17031801605,"Cook, IL (CT)",0,2318,2318,0,5599,5599
17031801606,"Cook, IL (CT)",0,2533,2533,0,6066,6066
17031801607,"Cook, IL (CT)",0,2128,2128,0,5287,5287
17031801608,"Cook, IL (CT)",0,3027,3027,0,6564,6564
17031801701,"Cook, IL (CT)",0,1290,1290,0,3728,3728
17031801702,"Cook, IL (CT)",0,1739,1739,0,4671,4671
17031801800,"Cook, IL (CT)",0,2319,2319,0,5619,5619
17031801901,"Cook, IL (CT)",0,2104,2104,0,4369,4369
17031801902,"Cook, IL (CT)",0,1183,1183,0,3223,3223
17031802002,"Cook, IL (CT)",0,1656,1656,0,5071,5071
17031802003,"Cook, IL (CT)",0,939,939,0,2684,2684
17031802004,"Cook, IL (CT)",0,2325,2325,0,5381,5381
17031802100,"Cook, IL (CT)",0,1285,1285,0,3573,3573
17031802200,"Cook, IL (CT)",0,1896,1896,0,4410,4410
17031802300,"Cook, IL (CT)",0,2171,2171,0,4840,4840
17031802402,"Cook, IL (CT)",0,2148,2148,0,4821,4821
17031802403,"Cook, IL (CT)",0,899,899,0,1399,1399
17031802404,"Cook, IL (CT)",0,3072,3072,0,7226,7226
17031802503,"Cook, IL (CT)",0,2528,2528,0,6200,6200
17031802504,"Cook, IL (CT)",0,2056,2056,0,6601,6601
17031802505,"Cook, IL (CT)",0,2600,2600,0,6844,6844
17031802506,"Cook, IL (CT)",0,855,855,0,2508,2508
17031802605,"Cook, IL (CT)",0,3082,3082,0,6799,6799
17031802607,"Cook, IL (CT)",0,542,542,0,1444,1444
17031802608,"Cook, IL (CT)",0,3151,3151,0,6256,6256
17031802609,"Cook, IL (CT)",0,2723,2723,0,6699,6699
17031802610,"Cook, IL (CT)",0,683,683,0,1729,1729
17031802701,"Cook, IL (CT)",0,2316,2316,0,6952,6952
17031802702,"Cook, IL (CT)",0,1762,1762,0,4498,4498
17031802801,"Cook, IL (CT)",0,1884,1884,0,4793,4793
17031802802,"Cook, IL (CT)",0,2534,2534,0,6594,6594
17031802900,"Cook, IL (CT)",0,2191,2191,0,6080,6080
17031803005,"Cook, IL (CT)",0,1147,1147,0,2655,2655
17031803007,"Cook, IL (CT)",0,2207,2207,0,5247,5247
17031803008,"Cook, IL (CT)",0,1769,1769,0,4712,4712
17031803010,"Cook, IL (CT)",0,2103,2103,0,5196,5196
17031803012,"Cook, IL (CT)",0,1099,1099,0,2221,2221
17031803013,"Cook, IL (CT)",0,2451,2451,0,5449,5449
17031803014,"Cook, IL (CT)",0,1437,1437,0,3430,3430
17031803015,"Cook, IL (CT)",0,2097,2097,0,4459,4459
17031803016,"Cook, IL (CT)",0,989,989,0,1979,1979
17031803017,"Cook, IL (CT)",0,2746,2746,0,6058,6058
17031803100,"Cook, IL (CT)",0,1256,1256,0,3440,3440
17031803200,"Cook, IL (CT)",0,2459,2459,0,5586,5586
17031803300,"Cook, IL (CT)",0,3120,3120,0,5543,5543
17031803400,"Cook, IL (CT)",0,2449,2449,0,6384,6384
17031803500,"Cook, IL (CT)",0,2376,2376,0,5813,5813
17031803603,"Cook, IL (CT)",0,2484,2484,0,6751,6751
17031803604,"Cook, IL (CT)",0,1910,1910,0,4314,4314
17031803605,"Cook, IL (CT)",0,2727,2727,0,7253,7253
17031803606,"Cook, IL (CT)",0,2942,2942,0,8287,8287
17031803607,"Cook, IL (CT)",0,1865,1865,0,5164,5164
17031803608,"Cook, IL (CT)",0,3036,3036,0,7326,7326
17031803610,"Cook, IL (CT)",0,3516,3516,0,7198,7198
17031803611,"Cook, IL (CT)",0,2183,2183,0,6112,6112
17031803612,"Cook, IL (CT)",0,1462,1462,0,3536,3536
17031803701,"Cook, IL (CT)",0,1517,1517,0,2705,2705
17031803702,"Cook, IL (CT)",0,2784,2784,0,6255,6255
17031803800,"Cook, IL (CT)",0,1872,1872,0,4725,4725
17031803901,"Cook, IL (CT)",0,1864,1864,0,3452,3452
17031803902,"Cook, IL (CT)",0,1347,1347,0,3513,3513
17031804000,"Cook, IL (CT)",0,1943,1943,0,4587,4587
17031804102,"Cook, IL (CT)",0,2581,2581,0,6993,6993
17031804104,"Cook, IL (CT)",0,1760,1760,0,4980,4980
17031804105,"Cook, IL (CT)",0,1357,1357,0,4000,4000
17031804106,"Cook, IL (CT)",0,2712,2712,0,7024,7024
17031804108,"Cook, IL (CT)",0,2241,2241,0,3879,3879
17031804109,"Cook, IL (CT)",0,1214,1214,0,2955,2955
17031804201,"Cook, IL (CT)",696,2301,2997,1740,6433,8173
17031804202,"Cook, IL (CT)",0,2888,2888,0,7463,7463
17031804305,"Cook, IL (CT)",0,2543,2543,0,7216,7216
17031804306,"Cook, IL (CT)",0,1797,1797,0,5564,5564
17031804308,"Cook, IL (CT)",0,2524,2524,0,5486,5486
17031804309,"Cook, IL (CT)",0,941,941,0,3230,3230
17031804310,"Cook, IL (CT)",15,3193,3208,32,9056,9088
17031804311,"Cook, IL (CT)",8,2765,2773,21,8127,8148
17031804403,"Cook, IL (CT)",0,2652,2652,0,6760,6760
17031804404,"Cook, IL (CT)",0,1558,1558,0,5233,5233
17031804405,"Cook, IL (CT)",0,1104,1104,0,3701,3701
17031804406,"Cook, IL (CT)",0,2068,2068,0,6247,6247
17031804505,"Cook, IL (CT)",0,1765,1765,0,3831,3831
17031804506,"Cook, IL (CT)",0,1937,1937,0,5461,5461
17031804507,"Cook, IL (CT)",0,4834,4834,0,12480,12480
17031804508,"Cook, IL (CT)",0,827,827,0,2244,2244
17031804509,"Cook, IL (CT)",0,1643,1643,0,6288,6288
17031804510,"Cook, IL (CT)",0,1493,1493,0,6145,6145
17031804511,"Cook, IL (CT)",0,747,747,0,2414,2414
17031804603,"Cook, IL (CT)",0,2791,2791,0,5581,5581
17031804606,"Cook, IL (CT)",0,2610,2610,0,7118,7118
17031804607,"Cook, IL (CT)",0,2616,2616,0,7049,7049
17031804608,"Cook, IL (CT)",0,1632,1632,0,3787,3787
17031804609,"Cook, IL (CT)",0,2624,2624,0,5672,5672
17031804610,"Cook, IL (CT)",0,1273,1273,0,2320,2320
17031804611,"Cook, IL (CT)",0,2022,2022,0,4359,4359
17031804701,"Cook, IL (CT)",1,2839,2840,2,6835,6837
17031804705,"Cook, IL (CT)",0,1720,1720,0,3976,3976
17031804706,"Cook, IL (CT)",0,821,821,0,2472,2472
17031804709,"Cook, IL (CT)",0,2982,2982,0,6510,6510
17031804710,"Cook, IL (CT)",0,1659,1659,0,4350,4350
17031804711,"Cook, IL (CT)",0,3022,3022,0,7442,7442
17031804712,"Cook, IL (CT)",0,1973,1973,0,5392,5392
17031804713,"Cook, IL (CT)",0,2337,2337,0,4694,4694
17031804714,"Cook, IL (CT)",0,1376,1376,0,3480,3480
17031804715,"Cook, IL (CT)",0,1173,1173,0,3292,3292
17031804716,"Cook, IL (CT)",0,1837,1837,0,5490,5490
17031804803,"Cook, IL (CT)",0,2167,2167,0,5392,5392
17031804804,"Cook, IL (CT)",0,2681,2681,0,6537,6537
17031804805,"Cook, IL (CT)",0,2564,2564,0,6911,6911
17031804806,"Cook, IL (CT)",0,1144,1144,0,3751,3751
17031804807,"Cook, IL (CT)",0,1892,1892,0,5172,5172
17031804808,"Cook, IL (CT)",0,925,925,0,2533,2533
17031804809,"Cook, IL (CT)",0,1575,1575,0,4224,4224
17031804810,"Cook, IL (CT)",0,2755,2755,0,6949,6949
17031804901,"Cook, IL (CT)",0,2659,2659,0,6648,6648
17031804902,"Cook, IL (CT)",0,2063,2063,0,5523,5523
17031805001,"Cook, IL (CT)",0,1870,1870,0,4694,4694
17031805002,"Cook, IL (CT)",0,3100,3100,0,6941,6941
17031805105,"Cook, IL (CT)",0,2829,2829,0,7356,7356
17031805106,"Cook, IL (CT)",0,1261,1261,0,2718,2718
17031805107,"Cook, IL (CT)",0,3104,3104,0,6460,6460
17031805108,"Cook, IL (CT)",0,2732,2732,0,6699,6699
17031805109,"Cook, IL (CT)",0,1712,1712,0,4359,4359
17031805110,"Cook, IL (CT)",0,2092,2092,0,4220,4220
17031805111,"Cook, IL (CT)",0,2994,2994,0,7027,7027
17031805112,"Cook, IL (CT)",0,1494,1494,0,3558,3558
17031805201,"Cook, IL (CT)",0,1173,1173,0,3406,3406
17031805202,"Cook, IL (CT)",0,1647,1647,0,4028,4028
17031805301,"Cook, IL (CT)",0,1243,1243,0,3496,3496
17031805302,"Cook, IL (CT)",0,1359,1359,0,3602,3602
17031805401,"Cook, IL (CT)",0,1593,1593,0,3841,3841
17031805402,"Cook, IL (CT)",0,2137,2137,0,5095,5095
17031805501,"Cook, IL (CT)",0,1629,1629,0,3400,3400
17031805502,"Cook, IL (CT)",0,1499,1499,0,3888,3888
17031805600,"Cook, IL (CT)",0,1553,1553,0,4511,4511
17031805701,"Cook, IL (CT)",0,2101,2101,0,5074,5074
17031805702,"Cook, IL (CT)",0,789,789,0,2015,2015
17031805801,"Cook, IL (CT)",0,1080,1080,0,2400,2400
17031805802,"Cook, IL (CT)",0,1978,1978,0,4926,4926
17031805901,"Cook, IL (CT)",0,1909,1909,0,3834,3834
17031805902,"Cook, IL (CT)",0,2318,2318,0,6449,6449
17031806001,"Cook, IL (CT)",0,2754,2754,0,5812,5812
17031806002,"Cook, IL (CT)",0,2895,2895,0,7550,7550
17031806003,"Cook, IL (CT)",0,3057,3057,0,8109,8109
17031806004,"Cook, IL (CT)",0,2992,2992,0,7604,7604
17031806102,"Cook, IL (CT)",0,1643,1643,0,3973,3973
17031806103,"Cook, IL (CT)",0,1973,1973,0,5238,5238
17031806104,"Cook, IL (CT)",0,2034,2034,0,4206,4206
17031806201,"Cook, IL (CT)",0,2367,2367,0,4196,4196
17031806202,"Cook, IL (CT)",0,2708,2708,0,4550,4550
17031806300,"Cook, IL (CT)",0,1876,1876,0,4960,4960
17031806400,"Cook, IL (CT)",0,939,939,0,2494,2494
17031806501,"Cook, IL (CT)",0,803,803,0,2773,2773
17031806502,"Cook, IL (CT)",0,1533,1533,0,4205,4205
17031806600,"Cook, IL (CT)",0,1340,1340,0,3490,3490
17031806700,"Cook, IL (CT)",0,1668,1668,0,4409,4409
17031806801,"Cook, IL (CT)",0,1559,1559,0,4225,4225
17031806802,"Cook, IL (CT)",0,1207,1207,0,3300,3300
17031806900,"Cook, IL (CT)",0,2417,2417,0,4713,4713
17031807000,"Cook, IL (CT)",0,2194,2194,0,5736,5736
17031807100,"Cook, IL (CT)",0,1378,1378,0,3817,3817
17031807200,"Cook, IL (CT)",0,2051,2051,0,5912,5912
17031807300,"Cook, IL (CT)",0,3109,3109,0,7191,7191
17031807400,"Cook, IL (CT)",0,2417,2417,0,6518,6518
17031807500,"Cook, IL (CT)",0,1116,1116,0,3189,3189
17031807600,"Cook, IL (CT)",0,2218,2218,0,6540,6540
17031807700,"Cook, IL (CT)",0,2483,2483,0,5933,5933
17031807800,"Cook, IL (CT)",0,913,913,0,2624,2624
17031807900,"Cook, IL (CT)",0,1535,1535,0,4074,4074
17031808001,"Cook, IL (CT)",0,1374,1374,0,3646,3646
17031808002,"Cook, IL (CT)",0,1731,1731,0,4870,4870
17031808100,"Cook, IL (CT)",0,1991,1991,0,3931,3931
17031808200,"Cook, IL (CT)",0,1995,1995,0,5196,5196
17031808301,"Cook, IL (CT)",0,2484,2484,0,5625,5625
17031808302,"Cook, IL (CT)",0,1639,1639,0,3934,3934
17031808400,"Cook, IL (CT)",0,1590,1590,0,4411,4411
17031808500,"Cook, IL (CT)",0,1476,1476,0,4073,4073
17031808600,"Cook, IL (CT)",0,729,729,0,2015,2015
17031808702,"Cook, IL (CT)",0,499,499,0,5504,5504
17031808800,"Cook, IL (CT)",0,1534,1534,0,3955,3955
17031808900,"Cook, IL (CT)",0,1836,1836,0,4101,4101
17031809000,"Cook, IL (CT)",0,1658,1658,0,3976,3976
17031809100,"Cook, IL (CT)",0,1599,1599,0,3387,3387
17031809200,"Cook, IL (CT)",0,1748,1748,0,4611,4611
17031809300,"Cook, IL (CT)",0,2196,2196,0,4816,4816
17031809400,"Cook, IL (CT)",0,3586,3586,0,5804,5804
17031809500,"Cook, IL (CT)",0,2374,2374,0,3670,3670
17031809600,"Cook, IL (CT)",0,1238,1238,0,3301,3301
17031809700,"Cook, IL (CT)",0,1373,1373,0,3649,3649
17031809800,"Cook, IL (CT)",0,1171,1171,0,2717,2717
17031809900,"Cook, IL (CT)",0,1467,1467,0,2855,2855
17031810000,"Cook, IL (CT)",0,2903,2903,0,4896,4896
17031810100,"Cook, IL (CT)",0,2204,2204,0,4253,4253
17031810200,"Cook, IL (CT)",0,2934,2934,0,5739,5739
17031810301,"Cook, IL (CT)",0,1550,1550,0,4002,4002
17031810302,"Cook, IL (CT)",0,1311,1311,0,3250,3250
17031810400,"Cook, IL (CT)",0,2061,2061,0,5350,5350
17031810501,"Cook, IL (CT)",0,2051,2051,0,5049,5049
17031810502,"Cook, IL (CT)",0,2051,2051,0,5164,5164
17031810600,"Cook, IL (CT)",0,1972,1972,0,4717,4717
17031810701,"Cook, IL (CT)",0,2034,2034,0,4916,4916
17031810702,"Cook, IL (CT)",0,1702,1702,0,3918,3918
17031810800,"Cook, IL (CT)",0,1842,1842,0,5324,5324
17031810900,"Cook, IL (CT)",0,2757,2757,0,6429,6429
17031811000,"Cook, IL (CT)",0,1755,1755,0,4296,4296
17031811100,"Cook, IL (CT)",0,2994,2994,0,6520,6520
17031811200,"Cook, IL (CT)",0,2000,2000,0,5270,5270
17031811301,"Cook, IL (CT)",0,1578,1578,0,4845,4845
17031811302,"Cook, IL (CT)",0,1281,1281,0,3778,3778
17031811401,"Cook, IL (CT)",0,1790,1790,0,4842,4842
17031811402,"Cook, IL (CT)",0,1598,1598,0,4433,4433
17031811500,"Cook, IL (CT)",0,2063,2063,0,5895,5895
17031811600,"Cook, IL (CT)",0,2530,2530,0,6213,6213
17031811701,"Cook, IL (CT)",0,1186,1186,0,3858,3858
17031811702,"Cook, IL (CT)",0,1878,1878,0,5124,5124
17031811800,"Cook, IL (CT)",0,1774,1774,0,5399,5399
17031811900,"Cook, IL (CT)",0,1917,1917,0,5738,5738
17031812000,"Cook, IL (CT)",0,2259,2259,0,5434,5434
17031812100,"Cook, IL (CT)",0,1765,1765,0,4560,4560
17031812200,"Cook, IL (CT)",0,1405,1405,0,3942,3942
17031812301,"Cook, IL (CT)",0,2638,2638,0,3972,3972
17031812302,"Cook, IL (CT)",0,1115,1115,0,2818,2818
17031812400,"Cook, IL (CT)",0,1263,1263,0,3491,3491
17031812500,"Cook, IL (CT)",0,1787,1787,0,3375,3375
17031812600,"Cook, IL (CT)",0,2018,2018,0,3706,3706
17031812700,"Cook, IL (CT)",0,1772,1772,0,3216,3216
17031812801,"Cook, IL (CT)",0,2036,2036,0,2943,2943
17031812802,"Cook, IL (CT)",0,1474,1474,0,2444,2444
17031812900,"Cook, IL (CT)",0,1992,1992,0,4749,4749
17031813000,"Cook, IL (CT)",0,1545,1545,0,3873,3873
17031813100,"Cook, IL (CT)",0,1982,1982,0,4538,4538
17031813200,"Cook, IL (CT)",0,1727,1727,0,4251,4251
17031813301,"Cook, IL (CT)",0,1047,1047,0,3502,3502
17031813302,"Cook, IL (CT)",0,1074,1074,0,3934,3934
17031813400,"Cook, IL (CT)",0,2087,2087,0,7551,7551
17031813500,"Cook, IL (CT)",0,2068,2068,0,6994,6994
17031813600,"Cook, IL (CT)",0,1453,1453,0,5334,5334
17031813701,"Cook, IL (CT)",0,1138,1138,0,3780,3780
17031813702,"Cook, IL (CT)",0,1137,1137,0,4263,4263
17031813801,"Cook, IL (CT)",0,821,821,0,2893,2893
17031813802,"Cook, IL (CT)",0,1534,1534,0,5130,5130
17031813900,"Cook, IL (CT)",0,1725,1725,0,6329,6329
17031814000,"Cook, IL (CT)",0,1398,1398,0,4746,4746
17031814100,"Cook, IL (CT)",0,1357,1357,0,4544,4544
17031814200,"Cook, IL (CT)",0,2203,2203,0,7375,7375
17031814300,"Cook, IL (CT)",0,1397,1397,0,4884,4884
17031814400,"Cook, IL (CT)",0,2389,2389,0,7654,7654
17031814500,"Cook, IL (CT)",0,1501,1501,0,4978,4978
17031814600,"Cook, IL (CT)",0,1908,1908,0,5723,5723
17031814700,"Cook, IL (CT)",0,1954,1954,0,5646,5646
17031814800,"Cook, IL (CT)",0,2315,2315,0,6466,6466
17031814900,"Cook, IL (CT)",0,2719,2719,0,6181,6181
17031815000,"Cook, IL (CT)",0,1426,1426,0,4131,4131
17031815100,"Cook, IL (CT)",0,1387,1387,0,4435,4435
17031815200,"Cook, IL (CT)",0,2407,2407,0,6967,6967
17031815300,"Cook, IL (CT)",0,1376,1376,0,3617,3617
17031815400,"Cook, IL (CT)",0,2485,2485,0,5502,5502
17031815500,"Cook, IL (CT)",0,2742,2742,0,7989,7989
17031815600,"Cook, IL (CT)",0,2216,2216,0,4973,4973
17031815701,"Cook, IL (CT)",0,1569,1569,0,3927,3927
17031815702,"Cook, IL (CT)",0,2195,2195,0,5128,5128
17031815800,"Cook, IL (CT)",0,639,639,0,1566,1566
17031815900,"Cook, IL (CT)",0,2865,2865,0,4392,4392
17031816000,"Cook, IL (CT)",0,1875,1875,0,3330,3330
17031816100,"Cook, IL (CT)",0,3094,3094,0,6445,6445
17031816200,"Cook, IL (CT)",0,1724,1724,0,4192,4192
17031816300,"Cook, IL (CT)",0,1633,1633,0,4800,4800
17031816401,"Cook, IL (CT)",0,1491,1491,0,5142,5142
17031816402,"Cook, IL (CT)",0,1358,1358,0,4404,4404
17031816500,"Cook, IL (CT)",0,1418,1418,0,4438,4438
17031816600,"Cook, IL (CT)",0,1264,1264,0,4828,4828
17031816700,"Cook, IL (CT)",0,874,874,0,2809,2809
17031816800,"Cook, IL (CT)",0,2064,2064,0,5368,5368
17031816900,"Cook, IL (CT)",0,1820,1820,0,5885,5885
17031817000,"Cook, IL (CT)",0,1826,1826,0,5459,5459
17031817101,"Cook, IL (CT)",0,1854,1854,0,4542,4542
17031817102,"Cook, IL (CT)",0,1126,1126,0,3189,3189
17031817200,"Cook, IL (CT)",0,1707,1707,0,4684,4684
17031817300,"Cook, IL (CT)",0,965,965,0,2653,2653
17031817400,"Cook, IL (CT)",0,1199,1199,0,4204,4204
17031817500,"Cook, IL (CT)",0,1495,1495,0,3623,3623
17031817600,"Cook, IL (CT)",0,1393,1393,0,3997,3997
17031817700,"Cook, IL (CT)",0,1634,1634,0,4929,4929
17031817900,"Cook, IL (CT)",0,2417,2417,0,5632,5632
17031818000,"Cook, IL (CT)",0,1760,1760,0,4234,4234
17031818100,"Cook, IL (CT)",0,917,917,0,2318,2318
17031818200,"Cook, IL (CT)",0,1923,1923,0,4702,4702
17031818300,"Cook, IL (CT)",0,2077,2077,0,5826,5826
17031818401,"Cook, IL (CT)",0,1413,1413,0,3634,3634
17031818402,"Cook, IL (CT)",0,1504,1504,0,3051,3051
17031818500,"Cook, IL (CT)",0,2664,2664,0,5682,5682
17031818600,"Cook, IL (CT)",0,2167,2167,0,4715,4715
17031818700,"Cook, IL (CT)",0,1507,1507,0,3625,3625
17031818800,"Cook, IL (CT)",0,2265,2265,0,5556,5556
17031818900,"Cook, IL (CT)",0,2051,2051,0,4299,4299
17031819000,"Cook, IL (CT)",0,1810,1810,0,5117,5117
17031819100,"Cook, IL (CT)",0,1969,1969,0,4552,4552
17031819200,"Cook, IL (CT)",0,2365,2365,0,6107,6107
17031819300,"Cook, IL (CT)",0,1123,1123,0,2693,2693
17031819400,"Cook, IL (CT)",0,2251,2251,0,5538,5538
17031819500,"Cook, IL (CT)",0,1615,1615,0,3212,3212
17031819600,"Cook, IL (CT)",0,1386,1386,0,4010,4010
17031819700,"Cook, IL (CT)",0,1979,1979,0,5917,5917
17031819801,"Cook, IL (CT)",0,1788,1788,0,5278,5278
17031819802,"Cook, IL (CT)",0,964,964,0,2678,2678
17031819900,"Cook, IL (CT)",0,1194,1194,0,3398,3398
17031820000,"Cook, IL (CT)",0,734,734,0,2158,2158
17031820101,"Cook, IL (CT)",0,3151,3151,0,6937,6937
17031820103,"Cook, IL (CT)",0,1625,1625,0,4016,4016
17031820104,"Cook, IL (CT)",0,1843,1843,0,4165,4165
17031820201,"Cook, IL (CT)",0,3431,3431,0,7827,7827
17031820202,"Cook, IL (CT)",0,1536,1536,0,3536,3536
17031820300,"Cook, IL (CT)",0,1840,1840,0,5353,5353
17031820400,"Cook, IL (CT)",0,1843,1843,0,5701,5701
17031820501,"Cook, IL (CT)",0,2160,2160,0,6115,6115
17031820502,"Cook, IL (CT)",0,1824,1824,0,5150,5150
17031820603,"Cook, IL (CT)",0,2045,2045,0,5254,5254
17031820604,"Cook, IL (CT)",0,1537,1537,0,3839,3839
17031820605,"Cook, IL (CT)",0,2072,2072,0,4604,4604
17031820606,"Cook, IL (CT)",0,1650,1650,0,3650,3650
17031820700,"Cook, IL (CT)",0,3000,3000,0,6786,6786
17031820800,"Cook, IL (CT)",0,1173,1173,0,3626,3626
17031820901,"Cook, IL (CT)",0,2075,2075,0,5686,5686
17031820902,"Cook, IL (CT)",0,1616,1616,0,5017,5017
17031821001,"Cook, IL (CT)",0,1746,1746,0,5233,5233
17031821002,"Cook, IL (CT)",0,1889,1889,0,5593,5593
17031821101,"Cook, IL (CT)",0,1509,1509,0,4784,4784
17031821102,"Cook, IL (CT)",0,1358,1358,0,4047,4047
17031821200,"Cook, IL (CT)",0,2406,2406,0,6003,6003
17031821300,"Cook, IL (CT)",0,2133,2133,0,5519,5519
17031821401,"Cook, IL (CT)",0,1432,1432,0,3338,3338
17031821402,"Cook, IL (CT)",0,1418,1418,0,3587,3587
17031821500,"Cook, IL (CT)",0,857,857,0,2341,2341
17031821600,"Cook, IL (CT)",0,1752,1752,0,4393,4393
17031821700,"Cook, IL (CT)",0,1838,1838,0,4889,4889
17031821800,"Cook, IL (CT)",0,2026,2026,0,5337,5337
17031821900,"Cook, IL (CT)",0,1943,1943,0,5233,5233
17031822000,"Cook, IL (CT)",0,1935,1935,0,4349,4349
17031822101,"Cook, IL (CT)",0,1727,1727,0,4480,4480
17031822102,"Cook, IL (CT)",0,2159,2159,0,4414,4414
17031822200,"Cook, IL (CT)",0,1364,1364,0,3703,3703
17031822301,"Cook, IL (CT)",0,1343,1343,0,3836,3836
17031822302,"Cook, IL (CT)",0,1663,1663,0,4484,4484
17031822400,"Cook, IL (CT)",0,2334,2334,0,6226,6226
17031822500,"Cook, IL (CT)",0,1670,1670,0,4455,4455
17031822601,"Cook, IL (CT)",0,1771,1771,0,4470,4470
17031822602,"Cook, IL (CT)",0,3071,3071,0,7061,7061
17031822701,"Cook, IL (CT)",0,2187,2187,0,4181,4181
17031822702,"Cook, IL (CT)",0,1707,1707,0,3745,3745
17031822801,"Cook, IL (CT)",0,1634,1634,0,3345,3345
17031822802,"Cook, IL (CT)",0,1400,1400,0,3616,3616
17031822900,"Cook, IL (CT)",0,725,725,0,2042,2042
17031823001,"Cook, IL (CT)",0,2777,2777,0,6450,6450
17031823002,"Cook, IL (CT)",0,2395,2395,0,6077,6077
17031823101,"Cook, IL (CT)",0,1837,1837,0,4412,4412
17031823102,"Cook, IL (CT)",0,1445,1445,0,3641,3641
17031823200,"Cook, IL (CT)",0,1953,1953,0,4877,4877
17031823302,"Cook, IL (CT)",0,2615,2615,0,5794,5794
17031823303,"Cook, IL (CT)",0,1712,1712,0,4519,4519
17031823304,"Cook, IL (CT)",0,2652,2652,0,5927,5927
17031823400,"Cook, IL (CT)",0,1906,1906,0,5052,5052
17031823500,"Cook, IL (CT)",0,1709,1709,0,4545,4545
17031823602,"Cook, IL (CT)",0,2951,2951,0,6267,6267
17031823603,"Cook, IL (CT)",0,803,803,0,2702,2702
17031823604,"Cook, IL (CT)",0,1405,1405,0,3578,3578
17031823605,"Cook, IL (CT)",0,1642,1642,0,4547,4547
17031823702,"Cook, IL (CT)",0,2840,2840,0,6650,6650
17031823703,"Cook, IL (CT)",0,3108,3108,0,7940,7940
17031823704,"Cook, IL (CT)",0,1406,1406,0,4020,4020
17031823705,"Cook, IL (CT)",0,1784,1784,0,4618,4618
17031823801,"Cook, IL (CT)",80,2299,2379,180,5536,5716
17031823803,"Cook, IL (CT)",0,2711,2711,0,6760,6760
17031823805,"Cook, IL (CT)",0,1552,1552,0,2953,2953
17031823806,"Cook, IL (CT)",0,1779,1779,0,3716,3716
17031823901,"Cook, IL (CT)",1,1512,1513,2,3517,3519
17031823903,"Cook, IL (CT)",0,1781,1781,0,4707,4707
17031823904,"Cook, IL (CT)",0,1796,1796,0,4016,4016
17031824003,"Cook, IL (CT)",0,2240,2240,0,6336,6336
17031824004,"Cook, IL (CT)",12,2183,2195,30,5341,5371
17031824005,"Cook, IL (CT)",0,2032,2032,0,5539,5539
17031824006,"Cook, IL (CT)",9,1367,1376,24,3843,3867
17031824105,"Cook, IL (CT)",0,2582,2582,0,6845,6845
17031824106,"Cook, IL (CT)",0,2715,2715,0,7063,7063
17031824107,"Cook, IL (CT)",0,2752,2752,0,6493,6493
17031824108,"Cook, IL (CT)",0,2853,2853,0,8063,8063
17031824113,"Cook, IL (CT)",0,2219,2219,0,6562,6562
17031824114,"Cook, IL (CT)",0,1750,1750,0,4709,4709
17031824115,"Cook, IL (CT)",0,1506,1506,0,3920,3920
17031824116,"Cook, IL (CT)",0,2017,2017,0,4718,4718
17031824117,"Cook, IL (CT)",0,3435,3435,0,9868,9868
17031824119,"Cook, IL (CT)",0,2052,2052,0,5675,5675
17031824120,"Cook, IL (CT)",0,3419,3419,0,8680,8680
17031824121,"Cook, IL (CT)",0,1240,1240,0,3174,3174
17031824122,"Cook, IL (CT)",0,2371,2371,0,6423,6423
17031824123,"Cook, IL (CT)",0,2950,2950,0,7756,7756
17031824300,"Cook, IL (CT)",0,1877,1877,0,4814,4814
17031824400,"Cook, IL (CT)",0,866,866,0,2317,2317
17031824503,"Cook, IL (CT)",0,3068,3068,0,6740,6740
17031824505,"Cook, IL (CT)",0,2613,2613,0,6869,6869
17031824506,"Cook, IL (CT)",0,3201,3201,0,7617,7617
17031824507,"Cook, IL (CT)",0,1846,1846,0,4214,4214
17031824601,"Cook, IL (CT)",0,1720,1720,0,4394,4394
17031824602,"Cook, IL (CT)",0,2579,2579,0,6545,6545
17031824701,"Cook, IL (CT)",0,1423,1423,0,3962,3962
17031824702,"Cook, IL (CT)",0,2030,2030,0,5607,5607
17031824800,"Cook, IL (CT)",0,2422,2422,0,7756,7756
17031824900,"Cook, IL (CT)",0,1086,1086,0,3079,3079
17031825000,"Cook, IL (CT)",0,2107,2107,0,5103,5103
17031825200,"Cook, IL (CT)",0,689,689,0,2009,2009
17031825302,"Cook, IL (CT)",0,2464,2464,0,6277,6277
17031825303,"Cook, IL (CT)",0,1768,1768,0,3872,3872
17031825304,"Cook, IL (CT)",0,1647,1647,0,4056,4056
17031825400,"Cook, IL (CT)",0,2531,2531,0,5419,5419
17031825501,"Cook, IL (CT)",0,2121,2121,0,5583,5583
17031825503,"Cook, IL (CT)",0,2526,2526,0,6608,6608
17031825504,"Cook, IL (CT)",0,1343,1343,0,3734,3734
17031825505,"Cook, IL (CT)",0,1903,1903,0,5525,5525
17031825600,"Cook, IL (CT)",0,1947,1947,0,5627,5627
17031825700,"Cook, IL (CT)",0,1544,1544,0,4206,4206
17031825801,"Cook, IL (CT)",0,1720,1720,0,3550,3550
17031825802,"Cook, IL (CT)",0,2253,2253,0,5850,5850
17031825803,"Cook, IL (CT)",0,2474,2474,0,5811,5811
17031825900,"Cook, IL (CT)",0,1255,1255,0,3374,3374
17031826000,"Cook, IL (CT)",0,1300,1300,0,3334,3334
17031826100,"Cook, IL (CT)",0,2534,2534,0,6414,6414
17031826201,"Cook, IL (CT)",0,2094,2094,0,3596,3596
17031826202,"Cook, IL (CT)",0,2243,2243,0,5873,5873
17031826301,"Cook, IL (CT)",0,1489,1489,0,3956,3956
17031826303,"Cook, IL (CT)",0,1434,1434,0,4162,4162
17031826304,"Cook, IL (CT)",0,1440,1440,0,3203,3203
17031826401,"Cook, IL (CT)",0,1510,1510,0,4072,4072
17031826402,"Cook, IL (CT)",0,1873,1873,0,5132,5132
17031826500,"Cook, IL (CT)",0,2235,2235,0,5936,5936
17031826600,"Cook, IL (CT)",0,2138,2138,0,5540,5540
17031826700,"Cook, IL (CT)",0,2383,2383,0,5569,5569
17031826800,"Cook, IL (CT)",0,1939,1939,0,5436,5436
17031826901,"Cook, IL (CT)",0,840,840,0,1894,1894
17031826902,"Cook, IL (CT)",0,698,698,0,1643,1643
17031827000,"Cook, IL (CT)",0,1378,1378,0,3624,3624
17031827100,"Cook, IL (CT)",0,1124,1124,0,2716,2716
17031827200,"Cook, IL (CT)",0,1571,1571,0,4140,4140
17031827300,"Cook, IL (CT)",0,1296,1296,0,2947,2947
17031827400,"Cook, IL (CT)",0,1856,1856,0,4298,4298
17031827500,"Cook, IL (CT)",0,1773,1773,0,5382,5382
17031827600,"Cook, IL (CT)",0,1229,1229,0,3463,3463
17031827700,"Cook, IL (CT)",0,1116,1116,0,2902,2902
17031827801,"Cook, IL (CT)",0,1644,1644,0,4998,4998
17031827802,"Cook, IL (CT)",0,1191,1191,0,3385,3385
17031827804,"Cook, IL (CT)",0,1195,1195,0,3308,3308
17031827805,"Cook, IL (CT)",0,1109,1109,0,2866,2866
17031827901,"Cook, IL (CT)",0,889,889,0,2605,2605
17031827902,"Cook, IL (CT)",0,1851,1851,0,4524,4524
17031828000,"Cook, IL (CT)",0,2006,2006,0,5147,5147
17031828100,"Cook, IL (CT)",0,2173,2173,0,4844,4844
17031828201,"Cook, IL (CT)",0,1768,1768,0,4290,4290
17031828202,"Cook, IL (CT)",0,1991,1991,0,4585,4585
17031828300,"Cook, IL (CT)",0,1526,1526,0,3264,3264
17031828401,"Cook, IL (CT)",0,1558,1558,0,3644,3644
17031828402,"Cook, IL (CT)",0,1840,1840,0,3843,3843
17031828503,"Cook, IL (CT)",4,1706,1710,16,4611,4627
17031828504,"Cook, IL (CT)",78,1964,2042,175,5802,5977
17031828505,"Cook, IL (CT)",0,2512,2512,0,6428,6428
17031828506,"Cook, IL (CT)",0,3382,3382,0,8544,8544
17031828601,"Cook, IL (CT)",0,1706,1706,0,4187,4187
17031828602,"Cook, IL (CT)",0,1632,1632,0,4562,4562
17031828701,"Cook, IL (CT)",0,1513,1513,0,4071,4071
17031828702,"Cook, IL (CT)",0,1899,1899,0,4916,4916
17031828801,"Cook, IL (CT)",0,1807,1807,0,4969,4969
17031828802,"Cook, IL (CT)",0,1137,1137,0,3038,3038
17031828900,"Cook, IL (CT)",0,1388,1388,0,3920,3920
17031829000,"Cook, IL (CT)",0,645,645,0,1327,1327
17031829100,"Cook, IL (CT)",0,1568,1568,0,4144,4144
17031829200,"Cook, IL (CT)",0,2082,2082,0,5951,5951
17031829301,"Cook, IL (CT)",0,1433,1433,0,3982,3982
17031829302,"Cook, IL (CT)",0,1431,1431,0,3982,3982
17031829401,"Cook, IL (CT)",0,534,534,0,1394,1394
17031829402,"Cook, IL (CT)",0,1670,1670,0,3346,3346
17031829500,"Cook, IL (CT)",0,1665,1665,0,4146,4146
17031829600,"Cook, IL (CT)",0,1244,1244,0,3062,3062
17031829700,"Cook, IL (CT)",0,1427,1427,0,4349,4349
17031829800,"Cook, IL (CT)",0,2747,2747,0,6820,6820
17031829901,"Cook, IL (CT)",0,3693,3693,0,8744,8744
17031829902,"Cook, IL (CT)",0,2704,2704,0,6343,6343
17031830001,"Cook, IL (CT)",0,1204,1204,0,2105,2105
17031830003,"Cook, IL (CT)",0,2753,2753,0,7985,7985
17031830004,"Cook, IL (CT)",0,2502,2502,0,7233,7233
17031830005,"Cook, IL (CT)",0,1708,1708,0,3957,3957
17031830006,"Cook, IL (CT)",0,1136,1136,0,2487,2487
17031830007,"Cook, IL (CT)",0,1868,1868,0,5039,5039
17031830008,"Cook, IL (CT)",47,1562,1609,131,4406,4537
17031830100,"Cook, IL (CT)",0,1206,1206,0,3356,3356
17031830201,"Cook, IL (CT)",0,2468,2468,0,5351,5351
17031830202,"Cook, IL (CT)",0,1190,1190,0,3569,3569
17031830300,"Cook, IL (CT)",0,2737,2737,0,4748,4748
17031830400,"Cook, IL (CT)",0,1957,1957,0,4453,4453
17031830500,"Cook, IL (CT)",0,1268,1268,0,4660,4660
17031830600,"Cook, IL (CT)",0,2219,2219,0,5005,5005
17031830700,"Cook, IL (CT)",0,1847,1847,0,4247,4247
17031830800,"Cook, IL (CT)",0,1470,1470,0,2391,2391
17031830900,"Cook, IL (CT)",0,1369,1369,0,2877,2877
17031831000,"Cook, IL (CT)",0,1159,1159,0,2138,2138
17031831100,"Cook, IL (CT)",0,2964,2964,0,7453,7453
17031831200,"Cook, IL (CT)",0,1548,1548,0,5021,5021
17031831300,"Cook, IL (CT)",0,396,396,0,1280,1280
17031831400,"Cook, IL (CT)",0,1143,1143,0,2964,2964
17031831500,"Cook, IL (CT)",0,1342,1342,0,4079,4079
17031831600,"Cook, IL (CT)",0,2659,2659,0,7270,7270
17031831700,"Cook, IL (CT)",0,781,781,0,2075,2075
17031831800,"Cook, IL (CT)",0,2381,2381,0,6322,6322
17031831900,"Cook, IL (CT)",0,1530,1530,0,2717,2717
17031832000,"Cook, IL (CT)",0,1008,1008,0,1798,1798
17031832100,"Cook, IL (CT)",0,2030,2030,0,3297,3297
17031832200,"Cook, IL (CT)",0,1626,1626,0,2940,2940
17031832300,"Cook, IL (CT)",0,969,969,0,1870,1870
17031832400,"Cook, IL (CT)",0,1394,1394,0,3181,3181
17031832500,"Cook, IL (CT)",0,1524,1524,0,3606,3606
17031832600,"Cook, IL (CT)",0,2007,2007,0,3727,3727
17031832900,"Cook, IL (CT)",0,1239,1239,0,2212,2212
17031833000,"Cook, IL (CT)",0,1719,1719,0,2768,2768
17031833100,"Cook, IL (CT)",0,4213,4213,0,6895,6895
17031833300,"Cook, IL (CT)",0,1140,1140,0,2278,2278
17031833900,"Cook, IL (CT)",0,1068,1068,0,2714,2714
17031834000,"Cook, IL (CT)",0,1488,1488,0,3632,3632
17031834200,"Cook, IL (CT)",0,2481,2481,0,4944,4944
17031834300,"Cook, IL (CT)",0,2718,2718,0,6570,6570
17031834400,"Cook, IL (CT)",0,1886,1886,0,3772,3772
17031834500,"Cook, IL (CT)",0,692,692,0,1475,1475
17031834600,"Cook, IL (CT)",0,1622,1622,0,3778,3778
17031834700,"Cook, IL (CT)",0,1105,1105,0,2078,2078
17031834800,"Cook, IL (CT)",0,1044,1044,0,1953,1953
17031834900,"Cook, IL (CT)",0,1028,1028,0,2272,2272
17031835000,"Cook, IL (CT)",0,2229,2229,0,5778,5778
17031835100,"Cook, IL (CT)",0,1448,1448,0,5369,5369
17031835200,"Cook, IL (CT)",0,713,713,0,2060,2060
17031835500,"Cook, IL (CT)",0,983,983,0,1677,1677
17031835600,"Cook, IL (CT)",0,550,550,0,1199,1199
17031835700,"Cook, IL (CT)",0,108,108,0,0,0
17031835800,"Cook, IL (CT)",0,824,824,0,1576,1576
17031835900,"Cook, IL (CT)",0,1755,1755,0,3271,3271
17031836000,"Cook, IL (CT)",0,1094,1094,0,2177,2177
17031836100,"Cook, IL (CT)",0,830,830,0,1761,1761
17031836200,"Cook, IL (CT)",0,297,297,0,1529,1529
17031836300,"Cook, IL (CT)",0,715,715,0,1288,1288
17031836400,"Cook, IL (CT)",0,1658,1658,0,2979,2979
17031836500,"Cook, IL (CT)",0,657,657,0,1496,1496
17031836600,"Cook, IL (CT)",0,1191,1191,0,2997,2997
17031836700,"Cook, IL (CT)",0,958,958,0,2397,2397
17031836800,"Cook, IL (CT)",0,1262,1262,0,2661,2661
17031836900,"Cook, IL (CT)",0,599,599,0,1442,1442
17031837000,"Cook, IL (CT)",0,944,944,0,2085,2085
17031837100,"Cook, IL (CT)",0,948,948,0,1819,1819
17031837300,"Cook, IL (CT)",0,894,894,0,2483,2483
17031837400,"Cook, IL (CT)",0,848,848,0,2279,2279
17031837800,"Cook, IL (CT)",0,1175,1175,0,2796,2796
17031838000,"Cook, IL (CT)",0,1399,1399,0,2561,2561
17031838100,"Cook, IL (CT)",0,1387,1387,0,1713,1713
17031838200,"Cook, IL (CT)",0,500,500,0,1578,1578
17031838300,"Cook, IL (CT)",0,839,839,0,1631,1631
17031838600,"Cook, IL (CT)",0,647,647,0,1598,1598
17031838700,"Cook, IL (CT)",0,1918,1918,0,4484,4484
17031838800,"Cook, IL (CT)",0,1253,1253,0,3233,3233
17031839000,"Cook, IL (CT)",0,4891,4891,0,7311,7311
17031839100,"Cook, IL (CT)",0,3215,3215,0,4350,4350
17031839200,"Cook, IL (CT)",0,1651,1651,0,2545,2545
17031839500,"Cook, IL (CT)",0,938,938,0,1545,1545
17031839600,"Cook, IL (CT)",0,997,997,0,1952,1952
17031839700,"Cook, IL (CT)",0,2023,2023,0,4326,4326
17031839800,"Cook, IL (CT)",0,1229,1229,0,2730,2730
17031839900,"Cook, IL (CT)",0,1872,1872,0,4080,4080
17031840000,"Cook, IL (CT)",0,1060,1060,0,2695,2695
17031840100,"Cook, IL (CT)",0,1124,1124,0,2935,2935
17031840200,"Cook, IL (CT)",0,890,890,0,2338,2338
17031840300,"Cook, IL (CT)",0,1309,1309,0,3950,3950
17031840400,"Cook, IL (CT)",0,1220,1220,0,3326,3326
17031840700,"Cook, IL (CT)",0,1401,1401,0,4249,4249
17031840800,"Cook, IL (CT)",0,1014,1014,0,3716,3716
17031841000,"Cook, IL (CT)",0,750,750,0,849,849
17031841100,"Cook, IL (CT)",0,2898,2898,0,7254,7254
17031841200,"Cook, IL (CT)",0,1911,1911,0,5262,5262
17031841300,"Cook, IL (CT)",0,1752,1752,0,4463,4463
17031841400,"Cook, IL (CT)",0,611,611,0,1559,1559
17031841500,"Cook, IL (CT)",0,1230,1230,0,2962,2962
17031841600,"Cook, IL (CT)",0,388,388,0,1166,1166
17031841700,"Cook, IL (CT)",0,866,866,0,1442,1442
17031841800,"Cook, IL (CT)",0,1187,1187,0,2505,2505
17031841900,"Cook, IL (CT)",0,1736,1736,0,4865,4865
17031842000,"Cook, IL (CT)",0,378,378,0,2744,2744
17031842100,"Cook, IL (CT)",0,2373,2373,0,6731,6731
17031842200,"Cook, IL (CT)",0,1710,1710,0,2603,2603
17031842300,"Cook, IL (CT)",0,1703,1703,0,3244,3244
17031842400,"Cook, IL (CT)",0,1434,1434,0,3304,3304
17031842500,"Cook, IL (CT)",0,892,892,0,2451,2451
17031842600,"Cook, IL (CT)",0,1666,1666,0,4133,4133
17031842800,"Cook, IL (CT)",0,2359,2359,0,7498,7498
17031842900,"Cook, IL (CT)",0,1208,1208,0,2341,2341
17031843000,"Cook, IL (CT)",0,1148,1148,0,2378,2378
17031843100,"Cook, IL (CT)",0,734,734,0,1892,1892
17031843200,"Cook, IL (CT)",0,958,958,0,2780,2780
17031843300,"Cook, IL (CT)",0,429,429,0,1228,1228
17031843400,"Cook, IL (CT)",0,616,616,0,1451,1451
17031843500,"Cook, IL (CT)",0,329,329,0,11309,11309
17031843600,"Cook, IL (CT)",0,1409,1409,0,2807,2807
17031843700,"Cook, IL (CT)",0,999,999,0,2117,2117
17031843800,"Cook, IL (CT)",0,879,879,0,2110,2110
17031843900,"Cook, IL (CT)",0,2277,2277,0,3533,3533
17031980000,"Cook, IL (CT)",0,0,0,0,0,0
17031980100,"Cook, IL (CT)",0,0,0,0,0,0
17031990000,"Cook, IL (CT)",0,0,0,0,0,0
17033880100,"Crawford, IL (CT)",1252,2,1254,2866,5,2871
17033880200,"Crawford, IL (CT)",1547,43,1590,3453,115,3568
17033880300,"Crawford, IL (CT)",28,1704,1732,57,3396,3453
17033880400,"Crawford, IL (CT)",0,1564,1564,0,3161,3161
17033880500,"Crawford, IL (CT)",1197,4,1201,2511,1217,3728
17033880600,"Crawford, IL (CT)",1320,0,1320,3036,0,3036
17035972400,"Cumberland, IL (CT)",1500,0,1500,3190,0,3190
17035972500,"Cumberland, IL (CT)",1502,0,1502,3340,0,3340
17035972600,"Cumberland, IL (CT)",1872,0,1872,4518,0,4518
17037000100,"DeKalb, IL (CT)",606,1952,2558,1527,5185,6712
17037000200,"DeKalb, IL (CT)",1435,419,1854,3785,1228,5013
17037000300,"DeKalb, IL (CT)",1104,0,1104,2680,0,2680
17037000400,"DeKalb, IL (CT)",954,2351,3305,2650,5972,8622
17037000500,"DeKalb, IL (CT)",182,1584,1766,314,3729,4043
17037000600,"DeKalb, IL (CT)",0,2526,2526,0,6030,6030
17037000700,"DeKalb, IL (CT)",0,1655,1655,0,3833,3833
17037000800,"DeKalb, IL (CT)",34,2854,2888,87,6749,6836
17037000900,"DeKalb, IL (CT)",0,2084,2084,0,5113,5113
17037001001,"DeKalb, IL (CT)",26,2662,2688,65,6960,7025
17037001002,"DeKalb, IL (CT)",0,3015,3015,0,5782,5782
17037001300,"DeKalb, IL (CT)",0,2699,2699,0,5517,5517
17037001400,"DeKalb, IL (CT)",103,2332,2435,254,6197,6451
17037001500,"DeKalb, IL (CT)",91,1564,1655,198,3609,3807
17037001600,"DeKalb, IL (CT)",524,1122,1646,1371,3038,4409
17037001700,"DeKalb, IL (CT)",1400,0,1400,3454,0,3454
17037001800,"DeKalb, IL (CT)",1634,0,1634,4002,0,4002
17037001900,"DeKalb, IL (CT)",315,653,968,790,1641,2431
17037002000,"DeKalb, IL (CT)",26,1793,1819,60,4896,4956
17037002100,"DeKalb, IL (CT)",43,1013,1056,116,2312,2428
17037002200,"DeKalb, IL (CT)",0,324,324,0,6016,6016
17039971400,"De Witt, IL (CT)",1214,0,1214,2731,0,2731
17039971500,"De Witt, IL (CT)",1027,227,1254,2347,506,2853
17039971600,"De Witt, IL (CT)",1324,334,1658,2921,832,3753
17039971700,"De Witt, IL (CT)",0,1581,1581,0,3511,3511
17039971800,"De Witt, IL (CT)",38,1776,1814,75,3638,3713
17041952000,"Douglas, IL (CT)",1141,0,1141,2345,0,2345
17041952100,"Douglas, IL (CT)",1666,125,1791,3809,272,4081
17041952200,"Douglas, IL (CT)",1,2120,2121,2,4495,4497
17041952300,"Douglas, IL (CT)",1977,0,1977,5559,0,5559
17041952400,"Douglas, IL (CT)",222,1138,1360,600,2898,3498
17043840000,"DuPage, IL (CT)",0,895,895,0,2999,2999
17043840101,"DuPage, IL (CT)",0,1990,1990,0,5870,5870
17043840102,"DuPage, IL (CT)",0,1801,1801,0,4639,4639
17043840103,"DuPage, IL (CT)",0,2570,2570,0,6446,6446
17043840104,"DuPage, IL (CT)",0,2128,2128,0,6327,6327
17043840201,"DuPage, IL (CT)",0,2267,2267,0,5836,5836
17043840202,"DuPage, IL (CT)",0,1774,1774,0,5260,5260
17043840303,"DuPage, IL (CT)",0,1435,1435,0,3719,3719
17043840304,"DuPage, IL (CT)",0,1384,1384,0,3777,3777
17043840600,"DuPage, IL (CT)",0,1877,1877,0,4813,4813
17043840703,"DuPage, IL (CT)",0,1754,1754,0,3898,3898
17043840704,"DuPage, IL (CT)",0,1203,1203,0,3258,3258
17043840705,"DuPage, IL (CT)",0,1279,1279,0,3837,3837
17043840706,"DuPage, IL (CT)",0,1130,1130,0,3307,3307
17043840801,"DuPage, IL (CT)",0,930,930,0,2382,2382
17043840802,"DuPage, IL (CT)",0,2037,2037,0,5848,5848
17043840901,"DuPage, IL (CT)",0,1650,1650,0,3532,3532
17043840904,"DuPage, IL (CT)",0,1789,1789,0,4251,4251
17043840906,"DuPage, IL (CT)",0,1158,1158,0,2928,2928
17043840907,"DuPage, IL (CT)",0,1803,1803,0,4835,4835
17043840908,"DuPage, IL (CT)",0,1494,1494,0,4381,4381
17043840910,"DuPage, IL (CT)",0,1683,1683,0,5217,5217
17043840911,"DuPage, IL (CT)",0,944,944,0,3115,3115
17043841002,"DuPage, IL (CT)",0,1336,1336,0,3207,3207
17043841003,"DuPage, IL (CT)",0,1479,1479,0,3432,3432
17043841004,"DuPage, IL (CT)",0,1502,1502,0,3355,3355
17043841102,"DuPage, IL (CT)",0,2342,2342,0,5936,5936
17043841103,"DuPage, IL (CT)",0,1437,1437,0,3906,3906
17043841104,"DuPage, IL (CT)",0,1551,1551,0,4469,4469
17043841108,"DuPage, IL (CT)",0,1464,1464,0,4429,4429
17043841109,"DuPage, IL (CT)",0,1535,1535,0,3980,3980
17043841110,"DuPage, IL (CT)",0,1310,1310,0,3517,3517
17043841111,"DuPage, IL (CT)",0,1717,1717,0,3636,3636
17043841112,"DuPage, IL (CT)",0,1236,1236,0,3124,3124
17043841113,"DuPage, IL (CT)",0,1370,1370,0,3760,3760
17043841114,"DuPage, IL (CT)",0,1852,1852,0,4196,4196
17043841204,"DuPage, IL (CT)",0,1892,1892,0,6193,6193
17043841205,"DuPage, IL (CT)",0,1565,1565,0,4776,4776
17043841206,"DuPage, IL (CT)",0,2089,2089,0,5345,5345
17043841207,"DuPage, IL (CT)",0,885,885,0,3068,3068
17043841208,"DuPage, IL (CT)",0,2072,2072,0,5234,5234
17043841209,"DuPage, IL (CT)",0,1411,1411,0,3945,3945
17043841210,"DuPage, IL (CT)",0,1829,1829,0,4132,4132
17043841307,"DuPage, IL (CT)",0,1986,1986,0,6172,6172
17043841308,"DuPage, IL (CT)",22,1389,1411,44,4274,4318
17043841310,"DuPage, IL (CT)",11,1046,1057,26,3657,3683
17043841312,"DuPage, IL (CT)",0,1261,1261,0,3931,3931
17043841313,"DuPage, IL (CT)",0,1114,1114,0,2789,2789
17043841314,"DuPage, IL (CT)",0,2120,2120,0,6549,6549
17043841315,"DuPage, IL (CT)",0,1177,1177,0,3405,3405
17043841316,"DuPage, IL (CT)",0,1266,1266,0,3663,3663
17043841318,"DuPage, IL (CT)",0,968,968,0,2884,2884
17043841320,"DuPage, IL (CT)",0,847,847,0,2704,2704
17043841321,"DuPage, IL (CT)",0,820,820,0,2510,2510
17043841322,"DuPage, IL (CT)",0,1316,1316,0,4478,4478
17043841323,"DuPage, IL (CT)",0,1065,1065,0,3032,3032
17043841324,"DuPage, IL (CT)",0,862,862,0,2839,2839
17043841325,"DuPage, IL (CT)",0,1970,1970,0,5831,5831
17043841326,"DuPage, IL (CT)",0,1124,1124,0,3351,3351
17043841327,"DuPage, IL (CT)",0,1423,1423,0,4443,4443
17043841401,"DuPage, IL (CT)",0,2184,2184,0,6649,6649
17043841403,"DuPage, IL (CT)",0,1517,1517,0,3943,3943
17043841404,"DuPage, IL (CT)",0,1247,1247,0,3192,3192
17043841501,"DuPage, IL (CT)",0,1688,1688,0,6023,6023
17043841503,"DuPage, IL (CT)",0,850,850,0,3923,3923
17043841504,"DuPage, IL (CT)",0,1043,1043,0,3294,3294
17043841603,"DuPage, IL (CT)",0,1689,1689,0,4530,4530
17043841604,"DuPage, IL (CT)",34,1491,1525,148,3907,4055
17043841605,"DuPage, IL (CT)",14,1366,1380,39,3779,3818
17043841606,"DuPage, IL (CT)",0,929,929,0,2061,2061
17043841607,"DuPage, IL (CT)",0,1807,1807,0,4751,4751
17043841703,"DuPage, IL (CT)",0,3562,3562,0,7157,7157
17043841704,"DuPage, IL (CT)",0,1524,1524,0,4600,4600
17043841705,"DuPage, IL (CT)",0,1989,1989,0,5540,5540
17043841706,"DuPage, IL (CT)",0,1595,1595,0,4113,4113
17043841801,"DuPage, IL (CT)",0,1858,1858,0,5069,5069
17043841802,"DuPage, IL (CT)",0,1758,1758,0,5078,5078
17043841901,"DuPage, IL (CT)",0,844,844,0,2443,2443
17043841902,"DuPage, IL (CT)",0,888,888,0,4147,4147
17043842000,"DuPage, IL (CT)",0,1513,1513,0,4311,4311
17043842100,"DuPage, IL (CT)",0,2324,2324,0,5922,5922
17043842200,"DuPage, IL (CT)",0,2025,2025,0,4510,4510
17043842300,"DuPage, IL (CT)",0,1221,1221,0,3487,3487
17043842400,"DuPage, IL (CT)",0,1874,1874,0,5054,5054
17043842500,"DuPage, IL (CT)",0,1219,1219,0,3081,3081
17043842601,"DuPage, IL (CT)",0,1454,1454,0,4152,4152
17043842602,"DuPage, IL (CT)",0,1446,1446,0,4315,4315
17043842603,"DuPage, IL (CT)",0,1433,1433,0,4590,4590
17043842604,"DuPage, IL (CT)",0,2096,2096,0,4255,4255
17043842605,"DuPage, IL (CT)",0,1725,1725,0,4134,4134
17043842702,"DuPage, IL (CT)",0,2120,2120,0,4598,4598
17043842703,"DuPage, IL (CT)",0,1520,1520,0,4055,4055
17043842704,"DuPage, IL (CT)",0,2358,2358,0,5095,5095
17043842706,"DuPage, IL (CT)",0,1787,1787,0,4561,4561
17043842708,"DuPage, IL (CT)",0,909,909,0,2566,2566
17043842709,"DuPage, IL (CT)",0,1283,1283,0,3654,3654
17043842710,"DuPage, IL (CT)",0,1802,1802,0,3684,3684
17043842711,"DuPage, IL (CT)",0,1023,1023,0,2890,2890
17043842800,"DuPage, IL (CT)",0,1648,1648,0,4503,4503
17043842900,"DuPage, IL (CT)",0,1954,1954,0,5370,5370
17043843000,"DuPage, IL (CT)",0,1688,1688,0,4168,4168
17043843100,"DuPage, IL (CT)",0,1556,1556,0,3777,3777
17043843200,"DuPage, IL (CT)",0,2020,2020,0,5411,5411
17043843301,"DuPage, IL (CT)",0,1399,1399,0,4049,4049
17043843302,"DuPage, IL (CT)",0,1129,1129,0,3014,3014
17043843400,"DuPage, IL (CT)",0,1310,1310,0,3474,3474
17043843500,"DuPage, IL (CT)",0,2491,2491,0,5370,5370
17043843601,"DuPage, IL (CT)",0,1314,1314,0,3482,3482
17043843602,"DuPage, IL (CT)",0,1207,1207,0,3225,3225
17043843700,"DuPage, IL (CT)",0,1631,1631,0,4410,4410
17043843800,"DuPage, IL (CT)",0,1516,1516,0,3484,3484
17043843900,"DuPage, IL (CT)",0,1477,1477,0,4105,4105
17043844001,"DuPage, IL (CT)",0,1263,1263,0,3602,3602
17043844002,"DuPage, IL (CT)",0,1447,1447,0,4268,4268
17043844100,"DuPage, IL (CT)",0,1389,1389,0,3979,3979
17043844201,"DuPage, IL (CT)",0,2202,2202,0,5838,5838
17043844202,"DuPage, IL (CT)",0,946,946,0,2649,2649
17043844301,"DuPage, IL (CT)",0,3372,3372,0,6284,6284
17043844304,"DuPage, IL (CT)",0,1796,1796,0,3812,3812
17043844305,"DuPage, IL (CT)",0,2169,2169,0,3871,3871
17043844306,"DuPage, IL (CT)",0,2537,2537,0,5350,5350
17043844307,"DuPage, IL (CT)",0,1540,1540,0,3386,3386
17043844401,"DuPage, IL (CT)",0,1453,1453,0,3442,3442
17043844402,"DuPage, IL (CT)",0,2003,2003,0,4711,4711
17043844501,"DuPage, IL (CT)",0,1135,1135,0,2999,2999
17043844502,"DuPage, IL (CT)",0,1756,1756,0,3153,3153
17043844601,"DuPage, IL (CT)",0,2119,2119,0,3764,3764
17043844602,"DuPage, IL (CT)",0,2090,2090,0,4499,4499
17043844701,"DuPage, IL (CT)",0,1706,1706,0,4253,4253
17043844702,"DuPage, IL (CT)",0,2009,2009,0,5609,5609
17043844801,"DuPage, IL (CT)",0,1600,1600,0,4203,4203
17043844802,"DuPage, IL (CT)",0,1497,1497,0,3218,3218
17043844901,"DuPage, IL (CT)",0,1539,1539,0,3253,3253
17043844902,"DuPage, IL (CT)",0,1744,1744,0,4133,4133
17043845000,"DuPage, IL (CT)",0,2209,2209,0,5254,5254
17043845100,"DuPage, IL (CT)",0,2256,2256,0,6345,6345
17043845200,"DuPage, IL (CT)",0,1565,1565,0,4854,4854
17043845300,"DuPage, IL (CT)",0,1078,1078,0,3328,3328
17043845401,"DuPage, IL (CT)",0,1348,1348,0,3179,3179
17043845402,"DuPage, IL (CT)",0,1167,1167,0,2960,2960
17043845502,"DuPage, IL (CT)",0,2876,2876,0,4963,4963
17043845505,"DuPage, IL (CT)",0,1685,1685,0,4507,4507
17043845506,"DuPage, IL (CT)",0,1931,1931,0,3854,3854
17043845507,"DuPage, IL (CT)",0,1346,1346,0,3519,3519
17043845508,"DuPage, IL (CT)",0,1762,1762,0,3508,3508
17043845509,"DuPage, IL (CT)",0,1240,1240,0,3452,3452
17043845510,"DuPage, IL (CT)",0,1591,1591,0,3254,3254
17043845601,"DuPage, IL (CT)",0,1740,1740,0,4434,4434
17043845602,"DuPage, IL (CT)",0,2111,2111,0,4734,4734
17043845701,"DuPage, IL (CT)",0,1580,1580,0,3915,3915
17043845702,"DuPage, IL (CT)",0,1775,1775,0,4791,4791
17043845703,"DuPage, IL (CT)",0,1920,1920,0,4772,4772
17043845704,"DuPage, IL (CT)",0,2080,2080,0,4754,4754
17043845802,"DuPage, IL (CT)",0,1647,1647,0,3668,3668
17043845803,"DuPage, IL (CT)",76,2136,2212,179,5248,5427
17043845805,"DuPage, IL (CT)",0,1649,1649,0,3861,3861
17043845807,"DuPage, IL (CT)",0,2673,2673,0,6197,6197
17043845808,"DuPage, IL (CT)",0,1248,1248,0,3873,3873
17043845809,"DuPage, IL (CT)",0,1468,1468,0,3942,3942
17043845810,"DuPage, IL (CT)",0,1863,1863,0,4161,4161
17043845811,"DuPage, IL (CT)",0,1666,1666,0,3838,3838
17043845901,"DuPage, IL (CT)",0,1223,1223,0,3371,3371
17043845902,"DuPage, IL (CT)",0,1434,1434,0,3411,3411
17043846002,"DuPage, IL (CT)",0,2166,2166,0,4074,4074
17043846003,"DuPage, IL (CT)",0,1899,1899,0,4280,4280
17043846004,"DuPage, IL (CT)",0,1737,1737,0,3415,3415
17043846102,"DuPage, IL (CT)",0,2046,2046,0,4397,4397
17043846103,"DuPage, IL (CT)",0,1969,1969,0,5490,5490
17043846104,"DuPage, IL (CT)",0,1498,1498,0,4452,4452
17043846105,"DuPage, IL (CT)",0,1272,1272,0,3351,3351
17043846106,"DuPage, IL (CT)",0,1605,1605,0,3636,3636
17043846201,"DuPage, IL (CT)",0,2165,2165,0,5853,5853
17043846202,"DuPage, IL (CT)",0,2303,2303,0,5985,5985
17043846203,"DuPage, IL (CT)",0,1501,1501,0,4254,4254
17043846205,"DuPage, IL (CT)",0,1213,1213,0,3653,3653
17043846206,"DuPage, IL (CT)",0,1593,1593,0,4189,4189
17043846207,"DuPage, IL (CT)",0,1911,1911,0,5455,5455
17043846208,"DuPage, IL (CT)",0,1171,1171,0,3287,3287
17043846209,"DuPage, IL (CT)",0,1277,1277,0,3689,3689
17043846304,"DuPage, IL (CT)",0,2141,2141,0,6239,6239
17043846305,"DuPage, IL (CT)",0,2267,2267,0,5802,5802
17043846307,"DuPage, IL (CT)",0,2051,2051,0,4785,4785
17043846308,"DuPage, IL (CT)",0,1457,1457,0,3345,3345
17043846310,"DuPage, IL (CT)",0,1763,1763,0,4539,4539
17043846311,"DuPage, IL (CT)",0,2171,2171,0,5368,5368
17043846312,"DuPage, IL (CT)",0,2849,2849,0,4330,4330
17043846313,"DuPage, IL (CT)",0,2196,2196,0,4869,4869
17043846314,"DuPage, IL (CT)",0,1380,1380,0,3216,3216
17043846315,"DuPage, IL (CT)",0,1573,1573,0,4315,4315
17043846404,"DuPage, IL (CT)",0,2857,2857,0,5931,5931
17043846405,"DuPage, IL (CT)",0,1577,1577,0,3716,3716
17043846408,"DuPage, IL (CT)",0,1367,1367,0,4156,4156
17043846409,"DuPage, IL (CT)",0,1668,1668,0,4517,4517
17043846410,"DuPage, IL (CT)",0,2235,2235,0,4886,4886
17043846411,"DuPage, IL (CT)",0,1920,1920,0,3956,3956
17043846412,"DuPage, IL (CT)",0,1988,1988,0,4725,4725
17043846413,"DuPage, IL (CT)",0,1864,1864,0,3660,3660
17043846504,"DuPage, IL (CT)",0,2565,2565,0,6270,6270
17043846507,"DuPage, IL (CT)",0,1262,1262,0,2823,2823
17043846509,"DuPage, IL (CT)",0,2007,2007,0,4343,4343
17043846510,"DuPage, IL (CT)",0,1327,1327,0,3179,3179
17043846511,"DuPage, IL (CT)",0,2134,2134,0,6485,6485
17043846513,"DuPage, IL (CT)",0,985,985,0,2843,2843
17043846514,"DuPage, IL (CT)",0,1279,1279,0,4139,4139
17043846515,"DuPage, IL (CT)",0,1948,1948,0,5407,5407
17043846517,"DuPage, IL (CT)",0,2333,2333,0,6065,6065
17043846518,"DuPage, IL (CT)",0,1286,1286,0,3932,3932
17043846519,"DuPage, IL (CT)",0,1214,1214,0,3083,3083
17043846521,"DuPage, IL (CT)",0,2148,2148,0,5240,5240
17043846522,"DuPage, IL (CT)",0,1288,1288,0,3343,3343
17043846523,"DuPage, IL (CT)",0,955,955,0,2651,2651
17043846524,"DuPage, IL (CT)",0,1792,1792,0,4669,4669
17043846603,"DuPage, IL (CT)",0,1265,1265,0,4261,4261
17043846604,"DuPage, IL (CT)",0,1354,1354,0,3846,3846
17043846701,"DuPage, IL (CT)",0,1489,1489,0,4163,4163
17043846702,"DuPage, IL (CT)",0,1258,1258,0,4126,4126
17045070100,"Edgar, IL (CT)",1270,0,1270,2701,0,2701
17045070200,"Edgar, IL (CT)",969,0,969,1991,0,1991
17045070300,"Edgar, IL (CT)",179,1890,2069,405,3888,4293
17045070400,"Edgar, IL (CT)",214,2462,2676,476,5065,5541
17045070500,"Edgar, IL (CT)",1819,0,1819,4050,0,4050
17047956900,"Edwards, IL (CT)",1129,0,1129,2409,0,2409
17047957000,"Edwards, IL (CT)",1017,0,1017,2176,0,2176
17047957100,"Edwards, IL (CT)",1041,0,1041,2136,0,2136
17049950100,"Effingham, IL (CT)",794,613,1407,2139,1628,3767
17049950200,"Effingham, IL (CT)",2295,0,2295,4977,0,4977
17049950300,"Effingham, IL (CT)",1710,0,1710,4210,0,4210
17049950400,"Effingham, IL (CT)",1578,0,1578,3867,0,3867
17049950500,"Effingham, IL (CT)",1570,1,1571,4267,5,4272
17049950600,"Effingham, IL (CT)",157,2203,2360,404,4921,5325
17049950700,"Effingham, IL (CT)",42,1585,1627,110,3482,3592
17049950800,"Effingham, IL (CT)",186,1836,2022,468,3764,4232
17051950500,"Fayette, IL (CT)",1224,0,1224,2869,0,2869
17051950600,"Fayette, IL (CT)",1142,0,1142,2542,0,2542
17051950700,"Fayette, IL (CT)",1788,90,1878,4093,228,4321
17051950800,"Fayette, IL (CT)",5,1685,1690,10,5128,5138
17051950900,"Fayette, IL (CT)",53,1007,1060,138,1951,2089
17051951000,"Fayette, IL (CT)",975,1,976,2248,2,2250
17051951100,"Fayette, IL (CT)",1332,0,1332,2931,0,2931
17053961600,"Ford, IL (CT)",918,0,918,1992,0,1992
17053961700,"Ford, IL (CT)",876,86,962,2056,180,2236
17053961800,"Ford, IL (CT)",15,1930,1945,45,4403,4448
17053961900,"Ford, IL (CT)",779,5,784,1740,22,1762
17053962000,"Ford, IL (CT)",20,1653,1673,50,3593,3643
17055040100,"Franklin, IL (CT)",1414,0,1414,3047,0,3047
17055040200,"Franklin, IL (CT)",934,546,1480,2027,1210,3237
17055040300,"Franklin, IL (CT)",178,1185,1363,374,2400,2774
17055040400,"Franklin, IL (CT)",1802,0,1802,3994,0,3994
17055040500,"Franklin, IL (CT)",721,839,1560,1450,1737,3187
17055040600,"Franklin, IL (CT)",74,1269,1343,155,2518,2673
17055040700,"Franklin, IL (CT)",388,1649,2037,903,3523,4426
17055040800,"Franklin, IL (CT)",1285,266,1551,2811,617,3428
17055040900,"Franklin, IL (CT)",61,1210,1271,124,2614,2738
17055041000,"Franklin, IL (CT)",0,1442,1442,0,2744,2744
17055041100,"Franklin, IL (CT)",255,1343,1598,584,2979,3563
17055041200,"Franklin, IL (CT)",1664,0,1664,3750,0,3750
17057952800,"Fulton, IL (CT)",1178,0,1178,2717,0,2717
17057952900,"Fulton, IL (CT)",1371,13,1384,3207,36,3243
17057953000,"Fulton, IL (CT)",1101,0,1101,2348,0,2348
17057953100,"Fulton, IL (CT)",1211,0,1211,2556,0,2556
17057953200,"Fulton, IL (CT)",1289,0,1289,2847,0,2847
17057953300,"Fulton, IL (CT)",19,1610,1629,37,3384,3421
17057953400,"Fulton, IL (CT)",0,1030,1030,0,2042,2042
17057953500,"Fulton, IL (CT)",158,1136,1294,343,4665,5008
17057953600,"Fulton, IL (CT)",0,2219,2219,0,4691,4691
17057953700,"Fulton, IL (CT)",1173,0,1173,2505,0,2505
17057953800,"Fulton, IL (CT)",1324,0,1324,2784,0,2784
17057953900,"Fulton, IL (CT)",1363,0,1363,2907,0,2907
17059972700,"Gallatin, IL (CT)",1231,0,1231,2487,0,2487
17059972800,"Gallatin, IL (CT)",1515,0,1515,3102,0,3102
17061973600,"Greene, IL (CT)",1608,2,1610,3809,3,3812
17061973700,"Greene, IL (CT)",44,891,935,85,1743,1828
17061973800,"Greene, IL (CT)",1019,0,1019,2134,0,2134
17061973900,"Greene, IL (CT)",122,1051,1173,239,2302,2541
17061974000,"Greene, IL (CT)",1652,0,1652,3571,0,3571
17063000102,"Grundy, IL (CT)",215,2278,2493,574,6841,7415
17063000103,"Grundy, IL (CT)",145,2006,2151,315,5806,6121
17063000200,"Grundy, IL (CT)",568,2143,2711,1484,5164,6648
17063000300,"Grundy, IL (CT)",0,1428,1428,0,3338,3338
17063000400,"Grundy, IL (CT)",19,2527,2546,39,5434,5473
17063000500,"Grundy, IL (CT)",590,531,1121,1468,1410,2878
17063000600,"Grundy, IL (CT)",1185,0,1185,2917,0,2917
17063000700,"Grundy, IL (CT)",774,1902,2676,1636,4420,6056
17063000800,"Grundy, IL (CT)",184,1866,2050,465,4869,5334
17063000900,"Grundy, IL (CT)",1398,237,1635,3305,578,3883
17065973100,"Hamilton, IL (CT)",249,1367,1616,510,2698,3208
17065973200,"Hamilton, IL (CT)",1214,0,1214,2465,0,2465
17065973300,"Hamilton, IL (CT)",1274,0,1274,2784,0,2784
17067953700,"Hancock, IL (CT)",1100,0,1100,2268,0,2268
17067953800,"Hancock, IL (CT)",56,1296,1352,146,2574,2720
17067953900,"Hancock, IL (CT)",1003,0,1003,1993,0,1993
17067954000,"Hancock, IL (CT)",1348,24,1372,2490,54,2544
17067954100,"Hancock, IL (CT)",203,1288,1491,489,2909,3398
17067954200,"Hancock, IL (CT)",1182,0,1182,2460,0,2460
17067954300,"Hancock, IL (CT)",1772,2,1774,3713,8,3721
17069970900,"Hardin, IL (CT)",1242,0,1242,2330,0,2330
17069971000,"Hardin, IL (CT)",1246,0,1246,1990,0,1990
17071973300,"Henderson, IL (CT)",1339,0,1339,2483,0,2483
17071973400,"Henderson, IL (CT)",1120,11,1131,1875,25,1900
17071973500,"Henderson, IL (CT)",1357,0,1357,2948,0,2948
17073030100,"Henry, IL (CT)",264,2170,2434,609,5320,5929
17073030201,"Henry, IL (CT)",1693,112,1805,4190,306,4496
17073030202,"Henry, IL (CT)",1693,0,1693,3987,0,3987
17073030203,"Henry, IL (CT)",1638,38,1676,4221,90,4311
17073030300,"Henry, IL (CT)",269,3021,3290,615,6531,7146
17073030400,"Henry, IL (CT)",1169,0,1169,2592,0,2592
17073030500,"Henry, IL (CT)",1055,0,1055,2405,0,2405
17073030600,"Henry, IL (CT)",223,1133,1356,469,2410,2879
17073030800,"Henry, IL (CT)",39,1490,1529,90,3623,3713
17073030900,"Henry, IL (CT)",0,1710,1710,0,3678,3678
17073031000,"Henry, IL (CT)",218,1525,1743,463,3146,3609
17073031100,"Henry, IL (CT)",1344,0,1344,2727,0,2727
17073031200,"Henry, IL (CT)",1357,0,1357,3014,0,3014
17075950100,"Iroquois, IL (CT)",1293,0,1293,2940,0,2940
17075950200,"Iroquois, IL (CT)",1598,0,1598,3926,0,3926
17075950300,"Iroquois, IL (CT)",1550,0,1550,3443,0,3443
17075950400,"Iroquois, IL (CT)",52,1790,1842,107,3665,3772
17075950500,"Iroquois, IL (CT)",1257,620,1877,2754,1390,4144
17075950600,"Iroquois, IL (CT)",255,1220,1475,568,3010,3578
17075950700,"Iroquois, IL (CT)",1316,156,1472,2621,333,2954
17075950800,"Iroquois, IL (CT)",1147,0,1147,2521,0,2521
17075950900,"Iroquois, IL (CT)",1198,0,1198,2440,0,2440
17077010100,"Jackson, IL (CT)",1496,0,1496,3539,0,3539
17077010200,"Jackson, IL (CT)",1860,0,1860,4162,0,4162
17077010300,"Jackson, IL (CT)",1430,0,1430,3115,0,3115
17077010400,"Jackson, IL (CT)",866,1201,2067,1961,2666,4627
17077010600,"Jackson, IL (CT)",950,1852,2802,2137,3637,5774
17077010700,"Jackson, IL (CT)",143,1624,1767,289,3111,3400
17077010800,"Jackson, IL (CT)",178,1833,2011,282,3628,3910
17077010900,"Jackson, IL (CT)",473,584,1057,1062,1302,2364
17077011000,"Jackson, IL (CT)",316,2817,3133,706,5415,6121
17077011100,"Jackson, IL (CT)",0,1948,1948,0,3177,3177
17077011200,"Jackson, IL (CT)",73,3049,3122,126,5130,5256
17077011400,"Jackson, IL (CT)",0,1881,1881,0,3840,3840
17077011600,"Jackson, IL (CT)",1787,0,1787,3912,0,3912
17077011700,"Jackson, IL (CT)",535,1682,2217,1090,5931,7021
17079977300,"Jasper, IL (CT)",1236,6,1242,2782,17,2799
17079977400,"Jasper, IL (CT)",0,1401,1401,0,2896,2896
17079977500,"Jasper, IL (CT)",1698,4,1702,3993,10,4003
17081050100,"Jefferson, IL (CT)",1844,0,1844,4181,0,4181
17081050200,"Jefferson, IL (CT)",1301,0,1301,3120,0,3120
17081050300,"Jefferson, IL (CT)",1904,0,1904,4389,0,4389
17081050400,"Jefferson, IL (CT)",1540,0,1540,5509,0,5509
17081050500,"Jefferson, IL (CT)",425,1486,1911,971,2732,3703
17081050600,"Jefferson, IL (CT)",135,1254,1389,313,2709,3022
17081050700,"Jefferson, IL (CT)",405,1446,1851,959,2939,3898
17081050800,"Jefferson, IL (CT)",1260,608,1868,2869,1362,4231
17081050900,"Jefferson, IL (CT)",0,1245,1245,0,2624,2624
17081051000,"Jefferson, IL (CT)",0,768,768,0,1446,1446
17081051100,"Jefferson, IL (CT)",247,1086,1333,508,2196,2704
17083010100,"Jersey, IL (CT)",673,1485,2158,1700,3450,5150
17083010200,"Jersey, IL (CT)",1338,30,1368,3420,74,3494
17083010300,"Jersey, IL (CT)",1695,0,1695,4173,0,4173
17083010401,"Jersey, IL (CT)",338,2462,2800,824,5539,6363
17083010402,"Jersey, IL (CT)",919,0,919,2172,0,2172
17083010500,"Jersey, IL (CT)",908,0,908,1633,0,1633
17085020100,"Jo Daviess, IL (CT)",2761,0,2761,4419,0,4419
17085020200,"Jo Daviess, IL (CT)",834,1364,2198,2068,3051,5119
17085020300,"Jo Daviess, IL (CT)",886,1814,2700,1779,3165,4944
17085020401,"Jo Daviess, IL (CT)",2523,0,2523,1850,0,1850
17085020402,"Jo Daviess, IL (CT)",1840,0,1840,3102,0,3102
17085020500,"Jo Daviess, IL (CT)",1552,0,1552,3244,0,3244
17087977600,"Johnson, IL (CT)",2503,0,2503,4447,0,4447
17087977700,"Johnson, IL (CT)",1335,0,1335,2979,0,2979
17087977800,"Johnson, IL (CT)",1739,0,1739,3618,0,3618
17087980000,"Johnson, IL (CT)",21,0,21,1538,0,1538
17089850101,"Kane, IL (CT)",0,2306,2306,0,6768,6768
17089850103,"Kane, IL (CT)",3,1972,1975,6,5536,5542
17089850105,"Kane, IL (CT)",14,2279,2293,39,6865,6904
17089850106,"Kane, IL (CT)",0,2640,2640,0,7835,7835
17089850201,"Kane, IL (CT)",0,1123,1123,0,4101,4101
17089850202,"Kane, IL (CT)",0,1746,1746,0,6977,6977
17089850301,"Kane, IL (CT)",0,2140,2140,0,7902,7902
17089850302,"Kane, IL (CT)",0,1857,1857,0,4969,4969
17089850400,"Kane, IL (CT)",0,1061,1061,0,2305,2305
17089850500,"Kane, IL (CT)",0,1644,1644,0,3603,3603
17089850600,"Kane, IL (CT)",0,2850,2850,0,7261,7261
17089850701,"Kane, IL (CT)",1502,4896,6398,4125,14460,18585
17089850702,"Kane, IL (CT)",816,5754,6570,2270,11329,13599
17089850703,"Kane, IL (CT)",878,0,878,2278,0,2278
17089850800,"Kane, IL (CT)",0,2248,2248,0,7184,7184
17089851000,"Kane, IL (CT)",0,2774,2774,0,6360,6360
17089851101,"Kane, IL (CT)",0,1574,1574,0,4465,4465
17089851102,"Kane, IL (CT)",0,1292,1292,0,3767,3767
17089851301,"Kane, IL (CT)",0,1323,1323,0,3960,3960
17089851302,"Kane, IL (CT)",0,951,951,0,3486,3486
17089851400,"Kane, IL (CT)",0,1940,1940,0,7134,7134
17089851500,"Kane, IL (CT)",0,423,423,0,1254,1254
17089851600,"Kane, IL (CT)",0,2384,2384,0,6771,6771
17089851801,"Kane, IL (CT)",0,2674,2674,0,7526,7526
17089851904,"Kane, IL (CT)",24,2564,2588,38,7385,7423
17089851905,"Kane, IL (CT)",30,4384,4414,67,11609,11676
17089851907,"Kane, IL (CT)",0,2559,2559,0,7345,7345
17089851908,"Kane, IL (CT)",0,1880,1880,0,5140,5140
17089851909,"Kane, IL (CT)",0,1672,1672,0,4153,4153
17089851910,"Kane, IL (CT)",0,1568,1568,0,3922,3922
17089852001,"Kane, IL (CT)",1,1706,1707,1,4277,4278
17089852002,"Kane, IL (CT)",0,2727,2727,0,6956,6956
17089852003,"Kane, IL (CT)",0,3200,3200,0,7926,7926
17089852101,"Kane, IL (CT)",0,2122,2122,0,7021,7021
17089852102,"Kane, IL (CT)",0,2995,2995,0,8917,8917
17089852201,"Kane, IL (CT)",0,2013,2013,0,4722,4722
17089852202,"Kane, IL (CT)",1,3210,3211,1,9032,9033
17089852300,"Kane, IL (CT)",0,1069,1069,0,2002,2002
17089852401,"Kane, IL (CT)",150,2678,2828,467,7938,8405
17089852402,"Kane, IL (CT)",322,2394,2716,871,7599,8470
17089852403,"Kane, IL (CT)",2038,70,2108,5172,186,5358
17089852500,"Kane, IL (CT)",0,2565,2565,0,6614,6614
17089852601,"Kane, IL (CT)",0,3201,3201,0,7386,7386
17089852606,"Kane, IL (CT)",0,1801,1801,0,4792,4792
17089852700,"Kane, IL (CT)",0,3188,3188,0,7204,7204
17089852803,"Kane, IL (CT)",0,1941,1941,0,5005,5005
17089852805,"Kane, IL (CT)",0,1935,1935,0,5756,5756
17089852806,"Kane, IL (CT)",2,2169,2171,3,6774,6777
17089852807,"Kane, IL (CT)",20,989,1009,51,2971,3022
17089852808,"Kane, IL (CT)",0,2648,2648,0,7457,7457
17089852903,"Kane, IL (CT)",0,2681,2681,0,5525,5525
17089852904,"Kane, IL (CT)",0,642,642,0,2483,2483
17089852905,"Kane, IL (CT)",0,1423,1423,0,4483,4483
17089852906,"Kane, IL (CT)",0,2111,2111,0,5324,5324
17089852907,"Kane, IL (CT)",0,2211,2211,0,6411,6411
17089853001,"Kane, IL (CT)",0,1103,1103,0,3401,3401
17089853004,"Kane, IL (CT)",0,1364,1364,0,2990,2990
17089853005,"Kane, IL (CT)",0,2208,2208,0,5370,5370
17089853006,"Kane, IL (CT)",0,1219,1219,0,3226,3226
17089853007,"Kane, IL (CT)",0,1895,1895,0,5440,5440
17089853008,"Kane, IL (CT)",0,1416,1416,0,4400,4400
17089853100,"Kane, IL (CT)",0,968,968,0,3008,3008
17089853200,"Kane, IL (CT)",0,2142,2142,0,6179,6179
17089853300,"Kane, IL (CT)",0,1515,1515,0,5189,5189
17089853400,"Kane, IL (CT)",0,2514,2514,0,9809,9809
17089853500,"Kane, IL (CT)",0,1831,1831,0,7049,7049
17089853600,"Kane, IL (CT)",0,2577,2577,0,8837,8837
17089853900,"Kane, IL (CT)",0,2138,2138,0,5854,5854
17089854001,"Kane, IL (CT)",0,1568,1568,0,4210,4210
17089854002,"Kane, IL (CT)",0,2393,2393,0,5932,5932
17089854100,"Kane, IL (CT)",0,1545,1545,0,4989,4989
17089854200,"Kane, IL (CT)",0,1714,1714,0,6094,6094
17089854301,"Kane, IL (CT)",0,2104,2104,0,7714,7714
17089854302,"Kane, IL (CT)",0,1657,1657,0,5580,5580
17089854400,"Kane, IL (CT)",0,5189,5189,0,14168,14168
17089854501,"Kane, IL (CT)",700,4319,5019,1863,13323,15186
17089854503,"Kane, IL (CT)",342,3732,4074,845,10984,11829
17089854504,"Kane, IL (CT)",94,2764,2858,238,7455,7693
17089854600,"Kane, IL (CT)",0,1416,1416,0,3748,3748
17089854700,"Kane, IL (CT)",0,999,999,0,2484,2484
17089854800,"Kane, IL (CT)",0,2643,2643,0,7760,7760
17089854900,"Kane, IL (CT)",0,2010,2010,0,5608,5608
17091010100,"Kankakee, IL (CT)",1025,0,1025,2589,0,2589
17091010201,"Kankakee, IL (CT)",385,338,723,1027,876,1903
17091010202,"Kankakee, IL (CT)",180,3924,4104,481,9620,10101
17091010300,"Kankakee, IL (CT)",1623,0,1623,3854,0,3854
17091010400,"Kankakee, IL (CT)",1119,788,1907,2873,2109,4982
17091010500,"Kankakee, IL (CT)",299,2383,2682,835,6307,7142
17091010601,"Kankakee, IL (CT)",192,1679,1871,503,4903,5406
17091010602,"Kankakee, IL (CT)",3,2356,2359,8,5814,5822
17091010701,"Kankakee, IL (CT)",143,1619,1762,331,4215,4546
17091010702,"Kankakee, IL (CT)",81,2844,2925,201,7089,7290
17091010800,"Kankakee, IL (CT)",877,759,1636,1915,1907,3822
17091010900,"Kankakee, IL (CT)",1181,779,1960,2669,1870,4539
17091011000,"Kankakee, IL (CT)",1064,0,1064,2146,0,2146
17091011100,"Kankakee, IL (CT)",885,0,885,2063,0,2063
17091011200,"Kankakee, IL (CT)",597,237,834,1341,560,1901
17091011300,"Kankakee, IL (CT)",166,802,968,364,1851,2215
17091011400,"Kankakee, IL (CT)",169,646,815,354,1523,1877
17091011500,"Kankakee, IL (CT)",0,981,981,0,2423,2423
17091011600,"Kankakee, IL (CT)",0,832,832,0,1929,1929
17091011700,"Kankakee, IL (CT)",0,1513,1513,0,3417,3417
17091011800,"Kankakee, IL (CT)",0,1178,1178,0,2627,2627
17091011900,"Kankakee, IL (CT)",0,635,635,0,1535,1535
17091012000,"Kankakee, IL (CT)",0,1581,1581,0,5331,5331
17091012100,"Kankakee, IL (CT)",0,1552,1552,0,3461,3461
17091012200,"Kankakee, IL (CT)",0,1418,1418,0,3362,3362
17091012300,"Kankakee, IL (CT)",0,1996,1996,0,5208,5208
17091012400,"Kankakee, IL (CT)",0,1853,1853,0,4966,4966
17091012500,"Kankakee, IL (CT)",120,579,699,243,1947,2190
17091012600,"Kankakee, IL (CT)",1641,224,1865,3949,853,4802
17093890101,"Kendall, IL (CT)",293,6168,6461,811,17240,18051
17093890102,"Kendall, IL (CT)",467,3919,4386,1342,11739,13081
17093890201,"Kendall, IL (CT)",0,1594,1594,0,4389,4389
17093890202,"Kendall, IL (CT)",0,1018,1018,0,2892,2892
17093890301,"Kendall, IL (CT)",0,2207,2207,0,6271,6271
17093890302,"Kendall, IL (CT)",0,2211,2211,0,6075,6075
17093890400,"Kendall, IL (CT)",266,8963,9229,664,25566,26230
17093890500,"Kendall, IL (CT)",701,4022,4723,1813,11263,13076
17093890600,"Kendall, IL (CT)",976,2518,3494,2601,6813,9414
17093890700,"Kendall, IL (CT)",1794,3204,4998,4724,10533,15257
17095000100,"Knox, IL (CT)",1469,0,1469,3138,0,3138
17095000200,"Knox, IL (CT)",1750,0,1750,2926,0,2926
17095000300,"Knox, IL (CT)",24,2120,2144,63,4353,4416
17095000400,"Knox, IL (CT)",172,2180,2352,368,4330,4698
17095000500,"Knox, IL (CT)",168,1706,1874,328,5364,5692
17095000600,"Knox, IL (CT)",0,1746,1746,0,3751,3751
17095000700,"Knox, IL (CT)",0,995,995,0,2163,2163
17095000800,"Knox, IL (CT)",0,1188,1188,0,2784,2784
17095000900,"Knox, IL (CT)",4,1092,1096,9,2370,2379
17095001000,"Knox, IL (CT)",0,1773,1773,0,4066,4066
17095001100,"Knox, IL (CT)",0,1153,1153,0,2424,2424
17095001200,"Knox, IL (CT)",225,559,784,541,1083,1624
17095001300,"Knox, IL (CT)",179,1418,1597,435,3313,3748
17095001400,"Knox, IL (CT)",846,0,846,1779,0,1779
17095001500,"Knox, IL (CT)",290,1483,1773,604,3389,3993
17095001600,"Knox, IL (CT)",1236,301,1537,2679,659,3338
17097860101,"Lake, IL (CT)",64,3009,3073,173,8319,8492
17097860103,"Lake, IL (CT)",0,1363,1363,0,3517,3517
17097860104,"Lake, IL (CT)",0,1456,1456,0,3419,3419
17097860200,"Lake, IL (CT)",0,1373,1373,0,3467,3467
17097860301,"Lake, IL (CT)",0,1189,1189,0,3647,3647
17097860302,"Lake, IL (CT)",0,1085,1085,0,3016,3016
17097860400,"Lake, IL (CT)",0,2313,2313,0,6137,6137
17097860500,"Lake, IL (CT)",0,1810,1810,0,4678,4678
17097860600,"Lake, IL (CT)",1,2717,2718,2,6975,6977
17097860805,"Lake, IL (CT)",186,727,913,360,1333,1693
17097860806,"Lake, IL (CT)",0,2099,2099,0,5296,5296
17097860807,"Lake, IL (CT)",12,2058,2070,32,3442,3474
17097860808,"Lake, IL (CT)",354,1354,1708,525,2194,2719
17097860809,"Lake, IL (CT)",21,1282,1303,60,2966,3026
17097860810,"Lake, IL (CT)",104,2536,2640,249,6982,7231
17097860811,"Lake, IL (CT)",44,1694,1738,106,4063,4169
17097860903,"Lake, IL (CT)",0,3101,3101,0,6191,6191
17097860904,"Lake, IL (CT)",101,2769,2870,245,5416,5661
17097860905,"Lake, IL (CT)",0,2248,2248,0,5734,5734
17097860906,"Lake, IL (CT)",55,3278,3333,131,8806,8937
17097861007,"Lake, IL (CT)",28,1386,1414,69,4301,4370
17097861008,"Lake, IL (CT)",0,1993,1993,0,5181,5181
17097861009,"Lake, IL (CT)",0,1854,1854,0,5154,5154
17097861010,"Lake, IL (CT)",98,1851,1949,280,5415,5695
17097861011,"Lake, IL (CT)",0,2529,2529,0,8087,8087
17097861012,"Lake, IL (CT)",355,1842,2197,771,4305,5076
17097861013,"Lake, IL (CT)",0,1327,1327,0,3106,3106
17097861014,"Lake, IL (CT)",0,1303,1303,0,3749,3749
17097861105,"Lake, IL (CT)",0,1699,1699,0,4068,4068
17097861106,"Lake, IL (CT)",0,3076,3076,0,8288,8288
17097861107,"Lake, IL (CT)",0,1376,1376,0,4236,4236
17097861108,"Lake, IL (CT)",0,2229,2229,0,6075,6075
17097861201,"Lake, IL (CT)",0,2094,2094,0,7131,7131
17097861202,"Lake, IL (CT)",0,1416,1416,0,4069,4069
17097861301,"Lake, IL (CT)",0,2059,2059,0,5181,5181
17097861303,"Lake, IL (CT)",0,1369,1369,0,4972,4972
17097861304,"Lake, IL (CT)",0,962,962,0,3482,3482
17097861402,"Lake, IL (CT)",49,3196,3245,137,8542,8679
17097861403,"Lake, IL (CT)",0,851,851,0,2746,2746
17097861404,"Lake, IL (CT)",0,2004,2004,0,6076,6076
17097861504,"Lake, IL (CT)",0,2938,2938,0,8154,8154
17097861505,"Lake, IL (CT)",0,1249,1249,0,3806,3806
17097861506,"Lake, IL (CT)",0,2361,2361,0,5381,5381
17097861507,"Lake, IL (CT)",0,1073,1073,0,3115,3115
17097861508,"Lake, IL (CT)",0,1650,1650,0,3604,3604
17097861509,"Lake, IL (CT)",0,1442,1442,0,3340,3340
17097861510,"Lake, IL (CT)",0,1881,1881,0,4901,4901
17097861603,"Lake, IL (CT)",0,2519,2519,0,5899,5899
17097861604,"Lake, IL (CT)",104,1915,2019,247,5498,5745
17097861607,"Lake, IL (CT)",0,1942,1942,0,4442,4442
17097861608,"Lake, IL (CT)",0,1365,1365,0,3454,3454
17097861609,"Lake, IL (CT)",0,1723,1723,0,4844,4844
17097861610,"Lake, IL (CT)",0,1275,1275,0,3513,3513
17097861611,"Lake, IL (CT)",0,1432,1432,0,4655,4655
17097861701,"Lake, IL (CT)",13,663,676,32,1722,1754
17097861702,"Lake, IL (CT)",0,1536,1536,0,4148,4148
17097861803,"Lake, IL (CT)",0,2489,2489,0,6903,6903
17097861804,"Lake, IL (CT)",0,1228,1228,0,3680,3680
17097861901,"Lake, IL (CT)",0,1260,1260,0,3788,3788
17097861902,"Lake, IL (CT)",0,2732,2732,0,6428,6428
17097862000,"Lake, IL (CT)",0,1836,1836,0,5844,5844
17097862100,"Lake, IL (CT)",0,1823,1823,0,5159,5159
17097862200,"Lake, IL (CT)",0,1434,1434,0,4103,4103
17097862300,"Lake, IL (CT)",0,1121,1121,0,3033,3033
17097862401,"Lake, IL (CT)",0,1408,1408,0,3766,3766
17097862402,"Lake, IL (CT)",0,967,967,0,3341,3341
17097862501,"Lake, IL (CT)",0,1099,1099,0,3992,3992
17097862502,"Lake, IL (CT)",0,557,557,0,2532,2532
17097862603,"Lake, IL (CT)",0,2425,2425,0,6809,6809
17097862604,"Lake, IL (CT)",0,1437,1437,0,4938,4938
17097862605,"Lake, IL (CT)",0,1746,1746,0,4367,4367
17097862700,"Lake, IL (CT)",0,1192,1192,0,4323,4323
17097862800,"Lake, IL (CT)",0,674,674,0,1922,1922
17097862901,"Lake, IL (CT)",0,1238,1238,0,3766,3766
17097862902,"Lake, IL (CT)",0,1034,1034,0,2741,2741
17097863003,"Lake, IL (CT)",0,40,40,0,7829,7829
17097863004,"Lake, IL (CT)",0,1817,1817,0,4578,4578
17097863005,"Lake, IL (CT)",0,1,1,0,4407,4407
17097863006,"Lake, IL (CT)",0,0,0,0,0,0
17097863100,"Lake, IL (CT)",0,950,950,0,2476,2476
17097863201,"Lake, IL (CT)",0,1061,1061,0,3443,3443
17097863202,"Lake, IL (CT)",0,2083,2083,0,5093,5093
17097863300,"Lake, IL (CT)",0,1030,1030,0,2736,2736
17097863400,"Lake, IL (CT)",0,1361,1361,0,4257,4257
17097863500,"Lake, IL (CT)",0,2093,2093,0,4243,4243
17097863601,"Lake, IL (CT)",0,1184,1184,0,3555,3555
17097863603,"Lake, IL (CT)",0,1233,1233,0,3656,3656
17097863604,"Lake, IL (CT)",0,1117,1117,0,2916,2916
17097863701,"Lake, IL (CT)",0,1905,1905,0,4500,4500
17097863702,"Lake, IL (CT)",0,1679,1679,0,3742,3742
17097863801,"Lake, IL (CT)",0,2055,2055,0,4690,4690
17097863902,"Lake, IL (CT)",0,2870,2870,0,5533,5533
17097863903,"Lake, IL (CT)",0,1726,1726,0,4388,4388
17097863904,"Lake, IL (CT)",0,1936,1936,0,6011,6011
17097864001,"Lake, IL (CT)",0,2190,2190,0,6360,6360
17097864002,"Lake, IL (CT)",0,1971,1971,0,6283,6283
17097864101,"Lake, IL (CT)",652,3856,4508,1674,9768,11442
17097864105,"Lake, IL (CT)",48,2242,2290,49,5959,6008
17097864106,"Lake, IL (CT)",0,1502,1502,0,4087,4087
17097864107,"Lake, IL (CT)",0,1673,1673,0,4901,4901
17097864108,"Lake, IL (CT)",0,1953,1953,0,5740,5740
17097864203,"Lake, IL (CT)",75,1570,1645,191,4145,4336
17097864204,"Lake, IL (CT)",137,1634,1771,307,4488,4795
17097864205,"Lake, IL (CT)",136,3564,3700,380,8695,9075
17097864206,"Lake, IL (CT)",0,1535,1535,0,3524,3524
17097864303,"Lake, IL (CT)",60,1528,1588,182,4340,4522
17097864305,"Lake, IL (CT)",0,1991,1991,0,3851,3851
17097864306,"Lake, IL (CT)",0,817,817,0,2269,2269
17097864307,"Lake, IL (CT)",264,550,814,615,1246,1861
17097864308,"Lake, IL (CT)",0,1834,1834,0,4323,4323
17097864402,"Lake, IL (CT)",0,2562,2562,0,7277,7277
17097864403,"Lake, IL (CT)",0,1729,1729,0,5206,5206
17097864407,"Lake, IL (CT)",0,1874,1874,0,5669,5669
17097864408,"Lake, IL (CT)",0,2263,2263,0,5743,5743
17097864409,"Lake, IL (CT)",0,1629,1629,0,4631,4631
17097864410,"Lake, IL (CT)",0,1669,1669,0,5219,5219
17097864411,"Lake, IL (CT)",0,1629,1629,0,4912,4912
17097864412,"Lake, IL (CT)",0,1386,1386,0,4156,4156
17097864505,"Lake, IL (CT)",0,2885,2885,0,6493,6493
17097864510,"Lake, IL (CT)",0,1893,1893,0,4160,4160
17097864511,"Lake, IL (CT)",0,2348,2348,0,6564,6564
17097864512,"Lake, IL (CT)",0,1569,1569,0,4576,4576
17097864513,"Lake, IL (CT)",0,1720,1720,0,5188,5188
17097864514,"Lake, IL (CT)",0,966,966,0,2474,2474
17097864515,"Lake, IL (CT)",0,1004,1004,0,2874,2874
17097864516,"Lake, IL (CT)",0,1775,1775,0,4581,4581
17097864517,"Lake, IL (CT)",0,1110,1110,0,2932,2932
17097864518,"Lake, IL (CT)",0,1986,1986,0,5514,5514
17097864519,"Lake, IL (CT)",0,2001,2001,0,4869,4869
17097864520,"Lake, IL (CT)",0,1855,1855,0,5268,5268
17097864521,"Lake, IL (CT)",0,1596,1596,0,2511,2511
17097864522,"Lake, IL (CT)",0,1738,1738,0,4705,4705
17097864601,"Lake, IL (CT)",0,1354,1354,0,3733,3733
17097864602,"Lake, IL (CT)",0,1385,1385,0,3955,3955
17097864700,"Lake, IL (CT)",0,1142,1142,0,2976,2976
17097864801,"Lake, IL (CT)",0,1752,1752,0,5536,5536
17097864802,"Lake, IL (CT)",0,925,925,0,2661,2661
17097864901,"Lake, IL (CT)",0,1566,1566,0,4294,4294
17097864903,"Lake, IL (CT)",0,1782,1782,0,4829,4829
17097864904,"Lake, IL (CT)",0,1199,1199,0,2404,2404
17097865000,"Lake, IL (CT)",0,494,494,0,1363,1363
17097865200,"Lake, IL (CT)",0,2034,2034,0,5715,5715
17097865300,"Lake, IL (CT)",0,1218,1218,0,3297,3297
17097865400,"Lake, IL (CT)",0,2078,2078,0,4232,4232
17097865501,"Lake, IL (CT)",0,922,922,0,2367,2367
17097865502,"Lake, IL (CT)",0,1023,1023,0,2420,2420
17097865600,"Lake, IL (CT)",0,1368,1368,0,3525,3525
17097865700,"Lake, IL (CT)",0,2396,2396,0,5781,5781
17097865801,"Lake, IL (CT)",0,1351,1351,0,3084,3084
17097865802,"Lake, IL (CT)",0,1087,1087,0,3034,3034
17097866000,"Lake, IL (CT)",678,1811,2489,1560,5225,6785
17097866100,"Lake, IL (CT)",0,1109,1109,0,3556,3556
17097866200,"Lake, IL (CT)",219,2177,2396,538,5333,5871
17097990000,"Lake, IL (CT)",0,0,0,0,0,0
17099961701,"LaSalle, IL (CT)",444,2309,2753,924,5431,6355
17099961702,"LaSalle, IL (CT)",1265,0,1265,3200,0,3200
17099961800,"LaSalle, IL (CT)",1726,0,1726,4006,0,4006
17099961900,"LaSalle, IL (CT)",295,1615,1910,714,3641,4355
17099962000,"LaSalle, IL (CT)",100,1351,1451,241,3554,3795
17099962100,"LaSalle, IL (CT)",755,1395,2150,1811,3296,5107
17099962200,"LaSalle, IL (CT)",993,1199,2192,2418,2689,5107
17099962300,"LaSalle, IL (CT)",1959,416,2375,6065,872,6937
17099962400,"LaSalle, IL (CT)",926,883,1809,2241,1742,3983
17099962500,"LaSalle, IL (CT)",291,721,1012,765,1650,2415
17099962600,"LaSalle, IL (CT)",84,2372,2456,170,5474,5644
17099962700,"LaSalle, IL (CT)",0,1201,1201,0,2245,2245
17099962800,"LaSalle, IL (CT)",0,1649,1649,0,3482,3482
17099962900,"LaSalle, IL (CT)",0,1458,1458,0,3050,3050
17099963000,"LaSalle, IL (CT)",0,2305,2305,0,5175,5175
17099963100,"LaSalle, IL (CT)",15,1456,1471,35,3187,3222
17099963200,"LaSalle, IL (CT)",286,1268,1554,606,2571,3177
17099963300,"LaSalle, IL (CT)",0,1278,1278,0,2384,2384
17099963400,"LaSalle, IL (CT)",79,1802,1881,206,3793,3999
17099963500,"LaSalle, IL (CT)",303,1829,2132,723,4062,4785
17099963600,"LaSalle, IL (CT)",0,1440,1440,0,3401,3401
17099963700,"LaSalle, IL (CT)",1570,840,2410,3782,1912,5694
17099963800,"LaSalle, IL (CT)",46,2007,2053,102,4374,4476
17099963900,"LaSalle, IL (CT)",132,2277,2409,306,4980,5286
17099964000,"LaSalle, IL (CT)",1004,51,1055,2347,128,2475
17099964100,"LaSalle, IL (CT)",1651,191,1842,3760,342,4102
17099964200,"LaSalle, IL (CT)",0,1281,1281,0,2705,2705
17099964300,"LaSalle, IL (CT)",0,1460,1460,0,3362,3362
17101880700,"Lawrence, IL (CT)",1415,74,1489,2960,159,3119
17101880800,"Lawrence, IL (CT)",1580,0,1580,5769,0,5769
17101880900,"Lawrence, IL (CT)",272,964,1236,728,2106,2834
17101881000,"Lawrence, IL (CT)",0,1072,1072,0,2013,2013
17101881100,"Lawrence, IL (CT)",149,1410,1559,309,2789,3098
17103000100,"Lee, IL (CT)",1228,0,1228,2967,0,2967
17103000200,"Lee, IL (CT)",1401,19,1420,3432,51,3483
17103000300,"Lee, IL (CT)",72,1857,1929,146,4009,4155
17103000400,"Lee, IL (CT)",172,2320,2492,432,7157,7589
17103000500,"Lee, IL (CT)",1202,935,2137,2878,2114,4992
17103000600,"Lee, IL (CT)",0,1657,1657,0,3519,3519
17103000700,"Lee, IL (CT)",931,4,935,1994,8,2002
17103000800,"Lee, IL (CT)",1673,0,1673,3767,0,3767
17103000900,"Lee, IL (CT)",1578,0,1578,3557,0,3557
17105960100,"Livingston, IL (CT)",0,1857,1857,0,4245,4245
17105960200,"Livingston, IL (CT)",1580,3,1583,3582,1108,4690
17105960300,"Livingston, IL (CT)",692,791,1483,1566,1597,3163
17105960400,"Livingston, IL (CT)",1485,0,1485,3430,0,3430
17105960500,"Livingston, IL (CT)",113,1306,1419,267,2660,2927
17105960600,"Livingston, IL (CT)",12,1944,1956,41,4477,4518
17105960700,"Livingston, IL (CT)",131,1546,1677,287,5013,5300
17105960800,"Livingston, IL (CT)",685,1699,2384,1813,3918,5731
17105960900,"Livingston, IL (CT)",1019,0,1019,2499,0,2499
17105961000,"Livingston, IL (CT)",1018,14,1032,2408,39,2447
17107952900,"Logan, IL (CT)",1424,88,1512,3268,491,3759
17107953000,"Logan, IL (CT)",1112,0,1112,2593,0,2593
17107953100,"Logan, IL (CT)",29,1520,1549,60,3702,3762
17107953200,"Logan, IL (CT)",51,1724,1775,110,3882,3992
17107953300,"Logan, IL (CT)",56,1714,1770,100,3420,3520
17107953400,"Logan, IL (CT)",35,1655,1690,92,3684,3776
17107953500,"Logan, IL (CT)",1198,6,1204,2530,3045,5575
17107953600,"Logan, IL (CT)",1495,0,1495,3328,0,3328
17109010100,"McDonough, IL (CT)",353,1375,1728,737,3045,3782
17109010200,"McDonough, IL (CT)",975,0,975,1960,0,1960
17109010300,"McDonough, IL (CT)",505,389,894,1134,858,1992
17109010400,"McDonough, IL (CT)",0,3212,3212,0,7319,7319
17109010500,"McDonough, IL (CT)",0,192,192,0,2734,2734
17109010600,"McDonough, IL (CT)",57,1113,1170,107,2236,2343
17109010700,"McDonough, IL (CT)",26,2221,2247,44,4266,4310
17109010900,"McDonough, IL (CT)",54,1368,1422,110,2503,2613
17109011000,"McDonough, IL (CT)",1151,10,1161,2458,29,2487
17109011100,"McDonough, IL (CT)",1418,0,1418,3072,0,3072
17111870101,"McHenry, IL (CT)",1622,1442,3064,4001,3276,7277
17111870102,"McHenry, IL (CT)",215,2131,2346,548,6217,6765
17111870200,"McHenry, IL (CT)",1858,587,2445,4494,1783,6277
17111870301,"McHenry, IL (CT)",337,1368,1705,849,3808,4657
17111870302,"McHenry, IL (CT)",58,1563,1621,121,4356,4477
17111870401,"McHenry, IL (CT)",892,2089,2981,2241,5733,7974
17111870402,"McHenry, IL (CT)",0,2059,2059,0,6016,6016
17111870500,"McHenry, IL (CT)",452,3285,3737,1227,8047,9274
17111870603,"McHenry, IL (CT)",0,1757,1757,0,4630,4630
17111870604,"McHenry, IL (CT)",80,2423,2503,184,5827,6011
17111870605,"McHenry, IL (CT)",0,2560,2560,0,6419,6419
17111870606,"McHenry, IL (CT)",0,1850,1850,0,4153,4153
17111870702,"McHenry, IL (CT)",240,2940,3180,525,7161,7686
17111870703,"McHenry, IL (CT)",246,1718,1964,716,4899,5615
17111870704,"McHenry, IL (CT)",0,1569,1569,0,3865,3865
17111870803,"McHenry, IL (CT)",350,2753,3103,897,7243,8140
17111870807,"McHenry, IL (CT)",0,1932,1932,0,5413,5413
17111870808,"McHenry, IL (CT)",0,1335,1335,0,3763,3763
17111870809,"McHenry, IL (CT)",104,2574,2678,296,6605,6901
17111870810,"McHenry, IL (CT)",345,1380,1725,896,3639,4535
17111870811,"McHenry, IL (CT)",180,1689,1869,442,4178,4620
17111870812,"McHenry, IL (CT)",0,1850,1850,0,4873,4873
17111870902,"McHenry, IL (CT)",933,2076,3009,2365,5266,7631
17111870903,"McHenry, IL (CT)",0,1481,1481,0,3579,3579
17111870904,"McHenry, IL (CT)",0,1910,1910,0,4805,4805
17111870905,"McHenry, IL (CT)",0,2130,2130,0,4919,4919
17111871003,"McHenry, IL (CT)",479,1280,1759,1277,3372,4649
17111871004,"McHenry, IL (CT)",644,1795,2439,1671,4359,6030
17111871104,"McHenry, IL (CT)",2,5619,5621,5,17528,17533
17111871105,"McHenry, IL (CT)",0,1881,1881,0,5250,5250
17111871106,"McHenry, IL (CT)",72,2838,2910,148,8966,9114
17111871107,"McHenry, IL (CT)",0,1652,1652,0,5276,5276
17111871108,"McHenry, IL (CT)",0,1733,1733,0,5731,5731
17111871109,"McHenry, IL (CT)",0,1490,1490,0,5165,5165
17111871201,"McHenry, IL (CT)",0,2697,2697,0,6734,6734
17111871202,"McHenry, IL (CT)",0,2151,2151,0,5838,5838
17111871205,"McHenry, IL (CT)",0,1731,1731,0,4660,4660
17111871206,"McHenry, IL (CT)",0,2331,2331,0,6695,6695
17111871207,"McHenry, IL (CT)",0,1665,1665,0,4598,4598
17111871208,"McHenry, IL (CT)",0,1338,1338,0,3947,3947
17111871209,"McHenry, IL (CT)",0,1671,1671,0,3474,3474
17111871301,"McHenry, IL (CT)",0,1833,1833,0,4653,4653
17111871304,"McHenry, IL (CT)",0,1318,1318,0,3215,3215
17111871305,"McHenry, IL (CT)",0,2070,2070,0,6705,6705
17111871306,"McHenry, IL (CT)",0,2953,2953,0,8421,8421
17111871307,"McHenry, IL (CT)",0,1710,1710,0,4855,4855
17111871310,"McHenry, IL (CT)",0,1651,1651,0,4381,4381
17111871311,"McHenry, IL (CT)",0,1823,1823,0,4496,4496
17111871402,"McHenry, IL (CT)",447,2022,2469,1154,5092,6246
17111871404,"McHenry, IL (CT)",0,1759,1759,0,4536,4536
17111871500,"McHenry, IL (CT)",2396,2584,4980,6346,5002,11348
17111871600,"McHenry, IL (CT)",57,1985,2042,98,4837,4935
17113000102,"McLean, IL (CT)",0,2736,2736,0,6831,6831
17113000104,"McLean, IL (CT)",10,4131,4141,26,10882,10908
17113000105,"McLean, IL (CT)",60,1570,1630,145,3675,3820
17113000200,"McLean, IL (CT)",0,309,309,0,7036,7036
17113000301,"McLean, IL (CT)",0,1648,1648,0,4189,4189
17113000302,"McLean, IL (CT)",1,2502,2503,1,5827,5828
17113000400,"McLean, IL (CT)",0,1034,1034,0,2876,2876
17113000501,"McLean, IL (CT)",0,1367,1367,0,2690,2690
17113000502,"McLean, IL (CT)",0,1130,1130,0,2517,2517
17113000504,"McLean, IL (CT)",0,2355,2355,0,4950,4950
17113000505,"McLean, IL (CT)",0,1847,1847,0,5508,5508
17113001103,"McLean, IL (CT)",0,1524,1524,0,3200,3200
17113001104,"McLean, IL (CT)",47,3442,3489,111,8203,8314
17113001105,"McLean, IL (CT)",0,2064,2064,0,5130,5130
17113001106,"McLean, IL (CT)",0,1495,1495,0,3294,3294
17113001200,"McLean, IL (CT)",0,1335,1335,0,2518,2518
17113001301,"McLean, IL (CT)",0,945,945,0,2012,2012
17113001302,"McLean, IL (CT)",0,519,519,0,2292,2292
17113001303,"McLean, IL (CT)",0,808,808,0,1711,1711
17113001402,"McLean, IL (CT)",33,1237,1270,64,3323,3387
17113001403,"McLean, IL (CT)",0,1687,1687,0,3877,3877
17113001404,"McLean, IL (CT)",0,1845,1845,0,4300,4300
17113001500,"McLean, IL (CT)",0,1086,1086,0,2425,2425
17113001600,"McLean, IL (CT)",0,1560,1560,0,2575,2575
17113001700,"McLean, IL (CT)",0,1300,1300,0,2292,2292
17113001800,"McLean, IL (CT)",0,1594,1594,0,3228,3228
17113002101,"McLean, IL (CT)",90,2339,2429,181,4590,4771
17113002102,"McLean, IL (CT)",228,431,659,532,1239,1771
17113005101,"McLean, IL (CT)",52,2930,2982,108,8415,8523
17113005102,"McLean, IL (CT)",2493,330,2823,5966,783,6749
17113005201,"McLean, IL (CT)",215,266,481,536,699,1235
17113005202,"McLean, IL (CT)",1249,0,1249,3161,0,3161
17113005400,"McLean, IL (CT)",1258,2076,3334,3324,5682,9006
17113005501,"McLean, IL (CT)",96,986,1082,229,2245,2474
17113005502,"McLean, IL (CT)",570,428,998,1349,1071,2420
17113005601,"McLean, IL (CT)",827,0,827,1889,0,1889
17113005602,"McLean, IL (CT)",961,0,961,2212,0,2212
17113005700,"McLean, IL (CT)",2219,0,2219,5144,0,5144
17113005800,"McLean, IL (CT)",0,2503,2503,0,4290,4290
17113005900,"McLean, IL (CT)",0,2308,2308,0,4374,4374
17113006000,"McLean, IL (CT)",1278,302,1580,2996,849,3845
17115000200,"Macon, IL (CT)",0,1233,1233,0,2737,2737
17115000300,"Macon, IL (CT)",0,1792,1792,0,3703,3703
17115000400,"Macon, IL (CT)",0,612,612,0,1292,1292
17115000500,"Macon, IL (CT)",0,1961,1961,0,3938,3938
17115000600,"Macon, IL (CT)",0,965,965,0,2035,2035
17115000900,"Macon, IL (CT)",0,881,881,0,1955,1955
17115001000,"Macon, IL (CT)",0,605,605,0,1276,1276
17115001100,"Macon, IL (CT)",0,1816,1816,0,3502,3502
17115001200,"Macon, IL (CT)",0,1382,1382,0,2766,2766
17115001300,"Macon, IL (CT)",0,1042,1042,0,2265,2265
17115001400,"Macon, IL (CT)",0,1182,1182,0,2479,2479
17115001500,"Macon, IL (CT)",95,1848,1943,212,3892,4104
17115001600,"Macon, IL (CT)",0,761,761,0,2407,2407
17115001700,"Macon, IL (CT)",0,1024,1024,0,2240,2240
17115001801,"Macon, IL (CT)",0,1008,1008,0,2249,2249
17115001802,"Macon, IL (CT)",0,1142,1142,0,2387,2387
17115001900,"Macon, IL (CT)",0,1368,1368,0,2645,2645
17115002000,"Macon, IL (CT)",0,2206,2206,0,4296,4296
17115002100,"Macon, IL (CT)",3,760,763,6,1544,1550
17115002200,"Macon, IL (CT)",1122,1268,2390,2681,2872,5553
17115002300,"Macon, IL (CT)",244,1014,1258,584,2394,2978
17115002401,"Macon, IL (CT)",0,1220,1220,0,2608,2608
17115002402,"Macon, IL (CT)",1,2450,2451,3,5213,5216
17115002500,"Macon, IL (CT)",433,2445,2878,1064,6067,7131
17115002601,"Macon, IL (CT)",410,1442,1852,931,3119,4050
17115002602,"Macon, IL (CT)",847,27,874,1927,58,1985
17115002700,"Macon, IL (CT)",1007,0,1007,2371,0,2371
17115002800,"Macon, IL (CT)",1345,518,1863,3181,1265,4446
17115002901,"Macon, IL (CT)",101,1487,1588,218,3764,3982
17115002902,"Macon, IL (CT)",54,2135,2189,117,4459,4576
17115002903,"Macon, IL (CT)",7,2308,2315,20,4596,4616
17115002904,"Macon, IL (CT)",18,2452,2470,40,5309,5349
17115003000,"Macon, IL (CT)",1484,0,1484,3550,0,3550
17115003100,"Macon, IL (CT)",0,950,950,0,2531,2531
17117956000,"Macoupin, IL (CT)",91,1438,1529,194,3084,3278
17117956100,"Macoupin, IL (CT)",1561,107,1668,3294,230,3524
17117956200,"Macoupin, IL (CT)",1202,0,1202,2519,0,2519
17117956300,"Macoupin, IL (CT)",1242,107,1349,2664,602,3266
17117956400,"Macoupin, IL (CT)",69,2528,2597,149,5335,5484
17117956500,"Macoupin, IL (CT)",1204,6,1210,2636,16,2652
17117956600,"Macoupin, IL (CT)",1975,0,1975,4804,0,4804
17117956700,"Macoupin, IL (CT)",1817,0,1817,4326,0,4326
17117956800,"Macoupin, IL (CT)",1192,112,1304,2547,195,2742
17117956900,"Macoupin, IL (CT)",90,1615,1705,199,3555,3754
17117957000,"Macoupin, IL (CT)",910,850,1760,1929,1840,3769
17117957100,"Macoupin, IL (CT)",1236,0,1236,2688,0,2688
17117957200,"Macoupin, IL (CT)",0,2232,2232,0,4959,4959
17119400101,"Madison, IL (CT)",0,1278,1278,0,2703,2703
17119400102,"Madison, IL (CT)",0,2484,2484,0,5603,5603
17119400200,"Madison, IL (CT)",7,1940,1947,6,4321,4327
17119400600,"Madison, IL (CT)",0,1445,1445,0,3061,3061
17119400700,"Madison, IL (CT)",0,916,916,0,1890,1890
17119400801,"Madison, IL (CT)",0,837,837,0,1905,1905
17119400802,"Madison, IL (CT)",0,2885,2885,0,6188,6188
17119400903,"Madison, IL (CT)",168,2100,2268,352,4971,5323
17119400904,"Madison, IL (CT)",0,1509,1509,0,3364,3364
17119400951,"Madison, IL (CT)",0,2248,2248,0,4966,4966
17119400952,"Madison, IL (CT)",0,1424,1424,0,3335,3335
17119401000,"Madison, IL (CT)",0,1226,1226,0,2583,2583
17119401100,"Madison, IL (CT)",0,3013,3013,0,6505,6505
17119401200,"Madison, IL (CT)",0,837,837,0,1841,1841
17119401300,"Madison, IL (CT)",0,2572,2572,0,5198,5198
17119401400,"Madison, IL (CT)",0,1481,1481,0,3326,3326
17119401500,"Madison, IL (CT)",0,1322,1322,0,2763,2763
17119401701,"Madison, IL (CT)",2,1057,1059,111,2459,2570
17119401721,"Madison, IL (CT)",0,2388,2388,0,5797,5797
17119401722,"Madison, IL (CT)",0,1256,1256,0,2684,2684
17119401800,"Madison, IL (CT)",0,2669,2669,0,6033,6033
17119401901,"Madison, IL (CT)",14,749,763,39,1802,1841
17119401903,"Madison, IL (CT)",60,1814,1874,134,4354,4488
17119401904,"Madison, IL (CT)",0,290,290,0,709,709
17119402000,"Madison, IL (CT)",0,2149,2149,0,4403,4403
17119402100,"Madison, IL (CT)",0,1436,1436,0,3321,3321
17119402200,"Madison, IL (CT)",0,1562,1562,0,3395,3395
17119402300,"Madison, IL (CT)",0,904,904,0,1876,1876
17119402400,"Madison, IL (CT)",0,1101,1101,0,1804,1804
17119402500,"Madison, IL (CT)",0,1025,1025,0,2222,2222
17119402600,"Madison, IL (CT)",0,1380,1380,0,2800,2800
17119402701,"Madison, IL (CT)",198,3020,3218,470,7047,7517
17119402721,"Madison, IL (CT)",634,2632,3266,1563,6009,7572
17119402722,"Madison, IL (CT)",194,1075,1269,442,2449,2891
17119402801,"Madison, IL (CT)",949,551,1500,2273,1254,3527
17119402802,"Madison, IL (CT)",1509,1862,3371,3742,4416,8158
17119402803,"Madison, IL (CT)",636,854,1490,1673,1872,3545
17119402900,"Madison, IL (CT)",41,2163,2204,98,4387,4485
17119403001,"Madison, IL (CT)",0,2315,2315,0,5077,5077
17119403002,"Madison, IL (CT)",0,2988,2988,0,7386,7386
17119403101,"Madison, IL (CT)",312,1599,1911,674,5211,5885
17119403121,"Madison, IL (CT)",0,3774,3774,0,9285,9285
17119403122,"Madison, IL (CT)",23,2267,2290,54,5485,5539
17119403200,"Madison, IL (CT)",0,2271,2271,0,4649,4649
17119403300,"Madison, IL (CT)",0,1506,1506,0,3102,3102
17119403401,"Madison, IL (CT)",0,1790,1790,0,3923,3923
17119403402,"Madison, IL (CT)",0,2944,2944,0,6031,6031
17119403502,"Madison, IL (CT)",379,2270,2649,924,5228,6152
17119403531,"Madison, IL (CT)",193,3219,3412,387,7839,8226
17119403532,"Madison, IL (CT)",931,699,1630,2567,2133,4700
17119403533,"Madison, IL (CT)",0,3966,3966,0,9632,9632
17119403534,"Madison, IL (CT)",422,1362,1784,1026,3067,4093
17119403601,"Madison, IL (CT)",114,1248,1362,321,2940,3261
17119403603,"Madison, IL (CT)",0,749,749,0,1891,1891
17119403604,"Madison, IL (CT)",0,2835,2835,0,6619,6619
17119403701,"Madison, IL (CT)",1808,491,2299,4620,1539,6159
17119403702,"Madison, IL (CT)",2159,0,2159,5774,0,5774
17119403801,"Madison, IL (CT)",1990,16,2006,4861,46,4907
17119403802,"Madison, IL (CT)",1497,463,1960,3634,962,4596
17119404000,"Madison, IL (CT)",0,1340,1340,0,2788,2788
17119404100,"Madison, IL (CT)",87,1213,1300,179,2909,3088
17121951600,"Marion, IL (CT)",1571,0,1571,3571,0,3571
17121951700,"Marion, IL (CT)",1237,0,1237,2609,0,2609
17121951800,"Marion, IL (CT)",834,204,1038,1906,485,2391
17121951900,"Marion, IL (CT)",788,492,1280,1901,1098,2999
17121952000,"Marion, IL (CT)",158,1818,1976,472,4023,4495
17121952100,"Marion, IL (CT)",25,1540,1565,59,3179,3238
17121952200,"Marion, IL (CT)",1793,0,1793,4181,0,4181
17121952300,"Marion, IL (CT)",1377,263,1640,2943,656,3599
17121952400,"Marion, IL (CT)",22,1758,1780,57,3566,3623
17121952500,"Marion, IL (CT)",0,1454,1454,0,2819,2819
17121952600,"Marion, IL (CT)",0,1159,1159,0,2178,2178
17121952700,"Marion, IL (CT)",32,1771,1803,70,3664,3734
17123961100,"Marshall, IL (CT)",1442,0,1442,2628,0,2628
17123961200,"Marshall, IL (CT)",1153,0,1153,2542,0,2542
17123961300,"Marshall, IL (CT)",1009,0,1009,2273,0,2273
17123961400,"Marshall, IL (CT)",1307,0,1307,2921,0,2921
17123961500,"Marshall, IL (CT)",1003,0,1003,2276,0,2276
17125956300,"Mason, IL (CT)",1308,0,1308,2975,0,2975
17125956400,"Mason, IL (CT)",1097,0,1097,2065,0,2065
17125956500,"Mason, IL (CT)",29,1538,1567,67,3302,3369
17125956600,"Mason, IL (CT)",1134,0,1134,1976,0,1976
17125956700,"Mason, IL (CT)",845,0,845,1885,0,1885
17125956800,"Mason, IL (CT)",1126,0,1126,2396,0,2396
17127970100,"Massac, IL (CT)",2104,14,2118,4857,38,4895
17127970200,"Massac, IL (CT)",0,2072,2072,0,4249,4249
17127970300,"Massac, IL (CT)",1239,482,1721,2800,1029,3829
17127970400,"Massac, IL (CT)",63,1139,1202,136,2320,2456
17129010100,"Menard, IL (CT)",2617,0,2617,6139,0,6139
17129010200,"Menard, IL (CT)",401,1495,1896,1008,3065,4073
17129010300,"Menard, IL (CT)",1129,12,1141,2470,23,2493
17131040100,"Mercer, IL (CT)",1915,0,1915,4579,0,4579
17131040200,"Mercer, IL (CT)",1801,0,1801,3754,0,3754
17131040300,"Mercer, IL (CT)",118,1684,1802,263,3655,3918
17131040400,"Mercer, IL (CT)",1840,0,1840,4183,0,4183
17133600101,"Monroe, IL (CT)",64,2875,2939,180,6894,7074
17133600102,"Monroe, IL (CT)",759,1062,1821,1986,2828,4814
17133600401,"Monroe, IL (CT)",543,2104,2647,1467,4929,6396
17133600402,"Monroe, IL (CT)",1272,492,1764,3169,1278,4447
17133600501,"Monroe, IL (CT)",1412,1372,2784,3491,3397,6888
17133600502,"Monroe, IL (CT)",1437,0,1437,3338,0,3338
17135957300,"Montgomery, IL (CT)",438,1198,1636,942,2541,3483
17135957400,"Montgomery, IL (CT)",760,428,1188,1675,816,2491
17135957500,"Montgomery, IL (CT)",1488,0,1488,3273,0,3273
17135957600,"Montgomery, IL (CT)",1382,175,1557,3052,429,3481
17135957700,"Montgomery, IL (CT)",0,1356,1356,0,3103,3103
17135957800,"Montgomery, IL (CT)",0,1636,1636,0,3424,3424
17135957900,"Montgomery, IL (CT)",200,2182,2382,433,4607,5040
17135958000,"Montgomery, IL (CT)",1523,314,1837,3155,2654,5809
17137951400,"Morgan, IL (CT)",1263,0,1263,2796,0,2796
17137951500,"Morgan, IL (CT)",1351,41,1392,3078,96,3174
17137951600,"Morgan, IL (CT)",0,1568,1568,0,3554,3554
17137951700,"Morgan, IL (CT)",0,1276,1276,0,2811,2811
17137951800,"Morgan, IL (CT)",0,1664,1664,0,4396,4396
17137951900,"Morgan, IL (CT)",0,2232,2232,0,4861,4861
17137952000,"Morgan, IL (CT)",150,1276,1426,194,3630,3824
17137952100,"Morgan, IL (CT)",128,1666,1794,339,3321,3660
17137952200,"Morgan, IL (CT)",1354,0,1354,3125,0,3125
17137952300,"Morgan, IL (CT)",1546,0,1546,3346,0,3346
17139976900,"Moultrie, IL (CT)",1674,70,1744,4713,179,4892
17139977000,"Moultrie, IL (CT)",1125,0,1125,2523,0,2523
17139977100,"Moultrie, IL (CT)",1325,59,1384,3043,141,3184
17139977200,"Moultrie, IL (CT)",0,2007,2007,0,4247,4247
17141960700,"Ogle, IL (CT)",1280,478,1758,3073,1291,4364
17141960800,"Ogle, IL (CT)",1577,0,1577,3647,0,3647
17141960900,"Ogle, IL (CT)",582,1679,2261,1247,3546,4793
17141961000,"Ogle, IL (CT)",1352,1285,2637,3450,3604,7054
17141961100,"Ogle, IL (CT)",423,1839,2262,1023,4161,5184
17141961200,"Ogle, IL (CT)",682,1635,2317,1921,3857,5778
17141961300,"Ogle, IL (CT)",2074,176,2250,4793,469,5262
17141961400,"Ogle, IL (CT)",180,1796,1976,395,3724,4119
17141961500,"Ogle, IL (CT)",2099,0,2099,4563,0,4563
17141961600,"Ogle, IL (CT)",91,1254,1345,230,3324,3554
17141961700,"Ogle, IL (CT)",377,1702,2079,855,4324,5179
17143000100,"Peoria, IL (CT)",0,480,480,0,1087,1087
17143000200,"Peoria, IL (CT)",0,758,758,0,1868,1868
17143000300,"Peoria, IL (CT)",0,957,957,0,2332,2332
17143000500,"Peoria, IL (CT)",0,834,834,0,1804,1804
17143000600,"Peoria, IL (CT)",0,1359,1359,0,3115,3115
17143000900,"Peoria, IL (CT)",0,1344,1344,0,2550,2550
17143001200,"Peoria, IL (CT)",0,1013,1013,0,1953,1953
17143001300,"Peoria, IL (CT)",0,966,966,0,2021,2021
17143001500,"Peoria, IL (CT)",0,825,825,0,2044,2044
17143001600,"Peoria, IL (CT)",0,1884,1884,0,4054,4054
17143001800,"Peoria, IL (CT)",0,1593,1593,0,3294,3294
17143001900,"Peoria, IL (CT)",0,576,576,0,1567,1567
17143002000,"Peoria, IL (CT)",0,610,610,0,3317,3317
17143002100,"Peoria, IL (CT)",0,2226,2226,0,4846,4846
17143002200,"Peoria, IL (CT)",0,1918,1918,0,4237,4237
17143002300,"Peoria, IL (CT)",0,2320,2320,0,4710,4710
17143002400,"Peoria, IL (CT)",0,2177,2177,0,4677,4677
17143002500,"Peoria, IL (CT)",0,1431,1431,0,3528,3528
17143002600,"Peoria, IL (CT)",0,926,926,0,1835,1835
17143002701,"Peoria, IL (CT)",0,1793,1793,0,3840,3840
17143002702,"Peoria, IL (CT)",0,1999,1999,0,3879,3879
17143002800,"Peoria, IL (CT)",0,1807,1807,0,3187,3187
17143002900,"Peoria, IL (CT)",0,2095,2095,0,4041,4041
17143003000,"Peoria, IL (CT)",0,2072,2072,0,4701,4701
17143003101,"Peoria, IL (CT)",0,2306,2306,0,5377,5377
17143003102,"Peoria, IL (CT)",0,3176,3176,0,6094,6094
17143003200,"Peoria, IL (CT)",0,2359,2359,0,4303,4303
17143003300,"Peoria, IL (CT)",0,1367,1367,0,3060,3060
17143003401,"Peoria, IL (CT)",53,4750,4803,110,11106,11216
17143003402,"Peoria, IL (CT)",181,1396,1577,431,3317,3748
17143003601,"Peoria, IL (CT)",145,1005,1150,462,2297,2759
17143003602,"Peoria, IL (CT)",9,2516,2525,23,5557,5580
17143003700,"Peoria, IL (CT)",1324,173,1497,3343,471,3814
17143003800,"Peoria, IL (CT)",1318,0,1318,3275,0,3275
17143003900,"Peoria, IL (CT)",1664,808,2472,4422,2111,6533
17143004000,"Peoria, IL (CT)",1055,844,1899,2523,2001,4524
17143004101,"Peoria, IL (CT)",772,1998,2770,1916,4578,6494
17143004102,"Peoria, IL (CT)",0,1643,1643,0,3266,3266
17143004200,"Peoria, IL (CT)",0,1842,1842,0,3646,3646
17143004300,"Peoria, IL (CT)",0,1178,1178,0,2389,2389
17143004400,"Peoria, IL (CT)",0,2197,2197,0,4748,4748
17143004500,"Peoria, IL (CT)",67,2006,2073,164,5317,5481
17143004600,"Peoria, IL (CT)",164,2203,2367,421,5078,5499
17143004801,"Peoria, IL (CT)",648,1220,1868,1611,2928,4539
17143004802,"Peoria, IL (CT)",0,1946,1946,0,4419,4419
17143004901,"Peoria, IL (CT)",1597,0,1597,3740,0,3740
17143004902,"Peoria, IL (CT)",2028,0,2028,4872,0,4872
17143005000,"Peoria, IL (CT)",0,1113,1113,0,2631,2631
17145030100,"Perry, IL (CT)",1452,0,1452,3121,0,3121
17145030200,"Perry, IL (CT)",924,1673,2597,2102,5670,7772
17145030300,"Perry, IL (CT)",810,213,1023,1806,459,2265
17145030400,"Perry, IL (CT)",349,964,1313,790,1861,2651
17145030500,"Perry, IL (CT)",900,203,1103,1935,463,2398
17145030600,"Perry, IL (CT)",0,1938,1938,0,4143,4143
17147954500,"Piatt, IL (CT)",1905,5,1910,4571,11,4582
17147954600,"Piatt, IL (CT)",204,2434,2638,501,5399,5900
17147954700,"Piatt, IL (CT)",1514,0,1514,3430,0,3430
17147954800,"Piatt, IL (CT)",1207,0,1207,2817,0,2817
17149952400,"Pike, IL (CT)",1626,0,1626,3337,0,3337
17149952500,"Pike, IL (CT)",1282,0,1282,2583,0,2583
17149952600,"Pike, IL (CT)",1663,0,1663,3256,0,3256
17149952700,"Pike, IL (CT)",98,2016,2114,212,4550,4762
17149952800,"Pike, IL (CT)",1266,0,1266,2492,0,2492
17151971200,"Pope, IL (CT)",1341,0,1341,2425,0,2425
17151971300,"Pope, IL (CT)",1150,0,1150,2045,0,2045
17153971000,"Pulaski, IL (CT)",1522,0,1522,3028,0,3028
17153971100,"Pulaski, IL (CT)",1633,0,1633,3133,0,3133
17155954500,"Putnam, IL (CT)",1336,0,1336,2977,0,2977
17155954600,"Putnam, IL (CT)",1738,0,1738,3029,0,3029
17157950500,"Randolph, IL (CT)",1047,2,1049,2280,6,2286
17157950600,"Randolph, IL (CT)",177,1898,2075,340,4040,4380
17157950700,"Randolph, IL (CT)",1262,0,1262,2670,0,2670
17157950800,"Randolph, IL (CT)",399,1643,2042,958,3695,4653
17157950900,"Randolph, IL (CT)",1696,0,1696,3598,0,3598
17157951000,"Randolph, IL (CT)",1240,0,1240,2772,0,2772
17157951100,"Randolph, IL (CT)",281,1432,1713,628,3010,3638
17157951200,"Randolph, IL (CT)",364,845,1209,727,5695,6422
17157951300,"Randolph, IL (CT)",139,1282,1421,302,2755,3057
17159977900,"Richland, IL (CT)",1736,10,1746,3750,18,3768
17159978000,"Richland, IL (CT)",0,1199,1199,0,2401,2401
17159978100,"Richland, IL (CT)",0,1857,1857,0,4129,4129
17159978200,"Richland, IL (CT)",0,1241,1241,0,2608,2608
17159978300,"Richland, IL (CT)",1458,12,1470,3306,21,3327
17161020100,"Rock Island, IL (CT)",2143,941,3084,5047,2080,7127
17161020200,"Rock Island, IL (CT)",118,1521,1639,274,3566,3840
17161020300,"Rock Island, IL (CT)",0,3124,3124,0,6483,6483
17161020400,"Rock Island, IL (CT)",324,1775,2099,697,5429,6126
17161020600,"Rock Island, IL (CT)",0,1026,1026,0,2583,2583
17161020700,"Rock Island, IL (CT)",0,772,772,0,1818,1818
17161020800,"Rock Island, IL (CT)",0,2309,2309,0,4798,4798
17161020900,"Rock Island, IL (CT)",0,2351,2351,0,5316,5316
17161021000,"Rock Island, IL (CT)",0,1904,1904,0,3772,3772
17161021100,"Rock Island, IL (CT)",0,1659,1659,0,3752,3752
17161021200,"Rock Island, IL (CT)",0,2283,2283,0,4700,4700
17161021300,"Rock Island, IL (CT)",0,2299,2299,0,4740,4740
17161021400,"Rock Island, IL (CT)",0,567,567,0,1242,1242
17161021500,"Rock Island, IL (CT)",0,1991,1991,0,4231,4231
17161021600,"Rock Island, IL (CT)",0,1180,1180,0,2872,2872
17161021700,"Rock Island, IL (CT)",0,1827,1827,0,4144,4144
17161021800,"Rock Island, IL (CT)",0,2241,2241,0,4886,4886
17161021900,"Rock Island, IL (CT)",0,914,914,0,1721,1721
17161022000,"Rock Island, IL (CT)",0,1659,1659,0,3989,3989
17161022100,"Rock Island, IL (CT)",0,1293,1293,0,2501,2501
17161022200,"Rock Island, IL (CT)",0,1731,1731,0,4046,4046
17161022300,"Rock Island, IL (CT)",0,896,896,0,2166,2166
17161022600,"Rock Island, IL (CT)",0,1165,1165,0,2311,2311
17161022800,"Rock Island, IL (CT)",0,1734,1734,0,5606,5606
17161022900,"Rock Island, IL (CT)",0,1375,1375,0,2718,2718
17161023000,"Rock Island, IL (CT)",0,1852,1852,0,3915,3915
17161023100,"Rock Island, IL (CT)",0,1196,1196,0,2690,2690
17161023200,"Rock Island, IL (CT)",0,2525,2525,0,4898,4898
17161023300,"Rock Island, IL (CT)",0,1584,1584,0,3448,3448
17161023500,"Rock Island, IL (CT)",0,878,878,0,2098,2098
17161023600,"Rock Island, IL (CT)",0,814,814,0,2074,2074
17161023700,"Rock Island, IL (CT)",0,1051,1051,0,2494,2494
17161024000,"Rock Island, IL (CT)",148,1605,1753,310,3796,4106
17161024101,"Rock Island, IL (CT)",934,627,1561,2264,1385,3649
17161024102,"Rock Island, IL (CT)",1401,786,2187,3473,1877,5350
17161024103,"Rock Island, IL (CT)",1713,0,1713,4046,0,4046
17161024200,"Rock Island, IL (CT)",0,1969,1969,0,4372,4372
17161024300,"Rock Island, IL (CT)",1,1383,1384,1,2733,2734
17161024400,"Rock Island, IL (CT)",0,1069,1069,0,1943,1943
17161024500,"Rock Island, IL (CT)",0,1098,1098,0,2241,2241
17163500400,"St. Clair, IL (CT)",0,1168,1168,0,1826,1826
17163500500,"St. Clair, IL (CT)",0,967,967,0,2685,2685
17163500900,"St. Clair, IL (CT)",0,1815,1815,0,3813,3813
17163501100,"St. Clair, IL (CT)",0,827,827,0,1777,1777
17163501200,"St. Clair, IL (CT)",0,1610,1610,0,3464,3464
17163501300,"St. Clair, IL (CT)",0,1561,1561,0,3782,3782
17163501400,"St. Clair, IL (CT)",0,1162,1162,0,2790,2790
17163501501,"St. Clair, IL (CT)",0,781,781,0,1812,1812
17163501502,"St. Clair, IL (CT)",0,1302,1302,0,2884,2884
17163501602,"St. Clair, IL (CT)",0,2591,2591,0,5345,5345
17163501603,"St. Clair, IL (CT)",0,3101,3101,0,6385,6385
17163501604,"St. Clair, IL (CT)",0,2378,2378,0,4587,4587
17163501605,"St. Clair, IL (CT)",0,1213,1213,0,2639,2639
17163501700,"St. Clair, IL (CT)",0,1499,1499,0,3264,3264
17163501800,"St. Clair, IL (CT)",0,2988,2988,0,5865,5865
17163501900,"St. Clair, IL (CT)",0,1754,1754,0,3620,3620
17163502100,"St. Clair, IL (CT)",0,853,853,0,2582,2582
17163502200,"St. Clair, IL (CT)",0,1046,1046,0,2101,2101
17163502300,"St. Clair, IL (CT)",0,2732,2732,0,6415,6415
17163502401,"St. Clair, IL (CT)",0,631,631,0,1394,1394
17163502404,"St. Clair, IL (CT)",16,1479,1495,38,4123,4161
17163502500,"St. Clair, IL (CT)",0,601,601,0,1272,1272
17163502602,"St. Clair, IL (CT)",0,2254,2254,0,5884,5884
17163502603,"St. Clair, IL (CT)",0,1663,1663,0,4210,4210
17163502700,"St. Clair, IL (CT)",0,538,538,0,1251,1251
17163502800,"St. Clair, IL (CT)",0,1141,1141,0,2713,2713
17163502900,"St. Clair, IL (CT)",0,918,918,0,2085,2085
17163503100,"St. Clair, IL (CT)",1179,2200,3379,2780,4886,7666
17163503202,"St. Clair, IL (CT)",759,1922,2681,1759,4351,6110
17163503203,"St. Clair, IL (CT)",1234,1548,2782,3135,3583,6718
17163503211,"St. Clair, IL (CT)",4,2012,2016,12,4235,4247
17163503301,"St. Clair, IL (CT)",0,1962,1962,0,3989,3989
17163503304,"St. Clair, IL (CT)",44,2906,2950,85,6867,6952
17163503322,"St. Clair, IL (CT)",0,3030,3030,0,7148,7148
17163503323,"St. Clair, IL (CT)",0,2540,2540,0,6245,6245
17163503324,"St. Clair, IL (CT)",0,2316,2316,0,5675,5675
17163503332,"St. Clair, IL (CT)",0,2403,2403,0,5265,5265
17163503334,"St. Clair, IL (CT)",0,2909,2909,0,6570,6570
17163503402,"St. Clair, IL (CT)",0,3599,3599,0,7627,7627
17163503404,"St. Clair, IL (CT)",437,1220,1657,1179,3492,4671
17163503411,"St. Clair, IL (CT)",0,1453,1453,0,3391,3391
17163503412,"St. Clair, IL (CT)",0,2698,2698,0,6330,6330
17163503413,"St. Clair, IL (CT)",0,2662,2662,0,5838,5838
17163503414,"St. Clair, IL (CT)",0,2181,2181,0,4557,4557
17163503800,"St. Clair, IL (CT)",0,461,461,0,1292,1292
17163503903,"St. Clair, IL (CT)",544,726,1270,1376,2009,3385
17163503904,"St. Clair, IL (CT)",263,3543,3806,554,9840,10394
17163503905,"St. Clair, IL (CT)",92,1148,1240,257,2709,2966
17163503906,"St. Clair, IL (CT)",700,1488,2188,1768,3703,5471
17163504001,"St. Clair, IL (CT)",1575,418,1993,3726,1175,4901
17163504002,"St. Clair, IL (CT)",2635,0,2635,5909,0,5909
17163504302,"St. Clair, IL (CT)",1048,2181,3229,2564,5254,7818
17163504303,"St. Clair, IL (CT)",176,3000,3176,442,7368,7810
17163504351,"St. Clair, IL (CT)",0,1384,1384,0,3596,3596
17163504352,"St. Clair, IL (CT)",0,1988,1988,0,4317,4317
17163504353,"St. Clair, IL (CT)",163,1166,1329,400,3742,4142
17163504354,"St. Clair, IL (CT)",0,2783,2783,0,5990,5990
17163504355,"St. Clair, IL (CT)",132,1663,1795,356,4790,5146
17163504500,"St. Clair, IL (CT)",1,2146,2147,3,5082,5085
17163504600,"St. Clair, IL (CT)",0,1018,1018,0,2229,2229
17165955100,"Saline, IL (CT)",116,1044,1160,229,2120,2349
17165955500,"Saline, IL (CT)",0,1212,1212,0,2433,2433
17165955600,"Saline, IL (CT)",1192,17,1209,2500,32,2532
17165955700,"Saline, IL (CT)",1115,40,1155,2481,88,2569
17165955800,"Saline, IL (CT)",77,1389,1466,147,3285,3432
17165955900,"Saline, IL (CT)",17,1245,1262,35,2529,2564
17165956000,"Saline, IL (CT)",0,1424,1424,0,2912,2912
17165956100,"Saline, IL (CT)",1167,77,1244,2446,178,2624
17165956200,"Saline, IL (CT)",1344,221,1565,3040,458,3498
17167000100,"Sangamon, IL (CT)",160,1839,1999,352,3615,3967
17167000201,"Sangamon, IL (CT)",0,1221,1221,0,2401,2401
17167000202,"Sangamon, IL (CT)",0,2003,2003,0,3902,3902
17167000300,"Sangamon, IL (CT)",0,1324,1324,0,2932,2932
17167000400,"Sangamon, IL (CT)",0,1500,1500,0,2969,2969
17167000501,"Sangamon, IL (CT)",0,1052,1052,0,2358,2358
17167000503,"Sangamon, IL (CT)",0,1856,1856,0,4006,4006
17167000504,"Sangamon, IL (CT)",0,1264,1264,0,3059,3059
17167000600,"Sangamon, IL (CT)",0,2619,2619,0,5233,5233
17167000700,"Sangamon, IL (CT)",0,996,996,0,2104,2104
17167000800,"Sangamon, IL (CT)",0,839,839,0,2075,2075
17167000900,"Sangamon, IL (CT)",0,1217,1217,0,2484,2484
17167001001,"Sangamon, IL (CT)",0,1080,1080,0,2104,2104
17167001003,"Sangamon, IL (CT)",0,743,743,0,1327,1327
17167001004,"Sangamon, IL (CT)",0,2647,2647,0,4631,4631
17167001100,"Sangamon, IL (CT)",0,1253,1253,0,2342,2342
17167001200,"Sangamon, IL (CT)",0,1820,1820,0,3526,3526
17167001300,"Sangamon, IL (CT)",0,1178,1178,0,1742,1742
17167001400,"Sangamon, IL (CT)",0,647,647,0,1027,1027
17167001500,"Sangamon, IL (CT)",0,430,430,0,1005,1005
17167001600,"Sangamon, IL (CT)",0,1593,1593,0,3477,3477
17167001700,"Sangamon, IL (CT)",0,549,549,0,1241,1241
17167001800,"Sangamon, IL (CT)",0,1352,1352,0,2261,2261
17167001900,"Sangamon, IL (CT)",0,1984,1984,0,3279,3279
17167002000,"Sangamon, IL (CT)",0,2868,2868,0,5955,5955
17167002100,"Sangamon, IL (CT)",0,1809,1809,0,3688,3688
17167002200,"Sangamon, IL (CT)",0,1694,1694,0,3375,3375
17167002300,"Sangamon, IL (CT)",0,1096,1096,0,2460,2460
17167002400,"Sangamon, IL (CT)",0,1514,1514,0,3582,3582
17167002500,"Sangamon, IL (CT)",0,2256,2256,0,5081,5081
17167002600,"Sangamon, IL (CT)",0,1321,1321,0,2580,2580
17167002700,"Sangamon, IL (CT)",0,1717,1717,0,3406,3406
17167002801,"Sangamon, IL (CT)",0,1619,1619,0,3041,3041
17167002802,"Sangamon, IL (CT)",0,1804,1804,0,3394,3394
17167002900,"Sangamon, IL (CT)",0,2338,2338,0,4953,4953
17167003000,"Sangamon, IL (CT)",72,2325,2397,139,5773,5912
17167003100,"Sangamon, IL (CT)",185,2883,3068,368,6928,7296
17167003201,"Sangamon, IL (CT)",42,1705,1747,110,4320,4430
17167003202,"Sangamon, IL (CT)",136,1505,1641,309,3663,3972
17167003203,"Sangamon, IL (CT)",301,1867,2168,739,5072,5811
17167003300,"Sangamon, IL (CT)",937,1196,2133,2135,2869,5004
17167003400,"Sangamon, IL (CT)",343,2154,2497,905,5385,6290
17167003500,"Sangamon, IL (CT)",2131,0,2131,5085,0,5085
17167003601,"Sangamon, IL (CT)",1071,0,1071,2702,0,2702
17167003602,"Sangamon, IL (CT)",168,1623,1791,408,3792,4200
17167003603,"Sangamon, IL (CT)",437,1548,1985,1061,3838,4899
17167003604,"Sangamon, IL (CT)",0,2121,2121,0,4637,4637
17167003700,"Sangamon, IL (CT)",1585,1632,3217,3984,4388,8372
17167003801,"Sangamon, IL (CT)",126,976,1102,242,2517,2759
17167003802,"Sangamon, IL (CT)",510,1854,2364,1245,4601,5846
17167003901,"Sangamon, IL (CT)",648,1264,1912,1580,3522,5102
17167003902,"Sangamon, IL (CT)",868,659,1527,2179,1650,3829
17167004000,"Sangamon, IL (CT)",1827,0,1827,4352,0,4352
17169970100,"Schuyler, IL (CT)",940,0,940,2256,0,2256
17169970200,"Schuyler, IL (CT)",40,1547,1587,83,3196,3279
17169970300,"Schuyler, IL (CT)",932,0,932,2009,0,2009
17171970600,"Scott, IL (CT)",867,0,867,1866,0,1866
17171970700,"Scott, IL (CT)",1592,0,1592,3489,0,3489
17173959100,"Shelby, IL (CT)",1650,0,1650,3608,0,3608
17173959200,"Shelby, IL (CT)",1517,85,1602,2995,168,3163
17173959300,"Shelby, IL (CT)",70,2352,2422,187,4812,4999
17173959400,"Shelby, IL (CT)",1552,0,1552,3416,0,3416
17173959500,"Shelby, IL (CT)",1662,0,1662,3761,0,3761
17173959600,"Shelby, IL (CT)",1508,0,1508,3416,0,3416
17175951400,"Stark, IL (CT)",1468,0,1468,3301,0,3301
17175951500,"Stark, IL (CT)",1206,0,1206,2693,0,2693
17177000100,"Stephenson, IL (CT)",2080,0,2080,4446,0,4446
17177000200,"Stephenson, IL (CT)",1509,0,1509,3409,0,3409
17177000300,"Stephenson, IL (CT)",642,1147,1789,1475,2591,4066
17177000400,"Stephenson, IL (CT)",1216,8,1224,2997,11,3008
17177000500,"Stephenson, IL (CT)",1122,202,1324,2703,446,3149
17177000600,"Stephenson, IL (CT)",1431,36,1467,3358,69,3427
17177000700,"Stephenson, IL (CT)",138,730,868,269,1631,1900
17177000800,"Stephenson, IL (CT)",0,1845,1845,0,3436,3436
17177000900,"Stephenson, IL (CT)",47,2452,2499,93,5214,5307
17177001000,"Stephenson, IL (CT)",163,2078,2241,379,4058,4437
17177001100,"Stephenson, IL (CT)",0,1637,1637,0,3208,3208
17177001200,"Stephenson, IL (CT)",0,1761,1761,0,3784,3784
17177001300,"Stephenson, IL (CT)",0,1837,1837,0,4134,4134
17179020100,"Tazewell, IL (CT)",0,1235,1235,0,2509,2509
17179020301,"Tazewell, IL (CT)",16,2127,2143,34,4764,4798
17179020302,"Tazewell, IL (CT)",44,2332,2376,107,5042,5149
17179020400,"Tazewell, IL (CT)",68,2373,2441,154,5355,5509
17179020500,"Tazewell, IL (CT)",164,1666,1830,385,4267,4652
17179020600,"Tazewell, IL (CT)",0,954,954,0,2048,2048
17179020700,"Tazewell, IL (CT)",0,1890,1890,0,4396,4396
17179020800,"Tazewell, IL (CT)",0,1579,1579,0,3437,3437
17179020900,"Tazewell, IL (CT)",0,960,960,0,2243,2243
17179021000,"Tazewell, IL (CT)",0,2563,2563,0,5647,5647
17179021101,"Tazewell, IL (CT)",0,3128,3128,0,6821,6821
17179021102,"Tazewell, IL (CT)",0,2718,2718,0,5836,5836
17179021201,"Tazewell, IL (CT)",640,1147,1787,1560,3016,4576
17179021202,"Tazewell, IL (CT)",0,1558,1558,0,3379,3379
17179021203,"Tazewell, IL (CT)",0,1982,1982,0,4785,4785
17179021500,"Tazewell, IL (CT)",518,2620,3138,1322,5682,7004
17179021603,"Tazewell, IL (CT)",359,1698,2057,966,4325,5291
17179021604,"Tazewell, IL (CT)",3,1036,1039,7,2024,2031
17179021605,"Tazewell, IL (CT)",0,1167,1167,0,2624,2624
17179021606,"Tazewell, IL (CT)",90,2145,2235,231,5452,5683
17179021701,"Tazewell, IL (CT)",1022,1311,2333,2599,3452,6051
17179021702,"Tazewell, IL (CT)",1982,279,2261,5092,555,5647
17179021801,"Tazewell, IL (CT)",923,728,1651,2308,3361,5669
17179021802,"Tazewell, IL (CT)",994,0,994,2151,0,2151
17179021900,"Tazewell, IL (CT)",1945,0,1945,4677,0,4677
17179022000,"Tazewell, IL (CT)",1833,0,1833,4354,0,4354
17179022100,"Tazewell, IL (CT)",192,1246,1438,492,2918,3410
17179022200,"Tazewell, IL (CT)",237,1879,2116,614,4422,5036
17179022300,"Tazewell, IL (CT)",39,2029,2068,121,4974,5095
17179022400,"Tazewell, IL (CT)",183,1914,2097,471,4415,4886
17181950100,"Union, IL (CT)",1859,0,1859,4259,0,4259
17181950200,"Union, IL (CT)",1138,61,1199,2479,113,2592
17181950300,"Union, IL (CT)",215,694,909,551,1526,2077
17181950400,"Union, IL (CT)",277,2057,2334,680,4430,5110
17181950500,"Union, IL (CT)",1620,3,1623,3761,9,3770
17183000100,"Vermilion, IL (CT)",0,929,929,0,1808,1808
17183000200,"Vermilion, IL (CT)",0,799,799,0,1615,1615
17183000300,"Vermilion, IL (CT)",0,961,961,0,2289,2289
17183000400,"Vermilion, IL (CT)",57,1389,1446,119,3431,3550
17183000500,"Vermilion, IL (CT)",72,1729,1801,135,3827,3962
17183000600,"Vermilion, IL (CT)",0,1318,1318,0,2747,2747
17183000700,"Vermilion, IL (CT)",108,1588,1696,226,3342,3568
17183000800,"Vermilion, IL (CT)",76,1159,1235,134,2381,2515
17183000900,"Vermilion, IL (CT)",62,1210,1272,102,2509,2611
17183001200,"Vermilion, IL (CT)",80,1558,1638,186,2770,2956
17183001300,"Vermilion, IL (CT)",331,1467,1798,748,2981,3729
17183010100,"Vermilion, IL (CT)",1482,15,1497,3276,30,3306
17183010200,"Vermilion, IL (CT)",159,2403,2562,359,5086,5445
17183010300,"Vermilion, IL (CT)",1829,187,2016,4400,410,4810
17183010400,"Vermilion, IL (CT)",934,0,934,2281,0,2281
17183010500,"Vermilion, IL (CT)",730,1162,1892,1600,2492,4092
17183010600,"Vermilion, IL (CT)",299,1666,1965,689,3536,4225
17183010701,"Vermilion, IL (CT)",19,1414,1433,40,3146,3186
17183010702,"Vermilion, IL (CT)",415,904,1319,987,2082,3069
17183010800,"Vermilion, IL (CT)",1533,0,1533,3532,0,3532
17183010900,"Vermilion, IL (CT)",1355,4,1359,3183,10,3193
17183011000,"Vermilion, IL (CT)",205,1636,1841,452,3726,4178
17183011100,"Vermilion, IL (CT)",1168,0,1168,2712,0,2712
17183011200,"Vermilion, IL (CT)",168,1738,1906,352,5894,6246
17185957200,"Wabash, IL (CT)",1787,3,1790,3906,15,3921
17185957300,"Wabash, IL (CT)",58,1409,1467,138,2862,3000
17185957400,"Wabash, IL (CT)",17,986,1003,33,2123,2156
17185957500,"Wabash, IL (CT)",235,1090,1325,570,2300,2870
17187870100,"Warren, IL (CT)",1078,0,1078,2188,0,2188
17187870200,"Warren, IL (CT)",1302,0,1302,2703,0,2703
17187870300,"Warren, IL (CT)",1210,0,1210,2706,0,2706
17187870400,"Warren, IL (CT)",149,1846,1995,338,4694,5032
17187870500,"Warren, IL (CT)",61,2036,2097,118,4960,5078
17189950100,"Washington, IL (CT)",1176,304,1480,2695,640,3335
17189950200,"Washington, IL (CT)",1709,0,1709,3795,0,3795
17189950300,"Washington, IL (CT)",55,1433,1488,144,3211,3355
17189950400,"Washington, IL (CT)",1847,10,1857,4204,27,4231
17191954900,"Wayne, IL (CT)",1547,0,1547,3334,0,3334
17191955000,"Wayne, IL (CT)",1943,0,1943,4360,0,4360
17191955100,"Wayne, IL (CT)",201,1263,1464,464,2422,2886
17191955200,"Wayne, IL (CT)",215,1391,1606,455,2617,3072
17191955300,"Wayne, IL (CT)",1415,0,1415,3108,0,3108
17193958000,"White, IL (CT)",67,1163,1230,139,2449,2588
17193958100,"White, IL (CT)",57,1532,1589,101,3103,3204
17193958200,"White, IL (CT)",1404,9,1413,2864,16,2880
17193958300,"White, IL (CT)",1300,0,1300,2677,0,2677
17193958400,"White, IL (CT)",1649,0,1649,3316,0,3316
17195000100,"Whiteside, IL (CT)",1368,191,1559,3320,465,3785
17195000200,"Whiteside, IL (CT)",662,679,1341,1501,1493,2994
17195000300,"Whiteside, IL (CT)",307,1158,1465,773,2646,3419
17195000400,"Whiteside, IL (CT)",1388,91,1479,3086,207,3293
17195000500,"Whiteside, IL (CT)",0,1700,1700,0,3480,3480
17195000600,"Whiteside, IL (CT)",1790,0,1790,4285,0,4285
17195000700,"Whiteside, IL (CT)",1254,0,1254,2843,0,2843
17195000800,"Whiteside, IL (CT)",904,0,904,2189,0,2189
17195000900,"Whiteside, IL (CT)",490,1151,1641,1226,2290,3516
17195001000,"Whiteside, IL (CT)",0,1247,1247,0,3046,3046
17195001100,"Whiteside, IL (CT)",0,2248,2248,0,5242,5242
17195001200,"Whiteside, IL (CT)",0,1733,1733,0,3984,3984
17195001300,"Whiteside, IL (CT)",0,1238,1238,0,2474,2474
17195001400,"Whiteside, IL (CT)",52,971,1023,107,2227,2334
17195001500,"Whiteside, IL (CT)",0,1543,1543,0,3402,3402
17195001600,"Whiteside, IL (CT)",0,1275,1275,0,2747,2747
17195001700,"Whiteside, IL (CT)",140,1355,1495,319,2950,3269
17195001800,"Whiteside, IL (CT)",835,0,835,2196,0,2196
17197880105,"Will, IL (CT)",0,2358,2358,0,7907,7907
17197880106,"Will, IL (CT)",0,1438,1438,0,4508,4508
17197880107,"Will, IL (CT)",0,1683,1683,0,5070,5070
17197880109,"Will, IL (CT)",0,1840,1840,0,5469,5469
17197880111,"Will, IL (CT)",0,1150,1150,0,3742,3742
17197880112,"Will, IL (CT)",0,641,641,0,2129,2129
17197880113,"Will, IL (CT)",0,1032,1032,0,3811,3811
17197880114,"Will, IL (CT)",0,1081,1081,0,3107,3107
17197880115,"Will, IL (CT)",0,1122,1122,0,3176,3176
17197880116,"Will, IL (CT)",0,1002,1002,0,2912,2912
17197880117,"Will, IL (CT)",0,1441,1441,0,3365,3365
17197880118,"Will, IL (CT)",0,1461,1461,0,4734,4734
17197880119,"Will, IL (CT)",0,1504,1504,0,4333,4333
17197880120,"Will, IL (CT)",0,3096,3096,0,9798,9798
17197880121,"Will, IL (CT)",0,2707,2707,0,9463,9463
17197880202,"Will, IL (CT)",0,1545,1545,0,4356,4356
17197880203,"Will, IL (CT)",0,1321,1321,0,3939,3939
17197880204,"Will, IL (CT)",0,2439,2439,0,5974,5974
17197880303,"Will, IL (CT)",0,1346,1346,0,4081,4081
17197880304,"Will, IL (CT)",0,1610,1610,0,5387,5387
17197880305,"Will, IL (CT)",0,1613,1613,0,5585,5585
17197880306,"Will, IL (CT)",0,2238,2238,0,7894,7894
17197880307,"Will, IL (CT)",0,2318,2318,0,6075,6075
17197880308,"Will, IL (CT)",0,2367,2367,0,8019,8019
17197880309,"Will, IL (CT)",0,1511,1511,0,5340,5340
17197880310,"Will, IL (CT)",0,3547,3547,0,11485,11485
17197880312,"Will, IL (CT)",17,2842,2859,72,9030,9102
17197880313,"Will, IL (CT)",0,3703,3703,0,11610,11610
17197880314,"Will, IL (CT)",7,1956,1963,11,6883,6894
17197880404,"Will, IL (CT)",39,3682,3721,119,10917,11036
17197880408,"Will, IL (CT)",0,1567,1567,0,5103,5103
17197880410,"Will, IL (CT)",0,2453,2453,0,8609,8609
17197880411,"Will, IL (CT)",0,1276,1276,0,3435,3435
17197880412,"Will, IL (CT)",0,1478,1478,0,4302,4302
17197880414,"Will, IL (CT)",0,1543,1543,0,4348,4348
17197880415,"Will, IL (CT)",0,2485,2485,0,7311,7311
17197880416,"Will, IL (CT)",0,1073,1073,0,3122,3122
17197880417,"Will, IL (CT)",0,1047,1047,0,2590,2590
17197880418,"Will, IL (CT)",0,1473,1473,0,5374,5374
17197880419,"Will, IL (CT)",0,2542,2542,0,8983,8983
17197880420,"Will, IL (CT)",0,2849,2849,0,10373,10373
17197880421,"Will, IL (CT)",34,1792,1826,108,5624,5732
17197880502,"Will, IL (CT)",0,1843,1843,0,5075,5075
17197880503,"Will, IL (CT)",0,2126,2126,0,4368,4368
17197880505,"Will, IL (CT)",0,2455,2455,0,7900,7900
17197880507,"Will, IL (CT)",0,2299,2299,0,7057,7057
17197880601,"Will, IL (CT)",0,1205,1205,0,3104,3104
17197880602,"Will, IL (CT)",0,1636,1636,0,3542,3542
17197880701,"Will, IL (CT)",0,1882,1882,0,4344,4344
17197880702,"Will, IL (CT)",0,1045,1045,0,2795,2795
17197880901,"Will, IL (CT)",0,2681,2681,0,6240,6240
17197880903,"Will, IL (CT)",0,1449,1449,0,2682,2682
17197880905,"Will, IL (CT)",0,1076,1076,0,2697,2697
17197881001,"Will, IL (CT)",137,1679,1816,352,4700,5052
17197881002,"Will, IL (CT)",94,1747,1841,183,5048,5231
17197881005,"Will, IL (CT)",0,1246,1246,0,3606,3606
17197881006,"Will, IL (CT)",0,881,881,0,2425,2425
17197881007,"Will, IL (CT)",212,1573,1785,464,5014,5478
17197881009,"Will, IL (CT)",0,2393,2393,0,7101,7101
17197881010,"Will, IL (CT)",104,1194,1298,257,3493,3750
17197881011,"Will, IL (CT)",0,1181,1181,0,3389,3389
17197881012,"Will, IL (CT)",0,977,977,0,3027,3027
17197881105,"Will, IL (CT)",90,1950,2040,232,5921,6153
17197881107,"Will, IL (CT)",0,1192,1192,0,3143,3143
17197881108,"Will, IL (CT)",39,2177,2216,96,6561,6657
17197881109,"Will, IL (CT)",24,1422,1446,69,4292,4361
17197881111,"Will, IL (CT)",0,1289,1289,0,3173,3173
17197881112,"Will, IL (CT)",26,1658,1684,62,5051,5113
17197881113,"Will, IL (CT)",46,1173,1219,135,3584,3719
17197881115,"Will, IL (CT)",0,1381,1381,0,4027,4027
17197881116,"Will, IL (CT)",0,1254,1254,0,3924,3924
17197881200,"Will, IL (CT)",0,1628,1628,0,4837,4837
17197881301,"Will, IL (CT)",0,926,926,0,3404,3404
17197881302,"Will, IL (CT)",0,518,518,0,1818,1818
17197881401,"Will, IL (CT)",0,1267,1267,0,3259,3259
17197881402,"Will, IL (CT)",0,1310,1310,0,3104,3104
17197881500,"Will, IL (CT)",0,1252,1252,0,3284,3284
17197881601,"Will, IL (CT)",0,837,837,0,1800,1800
17197881603,"Will, IL (CT)",0,1441,1441,0,3301,3301
17197881604,"Will, IL (CT)",0,1194,1194,0,2586,2586
17197881700,"Will, IL (CT)",0,1461,1461,0,3421,3421
17197881800,"Will, IL (CT)",0,1465,1465,0,4049,4049
17197881900,"Will, IL (CT)",0,1649,1649,0,3896,3896
17197882000,"Will, IL (CT)",0,1153,1153,0,3472,3472
17197882100,"Will, IL (CT)",0,749,749,0,2929,2929
17197882200,"Will, IL (CT)",0,1479,1479,0,4624,4624
17197882300,"Will, IL (CT)",0,1682,1682,0,4259,4259
17197882400,"Will, IL (CT)",0,1071,1071,0,3541,3541
17197882500,"Will, IL (CT)",0,814,814,0,2370,2370
17197882601,"Will, IL (CT)",0,1181,1181,0,3087,3087
17197882602,"Will, IL (CT)",0,966,966,0,2931,2931
17197882701,"Will, IL (CT)",0,952,952,0,2380,2380
17197882702,"Will, IL (CT)",0,1175,1175,0,3075,3075
17197882801,"Will, IL (CT)",0,1272,1272,0,2633,2633
17197882802,"Will, IL (CT)",0,1200,1200,0,3033,3033
17197882900,"Will, IL (CT)",0,1017,1017,0,2361,2361
17197883000,"Will, IL (CT)",63,1273,1336,199,3498,3697
17197883100,"Will, IL (CT)",51,1571,1622,102,4145,4247
17197883206,"Will, IL (CT)",0,1830,1830,0,4396,4396
17197883208,"Will, IL (CT)",0,1457,1457,0,3106,3106
17197883209,"Will, IL (CT)",0,1174,1174,0,3090,3090
17197883210,"Will, IL (CT)",0,1394,1394,0,2654,2654
17197883211,"Will, IL (CT)",60,2293,2353,156,6037,6193
17197883212,"Will, IL (CT)",190,1650,1840,526,4867,5393
17197883213,"Will, IL (CT)",0,2182,2182,0,5519,5519
17197883214,"Will, IL (CT)",0,994,994,0,2405,2405
17197883215,"Will, IL (CT)",39,3195,3234,109,10101,10210
17197883216,"Will, IL (CT)",0,1064,1064,0,3025,3025
17197883303,"Will, IL (CT)",42,1265,1307,76,3629,3705
17197883304,"Will, IL (CT)",558,130,688,1443,331,1774
17197883305,"Will, IL (CT)",0,987,987,0,2982,2982
17197883306,"Will, IL (CT)",101,1091,1192,216,3419,3635
17197883307,"Will, IL (CT)",652,958,1610,1725,2375,4100
17197883401,"Will, IL (CT)",0,1751,1751,0,4160,4160
17197883402,"Will, IL (CT)",642,418,1060,1105,928,2033
17197883504,"Will, IL (CT)",10,2178,2188,24,5161,5185
17197883505,"Will, IL (CT)",80,2574,2654,276,7613,7889
17197883507,"Will, IL (CT)",1345,17,1362,3978,32,4010
17197883509,"Will, IL (CT)",209,1416,1625,582,3937,4519
17197883510,"Will, IL (CT)",311,1262,1573,890,3809,4699
17197883511,"Will, IL (CT)",0,1669,1669,0,4947,4947
17197883513,"Will, IL (CT)",0,1647,1647,0,5349,5349
17197883514,"Will, IL (CT)",0,2342,2342,0,7252,7252
17197883515,"Will, IL (CT)",0,1364,1364,0,3996,3996
17197883516,"Will, IL (CT)",0,2089,2089,0,6858,6858
17197883517,"Will, IL (CT)",0,1298,1298,0,3343,3343
17197883519,"Will, IL (CT)",0,2000,2000,0,5178,5178
17197883521,"Will, IL (CT)",0,1287,1287,0,3737,3737
17197883522,"Will, IL (CT)",0,1182,1182,0,3321,3321
17197883602,"Will, IL (CT)",513,1840,2353,1341,4278,5619
17197883603,"Will, IL (CT)",0,1260,1260,0,2973,2973
17197883605,"Will, IL (CT)",0,1271,1271,0,3082,3082
17197883606,"Will, IL (CT)",47,1251,1298,111,3884,3995
17197883700,"Will, IL (CT)",0,1395,1395,0,3144,3144
17197883803,"Will, IL (CT)",0,1352,1352,0,2577,2577
17197883804,"Will, IL (CT)",0,1101,1101,0,2853,2853
17197883806,"Will, IL (CT)",573,729,1302,1471,1941,3412
17197883808,"Will, IL (CT)",466,449,915,1114,817,1931
17197883809,"Will, IL (CT)",42,1363,1405,100,2878,2978
17197883810,"Will, IL (CT)",0,1461,1461,0,3740,3740
17197883811,"Will, IL (CT)",193,1162,1355,422,2717,3139
17197883902,"Will, IL (CT)",807,1597,2404,2115,4148,6263
17197883903,"Will, IL (CT)",477,223,700,1188,633,1821
17197883904,"Will, IL (CT)",357,1371,1728,892,3539,4431
17197884003,"Will, IL (CT)",9,1740,1749,20,4546,4566
17197884004,"Will, IL (CT)",83,1427,1510,168,2214,2382
17197884005,"Will, IL (CT)",593,19,612,1379,51,1430
17197884006,"Will, IL (CT)",652,239,891,1653,588,2241
17197884101,"Will, IL (CT)",21,1309,1330,616,3550,4166
17197884103,"Will, IL (CT)",130,817,947,467,2309,2776
17197980000,"Will, IL (CT)",1,0,1,0,0,0
17197980100,"Will, IL (CT)",0,42,42,0,3264,3264
17199020100,"Williamson, IL (CT)",1155,587,1742,2530,1148,3678
17199020201,"Williamson, IL (CT)",139,2499,2638,315,5296,5611
17199020202,"Williamson, IL (CT)",307,723,1030,734,1645,2379
17199020300,"Williamson, IL (CT)",569,1531,2100,1341,3467,4808
17199020400,"Williamson, IL (CT)",0,1908,1908,0,3780,3780
17199020500,"Williamson, IL (CT)",0,1610,1610,0,3540,3540
17199020600,"Williamson, IL (CT)",312,1285,1597,711,3102,3813
17199020700,"Williamson, IL (CT)",650,1680,2330,1510,3523,5033
17199020800,"Williamson, IL (CT)",3009,0,3009,6744,0,6744
17199020900,"Williamson, IL (CT)",652,1321,1973,1480,2881,4361
17199021000,"Williamson, IL (CT)",247,2489,2736,502,4799,5301
17199021100,"Williamson, IL (CT)",0,1574,1574,0,3215,3215
17199021200,"Williamson, IL (CT)",21,2129,2150,28,4519,4547
17199021300,"Williamson, IL (CT)",1015,948,1963,2476,2190,4666
17199021400,"Williamson, IL (CT)",1931,68,1999,4720,161,4881
17201000101,"Winnebago, IL (CT)",0,2177,2177,0,5244,5244
17201000103,"Winnebago, IL (CT)",0,1259,1259,0,2831,2831
17201000104,"Winnebago, IL (CT)",0,1136,1136,0,2788,2788
17201000105,"Winnebago, IL (CT)",0,1674,1674,0,4442,4442
17201000200,"Winnebago, IL (CT)",0,1510,1510,0,3293,3293
17201000300,"Winnebago, IL (CT)",0,1846,1846,0,4116,4116
17201000401,"Winnebago, IL (CT)",0,910,910,0,2141,2141
17201000402,"Winnebago, IL (CT)",0,1322,1322,0,2914,2914
17201000403,"Winnebago, IL (CT)",0,1981,1981,0,4282,4282
17201000501,"Winnebago, IL (CT)",0,2140,2140,0,4773,4773
17201000502,"Winnebago, IL (CT)",0,1547,1547,0,3556,3556
17201000504,"Winnebago, IL (CT)",0,2978,2978,0,7058,7058
17201000506,"Winnebago, IL (CT)",0,1684,1684,0,3987,3987
17201000507,"Winnebago, IL (CT)",0,1685,1685,0,3874,3874
17201000510,"Winnebago, IL (CT)",0,1357,1357,0,3329,3329
17201000511,"Winnebago, IL (CT)",0,1089,1089,0,2535,2535
17201000512,"Winnebago, IL (CT)",0,2647,2647,0,5203,5203
17201000513,"Winnebago, IL (CT)",0,1762,1762,0,3988,3988
17201000514,"Winnebago, IL (CT)",0,1522,1522,0,3420,3420
17201000600,"Winnebago, IL (CT)",0,1881,1881,0,4220,4220
17201000700,"Winnebago, IL (CT)",0,1506,1506,0,3099,3099
17201000800,"Winnebago, IL (CT)",0,1585,1585,0,3016,3016
17201001000,"Winnebago, IL (CT)",0,1441,1441,0,2469,2469
17201001100,"Winnebago, IL (CT)",0,949,949,0,1371,1371
17201001200,"Winnebago, IL (CT)",0,1132,1132,0,2601,2601
17201001300,"Winnebago, IL (CT)",0,1038,1038,0,2379,2379
17201001400,"Winnebago, IL (CT)",0,1797,1797,0,4074,4074
17201001500,"Winnebago, IL (CT)",0,2384,2384,0,5187,5187
17201001600,"Winnebago, IL (CT)",0,2341,2341,0,5214,5214
17201001700,"Winnebago, IL (CT)",0,1309,1309,0,3110,3110
17201001800,"Winnebago, IL (CT)",0,2278,2278,0,5370,5370
17201001900,"Winnebago, IL (CT)",0,1559,1559,0,3651,3651
17201002000,"Winnebago, IL (CT)",0,1158,1158,0,2553,2553
17201002100,"Winnebago, IL (CT)",0,776,776,0,2063,2063
17201002200,"Winnebago, IL (CT)",123,1323,1446,269,3459,3728
17201002301,"Winnebago, IL (CT)",0,1069,1069,0,2721,2721
17201002302,"Winnebago, IL (CT)",0,599,599,0,1386,1386
17201002400,"Winnebago, IL (CT)",0,1060,1060,0,2696,2696
17201002500,"Winnebago, IL (CT)",0,1284,1284,0,3402,3402
17201002600,"Winnebago, IL (CT)",0,1073,1073,0,3753,3753
17201002700,"Winnebago, IL (CT)",0,1211,1211,0,3434,3434
17201002800,"Winnebago, IL (CT)",0,625,625,0,1828,1828
17201002900,"Winnebago, IL (CT)",0,1058,1058,0,1111,1111
17201003000,"Winnebago, IL (CT)",0,870,870,0,1719,1719
17201003100,"Winnebago, IL (CT)",0,1956,1956,0,4167,4167
17201003200,"Winnebago, IL (CT)",0,1427,1427,0,3647,3647
17201003300,"Winnebago, IL (CT)",0,1557,1557,0,3822,3822
17201003400,"Winnebago, IL (CT)",0,1914,1914,0,4680,4680
17201003500,"Winnebago, IL (CT)",0,1181,1181,0,2413,2413
17201003601,"Winnebago, IL (CT)",445,337,782,1058,780,1838
17201003602,"Winnebago, IL (CT)",0,1820,1820,0,3874,3874
17201003604,"Winnebago, IL (CT)",0,1372,1372,0,3084,3084
17201003605,"Winnebago, IL (CT)",0,1034,1034,0,2315,2315
17201003606,"Winnebago, IL (CT)",0,1179,1179,0,2667,2667
17201003705,"Winnebago, IL (CT)",383,1658,2041,936,4183,5119
17201003706,"Winnebago, IL (CT)",0,2505,2505,0,6638,6638
17201003707,"Winnebago, IL (CT)",0,2084,2084,0,3792,3792
17201003708,"Winnebago, IL (CT)",0,1310,1310,0,2964,2964
17201003709,"Winnebago, IL (CT)",0,715,715,0,1900,1900
17201003710,"Winnebago, IL (CT)",0,1008,1008,0,2581,2581
17201003711,"Winnebago, IL (CT)",1024,1005,2029,2394,2255,4649
17201003801,"Winnebago, IL (CT)",759,1810,2569,1761,4460,6221
17201003805,"Winnebago, IL (CT)",0,2859,2859,0,7269,7269
17201003806,"Winnebago, IL (CT)",307,1373,1680,790,3998,4788
17201003807,"Winnebago, IL (CT)",157,3115,3272,371,7357,7728
17201003808,"Winnebago, IL (CT)",0,1473,1473,0,3807,3807
17201003809,"Winnebago, IL (CT)",0,2299,2299,0,4843,4843
17201003901,"Winnebago, IL (CT)",495,1290,1785,1235,3603,4838
17201003903,"Winnebago, IL (CT)",313,1905,2218,821,5209,6030
17201003904,"Winnebago, IL (CT)",43,1965,2008,111,4784,4895
17201004001,"Winnebago, IL (CT)",82,3454,3536,224,8791,9015
17201004002,"Winnebago, IL (CT)",6,2743,2749,12,6947,6959
17201004003,"Winnebago, IL (CT)",233,767,1000,438,1542,1980
17201004100,"Winnebago, IL (CT)",2438,0,2438,5302,0,5302
17201004200,"Winnebago, IL (CT)",949,1415,2364,2374,3864,6238
17201004300,"Winnebago, IL (CT)",2144,0,2144,5272,0,5272
17201980000,"Winnebago, IL (CT)",0,2,2,0,2,2
17203030100,"Woodford, IL (CT)",1058,0,1058,2580,0,2580
17203030200,"Woodford, IL (CT)",1298,0,1298,2989,0,2989
17203030300,"Woodford, IL (CT)",1191,0,1191,2989,0,2989
17203030400,"Woodford, IL (CT)",732,1481,2213,1988,3650,5638
17203030501,"Woodford, IL (CT)",803,1972,2775,2125,5444,7569
17203030502,"Woodford, IL (CT)",1121,0,1121,2592,0,2592
17203030601,"Woodford, IL (CT)",268,2129,2397,832,5573,6405
17203030602,"Woodford, IL (CT)",1261,0,1261,3383,0,3383
17203030700,"Woodford, IL (CT)",730,1101,1831,1743,2776,4519
18001030100,"Adams, IN (CT)",1621,300,1921,4027,710,4737
18001030200,"Adams, IN (CT)",240,2158,2398,614,4357,4971
18001030300,"Adams, IN (CT)",117,2308,2425,310,5196,5506
18001030400,"Adams, IN (CT)",1091,72,1163,3223,177,3400
18001030500,"Adams, IN (CT)",1534,0,1534,6070,0,6070
18001030600,"Adams, IN (CT)",75,1448,1523,145,3267,3412
18001030700,"Adams, IN (CT)",1004,1046,2050,4068,2223,6291
18003000100,"Allen, IN (CT)",0,1122,1122,0,2358,2358
18003000300,"Allen, IN (CT)",0,1460,1460,0,3298,3298
18003000400,"Allen, IN (CT)",0,1448,1448,0,2569,2569
18003000500,"Allen, IN (CT)",0,1389,1389,0,2945,2945
18003000600,"Allen, IN (CT)",0,906,906,0,1975,1975
18003000701,"Allen, IN (CT)",0,1456,1456,0,3108,3108
18003000704,"Allen, IN (CT)",0,1335,1335,0,2419,2419
18003000800,"Allen, IN (CT)",0,1997,1997,0,4113,4113
18003000900,"Allen, IN (CT)",0,1366,1366,0,3166,3166
18003001000,"Allen, IN (CT)",0,624,624,0,1247,1247
18003001100,"Allen, IN (CT)",0,1127,1127,0,1559,1559
18003001200,"Allen, IN (CT)",0,683,683,0,1079,1079
18003001300,"Allen, IN (CT)",0,689,689,0,2277,2277
18003001600,"Allen, IN (CT)",0,979,979,0,2206,2206
18003001700,"Allen, IN (CT)",0,948,948,0,2177,2177
18003002000,"Allen, IN (CT)",0,1629,1629,0,3321,3321
18003002100,"Allen, IN (CT)",0,1130,1130,0,2344,2344
18003002200,"Allen, IN (CT)",0,1982,1982,0,4221,4221
18003002300,"Allen, IN (CT)",0,2227,2227,0,5180,5180
18003002500,"Allen, IN (CT)",0,1426,1426,0,3152,3152
18003002600,"Allen, IN (CT)",0,1414,1414,0,3347,3347
18003002800,"Allen, IN (CT)",0,945,945,0,2065,2065
18003002900,"Allen, IN (CT)",0,1008,1008,0,2368,2368
18003003000,"Allen, IN (CT)",0,1530,1530,0,3525,3525
18003003100,"Allen, IN (CT)",0,1206,1206,0,2645,2645
18003003200,"Allen, IN (CT)",0,2234,2234,0,5325,5325
18003003301,"Allen, IN (CT)",0,1164,1164,0,2795,2795
18003003304,"Allen, IN (CT)",0,1994,1994,0,4340,4340
18003003400,"Allen, IN (CT)",0,2003,2003,0,4351,4351
18003003500,"Allen, IN (CT)",0,1900,1900,0,4216,4216
18003003600,"Allen, IN (CT)",0,2882,2882,0,5687,5687
18003003700,"Allen, IN (CT)",0,1202,1202,0,2779,2779
18003003800,"Allen, IN (CT)",0,1765,1765,0,3132,3132
18003003901,"Allen, IN (CT)",0,1555,1555,0,3358,3358
18003003902,"Allen, IN (CT)",0,1364,1364,0,2448,2448
18003004000,"Allen, IN (CT)",0,1398,1398,0,3111,3111
18003004101,"Allen, IN (CT)",0,932,932,0,2251,2251
18003004103,"Allen, IN (CT)",0,2922,2922,0,5368,5368
18003004300,"Allen, IN (CT)",0,1251,1251,0,2652,2652
18003004400,"Allen, IN (CT)",0,1493,1493,0,3223,3223
18003010100,"Allen, IN (CT)",1534,0,1534,4763,0,4763
18003010201,"Allen, IN (CT)",744,1546,2290,2081,4671,6752
18003010202,"Allen, IN (CT)",949,1074,2023,3093,2725,5818
18003010304,"Allen, IN (CT)",0,2438,2438,0,6601,6601
18003010305,"Allen, IN (CT)",581,1669,2250,1613,4938,6551
18003010306,"Allen, IN (CT)",271,1680,1951,726,4428,5154
18003010307,"Allen, IN (CT)",0,1712,1712,0,5298,5298
18003010308,"Allen, IN (CT)",0,1946,1946,0,5554,5554
18003010400,"Allen, IN (CT)",1089,279,1368,2857,755,3612
18003010500,"Allen, IN (CT)",976,0,976,2301,0,2301
18003010601,"Allen, IN (CT)",106,1448,1554,231,3355,3586
18003010602,"Allen, IN (CT)",294,1235,1529,786,2797,3583
18003010603,"Allen, IN (CT)",0,723,723,0,1620,1620
18003010604,"Allen, IN (CT)",0,1268,1268,0,2744,2744
18003010705,"Allen, IN (CT)",0,2276,2276,0,5019,5019
18003010706,"Allen, IN (CT)",0,1886,1886,0,4701,4701
18003010707,"Allen, IN (CT)",0,2420,2420,0,4803,4803
18003010803,"Allen, IN (CT)",0,2033,2033,0,5227,5227
18003010804,"Allen, IN (CT)",0,1741,1741,0,3918,3918
18003010807,"Allen, IN (CT)",0,1929,1929,0,4394,4394
18003010808,"Allen, IN (CT)",0,2018,2018,0,5213,5213
18003010809,"Allen, IN (CT)",0,2091,2091,0,5210,5210
18003010811,"Allen, IN (CT)",0,2412,2412,0,5422,5422
18003010812,"Allen, IN (CT)",48,1734,1782,99,4049,4148
18003010813,"Allen, IN (CT)",0,1942,1942,0,4210,4210
18003010815,"Allen, IN (CT)",168,1564,1732,461,4023,4484
18003010816,"Allen, IN (CT)",0,1895,1895,0,4709,4709
18003010817,"Allen, IN (CT)",0,1591,1591,0,4054,4054
18003010819,"Allen, IN (CT)",0,2401,2401,0,4389,4389
18003010821,"Allen, IN (CT)",0,2235,2235,0,4581,4581
18003010900,"Allen, IN (CT)",2155,7,2162,6351,18,6369
18003011000,"Allen, IN (CT)",887,179,1066,2296,317,2613
18003011100,"Allen, IN (CT)",0,1272,1272,0,2853,2853
18003011201,"Allen, IN (CT)",0,916,916,0,1940,1940
18003011202,"Allen, IN (CT)",0,1331,1331,0,3164,3164
18003011204,"Allen, IN (CT)",0,1190,1190,0,3093,3093
18003011205,"Allen, IN (CT)",0,1388,1388,0,3299,3299
18003011302,"Allen, IN (CT)",0,2283,2283,0,5644,5644
18003011303,"Allen, IN (CT)",0,867,867,0,2079,2079
18003011304,"Allen, IN (CT)",330,1787,2117,843,4238,5081
18003011501,"Allen, IN (CT)",0,2057,2057,0,3741,3741
18003011502,"Allen, IN (CT)",160,1144,1304,380,2222,2602
18003011603,"Allen, IN (CT)",0,2569,2569,0,6192,6192
18003011604,"Allen, IN (CT)",0,1845,1845,0,4090,4090
18003011605,"Allen, IN (CT)",129,1421,1550,284,2821,3105
18003011606,"Allen, IN (CT)",0,1928,1928,0,4846,4846
18003011607,"Allen, IN (CT)",0,2019,2019,0,4920,4920
18003011608,"Allen, IN (CT)",110,2158,2268,197,6093,6290
18003011609,"Allen, IN (CT)",316,1903,2219,889,5433,6322
18003011701,"Allen, IN (CT)",1088,217,1305,2914,440,3354
18003011702,"Allen, IN (CT)",761,530,1291,1893,1419,3312
18003011801,"Allen, IN (CT)",1355,247,1602,3456,402,3858
18003011802,"Allen, IN (CT)",673,0,673,1771,0,1771
18003011900,"Allen, IN (CT)",807,0,807,1927,0,1927
18003980001,"Allen, IN (CT)",0,66,66,0,664,664
18003980002,"Allen, IN (CT)",0,58,58,0,81,81
18005010100,"Bartholomew, IN (CT)",0,2271,2271,0,4553,4553
18005010200,"Bartholomew, IN (CT)",0,1984,1984,0,4483,4483
18005010300,"Bartholomew, IN (CT)",0,1356,1356,0,3486,3486
18005010400,"Bartholomew, IN (CT)",7,2386,2393,9,5932,5941
18005010500,"Bartholomew, IN (CT)",0,2333,2333,0,5245,5245
18005010600,"Bartholomew, IN (CT)",0,2659,2659,0,5245,5245
18005010700,"Bartholomew, IN (CT)",0,1686,1686,0,3297,3297
18005010800,"Bartholomew, IN (CT)",15,1801,1816,29,4042,4071
18005010900,"Bartholomew, IN (CT)",240,2045,2285,615,4212,4827
18005011000,"Bartholomew, IN (CT)",1833,307,2140,4220,813,5033
18005011100,"Bartholomew, IN (CT)",755,2620,3375,1951,6485,8436
18005011200,"Bartholomew, IN (CT)",2172,0,2172,5435,0,5435
18005011300,"Bartholomew, IN (CT)",1623,301,1924,4162,808,4970
18005011400,"Bartholomew, IN (CT)",1421,269,1690,3548,622,4170
18005011500,"Bartholomew, IN (CT)",2444,570,3014,5913,1689,7602
18007100100,"Benton, IN (CT)",1468,0,1468,3413,0,3413
18007100200,"Benton, IN (CT)",1400,0,1400,3115,0,3115
18007100300,"Benton, IN (CT)",1069,0,1069,2326,0,2326
18009975100,"Blackford, IN (CT)",1551,0,1551,3461,0,3461
18009975200,"Blackford, IN (CT)",0,1345,1345,0,2756,2756
18009975300,"Blackford, IN (CT)",0,1547,1547,0,3013,3013
18009975400,"Blackford, IN (CT)",1368,240,1608,3000,536,3536
18011810100,"Boone, IN (CT)",1404,0,1404,3517,0,3517
18011810200,"Boone, IN (CT)",1463,0,1463,3707,0,3707
18011810300,"Boone, IN (CT)",941,1284,2225,2439,3081,5520
18011810400,"Boone, IN (CT)",0,2564,2564,0,5799,5799
18011810500,"Boone, IN (CT)",78,3067,3145,176,6535,6711
18011810601,"Boone, IN (CT)",1201,683,1884,3148,1663,4811
18011810603,"Boone, IN (CT)",567,3291,3858,1416,10143,11559
18011810604,"Boone, IN (CT)",152,1504,1656,472,4510,4982
18011810605,"Boone, IN (CT)",8,2709,2717,14,5422,5436
18011810700,"Boone, IN (CT)",1838,0,1838,4598,0,4598
18013974600,"Brown, IN (CT)",1973,0,1973,2877,0,2877
18013974700,"Brown, IN (CT)",1711,0,1711,3379,0,3379
18013974800,"Brown, IN (CT)",2210,0,2210,4171,0,4171
18013974900,"Brown, IN (CT)",2391,0,2391,4815,0,4815
18015959300,"Carroll, IN (CT)",1280,0,1280,3023,0,3023
18015959400,"Carroll, IN (CT)",989,119,1108,2356,236,2592
18015959500,"Carroll, IN (CT)",1360,585,1945,1790,637,2427
18015959600,"Carroll, IN (CT)",178,1256,1434,499,2783,3282
18015959700,"Carroll, IN (CT)",1307,34,1341,3300,92,3392
18015959800,"Carroll, IN (CT)",1248,0,1248,2755,0,2755
18015959900,"Carroll, IN (CT)",1116,0,1116,2684,0,2684
18017950900,"Cass, IN (CT)",1489,569,2058,3518,1346,4864
18017951000,"Cass, IN (CT)",827,194,1021,1950,508,2458
18017951100,"Cass, IN (CT)",1300,0,1300,3065,0,3065
18017951200,"Cass, IN (CT)",0,935,935,0,2118,2118
18017951300,"Cass, IN (CT)",0,1209,1209,0,2903,2903
18017951400,"Cass, IN (CT)",0,999,999,0,2536,2536
18017951500,"Cass, IN (CT)",0,1862,1862,0,4604,4604
18017951600,"Cass, IN (CT)",0,2685,2685,0,5915,5915
18017951700,"Cass, IN (CT)",936,226,1162,2194,549,2743
18017951800,"Cass, IN (CT)",1227,370,1597,2890,1082,3972
18017951900,"Cass, IN (CT)",1646,0,1646,3788,0,3788
18019050100,"Clark, IN (CT)",0,1061,1061,0,1670,1670
18019050200,"Clark, IN (CT)",0,1565,1565,0,3741,3741
18019050303,"Clark, IN (CT)",0,1309,1309,0,2560,2560
18019050304,"Clark, IN (CT)",0,1922,1922,0,4249,4249
18019050305,"Clark, IN (CT)",0,1253,1253,0,2805,2805
18019050306,"Clark, IN (CT)",0,1120,1120,0,2297,2297
18019050401,"Clark, IN (CT)",0,1395,1395,0,2809,2809
18019050403,"Clark, IN (CT)",0,1363,1363,0,2913,2913
18019050404,"Clark, IN (CT)",0,1817,1817,0,3986,3986
18019050501,"Clark, IN (CT)",0,741,741,0,1639,1639
18019050503,"Clark, IN (CT)",0,2345,2345,0,5447,5447
18019050504,"Clark, IN (CT)",0,1539,1539,0,3069,3069
18019050603,"Clark, IN (CT)",0,3112,3112,0,7066,7066
18019050604,"Clark, IN (CT)",0,2614,2614,0,6005,6005
18019050605,"Clark, IN (CT)",0,2351,2351,0,5354,5354
18019050606,"Clark, IN (CT)",0,1712,1712,0,3911,3911
18019050701,"Clark, IN (CT)",155,2071,2226,318,5239,5557
18019050703,"Clark, IN (CT)",53,2437,2490,100,5887,5987
18019050704,"Clark, IN (CT)",369,1976,2345,764,5073,5837
18019050801,"Clark, IN (CT)",1889,637,2526,4516,1683,6199
18019050803,"Clark, IN (CT)",1423,485,1908,3646,1253,4899
18019050804,"Clark, IN (CT)",1632,0,1632,4010,0,4010
18019050902,"Clark, IN (CT)",726,1105,1831,1859,2649,4508
18019050903,"Clark, IN (CT)",287,1172,1459,797,2653,3450
18019050904,"Clark, IN (CT)",742,1373,2115,1866,3660,5526
18019051000,"Clark, IN (CT)",2025,0,2025,4738,0,4738
18021040100,"Clay, IN (CT)",215,2234,2449,507,4947,5454
18021040200,"Clay, IN (CT)",455,2209,2664,1039,5124,6163
18021040300,"Clay, IN (CT)",1400,31,1431,3403,62,3465
18021040400,"Clay, IN (CT)",1719,181,1900,4216,384,4600
18021040500,"Clay, IN (CT)",1578,0,1578,3555,0,3555
18021040600,"Clay, IN (CT)",1681,0,1681,3653,0,3653
18023950100,"Clinton, IN (CT)",1283,0,1283,3086,0,3086
18023950200,"Clinton, IN (CT)",1842,433,2275,4691,1029,5720
18023950300,"Clinton, IN (CT)",2019,0,2019,5081,0,5081
18023950400,"Clinton, IN (CT)",1511,138,1649,3682,408,4090
18023950500,"Clinton, IN (CT)",0,1768,1768,0,4736,4736
18023950600,"Clinton, IN (CT)",0,1449,1449,0,3455,3455
18023950700,"Clinton, IN (CT)",0,1601,1601,0,3382,3382
18023950800,"Clinton, IN (CT)",0,1277,1277,0,3674,3674
18025951900,"Crawford, IN (CT)",1782,0,1782,3805,0,3805
18025952000,"Crawford, IN (CT)",2335,0,2335,4031,0,4031
18025952100,"Crawford, IN (CT)",1403,0,1403,2877,0,2877
18027954300,"Daviess, IN (CT)",1700,0,1700,3758,0,3758
18027954400,"Daviess, IN (CT)",980,106,1086,2451,280,2731
18027954500,"Daviess, IN (CT)",2682,40,2722,9120,108,9228
18027954600,"Daviess, IN (CT)",1329,605,1934,3191,1332,4523
18027954700,"Daviess, IN (CT)",157,1386,1543,372,3431,3803
18027954800,"Daviess, IN (CT)",0,1640,1640,0,3531,3531
18027954900,"Daviess, IN (CT)",66,1780,1846,186,3888,4074
18029080101,"Dearborn, IN (CT)",1093,0,1093,2919,0,2919
18029080103,"Dearborn, IN (CT)",187,2015,2202,504,5316,5820
18029080104,"Dearborn, IN (CT)",373,1076,1449,978,3012,3990
18029080201,"Dearborn, IN (CT)",919,0,919,2341,0,2341
18029080202,"Dearborn, IN (CT)",1909,719,2628,4909,1836,6745
18029080300,"Dearborn, IN (CT)",51,2295,2346,97,4954,5051
18029080400,"Dearborn, IN (CT)",546,1904,2450,1391,4543,5934
18029080500,"Dearborn, IN (CT)",126,1629,1755,316,3714,4030
18029080600,"Dearborn, IN (CT)",2912,38,2950,6983,118,7101
18029080700,"Dearborn, IN (CT)",2379,0,2379,6116,0,6116
18031969000,"Decatur, IN (CT)",1416,892,2308,3248,1729,4977
18031969100,"Decatur, IN (CT)",1344,0,1344,3282,0,3282
18031969200,"Decatur, IN (CT)",237,1902,2139,568,4305,4873
18031969300,"Decatur, IN (CT)",0,1447,1447,0,3227,3227
18031969400,"Decatur, IN (CT)",1249,1110,2359,2982,2632,5614
18031969500,"Decatur, IN (CT)",1612,0,1612,3767,0,3767
18033020100,"DeKalb, IN (CT)",2012,12,2024,4397,31,4428
18033020200,"DeKalb, IN (CT)",842,989,1831,2221,2387,4608
18033020300,"DeKalb, IN (CT)",644,1072,1716,1651,2651,4302
18033020400,"DeKalb, IN (CT)",317,2885,3202,775,6436,7211
18033020500,"DeKalb, IN (CT)",93,2638,2731,222,5945,6167
18033020601,"DeKalb, IN (CT)",227,1103,1330,564,2606,3170
18033020602,"DeKalb, IN (CT)",170,1580,1750,439,3970,4409
18033020700,"DeKalb, IN (CT)",1271,156,1427,3311,337,3648
18033020800,"DeKalb, IN (CT)",1547,0,1547,4280,0,4280
18035000300,"Delaware, IN (CT)",0,905,905,0,1606,1606
18035000400,"Delaware, IN (CT)",0,1009,1009,0,1967,1967
18035000500,"Delaware, IN (CT)",0,2168,2168,0,4274,4274
18035000600,"Delaware, IN (CT)",0,1217,1217,0,1673,1673
18035000700,"Delaware, IN (CT)",0,1432,1432,0,2910,2910
18035000800,"Delaware, IN (CT)",0,2077,2077,0,4296,4296
18035000902,"Delaware, IN (CT)",0,160,160,0,6863,6863
18035000903,"Delaware, IN (CT)",0,1351,1351,0,2786,2786
18035000904,"Delaware, IN (CT)",0,2488,2488,0,5492,5492
18035001000,"Delaware, IN (CT)",0,2072,2072,0,4521,4521
18035001100,"Delaware, IN (CT)",0,1589,1589,0,3142,3142
18035001200,"Delaware, IN (CT)",0,1373,1373,0,2530,2530
18035001300,"Delaware, IN (CT)",0,1550,1550,0,3187,3187
18035001400,"Delaware, IN (CT)",0,1000,1000,0,2012,2012
18035001500,"Delaware, IN (CT)",0,1392,1392,0,2759,2759
18035001600,"Delaware, IN (CT)",0,1207,1207,0,2416,2416
18035001700,"Delaware, IN (CT)",186,394,580,379,972,1351
18035002000,"Delaware, IN (CT)",19,2547,2566,40,5218,5258
18035002100,"Delaware, IN (CT)",201,1151,1352,428,2370,2798
18035002200,"Delaware, IN (CT)",1684,1000,2684,3984,2212,6196
18035002301,"Delaware, IN (CT)",1039,468,1507,2544,1185,3729
18035002302,"Delaware, IN (CT)",962,767,1729,2261,1773,4034
18035002401,"Delaware, IN (CT)",364,2080,2444,844,4596,5440
18035002402,"Delaware, IN (CT)",480,3233,3713,1209,7453,8662
18035002500,"Delaware, IN (CT)",2009,479,2488,4561,843,5404
18035002601,"Delaware, IN (CT)",1195,1755,2950,2792,4414,7206
18035002602,"Delaware, IN (CT)",1260,0,1260,2838,0,2838
18035002700,"Delaware, IN (CT)",2214,0,2214,4963,0,4963
18035002800,"Delaware, IN (CT)",0,1421,1421,0,2443,2443
18035002900,"Delaware, IN (CT)",0,2459,2459,0,4915,4915
18037953200,"Dubois, IN (CT)",1276,1097,2373,3316,3087,6403
18037953300,"Dubois, IN (CT)",176,3009,3185,404,6760,7164
18037953400,"Dubois, IN (CT)",38,2313,2351,82,5305,5387
18037953500,"Dubois, IN (CT)",1841,362,2203,4138,889,5027
18037953600,"Dubois, IN (CT)",2176,0,2176,5155,0,5155
18037953700,"Dubois, IN (CT)",2771,59,2830,7133,125,7258
18037953800,"Dubois, IN (CT)",161,2105,2266,401,5094,5495
18039000100,"Elkhart, IN (CT)",0,1352,1352,0,3202,3202
18039000200,"Elkhart, IN (CT)",272,2249,2521,717,6740,7457
18039000301,"Elkhart, IN (CT)",41,1405,1446,93,3879,3972
18039000302,"Elkhart, IN (CT)",29,2814,2843,86,5943,6029
18039000400,"Elkhart, IN (CT)",274,1577,1851,726,4058,4784
18039000501,"Elkhart, IN (CT)",0,2087,2087,0,6014,6014
18039000502,"Elkhart, IN (CT)",0,2016,2016,0,4931,4931
18039000600,"Elkhart, IN (CT)",1678,1586,3264,4714,4977,9691
18039000700,"Elkhart, IN (CT)",928,1928,2856,2186,4739,6925
18039000801,"Elkhart, IN (CT)",795,317,1112,2620,697,3317
18039000802,"Elkhart, IN (CT)",1796,1280,3076,5415,3494,8909
18039000900,"Elkhart, IN (CT)",2152,148,2300,7206,381,7587
18039001000,"Elkhart, IN (CT)",971,568,1539,2738,1550,4288
18039001100,"Elkhart, IN (CT)",1105,476,1581,3692,1143,4835
18039001200,"Elkhart, IN (CT)",27,2207,2234,74,5138,5212
18039001300,"Elkhart, IN (CT)",2199,101,2300,6294,1307,7601
18039001400,"Elkhart, IN (CT)",251,3282,3533,643,8788,9431
18039001501,"Elkhart, IN (CT)",7,2076,2083,13,5035,5048
18039001502,"Elkhart, IN (CT)",519,1822,2341,1357,4753,6110
18039001601,"Elkhart, IN (CT)",0,2353,2353,0,4843,4843
18039001602,"Elkhart, IN (CT)",144,1924,2068,397,4438,4835
18039001701,"Elkhart, IN (CT)",0,1536,1536,0,3361,3361
18039001702,"Elkhart, IN (CT)",0,2249,2249,0,5239,5239
18039001801,"Elkhart, IN (CT)",291,1490,1781,717,3310,4027
18039001802,"Elkhart, IN (CT)",41,2799,2840,106,6161,6267
18039001901,"Elkhart, IN (CT)",0,2662,2662,0,6676,6676
18039001902,"Elkhart, IN (CT)",0,1773,1773,0,3848,3848
18039002000,"Elkhart, IN (CT)",153,2680,2833,381,6654,7035
18039002101,"Elkhart, IN (CT)",115,1368,1483,352,3706,4058
18039002102,"Elkhart, IN (CT)",0,2034,2034,0,5201,5201
18039002200,"Elkhart, IN (CT)",58,3236,3294,145,8218,8363
18039002300,"Elkhart, IN (CT)",0,1068,1068,0,2404,2404
18039002400,"Elkhart, IN (CT)",0,1800,1800,0,4186,4186
18039002600,"Elkhart, IN (CT)",0,1886,1886,0,4736,4736
18039002700,"Elkhart, IN (CT)",0,1234,1234,0,2382,2382
18039002900,"Elkhart, IN (CT)",0,2538,2538,0,4755,4755
18041954000,"Fayette, IN (CT)",1340,248,1588,3251,586,3837
18041954100,"Fayette, IN (CT)",0,1448,1448,0,2814,2814
18041954200,"Fayette, IN (CT)",1132,281,1413,2742,706,3448
18041954300,"Fayette, IN (CT)",0,1196,1196,0,2569,2569
18041954400,"Fayette, IN (CT)",0,2166,2166,0,4708,4708
18041954500,"Fayette, IN (CT)",153,1569,1722,318,3253,3571
18041954600,"Fayette, IN (CT)",1083,282,1365,2619,711,3330
18043070200,"Floyd, IN (CT)",0,901,901,0,1897,1897
18043070301,"Floyd, IN (CT)",0,1526,1526,0,2908,2908
18043070302,"Floyd, IN (CT)",0,1629,1629,0,3286,3286
18043070400,"Floyd, IN (CT)",0,1458,1458,0,2637,2637
18043070500,"Floyd, IN (CT)",0,1490,1490,0,3150,3150
18043070600,"Floyd, IN (CT)",11,1017,1028,22,2275,2297
18043070700,"Floyd, IN (CT)",0,1135,1135,0,2357,2357
18043070801,"Floyd, IN (CT)",0,1593,1593,0,3530,3530
18043070802,"Floyd, IN (CT)",0,1942,1942,0,4314,4314
18043070901,"Floyd, IN (CT)",0,2566,2566,0,5612,5612
18043070902,"Floyd, IN (CT)",0,750,750,0,1582,1582
18043071003,"Floyd, IN (CT)",1371,1251,2622,3411,3471,6882
18043071004,"Floyd, IN (CT)",1484,41,1525,3859,90,3949
18043071005,"Floyd, IN (CT)",0,1899,1899,0,5519,5519
18043071006,"Floyd, IN (CT)",0,1708,1708,0,4270,4270
18043071007,"Floyd, IN (CT)",171,1828,1999,368,4072,4440
18043071101,"Floyd, IN (CT)",1094,1120,2214,2947,2868,5815
18043071103,"Floyd, IN (CT)",743,758,1501,1948,1970,3918
18043071104,"Floyd, IN (CT)",280,1361,1641,651,3555,4206
18043071200,"Floyd, IN (CT)",819,22,841,1954,55,2009
18045957600,"Fountain, IN (CT)",894,458,1352,2137,983,3120
18045957700,"Fountain, IN (CT)",0,1051,1051,0,2262,2262
18045957800,"Fountain, IN (CT)",550,1192,1742,1280,2625,3905
18045957900,"Fountain, IN (CT)",1947,0,1947,4431,0,4431
18045958000,"Fountain, IN (CT)",1773,0,1773,3522,0,3522
18047960100,"Franklin, IN (CT)",877,1013,1890,2293,2572,4865
18047969600,"Franklin, IN (CT)",2397,0,2397,6015,0,6015
18047969700,"Franklin, IN (CT)",1315,0,1315,2675,0,2675
18047969800,"Franklin, IN (CT)",2323,0,2323,5637,0,5637
18047969900,"Franklin, IN (CT)",1613,0,1613,3895,0,3895
18049953000,"Fulton, IN (CT)",970,571,1541,2401,819,3220
18049953100,"Fulton, IN (CT)",91,2622,2713,138,5812,5950
18049953200,"Fulton, IN (CT)",1631,97,1728,3547,250,3797
18049953300,"Fulton, IN (CT)",1000,0,1000,2008,0,2008
18049953400,"Fulton, IN (CT)",1191,294,1485,2358,428,2786
18049953500,"Fulton, IN (CT)",1241,0,1241,3075,0,3075
18051050100,"Gibson, IN (CT)",1672,0,1672,4026,0,4026
18051050200,"Gibson, IN (CT)",1426,1958,3384,3912,4379,8291
18051050300,"Gibson, IN (CT)",1290,1187,2477,2992,2515,5507
18051050401,"Gibson, IN (CT)",1518,57,1575,3311,132,3443
18051050402,"Gibson, IN (CT)",1478,351,1829,3405,768,4173
18051050501,"Gibson, IN (CT)",90,1428,1518,196,3176,3372
18051050502,"Gibson, IN (CT)",50,2140,2190,122,4569,4691
18053000100,"Grant, IN (CT)",0,2020,2020,0,4064,4064
18053000200,"Grant, IN (CT)",0,1853,1853,0,3925,3925
18053000400,"Grant, IN (CT)",103,1864,1967,215,3835,4050
18053000500,"Grant, IN (CT)",104,2341,2445,236,4627,4863
18053000600,"Grant, IN (CT)",0,1522,1522,0,3011,3011
18053000700,"Grant, IN (CT)",29,1842,1871,51,3648,3699
18053000800,"Grant, IN (CT)",92,2269,2361,201,6766,6967
18053000900,"Grant, IN (CT)",174,1092,1266,379,2448,2827
18053010100,"Grant, IN (CT)",1697,740,2437,3963,1721,5684
18053010200,"Grant, IN (CT)",1714,164,1878,3993,377,4370
18053010300,"Grant, IN (CT)",553,1342,1895,1248,2942,4190
18053010400,"Grant, IN (CT)",368,1065,1433,921,2339,3260
18053010500,"Grant, IN (CT)",0,2348,2348,0,5403,5403
18053010600,"Grant, IN (CT)",875,602,1477,1968,1355,3323
18053010700,"Grant, IN (CT)",978,731,1709,2390,3343,5733
18053010800,"Grant, IN (CT)",1961,0,1961,4692,0,4692
18055954701,"Greene, IN (CT)",1963,0,1963,4587,0,4587
18055954702,"Greene, IN (CT)",1646,0,1646,3844,0,3844
18055954800,"Greene, IN (CT)",1745,0,1745,3717,0,3717
18055954900,"Greene, IN (CT)",1903,348,2251,4545,530,5075
18055955000,"Greene, IN (CT)",1415,0,1415,3038,0,3038
18055955100,"Greene, IN (CT)",0,1440,1440,0,3024,3024
18055955200,"Greene, IN (CT)",0,1086,1086,0,2217,2217
18055955300,"Greene, IN (CT)",1953,26,1979,4150,51,4201
18055955400,"Greene, IN (CT)",423,1263,1686,941,2521,3462
18057110100,"Hamilton, IN (CT)",1893,2387,4280,4538,5834,10372
18057110201,"Hamilton, IN (CT)",739,1001,1740,1919,2444,4363
18057110202,"Hamilton, IN (CT)",422,2205,2627,1089,4916,6005
18057110300,"Hamilton, IN (CT)",1547,3352,4899,3837,8263,12100
18057110401,"Hamilton, IN (CT)",259,1299,1558,614,3303,3917
18057110403,"Hamilton, IN (CT)",0,3500,3500,0,9180,9180
18057110404,"Hamilton, IN (CT)",0,1862,1862,0,5114,5114
18057110505,"Hamilton, IN (CT)",520,1869,2389,1353,5527,6880
18057110506,"Hamilton, IN (CT)",91,3204,3295,227,8461,8688
18057110507,"Hamilton, IN (CT)",168,3945,4113,426,10443,10869
18057110508,"Hamilton, IN (CT)",162,3467,3629,470,8459,8929
18057110509,"Hamilton, IN (CT)",64,1902,1966,135,4628,4763
18057110511,"Hamilton, IN (CT)",45,1841,1886,143,5245,5388
18057110512,"Hamilton, IN (CT)",0,2129,2129,0,4834,4834
18057110600,"Hamilton, IN (CT)",0,1907,1907,0,4219,4219
18057110700,"Hamilton, IN (CT)",0,1522,1522,0,3425,3425
18057110804,"Hamilton, IN (CT)",276,3943,4219,650,11703,12353
18057110805,"Hamilton, IN (CT)",0,2827,2827,0,8002,8002
18057110806,"Hamilton, IN (CT)",3,4230,4233,3,12462,12465
18057110807,"Hamilton, IN (CT)",0,2382,2382,0,5461,5461
18057110808,"Hamilton, IN (CT)",0,6263,6263,0,18793,18793
18057110809,"Hamilton, IN (CT)",0,3740,3740,0,8717,8717
18057110810,"Hamilton, IN (CT)",0,2938,2938,0,6305,6305
18057110811,"Hamilton, IN (CT)",0,2085,2085,0,4098,4098
18057110812,"Hamilton, IN (CT)",0,2408,2408,0,6036,6036
18057110903,"Hamilton, IN (CT)",27,2968,2995,67,9799,9866
18057110904,"Hamilton, IN (CT)",0,1467,1467,0,4546,4546
18057110905,"Hamilton, IN (CT)",0,1588,1588,0,2839,2839
18057110906,"Hamilton, IN (CT)",0,2141,2141,0,6334,6334
18057110907,"Hamilton, IN (CT)",0,1713,1713,0,5383,5383
18057110908,"Hamilton, IN (CT)",2,3727,3729,2,10761,10763
18057111001,"Hamilton, IN (CT)",0,4064,4064,0,11090,11090
18057111003,"Hamilton, IN (CT)",0,1842,1842,0,4495,4495
18057111004,"Hamilton, IN (CT)",0,1123,1123,0,2925,2925
18057111006,"Hamilton, IN (CT)",0,1857,1857,0,4242,4242
18057111007,"Hamilton, IN (CT)",0,1843,1843,0,3989,3989
18057111008,"Hamilton, IN (CT)",0,3084,3084,0,4789,4789
18057111101,"Hamilton, IN (CT)",0,1448,1448,0,3851,3851
18057111102,"Hamilton, IN (CT)",0,3481,3481,0,8181,8181
18059410100,"Hancock, IN (CT)",1730,0,1730,4233,0,4233
18059410200,"Hancock, IN (CT)",908,3414,4322,2306,8699,11005
18059410300,"Hancock, IN (CT)",1927,2459,4386,4775,6185,10960
18059410400,"Hancock, IN (CT)",0,3017,3017,0,6866,6866
18059410500,"Hancock, IN (CT)",0,1188,1188,0,2867,2867
18059410600,"Hancock, IN (CT)",0,2282,2282,0,5023,5023
18059410700,"Hancock, IN (CT)",2047,119,2166,5355,343,5698
18059410800,"Hancock, IN (CT)",329,3089,3418,874,8148,9022
18059410900,"Hancock, IN (CT)",859,2299,3158,2142,6288,8430
18059411000,"Hancock, IN (CT)",685,1773,2458,1628,4270,5898
18061060100,"Harrison, IN (CT)",2624,0,2624,6217,0,6217
18061060200,"Harrison, IN (CT)",3033,173,3206,7413,484,7897
18061060300,"Harrison, IN (CT)",1358,711,2069,3348,1647,4995
18061060400,"Harrison, IN (CT)",1606,1607,3213,4114,3375,7489
18061060500,"Harrison, IN (CT)",2378,31,2409,5820,65,5885
18061060600,"Harrison, IN (CT)",3013,0,3013,6881,0,6881
18063210102,"Hendricks, IN (CT)",522,5386,5908,1172,15074,16246
18063210103,"Hendricks, IN (CT)",316,933,1249,900,2751,3651
18063210104,"Hendricks, IN (CT)",584,2211,2795,1571,6379,7950
18063210201,"Hendricks, IN (CT)",0,1724,1724,0,3763,3763
18063210202,"Hendricks, IN (CT)",31,3439,3470,77,8496,8573
18063210300,"Hendricks, IN (CT)",912,1438,2350,2481,3764,6245
18063210400,"Hendricks, IN (CT)",1984,0,1984,4920,0,4920
18063210501,"Hendricks, IN (CT)",652,1750,2402,1705,4554,6259
18063210502,"Hendricks, IN (CT)",483,1917,2400,1272,4636,5908
18063210603,"Hendricks, IN (CT)",300,3172,3472,690,8308,8998
18063210604,"Hendricks, IN (CT)",2,5199,5201,2,13566,13568
18063210605,"Hendricks, IN (CT)",328,3409,3737,831,9053,9884
18063210606,"Hendricks, IN (CT)",0,3925,3925,0,11191,11191
18063210607,"Hendricks, IN (CT)",0,1703,1703,0,4269,4269
18063210608,"Hendricks, IN (CT)",225,1177,1402,536,2888,3424
18063210700,"Hendricks, IN (CT)",470,2638,3108,1127,9272,10399
18063210801,"Hendricks, IN (CT)",0,1455,1455,0,3239,3239
18063210802,"Hendricks, IN (CT)",0,1833,1833,0,4149,4149
18063210900,"Hendricks, IN (CT)",0,1650,1650,0,3487,3487
18063211000,"Hendricks, IN (CT)",2049,205,2254,5121,651,5772
18063211100,"Hendricks, IN (CT)",1432,0,1432,3553,0,3553
18065975500,"Henry, IN (CT)",1178,180,1358,2775,2766,5541
18065975600,"Henry, IN (CT)",1772,0,1772,4215,0,4215
18065975700,"Henry, IN (CT)",1976,0,1976,4687,0,4687
18065975800,"Henry, IN (CT)",852,1088,1940,2046,2543,4589
18065975900,"Henry, IN (CT)",694,1340,2034,1681,2820,4501
18065976000,"Henry, IN (CT)",0,1540,1540,0,3352,3352
18065976100,"Henry, IN (CT)",0,1304,1304,0,2913,2913
18065976300,"Henry, IN (CT)",0,980,980,0,1889,1889
18065976400,"Henry, IN (CT)",0,2275,2275,0,4359,4359
18065976500,"Henry, IN (CT)",0,1252,1252,0,2577,2577
18065976600,"Henry, IN (CT)",0,1105,1105,0,2140,2140
18065976700,"Henry, IN (CT)",733,1218,1951,1852,2669,4521
18065976800,"Henry, IN (CT)",1691,110,1801,3941,237,4178
18067000200,"Howard, IN (CT)",0,1968,1968,0,3565,3565
18067000300,"Howard, IN (CT)",0,1427,1427,0,2879,2879
18067000400,"Howard, IN (CT)",0,1708,1708,0,3491,3491
18067000500,"Howard, IN (CT)",0,1771,1771,0,3683,3683
18067000600,"Howard, IN (CT)",0,1432,1432,0,3003,3003
18067000700,"Howard, IN (CT)",0,2546,2546,0,5598,5598
18067000800,"Howard, IN (CT)",0,2556,2556,0,5517,5517
18067000900,"Howard, IN (CT)",0,2077,2077,0,4028,4028
18067001000,"Howard, IN (CT)",0,958,958,0,1758,1758
18067001100,"Howard, IN (CT)",0,2589,2589,0,5203,5203
18067001200,"Howard, IN (CT)",0,2000,2000,0,3671,3671
18067001300,"Howard, IN (CT)",147,1165,1312,285,2231,2516
18067001400,"Howard, IN (CT)",28,2302,2330,57,4380,4437
18067001500,"Howard, IN (CT)",0,1548,1548,0,3782,3782
18067010100,"Howard, IN (CT)",1288,1408,2696,3272,3219,6491
18067010200,"Howard, IN (CT)",1728,853,2581,3921,1951,5872
18067010300,"Howard, IN (CT)",821,874,1695,1972,1858,3830
18067010400,"Howard, IN (CT)",1484,0,1484,3796,0,3796
18067010500,"Howard, IN (CT)",1522,484,2006,3797,1278,5075
18067010600,"Howard, IN (CT)",335,1660,1995,721,3836,4557
18069961300,"Huntington, IN (CT)",1899,0,1899,4625,0,4625
18069961400,"Huntington, IN (CT)",303,1425,1728,719,3144,3863
18069961500,"Huntington, IN (CT)",0,1901,1901,0,4871,4871
18069961600,"Huntington, IN (CT)",158,1460,1618,370,3356,3726
18069961700,"Huntington, IN (CT)",1840,0,1840,4546,0,4546
18069961800,"Huntington, IN (CT)",200,1249,1449,454,2776,3230
18069961900,"Huntington, IN (CT)",272,1775,2047,622,4040,4662
18069962000,"Huntington, IN (CT)",1773,9,1782,4234,20,4254
18069962100,"Huntington, IN (CT)",1541,0,1541,3347,0,3347
18071967500,"Jackson, IN (CT)",1778,1369,3147,4285,3497,7782
18071967600,"Jackson, IN (CT)",92,1606,1698,221,3503,3724
18071967700,"Jackson, IN (CT)",0,1609,1609,0,3765,3765
18071967800,"Jackson, IN (CT)",0,1052,1052,0,2313,2313
18071967901,"Jackson, IN (CT)",0,2078,2078,0,4539,4539
18071967902,"Jackson, IN (CT)",0,1295,1295,0,3078,3078
18071968000,"Jackson, IN (CT)",2298,0,2298,5344,0,5344
18071968100,"Jackson, IN (CT)",470,1305,1775,1058,3149,4207
18071968200,"Jackson, IN (CT)",1756,0,1756,4205,0,4205
18071968300,"Jackson, IN (CT)",1494,0,1494,3419,0,3419
18073100400,"Jasper, IN (CT)",522,0,522,1490,0,1490
18073100800,"Jasper, IN (CT)",1990,0,1990,5037,0,5037
18073100901,"Jasper, IN (CT)",1189,0,1189,3223,0,3223
18073100902,"Jasper, IN (CT)",712,1934,2646,1769,4652,6421
18073101000,"Jasper, IN (CT)",2194,0,2194,5884,0,5884
18073101100,"Jasper, IN (CT)",446,1156,1602,1141,2562,3703
18073101200,"Jasper, IN (CT)",334,1278,1612,935,3009,3944
18073101300,"Jasper, IN (CT)",1295,118,1413,3299,477,3776
18075962700,"Jay, IN (CT)",1373,0,1373,3347,0,3347
18075962800,"Jay, IN (CT)",1178,0,1178,3395,0,3395
18075962900,"Jay, IN (CT)",1137,28,1165,2817,43,2860
18075963000,"Jay, IN (CT)",39,1059,1098,85,2212,2297
18075963100,"Jay, IN (CT)",268,1752,2020,444,3751,4195
18075963200,"Jay, IN (CT)",585,600,1185,1396,1280,2676
18075963300,"Jay, IN (CT)",150,1052,1202,344,2139,2483
18077966000,"Jefferson, IN (CT)",1590,263,1853,3527,477,4004
18077966100,"Jefferson, IN (CT)",1799,794,2593,4311,2086,6397
18077966200,"Jefferson, IN (CT)",2000,0,2000,4719,0,4719
18077966300,"Jefferson, IN (CT)",387,1070,1457,726,3158,3884
18077966400,"Jefferson, IN (CT)",234,2147,2381,506,5251,5757
18077966500,"Jefferson, IN (CT)",355,2300,2655,835,4777,5612
18077966600,"Jefferson, IN (CT)",0,1372,1372,0,2055,2055
18079960200,"Jennings, IN (CT)",1823,458,2281,4351,1092,5443
18079960301,"Jennings, IN (CT)",1560,0,1560,3921,0,3921
18079960302,"Jennings, IN (CT)",461,1767,2228,1105,3577,4682
18079960400,"Jennings, IN (CT)",1216,1594,2810,3117,3661,6778
18079960500,"Jennings, IN (CT)",0,1195,1195,0,2657,2657
18079960600,"Jennings, IN (CT)",1850,145,1995,4677,367,5044
18081610100,"Johnson, IN (CT)",1336,3464,4800,3444,9942,13386
18081610201,"Johnson, IN (CT)",0,2052,2052,0,4645,4645
18081610202,"Johnson, IN (CT)",0,4403,4403,0,9559,9559
18081610300,"Johnson, IN (CT)",0,1999,1999,0,3684,3684
18081610401,"Johnson, IN (CT)",0,2730,2730,0,6006,6006
18081610403,"Johnson, IN (CT)",0,2134,2134,0,5386,5386
18081610404,"Johnson, IN (CT)",0,2011,2011,0,4760,4760
18081610500,"Johnson, IN (CT)",91,2998,3089,269,7722,7991
18081610603,"Johnson, IN (CT)",0,2421,2421,0,6603,6603
18081610604,"Johnson, IN (CT)",61,2973,3034,158,8545,8703
18081610605,"Johnson, IN (CT)",0,2115,2115,0,5239,5239
18081610606,"Johnson, IN (CT)",0,2280,2280,0,5645,5645
18081610701,"Johnson, IN (CT)",206,3819,4025,283,10061,10344
18081610702,"Johnson, IN (CT)",473,1818,2291,1255,4392,5647
18081610801,"Johnson, IN (CT)",1338,1266,2604,3408,3580,6988
18081610802,"Johnson, IN (CT)",186,2739,2925,468,6573,7041
18081610900,"Johnson, IN (CT)",0,2199,2199,0,4980,4980
18081611000,"Johnson, IN (CT)",0,1719,1719,0,4081,4081
18081611100,"Johnson, IN (CT)",87,1340,1427,214,3102,3316
18081611200,"Johnson, IN (CT)",1065,623,1688,2592,1807,4399
18081611300,"Johnson, IN (CT)",0,1674,1674,0,3935,3935
18081611400,"Johnson, IN (CT)",3029,0,3029,7316,0,7316
18083955000,"Knox, IN (CT)",93,1462,1555,195,2845,3040
18083955100,"Knox, IN (CT)",1204,194,1398,2554,372,2926
18083955200,"Knox, IN (CT)",2027,520,2547,4626,1347,5973
18083955300,"Knox, IN (CT)",0,1173,1173,0,4124,4124
18083955400,"Knox, IN (CT)",0,1133,1133,0,2289,2289
18083955500,"Knox, IN (CT)",0,1586,1586,0,3126,3126
18083955600,"Knox, IN (CT)",0,1563,1563,0,3086,3086
18083955700,"Knox, IN (CT)",112,2139,2251,301,4452,4753
18083955800,"Knox, IN (CT)",1490,10,1500,3432,21,3453
18083955900,"Knox, IN (CT)",1243,1089,2332,2813,2857,5670
18085960900,"Kosciusko, IN (CT)",197,1623,1820,424,2325,2749
18085961000,"Kosciusko, IN (CT)",436,2259,2695,1006,3524,4530
18085961100,"Kosciusko, IN (CT)",1835,387,2222,5011,967,5978
18085961200,"Kosciusko, IN (CT)",1598,539,2137,4478,1288,5766
18085961300,"Kosciusko, IN (CT)",1807,289,2096,2537,691,3228
18085961400,"Kosciusko, IN (CT)",816,1475,2291,1141,1999,3140
18085961500,"Kosciusko, IN (CT)",1023,1061,2084,1223,1346,2569
18085961600,"Kosciusko, IN (CT)",332,1064,1396,578,984,1562
18085961700,"Kosciusko, IN (CT)",182,1733,1915,430,4002,4432
18085961800,"Kosciusko, IN (CT)",491,1907,2398,1102,4427,5529
18085961900,"Kosciusko, IN (CT)",0,1176,1176,0,2932,2932
18085962000,"Kosciusko, IN (CT)",0,2198,2198,0,4660,4660
18085962100,"Kosciusko, IN (CT)",75,2827,2902,210,7354,7564
18085962200,"Kosciusko, IN (CT)",1535,447,1982,3495,1320,4815
18085962300,"Kosciusko, IN (CT)",595,1404,1999,1523,3492,5015
18085962400,"Kosciusko, IN (CT)",1544,0,1544,3759,0,3759
18085962500,"Kosciusko, IN (CT)",1275,0,1275,2969,0,2969
18085962600,"Kosciusko, IN (CT)",1095,0,1095,2729,0,2729
18085962700,"Kosciusko, IN (CT)",1813,0,1813,3432,0,3432
18087970100,"LaGrange, IN (CT)",2552,0,2552,6324,0,6324
18087970200,"LaGrange, IN (CT)",622,1392,2014,1973,3113,5086
18087970300,"LaGrange, IN (CT)",2354,0,2354,7441,0,7441
18087970401,"LaGrange, IN (CT)",1056,0,1056,4393,0,4393
18087970402,"LaGrange, IN (CT)",1406,0,1406,5059,0,5059
18087970500,"LaGrange, IN (CT)",1289,0,1289,3429,0,3429
18087970600,"LaGrange, IN (CT)",1682,0,1682,2405,0,2405
18087970700,"LaGrange, IN (CT)",1741,0,1741,2991,0,2991
18089010100,"Lake, IN (CT)",0,2169,2169,0,4312,4312
18089010201,"Lake, IN (CT)",0,2934,2934,0,5696,5696
18089010203,"Lake, IN (CT)",0,1341,1341,0,2462,2462
18089010205,"Lake, IN (CT)",0,831,831,0,1546,1546
18089010302,"Lake, IN (CT)",0,1544,1544,0,3472,3472
18089010304,"Lake, IN (CT)",0,1462,1462,0,3149,3149
18089010400,"Lake, IN (CT)",0,1476,1476,0,3274,3274
18089010500,"Lake, IN (CT)",0,610,610,0,957,957
18089010600,"Lake, IN (CT)",0,673,673,0,1386,1386
18089010900,"Lake, IN (CT)",0,557,557,0,977,977
18089011000,"Lake, IN (CT)",0,817,817,0,1687,1687
18089011100,"Lake, IN (CT)",0,1906,1906,0,4597,4597
18089011200,"Lake, IN (CT)",0,2086,2086,0,4402,4402
18089011300,"Lake, IN (CT)",0,1152,1152,0,1869,1869
18089011400,"Lake, IN (CT)",0,700,700,0,1271,1271
18089011500,"Lake, IN (CT)",0,1332,1332,0,2693,2693
18089011600,"Lake, IN (CT)",0,1178,1178,0,2321,2321
18089011700,"Lake, IN (CT)",0,667,667,0,826,826
18089011800,"Lake, IN (CT)",0,734,734,0,1484,1484
18089011900,"Lake, IN (CT)",0,1119,1119,0,2069,2069
18089012000,"Lake, IN (CT)",0,631,631,0,1049,1049
18089012100,"Lake, IN (CT)",0,533,533,0,940,940
18089012200,"Lake, IN (CT)",0,688,688,0,1459,1459
18089012300,"Lake, IN (CT)",0,1486,1486,0,3038,3038
18089012400,"Lake, IN (CT)",0,2309,2309,0,4804,4804
18089012500,"Lake, IN (CT)",0,2245,2245,0,5155,5155
18089012600,"Lake, IN (CT)",0,1324,1324,0,2707,2707
18089012700,"Lake, IN (CT)",0,1637,1637,0,3515,3515
18089012800,"Lake, IN (CT)",0,1180,1180,0,2326,2326
18089020100,"Lake, IN (CT)",0,2121,2121,0,4750,4750
18089020200,"Lake, IN (CT)",0,1196,1196,0,2513,2513
18089020300,"Lake, IN (CT)",0,2677,2677,0,6601,6601
18089020400,"Lake, IN (CT)",0,1917,1917,0,5554,5554
18089020500,"Lake, IN (CT)",0,1388,1388,0,3984,3984
18089020600,"Lake, IN (CT)",0,1176,1176,0,2255,2255
18089020700,"Lake, IN (CT)",0,2328,2328,0,5183,5183
18089020800,"Lake, IN (CT)",0,1831,1831,0,4455,4455
18089020900,"Lake, IN (CT)",0,1728,1728,0,4375,4375
18089021000,"Lake, IN (CT)",0,2006,2006,0,5183,5183
18089021100,"Lake, IN (CT)",0,1200,1200,0,3016,3016
18089021300,"Lake, IN (CT)",0,1545,1545,0,3630,3630
18089021400,"Lake, IN (CT)",0,2027,2027,0,5175,5175
18089021500,"Lake, IN (CT)",0,1018,1018,0,2285,2285
18089021600,"Lake, IN (CT)",0,1186,1186,0,2996,2996
18089021700,"Lake, IN (CT)",0,1943,1943,0,4913,4913
18089021800,"Lake, IN (CT)",0,1577,1577,0,3696,3696
18089021900,"Lake, IN (CT)",0,2014,2014,0,5184,5184
18089022000,"Lake, IN (CT)",0,2067,2067,0,5082,5082
18089030100,"Lake, IN (CT)",0,629,629,0,1456,1456
18089030200,"Lake, IN (CT)",0,601,601,0,1436,1436
18089030300,"Lake, IN (CT)",0,1169,1169,0,2577,2577
18089030400,"Lake, IN (CT)",0,1515,1515,0,3505,3505
18089030500,"Lake, IN (CT)",0,1635,1635,0,4201,4201
18089030600,"Lake, IN (CT)",0,2043,2043,0,5052,5052
18089030700,"Lake, IN (CT)",0,924,924,0,2064,2064
18089030800,"Lake, IN (CT)",0,1863,1863,0,4272,4272
18089030900,"Lake, IN (CT)",0,1684,1684,0,3575,3575
18089031000,"Lake, IN (CT)",0,895,895,0,1560,1560
18089040100,"Lake, IN (CT)",0,617,617,0,1474,1474
18089040200,"Lake, IN (CT)",0,1580,1580,0,3523,3523
18089040300,"Lake, IN (CT)",0,3376,3376,0,7895,7895
18089040401,"Lake, IN (CT)",0,2000,2000,0,5208,5208
18089040402,"Lake, IN (CT)",0,1676,1676,0,4533,4533
18089040403,"Lake, IN (CT)",0,2341,2341,0,5967,5967
18089040501,"Lake, IN (CT)",0,1723,1723,0,3623,3623
18089040502,"Lake, IN (CT)",0,1709,1709,0,3519,3519
18089040600,"Lake, IN (CT)",0,1670,1670,0,3759,3759
18089040700,"Lake, IN (CT)",0,2053,2053,0,5031,5031
18089040801,"Lake, IN (CT)",0,1556,1556,0,3888,3888
18089040802,"Lake, IN (CT)",0,1624,1624,0,3907,3907
18089040900,"Lake, IN (CT)",0,2635,2635,0,6604,6604
18089041001,"Lake, IN (CT)",0,2470,2470,0,5525,5525
18089041002,"Lake, IN (CT)",0,1909,1909,0,4666,4666
18089041100,"Lake, IN (CT)",0,1025,1025,0,2377,2377
18089041200,"Lake, IN (CT)",0,1185,1185,0,2474,2474
18089041302,"Lake, IN (CT)",0,1113,1113,0,2771,2771
18089041400,"Lake, IN (CT)",0,1194,1194,0,2847,2847
18089041500,"Lake, IN (CT)",0,774,774,0,1650,1650
18089041600,"Lake, IN (CT)",0,1991,1991,0,4638,4638
18089041700,"Lake, IN (CT)",0,1886,1886,0,4625,4625
18089041800,"Lake, IN (CT)",0,2578,2578,0,6437,6437
18089041900,"Lake, IN (CT)",0,2058,2058,0,4912,4912
18089042000,"Lake, IN (CT)",76,2761,2837,217,6351,6568
18089042100,"Lake, IN (CT)",0,2397,2397,0,5547,5547
18089042200,"Lake, IN (CT)",0,2547,2547,0,6591,6591
18089042300,"Lake, IN (CT)",1253,1945,3198,2977,4271,7248
18089042401,"Lake, IN (CT)",0,2640,2640,0,6444,6444
18089042402,"Lake, IN (CT)",0,2901,2901,0,7111,7111
18089042403,"Lake, IN (CT)",0,1811,1811,0,4189,4189
18089042501,"Lake, IN (CT)",0,2291,2291,0,6217,6217
18089042503,"Lake, IN (CT)",0,1487,1487,0,3132,3132
18089042504,"Lake, IN (CT)",3,2698,2701,4,7342,7346
18089042505,"Lake, IN (CT)",0,2922,2922,0,6203,6203
18089042602,"Lake, IN (CT)",0,2363,2363,0,6428,6428
18089042605,"Lake, IN (CT)",47,2453,2500,123,7022,7145
18089042606,"Lake, IN (CT)",0,1487,1487,0,3355,3355
18089042607,"Lake, IN (CT)",0,2386,2386,0,7304,7304
18089042608,"Lake, IN (CT)",0,1582,1582,0,4413,4413
18089042609,"Lake, IN (CT)",1,2907,2908,0,8442,8442
18089042702,"Lake, IN (CT)",0,2425,2425,0,5513,5513
18089042703,"Lake, IN (CT)",0,2402,2402,0,4892,4892
18089042704,"Lake, IN (CT)",0,1953,1953,0,4450,4450
18089042801,"Lake, IN (CT)",0,3774,3774,0,9226,9226
18089042802,"Lake, IN (CT)",0,1911,1911,0,5573,5573
18089042901,"Lake, IN (CT)",190,2289,2479,465,5676,6141
18089042902,"Lake, IN (CT)",777,1605,2382,2007,4295,6302
18089043001,"Lake, IN (CT)",114,1735,1849,314,4236,4550
18089043002,"Lake, IN (CT)",0,2672,2672,0,5443,5443
18089043101,"Lake, IN (CT)",395,714,1109,1052,1823,2875
18089043102,"Lake, IN (CT)",129,2707,2836,351,7280,7631
18089043201,"Lake, IN (CT)",67,1363,1430,179,3245,3424
18089043202,"Lake, IN (CT)",575,2404,2979,1431,6402,7833
18089043300,"Lake, IN (CT)",572,3004,3576,1597,8457,10054
18089043401,"Lake, IN (CT)",1344,1320,2664,3478,3348,6826
18089043403,"Lake, IN (CT)",120,2405,2525,289,6292,6581
18089043404,"Lake, IN (CT)",709,0,709,1668,0,1668
18089043405,"Lake, IN (CT)",1352,798,2150,3530,1986,5516
18089990000,"Lake, IN (CT)",0,0,0,0,0,0
18091040100,"LaPorte, IN (CT)",0,749,749,0,3901,3901
18091040300,"LaPorte, IN (CT)",0,1238,1238,0,2677,2677
18091040400,"LaPorte, IN (CT)",0,1386,1386,0,3141,3141
18091040500,"LaPorte, IN (CT)",0,1642,1642,0,3433,3433
18091040600,"LaPorte, IN (CT)",0,2240,2240,0,4852,4852
18091040700,"LaPorte, IN (CT)",0,662,662,0,1535,1535
18091040800,"LaPorte, IN (CT)",0,1380,1380,0,2988,2988
18091040900,"LaPorte, IN (CT)",0,1169,1169,0,2778,2778
18091041100,"LaPorte, IN (CT)",0,1784,1784,0,2179,2179
18091041200,"LaPorte, IN (CT)",0,928,928,0,1059,1059
18091041300,"LaPorte, IN (CT)",251,893,1144,543,2084,2627
18091041400,"LaPorte, IN (CT)",363,1583,1946,828,3059,3887
18091041500,"LaPorte, IN (CT)",1463,533,1996,3501,1508,5009
18091041600,"LaPorte, IN (CT)",1719,968,2687,3907,2423,6330
18091041700,"LaPorte, IN (CT)",1469,0,1469,3395,0,3395
18091041800,"LaPorte, IN (CT)",1736,914,2650,4078,1976,6054
18091041900,"LaPorte, IN (CT)",2319,0,2319,5390,0,5390
18091042000,"LaPorte, IN (CT)",513,570,1083,1256,1261,2517
18091042100,"LaPorte, IN (CT)",37,2726,2763,84,6310,6394
18091042200,"LaPorte, IN (CT)",165,1339,1504,305,2909,3214
18091042300,"LaPorte, IN (CT)",0,1116,1116,0,2345,2345
18091042400,"LaPorte, IN (CT)",214,3130,3344,544,6881,7425
18091042500,"LaPorte, IN (CT)",382,1910,2292,942,4118,5060
18091042600,"LaPorte, IN (CT)",1193,1210,2403,2816,5927,8743
18091042700,"LaPorte, IN (CT)",2054,0,2054,5363,0,5363
18091042800,"LaPorte, IN (CT)",1176,1,1177,3001,4,3005
18091042900,"LaPorte, IN (CT)",1584,0,1584,3760,0,3760
18091043000,"LaPorte, IN (CT)",0,1739,1739,0,2406,2406
18091990000,"LaPorte, IN (CT)",0,0,0,0,0,0
18093950400,"Lawrence, IN (CT)",1684,0,1684,3787,0,3787
18093950500,"Lawrence, IN (CT)",1886,306,2192,4232,692,4924
18093950600,"Lawrence, IN (CT)",2506,677,3183,5949,1335,7284
18093950700,"Lawrence, IN (CT)",2940,96,3036,6673,204,6877
18093950800,"Lawrence, IN (CT)",0,1937,1937,0,3773,3773
18093950900,"Lawrence, IN (CT)",0,1366,1366,0,2772,2772
18093951000,"Lawrence, IN (CT)",356,1283,1639,822,2743,3565
18093951100,"Lawrence, IN (CT)",0,1490,1490,0,3054,3054
18093951200,"Lawrence, IN (CT)",2437,405,2842,5501,924,6425
18093951300,"Lawrence, IN (CT)",0,1705,1705,0,3673,3673
18095000300,"Madison, IN (CT)",0,1437,1437,0,2886,2886
18095000400,"Madison, IN (CT)",0,1179,1179,0,2260,2260
18095000500,"Madison, IN (CT)",0,1740,1740,0,3205,3205
18095000800,"Madison, IN (CT)",0,1106,1106,0,2028,2028
18095000900,"Madison, IN (CT)",0,1032,1032,0,2107,2107
18095001000,"Madison, IN (CT)",0,1552,1552,0,2899,2899
18095001100,"Madison, IN (CT)",0,1181,1181,0,2585,2585
18095001200,"Madison, IN (CT)",0,1480,1480,0,2929,2929
18095001300,"Madison, IN (CT)",79,1978,2057,170,4780,4950
18095001400,"Madison, IN (CT)",0,1875,1875,0,3720,3720
18095001500,"Madison, IN (CT)",210,1359,1569,489,3433,3922
18095001600,"Madison, IN (CT)",0,1290,1290,0,2633,2633
18095001700,"Madison, IN (CT)",0,1785,1785,0,3889,3889
18095001800,"Madison, IN (CT)",80,2371,2451,150,4658,4808
18095001900,"Madison, IN (CT)",0,3119,3119,0,5691,5691
18095002000,"Madison, IN (CT)",0,2056,2056,0,4035,4035
18095010100,"Madison, IN (CT)",1282,23,1305,3029,41,3070
18095010200,"Madison, IN (CT)",0,2293,2293,0,4911,4911
18095010300,"Madison, IN (CT)",0,1462,1462,0,3128,3128
18095010400,"Madison, IN (CT)",775,631,1406,1751,1202,2953
18095010500,"Madison, IN (CT)",1051,473,1524,2379,1055,3434
18095010600,"Madison, IN (CT)",247,2327,2574,555,4797,5352
18095010700,"Madison, IN (CT)",1117,297,1414,2563,666,3229
18095010800,"Madison, IN (CT)",818,680,1498,1912,1461,3373
18095010900,"Madison, IN (CT)",958,0,958,2238,0,2238
18095011000,"Madison, IN (CT)",789,0,789,1904,0,1904
18095011100,"Madison, IN (CT)",1613,0,1613,3871,0,3871
18095011200,"Madison, IN (CT)",620,2056,2676,1436,4811,6247
18095011300,"Madison, IN (CT)",19,1309,1328,44,2607,2651
18095011400,"Madison, IN (CT)",1490,124,1614,3601,291,3892
18095011501,"Madison, IN (CT)",285,1598,1883,702,3938,4640
18095011502,"Madison, IN (CT)",656,842,1498,1988,2077,4065
18095011600,"Madison, IN (CT)",0,27,27,0,3417,3417
18095011700,"Madison, IN (CT)",0,1163,1163,0,2574,2574
18095011800,"Madison, IN (CT)",634,2124,2758,1611,5926,7537
18095011900,"Madison, IN (CT)",0,919,919,0,1575,1575
18095012000,"Madison, IN (CT)",0,1457,1457,0,3028,3028
18097310103,"Marion, IN (CT)",210,2604,2814,493,6603,7096
18097310104,"Marion, IN (CT)",0,2274,2274,0,3536,3536
18097310105,"Marion, IN (CT)",0,1728,1728,0,3531,3531
18097310106,"Marion, IN (CT)",0,2160,2160,0,3818,3818
18097310108,"Marion, IN (CT)",0,1607,1607,0,3255,3255
18097310110,"Marion, IN (CT)",0,1600,1600,0,2881,2881
18097310111,"Marion, IN (CT)",0,1932,1932,0,3552,3552
18097310201,"Marion, IN (CT)",0,1678,1678,0,3930,3930
18097310203,"Marion, IN (CT)",0,2551,2551,0,5617,5617
18097310204,"Marion, IN (CT)",0,1969,1969,0,5329,5329
18097310305,"Marion, IN (CT)",0,2887,2887,0,6557,6557
18097310306,"Marion, IN (CT)",0,2563,2563,0,6147,6147
18097310308,"Marion, IN (CT)",0,1324,1324,0,3463,3463
18097310309,"Marion, IN (CT)",0,1707,1707,0,3290,3290
18097310310,"Marion, IN (CT)",0,1736,1736,0,4439,4439
18097310311,"Marion, IN (CT)",0,1933,1933,0,5224,5224
18097310312,"Marion, IN (CT)",0,3070,3070,0,6230,6230
18097320105,"Marion, IN (CT)",0,2205,2205,0,4329,4329
18097320106,"Marion, IN (CT)",0,1116,1116,0,2588,2588
18097320107,"Marion, IN (CT)",0,833,833,0,1525,1525
18097320108,"Marion, IN (CT)",0,2719,2719,0,5296,5296
18097320109,"Marion, IN (CT)",0,1247,1247,0,2497,2497
18097320202,"Marion, IN (CT)",0,1972,1972,0,3895,3895
18097320203,"Marion, IN (CT)",0,1827,1827,0,3004,3004
18097320204,"Marion, IN (CT)",0,3034,3034,0,5374,5374
18097320301,"Marion, IN (CT)",0,1933,1933,0,3382,3382
18097320303,"Marion, IN (CT)",0,2141,2141,0,3333,3333
18097320304,"Marion, IN (CT)",0,3201,3201,0,6483,6483
18097320400,"Marion, IN (CT)",0,1512,1512,0,3295,3295
18097320500,"Marion, IN (CT)",0,1494,1494,0,3208,3208
18097320600,"Marion, IN (CT)",0,1309,1309,0,2585,2585
18097320700,"Marion, IN (CT)",0,1177,1177,0,1972,1972
18097320800,"Marion, IN (CT)",0,1327,1327,0,2948,2948
18097320901,"Marion, IN (CT)",0,2718,2718,0,5818,5818
18097320902,"Marion, IN (CT)",0,1932,1932,0,4368,4368
18097320903,"Marion, IN (CT)",0,2007,2007,0,4889,4889
18097321001,"Marion, IN (CT)",0,1168,1168,0,2650,2650
18097321002,"Marion, IN (CT)",0,2105,2105,0,4414,4414
18097321100,"Marion, IN (CT)",0,1700,1700,0,3624,3624
18097321200,"Marion, IN (CT)",0,2341,2341,0,4683,4683
18097321300,"Marion, IN (CT)",0,1386,1386,0,2348,2348
18097321400,"Marion, IN (CT)",0,2640,2640,0,5130,5130
18097321600,"Marion, IN (CT)",0,2499,2499,0,4554,4554
18097321700,"Marion, IN (CT)",0,2284,2284,0,4157,4157
18097321800,"Marion, IN (CT)",0,1675,1675,0,3550,3550
18097321900,"Marion, IN (CT)",0,1431,1431,0,5861,5861
18097322000,"Marion, IN (CT)",0,1877,1877,0,3249,3249
18097322100,"Marion, IN (CT)",0,1183,1183,0,2582,2582
18097322200,"Marion, IN (CT)",0,920,920,0,2055,2055
18097322300,"Marion, IN (CT)",0,1218,1218,0,2462,2462
18097322400,"Marion, IN (CT)",0,1747,1747,0,2742,2742
18097322500,"Marion, IN (CT)",0,955,955,0,1553,1553
18097322600,"Marion, IN (CT)",0,1830,1830,0,3259,3259
18097322700,"Marion, IN (CT)",0,1175,1175,0,2387,2387
18097330103,"Marion, IN (CT)",0,2657,2657,0,4856,4856
18097330105,"Marion, IN (CT)",0,2558,2558,0,4915,4915
18097330106,"Marion, IN (CT)",0,2720,2720,0,4509,4509
18097330107,"Marion, IN (CT)",0,2428,2428,0,5803,5803
18097330108,"Marion, IN (CT)",0,1514,1514,0,3874,3874
18097330109,"Marion, IN (CT)",0,2122,2122,0,5063,5063
18097330202,"Marion, IN (CT)",0,3869,3869,0,9648,9648
18097330203,"Marion, IN (CT)",0,2112,2112,0,5601,5601
18097330204,"Marion, IN (CT)",0,2128,2128,0,5997,5997
18097330206,"Marion, IN (CT)",0,1786,1786,0,5042,5042
18097330208,"Marion, IN (CT)",0,1292,1292,0,2916,2916
18097330209,"Marion, IN (CT)",0,3419,3419,0,8818,8818
18097330401,"Marion, IN (CT)",0,2356,2356,0,5777,5777
18097330500,"Marion, IN (CT)",0,2775,2775,0,5855,5855
18097330600,"Marion, IN (CT)",0,2302,2302,0,5250,5250
18097330700,"Marion, IN (CT)",0,2686,2686,0,5933,5933
18097330803,"Marion, IN (CT)",0,2018,2018,0,4049,4049
18097330804,"Marion, IN (CT)",0,1441,1441,0,3503,3503
18097330805,"Marion, IN (CT)",0,1425,1425,0,3056,3056
18097330806,"Marion, IN (CT)",0,1801,1801,0,4006,4006
18097330900,"Marion, IN (CT)",0,2483,2483,0,5140,5140
18097331000,"Marion, IN (CT)",0,1832,1832,0,4238,4238
18097340101,"Marion, IN (CT)",0,1658,1658,0,3891,3891
18097340102,"Marion, IN (CT)",0,2325,2325,0,4093,4093
18097340108,"Marion, IN (CT)",0,1382,1382,0,2532,2532
18097340109,"Marion, IN (CT)",0,567,567,0,1378,1378
18097340110,"Marion, IN (CT)",0,2606,2606,0,4636,4636
18097340111,"Marion, IN (CT)",0,1102,1102,0,3580,3580
18097340112,"Marion, IN (CT)",0,2870,2870,0,4878,4878
18097340113,"Marion, IN (CT)",0,1831,1831,0,3977,3977
18097340114,"Marion, IN (CT)",0,1677,1677,0,4116,4116
18097340201,"Marion, IN (CT)",0,1203,1203,0,3171,3171
18097340202,"Marion, IN (CT)",0,2167,2167,0,3656,3656
18097340300,"Marion, IN (CT)",0,2931,2931,0,7488,7488
18097340400,"Marion, IN (CT)",0,1427,1427,0,3614,3614
18097340500,"Marion, IN (CT)",0,2036,2036,0,4528,4528
18097340600,"Marion, IN (CT)",0,2137,2137,0,4829,4829
18097340700,"Marion, IN (CT)",0,1487,1487,0,3893,3893
18097340800,"Marion, IN (CT)",0,917,917,0,1750,1750
18097340901,"Marion, IN (CT)",0,1438,1438,0,3763,3763
18097340902,"Marion, IN (CT)",0,3538,3538,0,6410,6410
18097341000,"Marion, IN (CT)",0,900,900,0,1843,1843
18097341100,"Marion, IN (CT)",0,1003,1003,0,2085,2085
18097341200,"Marion, IN (CT)",0,1167,1167,0,2151,2151
18097341600,"Marion, IN (CT)",0,980,980,0,2089,2089
18097341700,"Marion, IN (CT)",0,2177,2177,0,4786,4786
18097341902,"Marion, IN (CT)",0,1705,1705,0,3618,3618
18097341903,"Marion, IN (CT)",0,2527,2527,0,5462,5462
18097341904,"Marion, IN (CT)",0,1016,1016,0,2357,2357
18097342000,"Marion, IN (CT)",0,2279,2279,0,6639,6639
18097342101,"Marion, IN (CT)",0,1927,1927,0,4992,4992
18097342200,"Marion, IN (CT)",0,2219,2219,0,5263,5263
18097342300,"Marion, IN (CT)",0,2741,2741,0,6471,6471
18097342400,"Marion, IN (CT)",0,697,697,0,1608,1608
18097342500,"Marion, IN (CT)",0,1950,1950,0,4699,4699
18097342600,"Marion, IN (CT)",0,1562,1562,0,3418,3418
18097350100,"Marion, IN (CT)",0,815,815,0,1310,1310
18097350300,"Marion, IN (CT)",0,1891,1891,0,1959,1959
18097350400,"Marion, IN (CT)",0,1395,1395,0,2579,2579
18097350500,"Marion, IN (CT)",0,1236,1236,0,2136,2136
18097350600,"Marion, IN (CT)",0,2233,2233,0,4640,4640
18097350700,"Marion, IN (CT)",0,814,814,0,1488,1488
18097350800,"Marion, IN (CT)",0,1164,1164,0,2000,2000
18097350900,"Marion, IN (CT)",0,896,896,0,1376,1376
18097351000,"Marion, IN (CT)",0,1524,1524,0,2359,2359
18097351200,"Marion, IN (CT)",0,1527,1527,0,2299,2299
18097351500,"Marion, IN (CT)",0,1119,1119,0,1864,1864
18097351600,"Marion, IN (CT)",0,1223,1223,0,1989,1989
18097351700,"Marion, IN (CT)",0,1489,1489,0,2279,2279
18097351900,"Marion, IN (CT)",0,1095,1095,0,2292,2292
18097352100,"Marion, IN (CT)",0,1142,1142,0,2053,2053
18097352300,"Marion, IN (CT)",0,780,780,0,1477,1477
18097352400,"Marion, IN (CT)",0,1466,1466,0,2929,2929
18097352500,"Marion, IN (CT)",0,1660,1660,0,2993,2993
18097352600,"Marion, IN (CT)",0,1953,1953,0,3339,3339
18097352700,"Marion, IN (CT)",0,1535,1535,0,2417,2417
18097352800,"Marion, IN (CT)",0,685,685,0,1125,1125
18097353300,"Marion, IN (CT)",0,1844,1844,0,2494,2494
18097353500,"Marion, IN (CT)",0,1097,1097,0,1863,1863
18097353600,"Marion, IN (CT)",0,1113,1113,0,2112,2112
18097354200,"Marion, IN (CT)",0,3554,3554,0,5791,5791
18097354400,"Marion, IN (CT)",0,816,816,0,1333,1333
18097354500,"Marion, IN (CT)",0,1291,1291,0,2549,2549
18097354700,"Marion, IN (CT)",0,838,838,0,1431,1431
18097354800,"Marion, IN (CT)",0,947,947,0,1604,1604
18097354900,"Marion, IN (CT)",0,1374,1374,0,2476,2476
18097355000,"Marion, IN (CT)",0,1225,1225,0,2196,2196
18097355100,"Marion, IN (CT)",0,1071,1071,0,1985,1985
18097355300,"Marion, IN (CT)",0,1381,1381,0,2578,2578
18097355400,"Marion, IN (CT)",0,1573,1573,0,2908,2908
18097355500,"Marion, IN (CT)",0,1635,1635,0,3569,3569
18097355600,"Marion, IN (CT)",0,1006,1006,0,1998,1998
18097355700,"Marion, IN (CT)",0,1250,1250,0,2745,2745
18097355900,"Marion, IN (CT)",0,1292,1292,0,2533,2533
18097356200,"Marion, IN (CT)",0,778,778,0,2154,2154
18097356400,"Marion, IN (CT)",0,1790,1790,0,3734,3734
18097356900,"Marion, IN (CT)",0,1353,1353,0,2606,2606
18097357000,"Marion, IN (CT)",0,1230,1230,0,2771,2771
18097357100,"Marion, IN (CT)",0,1161,1161,0,2479,2479
18097357200,"Marion, IN (CT)",0,1578,1578,0,3458,3458
18097357300,"Marion, IN (CT)",0,1034,1034,0,2023,2023
18097357400,"Marion, IN (CT)",0,1847,1847,0,4312,4312
18097357500,"Marion, IN (CT)",0,1686,1686,0,4034,4034
18097357600,"Marion, IN (CT)",0,2764,2764,0,6415,6415
18097357800,"Marion, IN (CT)",0,981,981,0,2091,2091
18097357900,"Marion, IN (CT)",0,2042,2042,0,4020,4020
18097358000,"Marion, IN (CT)",0,660,660,0,1458,1458
18097358100,"Marion, IN (CT)",0,1292,1292,0,2821,2821
18097360101,"Marion, IN (CT)",0,1164,1164,0,2484,2484
18097360102,"Marion, IN (CT)",0,1315,1315,0,2714,2714
18097360201,"Marion, IN (CT)",0,1772,1772,0,3755,3755
18097360202,"Marion, IN (CT)",0,1239,1239,0,3321,3321
18097360301,"Marion, IN (CT)",0,1423,1423,0,3552,3552
18097360302,"Marion, IN (CT)",0,1171,1171,0,2240,2240
18097360401,"Marion, IN (CT)",0,2559,2559,0,5800,5800
18097360402,"Marion, IN (CT)",0,753,753,0,1862,1862
18097360404,"Marion, IN (CT)",0,3143,3143,0,7512,7512
18097360405,"Marion, IN (CT)",0,2454,2454,0,5949,5949
18097360501,"Marion, IN (CT)",0,2609,2609,0,6382,6382
18097360502,"Marion, IN (CT)",0,2398,2398,0,5720,5720
18097360601,"Marion, IN (CT)",0,2058,2058,0,4526,4526
18097360602,"Marion, IN (CT)",0,2651,2651,0,5418,5418
18097360700,"Marion, IN (CT)",0,942,942,0,1861,1861
18097360800,"Marion, IN (CT)",0,1522,1522,0,2392,2392
18097360900,"Marion, IN (CT)",0,2462,2462,0,5090,5090
18097361000,"Marion, IN (CT)",0,1026,1026,0,2097,2097
18097361100,"Marion, IN (CT)",0,1754,1754,0,2996,2996
18097361200,"Marion, IN (CT)",0,1564,1564,0,3126,3126
18097361300,"Marion, IN (CT)",0,1083,1083,0,2266,2266
18097361400,"Marion, IN (CT)",0,4195,4195,0,10396,10396
18097361600,"Marion, IN (CT)",230,2772,3002,545,7429,7974
18097370201,"Marion, IN (CT)",0,1786,1786,0,4361,4361
18097370202,"Marion, IN (CT)",0,2896,2896,0,6969,6969
18097370301,"Marion, IN (CT)",322,2745,3067,842,7671,8513
18097370302,"Marion, IN (CT)",69,2935,3004,165,8311,8476
18097380100,"Marion, IN (CT)",210,6432,6642,514,15980,16494
18097380200,"Marion, IN (CT)",0,1640,1640,0,3128,3128
18097380300,"Marion, IN (CT)",0,2119,2119,0,6042,6042
18097380402,"Marion, IN (CT)",0,2142,2142,0,4604,4604
18097380403,"Marion, IN (CT)",0,1712,1712,0,3760,3760
18097380404,"Marion, IN (CT)",0,1849,1849,0,4173,4173
18097380501,"Marion, IN (CT)",0,1115,1115,0,2516,2516
18097380502,"Marion, IN (CT)",0,1914,1914,0,4235,4235
18097380600,"Marion, IN (CT)",0,2325,2325,0,5243,5243
18097380700,"Marion, IN (CT)",0,2356,2356,0,5283,5283
18097380800,"Marion, IN (CT)",0,1190,1190,0,2645,2645
18097380901,"Marion, IN (CT)",0,1934,1934,0,5000,5000
18097380902,"Marion, IN (CT)",0,2554,2554,0,5644,5644
18097381001,"Marion, IN (CT)",0,3177,3177,0,7479,7479
18097381002,"Marion, IN (CT)",0,1301,1301,0,2950,2950
18097381101,"Marion, IN (CT)",0,2579,2579,0,5330,5330
18097381102,"Marion, IN (CT)",0,2554,2554,0,5880,5880
18097381201,"Marion, IN (CT)",0,3254,3254,0,6668,6668
18097381203,"Marion, IN (CT)",0,1102,1102,0,2920,2920
18097381204,"Marion, IN (CT)",0,1797,1797,0,3100,3100
18097381205,"Marion, IN (CT)",0,2512,2512,0,5878,5878
18097390101,"Marion, IN (CT)",0,3046,3046,0,7762,7762
18097390102,"Marion, IN (CT)",0,2340,2340,0,5395,5395
18097390200,"Marion, IN (CT)",376,985,1361,945,2572,3517
18097390300,"Marion, IN (CT)",695,1346,2041,1885,3697,5582
18097390402,"Marion, IN (CT)",0,4754,4754,0,12696,12696
18097390403,"Marion, IN (CT)",11,3399,3410,33,9800,9833
18097390404,"Marion, IN (CT)",0,2467,2467,0,5892,5892
18097390405,"Marion, IN (CT)",0,2085,2085,0,3917,3917
18097390500,"Marion, IN (CT)",0,1364,1364,0,2205,2205
18097390600,"Marion, IN (CT)",0,2447,2447,0,4598,4598
18097390700,"Marion, IN (CT)",0,1380,1380,0,3164,3164
18097390800,"Marion, IN (CT)",0,1635,1635,0,4069,4069
18097390900,"Marion, IN (CT)",0,1472,1472,0,2358,2358
18097391000,"Marion, IN (CT)",0,2891,2891,0,4780,4780
18099020101,"Marshall, IN (CT)",249,1955,2204,672,4663,5335
18099020102,"Marshall, IN (CT)",1308,0,1308,3672,0,3672
18099020201,"Marshall, IN (CT)",1675,0,1675,4216,0,4216
18099020202,"Marshall, IN (CT)",1111,72,1183,2739,85,2824
18099020301,"Marshall, IN (CT)",1453,276,1729,3459,549,4008
18099020302,"Marshall, IN (CT)",1938,0,1938,3088,0,3088
18099020400,"Marshall, IN (CT)",134,1402,1536,320,2862,3182
18099020500,"Marshall, IN (CT)",58,1436,1494,102,3414,3516
18099020600,"Marshall, IN (CT)",191,1916,2107,509,4727,5236
18099020701,"Marshall, IN (CT)",1039,315,1354,2713,946,3659
18099020702,"Marshall, IN (CT)",1232,0,1232,3152,0,3152
18099020800,"Marshall, IN (CT)",2085,0,2085,5163,0,5163
18101950100,"Martin, IN (CT)",1240,0,1240,2669,0,2669
18101950200,"Martin, IN (CT)",365,1364,1729,1001,2864,3865
18101950300,"Martin, IN (CT)",1817,0,1817,3800,0,3800
18103952000,"Miami, IN (CT)",1935,0,1935,4767,0,4767
18103952100,"Miami, IN (CT)",1485,594,2079,3370,1068,4438
18103952200,"Miami, IN (CT)",0,1378,1378,0,2931,2931
18103952300,"Miami, IN (CT)",0,1442,1442,0,2820,2820
18103952400,"Miami, IN (CT)",0,1441,1441,0,2896,2896
18103952500,"Miami, IN (CT)",0,1079,1079,0,2195,2195
18103952600,"Miami, IN (CT)",1591,0,1591,3745,0,3745
18103952700,"Miami, IN (CT)",1537,600,2137,3520,1251,4771
18103952800,"Miami, IN (CT)",735,512,1247,1663,1140,2803
18103952900,"Miami, IN (CT)",5,1145,1150,90,5447,5537
18105000100,"Monroe, IN (CT)",0,2415,2415,0,5134,5134
18105000201,"Monroe, IN (CT)",0,524,524,0,6924,6924
18105000202,"Monroe, IN (CT)",0,24,24,0,6421,6421
18105000301,"Monroe, IN (CT)",0,2099,2099,0,4402,4402
18105000302,"Monroe, IN (CT)",0,1305,1305,0,3187,3187
18105000401,"Monroe, IN (CT)",0,2213,2213,0,4137,4137
18105000402,"Monroe, IN (CT)",0,2398,2398,0,4348,4348
18105000501,"Monroe, IN (CT)",80,1956,2036,203,4350,4553
18105000502,"Monroe, IN (CT)",0,1479,1479,0,3164,3164
18105000601,"Monroe, IN (CT)",0,1793,1793,0,3503,3503
18105000602,"Monroe, IN (CT)",0,1552,1552,0,3148,3148
18105000700,"Monroe, IN (CT)",846,426,1272,1930,975,2905
18105000800,"Monroe, IN (CT)",541,2285,2826,1152,4448,5600
18105000901,"Monroe, IN (CT)",0,1263,1263,0,2512,2512
18105000903,"Monroe, IN (CT)",0,2641,2641,0,4819,4819
18105000904,"Monroe, IN (CT)",0,2527,2527,0,5259,5259
18105001001,"Monroe, IN (CT)",0,2189,2189,0,5092,5092
18105001002,"Monroe, IN (CT)",241,2571,2812,588,5291,5879
18105001101,"Monroe, IN (CT)",0,2630,2630,0,5168,5168
18105001102,"Monroe, IN (CT)",0,1914,1914,0,4169,4169
18105001103,"Monroe, IN (CT)",219,1104,1323,560,2601,3161
18105001200,"Monroe, IN (CT)",2176,337,2513,5154,744,5898
18105001301,"Monroe, IN (CT)",1889,536,2425,4599,1049,5648
18105001303,"Monroe, IN (CT)",338,2020,2358,836,4667,5503
18105001304,"Monroe, IN (CT)",163,1395,1558,383,3346,3729
18105001305,"Monroe, IN (CT)",11,938,949,19,2441,2460
18105001401,"Monroe, IN (CT)",882,0,882,2029,0,2029
18105001402,"Monroe, IN (CT)",2678,63,2741,5087,129,5216
18105001501,"Monroe, IN (CT)",1650,581,2231,4053,1470,5523
18105001502,"Monroe, IN (CT)",1756,0,1756,2724,0,2724
18105001600,"Monroe, IN (CT)",0,2459,2459,0,5759,5759
18107956700,"Montgomery, IN (CT)",1368,0,1368,3340,0,3340
18107956800,"Montgomery, IN (CT)",1363,0,1363,3212,0,3212
18107956900,"Montgomery, IN (CT)",1077,1151,2228,2549,2854,5403
18107957000,"Montgomery, IN (CT)",0,1906,1906,0,4596,4596
18107957100,"Montgomery, IN (CT)",21,2395,2416,226,4908,5134
18107957200,"Montgomery, IN (CT)",0,1956,1956,0,4418,4418
18107957300,"Montgomery, IN (CT)",1820,0,1820,4138,0,4138
18107957400,"Montgomery, IN (CT)",1316,659,1975,3182,1236,4418
18107957500,"Montgomery, IN (CT)",1503,0,1503,3465,0,3465
18109510100,"Morgan, IN (CT)",909,2699,3608,2474,7231,9705
18109510201,"Morgan, IN (CT)",35,1576,1611,121,4142,4263
18109510202,"Morgan, IN (CT)",538,1100,1638,1406,2499,3905
18109510300,"Morgan, IN (CT)",0,2135,2135,0,4805,4805
18109510401,"Morgan, IN (CT)",1587,0,1587,3939,0,3939
18109510402,"Morgan, IN (CT)",1705,288,1993,4308,781,5089
18109510500,"Morgan, IN (CT)",945,762,1707,2356,1936,4292
18109510600,"Morgan, IN (CT)",3214,165,3379,8110,371,8481
18109510701,"Morgan, IN (CT)",535,898,1433,1337,2152,3489
18109510702,"Morgan, IN (CT)",1000,1376,2376,2460,3628,6088
18109510800,"Morgan, IN (CT)",0,1603,1603,0,3810,3810
18109510900,"Morgan, IN (CT)",0,1759,1759,0,3686,3686
18109511000,"Morgan, IN (CT)",2925,0,2925,7342,0,7342
18111100400,"Newton, IN (CT)",2398,0,2398,5977,0,5977
18111100500,"Newton, IN (CT)",1426,0,1426,3260,0,3260
18111100600,"Newton, IN (CT)",1171,0,1171,2706,0,2706
18111100700,"Newton, IN (CT)",1035,0,1035,2301,0,2301
18113971700,"Noble, IN (CT)",1093,1544,2637,2628,3462,6090
18113971800,"Noble, IN (CT)",0,1426,1426,0,3195,3195
18113971900,"Noble, IN (CT)",535,1645,2180,1315,3742,5057
18113972000,"Noble, IN (CT)",1587,0,1587,3072,0,3072
18113972100,"Noble, IN (CT)",1699,149,1848,3966,459,4425
18113972200,"Noble, IN (CT)",141,1503,1644,496,4330,4826
18113972300,"Noble, IN (CT)",2202,0,2202,5071,0,5071
18113972400,"Noble, IN (CT)",2038,0,2038,5067,0,5067
18113972500,"Noble, IN (CT)",2616,0,2616,6511,0,6511
18113972600,"Noble, IN (CT)",1931,0,1931,4222,0,4222
18115965700,"Ohio, IN (CT)",1278,0,1278,2582,0,2582
18115965800,"Ohio, IN (CT)",1506,0,1506,3546,0,3546
18117951300,"Orange, IN (CT)",1535,0,1535,3517,0,3517
18117951400,"Orange, IN (CT)",1319,96,1415,2934,222,3156
18117951500,"Orange, IN (CT)",1510,0,1510,2983,0,2983
18117951600,"Orange, IN (CT)",1694,104,1798,3269,203,3472
18117951700,"Orange, IN (CT)",147,1263,1410,349,2838,3187
18117951800,"Orange, IN (CT)",1499,9,1508,3506,19,3525
18119955500,"Owen, IN (CT)",1689,0,1689,3587,0,3587
18119955600,"Owen, IN (CT)",1992,0,1992,3850,0,3850
18119955700,"Owen, IN (CT)",2455,0,2455,5117,0,5117
18119955800,"Owen, IN (CT)",1955,0,1955,4172,0,4172
18119955900,"Owen, IN (CT)",2000,0,2000,4849,0,4849
18121030100,"Parke, IN (CT)",1670,0,1670,3946,0,3946
18121030200,"Parke, IN (CT)",1443,0,1443,3145,0,3145
18121030300,"Parke, IN (CT)",349,1501,1850,763,4339,5102
18121030400,"Parke, IN (CT)",3122,0,3122,5146,0,5146
18123952200,"Perry, IN (CT)",1809,0,1809,5345,0,5345
18123952300,"Perry, IN (CT)",1585,0,1585,3452,0,3452
18123952400,"Perry, IN (CT)",361,1669,2030,861,3238,4099
18123952500,"Perry, IN (CT)",71,1820,1891,164,3928,4092
18123952600,"Perry, IN (CT)",393,787,1180,822,1528,2350
18125953900,"Pike, IN (CT)",1581,0,1581,3445,0,3445
18125954000,"Pike, IN (CT)",1390,0,1390,2989,0,2989
18125954100,"Pike, IN (CT)",1356,0,1356,3312,0,3312
18125954200,"Pike, IN (CT)",1408,0,1408,3099,0,3099
18127050101,"Porter, IN (CT)",622,2967,3589,1610,7709,9319
18127050103,"Porter, IN (CT)",3116,340,3456,7319,730,8049
18127050202,"Porter, IN (CT)",0,2609,2609,0,6242,6242
18127050203,"Porter, IN (CT)",278,2456,2734,580,6079,6659
18127050300,"Porter, IN (CT)",307,2463,2770,350,6133,6483
18127050402,"Porter, IN (CT)",0,2950,2950,0,7914,7914
18127050405,"Porter, IN (CT)",0,619,619,0,1110,1110
18127050407,"Porter, IN (CT)",0,1704,1704,0,3735,3735
18127050501,"Porter, IN (CT)",0,2388,2388,0,6150,6150
18127050503,"Porter, IN (CT)",0,1939,1939,0,5214,5214
18127050505,"Porter, IN (CT)",144,743,887,350,2119,2469
18127050506,"Porter, IN (CT)",0,2070,2070,0,5641,5641
18127050507,"Porter, IN (CT)",97,1506,1603,250,3723,3973
18127050508,"Porter, IN (CT)",0,2572,2572,0,6071,6071
18127050509,"Porter, IN (CT)",233,1833,2066,608,4195,4803
18127050602,"Porter, IN (CT)",0,2060,2060,0,4437,4437
18127050603,"Porter, IN (CT)",27,1203,1230,81,3332,3413
18127050604,"Porter, IN (CT)",473,2707,3180,1166,6925,8091
18127050702,"Porter, IN (CT)",0,3735,3735,0,8173,8173
18127050703,"Porter, IN (CT)",0,1366,1366,0,3409,3409
18127050704,"Porter, IN (CT)",0,2169,2169,0,4823,4823
18127050800,"Porter, IN (CT)",0,3358,3358,0,6703,6703
18127050900,"Porter, IN (CT)",0,1272,1272,0,4187,4187
18127051002,"Porter, IN (CT)",2097,888,2985,5719,2750,8469
18127051005,"Porter, IN (CT)",625,1023,1648,1667,2758,4425
18127051006,"Porter, IN (CT)",708,880,1588,1805,2612,4417
18127051007,"Porter, IN (CT)",1248,1474,2722,3379,3778,7157
18127051008,"Porter, IN (CT)",808,15,823,2165,45,2210
18127051101,"Porter, IN (CT)",986,1455,2441,2625,3535,6160
18127051102,"Porter, IN (CT)",1643,0,1643,4432,0,4432
18127980001,"Porter, IN (CT)",0,3,3,0,5,5
18127980002,"Porter, IN (CT)",0,0,0,0,0,0
18127990000,"Porter, IN (CT)",0,0,0,0,0,0
18129040100,"Posey, IN (CT)",2442,0,2442,5739,0,5739
18129040200,"Posey, IN (CT)",1171,0,1171,2341,0,2341
18129040300,"Posey, IN (CT)",1000,0,1000,2481,0,2481
18129040400,"Posey, IN (CT)",1576,644,2220,4045,1601,5646
18129040500,"Posey, IN (CT)",1178,214,1392,2692,625,3317
18129040600,"Posey, IN (CT)",0,1582,1582,0,3474,3474
18129040700,"Posey, IN (CT)",0,1400,1400,0,2912,2912
18131958900,"Pulaski, IN (CT)",1293,0,1293,2792,0,2792
18131959000,"Pulaski, IN (CT)",524,1163,1687,1063,2554,3617
18131959100,"Pulaski, IN (CT)",1584,0,1584,3784,0,3784
18131959200,"Pulaski, IN (CT)",1496,0,1496,3209,0,3209
18133956000,"Putnam, IN (CT)",1407,0,1407,3255,0,3255
18133956100,"Putnam, IN (CT)",1449,0,1449,2635,0,2635
18133956200,"Putnam, IN (CT)",494,1363,1857,1213,4126,5339
18133956300,"Putnam, IN (CT)",297,2464,2761,852,6448,7300
18133956400,"Putnam, IN (CT)",1824,1256,3080,4421,2737,7158
18133956500,"Putnam, IN (CT)",2596,0,2596,6047,0,6047
18133956600,"Putnam, IN (CT)",1539,17,1556,6178,51,6229
18135951400,"Randolph, IN (CT)",1140,0,1140,2627,0,2627
18135951500,"Randolph, IN (CT)",1334,0,1334,3091,0,3091
18135951600,"Randolph, IN (CT)",103,1743,1846,221,3619,3840
18135951700,"Randolph, IN (CT)",192,1301,1493,445,2902,3347
18135951800,"Randolph, IN (CT)",143,1035,1178,330,2076,2406
18135951900,"Randolph, IN (CT)",1367,593,1960,3146,1383,4529
18135952000,"Randolph, IN (CT)",1454,0,1454,3308,0,3308
18135952100,"Randolph, IN (CT)",1338,0,1338,3023,0,3023
18137968400,"Ripley, IN (CT)",2263,625,2888,5999,1319,7318
18137968500,"Ripley, IN (CT)",440,1443,1883,1188,3510,4698
18137968600,"Ripley, IN (CT)",2063,0,2063,4877,0,4877
18137968700,"Ripley, IN (CT)",1489,0,1489,3520,0,3520
18137968800,"Ripley, IN (CT)",1546,0,1546,3354,0,3354
18137968900,"Ripley, IN (CT)",2083,0,2083,5051,0,5051
18139974100,"Rush, IN (CT)",1211,83,1294,2906,172,3078
18139974200,"Rush, IN (CT)",1489,19,1508,3563,45,3608
18139974300,"Rush, IN (CT)",0,1612,1612,0,3560,3560
18139974400,"Rush, IN (CT)",171,1216,1387,415,2560,2975
18139974500,"Rush, IN (CT)",1523,184,1707,3753,418,4171
18141000100,"St. Joseph, IN (CT)",0,850,850,0,2076,2076
18141000200,"St. Joseph, IN (CT)",0,1460,1460,0,3426,3426
18141000301,"St. Joseph, IN (CT)",0,1172,1172,0,2456,2456
18141000302,"St. Joseph, IN (CT)",0,1379,1379,0,2716,2716
18141000400,"St. Joseph, IN (CT)",0,1099,1099,0,2252,2252
18141000500,"St. Joseph, IN (CT)",0,826,826,0,1660,1660
18141000600,"St. Joseph, IN (CT)",0,1082,1082,0,2072,2072
18141000700,"St. Joseph, IN (CT)",0,844,844,0,1573,1573
18141000800,"St. Joseph, IN (CT)",0,804,804,0,1678,1678
18141000900,"St. Joseph, IN (CT)",0,711,711,0,1311,1311
18141001000,"St. Joseph, IN (CT)",0,1330,1330,0,2913,2913
18141001100,"St. Joseph, IN (CT)",0,1960,1960,0,4569,4569
18141001200,"St. Joseph, IN (CT)",0,962,962,0,2182,2182
18141001300,"St. Joseph, IN (CT)",0,1407,1407,0,2464,2464
18141001400,"St. Joseph, IN (CT)",0,1630,1630,0,3348,3348
18141001500,"St. Joseph, IN (CT)",0,1477,1477,0,3037,3037
18141001600,"St. Joseph, IN (CT)",0,950,950,0,2323,2323
18141001700,"St. Joseph, IN (CT)",0,942,942,0,1665,1665
18141001900,"St. Joseph, IN (CT)",0,759,759,0,1115,1115
18141002000,"St. Joseph, IN (CT)",0,852,852,0,1775,1775
18141002100,"St. Joseph, IN (CT)",0,644,644,0,1194,1194
18141002200,"St. Joseph, IN (CT)",0,1083,1083,0,3115,3115
18141002300,"St. Joseph, IN (CT)",0,712,712,0,1566,1566
18141002400,"St. Joseph, IN (CT)",0,1100,1100,0,2989,2989
18141002500,"St. Joseph, IN (CT)",0,771,771,0,2129,2129
18141002600,"St. Joseph, IN (CT)",0,1235,1235,0,3213,3213
18141002700,"St. Joseph, IN (CT)",0,426,426,0,1926,1926
18141002800,"St. Joseph, IN (CT)",0,978,978,0,2390,2390
18141002900,"St. Joseph, IN (CT)",0,401,401,0,1170,1170
18141003000,"St. Joseph, IN (CT)",0,806,806,0,1685,1685
18141003100,"St. Joseph, IN (CT)",0,1693,1693,0,3665,3665
18141003200,"St. Joseph, IN (CT)",0,2056,2056,0,4935,4935
18141003300,"St. Joseph, IN (CT)",0,1229,1229,0,2967,2967
18141003400,"St. Joseph, IN (CT)",0,1628,1628,0,3709,3709
18141003500,"St. Joseph, IN (CT)",0,1319,1319,0,2811,2811
18141010100,"St. Joseph, IN (CT)",0,1273,1273,0,2935,2935
18141010200,"St. Joseph, IN (CT)",0,2721,2721,0,5274,5274
18141010300,"St. Joseph, IN (CT)",0,2452,2452,0,5746,5746
18141010400,"St. Joseph, IN (CT)",0,1437,1437,0,3287,3287
18141010500,"St. Joseph, IN (CT)",0,1323,1323,0,2927,2927
18141010600,"St. Joseph, IN (CT)",0,1676,1676,0,4138,4138
18141010700,"St. Joseph, IN (CT)",0,1686,1686,0,3720,3720
18141010800,"St. Joseph, IN (CT)",877,1019,1896,2001,2659,4660
18141010900,"St. Joseph, IN (CT)",918,2334,3252,2070,5684,7754
18141011000,"St. Joseph, IN (CT)",586,2239,2825,1463,4971,6434
18141011100,"St. Joseph, IN (CT)",136,1892,2028,303,4308,4611
18141011201,"St. Joseph, IN (CT)",0,443,443,0,807,807
18141011202,"St. Joseph, IN (CT)",0,527,527,0,8050,8050
18141011301,"St. Joseph, IN (CT)",0,3107,3107,0,5817,5817
18141011302,"St. Joseph, IN (CT)",0,3209,3209,0,6522,6522
18141011303,"St. Joseph, IN (CT)",0,2673,2673,0,6098,6098
18141011304,"St. Joseph, IN (CT)",0,919,919,0,2427,2427
18141011305,"St. Joseph, IN (CT)",0,1688,1688,0,4389,4389
18141011306,"St. Joseph, IN (CT)",0,1296,1296,0,2879,2879
18141011403,"St. Joseph, IN (CT)",0,2223,2223,0,5924,5924
18141011404,"St. Joseph, IN (CT)",0,2156,2156,0,6886,6886
18141011405,"St. Joseph, IN (CT)",34,1143,1177,84,3444,3528
18141011406,"St. Joseph, IN (CT)",30,1771,1801,62,5110,5172
18141011501,"St. Joseph, IN (CT)",0,2549,2549,0,3925,3925
18141011503,"St. Joseph, IN (CT)",0,793,793,0,1866,1866
18141011504,"St. Joseph, IN (CT)",144,450,594,365,1233,1598
18141011505,"St. Joseph, IN (CT)",0,1889,1889,0,3007,3007
18141011506,"St. Joseph, IN (CT)",0,2763,2763,0,4953,4953
18141011601,"St. Joseph, IN (CT)",113,2752,2865,278,7633,7911
18141011602,"St. Joseph, IN (CT)",439,2522,2961,1140,6200,7340
18141011701,"St. Joseph, IN (CT)",0,1540,1540,0,4049,4049
18141011702,"St. Joseph, IN (CT)",521,3999,4520,1326,6528,7854
18141011801,"St. Joseph, IN (CT)",0,571,571,0,1459,1459
18141011802,"St. Joseph, IN (CT)",0,3027,3027,0,6544,6544
18141011900,"St. Joseph, IN (CT)",489,1241,1730,1239,2678,3917
18141012000,"St. Joseph, IN (CT)",1435,214,1649,3368,608,3976
18141012100,"St. Joseph, IN (CT)",1512,0,1512,3830,0,3830
18141012200,"St. Joseph, IN (CT)",350,851,1201,922,2143,3065
18141012300,"St. Joseph, IN (CT)",1598,0,1598,3668,0,3668
18141012400,"St. Joseph, IN (CT)",722,0,722,1909,0,1909
18143966700,"Scott, IN (CT)",1789,0,1789,4383,0,4383
18143966800,"Scott, IN (CT)",54,1743,1797,111,3881,3992
18143966900,"Scott, IN (CT)",1376,531,1907,3241,1330,4571
18143967000,"Scott, IN (CT)",37,2547,2584,97,5399,5496
18143967100,"Scott, IN (CT)",2008,355,2363,4915,824,5739
18145710100,"Shelby, IN (CT)",1584,0,1584,3763,0,3763
18145710200,"Shelby, IN (CT)",2009,208,2217,5112,551,5663
18145710300,"Shelby, IN (CT)",1566,539,2105,3757,1151,4908
18145710400,"Shelby, IN (CT)",449,942,1391,1069,1930,2999
18145710500,"Shelby, IN (CT)",77,1831,1908,176,4189,4365
18145710601,"Shelby, IN (CT)",0,1730,1730,0,3477,3477
18145710602,"Shelby, IN (CT)",0,1433,1433,0,3266,3266
18145710700,"Shelby, IN (CT)",0,2775,2775,0,6478,6478
18145710800,"Shelby, IN (CT)",1916,95,2011,4710,240,4950
18145710900,"Shelby, IN (CT)",1915,11,1926,4541,26,4567
18147952700,"Spencer, IN (CT)",3114,0,3114,7643,0,7643
18147952800,"Spencer, IN (CT)",1394,0,1394,3305,0,3305
18147952900,"Spencer, IN (CT)",1183,0,1183,2666,0,2666
18147953000,"Spencer, IN (CT)",1737,0,1737,4031,0,4031
18147953100,"Spencer, IN (CT)",1444,0,1444,3307,0,3307
18149953600,"Starke, IN (CT)",869,556,1425,1810,807,2617
18149953700,"Starke, IN (CT)",1524,0,1524,3763,0,3763
18149953800,"Starke, IN (CT)",1722,19,1741,3510,55,3565
18149953900,"Starke, IN (CT)",1390,0,1390,2035,0,2035
18149954000,"Starke, IN (CT)",216,1440,1656,501,3254,3755
18149954100,"Starke, IN (CT)",1468,0,1468,3648,0,3648
18149954200,"Starke, IN (CT)",1758,0,1758,3980,0,3980
18151970800,"Steuben, IN (CT)",2136,0,2136,3762,0,3762
18151970900,"Steuben, IN (CT)",1592,220,1812,2021,208,2229
18151971000,"Steuben, IN (CT)",1982,431,2413,3376,433,3809
18151971100,"Steuben, IN (CT)",1135,1526,2661,1399,1575,2974
18151971200,"Steuben, IN (CT)",1296,9,1305,3356,22,3378
18151971300,"Steuben, IN (CT)",173,2320,2493,374,4806,5180
18151971400,"Steuben, IN (CT)",471,1280,1751,854,4048,4902
18151971500,"Steuben, IN (CT)",2153,0,2153,3593,0,3593
18151971600,"Steuben, IN (CT)",2611,42,2653,4254,104,4358
18153050100,"Sullivan, IN (CT)",2694,0,2694,6005,0,6005
18153050200,"Sullivan, IN (CT)",1338,0,1338,2978,0,2978
18153050300,"Sullivan, IN (CT)",540,2211,2751,1227,4518,5745
18153050400,"Sullivan, IN (CT)",1167,0,1167,2451,0,2451
18153050500,"Sullivan, IN (CT)",989,0,989,4296,0,4296
18155965700,"Switzerland, IN (CT)",2136,0,2136,4414,0,4414
18155965800,"Switzerland, IN (CT)",1403,0,1403,3411,0,3411
18155965900,"Switzerland, IN (CT)",1430,0,1430,2788,0,2788
18157000100,"Tippecanoe, IN (CT)",0,1185,1185,0,2836,2836
18157000200,"Tippecanoe, IN (CT)",0,837,837,0,1925,1925
18157000300,"Tippecanoe, IN (CT)",0,1422,1422,0,3191,3191
18157000400,"Tippecanoe, IN (CT)",0,2338,2338,0,4486,4486
18157000700,"Tippecanoe, IN (CT)",0,1560,1560,0,3086,3086
18157000800,"Tippecanoe, IN (CT)",0,897,897,0,1852,1852
18157001000,"Tippecanoe, IN (CT)",0,698,698,0,1416,1416
18157001100,"Tippecanoe, IN (CT)",0,1517,1517,0,3109,3109
18157001200,"Tippecanoe, IN (CT)",0,1421,1421,0,3078,3078
18157001300,"Tippecanoe, IN (CT)",0,2204,2204,0,4848,4848
18157001400,"Tippecanoe, IN (CT)",0,1381,1381,0,3439,3439
18157001501,"Tippecanoe, IN (CT)",0,1973,1973,0,4184,4184
18157001502,"Tippecanoe, IN (CT)",0,2694,2694,0,6302,6302
18157001600,"Tippecanoe, IN (CT)",76,4239,4315,180,10824,11004
18157001700,"Tippecanoe, IN (CT)",0,3595,3595,0,6786,6786
18157001800,"Tippecanoe, IN (CT)",0,1664,1664,0,3540,3540
18157001900,"Tippecanoe, IN (CT)",0,1797,1797,0,3968,3968
18157005101,"Tippecanoe, IN (CT)",0,1628,1628,0,3095,3095
18157005102,"Tippecanoe, IN (CT)",0,1917,1917,0,4931,4931
18157005200,"Tippecanoe, IN (CT)",0,2201,2201,0,4517,4517
18157005300,"Tippecanoe, IN (CT)",0,1430,1430,0,2992,2992
18157005400,"Tippecanoe, IN (CT)",0,1942,1942,0,6310,6310
18157005500,"Tippecanoe, IN (CT)",0,1792,1792,0,4486,4486
18157010100,"Tippecanoe, IN (CT)",1479,1056,2535,3433,2416,5849
18157010201,"Tippecanoe, IN (CT)",1348,573,1921,3511,1383,4894
18157010203,"Tippecanoe, IN (CT)",259,3298,3557,654,7501,8155
18157010204,"Tippecanoe, IN (CT)",42,5266,5308,104,12126,12230
18157010300,"Tippecanoe, IN (CT)",0,383,383,0,3365,3365
18157010400,"Tippecanoe, IN (CT)",0,0,0,0,6797,6797
18157010500,"Tippecanoe, IN (CT)",0,979,979,0,2021,2021
18157010600,"Tippecanoe, IN (CT)",1954,206,2160,4840,473,5313
18157010700,"Tippecanoe, IN (CT)",662,1006,1668,1837,2935,4772
18157010800,"Tippecanoe, IN (CT)",340,1699,2039,1021,3540,4561
18157010901,"Tippecanoe, IN (CT)",1183,1599,2782,3004,4157,7161
18157010902,"Tippecanoe, IN (CT)",890,564,1454,2445,1420,3865
18157011000,"Tippecanoe, IN (CT)",1558,0,1558,4026,0,4026
18157011100,"Tippecanoe, IN (CT)",0,2344,2344,0,4390,4390
18159020100,"Tipton, IN (CT)",1184,56,1240,2678,139,2817
18159020200,"Tipton, IN (CT)",1422,74,1496,3435,176,3611
18159020300,"Tipton, IN (CT)",1134,50,1184,2654,115,2769
18159020400,"Tipton, IN (CT)",474,2604,3078,1050,5689,6739
18161960700,"Union, IN (CT)",1885,0,1885,4376,0,4376
18161960800,"Union, IN (CT)",1354,0,1354,3140,0,3140
18163000100,"Vanderburgh, IN (CT)",0,1070,1070,0,1928,1928
18163000201,"Vanderburgh, IN (CT)",10,3800,3810,22,7702,7724
18163000202,"Vanderburgh, IN (CT)",0,1036,1036,0,2224,2224
18163000300,"Vanderburgh, IN (CT)",0,1566,1566,0,4248,4248
18163000400,"Vanderburgh, IN (CT)",0,1100,1100,0,2360,2360
18163000500,"Vanderburgh, IN (CT)",0,983,983,0,2106,2106
18163000600,"Vanderburgh, IN (CT)",0,850,850,0,1973,1973
18163000800,"Vanderburgh, IN (CT)",0,1299,1299,0,2844,2844
18163000900,"Vanderburgh, IN (CT)",0,2844,2844,0,5944,5944
18163001000,"Vanderburgh, IN (CT)",0,1930,1930,0,3812,3812
18163001100,"Vanderburgh, IN (CT)",0,1317,1317,0,2468,2468
18163001200,"Vanderburgh, IN (CT)",0,1125,1125,0,1894,1894
18163001300,"Vanderburgh, IN (CT)",0,1053,1053,0,2038,2038
18163001400,"Vanderburgh, IN (CT)",0,1002,1002,0,2279,2279
18163001500,"Vanderburgh, IN (CT)",0,1061,1061,0,2062,2062
18163001700,"Vanderburgh, IN (CT)",0,1293,1293,0,2137,2137
18163001800,"Vanderburgh, IN (CT)",0,279,279,0,648,648
18163001900,"Vanderburgh, IN (CT)",0,706,706,0,1323,1323
18163002000,"Vanderburgh, IN (CT)",0,634,634,0,1177,1177
18163002100,"Vanderburgh, IN (CT)",0,1171,1171,0,2303,2303
18163002300,"Vanderburgh, IN (CT)",0,1287,1287,0,2575,2575
18163002400,"Vanderburgh, IN (CT)",0,1639,1639,0,3065,3065
18163002500,"Vanderburgh, IN (CT)",0,1015,1015,0,2014,2014
18163002600,"Vanderburgh, IN (CT)",0,1451,1451,0,3151,3151
18163002800,"Vanderburgh, IN (CT)",0,1370,1370,0,2447,2447
18163002900,"Vanderburgh, IN (CT)",0,492,492,0,1017,1017
18163003000,"Vanderburgh, IN (CT)",0,2306,2306,0,4831,4831
18163003100,"Vanderburgh, IN (CT)",0,1220,1220,0,2604,2604
18163003200,"Vanderburgh, IN (CT)",0,2064,2064,0,4050,4050
18163003300,"Vanderburgh, IN (CT)",0,2064,2064,0,3877,3877
18163003400,"Vanderburgh, IN (CT)",0,1280,1280,0,2879,2879
18163003500,"Vanderburgh, IN (CT)",0,1068,1068,0,3083,3083
18163003600,"Vanderburgh, IN (CT)",0,2337,2337,0,4833,4833
18163003701,"Vanderburgh, IN (CT)",0,839,839,0,1866,1866
18163003702,"Vanderburgh, IN (CT)",0,2393,2393,0,4528,4528
18163003801,"Vanderburgh, IN (CT)",0,2877,2877,0,5309,5309
18163003803,"Vanderburgh, IN (CT)",0,2424,2424,0,5360,5360
18163003804,"Vanderburgh, IN (CT)",211,2609,2820,453,5450,5903
18163003900,"Vanderburgh, IN (CT)",0,1479,1479,0,3280,3280
18163010100,"Vanderburgh, IN (CT)",159,3440,3599,346,5789,6135
18163010201,"Vanderburgh, IN (CT)",577,3384,3961,1437,8857,10294
18163010202,"Vanderburgh, IN (CT)",0,1363,1363,0,3187,3187
18163010203,"Vanderburgh, IN (CT)",69,3688,3757,162,8927,9089
18163010403,"Vanderburgh, IN (CT)",637,1476,2113,1257,5221,6478
18163010404,"Vanderburgh, IN (CT)",206,2559,2765,580,6199,6779
18163010500,"Vanderburgh, IN (CT)",2502,407,2909,6538,903,7441
18163010600,"Vanderburgh, IN (CT)",634,0,634,1599,0,1599
18163010700,"Vanderburgh, IN (CT)",1598,1745,3343,4077,4451,8528
18163980100,"Vanderburgh, IN (CT)",3,2,5,3,6,9
18165020100,"Vermillion, IN (CT)",1542,0,1542,3356,0,3356
18165020200,"Vermillion, IN (CT)",1245,0,1245,2806,0,2806
18165020300,"Vermillion, IN (CT)",784,680,1464,1743,1403,3146
18165020400,"Vermillion, IN (CT)",846,57,903,1882,123,2005
18165020500,"Vermillion, IN (CT)",0,2334,2334,0,4899,4899
18167000300,"Vigo, IN (CT)",0,851,851,0,1705,1705
18167000400,"Vigo, IN (CT)",0,1341,1341,0,3208,3208
18167000500,"Vigo, IN (CT)",0,796,796,0,1781,1781
18167000600,"Vigo, IN (CT)",0,1105,1105,0,2247,2247
18167000700,"Vigo, IN (CT)",0,918,918,0,2157,2157
18167000900,"Vigo, IN (CT)",0,1097,1097,0,2238,2238
18167001000,"Vigo, IN (CT)",0,1613,1613,0,3544,3544
18167001100,"Vigo, IN (CT)",0,1444,1444,0,3018,3018
18167001200,"Vigo, IN (CT)",0,1170,1170,0,2594,2594
18167001300,"Vigo, IN (CT)",16,1125,1141,39,2483,2522
18167001400,"Vigo, IN (CT)",0,1550,1550,0,3240,3240
18167001500,"Vigo, IN (CT)",0,1699,1699,0,3481,3481
18167001600,"Vigo, IN (CT)",53,2300,2353,119,4997,5116
18167001700,"Vigo, IN (CT)",0,2203,2203,0,4728,4728
18167001800,"Vigo, IN (CT)",0,1231,1231,0,2696,2696
18167001900,"Vigo, IN (CT)",0,751,751,0,1763,1763
18167010100,"Vigo, IN (CT)",1445,538,1983,3438,2443,5881
18167010201,"Vigo, IN (CT)",363,1675,2038,836,3898,4734
18167010202,"Vigo, IN (CT)",362,1058,1420,899,2382,3281
18167010300,"Vigo, IN (CT)",1487,15,1502,3697,50,3747
18167010400,"Vigo, IN (CT)",1316,251,1567,3084,542,3626
18167010500,"Vigo, IN (CT)",6,1033,1039,16,2394,2410
18167010600,"Vigo, IN (CT)",790,2026,2816,1865,3945,5810
18167010701,"Vigo, IN (CT)",1107,2135,3242,2316,4350,6666
18167010702,"Vigo, IN (CT)",1552,890,2442,3570,2123,5693
18167011000,"Vigo, IN (CT)",1327,145,1472,3180,442,3622
18167011100,"Vigo, IN (CT)",0,2451,2451,0,7060,7060
18167011200,"Vigo, IN (CT)",1067,1704,2771,2564,6716,9280
18169102200,"Wabash, IN (CT)",44,2440,2484,90,6022,6112
18169102300,"Wabash, IN (CT)",1747,4,1751,4300,9,4309
18169102400,"Wabash, IN (CT)",1392,0,1392,3263,73,3336
18169102500,"Wabash, IN (CT)",1757,30,1787,4479,57,4536
18169102600,"Wabash, IN (CT)",161,1380,1541,356,2879,3235
18169102700,"Wabash, IN (CT)",0,2014,2014,0,4129,4129
18169102800,"Wabash, IN (CT)",118,1479,1597,238,3243,3481
18169102900,"Wabash, IN (CT)",1591,14,1605,3713,37,3750
18171951000,"Warren, IN (CT)",1268,806,2074,2964,1782,4746
18171951100,"Warren, IN (CT)",1542,64,1606,3596,166,3762
18173030100,"Warrick, IN (CT)",1448,0,1448,3521,0,3521
18173030200,"Warrick, IN (CT)",1460,0,1460,3509,0,3509
18173030300,"Warrick, IN (CT)",708,1101,1809,1746,2919,4665
18173030400,"Warrick, IN (CT)",148,1167,1315,350,2523,2873
18173030500,"Warrick, IN (CT)",2422,471,2893,6193,1011,7204
18173030600,"Warrick, IN (CT)",219,2530,2749,599,5463,6062
18173030702,"Warrick, IN (CT)",57,2748,2805,127,6867,6994
18173030703,"Warrick, IN (CT)",0,2146,2146,0,5623,5623
18173030704,"Warrick, IN (CT)",420,1221,1641,1156,3286,4442
18173030705,"Warrick, IN (CT)",110,2886,2996,255,7792,8047
18173030800,"Warrick, IN (CT)",15,2926,2941,37,6712,6749
18175967200,"Washington, IN (CT)",1907,0,1907,4529,0,4529
18175967300,"Washington, IN (CT)",1808,249,2057,3972,579,4551
18175967400,"Washington, IN (CT)",1801,122,1923,4413,287,4700
18175967500,"Washington, IN (CT)",0,1529,1529,0,3101,3101
18175967600,"Washington, IN (CT)",631,1113,1744,1501,2577,4078
18175967700,"Washington, IN (CT)",3060,0,3060,7303,0,7303
18177000200,"Wayne, IN (CT)",0,2229,2229,0,4055,4055
18177000400,"Wayne, IN (CT)",319,1196,1515,702,2985,3687
18177000500,"Wayne, IN (CT)",0,2023,2023,0,4407,4407
18177000600,"Wayne, IN (CT)",162,763,925,360,1708,2068
18177000700,"Wayne, IN (CT)",222,2573,2795,532,5543,6075
18177000800,"Wayne, IN (CT)",0,1788,1788,0,4455,4455
18177000900,"Wayne, IN (CT)",62,2777,2839,280,5624,5904
18177001000,"Wayne, IN (CT)",0,2580,2580,0,4834,4834
18177001100,"Wayne, IN (CT)",75,2959,3034,176,6149,6325
18177010100,"Wayne, IN (CT)",1216,18,1234,2745,51,2796
18177010200,"Wayne, IN (CT)",1331,0,1331,3353,0,3353
18177010300,"Wayne, IN (CT)",1377,0,1377,3525,0,3525
18177010400,"Wayne, IN (CT)",1514,0,1514,3482,0,3482
18177010500,"Wayne, IN (CT)",853,23,876,2289,49,2338
18177010600,"Wayne, IN (CT)",429,1768,2197,924,3805,4729
18177010700,"Wayne, IN (CT)",1622,26,1648,3844,67,3911
18177010800,"Wayne, IN (CT)",252,1085,1337,565,2408,2973
18179040100,"Wells, IN (CT)",804,1562,2366,2051,3711,5762
18179040200,"Wells, IN (CT)",1444,0,1444,3717,0,3717
18179040300,"Wells, IN (CT)",1357,111,1468,3462,313,3775
18179040400,"Wells, IN (CT)",228,1519,1747,463,3127,3590
18179040500,"Wells, IN (CT)",102,1131,1233,268,2535,2803
18179040600,"Wells, IN (CT)",72,1792,1864,177,3977,4154
18179040700,"Wells, IN (CT)",1537,0,1537,3835,0,3835
18181958100,"White, IN (CT)",1851,379,2230,2238,288,2526
18181958200,"White, IN (CT)",1094,251,1345,2624,195,2819
18181958300,"White, IN (CT)",962,0,962,2405,0,2405
18181958400,"White, IN (CT)",1114,0,1114,2300,0,2300
18181958500,"White, IN (CT)",1223,1209,2432,1809,1821,3630
18181958600,"White, IN (CT)",0,2406,2406,0,5142,5142
18181958700,"White, IN (CT)",974,198,1172,2188,448,2636
18181958800,"White, IN (CT)",1309,0,1309,3185,0,3185
18183050100,"Whitley, IN (CT)",2210,0,2210,5271,0,5271
18183050200,"Whitley, IN (CT)",2596,0,2596,5386,0,5386
18183050300,"Whitley, IN (CT)",2201,0,2201,5303,0,5303
18183050400,"Whitley, IN (CT)",452,2689,3141,1188,5850,7038
18183050500,"Whitley, IN (CT)",667,1318,1985,1760,3115,4875
18183050600,"Whitley, IN (CT)",680,106,786,1755,260,2015
18183050700,"Whitley, IN (CT)",1240,122,1362,3029,375,3404
19001960100,"Adair, IA (CT)",1318,0,1318,2791,0,2791
19001960200,"Adair, IA (CT)",885,0,885,1844,0,1844
19001960300,"Adair, IA (CT)",1495,0,1495,3047,0,3047
19003950100,"Adams, IA (CT)",855,0,855,1742,0,1742
19003950200,"Adams, IA (CT)",1155,0,1155,2287,0,2287
19005960100,"Allamakee, IA (CT)",1336,0,1336,2130,0,2130
19005960200,"Allamakee, IA (CT)",1168,1,1169,2589,2,2591
19005960300,"Allamakee, IA (CT)",156,1861,2017,359,3729,4088
19005960400,"Allamakee, IA (CT)",1790,0,1790,2343,0,2343
19005960500,"Allamakee, IA (CT)",1305,0,1305,3178,0,3178
19007950100,"Appanoose, IA (CT)",1305,16,1321,2552,35,2587
19007950200,"Appanoose, IA (CT)",1121,0,1121,1868,0,1868
19007950300,"Appanoose, IA (CT)",164,1489,1653,372,2683,3055
19007950400,"Appanoose, IA (CT)",167,1297,1464,363,2662,3025
19007950500,"Appanoose, IA (CT)",1074,0,1074,2352,0,2352
19009070100,"Audubon, IA (CT)",940,0,940,2056,0,2056
19009070200,"Audubon, IA (CT)",1176,0,1176,2332,0,2332
19009070300,"Audubon, IA (CT)",856,0,856,1731,0,1731
19011960100,"Benton, IA (CT)",1166,0,1166,3012,0,3012
19011960200,"Benton, IA (CT)",1406,1,1407,3250,1,3251
19011960300,"Benton, IA (CT)",155,2191,2346,367,5043,5410
19011960400,"Benton, IA (CT)",1451,0,1451,3270,0,3270
19011960500,"Benton, IA (CT)",2219,0,2219,5760,0,5760
19011960600,"Benton, IA (CT)",1166,0,1166,2643,0,2643
19011960700,"Benton, IA (CT)",1340,0,1340,2730,0,2730
19013000100,"Black Hawk, IA (CT)",0,1090,1090,0,2011,2011
19013000200,"Black Hawk, IA (CT)",0,1288,1288,0,3057,3057
19013000300,"Black Hawk, IA (CT)",0,1555,1555,0,3104,3104
19013000400,"Black Hawk, IA (CT)",0,761,761,0,1566,1566
19013000500,"Black Hawk, IA (CT)",0,678,678,0,1717,1717
19013000700,"Black Hawk, IA (CT)",0,604,604,0,1518,1518
19013000800,"Black Hawk, IA (CT)",35,1625,1660,84,3944,4028
19013000900,"Black Hawk, IA (CT)",0,911,911,0,1764,1764
19013001000,"Black Hawk, IA (CT)",0,1580,1580,0,3626,3626
19013001100,"Black Hawk, IA (CT)",0,1212,1212,0,2847,2847
19013001200,"Black Hawk, IA (CT)",0,1098,1098,0,2321,2321
19013001301,"Black Hawk, IA (CT)",0,1946,1946,0,4142,4142
19013001302,"Black Hawk, IA (CT)",0,1709,1709,0,3632,3632
19013001400,"Black Hawk, IA (CT)",0,1986,1986,0,4557,4557
19013001501,"Black Hawk, IA (CT)",0,1515,1515,0,3120,3120
19013001502,"Black Hawk, IA (CT)",0,1787,1787,0,4165,4165
19013001503,"Black Hawk, IA (CT)",0,1690,1690,0,3845,3845
19013001600,"Black Hawk, IA (CT)",5,1214,1219,16,2745,2761
19013001701,"Black Hawk, IA (CT)",0,935,935,0,2147,2147
19013001702,"Black Hawk, IA (CT)",160,966,1126,386,2081,2467
19013001800,"Black Hawk, IA (CT)",0,634,634,0,1506,1506
19013001900,"Black Hawk, IA (CT)",83,865,948,190,1991,2181
19013002000,"Black Hawk, IA (CT)",127,2204,2331,239,5156,5395
19013002200,"Black Hawk, IA (CT)",0,1958,1958,0,4202,4202
19013002301,"Black Hawk, IA (CT)",0,946,946,0,2248,2248
19013002303,"Black Hawk, IA (CT)",0,524,524,0,5142,5142
19013002304,"Black Hawk, IA (CT)",0,1098,1098,0,2749,2749
19013002400,"Black Hawk, IA (CT)",0,1912,1912,0,4078,4078
19013002500,"Black Hawk, IA (CT)",0,2584,2584,0,5719,5719
19013002601,"Black Hawk, IA (CT)",258,1730,1988,404,3907,4311
19013002603,"Black Hawk, IA (CT)",636,3329,3965,1608,8421,10029
19013002604,"Black Hawk, IA (CT)",1159,653,1812,2822,1332,4154
19013002700,"Black Hawk, IA (CT)",1182,454,1636,2740,1148,3888
19013002800,"Black Hawk, IA (CT)",1169,0,1169,3010,0,3010
19013002901,"Black Hawk, IA (CT)",88,473,561,209,1157,1366
19013002902,"Black Hawk, IA (CT)",1327,360,1687,3091,809,3900
19013003001,"Black Hawk, IA (CT)",391,1836,2227,1036,3986,5022
19013003002,"Black Hawk, IA (CT)",756,801,1557,1837,1958,3795
19015020100,"Boone, IA (CT)",1085,207,1292,2525,388,2913
19015020200,"Boone, IA (CT)",0,1820,1820,0,3900,3900
19015020300,"Boone, IA (CT)",5,3008,3013,9,6144,6153
19015020400,"Boone, IA (CT)",0,1061,1061,0,2554,2554
19015020500,"Boone, IA (CT)",2031,0,2031,4687,0,4687
19015020600,"Boone, IA (CT)",796,0,796,2283,0,2283
19015020700,"Boone, IA (CT)",1743,0,1743,3816,0,3816
19017004000,"Bremer, IA (CT)",0,650,650,0,2690,2690
19017004100,"Bremer, IA (CT)",298,1161,1459,730,2785,3515
19017004200,"Bremer, IA (CT)",326,1407,1733,763,3146,3909
19017004300,"Bremer, IA (CT)",779,0,779,1892,0,1892
19017004400,"Bremer, IA (CT)",1190,0,1190,2824,0,2824
19017004500,"Bremer, IA (CT)",1132,0,1132,2512,0,2512
19017004600,"Bremer, IA (CT)",2014,0,2014,4876,0,4876
19017004700,"Bremer, IA (CT)",958,0,958,2058,0,2058
19019950100,"Buchanan, IA (CT)",1095,0,1095,2492,0,2492
19019950200,"Buchanan, IA (CT)",1166,413,1579,3203,851,4054
19019950300,"Buchanan, IA (CT)",1389,0,1389,3276,0,3276
19019950400,"Buchanan, IA (CT)",343,939,1282,642,2063,2705
19019950500,"Buchanan, IA (CT)",112,1644,1756,276,3680,3956
19019950600,"Buchanan, IA (CT)",1867,0,1867,4475,0,4475
19021960100,"Buena Vista, IA (CT)",788,0,788,1570,0,1570
19021960200,"Buena Vista, IA (CT)",921,0,921,1936,0,1936
19021960300,"Buena Vista, IA (CT)",856,0,856,1940,0,1940
19021960400,"Buena Vista, IA (CT)",99,2253,2352,221,6124,6345
19021960500,"Buena Vista, IA (CT)",62,1661,1723,124,4820,4944
19021960600,"Buena Vista, IA (CT)",1401,196,1597,3105,420,3525
19023070100,"Butler, IA (CT)",1377,0,1377,3260,0,3260
19023070200,"Butler, IA (CT)",937,0,937,1971,0,1971
19023070300,"Butler, IA (CT)",1356,0,1356,2825,0,2825
19023070400,"Butler, IA (CT)",1715,0,1715,3824,0,3824
19023070500,"Butler, IA (CT)",1297,0,1297,2987,0,2987
19025950100,"Calhoun, IA (CT)",1385,0,1385,2369,0,2369
19025950200,"Calhoun, IA (CT)",1663,0,1663,3107,0,3107
19025950300,"Calhoun, IA (CT)",907,0,907,1796,0,1796
19025950400,"Calhoun, IA (CT)",1153,0,1153,2398,0,2398
19027960100,"Carroll, IA (CT)",1666,0,1666,3882,0,3882
19027960200,"Carroll, IA (CT)",992,0,992,2400,0,2400
19027960300,"Carroll, IA (CT)",13,2828,2841,63,6230,6293
19027960400,"Carroll, IA (CT)",81,1820,1901,206,3754,3960
19027960500,"Carroll, IA (CT)",891,0,891,1951,0,1951
19027960600,"Carroll, IA (CT)",1085,0,1085,2330,0,2330
19029190100,"Cass, IA (CT)",1236,0,1236,2610,0,2610
19029190200,"Cass, IA (CT)",1116,0,1116,2436,0,2436
19029190300,"Cass, IA (CT)",767,0,767,1580,0,1580
19029190400,"Cass, IA (CT)",131,1894,2025,305,3917,4222
19029190500,"Cass, IA (CT)",239,1208,1447,554,2554,3108
19031450100,"Cedar, IA (CT)",1314,0,1314,2907,0,2907
19031450200,"Cedar, IA (CT)",1614,0,1614,3733,0,3733
19031450300,"Cedar, IA (CT)",159,1448,1607,392,3067,3459
19031450400,"Cedar, IA (CT)",1250,0,1250,2976,0,2976
19031450500,"Cedar, IA (CT)",2279,0,2279,5424,0,5424
19033950102,"Cerro Gordo, IA (CT)",0,2150,2150,0,4689,4689
19033950200,"Cerro Gordo, IA (CT)",371,2698,3069,787,5509,6296
19033950300,"Cerro Gordo, IA (CT)",109,2354,2463,265,4596,4861
19033950402,"Cerro Gordo, IA (CT)",0,2056,2056,0,4130,4130
19033950600,"Cerro Gordo, IA (CT)",962,29,991,2106,69,2175
19033950700,"Cerro Gordo, IA (CT)",256,1949,2205,558,3473,4031
19033950800,"Cerro Gordo, IA (CT)",458,2254,2712,1176,3826,5002
19033950900,"Cerro Gordo, IA (CT)",491,937,1428,937,645,1582
19033951000,"Cerro Gordo, IA (CT)",1297,0,1297,2864,0,2864
19033951400,"Cerro Gordo, IA (CT)",183,1330,1513,399,3385,3784
19033951600,"Cerro Gordo, IA (CT)",0,2279,2279,0,4737,4737
19035080100,"Cherokee, IA (CT)",443,2294,2737,993,4662,5655
19035080200,"Cherokee, IA (CT)",1192,0,1192,2498,0,2498
19035080300,"Cherokee, IA (CT)",822,0,822,1707,0,1707
19035080400,"Cherokee, IA (CT)",1026,0,1026,2212,0,2212
19037070100,"Chickasaw, IA (CT)",1401,0,1401,3335,0,3335
19037070200,"Chickasaw, IA (CT)",1183,0,1183,2499,0,2499
19037070300,"Chickasaw, IA (CT)",1278,0,1278,2778,0,2778
19037070400,"Chickasaw, IA (CT)",254,1563,1817,535,3292,3827
19039960100,"Clarke, IA (CT)",82,2125,2207,158,4813,4971
19039960200,"Clarke, IA (CT)",919,2,921,2100,6,2106
19039960300,"Clarke, IA (CT)",958,0,958,2209,0,2209
19041080100,"Clay, IA (CT)",1019,0,1019,2064,0,2064
19041080200,"Clay, IA (CT)",156,2570,2726,311,5071,5382
19041080300,"Clay, IA (CT)",101,2733,2834,231,5881,6112
19041080400,"Clay, IA (CT)",1483,0,1483,3109,0,3109
19043070100,"Clayton, IA (CT)",1351,351,1702,2463,617,3080
19043070200,"Clayton, IA (CT)",1567,0,1567,3525,0,3525
19043070300,"Clayton, IA (CT)",1603,0,1603,3320,0,3320
19043070400,"Clayton, IA (CT)",1607,0,1607,2577,0,2577
19043070500,"Clayton, IA (CT)",998,0,998,2275,0,2275
19043070600,"Clayton, IA (CT)",1522,0,1522,3352,0,3352
19045000100,"Clinton, IA (CT)",0,1719,1719,0,3352,3352
19045000200,"Clinton, IA (CT)",16,924,940,0,2100,2100
19045000300,"Clinton, IA (CT)",0,2338,2338,0,5416,5416
19045000400,"Clinton, IA (CT)",345,1301,1646,847,2917,3764
19045000500,"Clinton, IA (CT)",34,2002,2036,82,4365,4447
19045000600,"Clinton, IA (CT)",0,1661,1661,0,3687,3687
19045000700,"Clinton, IA (CT)",545,1315,1860,1374,2771,4145
19045000800,"Clinton, IA (CT)",540,1820,2360,1227,4037,5264
19045000900,"Clinton, IA (CT)",730,2016,2746,1849,4639,6488
19045001000,"Clinton, IA (CT)",1680,0,1680,4004,0,4004
19045001100,"Clinton, IA (CT)",1057,0,1057,2445,0,2445
19045001200,"Clinton, IA (CT)",1690,0,1690,4004,0,4004
19047070100,"Crawford, IA (CT)",846,0,846,1855,0,1855
19047070200,"Crawford, IA (CT)",1024,0,1024,2257,0,2257
19047070300,"Crawford, IA (CT)",1028,0,1028,2213,0,2213
19047070400,"Crawford, IA (CT)",258,2940,3198,638,8240,8878
19047070500,"Crawford, IA (CT)",847,0,847,1893,0,1893
19049050100,"Dallas, IA (CT)",1640,237,1877,3831,668,4499
19049050200,"Dallas, IA (CT)",1500,0,1500,3649,0,3649
19049050300,"Dallas, IA (CT)",89,1816,1905,184,4471,4655
19049050400,"Dallas, IA (CT)",0,1321,1321,0,3157,3157
19049050500,"Dallas, IA (CT)",916,0,916,2117,0,2117
19049050600,"Dallas, IA (CT)",1302,0,1302,2987,0,2987
19049050700,"Dallas, IA (CT)",459,1317,1776,1033,3170,4203
19049050803,"Dallas, IA (CT)",125,1991,2116,298,5447,5745
19049050805,"Dallas, IA (CT)",0,1894,1894,0,5802,5802
19049050807,"Dallas, IA (CT)",0,2533,2533,0,6257,6257
19049050809,"Dallas, IA (CT)",272,2198,2470,561,5238,5799
19049050811,"Dallas, IA (CT)",99,3850,3949,286,8032,8318
19049050812,"Dallas, IA (CT)",551,224,775,1356,244,1600
19049050901,"Dallas, IA (CT)",0,1336,1336,0,3414,3414
19049050902,"Dallas, IA (CT)",1588,2,1590,3926,7,3933
19051080100,"Davis, IA (CT)",1819,0,1819,4001,0,4001
19051080200,"Davis, IA (CT)",1781,0,1781,4752,0,4752
19053960100,"Decatur, IA (CT)",1187,0,1187,2496,0,2496
19053960200,"Decatur, IA (CT)",1629,0,1629,3826,0,3826
19053960300,"Decatur, IA (CT)",1018,0,1018,2135,0,2135
19055950100,"Delaware, IA (CT)",1554,13,1567,3825,36,3861
19055950200,"Delaware, IA (CT)",1307,40,1347,3076,102,3178
19055950300,"Delaware, IA (CT)",144,2222,2366,321,4930,5251
19055950400,"Delaware, IA (CT)",2748,0,2748,5474,0,5474
19057000200,"Des Moines, IA (CT)",0,1503,1503,0,3116,3116
19057000300,"Des Moines, IA (CT)",0,2006,2006,0,3909,3909
19057000400,"Des Moines, IA (CT)",0,1771,1771,0,4154,4154
19057000500,"Des Moines, IA (CT)",0,2190,2190,0,4834,4834
19057000600,"Des Moines, IA (CT)",0,1883,1883,0,4018,4018
19057000700,"Des Moines, IA (CT)",272,1077,1349,593,2339,2932
19057000800,"Des Moines, IA (CT)",138,1399,1537,319,2799,3118
19057000900,"Des Moines, IA (CT)",109,1417,1526,270,3150,3420
19057001000,"Des Moines, IA (CT)",1906,131,2037,4303,242,4545
19057001100,"Des Moines, IA (CT)",1256,381,1637,2896,802,3698
19057001200,"Des Moines, IA (CT)",1017,79,1096,2400,181,2581
19059450200,"Dickinson, IA (CT)",1115,0,1115,2180,0,2180
19059450500,"Dickinson, IA (CT)",43,2778,2821,90,5010,5100
19059450800,"Dickinson, IA (CT)",449,1161,1610,1006,2421,3427
19059451000,"Dickinson, IA (CT)",1312,1201,2513,1301,1251,2552
19059451100,"Dickinson, IA (CT)",2167,2623,4790,1264,2144,3408
19061000100,"Dubuque, IA (CT)",0,1768,1768,0,3127,3127
19061000300,"Dubuque, IA (CT)",0,920,920,0,2094,2094
19061000400,"Dubuque, IA (CT)",0,1632,1632,0,3827,3827
19061000500,"Dubuque, IA (CT)",0,1813,1813,0,3867,3867
19061000600,"Dubuque, IA (CT)",0,1330,1330,0,3330,3330
19061000701,"Dubuque, IA (CT)",0,1097,1097,0,3426,3426
19061000702,"Dubuque, IA (CT)",0,1370,1370,0,3019,3019
19061000801,"Dubuque, IA (CT)",0,1821,1821,0,4398,4398
19061000802,"Dubuque, IA (CT)",0,1465,1465,0,3481,3481
19061000900,"Dubuque, IA (CT)",0,1419,1419,0,3959,3959
19061001101,"Dubuque, IA (CT)",0,1478,1478,0,3579,3579
19061001102,"Dubuque, IA (CT)",109,2715,2824,293,6240,6533
19061001201,"Dubuque, IA (CT)",0,1876,1876,0,3831,3831
19061001202,"Dubuque, IA (CT)",0,972,972,0,1925,1925
19061001204,"Dubuque, IA (CT)",0,766,766,0,2122,2122
19061001205,"Dubuque, IA (CT)",0,1805,1805,0,4072,4072
19061010101,"Dubuque, IA (CT)",87,813,900,226,1727,1953
19061010103,"Dubuque, IA (CT)",97,1140,1237,217,2563,2780
19061010104,"Dubuque, IA (CT)",353,1277,1630,1021,3633,4654
19061010105,"Dubuque, IA (CT)",1417,6,1423,3692,16,3708
19061010201,"Dubuque, IA (CT)",1685,177,1862,4700,531,5231
19061010202,"Dubuque, IA (CT)",1487,0,1487,4108,0,4108
19061010300,"Dubuque, IA (CT)",1229,0,1229,3113,0,3113
19061010400,"Dubuque, IA (CT)",1628,0,1628,3924,0,3924
19061010500,"Dubuque, IA (CT)",277,1652,1929,801,3584,4385
19061010600,"Dubuque, IA (CT)",1270,0,1270,3207,0,3207
19063070100,"Emmet, IA (CT)",937,0,937,1929,0,1929
19063070200,"Emmet, IA (CT)",855,3,858,1825,8,1833
19063070300,"Emmet, IA (CT)",46,1443,1489,86,3225,3311
19063070400,"Emmet, IA (CT)",130,1344,1474,270,2959,3229
19065080100,"Fayette, IA (CT)",1305,0,1305,2644,0,2644
19065080200,"Fayette, IA (CT)",1517,0,1517,3609,0,3609
19065080300,"Fayette, IA (CT)",1035,0,1035,2471,0,2471
19065080400,"Fayette, IA (CT)",145,1298,1443,291,2801,3092
19065080500,"Fayette, IA (CT)",112,1621,1733,244,3342,3586
19065080600,"Fayette, IA (CT)",1169,0,1169,2526,0,2526
19065080700,"Fayette, IA (CT)",1356,0,1356,2952,0,2952
19067480100,"Floyd, IA (CT)",1128,50,1178,2776,76,2852
19067480200,"Floyd, IA (CT)",1204,0,1204,2722,0,2722
19067480300,"Floyd, IA (CT)",1199,0,1199,2579,0,2579
19067480400,"Floyd, IA (CT)",74,1452,1526,142,2976,3118
19067480500,"Floyd, IA (CT)",160,2259,2419,378,4654,5032
19069360100,"Franklin, IA (CT)",1551,0,1551,3351,0,3351
19069360200,"Franklin, IA (CT)",245,1848,2093,476,4246,4722
19069360300,"Franklin, IA (CT)",1250,0,1250,2607,0,2607
19071970100,"Fremont, IA (CT)",1001,0,1001,2085,0,2085
19071970200,"Fremont, IA (CT)",1215,0,1215,2785,0,2785
19071970300,"Fremont, IA (CT)",1215,0,1215,2571,0,2571
19073080100,"Greene, IA (CT)",960,0,960,2059,0,2059
19073080200,"Greene, IA (CT)",377,840,1217,754,1821,2575
19073080300,"Greene, IA (CT)",393,1055,1448,768,2085,2853
19073080500,"Greene, IA (CT)",921,0,921,1849,0,1849
19075960100,"Grundy, IA (CT)",1938,0,1938,4474,0,4474
19075960200,"Grundy, IA (CT)",1249,0,1249,2874,0,2874
19075960300,"Grundy, IA (CT)",1365,0,1365,2958,0,2958
19075960400,"Grundy, IA (CT)",978,0,978,2147,0,2147
19077950100,"Guthrie, IA (CT)",2502,0,2502,4296,0,4296
19077950200,"Guthrie, IA (CT)",1106,0,1106,2295,0,2295
19077950300,"Guthrie, IA (CT)",2148,0,2148,4363,0,4363
19079960100,"Hamilton, IA (CT)",891,0,891,1915,0,1915
19079960200,"Hamilton, IA (CT)",1526,0,1526,3520,0,3520
19079960300,"Hamilton, IA (CT)",140,1288,1428,280,2754,3034
19079960400,"Hamilton, IA (CT)",110,2353,2463,221,5007,5228
19079960500,"Hamilton, IA (CT)",911,0,911,1976,0,1976
19081270100,"Hancock, IA (CT)",346,1373,1719,761,3115,3876
19081270200,"Hancock, IA (CT)",1068,177,1245,2307,285,2592
19081270300,"Hancock, IA (CT)",1290,0,1290,2684,0,2684
19081270400,"Hancock, IA (CT)",1076,0,1076,2189,0,2189
19083480100,"Hardin, IA (CT)",1278,0,1278,2606,0,2606
19083480200,"Hardin, IA (CT)",284,918,1202,604,1662,2266
19083480300,"Hardin, IA (CT)",204,1464,1668,481,3408,3889
19083480400,"Hardin, IA (CT)",1330,0,1330,2892,0,2892
19083480500,"Hardin, IA (CT)",1343,0,1343,2917,0,2917
19083480600,"Hardin, IA (CT)",1403,0,1403,2964,0,2964
19085290100,"Harrison, IA (CT)",1346,0,1346,2547,0,2547
19085290200,"Harrison, IA (CT)",1576,0,1576,3491,0,3491
19085290300,"Harrison, IA (CT)",1296,0,1296,3044,0,3044
19085290400,"Harrison, IA (CT)",214,1284,1498,505,2819,3324
19085290500,"Harrison, IA (CT)",1015,0,1015,2522,0,2522
19087970100,"Henry, IA (CT)",1735,0,1735,4073,0,4073
19087970200,"Henry, IA (CT)",1336,0,1336,3031,0,3031
19087970300,"Henry, IA (CT)",252,1559,1811,596,3847,4443
19087970400,"Henry, IA (CT)",58,1790,1848,145,4789,4934
19087970500,"Henry, IA (CT)",1550,0,1550,3664,0,3664
19089960100,"Howard, IA (CT)",170,1703,1873,460,3533,3993
19089960200,"Howard, IA (CT)",1284,3,1287,2849,7,2856
19089960300,"Howard, IA (CT)",1207,0,1207,2717,0,2717
19091970100,"Humboldt, IA (CT)",1031,0,1031,2184,0,2184
19091970200,"Humboldt, IA (CT)",922,0,922,1857,0,1857
19091970300,"Humboldt, IA (CT)",38,1356,1394,110,2863,2973
19091970400,"Humboldt, IA (CT)",181,1156,1337,421,2380,2801
19093090100,"Ida, IA (CT)",1199,0,1199,2550,0,2550
19093090200,"Ida, IA (CT)",1047,0,1047,2161,0,2161
19093090300,"Ida, IA (CT)",1180,0,1180,2378,0,2378
19095960100,"Iowa, IA (CT)",1647,0,1647,3815,0,3815
19095960200,"Iowa, IA (CT)",1858,0,1858,4056,0,4056
19095960300,"Iowa, IA (CT)",1490,0,1490,3293,0,3293
19095960400,"Iowa, IA (CT)",925,1338,2263,2277,2914,5191
19097950100,"Jackson, IA (CT)",1404,0,1404,2633,0,2633
19097950200,"Jackson, IA (CT)",1448,133,1581,3296,286,3582
19097950300,"Jackson, IA (CT)",1335,318,1653,2960,573,3533
19097950400,"Jackson, IA (CT)",585,1153,1738,1353,2257,3610
19097950500,"Jackson, IA (CT)",112,1805,1917,183,3867,4050
19097950600,"Jackson, IA (CT)",68,1054,1122,148,2292,2440
19099040100,"Jasper, IA (CT)",1611,99,1710,3525,216,3741
19099040200,"Jasper, IA (CT)",1634,0,1634,3924,0,3924
19099040300,"Jasper, IA (CT)",202,1057,1259,457,2162,2619
19099040400,"Jasper, IA (CT)",0,2402,2402,0,5112,5112
19099040500,"Jasper, IA (CT)",0,2650,2650,0,5127,5127
19099040600,"Jasper, IA (CT)",0,1317,1317,0,2942,2942
19099040700,"Jasper, IA (CT)",2208,0,2208,5202,0,5202
19099040800,"Jasper, IA (CT)",1744,33,1777,5170,96,5266
19099040900,"Jasper, IA (CT)",1224,0,1224,2909,0,2909
19101090100,"Jefferson, IA (CT)",1209,18,1227,2653,1066,3719
19101090200,"Jefferson, IA (CT)",1495,0,1495,3135,0,3135
19101090300,"Jefferson, IA (CT)",128,2508,2636,299,5039,5338
19101090400,"Jefferson, IA (CT)",227,2009,2236,436,4215,4651
19103000100,"Johnson, IA (CT)",150,2360,2510,373,5934,6307
19103000200,"Johnson, IA (CT)",0,1500,1500,0,2668,2668
19103000301,"Johnson, IA (CT)",11,3468,3479,30,9113,9143
19103000302,"Johnson, IA (CT)",0,2757,2757,0,5465,5465
19103000400,"Johnson, IA (CT)",134,2914,3048,335,6540,6875
19103000500,"Johnson, IA (CT)",0,3554,3554,0,7218,7218
19103000600,"Johnson, IA (CT)",0,1821,1821,0,3001,3001
19103001100,"Johnson, IA (CT)",0,1709,1709,0,3934,3934
19103001200,"Johnson, IA (CT)",0,900,900,0,1928,1928
19103001300,"Johnson, IA (CT)",0,1256,1256,0,3006,3006
19103001400,"Johnson, IA (CT)",0,2094,2094,0,4587,4587
19103001500,"Johnson, IA (CT)",0,1294,1294,0,2553,2553
19103001600,"Johnson, IA (CT)",0,3093,3093,0,7267,7267
19103001700,"Johnson, IA (CT)",0,1353,1353,0,2814,2814
19103001801,"Johnson, IA (CT)",105,2280,2385,192,4728,4920
19103001802,"Johnson, IA (CT)",0,1557,1557,0,3790,3790
19103002100,"Johnson, IA (CT)",0,790,790,0,3784,3784
19103002300,"Johnson, IA (CT)",0,1140,1140,0,4510,4510
19103010100,"Johnson, IA (CT)",2763,0,2763,6811,0,6811
19103010200,"Johnson, IA (CT)",1815,0,1815,4742,0,4742
19103010301,"Johnson, IA (CT)",1130,3226,4356,2610,7608,10218
19103010302,"Johnson, IA (CT)",466,4300,4766,1118,10208,11326
19103010400,"Johnson, IA (CT)",1882,884,2766,4969,1789,6758
19103010500,"Johnson, IA (CT)",1278,1983,3261,3081,4176,7257
19105070100,"Jones, IA (CT)",1725,0,1725,4216,0,4216
19105070300,"Jones, IA (CT)",93,1615,1708,203,4581,4784
19105070400,"Jones, IA (CT)",1724,473,2197,3976,916,4892
19105070500,"Jones, IA (CT)",1286,0,1286,2560,0,2560
19105070600,"Jones, IA (CT)",455,1540,1995,1006,3180,4186
19107080100,"Keokuk, IA (CT)",1040,0,1040,2302,0,2302
19107080200,"Keokuk, IA (CT)",1262,0,1262,2598,0,2598
19107080300,"Keokuk, IA (CT)",1316,0,1316,2749,0,2749
19107080400,"Keokuk, IA (CT)",1313,0,1313,2862,0,2862
19109950100,"Kossuth, IA (CT)",1247,0,1247,2424,0,2424
19109950200,"Kossuth, IA (CT)",1248,0,1248,2541,0,2541
19109950300,"Kossuth, IA (CT)",1138,0,1138,2374,0,2374
19109950400,"Kossuth, IA (CT)",212,1121,1333,556,2147,2703
19109950500,"Kossuth, IA (CT)",103,1497,1600,228,3193,3421
19109950600,"Kossuth, IA (CT)",920,0,920,2080,0,2080
19111490100,"Lee, IA (CT)",209,1684,1893,401,3356,3757
19111490200,"Lee, IA (CT)",295,1873,2168,653,4842,5495
19111490300,"Lee, IA (CT)",1010,0,1010,2258,0,2258
19111490400,"Lee, IA (CT)",1245,0,1245,2823,0,2823
19111490500,"Lee, IA (CT)",1585,0,1585,3594,0,3594
19111490600,"Lee, IA (CT)",1537,2,1539,3554,4,3558
19111490700,"Lee, IA (CT)",262,1709,1971,625,3967,4592
19111490800,"Lee, IA (CT)",116,1050,1166,248,1978,2226
19111490900,"Lee, IA (CT)",0,1153,1153,0,2357,2357
19111491000,"Lee, IA (CT)",0,1027,1027,0,2196,2196
19111491100,"Lee, IA (CT)",197,1251,1448,410,2596,3006
19113000100,"Linn, IA (CT)",275,4980,5255,666,11869,12535
19113000201,"Linn, IA (CT)",0,2689,2689,0,5680,5680
19113000203,"Linn, IA (CT)",117,2460,2577,289,7247,7536
19113000205,"Linn, IA (CT)",307,1159,1466,842,3149,3991
19113000206,"Linn, IA (CT)",187,2447,2634,470,7093,7563
19113000207,"Linn, IA (CT)",0,2661,2661,0,5320,5320
19113000300,"Linn, IA (CT)",0,2546,2546,0,5310,5310
19113000400,"Linn, IA (CT)",0,2279,2279,0,5321,5321
19113000500,"Linn, IA (CT)",59,2581,2640,145,6014,6159
19113000600,"Linn, IA (CT)",0,1646,1646,0,3002,3002
19113000700,"Linn, IA (CT)",0,1287,1287,0,2392,2392
19113000800,"Linn, IA (CT)",0,2194,2194,0,4377,4377
19113000901,"Linn, IA (CT)",0,2524,2524,0,5888,5888
19113000902,"Linn, IA (CT)",0,2606,2606,0,6092,6092
19113001001,"Linn, IA (CT)",131,1547,1678,334,3836,4170
19113001002,"Linn, IA (CT)",0,1447,1447,0,3467,3467
19113001003,"Linn, IA (CT)",0,3295,3295,0,6593,6593
19113001101,"Linn, IA (CT)",0,2028,2028,0,4240,4240
19113001102,"Linn, IA (CT)",0,1564,1564,0,3269,3269
19113001200,"Linn, IA (CT)",0,659,659,0,1282,1282
19113001300,"Linn, IA (CT)",0,1775,1775,0,3655,3655
19113001400,"Linn, IA (CT)",0,1658,1658,0,3488,3488
19113001500,"Linn, IA (CT)",0,1533,1533,0,2927,2927
19113001600,"Linn, IA (CT)",40,2486,2526,88,5659,5747
19113001700,"Linn, IA (CT)",0,2703,2703,0,6433,6433
19113001800,"Linn, IA (CT)",0,1639,1639,0,3149,3149
19113001900,"Linn, IA (CT)",0,993,993,0,2891,2891
19113002200,"Linn, IA (CT)",0,864,864,0,1832,1832
19113002300,"Linn, IA (CT)",0,1918,1918,0,4223,4223
19113002400,"Linn, IA (CT)",0,1698,1698,0,3587,3587
19113002500,"Linn, IA (CT)",0,1395,1395,0,2859,2859
19113002600,"Linn, IA (CT)",0,1286,1286,0,2416,2416
19113002700,"Linn, IA (CT)",0,841,841,0,1549,1549
19113002800,"Linn, IA (CT)",202,1703,1905,483,3643,4126
19113002900,"Linn, IA (CT)",0,2233,2233,0,4846,4846
19113003001,"Linn, IA (CT)",96,3913,4009,228,8998,9226
19113003002,"Linn, IA (CT)",192,3016,3208,510,6817,7327
19113010100,"Linn, IA (CT)",1344,0,1344,2970,0,2970
19113010200,"Linn, IA (CT)",1834,0,1834,4745,0,4745
19113010300,"Linn, IA (CT)",1587,0,1587,3731,0,3731
19113010400,"Linn, IA (CT)",1181,0,1181,2891,0,2891
19113010500,"Linn, IA (CT)",830,669,1499,2262,1363,3625
19113010600,"Linn, IA (CT)",1261,889,2150,3106,2721,5827
19113010700,"Linn, IA (CT)",940,1288,2228,2292,3347,5639
19113010800,"Linn, IA (CT)",372,2197,2569,875,6455,7330
19115450100,"Louisa, IA (CT)",1519,0,1519,3252,0,3252
19115450200,"Louisa, IA (CT)",1665,0,1665,3976,0,3976
19115450300,"Louisa, IA (CT)",1818,0,1818,4159,0,4159
19117950100,"Lucas, IA (CT)",1002,4,1006,2123,11,2134
19117950200,"Lucas, IA (CT)",1045,0,1045,2295,0,2295
19117950300,"Lucas, IA (CT)",226,740,966,470,1489,1959
19117950400,"Lucas, IA (CT)",53,1168,1221,117,2393,2510
19119950100,"Lyon, IA (CT)",1261,0,1261,2797,0,2797
19119950200,"Lyon, IA (CT)",1473,0,1473,3319,0,3319
19119950300,"Lyon, IA (CT)",2114,0,2114,5465,0,5465
19121060100,"Madison, IA (CT)",2569,13,2582,6399,34,6433
19121060200,"Madison, IA (CT)",109,2198,2307,255,5009,5264
19121060300,"Madison, IA (CT)",1665,0,1665,3982,0,3982
19123950100,"Mahaska, IA (CT)",1409,5,1414,3245,18,3263
19123950200,"Mahaska, IA (CT)",1386,0,1386,3415,0,3415
19123950300,"Mahaska, IA (CT)",1158,386,1544,2618,941,3559
19123950400,"Mahaska, IA (CT)",125,1213,1338,355,2649,3004
19123950500,"Mahaska, IA (CT)",89,1451,1540,203,3052,3255
19123950600,"Mahaska, IA (CT)",0,1429,1429,0,3352,3352
19123950700,"Mahaska, IA (CT)",0,1115,1115,0,2533,2533
19125030100,"Marion, IA (CT)",2763,116,2879,7148,163,7311
19125030200,"Marion, IA (CT)",170,2730,2900,409,6216,6625
19125030300,"Marion, IA (CT)",0,1006,1006,0,3366,3366
19125030401,"Marion, IA (CT)",437,1638,2075,1159,3427,4586
19125030402,"Marion, IA (CT)",777,877,1654,2028,1913,3941
19125030500,"Marion, IA (CT)",0,1017,1017,0,2006,2006
19125030600,"Marion, IA (CT)",1161,0,1161,2687,0,2687
19125030700,"Marion, IA (CT)",1222,0,1222,2787,0,2787
19127950100,"Marshall, IA (CT)",1293,0,1293,2936,0,2936
19127950200,"Marshall, IA (CT)",1338,0,1338,3091,0,3091
19127950300,"Marshall, IA (CT)",1468,0,1468,3443,0,3443
19127950400,"Marshall, IA (CT)",1385,0,1385,3208,0,3208
19127950500,"Marshall, IA (CT)",0,1708,1708,0,4464,4464
19127950600,"Marshall, IA (CT)",0,1977,1977,0,4765,4765
19127950700,"Marshall, IA (CT)",30,1665,1695,58,4455,4513
19127950800,"Marshall, IA (CT)",290,2557,2847,649,5885,6534
19127950900,"Marshall, IA (CT)",6,1368,1374,9,3298,3307
19127951000,"Marshall, IA (CT)",94,1652,1746,396,3991,4387
19129040100,"Mills, IA (CT)",1368,0,1368,3023,0,3023
19129040201,"Mills, IA (CT)",733,215,948,1789,494,2283
19129040202,"Mills, IA (CT)",1361,7,1368,3469,16,3485
19129040301,"Mills, IA (CT)",0,1116,1116,0,2689,2689
19129040302,"Mills, IA (CT)",256,1053,1309,690,2889,3579
19131560100,"Mitchell, IA (CT)",1425,0,1425,3373,0,3373
19131560200,"Mitchell, IA (CT)",1569,0,1569,3557,0,3557
19131560300,"Mitchell, IA (CT)",136,1720,1856,311,3535,3846
19133960100,"Monona, IA (CT)",1173,0,1173,2326,0,2326
19133960200,"Monona, IA (CT)",1011,0,1011,2086,0,2086
19133960300,"Monona, IA (CT)",158,1367,1525,355,2662,3017
19133960400,"Monona, IA (CT)",988,0,988,1814,0,1814
19135070100,"Monroe, IA (CT)",492,897,1389,1119,2035,3154
19135070200,"Monroe, IA (CT)",538,763,1301,1222,1538,2760
19135070300,"Monroe, IA (CT)",1194,0,1194,2056,0,2056
19137960100,"Montgomery, IA (CT)",978,5,983,1995,9,2004
19137960200,"Montgomery, IA (CT)",71,1103,1174,135,2427,2562
19137960300,"Montgomery, IA (CT)",57,1691,1748,111,3161,3272
19137960400,"Montgomery, IA (CT)",1334,0,1334,2902,0,2902
19139050100,"Muscatine, IA (CT)",1521,3,1524,3460,5,3465
19139050200,"Muscatine, IA (CT)",936,1363,2299,2015,3177,5192
19139050300,"Muscatine, IA (CT)",657,1297,1954,1623,3690,5313
19139050400,"Muscatine, IA (CT)",1091,427,1518,2666,1251,3917
19139050500,"Muscatine, IA (CT)",0,1945,1945,0,4807,4807
19139050600,"Muscatine, IA (CT)",309,1828,2137,826,4040,4866
19139050700,"Muscatine, IA (CT)",133,2386,2519,332,5388,5720
19139050800,"Muscatine, IA (CT)",0,1265,1265,0,3228,3228
19139050900,"Muscatine, IA (CT)",0,1405,1405,0,2914,2914
19139051000,"Muscatine, IA (CT)",0,1344,1344,0,3323,3323
19141490100,"O'Brien, IA (CT)",1314,0,1314,2860,0,2860
19141490200,"O'Brien, IA (CT)",1678,0,1678,3807,0,3807
19141490300,"O'Brien, IA (CT)",112,2230,2342,258,4856,5114
19141490400,"O'Brien, IA (CT)",1315,0,1315,2617,0,2617
19143460100,"Osceola, IA (CT)",383,1218,1601,842,2690,3532
19143460200,"Osceola, IA (CT)",1389,0,1389,2930,0,2930
19145490100,"Page, IA (CT)",1157,0,1157,2624,0,2624
19145490200,"Page, IA (CT)",34,1170,1204,77,2325,2402
19145490300,"Page, IA (CT)",0,1461,1461,0,2878,2878
19145490400,"Page, IA (CT)",97,983,1080,226,3232,3458
19145490500,"Page, IA (CT)",31,1130,1161,53,2183,2236
19145490600,"Page, IA (CT)",1118,0,1118,2334,0,2334
19147960100,"Palo Alto, IA (CT)",935,2,937,1966,4,1970
19147960200,"Palo Alto, IA (CT)",902,1,903,1812,1,1813
19147960300,"Palo Alto, IA (CT)",171,1712,1883,375,3623,3998
19147960400,"Palo Alto, IA (CT)",905,0,905,1640,0,1640
19149970100,"Plymouth, IA (CT)",143,2565,2708,378,6048,6426
19149970200,"Plymouth, IA (CT)",159,1443,1602,439,3189,3628
19149970300,"Plymouth, IA (CT)",1445,0,1445,3326,0,3326
19149970400,"Plymouth, IA (CT)",1296,0,1296,3149,0,3149
19149970500,"Plymouth, IA (CT)",1298,0,1298,3065,0,3065
19149970600,"Plymouth, IA (CT)",2191,10,2201,5369,23,5392
19151780100,"Pocahontas, IA (CT)",1073,0,1073,1972,0,1972
19151780200,"Pocahontas, IA (CT)",1606,0,1606,3152,0,3152
19151780300,"Pocahontas, IA (CT)",1115,0,1115,2186,0,2186
19153000101,"Polk, IA (CT)",0,1586,1586,0,3448,3448
19153000102,"Polk, IA (CT)",0,1484,1484,0,3921,3921
19153000103,"Polk, IA (CT)",0,1059,1059,0,2465,2465
19153000201,"Polk, IA (CT)",0,1213,1213,0,2815,2815
19153000202,"Polk, IA (CT)",0,1537,1537,0,3526,3526
19153000300,"Polk, IA (CT)",0,1603,1603,0,4027,4027
19153000400,"Polk, IA (CT)",0,2088,2088,0,4786,4786
19153000500,"Polk, IA (CT)",0,1900,1900,0,4500,4500
19153000600,"Polk, IA (CT)",0,1728,1728,0,3802,3802
19153000701,"Polk, IA (CT)",0,1317,1317,0,3219,3219
19153000702,"Polk, IA (CT)",0,1375,1375,0,3196,3196
19153000703,"Polk, IA (CT)",0,1524,1524,0,3081,3081
19153000704,"Polk, IA (CT)",0,1384,1384,0,3053,3053
19153000801,"Polk, IA (CT)",0,2572,2572,0,5986,5986
19153000802,"Polk, IA (CT)",0,1724,1724,0,3445,3445
19153000803,"Polk, IA (CT)",0,1956,1956,0,4075,4075
19153000901,"Polk, IA (CT)",0,1660,1660,0,3370,3370
19153000902,"Polk, IA (CT)",0,1635,1635,0,3257,3257
19153001000,"Polk, IA (CT)",0,2107,2107,0,4636,4636
19153001100,"Polk, IA (CT)",0,1522,1522,0,5276,5276
19153001200,"Polk, IA (CT)",0,1211,1211,0,3474,3474
19153001500,"Polk, IA (CT)",0,1047,1047,0,2776,2776
19153001700,"Polk, IA (CT)",0,1045,1045,0,2584,2584
19153001800,"Polk, IA (CT)",0,873,873,0,2015,2015
19153001900,"Polk, IA (CT)",0,1750,1750,0,4233,4233
19153002100,"Polk, IA (CT)",0,1920,1920,0,4879,4879
19153002600,"Polk, IA (CT)",0,1072,1072,0,2222,2222
19153002700,"Polk, IA (CT)",0,2131,2131,0,3477,3477
19153002800,"Polk, IA (CT)",0,1678,1678,0,3473,3473
19153002900,"Polk, IA (CT)",0,2619,2619,0,4250,4250
19153003001,"Polk, IA (CT)",0,942,942,0,1997,1997
19153003002,"Polk, IA (CT)",0,1501,1501,0,3316,3316
19153003100,"Polk, IA (CT)",0,786,786,0,1800,1800
19153003200,"Polk, IA (CT)",0,1431,1431,0,2589,2589
19153003901,"Polk, IA (CT)",0,1453,1453,0,3722,3722
19153003902,"Polk, IA (CT)",0,1906,1906,0,5089,5089
19153004001,"Polk, IA (CT)",45,1600,1645,115,3673,3788
19153004004,"Polk, IA (CT)",0,1365,1365,0,3219,3219
19153004100,"Polk, IA (CT)",0,1449,1449,0,3110,3110
19153004200,"Polk, IA (CT)",0,865,865,0,1881,1881
19153004300,"Polk, IA (CT)",0,2387,2387,0,5817,5817
19153004400,"Polk, IA (CT)",0,1631,1631,0,3964,3964
19153004501,"Polk, IA (CT)",0,1537,1537,0,4091,4091
19153004502,"Polk, IA (CT)",0,1362,1362,0,2470,2470
19153004602,"Polk, IA (CT)",0,2837,2837,0,6580,6580
19153004603,"Polk, IA (CT)",0,1456,1456,0,3683,3683
19153004701,"Polk, IA (CT)",0,1748,1748,0,4278,4278
19153004702,"Polk, IA (CT)",0,1145,1145,0,2614,2614
19153004800,"Polk, IA (CT)",0,1150,1150,0,3187,3187
19153004900,"Polk, IA (CT)",0,972,972,0,2159,2159
19153005000,"Polk, IA (CT)",0,1334,1334,0,4076,4076
19153005100,"Polk, IA (CT)",0,3214,3214,0,4597,4597
19153005200,"Polk, IA (CT)",0,1263,1263,0,3162,3162
19153005300,"Polk, IA (CT)",0,997,997,0,2755,2755
19153010101,"Polk, IA (CT)",1490,113,1603,3916,331,4247
19153010102,"Polk, IA (CT)",482,1683,2165,1264,4651,5915
19153010203,"Polk, IA (CT)",359,7245,7604,998,19424,20422
19153010205,"Polk, IA (CT)",0,2539,2539,0,6002,6002
19153010207,"Polk, IA (CT)",0,1801,1801,0,4473,4473
19153010208,"Polk, IA (CT)",0,1657,1657,0,4002,4002
19153010209,"Polk, IA (CT)",0,2363,2363,0,5494,5494
19153010211,"Polk, IA (CT)",0,1731,1731,0,3791,3791
19153010212,"Polk, IA (CT)",0,1627,1627,0,4035,4035
19153010404,"Polk, IA (CT)",0,1983,1983,0,4690,4690
19153010405,"Polk, IA (CT)",0,3310,3310,0,6999,6999
19153010406,"Polk, IA (CT)",0,1876,1876,0,3906,3906
19153010407,"Polk, IA (CT)",0,1721,1721,0,4552,4552
19153010408,"Polk, IA (CT)",0,1668,1668,0,3726,3726
19153010409,"Polk, IA (CT)",0,1735,1735,0,4256,4256
19153010500,"Polk, IA (CT)",128,2250,2378,293,6179,6472
19153010600,"Polk, IA (CT)",432,3118,3550,1077,7244,8321
19153010702,"Polk, IA (CT)",1955,0,1955,5701,0,5701
19153010703,"Polk, IA (CT)",0,1880,1880,0,4533,4533
19153010705,"Polk, IA (CT)",0,1703,1703,0,4500,4500
19153010706,"Polk, IA (CT)",189,2140,2329,404,5580,5984
19153010802,"Polk, IA (CT)",213,3255,3468,507,8247,8754
19153010803,"Polk, IA (CT)",0,1993,1993,0,5073,5073
19153010804,"Polk, IA (CT)",874,725,1599,2380,1797,4177
19153011001,"Polk, IA (CT)",0,1669,1669,0,3491,3491
19153011021,"Polk, IA (CT)",0,1981,1981,0,4785,4785
19153011025,"Polk, IA (CT)",0,1464,1464,0,3852,3852
19153011026,"Polk, IA (CT)",0,2460,2460,0,5719,5719
19153011027,"Polk, IA (CT)",0,2904,2904,0,6703,6703
19153011028,"Polk, IA (CT)",224,2048,2272,554,4409,4963
19153011111,"Polk, IA (CT)",0,2672,2672,0,5316,5316
19153011112,"Polk, IA (CT)",0,1755,1755,0,3932,3932
19153011113,"Polk, IA (CT)",0,1110,1110,0,2288,2288
19153011114,"Polk, IA (CT)",0,2349,2349,0,4048,4048
19153011201,"Polk, IA (CT)",0,2351,2351,0,4978,4978
19153011203,"Polk, IA (CT)",0,1416,1416,0,3596,3596
19153011205,"Polk, IA (CT)",0,1495,1495,0,3570,3570
19153011206,"Polk, IA (CT)",0,1475,1475,0,3487,3487
19153011300,"Polk, IA (CT)",208,5034,5242,534,13050,13584
19153011404,"Polk, IA (CT)",458,1848,2306,1281,4797,6078
19153011500,"Polk, IA (CT)",779,1147,1926,2115,3122,5237
19153011600,"Polk, IA (CT)",0,0,0,0,0,0
19153011701,"Polk, IA (CT)",0,2932,2932,0,8671,8671
19153011702,"Polk, IA (CT)",0,1549,1549,0,3106,3106
19155021200,"Pottawattamie, IA (CT)",0,1481,1481,0,3785,3785
19155021400,"Pottawattamie, IA (CT)",1478,0,1478,3589,0,3589
19155021501,"Pottawattamie, IA (CT)",977,0,977,2367,0,2367
19155021502,"Pottawattamie, IA (CT)",1369,0,1369,2840,0,2840
19155021602,"Pottawattamie, IA (CT)",1017,0,1017,2634,0,2634
19155021603,"Pottawattamie, IA (CT)",977,0,977,2545,0,2545
19155021701,"Pottawattamie, IA (CT)",1039,0,1039,2296,0,2296
19155021702,"Pottawattamie, IA (CT)",955,0,955,2101,0,2101
19155030100,"Pottawattamie, IA (CT)",0,2606,2606,0,6186,6186
19155030200,"Pottawattamie, IA (CT)",0,1508,1508,0,3352,3352
19155030300,"Pottawattamie, IA (CT)",0,1377,1377,0,3273,3273
19155030401,"Pottawattamie, IA (CT)",0,1794,1794,0,4230,4230
19155030402,"Pottawattamie, IA (CT)",0,1499,1499,0,2763,2763
19155030501,"Pottawattamie, IA (CT)",0,977,977,0,2245,2245
19155030502,"Pottawattamie, IA (CT)",0,1024,1024,0,2482,2482
19155030601,"Pottawattamie, IA (CT)",0,990,990,0,2230,2230
19155030602,"Pottawattamie, IA (CT)",0,1063,1063,0,2741,2741
19155030700,"Pottawattamie, IA (CT)",0,1183,1183,0,3056,3056
19155030800,"Pottawattamie, IA (CT)",0,1361,1361,0,3491,3491
19155030900,"Pottawattamie, IA (CT)",0,1011,1011,0,1631,1631
19155031000,"Pottawattamie, IA (CT)",0,1029,1029,0,2341,2341
19155031100,"Pottawattamie, IA (CT)",0,1163,1163,0,2708,2708
19155031200,"Pottawattamie, IA (CT)",0,1424,1424,0,3180,3180
19155031300,"Pottawattamie, IA (CT)",0,1078,1078,0,2580,2580
19155031400,"Pottawattamie, IA (CT)",373,1115,1488,851,2932,3783
19155031601,"Pottawattamie, IA (CT)",147,1560,1707,415,3878,4293
19155031602,"Pottawattamie, IA (CT)",261,881,1142,644,2206,2850
19155031700,"Pottawattamie, IA (CT)",476,1205,1681,1302,3212,4514
19155031800,"Pottawattamie, IA (CT)",646,708,1354,1602,1719,3321
19155031900,"Pottawattamie, IA (CT)",555,1023,1578,1426,2325,3751
19157370100,"Poweshiek, IA (CT)",1787,0,1787,3157,0,3157
19157370200,"Poweshiek, IA (CT)",1705,36,1741,2961,87,3048
19157370300,"Poweshiek, IA (CT)",106,1691,1797,299,4979,5278
19157370400,"Poweshiek, IA (CT)",41,2069,2110,108,4014,4122
19157370500,"Poweshiek, IA (CT)",1514,0,1514,3309,0,3309
19159950100,"Ringgold, IA (CT)",1209,0,1209,2111,0,2111
19159950200,"Ringgold, IA (CT)",1404,0,1404,3020,0,3020
19161080100,"Sac, IA (CT)",1239,0,1239,2640,0,2640
19161080200,"Sac, IA (CT)",1260,0,1260,2719,0,2719
19161080300,"Sac, IA (CT)",1536,0,1536,2297,0,2297
19161080400,"Sac, IA (CT)",1394,0,1394,2694,0,2694
19163010101,"Scott, IA (CT)",1236,312,1548,3040,661,3701
19163010102,"Scott, IA (CT)",333,2491,2824,879,6262,7141
19163010201,"Scott, IA (CT)",181,2146,2327,490,5252,5742
19163010202,"Scott, IA (CT)",2190,80,2270,5660,200,5860
19163010300,"Scott, IA (CT)",1088,0,1088,2586,0,2586
19163010401,"Scott, IA (CT)",2307,0,2307,5400,0,5400
19163010402,"Scott, IA (CT)",1041,390,1431,2549,907,3456
19163010600,"Scott, IA (CT)",0,1415,1415,0,2422,2422
19163010700,"Scott, IA (CT)",0,798,798,0,1527,1527
19163010800,"Scott, IA (CT)",0,1225,1225,0,3277,3277
19163010900,"Scott, IA (CT)",0,1056,1056,0,1970,1970
19163011000,"Scott, IA (CT)",0,1109,1109,0,2725,2725
19163011100,"Scott, IA (CT)",0,1445,1445,0,3272,3272
19163011200,"Scott, IA (CT)",0,971,971,0,2281,2281
19163011300,"Scott, IA (CT)",0,1140,1140,0,3969,3969
19163011400,"Scott, IA (CT)",0,1223,1223,0,2676,2676
19163011500,"Scott, IA (CT)",0,1116,1116,0,2326,2326
19163011600,"Scott, IA (CT)",0,1548,1548,0,3529,3529
19163011700,"Scott, IA (CT)",0,1455,1455,0,3114,3114
19163011800,"Scott, IA (CT)",0,1164,1164,0,2348,2348
19163011900,"Scott, IA (CT)",0,1219,1219,0,2487,2487
19163012000,"Scott, IA (CT)",0,1540,1540,0,3618,3618
19163012100,"Scott, IA (CT)",0,1616,1616,0,3569,3569
19163012200,"Scott, IA (CT)",0,968,968,0,2210,2210
19163012300,"Scott, IA (CT)",0,738,738,0,1652,1652
19163012400,"Scott, IA (CT)",148,494,642,289,1086,1375
19163012501,"Scott, IA (CT)",163,1586,1749,325,3788,4113
19163012502,"Scott, IA (CT)",196,1430,1626,471,3476,3947
19163012601,"Scott, IA (CT)",256,1863,2119,568,4636,5204
19163012602,"Scott, IA (CT)",0,1715,1715,0,4158,4158
19163012701,"Scott, IA (CT)",0,1307,1307,0,3200,3200
19163012702,"Scott, IA (CT)",0,1545,1545,0,3165,3165
19163012801,"Scott, IA (CT)",0,1881,1881,0,4678,4678
19163012802,"Scott, IA (CT)",0,2439,2439,0,5058,5058
19163012901,"Scott, IA (CT)",22,1809,1831,50,3916,3966
19163012902,"Scott, IA (CT)",0,2260,2260,0,5015,5015
19163013000,"Scott, IA (CT)",0,2366,2366,0,4981,4981
19163013100,"Scott, IA (CT)",0,862,862,0,1860,1860
19163013200,"Scott, IA (CT)",0,880,880,0,1690,1690
19163013300,"Scott, IA (CT)",0,1663,1663,0,3411,3411
19163013400,"Scott, IA (CT)",0,1384,1384,0,2945,2945
19163013500,"Scott, IA (CT)",0,1402,1402,0,3326,3326
19163013600,"Scott, IA (CT)",0,1031,1031,0,2580,2580
19163013702,"Scott, IA (CT)",0,2408,2408,0,5871,5871
19163013703,"Scott, IA (CT)",0,1039,1039,0,2765,2765
19163013705,"Scott, IA (CT)",0,2684,2684,0,4991,4991
19163013706,"Scott, IA (CT)",9,1452,1461,16,4051,4067
19165960100,"Shelby, IA (CT)",1437,0,1437,3176,0,3176
19165960200,"Shelby, IA (CT)",1394,0,1394,3104,0,3104
19165960300,"Shelby, IA (CT)",168,1417,1585,457,3017,3474
19165960400,"Shelby, IA (CT)",206,920,1126,496,1917,2413
19167070100,"Sioux, IA (CT)",1429,1,1430,3677,31,3708
19167070200,"Sioux, IA (CT)",1369,55,1424,3932,109,4041
19167070300,"Sioux, IA (CT)",1075,1249,2324,3063,3052,6115
19167070400,"Sioux, IA (CT)",1712,0,1712,4114,0,4114
19167070500,"Sioux, IA (CT)",699,448,1147,1728,1118,2846
19167070600,"Sioux, IA (CT)",143,1907,2050,327,5724,6051
19167070700,"Sioux, IA (CT)",115,2077,2192,289,6540,6829
19169000100,"Story, IA (CT)",1249,3179,4428,3090,7688,10778
19169000200,"Story, IA (CT)",0,1682,1682,0,3593,3593
19169000300,"Story, IA (CT)",0,1492,1492,0,3141,3141
19169000400,"Story, IA (CT)",0,1135,1135,0,2550,2550
19169000500,"Story, IA (CT)",0,1249,1249,0,3105,3105
19169000600,"Story, IA (CT)",0,1966,1966,0,4639,4639
19169000700,"Story, IA (CT)",0,1551,1551,0,3160,3160
19169000800,"Story, IA (CT)",0,19,19,0,5128,5128
19169000900,"Story, IA (CT)",0,1841,1841,0,3462,3462
19169001000,"Story, IA (CT)",0,2097,2097,0,3954,3954
19169001100,"Story, IA (CT)",0,1965,1965,0,6197,6197
19169001200,"Story, IA (CT)",0,36,36,0,376,376
19169001301,"Story, IA (CT)",0,4299,4299,0,9427,9427
19169001302,"Story, IA (CT)",226,1844,2070,538,3825,4363
19169010100,"Story, IA (CT)",1275,1640,2915,3132,4094,7226
19169010200,"Story, IA (CT)",1670,0,1670,3943,0,3943
19169010300,"Story, IA (CT)",142,1770,1912,391,4088,4479
19169010400,"Story, IA (CT)",55,1187,1242,121,2640,2761
19169010500,"Story, IA (CT)",812,0,812,1831,0,1831
19169010600,"Story, IA (CT)",877,1531,2408,2118,3311,5429
19171290100,"Tama, IA (CT)",1356,0,1356,3067,0,3067
19171290200,"Tama, IA (CT)",1281,0,1281,2820,0,2820
19171290300,"Tama, IA (CT)",1286,0,1286,2715,0,2715
19171290400,"Tama, IA (CT)",341,847,1188,829,1985,2814
19171290500,"Tama, IA (CT)",264,1221,1485,729,2919,3648
19171290600,"Tama, IA (CT)",1170,0,1170,2703,0,2703
19173180100,"Taylor, IA (CT)",1141,0,1141,2388,0,2388
19173180200,"Taylor, IA (CT)",1087,0,1087,2092,0,2092
19173180300,"Taylor, IA (CT)",879,0,879,1837,0,1837
19175190100,"Union, IA (CT)",1064,0,1064,2261,0,2261
19175190200,"Union, IA (CT)",149,1893,2042,288,3953,4241
19175190300,"Union, IA (CT)",965,3,968,2145,6,2151
19175190400,"Union, IA (CT)",104,1759,1863,223,3658,3881
19177950100,"Van Buren, IA (CT)",2071,0,2071,4209,0,4209
19177950200,"Van Buren, IA (CT)",1599,0,1599,3361,0,3361
19179960100,"Wapello, IA (CT)",1263,0,1263,2963,0,2963
19179960200,"Wapello, IA (CT)",31,1134,1165,62,2592,2654
19179960300,"Wapello, IA (CT)",271,1489,1760,601,3731,4332
19179960400,"Wapello, IA (CT)",0,1756,1756,0,3864,3864
19179960500,"Wapello, IA (CT)",0,1180,1180,0,2523,2523
19179960600,"Wapello, IA (CT)",72,1436,1508,119,2899,3018
19179960700,"Wapello, IA (CT)",1450,92,1542,3225,250,3475
19179960800,"Wapello, IA (CT)",280,1263,1543,659,2902,3561
19179960900,"Wapello, IA (CT)",0,1364,1364,0,2991,2991
19179961000,"Wapello, IA (CT)",131,1458,1589,224,3019,3243
19179961100,"Wapello, IA (CT)",1428,0,1428,3001,0,3001
19181020100,"Warren, IA (CT)",318,585,903,744,1496,2240
19181020200,"Warren, IA (CT)",374,2281,2655,1067,5642,6709
19181020300,"Warren, IA (CT)",1277,619,1896,3351,1723,5074
19181020400,"Warren, IA (CT)",224,1450,1674,591,3689,4280
19181020500,"Warren, IA (CT)",934,0,934,2315,0,2315
19181020600,"Warren, IA (CT)",1093,140,1233,2627,436,3063
19181020700,"Warren, IA (CT)",0,1529,1529,0,4312,4312
19181020800,"Warren, IA (CT)",0,1130,1130,0,3377,3377
19181020900,"Warren, IA (CT)",70,1564,1634,217,3205,3422
19181021000,"Warren, IA (CT)",0,1279,1279,0,2951,2951
19181021100,"Warren, IA (CT)",1975,0,1975,4795,0,4795
19181021200,"Warren, IA (CT)",1529,0,1529,3687,0,3687
19183960100,"Washington, IA (CT)",2750,0,2750,6354,0,6354
19183960200,"Washington, IA (CT)",2060,37,2097,4689,102,4791
19183960300,"Washington, IA (CT)",118,1435,1553,270,3149,3419
19183960400,"Washington, IA (CT)",250,1550,1800,607,3377,3984
19183960500,"Washington, IA (CT)",1316,0,1316,3156,0,3156
19185070100,"Wayne, IA (CT)",1348,0,1348,2575,0,2575
19185070200,"Wayne, IA (CT)",929,0,929,1736,0,1736
19185070300,"Wayne, IA (CT)",935,0,935,2092,0,2092
19187000100,"Webster, IA (CT)",139,3152,3291,244,6842,7086
19187000200,"Webster, IA (CT)",227,1474,1701,472,3159,3631
19187000300,"Webster, IA (CT)",194,536,730,439,1061,1500
19187000400,"Webster, IA (CT)",0,1089,1089,0,2350,2350
19187000500,"Webster, IA (CT)",334,484,818,703,972,1675
19187000600,"Webster, IA (CT)",0,2265,2265,0,4754,4754
19187000700,"Webster, IA (CT)",0,920,920,0,1452,1452
19187000900,"Webster, IA (CT)",170,1227,1397,392,4532,4924
19187010100,"Webster, IA (CT)",1102,0,1102,2464,0,2464
19187010200,"Webster, IA (CT)",732,0,732,1788,0,1788
19187010300,"Webster, IA (CT)",1524,0,1524,3284,0,3284
19187010400,"Webster, IA (CT)",1466,0,1466,3105,0,3105
19189680100,"Winnebago, IA (CT)",1964,21,1985,4083,62,4145
19189680200,"Winnebago, IA (CT)",1420,0,1420,2742,0,2742
19189680300,"Winnebago, IA (CT)",178,1611,1789,360,3619,3979
19191950100,"Winneshiek, IA (CT)",1643,0,1643,3614,0,3614
19191950200,"Winneshiek, IA (CT)",247,1768,2015,589,5419,6008
19191950300,"Winneshiek, IA (CT)",267,1365,1632,700,2767,3467
19191950400,"Winneshiek, IA (CT)",1733,185,1918,4222,451,4673
19191950500,"Winneshiek, IA (CT)",1513,0,1513,3294,0,3294
19193000100,"Woodbury, IA (CT)",414,1358,1772,1050,3443,4493
19193000200,"Woodbury, IA (CT)",168,2844,3012,442,6063,6505
19193000300,"Woodbury, IA (CT)",0,2554,2554,0,6097,6097
19193000400,"Woodbury, IA (CT)",212,1673,1885,593,3986,4579
19193000500,"Woodbury, IA (CT)",227,941,1168,579,2813,3392
19193000600,"Woodbury, IA (CT)",0,1186,1186,0,2712,2712
19193000700,"Woodbury, IA (CT)",0,1215,1215,0,3177,3177
19193000800,"Woodbury, IA (CT)",0,1395,1395,0,4038,4038
19193000900,"Woodbury, IA (CT)",0,873,873,0,2090,2090
19193001000,"Woodbury, IA (CT)",0,872,872,0,1774,1774
19193001100,"Woodbury, IA (CT)",0,1518,1518,0,4355,4355
19193001200,"Woodbury, IA (CT)",0,1121,1121,0,3554,3554
19193001300,"Woodbury, IA (CT)",0,826,826,0,1670,1670
19193001400,"Woodbury, IA (CT)",0,1508,1508,0,4410,4410
19193001500,"Woodbury, IA (CT)",0,847,847,0,2303,2303
19193001800,"Woodbury, IA (CT)",0,2742,2742,0,6773,6773
19193001900,"Woodbury, IA (CT)",0,1262,1262,0,3136,3136
19193002000,"Woodbury, IA (CT)",0,2179,2179,0,5416,5416
19193002101,"Woodbury, IA (CT)",0,1352,1352,0,3002,3002
19193002102,"Woodbury, IA (CT)",16,2524,2540,46,5933,5979
19193003100,"Woodbury, IA (CT)",1864,0,1864,3911,0,3911
19193003200,"Woodbury, IA (CT)",1928,0,1928,4768,0,4768
19193003300,"Woodbury, IA (CT)",929,1670,2599,2370,4707,7077
19193003500,"Woodbury, IA (CT)",1845,0,1845,4033,0,4033
19193003600,"Woodbury, IA (CT)",22,1399,1421,44,2884,2928
19193940200,"Woodbury, IA (CT)",0,0,0,0,0,0
19195690100,"Worth, IA (CT)",1186,0,1186,2442,0,2442
19195690200,"Worth, IA (CT)",1038,0,1038,2317,0,2317
19195690300,"Worth, IA (CT)",1324,0,1324,2839,0,2839
19197680100,"Wright, IA (CT)",1786,0,1786,3450,0,3450
19197680200,"Wright, IA (CT)",761,0,761,1549,0,1549
19197680300,"Wright, IA (CT)",309,1256,1565,657,2639,3296
19197680400,"Wright, IA (CT)",734,0,734,1270,0,1270
19197680500,"Wright, IA (CT)",304,1379,1683,588,3076,3664
20001952600,"Allen, KS (CT)",982,0,982,2011,0,2011
20001952700,"Allen, KS (CT)",995,0,995,2174,0,2174
20001952800,"Allen, KS (CT)",126,1623,1749,219,3780,3999
20001952900,"Allen, KS (CT)",176,987,1163,418,1949,2367
20001953000,"Allen, KS (CT)",1337,0,1337,2820,0,2820
20003953600,"Anderson, KS (CT)",766,1556,2322,1768,3336,5104
20003953700,"Anderson, KS (CT)",1398,0,1398,2998,0,2998
20005081600,"Atchison, KS (CT)",1975,0,1975,4488,0,4488
20005081700,"Atchison, KS (CT)",228,1971,2199,572,5831,6403
20005081800,"Atchison, KS (CT)",311,917,1228,720,2187,2907
20005081900,"Atchison, KS (CT)",0,1588,1588,0,3126,3126
20007968100,"Barber, KS (CT)",1756,0,1756,3138,0,3138
20007968200,"Barber, KS (CT)",1009,0,1009,1723,0,1723
20009971100,"Barton, KS (CT)",1943,0,1943,3971,0,3971
20009971200,"Barton, KS (CT)",881,0,881,1704,0,1704
20009971300,"Barton, KS (CT)",174,1365,1539,363,2709,3072
20009971400,"Barton, KS (CT)",0,1199,1199,0,2573,2573
20009971500,"Barton, KS (CT)",61,1506,1567,141,3344,3485
20009971600,"Barton, KS (CT)",0,1874,1874,0,3948,3948
20009971700,"Barton, KS (CT)",0,1279,1279,0,2946,2946
20009971800,"Barton, KS (CT)",1073,1341,2414,2609,3366,5975
20011955600,"Bourbon, KS (CT)",1396,0,1396,2774,0,2774
20011955700,"Bourbon, KS (CT)",1133,0,1133,2332,0,2332
20011955800,"Bourbon, KS (CT)",421,1257,1678,1051,2740,3791
20011955900,"Bourbon, KS (CT)",498,1026,1524,1121,2281,3402
20011956000,"Bourbon, KS (CT)",0,1436,1436,0,2874,2874
20013480600,"Brown, KS (CT)",1291,2,1293,2917,6,2923
20013480700,"Brown, KS (CT)",206,1582,1788,457,3145,3602
20013480800,"Brown, KS (CT)",1698,0,1698,3459,0,3459
20015020100,"Butler, KS (CT)",2004,137,2141,4674,1579,6253
20015020201,"Butler, KS (CT)",1416,1233,2649,3554,3622,7176
20015020202,"Butler, KS (CT)",61,2953,3014,145,8198,8343
20015020203,"Butler, KS (CT)",965,1213,2178,2490,3294,5784
20015020300,"Butler, KS (CT)",50,1650,1700,98,3785,3883
20015020400,"Butler, KS (CT)",0,1300,1300,0,2559,2559
20015020500,"Butler, KS (CT)",0,2476,2476,0,5441,5441
20015020600,"Butler, KS (CT)",2982,0,2982,7687,0,7687
20015020700,"Butler, KS (CT)",14,1805,1819,30,3974,4004
20015020800,"Butler, KS (CT)",0,1367,1367,0,3114,3114
20015020901,"Butler, KS (CT)",1607,0,1607,4144,0,4144
20015020902,"Butler, KS (CT)",82,1260,1342,190,3650,3840
20015020903,"Butler, KS (CT)",1483,0,1483,3652,0,3652
20017960600,"Chase, KS (CT)",1503,0,1503,2790,0,2790
20019964600,"Chautauqua, KS (CT)",2150,0,2150,3669,0,3669
20021958100,"Cherokee, KS (CT)",1362,0,1362,2996,0,2996
20021958200,"Cherokee, KS (CT)",1048,0,1048,2328,0,2328
20021958300,"Cherokee, KS (CT)",338,1611,1949,759,3272,4031
20021958400,"Cherokee, KS (CT)",1226,368,1594,2926,893,3819
20021958500,"Cherokee, KS (CT)",520,1229,1749,1211,2643,3854
20021958600,"Cherokee, KS (CT)",173,2015,2188,379,4196,4575
20023950200,"Cheyenne, KS (CT)",1518,0,1518,2726,0,2726
20025967100,"Clark, KS (CT)",1135,0,1135,2215,0,2215
20027458100,"Clay, KS (CT)",1764,0,1764,3894,0,3894
20027458200,"Clay, KS (CT)",132,2146,2278,334,4307,4641
20029977100,"Cloud, KS (CT)",1209,0,1209,2347,0,2347
20029977200,"Cloud, KS (CT)",93,1059,1152,219,2074,2293
20029977300,"Cloud, KS (CT)",83,1454,1537,178,3266,3444
20029977400,"Cloud, KS (CT)",761,0,761,1449,0,1449
20031966100,"Coffey, KS (CT)",1228,0,1228,2703,0,2703
20031966200,"Coffey, KS (CT)",1331,0,1331,2947,0,2947
20031966300,"Coffey, KS (CT)",175,1230,1405,448,2503,2951
20033967600,"Comanche, KS (CT)",1044,0,1044,1891,0,1891
20035493100,"Cowley, KS (CT)",1309,0,1309,2729,0,2729
20035493200,"Cowley, KS (CT)",1326,0,1326,3066,0,3066
20035493300,"Cowley, KS (CT)",917,268,1185,2022,738,2760
20035493400,"Cowley, KS (CT)",159,1096,1255,402,2196,2598
20035493500,"Cowley, KS (CT)",200,1799,1999,463,4728,5191
20035493600,"Cowley, KS (CT)",0,1922,1922,0,4367,4367
20035493700,"Cowley, KS (CT)",65,1632,1697,139,3462,3601
20035493800,"Cowley, KS (CT)",144,1948,2092,318,4333,4651
20035493900,"Cowley, KS (CT)",919,569,1488,2117,1316,3433
20035494000,"Cowley, KS (CT)",0,1035,1035,0,2376,2376
20035494100,"Cowley, KS (CT)",0,722,722,0,1539,1539
20037956600,"Crawford, KS (CT)",2058,0,2058,4232,0,4232
20037956700,"Crawford, KS (CT)",1758,0,1758,3727,0,3727
20037956800,"Crawford, KS (CT)",345,1165,1510,936,2547,3483
20037956900,"Crawford, KS (CT)",608,1267,1875,1462,2790,4252
20037957000,"Crawford, KS (CT)",216,1260,1476,549,2785,3334
20037957100,"Crawford, KS (CT)",0,1193,1193,0,2710,2710
20037957200,"Crawford, KS (CT)",179,853,1032,406,1826,2232
20037957300,"Crawford, KS (CT)",532,1002,1534,1167,2011,3178
20037957400,"Crawford, KS (CT)",0,980,980,0,2159,2159
20037957500,"Crawford, KS (CT)",0,1306,1306,0,2370,2370
20037957600,"Crawford, KS (CT)",491,2588,3079,1190,6267,7457
20039951100,"Decatur, KS (CT)",733,0,733,1104,0,1104
20039951200,"Decatur, KS (CT)",1085,0,1085,1857,0,1857
20041084100,"Dickinson, KS (CT)",1678,38,1716,3969,89,4058
20041084200,"Dickinson, KS (CT)",1119,0,1119,2525,0,2525
20041084300,"Dickinson, KS (CT)",180,863,1043,426,1932,2358
20041084400,"Dickinson, KS (CT)",45,2337,2382,108,5033,5141
20041084500,"Dickinson, KS (CT)",1387,0,1387,3104,0,3104
20041084600,"Dickinson, KS (CT)",1325,0,1325,2568,0,2568
20043020100,"Doniphan, KS (CT)",1061,0,1061,2308,0,2308
20043020200,"Doniphan, KS (CT)",985,0,985,2188,0,2188
20043020300,"Doniphan, KS (CT)",513,1017,1530,1081,2368,3449
20045000100,"Douglas, KS (CT)",185,1056,1241,412,2435,2847
20045000200,"Douglas, KS (CT)",40,3191,3231,91,6728,6819
20045000300,"Douglas, KS (CT)",0,2684,2684,0,7367,7367
20045000400,"Douglas, KS (CT)",0,349,349,0,4167,4167
20045000501,"Douglas, KS (CT)",0,1720,1720,0,3227,3227
20045000502,"Douglas, KS (CT)",0,2338,2338,0,5366,5366
20045000603,"Douglas, KS (CT)",61,2517,2578,141,5645,5786
20045000604,"Douglas, KS (CT)",0,2249,2249,0,5079,5079
20045000702,"Douglas, KS (CT)",0,3007,3007,0,6405,6405
20045000797,"Douglas, KS (CT)",0,2296,2296,0,4786,4786
20045000801,"Douglas, KS (CT)",4,2603,2607,8,5490,5498
20045000802,"Douglas, KS (CT)",0,2476,2476,0,5640,5640
20045000901,"Douglas, KS (CT)",0,3067,3067,0,5768,5768
20045000902,"Douglas, KS (CT)",0,992,992,0,2118,2118
20045001001,"Douglas, KS (CT)",0,1052,1052,0,2797,2797
20045001002,"Douglas, KS (CT)",28,2244,2272,97,5650,5747
20045001201,"Douglas, KS (CT)",650,36,686,1652,82,1734
20045001202,"Douglas, KS (CT)",455,2309,2764,1155,6140,7295
20045001203,"Douglas, KS (CT)",918,1624,2542,2223,4428,6651
20045001400,"Douglas, KS (CT)",1982,0,1982,4611,0,4611
20045001500,"Douglas, KS (CT)",716,289,1005,1702,729,2431
20045001600,"Douglas, KS (CT)",67,3526,3593,113,8574,8687
20047969600,"Edwards, KS (CT)",786,0,786,1512,0,1512
20047969700,"Edwards, KS (CT)",850,0,850,1525,0,1525
20049965100,"Elk, KS (CT)",1760,0,1760,2882,0,2882
20051072600,"Ellis, KS (CT)",1260,0,1260,2785,0,2785
20051072701,"Ellis, KS (CT)",0,2532,2532,0,5421,5421
20051072702,"Ellis, KS (CT)",288,897,1185,732,2135,2867
20051072800,"Ellis, KS (CT)",116,3374,3490,263,7413,7676
20051072900,"Ellis, KS (CT)",34,2795,2829,73,6211,6284
20051073000,"Ellis, KS (CT)",1576,0,1576,3419,0,3419
20053086600,"Ellsworth, KS (CT)",1422,0,1422,2093,0,2093
20053086700,"Ellsworth, KS (CT)",742,1075,1817,1422,2982,4404
20055960100,"Finney, KS (CT)",1508,0,1508,4285,0,4285
20055960200,"Finney, KS (CT)",86,2221,2307,203,6844,7047
20055960300,"Finney, KS (CT)",0,1283,1283,0,2996,2996
20055960401,"Finney, KS (CT)",0,731,731,0,1919,1919
20055960403,"Finney, KS (CT)",0,1099,1099,0,2612,2612
20055960404,"Finney, KS (CT)",96,1292,1388,263,3343,3606
20055960501,"Finney, KS (CT)",178,625,803,400,1900,2300
20055960503,"Finney, KS (CT)",351,90,441,940,237,1177
20055960505,"Finney, KS (CT)",0,592,592,0,1557,1557
20055960507,"Finney, KS (CT)",0,575,575,0,1738,1738
20055960508,"Finney, KS (CT)",0,617,617,0,1856,1856
20055960600,"Finney, KS (CT)",264,1668,1932,743,4940,5683
20057961600,"Ford, KS (CT)",807,0,807,1907,0,1907
20057961700,"Ford, KS (CT)",872,0,872,1965,0,1965
20057961800,"Ford, KS (CT)",224,2937,3161,511,7896,8407
20057961900,"Ford, KS (CT)",187,2688,2875,439,7920,8359
20057962000,"Ford, KS (CT)",239,1503,1742,666,4445,5111
20057962101,"Ford, KS (CT)",0,1499,1499,0,4822,4822
20057962102,"Ford, KS (CT)",386,663,1049,1044,2233,3277
20059954100,"Franklin, KS (CT)",2880,0,2880,6821,0,6821
20059954200,"Franklin, KS (CT)",124,1155,1279,295,2703,2998
20059954300,"Franklin, KS (CT)",132,2251,2383,269,5204,5473
20059954400,"Franklin, KS (CT)",55,1997,2052,121,4543,4664
20059954500,"Franklin, KS (CT)",2553,0,2553,6036,0,6036
20061000100,"Geary, KS (CT)",0,1297,1297,0,2779,2779
20061000200,"Geary, KS (CT)",0,1402,1402,0,3004,3004
20061000300,"Geary, KS (CT)",5,2116,2121,6,4946,4952
20061000400,"Geary, KS (CT)",0,2998,2998,0,6308,6308
20061000500,"Geary, KS (CT)",0,1398,1398,0,2820,2820
20061000600,"Geary, KS (CT)",51,1572,1623,190,5648,5838
20061000700,"Geary, KS (CT)",489,804,1293,1024,1603,2627
20061000800,"Geary, KS (CT)",1210,1175,2385,2791,3243,6034
20063955100,"Gove, KS (CT)",807,0,807,1701,0,1701
20063955200,"Gove, KS (CT)",566,0,566,994,0,994
20065952100,"Graham, KS (CT)",630,0,630,996,0,996
20065952200,"Graham, KS (CT)",854,0,854,1601,0,1601
20067963600,"Grant, KS (CT)",549,38,587,1367,130,1497
20067963700,"Grant, KS (CT)",73,2285,2358,183,6149,6332
20069962600,"Gray, KS (CT)",1190,0,1190,3026,0,3026
20069962700,"Gray, KS (CT)",1150,0,1150,2980,0,2980
20071958100,"Greeley, KS (CT)",629,0,629,1247,0,1247
20073965600,"Greenwood, KS (CT)",1330,0,1330,2162,0,2162
20073965700,"Greenwood, KS (CT)",91,1388,1479,175,2591,2766
20073965800,"Greenwood, KS (CT)",1259,0,1259,1761,0,1761
20075958600,"Hamilton, KS (CT)",1236,0,1236,2690,0,2690
20077961600,"Harper, KS (CT)",1070,0,1070,2151,0,2151
20077961700,"Harper, KS (CT)",765,0,765,1478,0,1478
20077961800,"Harper, KS (CT)",1281,0,1281,2405,0,2405
20079030100,"Harvey, KS (CT)",66,1907,1973,149,4462,4611
20079030200,"Harvey, KS (CT)",63,2375,2438,158,5381,5539
20079030300,"Harvey, KS (CT)",99,2231,2330,259,5291,5550
20079030400,"Harvey, KS (CT)",10,2294,2304,52,5289,5341
20079030500,"Harvey, KS (CT)",1231,1284,2515,3081,3306,6387
20079030600,"Harvey, KS (CT)",2879,88,2967,7025,231,7256
20081463100,"Haskell, KS (CT)",1666,0,1666,4256,0,4256
20083461100,"Hodgeman, KS (CT)",973,0,973,1916,0,1916
20085082600,"Jackson, KS (CT)",2253,0,2253,5389,0,5389
20085082700,"Jackson, KS (CT)",307,1607,1914,760,3245,4005
20085082800,"Jackson, KS (CT)",1612,0,1612,4068,0,4068
20087020101,"Jefferson, KS (CT)",2428,91,2519,5952,226,6178
20087020102,"Jefferson, KS (CT)",1457,0,1457,3255,0,3255
20087020200,"Jefferson, KS (CT)",1724,0,1724,4030,0,4030
20087020300,"Jefferson, KS (CT)",2460,0,2460,5663,0,5663
20089576100,"Jewell, KS (CT)",872,0,872,1096,0,1096
20089576200,"Jewell, KS (CT)",1160,0,1160,1981,0,1981
20091050000,"Johnson, KS (CT)",0,2190,2190,0,4688,4688
20091050100,"Johnson, KS (CT)",0,2139,2139,0,4245,4245
20091050200,"Johnson, KS (CT)",0,1856,1856,0,3685,3685
20091050301,"Johnson, KS (CT)",0,2573,2573,0,3904,3904
20091050302,"Johnson, KS (CT)",0,932,932,0,1514,1514
20091050400,"Johnson, KS (CT)",0,2394,2394,0,4699,4699
20091050500,"Johnson, KS (CT)",0,1149,1149,0,2591,2591
20091050600,"Johnson, KS (CT)",0,2120,2120,0,4481,4481
20091050700,"Johnson, KS (CT)",0,2130,2130,0,4555,4555
20091050800,"Johnson, KS (CT)",0,1005,1005,0,2584,2584
20091050900,"Johnson, KS (CT)",0,2028,2028,0,4496,4496
20091051000,"Johnson, KS (CT)",0,1690,1690,0,3566,3566
20091051100,"Johnson, KS (CT)",0,1751,1751,0,3531,3531
20091051200,"Johnson, KS (CT)",0,2179,2179,0,3893,3893
20091051300,"Johnson, KS (CT)",0,2065,2065,0,4139,4139
20091051400,"Johnson, KS (CT)",0,1493,1493,0,3102,3102
20091051500,"Johnson, KS (CT)",0,2062,2062,0,3950,3950
20091051600,"Johnson, KS (CT)",0,2086,2086,0,5050,5050
20091051700,"Johnson, KS (CT)",0,1875,1875,0,4470,4470
20091051801,"Johnson, KS (CT)",0,1495,1495,0,3449,3449
20091051802,"Johnson, KS (CT)",0,2995,2995,0,5792,5792
20091051803,"Johnson, KS (CT)",0,2143,2143,0,4383,4383
20091051804,"Johnson, KS (CT)",0,2577,2577,0,5024,5024
20091051805,"Johnson, KS (CT)",0,2505,2505,0,5382,5382
20091051806,"Johnson, KS (CT)",0,2123,2123,0,4555,4555
20091051902,"Johnson, KS (CT)",0,1798,1798,0,4252,4252
20091051903,"Johnson, KS (CT)",0,1302,1302,0,3123,3123
20091051904,"Johnson, KS (CT)",0,2524,2524,0,5454,5454
20091051906,"Johnson, KS (CT)",0,2692,2692,0,5694,5694
20091051907,"Johnson, KS (CT)",0,1651,1651,0,3712,3712
20091051908,"Johnson, KS (CT)",0,763,763,0,1718,1718
20091051909,"Johnson, KS (CT)",0,2494,2494,0,5288,5288
20091052001,"Johnson, KS (CT)",0,1297,1297,0,2134,2134
20091052003,"Johnson, KS (CT)",0,3114,3114,0,6413,6413
20091052004,"Johnson, KS (CT)",0,862,862,0,1656,1656
20091052101,"Johnson, KS (CT)",0,887,887,0,2026,2026
20091052102,"Johnson, KS (CT)",0,1237,1237,0,2633,2633
20091052201,"Johnson, KS (CT)",0,1456,1456,0,3524,3524
20091052202,"Johnson, KS (CT)",0,1380,1380,0,3290,3290
20091052303,"Johnson, KS (CT)",66,3214,3280,190,7002,7192
20091052304,"Johnson, KS (CT)",0,1946,1946,0,4823,4823
20091052305,"Johnson, KS (CT)",0,1823,1823,0,4516,4516
20091052306,"Johnson, KS (CT)",55,1219,1274,127,3178,3305
20091052405,"Johnson, KS (CT)",0,3134,3134,0,7593,7593
20091052410,"Johnson, KS (CT)",0,2035,2035,0,5214,5214
20091052411,"Johnson, KS (CT)",0,1058,1058,0,3176,3176
20091052414,"Johnson, KS (CT)",0,1571,1571,0,4049,4049
20091052415,"Johnson, KS (CT)",0,1410,1410,0,3017,3017
20091052416,"Johnson, KS (CT)",0,2246,2246,0,4622,4622
20091052417,"Johnson, KS (CT)",0,1686,1686,0,3281,3281
20091052418,"Johnson, KS (CT)",0,1841,1841,0,3253,3253
20091052419,"Johnson, KS (CT)",0,1933,1933,0,4664,4664
20091052421,"Johnson, KS (CT)",0,1849,1849,0,3802,3802
20091052502,"Johnson, KS (CT)",140,493,633,382,1266,1648
20091052504,"Johnson, KS (CT)",134,2369,2503,358,4583,4941
20091052601,"Johnson, KS (CT)",514,2222,2736,1321,6501,7822
20091052603,"Johnson, KS (CT)",129,5246,5375,368,16406,16774
20091052604,"Johnson, KS (CT)",116,497,613,290,1231,1521
20091052606,"Johnson, KS (CT)",0,884,884,0,1903,1903
20091052607,"Johnson, KS (CT)",175,369,544,498,1182,1680
20091052700,"Johnson, KS (CT)",935,1798,2733,2331,4701,7032
20091052801,"Johnson, KS (CT)",608,2591,3199,1578,7662,9240
20091052802,"Johnson, KS (CT)",144,2659,2803,430,7270,7700
20091052803,"Johnson, KS (CT)",0,1438,1438,0,3982,3982
20091052904,"Johnson, KS (CT)",0,1327,1327,0,3299,3299
20091052905,"Johnson, KS (CT)",0,1763,1763,0,4447,4447
20091052906,"Johnson, KS (CT)",0,1803,1803,0,4888,4888
20091052907,"Johnson, KS (CT)",0,1800,1800,0,4654,4654
20091052908,"Johnson, KS (CT)",0,2731,2731,0,5839,5839
20091052910,"Johnson, KS (CT)",0,1412,1412,0,3879,3879
20091053002,"Johnson, KS (CT)",0,2381,2381,0,4859,4859
20091053004,"Johnson, KS (CT)",0,1837,1837,0,3638,3638
20091053005,"Johnson, KS (CT)",0,686,686,0,1697,1697
20091053006,"Johnson, KS (CT)",0,1904,1904,0,3212,3212
20091053007,"Johnson, KS (CT)",0,1851,1851,0,4814,4814
20091053008,"Johnson, KS (CT)",0,2210,2210,0,4579,4579
20091053009,"Johnson, KS (CT)",0,1688,1688,0,4541,4541
20091053010,"Johnson, KS (CT)",0,1491,1491,0,4674,4674
20091053011,"Johnson, KS (CT)",0,651,651,0,2161,2161
20091053101,"Johnson, KS (CT)",0,2048,2048,0,4093,4093
20091053102,"Johnson, KS (CT)",0,2016,2016,0,4415,4415
20091053105,"Johnson, KS (CT)",0,1800,1800,0,3152,3152
20091053108,"Johnson, KS (CT)",0,1820,1820,0,4208,4208
20091053109,"Johnson, KS (CT)",0,864,864,0,2260,2260
20091053110,"Johnson, KS (CT)",0,1259,1259,0,3825,3825
20091053201,"Johnson, KS (CT)",0,990,990,0,2067,2067
20091053202,"Johnson, KS (CT)",0,1832,1832,0,3565,3565
20091053203,"Johnson, KS (CT)",0,2464,2464,0,5176,5176
20091053301,"Johnson, KS (CT)",0,2349,2349,0,5170,5170
20091053302,"Johnson, KS (CT)",0,2606,2606,0,7102,7102
20091053403,"Johnson, KS (CT)",0,1463,1463,0,3948,3948
20091053406,"Johnson, KS (CT)",1,2832,2833,2,8603,8605
20091053409,"Johnson, KS (CT)",0,1273,1273,0,3335,3335
20091053410,"Johnson, KS (CT)",40,3439,3479,75,10507,10582
20091053411,"Johnson, KS (CT)",0,1822,1822,0,5215,5215
20091053413,"Johnson, KS (CT)",0,1500,1500,0,4170,4170
20091053414,"Johnson, KS (CT)",0,1466,1466,0,3286,3286
20091053415,"Johnson, KS (CT)",0,1520,1520,0,3255,3255
20091053417,"Johnson, KS (CT)",0,1359,1359,0,3988,3988
20091053418,"Johnson, KS (CT)",0,1422,1422,0,3559,3559
20091053419,"Johnson, KS (CT)",0,697,697,0,1657,1657
20091053421,"Johnson, KS (CT)",0,1408,1408,0,3799,3799
20091053422,"Johnson, KS (CT)",0,810,810,0,2234,2234
20091053423,"Johnson, KS (CT)",0,1547,1547,0,5444,5444
20091053424,"Johnson, KS (CT)",290,955,1245,733,2988,3721
20091053502,"Johnson, KS (CT)",0,1373,1373,0,3567,3567
20091053505,"Johnson, KS (CT)",220,2200,2420,547,6942,7489
20091053506,"Johnson, KS (CT)",0,1319,1319,0,3845,3845
20091053507,"Johnson, KS (CT)",0,1873,1873,0,5612,5612
20091053508,"Johnson, KS (CT)",0,2011,2011,0,5808,5808
20091053509,"Johnson, KS (CT)",0,2469,2469,0,6920,6920
20091053510,"Johnson, KS (CT)",0,1741,1741,0,5302,5302
20091053555,"Johnson, KS (CT)",0,1005,1005,0,1920,1920
20091053556,"Johnson, KS (CT)",0,1047,1047,0,2645,2645
20091053557,"Johnson, KS (CT)",0,952,952,0,2192,2192
20091053601,"Johnson, KS (CT)",0,871,871,0,2162,2162
20091053602,"Johnson, KS (CT)",82,2529,2611,193,6909,7102
20091053701,"Johnson, KS (CT)",1034,0,1034,2655,0,2655
20091053703,"Johnson, KS (CT)",0,1351,1351,0,2742,2742
20091053705,"Johnson, KS (CT)",0,1215,1215,0,3278,3278
20091053707,"Johnson, KS (CT)",0,1619,1619,0,4469,4469
20091053709,"Johnson, KS (CT)",9,1875,1884,26,5254,5280
20091053711,"Johnson, KS (CT)",248,996,1244,647,3364,4011
20091053712,"Johnson, KS (CT)",354,954,1308,877,2732,3609
20091053801,"Johnson, KS (CT)",603,1506,2109,1614,3856,5470
20091053803,"Johnson, KS (CT)",1343,0,1343,3508,0,3508
20091053804,"Johnson, KS (CT)",748,18,766,2104,51,2155
20091980001,"Johnson, KS (CT)",0,3,3,0,5,5
20091980002,"Johnson, KS (CT)",0,12,12,0,18,18
20091980003,"Johnson, KS (CT)",5,0,5,8,0,8
20093959100,"Kearny, KS (CT)",1556,0,1556,3977,0,3977
20095961100,"Kingman, KS (CT)",1151,0,1151,2522,0,2522
20095961200,"Kingman, KS (CT)",223,1450,1673,504,2978,3482
20095961300,"Kingman, KS (CT)",994,0,994,1854,0,1854
20097969100,"Kiowa, KS (CT)",1220,0,1220,2553,0,2553
20099950100,"Labette, KS (CT)",262,1250,1512,546,2549,3095
20099950200,"Labette, KS (CT)",0,1193,1193,0,2246,2246
20099950300,"Labette, KS (CT)",138,1169,1307,299,2706,3005
20099950400,"Labette, KS (CT)",247,1316,1563,595,2797,3392
20099950500,"Labette, KS (CT)",1699,0,1699,4056,0,4056
20099950600,"Labette, KS (CT)",1032,0,1032,2296,0,2296
20099950700,"Labette, KS (CT)",1031,0,1031,2160,0,2160
20099950800,"Labette, KS (CT)",755,0,755,1357,0,1357
20101956600,"Lane, KS (CT)",990,0,990,1750,0,1750
20103070100,"Leavenworth, KS (CT)",0,1229,1229,0,1916,1916
20103070200,"Leavenworth, KS (CT)",0,1384,1384,0,2795,2795
20103070300,"Leavenworth, KS (CT)",0,2408,2408,0,5383,5383
20103070400,"Leavenworth, KS (CT)",0,1752,1752,0,3502,3502
20103070500,"Leavenworth, KS (CT)",0,2042,2042,0,5396,5396
20103070700,"Leavenworth, KS (CT)",0,2030,2030,0,4828,4828
20103070900,"Leavenworth, KS (CT)",1169,5,1174,2877,20,2897
20103071000,"Leavenworth, KS (CT)",1163,252,1415,2981,813,3794
20103071101,"Leavenworth, KS (CT)",411,2976,3387,1077,8198,9275
20103071102,"Leavenworth, KS (CT)",243,1048,1291,646,5068,5714
20103071202,"Leavenworth, KS (CT)",1060,357,1417,2896,896,3792
20103071203,"Leavenworth, KS (CT)",1433,1189,2622,3655,2953,6608
20103071400,"Leavenworth, KS (CT)",1531,0,1531,3851,0,3851
20103071600,"Leavenworth, KS (CT)",1016,24,1040,2648,53,2701
20103071800,"Leavenworth, KS (CT)",435,1932,2367,1072,4888,5960
20103981900,"Leavenworth, KS (CT)",8,1600,1608,451,7364,7815
20105086100,"Lincoln, KS (CT)",1864,0,1864,3241,0,3241
20107955100,"Linn, KS (CT)",3215,0,3215,5353,0,5353
20107955200,"Linn, KS (CT)",2231,0,2231,4303,0,4303
20109954600,"Logan, KS (CT)",1441,0,1441,2756,0,2756
20111000100,"Lyon, KS (CT)",0,2382,2382,0,4988,4988
20111000200,"Lyon, KS (CT)",8,3119,3127,14,6833,6847
20111000300,"Lyon, KS (CT)",11,2271,2282,28,5332,5360
20111000400,"Lyon, KS (CT)",0,1651,1651,0,2996,2996
20111000500,"Lyon, KS (CT)",47,1898,1945,118,4678,4796
20111000600,"Lyon, KS (CT)",1041,2,1043,2459,3,2462
20111000700,"Lyon, KS (CT)",1197,0,1197,2716,0,2716
20111000800,"Lyon, KS (CT)",1610,0,1610,3525,0,3525
20113788100,"McPherson, KS (CT)",1274,0,1274,2966,0,2966
20113788200,"McPherson, KS (CT)",106,1389,1495,253,3405,3658
20113788300,"McPherson, KS (CT)",1267,0,1267,2860,0,2860
20113788400,"McPherson, KS (CT)",89,2817,2906,213,6212,6425
20113788500,"McPherson, KS (CT)",0,809,809,0,1805,1805
20113788600,"McPherson, KS (CT)",131,2296,2427,344,5066,5410
20113788700,"McPherson, KS (CT)",2543,0,2543,6056,0,6056
20115489500,"Marion, KS (CT)",862,0,862,1804,0,1804
20115489600,"Marion, KS (CT)",517,1111,1628,1217,2815,4032
20115489700,"Marion, KS (CT)",1570,0,1570,2794,0,2794
20115489800,"Marion, KS (CT)",1886,0,1886,4030,0,4030
20117040701,"Marshall, KS (CT)",885,0,885,1822,0,1822
20117060510,"Marshall, KS (CT)",294,1476,1770,644,2937,3581
20117070182,"Marshall, KS (CT)",1103,0,1103,2361,0,2361
20117090186,"Marshall, KS (CT)",1108,0,1108,2353,0,2353
20119966600,"Meade, KS (CT)",1183,0,1183,2751,0,2751
20119966700,"Meade, KS (CT)",815,0,815,1824,0,1824
20121100100,"Miami, KS (CT)",1386,3,1389,3567,14,3581
20121100200,"Miami, KS (CT)",770,846,1616,2041,2374,4415
20121100300,"Miami, KS (CT)",620,451,1071,1621,1179,2800
20121100400,"Miami, KS (CT)",555,1108,1663,1373,2751,4124
20121100500,"Miami, KS (CT)",1786,0,1786,4334,0,4334
20121100601,"Miami, KS (CT)",284,2271,2555,702,5396,6098
20121100602,"Miami, KS (CT)",749,1,750,1851,3,1854
20121100700,"Miami, KS (CT)",513,1847,2360,1216,4365,5581
20123176600,"Mitchell, KS (CT)",546,1645,2191,1191,3295,4486
20123176700,"Mitchell, KS (CT)",1105,0,1105,1887,0,1887
20125950100,"Montgomery, KS (CT)",986,0,986,2126,0,2126
20125950200,"Montgomery, KS (CT)",1240,0,1240,2726,0,2726
20125950300,"Montgomery, KS (CT)",224,1694,1918,526,3663,4189
20125950400,"Montgomery, KS (CT)",0,938,938,0,1974,1974
20125950500,"Montgomery, KS (CT)",41,661,702,88,1398,1486
20125950600,"Montgomery, KS (CT)",438,1356,1794,1048,2924,3972
20125950700,"Montgomery, KS (CT)",1846,0,1846,3953,0,3953
20125950800,"Montgomery, KS (CT)",826,1373,2199,1858,3013,4871
20125950900,"Montgomery, KS (CT)",177,461,638,404,859,1263
20125951000,"Montgomery, KS (CT)",0,1036,1036,0,2234,2234
20125951100,"Montgomery, KS (CT)",0,1429,1429,0,2762,2762
20125951200,"Montgomery, KS (CT)",14,638,652,37,1241,1278
20125951300,"Montgomery, KS (CT)",1200,0,1200,2637,0,2637
20127963600,"Morris, KS (CT)",1962,0,1962,3407,0,3407
20127963700,"Morris, KS (CT)",1244,0,1244,2516,0,2516
20129964600,"Morton, KS (CT)",1467,0,1467,3233,0,3233
20131480100,"Nemaha, KS (CT)",345,1209,1554,945,2520,3465
20131480200,"Nemaha, KS (CT)",1866,0,1866,4149,0,4149
20131480300,"Nemaha, KS (CT)",1142,0,1142,2564,0,2564
20133951600,"Neosho, KS (CT)",1803,0,1803,3933,0,3933
20133951700,"Neosho, KS (CT)",122,1123,1245,258,2427,2685
20133951800,"Neosho, KS (CT)",79,1653,1732,186,3646,3832
20133951900,"Neosho, KS (CT)",131,1365,1496,302,2986,3288
20133952000,"Neosho, KS (CT)",1237,0,1237,2774,0,2774
20135956100,"Ness, KS (CT)",914,0,914,1510,0,1510
20135956200,"Ness, KS (CT)",826,0,826,1597,0,1597
20137951700,"Norton, KS (CT)",1090,1452,2542,2778,2893,5671
20139010100,"Osage, KS (CT)",1874,0,1874,4391,0,4391
20139010200,"Osage, KS (CT)",1346,0,1346,2893,0,2893
20139010300,"Osage, KS (CT)",990,0,990,2074,0,2074
20139010400,"Osage, KS (CT)",155,1248,1403,382,2683,3065
20139010500,"Osage, KS (CT)",1890,0,1890,3872,0,3872
20141474100,"Osborne, KS (CT)",2206,0,2206,3858,0,3858
20143085600,"Ottawa, KS (CT)",914,0,914,2167,0,2167
20143085700,"Ottawa, KS (CT)",1865,0,1865,3924,0,3924
20145970200,"Pawnee, KS (CT)",193,2116,2309,584,4764,5348
20145970300,"Pawnee, KS (CT)",843,0,843,1625,0,1625
20147475100,"Phillips, KS (CT)",779,0,779,1251,0,1251
20147475200,"Phillips, KS (CT)",850,0,850,1555,0,1555
20147475300,"Phillips, KS (CT)",99,1321,1420,227,2609,2836
20149000100,"Pottawatomie, KS (CT)",2233,652,2885,5570,1789,7359
20149000200,"Pottawatomie, KS (CT)",424,1889,2313,1131,4418,5549
20149000300,"Pottawatomie, KS (CT)",567,905,1472,1827,2669,4496
20149000400,"Pottawatomie, KS (CT)",1956,0,1956,4200,0,4200
20151968600,"Pratt, KS (CT)",1042,0,1042,2163,0,2163
20151968700,"Pratt, KS (CT)",107,1553,1660,454,3252,3706
20151968800,"Pratt, KS (CT)",205,1607,1812,493,3294,3787
20153950600,"Rawlins, KS (CT)",1458,0,1458,2519,0,2519
20155000100,"Reno, KS (CT)",0,1588,1588,0,3534,3534
20155000200,"Reno, KS (CT)",0,1764,1764,0,4138,4138
20155000300,"Reno, KS (CT)",0,3026,3026,0,6683,6683
20155000400,"Reno, KS (CT)",0,1688,1688,0,3520,3520
20155000500,"Reno, KS (CT)",0,2604,2604,0,5698,5698
20155000600,"Reno, KS (CT)",0,1456,1456,0,2809,2809
20155000700,"Reno, KS (CT)",0,2713,2713,0,5846,5846
20155000800,"Reno, KS (CT)",39,1104,1143,52,3611,3663
20155001000,"Reno, KS (CT)",0,1164,1164,0,2437,2437
20155001100,"Reno, KS (CT)",1309,574,1883,3222,1943,5165
20155001200,"Reno, KS (CT)",842,739,1581,1996,1577,3573
20155001300,"Reno, KS (CT)",154,1152,1306,355,2352,2707
20155001400,"Reno, KS (CT)",1929,96,2025,4868,172,5040
20155001500,"Reno, KS (CT)",1349,0,1349,3280,0,3280
20155001600,"Reno, KS (CT)",790,0,790,1824,0,1824
20155001700,"Reno, KS (CT)",1291,0,1291,2513,0,2513
20155001800,"Reno, KS (CT)",903,0,903,2081,0,2081
20157978100,"Republic, KS (CT)",711,0,711,1133,0,1133
20157978200,"Republic, KS (CT)",929,0,929,1673,0,1673
20157978300,"Republic, KS (CT)",1237,0,1237,2174,0,2174
20159967100,"Rice, KS (CT)",1210,0,1210,2496,0,2496
20159967200,"Rice, KS (CT)",135,1668,1803,257,3652,3909
20159967300,"Rice, KS (CT)",1535,0,1535,3678,0,3678
20161000200,"Riley, KS (CT)",129,3793,3922,336,8681,9017
20161000303,"Riley, KS (CT)",0,517,517,0,2642,2642
20161000304,"Riley, KS (CT)",0,2286,2286,0,5013,5013
20161000500,"Riley, KS (CT)",0,2106,2106,0,4968,4968
20161000600,"Riley, KS (CT)",165,3188,3353,377,7402,7779
20161000700,"Riley, KS (CT)",0,1738,1738,0,4188,4188
20161000801,"Riley, KS (CT)",0,2093,2093,0,4253,4253
20161000802,"Riley, KS (CT)",0,1106,1106,0,2172,2172
20161000900,"Riley, KS (CT)",1715,952,2667,3618,2089,5707
20161001002,"Riley, KS (CT)",3,1891,1894,9,8436,8445
20161001100,"Riley, KS (CT)",2,2779,2781,4,8612,8616
20161001301,"Riley, KS (CT)",89,1294,1383,171,2813,2984
20161001302,"Riley, KS (CT)",2366,0,2366,5331,0,5331
20161980000,"Riley, KS (CT)",0,0,0,0,0,0
20163974600,"Rooks, KS (CT)",1170,0,1170,2051,0,2051
20163974700,"Rooks, KS (CT)",1598,0,1598,3130,0,3130
20165972100,"Rush, KS (CT)",758,0,758,1233,0,1233
20165972200,"Rush, KS (CT)",1111,0,1111,2074,0,2074
20167973800,"Russell, KS (CT)",295,2182,2477,562,4108,4670
20167973900,"Russell, KS (CT)",1433,0,1433,2300,0,2300
20169000100,"Saline, KS (CT)",6,2851,2857,15,5583,5598
20169000200,"Saline, KS (CT)",82,1064,1146,173,2470,2643
20169000300,"Saline, KS (CT)",0,2491,2491,0,5734,5734
20169000400,"Saline, KS (CT)",0,1436,1436,0,3107,3107
20169000500,"Saline, KS (CT)",0,2354,2354,0,5884,5884
20169000600,"Saline, KS (CT)",17,1029,1046,47,2671,2718
20169000700,"Saline, KS (CT)",0,2373,2373,0,5912,5912
20169000800,"Saline, KS (CT)",0,1752,1752,0,4035,4035
20169000900,"Saline, KS (CT)",0,3154,3154,0,7092,7092
20169001000,"Saline, KS (CT)",83,2196,2279,206,4995,5201
20169001100,"Saline, KS (CT)",1672,3,1675,4031,3,4034
20169001200,"Saline, KS (CT)",1533,5,1538,3641,7,3648
20171957100,"Scott, KS (CT)",554,1639,2193,1289,3647,4936
20173000100,"Sedgwick, KS (CT)",0,1160,1160,0,3527,3527
20173000200,"Sedgwick, KS (CT)",0,1308,1308,0,3054,3054
20173000300,"Sedgwick, KS (CT)",0,2080,2080,0,5513,5513
20173000400,"Sedgwick, KS (CT)",0,1395,1395,0,3195,3195
20173000600,"Sedgwick, KS (CT)",0,1065,1065,0,2048,2048
20173000700,"Sedgwick, KS (CT)",0,1520,1520,0,3200,3200
20173000800,"Sedgwick, KS (CT)",0,1149,1149,0,2136,2136
20173000900,"Sedgwick, KS (CT)",0,1094,1094,0,2728,2728
20173001000,"Sedgwick, KS (CT)",0,1853,1853,0,3914,3914
20173001100,"Sedgwick, KS (CT)",0,997,997,0,2116,2116
20173001400,"Sedgwick, KS (CT)",0,2133,2133,0,3897,3897
20173001500,"Sedgwick, KS (CT)",0,1433,1433,0,2990,2990
20173001800,"Sedgwick, KS (CT)",0,1007,1007,0,2243,2243
20173001900,"Sedgwick, KS (CT)",0,1042,1042,0,2233,2233
20173002000,"Sedgwick, KS (CT)",0,877,877,0,2077,2077
20173002100,"Sedgwick, KS (CT)",0,1541,1541,0,3104,3104
20173002200,"Sedgwick, KS (CT)",0,956,956,0,2037,2037
20173002300,"Sedgwick, KS (CT)",0,1093,1093,0,2053,2053
20173002400,"Sedgwick, KS (CT)",0,910,910,0,1814,1814
20173002600,"Sedgwick, KS (CT)",0,836,836,0,1840,1840
20173002700,"Sedgwick, KS (CT)",0,847,847,0,1686,1686
20173002800,"Sedgwick, KS (CT)",0,1370,1370,0,3095,3095
20173002900,"Sedgwick, KS (CT)",0,1394,1394,0,2979,2979
20173003000,"Sedgwick, KS (CT)",0,1136,1136,0,2276,2276
20173003100,"Sedgwick, KS (CT)",0,1130,1130,0,2291,2291
20173003200,"Sedgwick, KS (CT)",0,1344,1344,0,3132,3132
20173003400,"Sedgwick, KS (CT)",0,1509,1509,0,3157,3157
20173003500,"Sedgwick, KS (CT)",0,1010,1010,0,2024,2024
20173003600,"Sedgwick, KS (CT)",0,1525,1525,0,3082,3082
20173003700,"Sedgwick, KS (CT)",0,906,906,0,1852,1852
20173003800,"Sedgwick, KS (CT)",0,1382,1382,0,2778,2778
20173003900,"Sedgwick, KS (CT)",0,2017,2017,0,4693,4693
20173004000,"Sedgwick, KS (CT)",0,2357,2357,0,4539,4539
20173004300,"Sedgwick, KS (CT)",0,2444,2444,0,4436,4436
20173005100,"Sedgwick, KS (CT)",0,2244,2244,0,4959,4959
20173005200,"Sedgwick, KS (CT)",0,2105,2105,0,4403,4403
20173005300,"Sedgwick, KS (CT)",0,2368,2368,0,5772,5772
20173005400,"Sedgwick, KS (CT)",100,2932,3032,260,6998,7258
20173005501,"Sedgwick, KS (CT)",0,1861,1861,0,4824,4824
20173005502,"Sedgwick, KS (CT)",0,2046,2046,0,5424,5424
20173005600,"Sedgwick, KS (CT)",14,2031,2045,42,4977,5019
20173005700,"Sedgwick, KS (CT)",0,2641,2641,0,6224,6224
20173005800,"Sedgwick, KS (CT)",2,1710,1712,2,4402,4404
20173005900,"Sedgwick, KS (CT)",0,1802,1802,0,4446,4446
20173006000,"Sedgwick, KS (CT)",0,1979,1979,0,4691,4691
20173006100,"Sedgwick, KS (CT)",0,1150,1150,0,2929,2929
20173006200,"Sedgwick, KS (CT)",0,1484,1484,0,3154,3154
20173006300,"Sedgwick, KS (CT)",0,1050,1050,0,2134,2134
20173006400,"Sedgwick, KS (CT)",0,760,760,0,1732,1732
20173006500,"Sedgwick, KS (CT)",0,1573,1573,0,4383,4383
20173006600,"Sedgwick, KS (CT)",23,906,929,49,2649,2698
20173006700,"Sedgwick, KS (CT)",0,1222,1222,0,2350,2350
20173006800,"Sedgwick, KS (CT)",0,2459,2459,0,4102,4102
20173006900,"Sedgwick, KS (CT)",0,1199,1199,0,2744,2744
20173007000,"Sedgwick, KS (CT)",0,1884,1884,0,3694,3694
20173007101,"Sedgwick, KS (CT)",0,965,965,0,2229,2229
20173007102,"Sedgwick, KS (CT)",0,2730,2730,0,5017,5017
20173007201,"Sedgwick, KS (CT)",0,1609,1609,0,4096,4096
20173007203,"Sedgwick, KS (CT)",0,3192,3192,0,6400,6400
20173007204,"Sedgwick, KS (CT)",29,2865,2894,67,7819,7886
20173007301,"Sedgwick, KS (CT)",0,1707,1707,0,3762,3762
20173007302,"Sedgwick, KS (CT)",0,1740,1740,0,3554,3554
20173007400,"Sedgwick, KS (CT)",0,328,328,0,773,773
20173007500,"Sedgwick, KS (CT)",0,1002,1002,0,2582,2582
20173007600,"Sedgwick, KS (CT)",0,1893,1893,0,4067,4067
20173007700,"Sedgwick, KS (CT)",0,3885,3885,0,8379,8379
20173007800,"Sedgwick, KS (CT)",0,1070,1070,0,3184,3184
20173008000,"Sedgwick, KS (CT)",48,2228,2276,84,5688,5772
20173008100,"Sedgwick, KS (CT)",43,2002,2045,99,4803,4902
20173008200,"Sedgwick, KS (CT)",0,2501,2501,0,6401,6401
20173008300,"Sedgwick, KS (CT)",0,1871,1871,0,4042,4042
20173008400,"Sedgwick, KS (CT)",0,1602,1602,0,3249,3249
20173008500,"Sedgwick, KS (CT)",0,1171,1171,0,2408,2408
20173008600,"Sedgwick, KS (CT)",0,1743,1743,0,3558,3558
20173008700,"Sedgwick, KS (CT)",0,2075,2075,0,4136,4136
20173008800,"Sedgwick, KS (CT)",0,2048,2048,0,4705,4705
20173008900,"Sedgwick, KS (CT)",0,1559,1559,0,3467,3467
20173009000,"Sedgwick, KS (CT)",0,1287,1287,0,2921,2921
20173009100,"Sedgwick, KS (CT)",0,2601,2601,0,6491,6491
20173009200,"Sedgwick, KS (CT)",1,1269,1270,5,2850,2855
20173009301,"Sedgwick, KS (CT)",0,3096,3096,0,5847,5847
20173009302,"Sedgwick, KS (CT)",0,2856,2856,0,5565,5565
20173009401,"Sedgwick, KS (CT)",0,1599,1599,0,3882,3882
20173009402,"Sedgwick, KS (CT)",0,1270,1270,0,2370,2370
20173009503,"Sedgwick, KS (CT)",40,3475,3515,109,9789,9898
20173009504,"Sedgwick, KS (CT)",0,1651,1651,0,4374,4374
20173009505,"Sedgwick, KS (CT)",0,1371,1371,0,3128,3128
20173009506,"Sedgwick, KS (CT)",0,1725,1725,0,4938,4938
20173009507,"Sedgwick, KS (CT)",344,1515,1859,1057,4212,5269
20173009508,"Sedgwick, KS (CT)",68,1172,1240,198,3185,3383
20173009509,"Sedgwick, KS (CT)",152,1754,1906,412,5189,5601
20173009510,"Sedgwick, KS (CT)",0,1589,1589,0,4390,4390
20173009511,"Sedgwick, KS (CT)",0,2488,2488,0,7334,7334
20173009512,"Sedgwick, KS (CT)",0,1655,1655,0,4311,4311
20173009513,"Sedgwick, KS (CT)",0,1853,1853,0,4812,4812
20173009603,"Sedgwick, KS (CT)",25,968,993,77,2812,2889
20173009604,"Sedgwick, KS (CT)",1040,0,1040,2699,0,2699
20173009605,"Sedgwick, KS (CT)",1144,720,1864,3156,1997,5153
20173009700,"Sedgwick, KS (CT)",1312,1051,2363,3408,2680,6088
20173009801,"Sedgwick, KS (CT)",0,2008,2008,0,4639,4639
20173009802,"Sedgwick, KS (CT)",0,3042,3042,0,7986,7986
20173009900,"Sedgwick, KS (CT)",587,3101,3688,1523,8636,10159
20173010001,"Sedgwick, KS (CT)",18,1433,1451,41,4099,4140
20173010002,"Sedgwick, KS (CT)",1,1407,1408,2,3493,3495
20173010003,"Sedgwick, KS (CT)",0,758,758,0,2224,2224
20173010004,"Sedgwick, KS (CT)",1335,1229,2564,3453,2529,5982
20173010005,"Sedgwick, KS (CT)",0,1361,1361,0,3708,3708
20173010106,"Sedgwick, KS (CT)",0,1257,1257,0,2798,2798
20173010107,"Sedgwick, KS (CT)",0,1743,1743,0,3554,3554
20173010108,"Sedgwick, KS (CT)",0,1099,1099,0,2350,2350
20173010109,"Sedgwick, KS (CT)",0,1173,1173,0,2054,2054
20173010110,"Sedgwick, KS (CT)",0,771,771,0,1463,1463
20173010111,"Sedgwick, KS (CT)",106,2534,2640,316,6646,6962
20173010113,"Sedgwick, KS (CT)",271,1161,1432,724,2964,3688
20173010115,"Sedgwick, KS (CT)",0,2567,2567,0,6996,6996
20173010116,"Sedgwick, KS (CT)",608,233,841,1531,669,2200
20173010200,"Sedgwick, KS (CT)",1379,2158,3537,3686,5643,9329
20173010300,"Sedgwick, KS (CT)",617,3742,4359,1580,10376,11956
20173010400,"Sedgwick, KS (CT)",928,0,928,2240,0,2240
20173010500,"Sedgwick, KS (CT)",1368,0,1368,4130,0,4130
20173010600,"Sedgwick, KS (CT)",1400,0,1400,3972,0,3972
20173010700,"Sedgwick, KS (CT)",1283,0,1283,3246,0,3246
20173010801,"Sedgwick, KS (CT)",0,1364,1364,0,2878,2878
20173010802,"Sedgwick, KS (CT)",0,1189,1189,0,2366,2366
20175965600,"Seward, KS (CT)",926,0,926,2397,0,2397
20175965700,"Seward, KS (CT)",21,1683,1704,59,4500,4559
20175965800,"Seward, KS (CT)",3,1645,1648,10,4394,4404
20175965900,"Seward, KS (CT)",12,2289,2301,20,6783,6803
20175966000,"Seward, KS (CT)",33,1449,1482,137,4652,4789
20177000400,"Shawnee, KS (CT)",0,2265,2265,0,4420,4420
20177000500,"Shawnee, KS (CT)",0,1475,1475,0,2442,2442
20177000600,"Shawnee, KS (CT)",0,1109,1109,0,2413,2413
20177000700,"Shawnee, KS (CT)",0,1344,1344,0,3171,3171
20177000800,"Shawnee, KS (CT)",74,1595,1669,181,3482,3663
20177000900,"Shawnee, KS (CT)",134,1355,1489,316,2939,3255
20177001000,"Shawnee, KS (CT)",0,1545,1545,0,3374,3374
20177001100,"Shawnee, KS (CT)",0,1226,1226,0,3390,3390
20177001200,"Shawnee, KS (CT)",0,919,919,0,2284,2284
20177001300,"Shawnee, KS (CT)",0,1741,1741,0,4141,4141
20177001500,"Shawnee, KS (CT)",0,1077,1077,0,2125,2125
20177001601,"Shawnee, KS (CT)",0,1295,1295,0,2739,2739
20177001603,"Shawnee, KS (CT)",0,1661,1661,0,2931,2931
20177001604,"Shawnee, KS (CT)",0,1746,1746,0,3543,3543
20177001800,"Shawnee, KS (CT)",0,1583,1583,0,4148,4148
20177001900,"Shawnee, KS (CT)",0,1492,1492,0,3015,3015
20177002100,"Shawnee, KS (CT)",0,1563,1563,0,3351,3351
20177002200,"Shawnee, KS (CT)",0,1249,1249,0,2563,2563
20177002400,"Shawnee, KS (CT)",8,3315,3323,17,5793,5810
20177002500,"Shawnee, KS (CT)",0,1426,1426,0,2714,2714
20177002601,"Shawnee, KS (CT)",0,1993,1993,0,3919,3919
20177002602,"Shawnee, KS (CT)",0,3135,3135,0,6335,6335
20177002701,"Shawnee, KS (CT)",0,2083,2083,0,4515,4515
20177002702,"Shawnee, KS (CT)",0,2016,2016,0,4238,4238
20177002800,"Shawnee, KS (CT)",0,2324,2324,0,4291,4291
20177002900,"Shawnee, KS (CT)",0,1356,1356,0,3379,3379
20177003001,"Shawnee, KS (CT)",0,1412,1412,0,3370,3370
20177003002,"Shawnee, KS (CT)",73,1976,2049,195,5078,5273
20177003100,"Shawnee, KS (CT)",0,2219,2219,0,6103,6103
20177003301,"Shawnee, KS (CT)",580,525,1105,1491,947,2438
20177003302,"Shawnee, KS (CT)",766,591,1357,2050,1652,3702
20177003400,"Shawnee, KS (CT)",1038,2561,3599,2657,6714,9371
20177003500,"Shawnee, KS (CT)",2330,16,2346,6132,47,6179
20177003601,"Shawnee, KS (CT)",1897,0,1897,4670,0,4670
20177003604,"Shawnee, KS (CT)",399,1135,1534,994,2772,3766
20177003605,"Shawnee, KS (CT)",326,1270,1596,847,3139,3986
20177003606,"Shawnee, KS (CT)",0,2025,2025,0,4547,4547
20177003607,"Shawnee, KS (CT)",604,1912,2516,1582,4597,6179
20177003700,"Shawnee, KS (CT)",251,2966,3217,607,7413,8020
20177003901,"Shawnee, KS (CT)",907,1809,2716,2227,4707,6934
20177003902,"Shawnee, KS (CT)",1691,66,1757,4191,160,4351
20177004000,"Shawnee, KS (CT)",0,1614,1614,0,3066,3066
20177004100,"Shawnee, KS (CT)",0,2077,2077,0,3810,3810
20179952600,"Sheridan, KS (CT)",602,0,602,1221,0,1221
20179952700,"Sheridan, KS (CT)",663,0,663,1335,0,1335
20181453600,"Sherman, KS (CT)",583,0,583,1119,0,1119
20181453700,"Sherman, KS (CT)",157,2408,2565,338,4553,4891
20183475800,"Smith, KS (CT)",988,0,988,1802,0,1802
20183475900,"Smith, KS (CT)",1244,0,1244,2051,0,2051
20185470600,"Stafford, KS (CT)",1145,0,1145,2012,0,2012
20185470700,"Stafford, KS (CT)",1174,0,1174,2425,0,2425
20187964100,"Stanton, KS (CT)",990,0,990,2235,0,2235
20189965100,"Stevens, KS (CT)",670,0,670,1614,0,1614
20189965200,"Stevens, KS (CT)",68,1568,1636,174,3936,4110
20191962100,"Sumner, KS (CT)",1691,549,2240,4090,1181,5271
20191962200,"Sumner, KS (CT)",2207,0,2207,5301,0,5301
20191962300,"Sumner, KS (CT)",1447,0,1447,2568,0,2568
20191962400,"Sumner, KS (CT)",126,1829,1955,332,3971,4303
20191962500,"Sumner, KS (CT)",171,1800,1971,561,3812,4373
20191962600,"Sumner, KS (CT)",1045,0,1045,2316,0,2316
20193953100,"Thomas, KS (CT)",180,2465,2645,455,5463,5918
20193953400,"Thomas, KS (CT)",891,0,891,1982,0,1982
20195955800,"Trego, KS (CT)",1682,0,1682,3001,0,3001
20197483100,"Wabaunsee, KS (CT)",1909,0,1909,4509,0,4509
20197483200,"Wabaunsee, KS (CT)",1318,0,1318,2544,0,2544
20199954100,"Wallace, KS (CT)",781,0,781,1485,0,1485
20201978600,"Washington, KS (CT)",1673,0,1673,3233,0,3233
20201978700,"Washington, KS (CT)",1282,0,1282,2566,0,2566
20203957600,"Wichita, KS (CT)",1054,0,1054,2234,0,2234
20205097100,"Wilson, KS (CT)",992,0,992,2084,0,2084
20205097200,"Wilson, KS (CT)",834,0,834,1525,0,1525
20205097300,"Wilson, KS (CT)",1394,0,1394,2763,0,2763
20205097400,"Wilson, KS (CT)",220,1242,1462,467,2570,3037
20207096600,"Woodson, KS (CT)",1117,0,1117,1720,0,1720
20207096700,"Woodson, KS (CT)",905,0,905,1589,0,1589
20209040001,"Wyandotte, KS (CT)",0,0,0,0,0,0
20209040002,"Wyandotte, KS (CT)",0,0,0,0,3,3
20209040200,"Wyandotte, KS (CT)",0,725,725,0,1351,1351
20209040300,"Wyandotte, KS (CT)",0,349,349,0,738,738
20209040400,"Wyandotte, KS (CT)",0,919,919,0,1887,1887
20209040500,"Wyandotte, KS (CT)",0,758,758,0,1898,1898
20209040600,"Wyandotte, KS (CT)",0,1167,1167,0,2690,2690
20209040700,"Wyandotte, KS (CT)",0,858,858,0,1766,1766
20209040800,"Wyandotte, KS (CT)",0,318,318,0,542,542
20209040900,"Wyandotte, KS (CT)",0,727,727,0,1292,1292
20209041000,"Wyandotte, KS (CT)",0,680,680,0,1336,1336
20209041100,"Wyandotte, KS (CT)",0,536,536,0,1209,1209
20209041200,"Wyandotte, KS (CT)",0,761,761,0,1534,1534
20209041300,"Wyandotte, KS (CT)",0,1948,1948,0,4710,4710
20209041500,"Wyandotte, KS (CT)",0,1007,1007,0,2464,2464
20209041600,"Wyandotte, KS (CT)",0,1552,1552,0,4115,4115
20209041700,"Wyandotte, KS (CT)",0,980,980,0,2522,2522
20209041800,"Wyandotte, KS (CT)",0,767,767,0,978,978
20209041900,"Wyandotte, KS (CT)",0,832,832,0,1845,1845
20209042001,"Wyandotte, KS (CT)",0,525,525,0,1703,1703
20209042002,"Wyandotte, KS (CT)",0,790,790,0,1947,1947
20209042100,"Wyandotte, KS (CT)",0,994,994,0,2801,2801
20209042200,"Wyandotte, KS (CT)",0,634,634,0,1937,1937
20209042300,"Wyandotte, KS (CT)",0,1298,1298,0,3618,3618
20209042400,"Wyandotte, KS (CT)",0,887,887,0,2692,2692
20209042501,"Wyandotte, KS (CT)",0,1,1,0,61,61
20209042502,"Wyandotte, KS (CT)",0,2,2,0,5,5
20209042600,"Wyandotte, KS (CT)",0,1022,1022,0,2858,2858
20209042700,"Wyandotte, KS (CT)",0,1279,1279,0,3413,3413
20209042800,"Wyandotte, KS (CT)",0,1367,1367,0,3337,3337
20209043000,"Wyandotte, KS (CT)",0,52,52,0,82,82
20209043301,"Wyandotte, KS (CT)",0,2049,2049,0,3882,3882
20209043400,"Wyandotte, KS (CT)",0,916,916,0,2134,2134
20209043500,"Wyandotte, KS (CT)",0,656,656,0,1584,1584
20209043600,"Wyandotte, KS (CT)",0,2414,2414,0,6580,6580
20209043700,"Wyandotte, KS (CT)",0,869,869,0,2240,2240
20209043802,"Wyandotte, KS (CT)",509,80,589,1178,197,1375
20209043803,"Wyandotte, KS (CT)",0,1119,1119,0,2696,2696
20209043804,"Wyandotte, KS (CT)",0,6,6,0,8,8
20209043903,"Wyandotte, KS (CT)",0,1145,1145,0,3053,3053
20209043904,"Wyandotte, KS (CT)",0,1345,1345,0,2966,2966
20209043905,"Wyandotte, KS (CT)",0,807,807,0,1719,1719
20209044001,"Wyandotte, KS (CT)",147,1338,1485,369,3140,3509
20209044003,"Wyandotte, KS (CT)",227,976,1203,529,2297,2826
20209044004,"Wyandotte, KS (CT)",0,274,274,0,602,602
20209044101,"Wyandotte, KS (CT)",0,501,501,0,1150,1150
20209044102,"Wyandotte, KS (CT)",0,1139,1139,0,2931,2931
20209044103,"Wyandotte, KS (CT)",0,1228,1228,0,2830,2830
20209044104,"Wyandotte, KS (CT)",0,1700,1700,0,2640,2640
20209044201,"Wyandotte, KS (CT)",0,1631,1631,0,3881,3881
20209044202,"Wyandotte, KS (CT)",0,1425,1425,0,3489,3489
20209044301,"Wyandotte, KS (CT)",0,1083,1083,0,2300,2300
20209044302,"Wyandotte, KS (CT)",0,814,814,0,1870,1870
20209044303,"Wyandotte, KS (CT)",0,867,867,0,2155,2155
20209044400,"Wyandotte, KS (CT)",0,1172,1172,0,2959,2959
20209044500,"Wyandotte, KS (CT)",271,753,1024,574,1579,2153
20209044601,"Wyandotte, KS (CT)",551,572,1123,1313,1416,2729
20209044602,"Wyandotte, KS (CT)",0,0,0,0,0,0
20209044603,"Wyandotte, KS (CT)",0,0,0,0,0,0
20209044702,"Wyandotte, KS (CT)",413,1303,1716,991,3349,4340
20209044703,"Wyandotte, KS (CT)",10,684,694,19,1823,1842
20209044704,"Wyandotte, KS (CT)",9,625,634,22,1559,1581
20209044803,"Wyandotte, KS (CT)",931,1062,1993,2311,2647,4958
20209044804,"Wyandotte, KS (CT)",397,966,1363,1036,2803,3839
20209044805,"Wyandotte, KS (CT)",355,626,981,881,1695,2576
20209044806,"Wyandotte, KS (CT)",133,105,238,326,236,562
20209044900,"Wyandotte, KS (CT)",0,1824,1824,0,4201,4201
20209045000,"Wyandotte, KS (CT)",0,1585,1585,0,3879,3879
20209045100,"Wyandotte, KS (CT)",0,1168,1168,0,2152,2152
20209045200,"Wyandotte, KS (CT)",0,2232,2232,0,3980,3980
21001970100,"Adair, KY (CT)",780,0,780,1727,0,1727
21001970200,"Adair, KY (CT)",930,0,930,1722,0,1722
21001970300,"Adair, KY (CT)",1448,0,1448,3016,0,3016
21001970401,"Adair, KY (CT)",854,1119,1973,1909,2161,4070
21001970402,"Adair, KY (CT)",807,782,1589,1843,2418,4261
21001970500,"Adair, KY (CT)",1162,0,1162,2457,0,2457
21001970600,"Adair, KY (CT)",686,0,686,1403,0,1403
21003920100,"Allen, KY (CT)",1778,0,1778,3185,0,3185
21003920200,"Allen, KY (CT)",1051,0,1051,2703,0,2703
21003920300,"Allen, KY (CT)",868,1293,2161,2095,2590,4685
21003920400,"Allen, KY (CT)",1346,752,2098,2831,1661,4492
21003920500,"Allen, KY (CT)",749,0,749,1600,0,1600
21003920600,"Allen, KY (CT)",1470,0,1470,3291,0,3291
21005950100,"Anderson, KY (CT)",801,2614,3415,1914,6250,8164
21005950201,"Anderson, KY (CT)",287,2082,2369,717,4655,5372
21005950202,"Anderson, KY (CT)",824,669,1493,2067,1584,3651
21005950300,"Anderson, KY (CT)",839,0,839,1969,0,1969
21005950400,"Anderson, KY (CT)",1011,0,1011,2265,0,2265
21007950100,"Ballard, KY (CT)",1989,0,1989,4259,0,4259
21007950200,"Ballard, KY (CT)",715,0,715,1494,0,1494
21007950300,"Ballard, KY (CT)",1181,0,1181,2496,0,2496
21009950100,"Barren, KY (CT)",1510,0,1510,3592,0,3592
21009950200,"Barren, KY (CT)",838,880,1718,1889,1753,3642
21009950300,"Barren, KY (CT)",1239,96,1335,2899,166,3065
21009950400,"Barren, KY (CT)",140,2694,2834,311,5599,5910
21009950500,"Barren, KY (CT)",185,1567,1752,385,3313,3698
21009950600,"Barren, KY (CT)",851,1975,2826,1954,3983,5937
21009950700,"Barren, KY (CT)",2171,256,2427,5204,674,5878
21009950800,"Barren, KY (CT)",1439,0,1439,3337,0,3337
21009950900,"Barren, KY (CT)",1815,0,1815,3607,0,3607
21009951000,"Barren, KY (CT)",1532,0,1532,3507,0,3507
21011970100,"Bath, KY (CT)",816,0,816,1791,0,1791
21011970200,"Bath, KY (CT)",2891,0,2891,6192,0,6192
21011970300,"Bath, KY (CT)",1698,0,1698,3608,0,3608
21013960100,"Bell, KY (CT)",1224,0,1224,2564,0,2564
21013960200,"Bell, KY (CT)",2432,0,2432,5150,0,5150
21013960300,"Bell, KY (CT)",1047,0,1047,2381,0,2381
21013960400,"Bell, KY (CT)",852,0,852,1896,0,1896
21013960500,"Bell, KY (CT)",506,538,1044,1084,1110,2194
21013960600,"Bell, KY (CT)",101,2227,2328,201,4546,4747
21013960700,"Bell, KY (CT)",0,1435,1435,0,2849,2849
21013960800,"Bell, KY (CT)",642,987,1629,1511,2260,3771
21013961100,"Bell, KY (CT)",1163,0,1163,3139,0,3139
21015070100,"Boone, KY (CT)",0,2935,2935,0,6680,6680
21015070200,"Boone, KY (CT)",0,2927,2927,0,6368,6368
21015070301,"Boone, KY (CT)",0,2410,2410,0,5506,5506
21015070305,"Boone, KY (CT)",0,2623,2623,0,5644,5644
21015070307,"Boone, KY (CT)",140,3845,3985,390,10628,11018
21015070308,"Boone, KY (CT)",44,4087,4131,75,9732,9807
21015070309,"Boone, KY (CT)",0,1956,1956,0,6184,6184
21015070311,"Boone, KY (CT)",75,1036,1111,130,2408,2538
21015070312,"Boone, KY (CT)",0,1364,1364,0,3053,3053
21015070313,"Boone, KY (CT)",0,1147,1147,0,3057,3057
21015070314,"Boone, KY (CT)",0,1692,1692,0,4865,4865
21015070401,"Boone, KY (CT)",455,2452,2907,1267,7299,8566
21015070402,"Boone, KY (CT)",865,2002,2867,2213,6041,8254
21015070502,"Boone, KY (CT)",1677,0,1677,4229,0,4229
21015070503,"Boone, KY (CT)",0,2686,2686,0,6179,6179
21015070504,"Boone, KY (CT)",236,2184,2420,672,7087,7759
21015070601,"Boone, KY (CT)",992,27,1019,2510,83,2593
21015070604,"Boone, KY (CT)",1092,30,1122,2963,82,3045
21015070605,"Boone, KY (CT)",0,2029,2029,0,5535,5535
21015070606,"Boone, KY (CT)",232,1463,1695,527,3636,4163
21015070607,"Boone, KY (CT)",294,1157,1451,793,2975,3768
21015980100,"Boone, KY (CT)",0,0,0,0,0,0
21017030100,"Bourbon, KY (CT)",85,1819,1904,179,3796,3975
21017030200,"Bourbon, KY (CT)",30,2609,2639,52,5966,6018
21017030300,"Bourbon, KY (CT)",1037,244,1281,2513,563,3076
21017030400,"Bourbon, KY (CT)",758,267,1025,1821,586,2407
21017030500,"Bourbon, KY (CT)",1045,64,1109,2198,131,2329
21017030600,"Bourbon, KY (CT)",969,0,969,2180,0,2180
21019030200,"Boyd, KY (CT)",0,991,991,0,1381,1381
21019030300,"Boyd, KY (CT)",0,1083,1083,0,2046,2046
21019030400,"Boyd, KY (CT)",0,983,983,0,2268,2268
21019030500,"Boyd, KY (CT)",0,2025,2025,0,4484,4484
21019030600,"Boyd, KY (CT)",0,1972,1972,0,4213,4213
21019030700,"Boyd, KY (CT)",0,1614,1614,0,3397,3397
21019030800,"Boyd, KY (CT)",0,1924,1924,0,3916,3916
21019030900,"Boyd, KY (CT)",176,2259,2435,412,5112,5524
21019031001,"Boyd, KY (CT)",551,29,580,1400,63,1463
21019031002,"Boyd, KY (CT)",808,1511,2319,1895,5047,6942
21019031100,"Boyd, KY (CT)",2186,1066,3252,5504,2415,7919
21019031200,"Boyd, KY (CT)",1187,258,1445,2896,557,3453
21019031300,"Boyd, KY (CT)",196,984,1180,436,2100,2536
21021930100,"Boyle, KY (CT)",340,1894,2234,1273,4092,5365
21021930200,"Boyle, KY (CT)",722,1290,2012,1630,2683,4313
21021930300,"Boyle, KY (CT)",0,1127,1127,0,3223,3223
21021930400,"Boyle, KY (CT)",65,1846,1911,134,3804,3938
21021930500,"Boyle, KY (CT)",550,904,1454,1237,2220,3457
21021930600,"Boyle, KY (CT)",1575,0,1575,3617,0,3617
21021930700,"Boyle, KY (CT)",884,1115,1999,2009,2510,4519
21023950100,"Bracken, KY (CT)",1184,0,1184,2623,0,2623
21023950200,"Bracken, KY (CT)",799,0,799,1769,0,1769
21023950300,"Bracken, KY (CT)",1857,0,1857,4096,0,4096
21025920100,"Breathitt, KY (CT)",518,0,518,1184,0,1184
21025920200,"Breathitt, KY (CT)",986,0,986,2221,0,2221
21025920300,"Breathitt, KY (CT)",508,1207,1715,1178,2515,3693
21025920400,"Breathitt, KY (CT)",603,0,603,1297,0,1297
21025920500,"Breathitt, KY (CT)",769,0,769,1575,0,1575
21025920600,"Breathitt, KY (CT)",801,0,801,1993,0,1993
21025920700,"Breathitt, KY (CT)",815,24,839,1863,52,1915
21027960100,"Breckinridge, KY (CT)",2157,0,2157,4855,0,4855
21027960200,"Breckinridge, KY (CT)",2296,0,2296,5265,0,5265
21027960300,"Breckinridge, KY (CT)",1410,0,1410,3097,0,3097
21027960400,"Breckinridge, KY (CT)",1151,0,1151,1405,0,1405
21027960501,"Breckinridge, KY (CT)",826,0,826,1940,0,1940
21027960502,"Breckinridge, KY (CT)",2790,0,2790,3497,0,3497
21029020101,"Bullitt, KY (CT)",0,1570,1570,0,3702,3702
21029020102,"Bullitt, KY (CT)",507,1023,1530,1277,2376,3653
21029020103,"Bullitt, KY (CT)",940,235,1175,2424,630,3054
21029020201,"Bullitt, KY (CT)",301,1856,2157,858,4842,5700
21029020202,"Bullitt, KY (CT)",408,1023,1431,1069,2581,3650
21029020300,"Bullitt, KY (CT)",246,1473,1719,635,4109,4744
21029020400,"Bullitt, KY (CT)",180,2224,2404,534,5531,6065
21029020500,"Bullitt, KY (CT)",0,2103,2103,0,5612,5612
21029020601,"Bullitt, KY (CT)",0,2224,2224,0,5736,5736
21029020602,"Bullitt, KY (CT)",0,543,543,0,1386,1386
21029020701,"Bullitt, KY (CT)",0,2521,2521,0,6134,6134
21029020702,"Bullitt, KY (CT)",0,936,936,0,2088,2088
21029020800,"Bullitt, KY (CT)",973,1163,2136,2430,2637,5067
21029020900,"Bullitt, KY (CT)",1146,0,1146,2731,0,2731
21029021101,"Bullitt, KY (CT)",709,1495,2204,1852,4352,6204
21029021102,"Bullitt, KY (CT)",1545,0,1545,3968,0,3968
21029021200,"Bullitt, KY (CT)",1974,0,1974,4825,0,4825
21029980100,"Bullitt, KY (CT)",0,0,0,0,0,0
21031930100,"Butler, KY (CT)",1431,0,1431,3231,0,3231
21031930200,"Butler, KY (CT)",690,0,690,1564,0,1564
21031930300,"Butler, KY (CT)",2136,0,2136,4749,0,4749
21031930400,"Butler, KY (CT)",876,0,876,1749,0,1749
21031930500,"Butler, KY (CT)",744,0,744,1397,0,1397
21033920100,"Caldwell, KY (CT)",1005,0,1005,2075,0,2075
21033920200,"Caldwell, KY (CT)",888,1631,2519,2017,3220,5237
21033920300,"Caldwell, KY (CT)",1479,1289,2768,3002,2670,5672
21035010100,"Calloway, KY (CT)",2323,0,2323,4106,0,4106
21035010200,"Calloway, KY (CT)",2017,0,2017,4471,0,4471
21035010301,"Calloway, KY (CT)",0,405,405,0,3140,3140
21035010302,"Calloway, KY (CT)",570,3313,3883,1200,5372,6572
21035010400,"Calloway, KY (CT)",140,1004,1144,316,1984,2300
21035010500,"Calloway, KY (CT)",405,1237,1642,855,2277,3132
21035010600,"Calloway, KY (CT)",193,2875,3068,436,6299,6735
21035010700,"Calloway, KY (CT)",1481,0,1481,3277,0,3277
21035010800,"Calloway, KY (CT)",2102,0,2102,3458,0,3458
21037050100,"Campbell, KY (CT)",0,873,873,0,1733,1733
21037050400,"Campbell, KY (CT)",0,972,972,0,1881,1881
21037050500,"Campbell, KY (CT)",0,1148,1148,0,2598,2598
21037050600,"Campbell, KY (CT)",0,808,808,0,1914,1914
21037051101,"Campbell, KY (CT)",0,974,974,0,2277,2277
21037051102,"Campbell, KY (CT)",0,603,603,0,1416,1416
21037051200,"Campbell, KY (CT)",0,615,615,0,1359,1359
21037051300,"Campbell, KY (CT)",0,1793,1793,0,4460,4460
21037051901,"Campbell, KY (CT)",802,1029,1831,1902,3084,4986
21037051903,"Campbell, KY (CT)",516,1675,2191,1371,3945,5316
21037051904,"Campbell, KY (CT)",573,948,1521,1510,2732,4242
21037052001,"Campbell, KY (CT)",1547,306,1853,4077,759,4836
21037052002,"Campbell, KY (CT)",1106,0,1106,2818,0,2818
21037052100,"Campbell, KY (CT)",0,1715,1715,0,3443,3443
21037052200,"Campbell, KY (CT)",0,1198,1198,0,2402,2402
21037052301,"Campbell, KY (CT)",0,2391,2391,0,4534,4534
21037052302,"Campbell, KY (CT)",0,2061,2061,0,4679,4679
21037052400,"Campbell, KY (CT)",0,1226,1226,0,2721,2721
21037052500,"Campbell, KY (CT)",0,2506,2506,0,5543,5543
21037052800,"Campbell, KY (CT)",0,1582,1582,0,3561,3561
21037052900,"Campbell, KY (CT)",354,1890,2244,924,4438,5362
21037053100,"Campbell, KY (CT)",513,2041,2554,1216,4594,5810
21037053200,"Campbell, KY (CT)",0,1232,1232,0,2578,2578
21037053301,"Campbell, KY (CT)",0,2551,2551,0,4894,4894
21037053302,"Campbell, KY (CT)",0,1975,1975,0,4973,4973
21039960100,"Carlisle, KY (CT)",723,0,723,1599,0,1599
21039960200,"Carlisle, KY (CT)",926,0,926,1854,0,1854
21039960300,"Carlisle, KY (CT)",792,0,792,1651,0,1651
21041950100,"Carroll, KY (CT)",1131,0,1131,2498,0,2498
21041950200,"Carroll, KY (CT)",437,2184,2621,1100,5055,6155
21041950300,"Carroll, KY (CT)",896,48,944,2048,110,2158
21043960100,"Carter, KY (CT)",1578,0,1578,3539,0,3539
21043960200,"Carter, KY (CT)",1925,0,1925,4045,0,4045
21043960300,"Carter, KY (CT)",1474,0,1474,3183,0,3183
21043960400,"Carter, KY (CT)",935,0,935,1951,0,1951
21043960500,"Carter, KY (CT)",961,845,1806,2218,2119,4337
21043960600,"Carter, KY (CT)",1223,1515,2738,2827,3574,6401
21043960700,"Carter, KY (CT)",1844,11,1855,4241,23,4264
21045950100,"Casey, KY (CT)",666,0,666,1297,0,1297
21045950200,"Casey, KY (CT)",1178,0,1178,2370,0,2370
21045950300,"Casey, KY (CT)",2987,0,2987,6491,0,6491
21045950400,"Casey, KY (CT)",1510,0,1510,3240,0,3240
21045950500,"Casey, KY (CT)",1146,0,1146,2557,0,2557
21047200100,"Christian, KY (CT)",0,1933,1933,0,4045,4045
21047200200,"Christian, KY (CT)",0,1552,1552,0,3880,3880
21047200300,"Christian, KY (CT)",365,1239,1604,731,2828,3559
21047200400,"Christian, KY (CT)",0,1301,1301,0,2632,2632
21047200500,"Christian, KY (CT)",45,2053,2098,100,4105,4205
21047200600,"Christian, KY (CT)",190,1769,1959,408,4200,4608
21047200700,"Christian, KY (CT)",0,2937,2937,0,6224,6224
21047200800,"Christian, KY (CT)",0,1137,1137,0,2758,2758
21047200900,"Christian, KY (CT)",1808,822,2630,4275,1798,6073
21047201000,"Christian, KY (CT)",939,0,939,2157,0,2157
21047201100,"Christian, KY (CT)",1790,0,1790,4046,0,4046
21047201200,"Christian, KY (CT)",1060,6,1066,2639,21,2660
21047201301,"Christian, KY (CT)",1266,0,1266,3099,0,3099
21047201302,"Christian, KY (CT)",443,2924,3367,846,6661,7507
21047201400,"Christian, KY (CT)",1188,0,1188,2817,0,2817
21047201501,"Christian, KY (CT)",0,1428,1428,0,5315,5315
21047201502,"Christian, KY (CT)",0,1260,1260,0,4527,4527
21047201503,"Christian, KY (CT)",0,4,4,0,3843,3843
21047980100,"Christian, KY (CT)",0,0,0,0,0,0
21049020101,"Clark, KY (CT)",0,2517,2517,0,5391,5391
21049020103,"Clark, KY (CT)",0,1479,1479,0,3678,3678
21049020105,"Clark, KY (CT)",89,1459,1548,243,3187,3430
21049020106,"Clark, KY (CT)",195,1260,1455,442,2814,3256
21049020201,"Clark, KY (CT)",17,1550,1567,23,3084,3107
21049020202,"Clark, KY (CT)",104,1712,1816,208,3925,4133
21049020300,"Clark, KY (CT)",1005,0,1005,2503,0,2503
21049020400,"Clark, KY (CT)",1370,0,1370,3059,0,3059
21049020500,"Clark, KY (CT)",902,218,1120,1947,623,2570
21049020600,"Clark, KY (CT)",597,1232,1829,1357,3129,4486
21051950100,"Clay, KY (CT)",996,0,996,2026,0,2026
21051950200,"Clay, KY (CT)",2493,9,2502,5935,27,5962
21051950300,"Clay, KY (CT)",847,1283,2130,2036,4538,6574
21051950400,"Clay, KY (CT)",1494,0,1494,3183,0,3183
21051950500,"Clay, KY (CT)",1099,40,1139,2569,92,2661
21051950600,"Clay, KY (CT)",614,0,614,1324,0,1324
21053970100,"Clinton, KY (CT)",1550,0,1550,2927,0,2927
21053970201,"Clinton, KY (CT)",1771,0,1771,3405,0,3405
21053970202,"Clinton, KY (CT)",1990,0,1990,3940,0,3940
21055930100,"Crittenden, KY (CT)",874,0,874,1901,0,1901
21055930200,"Crittenden, KY (CT)",749,1322,2071,1532,2718,4250
21055930300,"Crittenden, KY (CT)",674,0,674,1435,0,1435
21055930400,"Crittenden, KY (CT)",950,0,950,1729,0,1729
21057950100,"Cumberland, KY (CT)",2058,0,2058,4171,0,4171
21057950200,"Cumberland, KY (CT)",1632,0,1632,2685,0,2685
21059000100,"Daviess, KY (CT)",0,1370,1370,0,3269,3269
21059000200,"Daviess, KY (CT)",0,1686,1686,0,3586,3586
21059000300,"Daviess, KY (CT)",0,794,794,0,1871,1871
21059000400,"Daviess, KY (CT)",0,3163,3163,0,7401,7401
21059000500,"Daviess, KY (CT)",0,1013,1013,0,2032,2032
21059000600,"Daviess, KY (CT)",0,2554,2554,0,5434,5434
21059000700,"Daviess, KY (CT)",0,2197,2197,0,4135,4135
21059000800,"Daviess, KY (CT)",0,1984,1984,0,3738,3738
21059000900,"Daviess, KY (CT)",0,2475,2475,0,5124,5124
21059001000,"Daviess, KY (CT)",0,1355,1355,0,2923,2923
21059001100,"Daviess, KY (CT)",0,921,921,0,2375,2375
21059001200,"Daviess, KY (CT)",0,1456,1456,0,3215,3215
21059001300,"Daviess, KY (CT)",698,1671,2369,1756,4125,5881
21059001401,"Daviess, KY (CT)",0,2007,2007,0,5298,5298
21059001402,"Daviess, KY (CT)",1102,865,1967,2855,2248,5103
21059001501,"Daviess, KY (CT)",1155,311,1466,2818,817,3635
21059001502,"Daviess, KY (CT)",1276,0,1276,3406,0,3406
21059001601,"Daviess, KY (CT)",318,1083,1401,762,3060,3822
21059001602,"Daviess, KY (CT)",1786,0,1786,4654,0,4654
21059001701,"Daviess, KY (CT)",172,2530,2702,416,5519,5935
21059001702,"Daviess, KY (CT)",114,1214,1328,260,3037,3297
21059001703,"Daviess, KY (CT)",1748,0,1748,4278,0,4278
21059001800,"Daviess, KY (CT)",1936,498,2434,4908,1336,6244
21061920200,"Edmonson, KY (CT)",2317,0,2317,4237,0,4237
21061920300,"Edmonson, KY (CT)",1331,0,1331,1628,0,1628
21061920400,"Edmonson, KY (CT)",2818,0,2818,6288,0,6288
21061980100,"Edmonson, KY (CT)",1,0,1,8,0,8
21063920100,"Elliott, KY (CT)",2344,0,2344,5688,0,5688
21063920200,"Elliott, KY (CT)",1027,0,1027,2164,0,2164
21065920100,"Estill, KY (CT)",431,302,733,822,605,1427
21065920200,"Estill, KY (CT)",1614,1333,2947,3458,2666,6124
21065920300,"Estill, KY (CT)",2245,116,2361,5186,232,5418
21065920400,"Estill, KY (CT)",824,0,824,1703,0,1703
21067000101,"Fayette, KY (CT)",0,2219,2219,0,3072,3072
21067000102,"Fayette, KY (CT)",0,1197,1197,0,1567,1567
21067000200,"Fayette, KY (CT)",0,1504,1504,0,3563,3563
21067000300,"Fayette, KY (CT)",0,1681,1681,0,3157,3157
21067000400,"Fayette, KY (CT)",0,544,544,0,1261,1261
21067000500,"Fayette, KY (CT)",0,1781,1781,0,3284,3284
21067000600,"Fayette, KY (CT)",0,2462,2462,0,4116,4116
21067000700,"Fayette, KY (CT)",0,1152,1152,0,2353,2353
21067000801,"Fayette, KY (CT)",0,397,397,0,4094,4094
21067000802,"Fayette, KY (CT)",0,981,981,0,3487,3487
21067000900,"Fayette, KY (CT)",0,2120,2120,0,4420,4420
21067001000,"Fayette, KY (CT)",0,723,723,0,1477,1477
21067001100,"Fayette, KY (CT)",0,2269,2269,0,4724,4724
21067001300,"Fayette, KY (CT)",0,893,893,0,2310,2310
21067001400,"Fayette, KY (CT)",0,1120,1120,0,2523,2523
21067001500,"Fayette, KY (CT)",0,913,913,0,1978,1978
21067001600,"Fayette, KY (CT)",0,1289,1289,0,2600,2600
21067001700,"Fayette, KY (CT)",0,1126,1126,0,2171,2171
21067001800,"Fayette, KY (CT)",0,1451,1451,0,2623,2623
21067001900,"Fayette, KY (CT)",0,2070,2070,0,4767,4767
21067002001,"Fayette, KY (CT)",0,2481,2481,0,5803,5803
21067002002,"Fayette, KY (CT)",0,923,923,0,2271,2271
21067002200,"Fayette, KY (CT)",0,829,829,0,1581,1581
21067002302,"Fayette, KY (CT)",0,2936,2936,0,5199,5199
21067002303,"Fayette, KY (CT)",0,2497,2497,0,4372,4372
21067002304,"Fayette, KY (CT)",0,824,824,0,1938,1938
21067002400,"Fayette, KY (CT)",0,1954,1954,0,4061,4061
21067002500,"Fayette, KY (CT)",0,1731,1731,0,3448,3448
21067002600,"Fayette, KY (CT)",0,2616,2616,0,4992,4992
21067002700,"Fayette, KY (CT)",0,2111,2111,0,3732,3732
21067002800,"Fayette, KY (CT)",0,1896,1896,0,3896,3896
21067002900,"Fayette, KY (CT)",0,1943,1943,0,4260,4260
21067003000,"Fayette, KY (CT)",0,3008,3008,0,5661,5661
21067003101,"Fayette, KY (CT)",0,1269,1269,0,2888,2888
21067003102,"Fayette, KY (CT)",0,1071,1071,0,2538,2538
21067003201,"Fayette, KY (CT)",0,699,699,0,1537,1537
21067003202,"Fayette, KY (CT)",0,3052,3052,0,6218,6218
21067003300,"Fayette, KY (CT)",0,1334,1334,0,2703,2703
21067003402,"Fayette, KY (CT)",0,2346,2346,0,4490,4490
21067003404,"Fayette, KY (CT)",0,1989,1989,0,4042,4042
21067003405,"Fayette, KY (CT)",0,2589,2589,0,5940,5940
21067003406,"Fayette, KY (CT)",0,2788,2788,0,6746,6746
21067003407,"Fayette, KY (CT)",0,1585,1585,0,3306,3306
21067003501,"Fayette, KY (CT)",0,1869,1869,0,3755,3755
21067003503,"Fayette, KY (CT)",0,1700,1700,0,2498,2498
21067003504,"Fayette, KY (CT)",0,1779,1779,0,3427,3427
21067003600,"Fayette, KY (CT)",0,1876,1876,0,4371,4371
21067003701,"Fayette, KY (CT)",504,13,517,1144,2373,3517
21067003702,"Fayette, KY (CT)",0,1211,1211,0,4338,4338
21067003703,"Fayette, KY (CT)",0,2041,2041,0,5119,5119
21067003704,"Fayette, KY (CT)",0,1591,1591,0,4004,4004
21067003802,"Fayette, KY (CT)",891,199,1090,1852,428,2280
21067003803,"Fayette, KY (CT)",1,1457,1458,1,3155,3156
21067003804,"Fayette, KY (CT)",0,2515,2515,0,6131,6131
21067003906,"Fayette, KY (CT)",0,1714,1714,0,4160,4160
21067003908,"Fayette, KY (CT)",0,2145,2145,0,3937,3937
21067003909,"Fayette, KY (CT)",0,1426,1426,0,3081,3081
21067003910,"Fayette, KY (CT)",0,857,857,0,1821,1821
21067003911,"Fayette, KY (CT)",0,1975,1975,0,3543,3543
21067003912,"Fayette, KY (CT)",0,2399,2399,0,4215,4215
21067003913,"Fayette, KY (CT)",0,1959,1959,0,5315,5315
21067003914,"Fayette, KY (CT)",0,832,832,0,1975,1975
21067003915,"Fayette, KY (CT)",0,1049,1049,0,2564,2564
21067003916,"Fayette, KY (CT)",216,2,218,498,3,501
21067003917,"Fayette, KY (CT)",193,401,594,402,888,1290
21067003918,"Fayette, KY (CT)",1222,7,1229,2775,12,2787
21067004001,"Fayette, KY (CT)",0,3190,3190,0,6308,6308
21067004003,"Fayette, KY (CT)",0,2973,2973,0,5230,5230
21067004005,"Fayette, KY (CT)",0,710,710,0,1900,1900
21067004006,"Fayette, KY (CT)",0,416,416,0,1123,1123
21067004007,"Fayette, KY (CT)",754,11,765,1703,22,1725
21067004103,"Fayette, KY (CT)",0,848,848,0,1461,1461
21067004104,"Fayette, KY (CT)",0,2115,2115,0,4372,4372
21067004105,"Fayette, KY (CT)",0,1597,1597,0,3711,3711
21067004106,"Fayette, KY (CT)",0,1531,1531,0,4289,4289
21067004107,"Fayette, KY (CT)",0,2077,2077,0,5267,5267
21067004204,"Fayette, KY (CT)",0,2451,2451,0,5760,5760
21067004205,"Fayette, KY (CT)",0,2397,2397,0,6628,6628
21067004207,"Fayette, KY (CT)",183,1346,1529,396,3459,3855
21067004208,"Fayette, KY (CT)",112,2781,2893,301,6796,7097
21067004209,"Fayette, KY (CT)",0,1614,1614,0,3916,3916
21067004210,"Fayette, KY (CT)",0,1647,1647,0,4207,4207
21069920100,"Fleming, KY (CT)",1226,697,1923,2934,1429,4363
21069920200,"Fleming, KY (CT)",742,744,1486,1755,1366,3121
21069920300,"Fleming, KY (CT)",1123,0,1123,2451,0,2451
21069920400,"Fleming, KY (CT)",2091,0,2091,4413,0,4413
21071920100,"Floyd, KY (CT)",499,1188,1687,999,2467,3466
21071920200,"Floyd, KY (CT)",800,179,979,1718,352,2070
21071920300,"Floyd, KY (CT)",1863,289,2152,4183,673,4856
21071920400,"Floyd, KY (CT)",2272,0,2272,4877,0,4877
21071920500,"Floyd, KY (CT)",1463,0,1463,3291,0,3291
21071920600,"Floyd, KY (CT)",1533,0,1533,3342,0,3342
21071920700,"Floyd, KY (CT)",1362,0,1362,2802,0,2802
21071920800,"Floyd, KY (CT)",2274,255,2529,4915,533,5448
21071920900,"Floyd, KY (CT)",947,9,956,2044,19,2063
21071921000,"Floyd, KY (CT)",2147,1095,3242,4917,2319,7236
21073070100,"Franklin, KY (CT)",142,2880,3022,329,5724,6053
21073070401,"Franklin, KY (CT)",226,1029,1255,445,2032,2477
21073070402,"Franklin, KY (CT)",0,3080,3080,0,5643,5643
21073070500,"Franklin, KY (CT)",0,1332,1332,0,2098,2098
21073070600,"Franklin, KY (CT)",79,1600,1679,129,4750,4879
21073070701,"Franklin, KY (CT)",124,1495,1619,270,3280,3550
21073070702,"Franklin, KY (CT)",237,2176,2413,575,4449,5024
21073070800,"Franklin, KY (CT)",1842,169,2011,4280,445,4725
21073071000,"Franklin, KY (CT)",1091,1224,2315,2827,3130,5957
21073071100,"Franklin, KY (CT)",2060,683,2743,4725,1331,6056
21073071200,"Franklin, KY (CT)",0,1695,1695,0,2823,2823
21075960100,"Fulton, KY (CT)",687,1308,1995,1379,2423,3802
21075960200,"Fulton, KY (CT)",1377,0,1377,3011,0,3011
21077960101,"Gallatin, KY (CT)",2761,0,2761,6176,0,6176
21077960102,"Gallatin, KY (CT)",1025,0,1025,2413,0,2413
21079970100,"Garrard, KY (CT)",2687,0,2687,6089,0,6089
21079970200,"Garrard, KY (CT)",1093,763,1856,2603,1638,4241
21079970300,"Garrard, KY (CT)",578,989,1567,1355,2101,3456
21079970400,"Garrard, KY (CT)",1353,0,1353,3126,0,3126
21081920100,"Grant, KY (CT)",1711,1360,3071,4578,3550,8128
21081920200,"Grant, KY (CT)",1853,895,2748,4915,2327,7242
21081920300,"Grant, KY (CT)",2172,992,3164,4354,2757,7111
21081920400,"Grant, KY (CT)",959,0,959,2181,0,2181
21083020100,"Graves, KY (CT)",478,1604,2082,978,3301,4279
21083020200,"Graves, KY (CT)",617,1262,1879,1317,2978,4295
21083020300,"Graves, KY (CT)",725,2265,2990,1701,4677,6378
21083020400,"Graves, KY (CT)",1339,0,1339,2905,0,2905
21083020500,"Graves, KY (CT)",1744,0,1744,3898,0,3898
21083020600,"Graves, KY (CT)",955,0,955,2367,0,2367
21083020700,"Graves, KY (CT)",2101,57,2158,4827,109,4936
21083020800,"Graves, KY (CT)",2404,0,2404,5222,0,5222
21083020900,"Graves, KY (CT)",1108,118,1226,2550,291,2841
21085950100,"Grayson, KY (CT)",2315,0,2315,2800,0,2800
21085950200,"Grayson, KY (CT)",1054,340,1394,2430,657,3087
21085950300,"Grayson, KY (CT)",612,861,1473,1400,2545,3945
21085950400,"Grayson, KY (CT)",1555,1628,3183,3364,3560,6924
21085950500,"Grayson, KY (CT)",1392,15,1407,2618,40,2658
21085950600,"Grayson, KY (CT)",1807,0,1807,4036,0,4036
21085950700,"Grayson, KY (CT)",1982,0,1982,2296,0,2296
21087930100,"Green, KY (CT)",1487,0,1487,3174,0,3174
21087930200,"Green, KY (CT)",1945,0,1945,4060,0,4060
21087930300,"Green, KY (CT)",1118,0,1118,2423,0,2423
21087930400,"Green, KY (CT)",774,0,774,1601,0,1601
21089040100,"Greenup, KY (CT)",248,1683,1931,621,3882,4503
21089040201,"Greenup, KY (CT)",0,1311,1311,0,2929,2929
21089040202,"Greenup, KY (CT)",0,1970,1970,0,4389,4389
21089040300,"Greenup, KY (CT)",61,1909,1970,131,4272,4403
21089040400,"Greenup, KY (CT)",1643,887,2530,3883,2073,5956
21089040501,"Greenup, KY (CT)",680,636,1316,1612,1508,3120
21089040502,"Greenup, KY (CT)",1677,525,2202,3658,1224,4882
21089040600,"Greenup, KY (CT)",415,1046,1461,905,2132,3037
21089040700,"Greenup, KY (CT)",1639,0,1639,3691,0,3691
21091960100,"Hancock, KY (CT)",710,413,1123,1662,916,2578
21091960200,"Hancock, KY (CT)",1517,0,1517,3471,0,3471
21091960300,"Hancock, KY (CT)",1094,0,1094,2516,0,2516
21093000100,"Hardin, KY (CT)",500,0,500,948,0,948
21093000201,"Hardin, KY (CT)",0,406,406,0,1409,1409
21093000202,"Hardin, KY (CT)",0,1326,1326,0,4514,4514
21093000300,"Hardin, KY (CT)",0,1786,1786,0,4049,4049
21093000400,"Hardin, KY (CT)",0,2478,2478,0,5387,5387
21093000500,"Hardin, KY (CT)",0,1045,1045,0,2239,2239
21093000600,"Hardin, KY (CT)",0,1464,1464,0,3520,3520
21093000700,"Hardin, KY (CT)",0,2090,2090,0,4846,4846
21093000800,"Hardin, KY (CT)",186,1544,1730,408,3755,4163
21093000901,"Hardin, KY (CT)",3005,859,3864,8060,1848,9908
21093000902,"Hardin, KY (CT)",186,1589,1775,306,4307,4613
21093001001,"Hardin, KY (CT)",1568,1177,2745,3891,2871,6762
21093001002,"Hardin, KY (CT)",2792,596,3388,6915,1429,8344
21093001100,"Hardin, KY (CT)",0,1847,1847,0,3916,3916
21093001200,"Hardin, KY (CT)",0,2292,2292,0,5300,5300
21093001300,"Hardin, KY (CT)",138,1982,2120,345,4755,5100
21093001401,"Hardin, KY (CT)",0,1949,1949,0,3920,3920
21093001402,"Hardin, KY (CT)",0,2260,2260,0,4506,4506
21093001500,"Hardin, KY (CT)",24,917,941,48,2247,2295
21093001600,"Hardin, KY (CT)",3153,445,3598,7821,1581,9402
21093001700,"Hardin, KY (CT)",3058,596,3654,7363,1518,8881
21093980100,"Hardin, KY (CT)",3,0,3,4,1517,1521
21095970100,"Harlan, KY (CT)",167,750,917,346,1290,1636
21095970200,"Harlan, KY (CT)",518,1153,1671,1039,2421,3460
21095970300,"Harlan, KY (CT)",474,245,719,994,532,1526
21095970400,"Harlan, KY (CT)",500,56,556,1003,131,1134
21095970500,"Harlan, KY (CT)",684,0,684,1518,0,1518
21095970600,"Harlan, KY (CT)",951,376,1327,2146,757,2903
21095970700,"Harlan, KY (CT)",782,1084,1866,1670,2288,3958
21095970800,"Harlan, KY (CT)",90,520,610,183,1047,1230
21095970900,"Harlan, KY (CT)",815,1082,1897,1869,2446,4315
21095971000,"Harlan, KY (CT)",922,990,1912,2115,2510,4625
21095971300,"Harlan, KY (CT)",1354,0,1354,2973,0,2973
21097950100,"Harrison, KY (CT)",1211,0,1211,2833,0,2833
21097950200,"Harrison, KY (CT)",1135,0,1135,2557,0,2557
21097950300,"Harrison, KY (CT)",1635,734,2369,3984,1620,5604
21097950400,"Harrison, KY (CT)",837,498,1335,2089,1079,3168
21097950500,"Harrison, KY (CT)",404,1754,2158,962,3722,4684
21099970100,"Hart, KY (CT)",879,0,879,1891,0,1891
21099970200,"Hart, KY (CT)",1277,0,1277,2731,0,2731
21099970300,"Hart, KY (CT)",2494,0,2494,4807,0,4807
21099970400,"Hart, KY (CT)",1186,1095,2281,2670,2332,5002
21099970500,"Hart, KY (CT)",1628,0,1628,3768,0,3768
21101020100,"Henderson, KY (CT)",0,912,912,0,1775,1775
21101020200,"Henderson, KY (CT)",0,756,756,0,1719,1719
21101020300,"Henderson, KY (CT)",0,854,854,0,1936,1936
21101020400,"Henderson, KY (CT)",0,1231,1231,0,2566,2566
21101020500,"Henderson, KY (CT)",0,1106,1106,0,2337,2337
21101020601,"Henderson, KY (CT)",119,3118,3237,237,6217,6454
21101020602,"Henderson, KY (CT)",1,2058,2059,0,5129,5129
21101020701,"Henderson, KY (CT)",979,1528,2507,2385,3523,5908
21101020702,"Henderson, KY (CT)",1897,846,2743,4782,1851,6633
21101020800,"Henderson, KY (CT)",1776,78,1854,4294,185,4479
21101020900,"Henderson, KY (CT)",2483,578,3061,5969,1345,7314
21103090100,"Henry, KY (CT)",1198,0,1198,2766,0,2766
21103090200,"Henry, KY (CT)",1436,0,1436,3319,0,3319
21103090301,"Henry, KY (CT)",1147,0,1147,2833,0,2833
21103090302,"Henry, KY (CT)",1528,0,1528,3628,0,3628
21103090400,"Henry, KY (CT)",1331,0,1331,2870,0,2870
21105970100,"Hickman, KY (CT)",2342,0,2342,4902,0,4902
21107970100,"Hopkins, KY (CT)",1022,222,1244,2570,498,3068
21107970200,"Hopkins, KY (CT)",1434,0,1434,3413,0,3413
21107970300,"Hopkins, KY (CT)",784,2276,3060,1857,5179,7036
21107970400,"Hopkins, KY (CT)",0,1148,1148,0,2182,2182
21107970500,"Hopkins, KY (CT)",212,2238,2450,471,4675,5146
21107970600,"Hopkins, KY (CT)",0,1554,1554,0,3322,3322
21107970700,"Hopkins, KY (CT)",825,1188,2013,1864,2790,4654
21107970800,"Hopkins, KY (CT)",119,1286,1405,247,2759,3006
21107970900,"Hopkins, KY (CT)",772,969,1741,1659,1999,3658
21107971000,"Hopkins, KY (CT)",1298,0,1298,2924,0,2924
21107971100,"Hopkins, KY (CT)",1598,0,1598,3368,0,3368
21107971300,"Hopkins, KY (CT)",1609,626,2235,3738,1405,5143
21109960100,"Jackson, KY (CT)",2487,0,2487,5048,0,5048
21109960200,"Jackson, KY (CT)",1540,0,1540,2942,0,2942
21109960300,"Jackson, KY (CT)",2496,0,2496,5504,0,5504
21111000200,"Jefferson, KY (CT)",0,1296,1296,0,2924,2924
21111000300,"Jefferson, KY (CT)",0,1190,1190,0,2624,2624
21111000400,"Jefferson, KY (CT)",0,2113,2113,0,4531,4531
21111000600,"Jefferson, KY (CT)",0,925,925,0,1860,1860
21111000700,"Jefferson, KY (CT)",0,1278,1278,0,2626,2626
21111000800,"Jefferson, KY (CT)",0,911,911,0,2076,2076
21111000900,"Jefferson, KY (CT)",0,995,995,0,2099,2099
21111001000,"Jefferson, KY (CT)",0,1300,1300,0,2540,2540
21111001100,"Jefferson, KY (CT)",0,1643,1643,0,3373,3373
21111001200,"Jefferson, KY (CT)",0,1377,1377,0,2811,2811
21111001400,"Jefferson, KY (CT)",0,1131,1131,0,2601,2601
21111001500,"Jefferson, KY (CT)",0,1546,1546,0,3072,3072
21111001600,"Jefferson, KY (CT)",0,1319,1319,0,2644,2644
21111001700,"Jefferson, KY (CT)",0,1081,1081,0,2268,2268
21111001800,"Jefferson, KY (CT)",0,807,807,0,1490,1490
21111002100,"Jefferson, KY (CT)",0,1239,1239,0,2469,2469
21111002300,"Jefferson, KY (CT)",0,1163,1163,0,2447,2447
21111002400,"Jefferson, KY (CT)",0,2702,2702,0,4784,4784
21111002700,"Jefferson, KY (CT)",0,1650,1650,0,2985,2985
21111002800,"Jefferson, KY (CT)",0,891,891,0,1872,1872
21111003000,"Jefferson, KY (CT)",0,1408,1408,0,3565,3565
21111003500,"Jefferson, KY (CT)",0,839,839,0,3088,3088
21111003600,"Jefferson, KY (CT)",0,2318,2318,0,5062,5062
21111003700,"Jefferson, KY (CT)",0,942,942,0,1859,1859
21111003800,"Jefferson, KY (CT)",0,1555,1555,0,3452,3452
21111003900,"Jefferson, KY (CT)",0,1764,1764,0,3968,3968
21111004000,"Jefferson, KY (CT)",0,847,847,0,1803,1803
21111004100,"Jefferson, KY (CT)",0,1374,1374,0,2580,2580
21111004301,"Jefferson, KY (CT)",0,2008,2008,0,4119,4119
21111004302,"Jefferson, KY (CT)",0,879,879,0,2178,2178
21111004400,"Jefferson, KY (CT)",0,2126,2126,0,4160,4160
21111004500,"Jefferson, KY (CT)",0,1441,1441,0,3118,3118
21111004600,"Jefferson, KY (CT)",0,1757,1757,0,3803,3803
21111004900,"Jefferson, KY (CT)",0,2105,2105,0,4263,4263
21111005000,"Jefferson, KY (CT)",0,1150,1150,0,1653,1653
21111005100,"Jefferson, KY (CT)",0,2490,2490,0,3195,3195
21111005200,"Jefferson, KY (CT)",0,2265,2265,0,3375,3375
21111005300,"Jefferson, KY (CT)",0,684,684,0,2180,2180
21111005600,"Jefferson, KY (CT)",0,1905,1905,0,4281,4281
21111005900,"Jefferson, KY (CT)",0,2486,2486,0,4676,4676
21111006200,"Jefferson, KY (CT)",0,1115,1115,0,2699,2699
21111006300,"Jefferson, KY (CT)",0,1030,1030,0,1782,1782
21111006400,"Jefferson, KY (CT)",0,1014,1014,0,1663,1663
21111006500,"Jefferson, KY (CT)",0,1428,1428,0,2878,2878
21111006600,"Jefferson, KY (CT)",0,1370,1370,0,2005,2005
21111006800,"Jefferson, KY (CT)",0,1089,1089,0,2082,2082
21111006900,"Jefferson, KY (CT)",0,1108,1108,0,2220,2220
21111007000,"Jefferson, KY (CT)",0,1029,1029,0,2099,2099
21111007100,"Jefferson, KY (CT)",0,2383,2383,0,4508,4508
21111007400,"Jefferson, KY (CT)",0,1171,1171,0,2049,2049
21111007501,"Jefferson, KY (CT)",0,2211,2211,0,5191,5191
21111007502,"Jefferson, KY (CT)",0,2342,2342,0,5339,5339
21111007601,"Jefferson, KY (CT)",0,1099,1099,0,1949,1949
21111007602,"Jefferson, KY (CT)",0,2169,2169,0,3634,3634
21111007603,"Jefferson, KY (CT)",0,1420,1420,0,2503,2503
21111007700,"Jefferson, KY (CT)",0,1550,1550,0,3294,3294
21111007800,"Jefferson, KY (CT)",0,1615,1615,0,3105,3105
21111007900,"Jefferson, KY (CT)",0,1013,1013,0,1808,1808
21111008100,"Jefferson, KY (CT)",0,1820,1820,0,3111,3111
21111008200,"Jefferson, KY (CT)",0,2570,2570,0,3881,3881
21111008300,"Jefferson, KY (CT)",0,1387,1387,0,2508,2508
21111008400,"Jefferson, KY (CT)",0,1470,1470,0,2923,2923
21111008500,"Jefferson, KY (CT)",0,1156,1156,0,2001,2001
21111008700,"Jefferson, KY (CT)",0,1594,1594,0,3945,3945
21111008800,"Jefferson, KY (CT)",0,1610,1610,0,3069,3069
21111008900,"Jefferson, KY (CT)",0,1746,1746,0,4458,4458
21111009000,"Jefferson, KY (CT)",0,3028,3028,0,6823,6823
21111009103,"Jefferson, KY (CT)",0,616,616,0,1496,1496
21111009105,"Jefferson, KY (CT)",0,1283,1283,0,2985,2985
21111009106,"Jefferson, KY (CT)",0,1980,1980,0,4978,4978
21111009300,"Jefferson, KY (CT)",0,2336,2336,0,5042,5042
21111009400,"Jefferson, KY (CT)",0,3023,3023,0,6393,6393
21111009600,"Jefferson, KY (CT)",0,2116,2116,0,4314,4314
21111009700,"Jefferson, KY (CT)",0,1343,1343,0,2728,2728
21111009800,"Jefferson, KY (CT)",0,1421,1421,0,2673,2673
21111009900,"Jefferson, KY (CT)",0,1485,1485,0,2822,2822
21111010001,"Jefferson, KY (CT)",0,2209,2209,0,4553,4553
21111010004,"Jefferson, KY (CT)",0,2324,2324,0,4607,4607
21111010005,"Jefferson, KY (CT)",0,1820,1820,0,4405,4405
21111010006,"Jefferson, KY (CT)",0,1699,1699,0,3692,3692
21111010007,"Jefferson, KY (CT)",0,1687,1687,0,4121,4121
21111010008,"Jefferson, KY (CT)",0,1766,1766,0,3898,3898
21111010102,"Jefferson, KY (CT)",0,1748,1748,0,4078,4078
21111010103,"Jefferson, KY (CT)",0,2056,2056,0,3834,3834
21111010104,"Jefferson, KY (CT)",0,1583,1583,0,2867,2867
21111010307,"Jefferson, KY (CT)",398,1483,1881,979,3996,4975
21111010309,"Jefferson, KY (CT)",0,1943,1943,0,4756,4756
21111010311,"Jefferson, KY (CT)",0,3078,3078,0,7146,7146
21111010312,"Jefferson, KY (CT)",0,1412,1412,0,3092,3092
21111010313,"Jefferson, KY (CT)",0,1405,1405,0,3526,3526
21111010314,"Jefferson, KY (CT)",0,2185,2185,0,6230,6230
21111010315,"Jefferson, KY (CT)",38,1249,1287,113,2681,2794
21111010316,"Jefferson, KY (CT)",1,1770,1771,2,4749,4751
21111010317,"Jefferson, KY (CT)",0,1680,1680,0,4348,4348
21111010318,"Jefferson, KY (CT)",0,2883,2883,0,5691,5691
21111010319,"Jefferson, KY (CT)",0,2044,2044,0,4444,4444
21111010320,"Jefferson, KY (CT)",0,1596,1596,0,3466,3466
21111010402,"Jefferson, KY (CT)",111,2827,2938,245,6008,6253
21111010403,"Jefferson, KY (CT)",0,1713,1713,0,3828,3828
21111010405,"Jefferson, KY (CT)",0,2256,2256,0,4274,4274
21111010406,"Jefferson, KY (CT)",0,2392,2392,0,5958,5958
21111010500,"Jefferson, KY (CT)",0,1813,1813,0,3796,3796
21111010601,"Jefferson, KY (CT)",0,1707,1707,0,3078,3078
21111010602,"Jefferson, KY (CT)",0,2163,2163,0,3635,3635
21111010701,"Jefferson, KY (CT)",0,2523,2523,0,4977,4977
21111010702,"Jefferson, KY (CT)",0,2626,2626,0,5477,5477
21111010705,"Jefferson, KY (CT)",0,3054,3054,0,6283,6283
21111010706,"Jefferson, KY (CT)",0,1502,1502,0,3311,3311
21111010800,"Jefferson, KY (CT)",0,1683,1683,0,3856,3856
21111010901,"Jefferson, KY (CT)",0,2352,2352,0,4723,4723
21111010902,"Jefferson, KY (CT)",0,1942,1942,0,4089,4089
21111011002,"Jefferson, KY (CT)",0,2626,2626,0,5473,5473
21111011003,"Jefferson, KY (CT)",0,2759,2759,0,5850,5850
21111011004,"Jefferson, KY (CT)",0,3123,3123,0,6178,6178
21111011005,"Jefferson, KY (CT)",0,1337,1337,0,2820,2820
21111011102,"Jefferson, KY (CT)",121,2748,2869,247,5907,6154
21111011106,"Jefferson, KY (CT)",0,3150,3150,0,6900,6900
21111011109,"Jefferson, KY (CT)",0,909,909,0,2119,2119
21111011110,"Jefferson, KY (CT)",0,2516,2516,0,6220,6220
21111011111,"Jefferson, KY (CT)",0,2410,2410,0,5285,5285
21111011112,"Jefferson, KY (CT)",0,1508,1508,0,3403,3403
21111011113,"Jefferson, KY (CT)",0,1370,1370,0,2671,2671
21111011114,"Jefferson, KY (CT)",0,2201,2201,0,5313,5313
21111011200,"Jefferson, KY (CT)",0,2907,2907,0,5490,5490
21111011301,"Jefferson, KY (CT)",0,1116,1116,0,2339,2339
21111011302,"Jefferson, KY (CT)",0,2742,2742,0,7219,7219
21111011403,"Jefferson, KY (CT)",0,864,864,0,1835,1835
21111011404,"Jefferson, KY (CT)",0,1781,1781,0,3752,3752
21111011405,"Jefferson, KY (CT)",0,2417,2417,0,5804,5804
21111011406,"Jefferson, KY (CT)",0,2013,2013,0,4234,4234
21111011505,"Jefferson, KY (CT)",0,2670,2670,0,6298,6298
21111011506,"Jefferson, KY (CT)",0,2149,2149,0,5654,5654
21111011508,"Jefferson, KY (CT)",0,2190,2190,0,5170,5170
21111011509,"Jefferson, KY (CT)",0,1940,1940,0,4013,4013
21111011513,"Jefferson, KY (CT)",0,1855,1855,0,4512,4512
21111011514,"Jefferson, KY (CT)",0,1434,1434,0,3291,3291
21111011515,"Jefferson, KY (CT)",0,1863,1863,0,4721,4721
21111011516,"Jefferson, KY (CT)",0,1878,1878,0,3958,3958
21111011517,"Jefferson, KY (CT)",0,2221,2221,0,5766,5766
21111011518,"Jefferson, KY (CT)",0,782,782,0,2374,2374
21111011519,"Jefferson, KY (CT)",0,2021,2021,0,5222,5222
21111011520,"Jefferson, KY (CT)",0,1236,1236,0,3495,3495
21111011601,"Jefferson, KY (CT)",644,1646,2290,1523,4441,5964
21111011603,"Jefferson, KY (CT)",339,1601,1940,814,3714,4528
21111011604,"Jefferson, KY (CT)",1017,0,1017,2548,0,2548
21111011706,"Jefferson, KY (CT)",0,1592,1592,0,3690,3690
21111011707,"Jefferson, KY (CT)",0,2206,2206,0,5709,5709
21111011708,"Jefferson, KY (CT)",0,1885,1885,0,4678,4678
21111011709,"Jefferson, KY (CT)",186,1392,1578,480,3496,3976
21111011710,"Jefferson, KY (CT)",0,1145,1145,0,2670,2670
21111011711,"Jefferson, KY (CT)",0,2203,2203,0,5993,5993
21111011712,"Jefferson, KY (CT)",0,1742,1742,0,4161,4161
21111011713,"Jefferson, KY (CT)",0,1198,1198,0,2870,2870
21111011800,"Jefferson, KY (CT)",0,1332,1332,0,2702,2702
21111011901,"Jefferson, KY (CT)",16,382,398,22,1018,1040
21111011904,"Jefferson, KY (CT)",0,1113,1113,0,2584,2584
21111011905,"Jefferson, KY (CT)",0,3178,3178,0,7402,7402
21111011906,"Jefferson, KY (CT)",0,1679,1679,0,3480,3480
21111011907,"Jefferson, KY (CT)",0,1857,1857,0,4443,4443
21111012001,"Jefferson, KY (CT)",301,1158,1459,643,2735,3378
21111012002,"Jefferson, KY (CT)",0,2372,2372,0,5891,5891
21111012003,"Jefferson, KY (CT)",695,807,1502,1637,2069,3706
21111012103,"Jefferson, KY (CT)",0,1305,1305,0,3168,3168
21111012104,"Jefferson, KY (CT)",195,1436,1631,398,3604,4002
21111012105,"Jefferson, KY (CT)",0,1982,1982,0,4557,4557
21111012106,"Jefferson, KY (CT)",0,3108,3108,0,7683,7683
21111012107,"Jefferson, KY (CT)",205,2057,2262,473,5072,5545
21111012202,"Jefferson, KY (CT)",0,2636,2636,0,6270,6270
21111012203,"Jefferson, KY (CT)",0,2538,2538,0,6182,6182
21111012204,"Jefferson, KY (CT)",0,2025,2025,0,4409,4409
21111012301,"Jefferson, KY (CT)",0,1396,1396,0,3331,3331
21111012302,"Jefferson, KY (CT)",0,2466,2466,0,5555,5555
21111012406,"Jefferson, KY (CT)",0,2394,2394,0,5669,5669
21111012407,"Jefferson, KY (CT)",0,1804,1804,0,4583,4583
21111012408,"Jefferson, KY (CT)",0,1003,1003,0,2391,2391
21111012409,"Jefferson, KY (CT)",0,1376,1376,0,3312,3312
21111012410,"Jefferson, KY (CT)",0,1856,1856,0,4180,4180
21111012411,"Jefferson, KY (CT)",0,2603,2603,0,6653,6653
21111012501,"Jefferson, KY (CT)",0,1274,1274,0,2549,2549
21111012502,"Jefferson, KY (CT)",0,2523,2523,0,5230,5230
21111012503,"Jefferson, KY (CT)",0,1862,1862,0,4160,4160
21111012601,"Jefferson, KY (CT)",0,3073,3073,0,6917,6917
21111012603,"Jefferson, KY (CT)",0,1238,1238,0,2716,2716
21111012604,"Jefferson, KY (CT)",0,2233,2233,0,5245,5245
21111012701,"Jefferson, KY (CT)",0,1807,1807,0,3576,3576
21111012702,"Jefferson, KY (CT)",0,859,859,0,2089,2089
21111012703,"Jefferson, KY (CT)",22,2435,2457,52,6017,6069
21111012801,"Jefferson, KY (CT)",0,1471,1471,0,3256,3256
21111012802,"Jefferson, KY (CT)",0,1218,1218,0,2543,2543
21111013100,"Jefferson, KY (CT)",0,912,912,0,2066,2066
21111980100,"Jefferson, KY (CT)",0,0,0,0,0,0
21113060101,"Jessamine, KY (CT)",126,2888,3014,310,7220,7530
21113060102,"Jessamine, KY (CT)",258,2489,2747,622,6212,6834
21113060200,"Jessamine, KY (CT)",1144,531,1675,2776,1175,3951
21113060300,"Jessamine, KY (CT)",1015,0,1015,2399,0,2399
21113060400,"Jessamine, KY (CT)",815,2064,2879,1897,6416,8313
21113060502,"Jessamine, KY (CT)",58,2380,2438,125,6044,6169
21113060503,"Jessamine, KY (CT)",0,1986,1986,0,4483,4483
21113060504,"Jessamine, KY (CT)",30,1350,1380,70,3189,3259
21113060600,"Jessamine, KY (CT)",1727,470,2197,4384,1264,5648
21115960100,"Johnson, KY (CT)",1493,0,1493,3340,0,3340
21115960200,"Johnson, KY (CT)",1213,0,1213,2681,0,2681
21115960300,"Johnson, KY (CT)",1397,50,1447,3085,118,3203
21115960400,"Johnson, KY (CT)",1040,2085,3125,2334,4263,6597
21115960500,"Johnson, KY (CT)",1075,253,1328,2415,599,3014
21115960600,"Johnson, KY (CT)",1443,575,2018,3199,1322,4521
21117060300,"Kenton, KY (CT)",0,1000,1000,0,1577,1577
21117060700,"Kenton, KY (CT)",0,959,959,0,1587,1587
21117060900,"Kenton, KY (CT)",0,1058,1058,0,2041,2041
21117061000,"Kenton, KY (CT)",0,1024,1024,0,2071,2071
21117061100,"Kenton, KY (CT)",0,749,749,0,1375,1375
21117061200,"Kenton, KY (CT)",0,1138,1138,0,2620,2620
21117061300,"Kenton, KY (CT)",0,1277,1277,0,2471,2471
21117061400,"Kenton, KY (CT)",0,1700,1700,0,3626,3626
21117061600,"Kenton, KY (CT)",0,733,733,0,1357,1357
21117063603,"Kenton, KY (CT)",0,2941,2941,0,8318,8318
21117063604,"Kenton, KY (CT)",0,2316,2316,0,6209,6209
21117063605,"Kenton, KY (CT)",472,3303,3775,1236,9351,10587
21117063606,"Kenton, KY (CT)",123,1189,1312,299,3645,3944
21117063701,"Kenton, KY (CT)",1192,28,1220,3094,78,3172
21117063702,"Kenton, KY (CT)",1736,0,1736,4354,0,4354
21117063800,"Kenton, KY (CT)",0,1669,1669,0,2965,2965
21117064000,"Kenton, KY (CT)",0,2799,2799,0,6313,6313
21117064100,"Kenton, KY (CT)",0,2230,2230,0,5537,5537
21117064200,"Kenton, KY (CT)",0,524,524,0,1458,1458
21117064300,"Kenton, KY (CT)",0,1663,1663,0,3174,3174
21117064400,"Kenton, KY (CT)",0,1691,1691,0,3674,3674
21117064500,"Kenton, KY (CT)",0,1606,1606,0,3575,3575
21117064600,"Kenton, KY (CT)",0,2720,2720,0,5235,5235
21117064700,"Kenton, KY (CT)",0,2257,2257,0,5370,5370
21117064800,"Kenton, KY (CT)",0,1632,1632,0,3401,3401
21117064900,"Kenton, KY (CT)",0,1489,1489,0,3009,3009
21117065000,"Kenton, KY (CT)",0,1780,1780,0,3669,3669
21117065100,"Kenton, KY (CT)",0,1544,1544,0,3498,3498
21117065200,"Kenton, KY (CT)",0,1961,1961,0,3928,3928
21117065300,"Kenton, KY (CT)",3,3857,3860,9,9721,9730
21117065400,"Kenton, KY (CT)",0,635,635,0,1439,1439
21117065501,"Kenton, KY (CT)",0,1663,1663,0,4357,4357
21117065502,"Kenton, KY (CT)",0,1454,1454,0,3999,3999
21117065600,"Kenton, KY (CT)",0,2472,2472,0,6263,6263
21117065700,"Kenton, KY (CT)",0,893,893,0,1990,1990
21117065800,"Kenton, KY (CT)",257,806,1063,748,2131,2879
21117065900,"Kenton, KY (CT)",596,43,639,1402,104,1506
21117066800,"Kenton, KY (CT)",0,2631,2631,0,7704,7704
21117066900,"Kenton, KY (CT)",0,1962,1962,0,4304,4304
21117067000,"Kenton, KY (CT)",0,2099,2099,0,3464,3464
21117067100,"Kenton, KY (CT)",0,1101,1101,0,1970,1970
21119960100,"Knott, KY (CT)",1112,0,1112,2273,0,2273
21119960200,"Knott, KY (CT)",1395,0,1395,3035,0,3035
21119960300,"Knott, KY (CT)",1763,0,1763,4278,0,4278
21119960400,"Knott, KY (CT)",1100,0,1100,2329,0,2329
21119960500,"Knott, KY (CT)",2091,0,2091,4431,0,4431
21121930100,"Knox, KY (CT)",880,0,880,1797,0,1797
21121930200,"Knox, KY (CT)",1578,0,1578,3688,0,3688
21121930300,"Knox, KY (CT)",1156,162,1318,2651,342,2993
21121930400,"Knox, KY (CT)",969,2460,3429,2491,5179,7670
21121930500,"Knox, KY (CT)",1349,1341,2690,2919,3039,5958
21121930601,"Knox, KY (CT)",1473,1189,2662,3225,2534,5759
21121930602,"Knox, KY (CT)",647,337,984,1339,727,2066
21121930700,"Knox, KY (CT)",944,0,944,1952,0,1952
21123960101,"Larue, KY (CT)",717,0,717,1702,0,1702
21123960102,"Larue, KY (CT)",1200,1464,2664,2799,3413,6212
21123960200,"Larue, KY (CT)",1107,0,1107,2504,0,2504
21123960300,"Larue, KY (CT)",1684,0,1684,3775,0,3775
21125970100,"Laurel, KY (CT)",1236,0,1236,2899,0,2899
21125970200,"Laurel, KY (CT)",2107,708,2815,4938,1585,6523
21125970300,"Laurel, KY (CT)",1634,220,1854,3736,497,4233
21125970400,"Laurel, KY (CT)",619,938,1557,1487,2035,3522
21125970500,"Laurel, KY (CT)",252,1933,2185,618,4020,4638
21125970600,"Laurel, KY (CT)",0,1409,1409,0,3189,3189
21125970700,"Laurel, KY (CT)",58,2374,2432,128,5531,5659
21125970800,"Laurel, KY (CT)",1912,54,1966,4610,128,4738
21125970900,"Laurel, KY (CT)",1488,76,1564,3601,186,3787
21125971001,"Laurel, KY (CT)",746,705,1451,1908,1746,3654
21125971002,"Laurel, KY (CT)",637,2214,2851,1541,4942,6483
21125971101,"Laurel, KY (CT)",1045,0,1045,2212,0,2212
21125971102,"Laurel, KY (CT)",2466,615,3081,5773,1539,7312
21127930100,"Lawrence, KY (CT)",1581,1528,3109,3699,3254,6953
21127930200,"Lawrence, KY (CT)",916,0,916,1769,0,1769
21127930300,"Lawrence, KY (CT)",743,0,743,1582,0,1582
21127930400,"Lawrence, KY (CT)",1490,0,1490,3134,0,3134
21127930500,"Lawrence, KY (CT)",870,158,1028,2045,377,2422
21129950100,"Lee, KY (CT)",1885,0,1885,4788,0,4788
21129950200,"Lee, KY (CT)",752,0,752,1517,0,1517
21129950300,"Lee, KY (CT)",799,0,799,1582,0,1582
21131920100,"Leslie, KY (CT)",2609,0,2609,5535,0,5535
21131920200,"Leslie, KY (CT)",1291,0,1291,2883,0,2883
21131920300,"Leslie, KY (CT)",1378,0,1378,2892,0,2892
21133950100,"Letcher, KY (CT)",1375,0,1375,2871,0,2871
21133950200,"Letcher, KY (CT)",2397,0,2397,4930,0,4930
21133950300,"Letcher, KY (CT)",731,0,731,1451,0,1451
21133950401,"Letcher, KY (CT)",1386,0,1386,3060,0,3060
21133950402,"Letcher, KY (CT)",2453,0,2453,5380,0,5380
21133950500,"Letcher, KY (CT)",671,0,671,1504,0,1504
21133950600,"Letcher, KY (CT)",2588,0,2588,5323,0,5323
21135930100,"Lewis, KY (CT)",2045,0,2045,4419,0,4419
21135930200,"Lewis, KY (CT)",1828,0,1828,3883,0,3883
21135930300,"Lewis, KY (CT)",1611,0,1611,3479,0,3479
21135930400,"Lewis, KY (CT)",997,0,997,2089,0,2089
21137920101,"Lincoln, KY (CT)",785,132,917,1838,320,2158
21137920102,"Lincoln, KY (CT)",822,1212,2034,1935,2774,4709
21137920103,"Lincoln, KY (CT)",508,598,1106,1162,1292,2454
21137920200,"Lincoln, KY (CT)",2463,62,2525,5587,152,5739
21137920300,"Lincoln, KY (CT)",2406,0,2406,5456,0,5456
21137920400,"Lincoln, KY (CT)",1831,0,1831,4226,0,4226
21139040100,"Livingston, KY (CT)",1578,0,1578,2974,0,2974
21139040200,"Livingston, KY (CT)",3046,200,3246,6105,440,6545
21141960100,"Logan, KY (CT)",2292,0,2292,5375,0,5375
21141960200,"Logan, KY (CT)",2004,0,2004,3725,0,3725
21141960300,"Logan, KY (CT)",1372,1232,2604,3307,2603,5910
21141960400,"Logan, KY (CT)",1194,1039,2233,2688,2144,4832
21141960500,"Logan, KY (CT)",863,983,1846,2045,1967,4012
21141960600,"Logan, KY (CT)",1360,0,1360,2981,0,2981
21143960100,"Lyon, KY (CT)",3374,0,3374,6444,0,6444
21143960200,"Lyon, KY (CT)",1417,0,1417,1870,0,1870
21143980100,"Lyon, KY (CT)",0,0,0,0,0,0
21145030100,"McCracken, KY (CT)",0,656,656,0,1265,1265
21145030200,"McCracken, KY (CT)",0,1136,1136,0,2075,2075
21145030300,"McCracken, KY (CT)",0,836,836,0,1482,1482
21145030400,"McCracken, KY (CT)",0,886,886,0,1771,1771
21145030500,"McCracken, KY (CT)",0,764,764,0,1243,1243
21145030600,"McCracken, KY (CT)",0,1878,1878,0,3705,3705
21145030700,"McCracken, KY (CT)",0,2312,2312,0,4469,4469
21145030800,"McCracken, KY (CT)",0,2213,2213,0,4623,4623
21145030900,"McCracken, KY (CT)",25,1608,1633,47,3459,3506
21145031000,"McCracken, KY (CT)",325,1810,2135,700,3868,4568
21145031100,"McCracken, KY (CT)",242,2333,2575,535,5300,5835
21145031200,"McCracken, KY (CT)",2034,33,2067,4800,87,4887
21145031301,"McCracken, KY (CT)",0,2348,2348,0,4784,4784
21145031302,"McCracken, KY (CT)",639,1994,2633,1612,4440,6052
21145031400,"McCracken, KY (CT)",673,2315,2988,1503,4577,6080
21145031500,"McCracken, KY (CT)",2743,59,2802,6187,141,6328
21145031600,"McCracken, KY (CT)",1205,12,1217,2859,33,2892
21147960100,"McCreary, KY (CT)",1064,0,1064,2472,0,2472
21147960200,"McCreary, KY (CT)",484,0,484,1030,0,1030
21147960300,"McCreary, KY (CT)",3242,0,3242,7032,0,7032
21147960400,"McCreary, KY (CT)",2717,0,2717,7772,0,7772
21149970100,"McLean, KY (CT)",1368,0,1368,3084,0,3084
21149970200,"McLean, KY (CT)",1550,0,1550,3418,0,3418
21149970500,"McLean, KY (CT)",1346,0,1346,3029,0,3029
21151010101,"Madison, KY (CT)",875,0,875,2005,0,2005
21151010102,"Madison, KY (CT)",2333,334,2667,5945,913,6858
21151010200,"Madison, KY (CT)",32,1941,1973,76,3676,3752
21151010300,"Madison, KY (CT)",82,3553,3635,200,7306,7506
21151010400,"Madison, KY (CT)",0,1026,1026,0,1790,1790
21151010500,"Madison, KY (CT)",0,279,279,0,4182,4182
21151010600,"Madison, KY (CT)",0,2645,2645,0,5157,5157
21151010701,"Madison, KY (CT)",267,1671,1938,661,3542,4203
21151010702,"Madison, KY (CT)",321,1111,1432,805,2745,3550
21151010800,"Madison, KY (CT)",1757,88,1845,4110,209,4319
21151010901,"Madison, KY (CT)",1108,225,1333,2698,557,3255
21151010902,"Madison, KY (CT)",195,1005,1200,465,2122,2587
21151010903,"Madison, KY (CT)",0,1795,1795,0,3898,3898
21151011000,"Madison, KY (CT)",2620,0,2620,6219,0,6219
21151011100,"Madison, KY (CT)",2188,512,2700,5201,1382,6583
21151011200,"Madison, KY (CT)",229,2375,2604,468,5479,5947
21151011301,"Madison, KY (CT)",369,660,1029,809,1512,2321
21151011302,"Madison, KY (CT)",63,1649,1712,140,4479,4619
21151011400,"Madison, KY (CT)",866,869,1735,2135,2030,4165
21153970100,"Magoffin, KY (CT)",785,0,785,1703,0,1703
21153970200,"Magoffin, KY (CT)",2870,0,2870,6381,0,6381
21153970300,"Magoffin, KY (CT)",1323,0,1323,3087,0,3087
21153970400,"Magoffin, KY (CT)",972,0,972,2162,0,2162
21155970200,"Marion, KY (CT)",418,1580,1998,1046,3417,4463
21155970300,"Marion, KY (CT)",790,0,790,2765,0,2765
21155970400,"Marion, KY (CT)",1222,0,1222,3048,0,3048
21155970500,"Marion, KY (CT)",820,0,820,1829,0,1829
21155970700,"Marion, KY (CT)",1422,1012,2434,3539,2229,5768
21155970800,"Marion, KY (CT)",918,0,918,1947,0,1947
21157950100,"Marshall, KY (CT)",2482,0,2482,5342,0,5342
21157950200,"Marshall, KY (CT)",2043,0,2043,4746,0,4746
21157950300,"Marshall, KY (CT)",2146,0,2146,4161,0,4161
21157950400,"Marshall, KY (CT)",393,2068,2461,983,4394,5377
21157950500,"Marshall, KY (CT)",2406,22,2428,5461,53,5514
21157950600,"Marshall, KY (CT)",4188,0,4188,6308,0,6308
21159950100,"Martin, KY (CT)",1767,0,1767,3835,0,3835
21159950200,"Martin, KY (CT)",2923,0,2923,8073,0,8073
21159950300,"Martin, KY (CT)",474,0,474,1021,0,1021
21161960100,"Mason, KY (CT)",1377,47,1424,3340,128,3468
21161960200,"Mason, KY (CT)",147,1613,1760,319,3253,3572
21161960300,"Mason, KY (CT)",501,1600,2101,1064,2984,4048
21161960400,"Mason, KY (CT)",1405,626,2031,3191,1436,4627
21161960500,"Mason, KY (CT)",789,0,789,1775,0,1775
21163970100,"Meade, KY (CT)",0,539,539,0,947,947
21163970200,"Meade, KY (CT)",0,1228,1228,0,2683,2683
21163970301,"Meade, KY (CT)",1126,0,1126,3069,0,3069
21163970302,"Meade, KY (CT)",2032,132,2164,5226,403,5629
21163970401,"Meade, KY (CT)",2045,0,2045,5246,0,5246
21163970402,"Meade, KY (CT)",3176,0,3176,7559,0,7559
21163970500,"Meade, KY (CT)",1478,0,1478,3460,0,3460
21163980100,"Meade, KY (CT)",6,0,6,9,0,9
21165960100,"Menifee, KY (CT)",2693,0,2693,3758,0,3758
21165960200,"Menifee, KY (CT)",1051,0,1051,2548,0,2548
21167960100,"Mercer, KY (CT)",1874,0,1874,4336,0,4336
21167960200,"Mercer, KY (CT)",881,1661,2542,2138,3671,5809
21167960300,"Mercer, KY (CT)",839,741,1580,1978,1532,3510
21167960400,"Mercer, KY (CT)",342,1747,2089,822,3512,4334
21167960500,"Mercer, KY (CT)",1856,0,1856,3342,0,3342
21169960100,"Metcalfe, KY (CT)",1072,0,1072,2294,0,2294
21169960200,"Metcalfe, KY (CT)",1357,0,1357,3058,0,3058
21169960300,"Metcalfe, KY (CT)",2252,0,2252,4747,0,4747
21171930100,"Monroe, KY (CT)",803,0,803,1866,0,1866
21171930200,"Monroe, KY (CT)",1062,0,1062,2180,0,2180
21171930300,"Monroe, KY (CT)",1336,0,1336,2830,0,2830
21171930400,"Monroe, KY (CT)",2003,0,2003,4087,0,4087
21173920100,"Montgomery, KY (CT)",1257,0,1257,2975,0,2975
21173920200,"Montgomery, KY (CT)",1249,2016,3265,3096,4161,7257
21173920301,"Montgomery, KY (CT)",326,1044,1370,752,2029,2781
21173920302,"Montgomery, KY (CT)",487,1993,2480,1122,4645,5767
21173920400,"Montgomery, KY (CT)",2112,0,2112,4842,0,4842
21173920500,"Montgomery, KY (CT)",1215,0,1215,2877,0,2877
21175950100,"Morgan, KY (CT)",1162,0,1162,2579,0,2579
21175950200,"Morgan, KY (CT)",1064,0,1064,1967,0,1967
21175950300,"Morgan, KY (CT)",1067,0,1067,2165,0,2165
21175950400,"Morgan, KY (CT)",1512,0,1512,4966,0,4966
21175950500,"Morgan, KY (CT)",1025,0,1025,2246,0,2246
21177960100,"Muhlenberg, KY (CT)",563,16,579,1225,37,1262
21177960200,"Muhlenberg, KY (CT)",836,2136,2972,2837,4597,7434
21177960300,"Muhlenberg, KY (CT)",1638,0,1638,3634,0,3634
21177960400,"Muhlenberg, KY (CT)",1687,549,2236,4220,1115,5335
21177960500,"Muhlenberg, KY (CT)",118,1462,1580,286,3079,3365
21177960600,"Muhlenberg, KY (CT)",922,407,1329,2077,1115,3192
21177960700,"Muhlenberg, KY (CT)",1612,0,1612,3649,0,3649
21177960800,"Muhlenberg, KY (CT)",1013,0,1013,1987,0,1987
21177960900,"Muhlenberg, KY (CT)",740,0,740,1641,0,1641
21179930100,"Nelson, KY (CT)",1574,0,1574,3630,0,3630
21179930200,"Nelson, KY (CT)",2142,729,2871,5430,1948,7378
21179930301,"Nelson, KY (CT)",561,1622,2183,1387,3725,5112
21179930302,"Nelson, KY (CT)",554,2766,3320,1339,6718,8057
21179930303,"Nelson, KY (CT)",0,1436,1436,0,3303,3303
21179930400,"Nelson, KY (CT)",419,1068,1487,999,2192,3191
21179930500,"Nelson, KY (CT)",2173,306,2479,5533,816,6349
21179930600,"Nelson, KY (CT)",1228,0,1228,2872,0,2872
21179930700,"Nelson, KY (CT)",1497,0,1497,3545,0,3545
21181960100,"Nicholas, KY (CT)",929,0,929,2085,0,2085
21181960200,"Nicholas, KY (CT)",2332,0,2332,5050,0,5050
21183920100,"Ohio, KY (CT)",1477,0,1477,3277,0,3277
21183920200,"Ohio, KY (CT)",1539,0,1539,3735,0,3735
21183920300,"Ohio, KY (CT)",761,1063,1824,1744,2460,4204
21183920400,"Ohio, KY (CT)",831,0,831,1870,0,1870
21183920500,"Ohio, KY (CT)",1533,1449,2982,3672,3415,7087
21183920600,"Ohio, KY (CT)",711,187,898,1625,446,2071
21183920700,"Ohio, KY (CT)",668,0,668,1598,0,1598
21185030100,"Oldham, KY (CT)",974,0,974,2299,0,2299
21185030200,"Oldham, KY (CT)",25,468,493,51,5113,5164
21185030301,"Oldham, KY (CT)",213,988,1201,529,2630,3159
21185030302,"Oldham, KY (CT)",340,1495,1835,861,3629,4490
21185030401,"Oldham, KY (CT)",941,1396,2337,2698,3718,6416
21185030402,"Oldham, KY (CT)",458,471,929,1348,1293,2641
21185030501,"Oldham, KY (CT)",8,1625,1633,8,4084,4092
21185030502,"Oldham, KY (CT)",121,1477,1598,293,4357,4650
21185030601,"Oldham, KY (CT)",3,2192,2195,6,5915,5921
21185030602,"Oldham, KY (CT)",36,1819,1855,88,4918,5006
21185030701,"Oldham, KY (CT)",410,413,823,1137,1143,2280
21185030702,"Oldham, KY (CT)",615,1222,1837,1684,4002,5686
21185030801,"Oldham, KY (CT)",0,1340,1340,0,3901,3901
21185030802,"Oldham, KY (CT)",456,1182,1638,1259,3352,4611
21187970100,"Owen, KY (CT)",1418,0,1418,3041,0,3041
21187970200,"Owen, KY (CT)",2859,0,2859,4969,0,4969
21187970300,"Owen, KY (CT)",1357,0,1357,2831,0,2831
21189930100,"Owsley, KY (CT)",1207,0,1207,2612,0,2612
21189930200,"Owsley, KY (CT)",1121,0,1121,2143,0,2143
21191930100,"Pendleton, KY (CT)",2817,0,2817,7011,0,7011
21191930200,"Pendleton, KY (CT)",1184,0,1184,2793,0,2793
21191930300,"Pendleton, KY (CT)",2338,0,2338,5073,0,5073
21193970300,"Perry, KY (CT)",1088,0,1088,2460,0,2460
21193970400,"Perry, KY (CT)",1289,498,1787,2997,1242,4239
21193970500,"Perry, KY (CT)",1714,831,2545,3895,1986,5881
21193970600,"Perry, KY (CT)",499,1992,2491,1187,3985,5172
21193970700,"Perry, KY (CT)",825,0,825,1909,0,1909
21193970800,"Perry, KY (CT)",1278,113,1391,2796,231,3027
21193970900,"Perry, KY (CT)",779,0,779,1611,0,1611
21193971000,"Perry, KY (CT)",1885,0,1885,4413,0,4413
21195930100,"Pike, KY (CT)",1509,0,1509,3164,0,3164
21195930200,"Pike, KY (CT)",1878,936,2814,4121,2101,6222
21195930300,"Pike, KY (CT)",0,1498,1498,0,3296,3296
21195930400,"Pike, KY (CT)",1304,235,1539,2715,454,3169
21195930500,"Pike, KY (CT)",959,336,1295,2135,713,2848
21195930600,"Pike, KY (CT)",1739,0,1739,3608,0,3608
21195930700,"Pike, KY (CT)",1209,0,1209,2520,0,2520
21195930800,"Pike, KY (CT)",1491,0,1491,3163,0,3163
21195930900,"Pike, KY (CT)",993,0,993,2172,0,2172
21195931000,"Pike, KY (CT)",1101,0,1101,2409,0,2409
21195931100,"Pike, KY (CT)",1893,329,2222,4131,699,4830
21195931200,"Pike, KY (CT)",1911,0,1911,4242,0,4242
21195931300,"Pike, KY (CT)",1255,0,1255,2878,0,2878
21195931400,"Pike, KY (CT)",1164,237,1401,2464,487,2951
21195931500,"Pike, KY (CT)",1920,78,1998,4201,184,4385
21195931600,"Pike, KY (CT)",779,0,779,1747,0,1747
21195931700,"Pike, KY (CT)",2276,0,2276,4722,0,4722
21195931800,"Pike, KY (CT)",1708,0,1708,3513,0,3513
21195931900,"Pike, KY (CT)",1566,0,1566,3185,0,3185
21197970100,"Powell, KY (CT)",1646,1287,2933,3504,2949,6453
21197970200,"Powell, KY (CT)",2113,552,2665,4960,1200,6160
21199930100,"Pulaski, KY (CT)",2788,0,2788,6111,0,6111
21199930200,"Pulaski, KY (CT)",1667,714,2381,3921,1613,5534
21199930300,"Pulaski, KY (CT)",2606,24,2630,5071,14,5085
21199930401,"Pulaski, KY (CT)",991,593,1584,2151,1212,3363
21199930402,"Pulaski, KY (CT)",1113,1200,2313,2522,2741,5263
21199930501,"Pulaski, KY (CT)",572,2223,2795,1215,4909,6124
21199930502,"Pulaski, KY (CT)",822,2108,2930,1712,4836,6548
21199930600,"Pulaski, KY (CT)",88,1836,1924,200,4017,4217
21199930700,"Pulaski, KY (CT)",53,2442,2495,113,4606,4719
21199930800,"Pulaski, KY (CT)",974,1794,2768,2019,3906,5925
21199930900,"Pulaski, KY (CT)",1237,0,1237,2627,0,2627
21199931000,"Pulaski, KY (CT)",924,0,924,1637,0,1637
21199931101,"Pulaski, KY (CT)",1542,484,2026,1892,827,2719
21199931102,"Pulaski, KY (CT)",2458,190,2648,2830,361,3191
21201970100,"Robertson, KY (CT)",1095,0,1095,2282,0,2282
21203950100,"Rockcastle, KY (CT)",1441,57,1498,3343,151,3494
21203950200,"Rockcastle, KY (CT)",2028,1174,3202,4510,2496,7006
21203950300,"Rockcastle, KY (CT)",1690,53,1743,3807,130,3937
21203950400,"Rockcastle, KY (CT)",1260,0,1260,2619,0,2619
21205950100,"Rowan, KY (CT)",2312,0,2312,5395,0,5395
21205950200,"Rowan, KY (CT)",2175,1056,3231,4610,4205,8815
21205950300,"Rowan, KY (CT)",1292,1371,2663,2548,2655,5203
21205950400,"Rowan, KY (CT)",1658,238,1896,3498,422,3920
21207960101,"Russell, KY (CT)",1678,0,1678,3602,0,3602
21207960102,"Russell, KY (CT)",2479,0,2479,5186,0,5186
21207960200,"Russell, KY (CT)",870,0,870,1612,0,1612
21207960300,"Russell, KY (CT)",2539,0,2539,3988,0,3988
21207960400,"Russell, KY (CT)",2427,0,2427,3177,0,3177
21209040100,"Scott, KY (CT)",0,2056,2056,0,4528,4528
21209040203,"Scott, KY (CT)",68,1443,1511,130,3772,3902
21209040204,"Scott, KY (CT)",0,1745,1745,0,3719,3719
21209040205,"Scott, KY (CT)",28,1409,1437,71,3426,3497
21209040206,"Scott, KY (CT)",0,1678,1678,0,4623,4623
21209040301,"Scott, KY (CT)",389,810,1199,940,2252,3192
21209040302,"Scott, KY (CT)",295,164,459,728,436,1164
21209040303,"Scott, KY (CT)",249,244,493,625,725,1350
21209040400,"Scott, KY (CT)",1298,0,1298,2951,0,2951
21209040501,"Scott, KY (CT)",1052,0,1052,2439,0,2439
21209040502,"Scott, KY (CT)",766,650,1416,1978,1736,3714
21209040601,"Scott, KY (CT)",990,60,1050,2552,175,2727
21209040602,"Scott, KY (CT)",896,823,1719,2333,1659,3992
21209040603,"Scott, KY (CT)",228,1962,2190,567,4808,5375
21211040101,"Shelby, KY (CT)",1425,0,1425,3445,0,3445
21211040102,"Shelby, KY (CT)",1797,0,1797,4357,0,4357
21211040200,"Shelby, KY (CT)",1159,1659,2818,2826,4286,7112
21211040301,"Shelby, KY (CT)",0,2250,2250,0,5745,5745
21211040302,"Shelby, KY (CT)",0,1427,1427,0,3241,3241
21211040401,"Shelby, KY (CT)",229,2162,2391,493,5432,5925
21211040402,"Shelby, KY (CT)",669,760,1429,1618,1917,3535
21211040501,"Shelby, KY (CT)",912,0,912,2290,0,2290
21211040502,"Shelby, KY (CT)",1823,334,2157,4749,1675,6424
21213970100,"Simpson, KY (CT)",748,29,777,1815,50,1865
21213970200,"Simpson, KY (CT)",922,870,1792,2274,2159,4433
21213970300,"Simpson, KY (CT)",643,1452,2095,1563,3375,4938
21213970400,"Simpson, KY (CT)",938,1833,2771,2183,3908,6091
21215080101,"Spencer, KY (CT)",1372,0,1372,3674,0,3674
21215080102,"Spencer, KY (CT)",2105,0,2105,5674,0,5674
21215080103,"Spencer, KY (CT)",793,0,793,1986,0,1986
21215080200,"Spencer, KY (CT)",2434,0,2434,5727,0,5727
21217920100,"Taylor, KY (CT)",1100,0,1100,2597,0,2597
21217920200,"Taylor, KY (CT)",1353,0,1353,2980,0,2980
21217920300,"Taylor, KY (CT)",130,1970,2100,303,4058,4361
21217920400,"Taylor, KY (CT)",1183,1976,3159,2925,4804,7729
21217920500,"Taylor, KY (CT)",1840,1312,3152,3988,2857,6845
21219950100,"Todd, KY (CT)",1394,0,1394,3080,0,3080
21219950200,"Todd, KY (CT)",2229,0,2229,5349,0,5349
21219950300,"Todd, KY (CT)",1076,0,1076,2627,0,2627
21219950400,"Todd, KY (CT)",587,0,587,1404,0,1404
21221970100,"Trigg, KY (CT)",1833,0,1833,2797,0,2797
21221970200,"Trigg, KY (CT)",1555,1386,2941,3829,2960,6789
21221970300,"Trigg, KY (CT)",3030,0,3030,4729,0,4729
21221980100,"Trigg, KY (CT)",2,0,2,18,0,18
21221980200,"Trigg, KY (CT)",4,0,4,6,0,6
21223100100,"Trimble, KY (CT)",1390,219,1609,2934,467,3401
21223100200,"Trimble, KY (CT)",2321,0,2321,5408,0,5408
21225950100,"Union, KY (CT)",790,0,790,1751,0,1751
21225950201,"Union, KY (CT)",716,1174,1890,1680,3959,5639
21225950202,"Union, KY (CT)",673,581,1254,1582,1251,2833
21225950300,"Union, KY (CT)",2207,0,2207,4784,0,4784
21227010100,"Warren, KY (CT)",0,1039,1039,0,2372,2372
21227010200,"Warren, KY (CT)",0,1529,1529,0,3572,3572
21227010300,"Warren, KY (CT)",0,1768,1768,0,4052,4052
21227010400,"Warren, KY (CT)",0,165,165,0,4822,4822
21227010500,"Warren, KY (CT)",0,1217,1217,0,2277,2277
21227010600,"Warren, KY (CT)",0,2160,2160,0,4090,4090
21227010701,"Warren, KY (CT)",0,2465,2465,0,5274,5274
21227010702,"Warren, KY (CT)",0,2335,2335,0,5427,5427
21227010801,"Warren, KY (CT)",105,887,992,237,2370,2607
21227010802,"Warren, KY (CT)",22,1903,1925,56,5349,5405
21227010803,"Warren, KY (CT)",0,3005,3005,0,5893,5893
21227010900,"Warren, KY (CT)",0,1843,1843,0,3953,3953
21227011001,"Warren, KY (CT)",0,1859,1859,0,3804,3804
21227011002,"Warren, KY (CT)",27,2257,2284,74,5427,5501
21227011100,"Warren, KY (CT)",1131,1129,2260,2843,2978,5821
21227011200,"Warren, KY (CT)",379,1336,1715,860,3537,4397
21227011300,"Warren, KY (CT)",487,1193,1680,1107,2648,3755
21227011401,"Warren, KY (CT)",405,2373,2778,715,5475,6190
21227011402,"Warren, KY (CT)",644,310,954,1836,762,2598
21227011500,"Warren, KY (CT)",2609,0,2609,6605,0,6605
21227011600,"Warren, KY (CT)",2382,0,2382,5625,0,5625
21227011700,"Warren, KY (CT)",2448,1017,3465,5907,2109,8016
21227011800,"Warren, KY (CT)",2542,0,2542,6065,0,6065
21227011900,"Warren, KY (CT)",1456,796,2252,3556,2115,5671
21229930100,"Washington, KY (CT)",1224,0,1224,2767,0,2767
21229930200,"Washington, KY (CT)",2850,0,2850,6705,0,6705
21229930300,"Washington, KY (CT)",970,0,970,2245,0,2245
21231920100,"Wayne, KY (CT)",3369,0,3369,4666,0,4666
21231920200,"Wayne, KY (CT)",901,1913,2814,1964,4157,6121
21231920300,"Wayne, KY (CT)",699,1177,1876,1504,2559,4063
21231920400,"Wayne, KY (CT)",1575,0,1575,3309,0,3309
21231920700,"Wayne, KY (CT)",1308,0,1308,2654,0,2654
21233960100,"Webster, KY (CT)",1868,0,1868,4584,0,4584
21233960200,"Webster, KY (CT)",1051,0,1051,2606,0,2606
21233960300,"Webster, KY (CT)",1065,0,1065,2435,0,2435
21233960400,"Webster, KY (CT)",1952,0,1952,3996,0,3996
21235920100,"Whitley, KY (CT)",0,1324,1324,0,2692,2692
21235920200,"Whitley, KY (CT)",9,1308,1317,20,2788,2808
21235920300,"Whitley, KY (CT)",2241,345,2586,5221,968,6189
21235920400,"Whitley, KY (CT)",2423,0,2423,5899,0,5899
21235920500,"Whitley, KY (CT)",1850,775,2625,4364,1746,6110
21235920600,"Whitley, KY (CT)",687,1234,1921,1788,3442,5230
21235920700,"Whitley, KY (CT)",1697,344,2041,3949,781,4730
21235920800,"Whitley, KY (CT)",929,0,929,1979,0,1979
21237930100,"Wolfe, KY (CT)",1609,0,1609,3273,0,3273
21237930200,"Wolfe, KY (CT)",2051,0,2051,4082,0,4082
21239050103,"Woodford, KY (CT)",201,1133,1334,543,2601,3144
21239050104,"Woodford, KY (CT)",11,1742,1753,30,3897,3927
21239050105,"Woodford, KY (CT)",0,1296,1296,0,3139,3139
21239050106,"Woodford, KY (CT)",289,1122,1411,658,2603,3261
21239050107,"Woodford, KY (CT)",32,1413,1445,90,3667,3757
21239050200,"Woodford, KY (CT)",1537,0,1537,3533,0,3533
21239050300,"Woodford, KY (CT)",926,0,926,1899,0,1899
21239050400,"Woodford, KY (CT)",1005,4,1009,2264,15,2279
22001960100,"Acadia Parish, LA (CT)",637,1937,2574,1625,4588,6213
22001960200,"Acadia Parish, LA (CT)",2076,286,2362,5241,747,5988
22001960300,"Acadia Parish, LA (CT)",1427,0,1427,3582,0,3582
22001960400,"Acadia Parish, LA (CT)",2604,0,2604,6584,0,6584
22001960500,"Acadia Parish, LA (CT)",2349,0,2349,6093,0,6093
22001960600,"Acadia Parish, LA (CT)",355,2149,2504,887,5085,5972
22001960700,"Acadia Parish, LA (CT)",145,1777,1922,351,3959,4310
22001960800,"Acadia Parish, LA (CT)",297,1944,2241,900,4489,5389
22001960900,"Acadia Parish, LA (CT)",78,1999,2077,307,4765,5072
22001961000,"Acadia Parish, LA (CT)",62,2367,2429,147,5177,5324
22001961100,"Acadia Parish, LA (CT)",1559,0,1559,3780,0,3780
22001961200,"Acadia Parish, LA (CT)",973,366,1339,2439,1027,3466
22003950100,"Allen Parish, LA (CT)",2144,0,2144,5115,0,5115
22003950200,"Allen Parish, LA (CT)",352,945,1297,788,4538,5326
22003950300,"Allen Parish, LA (CT)",25,1431,1456,40,3106,3146
22003950400,"Allen Parish, LA (CT)",1837,96,1933,4134,234,4368
22003950500,"Allen Parish, LA (CT)",2903,0,2903,7809,0,7809
22005030101,"Ascension Parish, LA (CT)",978,1490,2468,2525,4016,6541
22005030102,"Ascension Parish, LA (CT)",0,1965,1965,0,5073,5073
22005030103,"Ascension Parish, LA (CT)",702,1484,2186,1736,3908,5644
22005030203,"Ascension Parish, LA (CT)",73,3649,3722,180,10371,10551
22005030204,"Ascension Parish, LA (CT)",0,3889,3889,0,10530,10530
22005030205,"Ascension Parish, LA (CT)",0,3585,3585,0,9734,9734
22005030206,"Ascension Parish, LA (CT)",0,3596,3596,0,9290,9290
22005030300,"Ascension Parish, LA (CT)",928,4011,4939,2440,11288,13728
22005030401,"Ascension Parish, LA (CT)",239,1689,1928,597,3824,4421
22005030402,"Ascension Parish, LA (CT)",60,2699,2759,137,6675,6812
22005030500,"Ascension Parish, LA (CT)",1487,2055,3542,3490,5353,8843
22005030600,"Ascension Parish, LA (CT)",545,1403,1948,1323,3800,5123
22005030900,"Ascension Parish, LA (CT)",499,1190,1689,1110,3055,4165
22005031000,"Ascension Parish, LA (CT)",261,2307,2568,632,6128,6760
22007050100,"Assumption Parish, LA (CT)",787,827,1614,1781,2007,3788
22007050200,"Assumption Parish, LA (CT)",1293,1604,2897,1927,3541,5468
22007050300,"Assumption Parish, LA (CT)",501,1008,1509,1279,2605,3884
22007050400,"Assumption Parish, LA (CT)",494,829,1323,1043,2036,3079
22007050500,"Assumption Parish, LA (CT)",778,464,1242,1837,1136,2973
22007050600,"Assumption Parish, LA (CT)",1112,654,1766,2671,1558,4229
22009030100,"Avoyelles Parish, LA (CT)",1788,0,1788,2500,0,2500
22009030200,"Avoyelles Parish, LA (CT)",1121,0,1121,2735,0,2735
22009030300,"Avoyelles Parish, LA (CT)",1532,0,1532,3482,0,3482
22009030400,"Avoyelles Parish, LA (CT)",643,2342,2985,1438,5942,7380
22009030500,"Avoyelles Parish, LA (CT)",2403,716,3119,5393,1575,6968
22009030600,"Avoyelles Parish, LA (CT)",569,1876,2445,1267,4090,5357
22009030700,"Avoyelles Parish, LA (CT)",1712,808,2520,3900,3631,7531
22009030800,"Avoyelles Parish, LA (CT)",1202,0,1202,2870,0,2870
22009030900,"Avoyelles Parish, LA (CT)",1330,0,1330,3250,0,3250
22011960100,"Beauregard Parish, LA (CT)",2957,0,2957,6340,0,6340
22011960200,"Beauregard Parish, LA (CT)",1784,183,1967,4314,422,4736
22011960300,"Beauregard Parish, LA (CT)",84,1795,1879,199,4101,4300
22011960400,"Beauregard Parish, LA (CT)",427,1003,1430,999,2266,3265
22011960500,"Beauregard Parish, LA (CT)",362,1881,2243,944,4236,5180
22011960600,"Beauregard Parish, LA (CT)",1528,0,1528,3257,0,3257
22011960700,"Beauregard Parish, LA (CT)",3036,0,3036,7655,921,8576
22013970100,"Bienville Parish, LA (CT)",385,1188,1573,781,2894,3675
22013970200,"Bienville Parish, LA (CT)",1106,0,1106,1866,0,1866
22013970300,"Bienville Parish, LA (CT)",1874,0,1874,3318,0,3318
22013970400,"Bienville Parish, LA (CT)",1378,0,1378,2627,0,2627
22013970500,"Bienville Parish, LA (CT)",1787,0,1787,2867,0,2867
22015010400,"Bossier Parish, LA (CT)",0,722,722,0,1753,1753
22015010500,"Bossier Parish, LA (CT)",0,2070,2070,0,4797,4797
22015010601,"Bossier Parish, LA (CT)",2,2880,2882,2,7106,7108
22015010602,"Bossier Parish, LA (CT)",0,1443,1443,0,2909,2909
22015010701,"Bossier Parish, LA (CT)",0,2172,2172,0,4210,4210
22015010702,"Bossier Parish, LA (CT)",0,1688,1688,0,4137,4137
22015010801,"Bossier Parish, LA (CT)",0,1415,1415,0,3359,3359
22015010804,"Bossier Parish, LA (CT)",13,2930,2943,28,7250,7278
22015010805,"Bossier Parish, LA (CT)",0,1585,1585,0,3238,3238
22015010806,"Bossier Parish, LA (CT)",0,1671,1671,0,4086,4086
22015010900,"Bossier Parish, LA (CT)",191,544,735,506,2287,2793
22015011001,"Bossier Parish, LA (CT)",1995,1249,3244,4861,2931,7792
22015011002,"Bossier Parish, LA (CT)",1226,866,2092,2379,2209,4588
22015011103,"Bossier Parish, LA (CT)",1832,925,2757,4464,2446,6910
22015011105,"Bossier Parish, LA (CT)",332,2512,2844,768,6306,7074
22015011106,"Bossier Parish, LA (CT)",1954,1525,3479,4743,3636,8379
22015011107,"Bossier Parish, LA (CT)",144,755,899,281,1752,2033
22015011108,"Bossier Parish, LA (CT)",1573,3035,4608,3922,7805,11727
22015011109,"Bossier Parish, LA (CT)",50,2807,2857,137,7158,7295
22015011110,"Bossier Parish, LA (CT)",48,3336,3384,111,7306,7417
22015011200,"Bossier Parish, LA (CT)",2927,0,2927,6273,0,6273
22015011300,"Bossier Parish, LA (CT)",0,934,934,0,1823,1823
22017020500,"Caddo Parish, LA (CT)",0,1088,1088,0,2988,2988
22017020600,"Caddo Parish, LA (CT)",0,575,575,0,947,947
22017020700,"Caddo Parish, LA (CT)",0,639,639,0,1111,1111
22017021000,"Caddo Parish, LA (CT)",0,890,890,0,1739,1739
22017021100,"Caddo Parish, LA (CT)",0,1621,1621,0,3072,3072
22017021200,"Caddo Parish, LA (CT)",0,1998,1998,0,4575,4575
22017021300,"Caddo Parish, LA (CT)",0,1183,1183,0,2607,2607
22017021400,"Caddo Parish, LA (CT)",0,1018,1018,0,2127,2127
22017021500,"Caddo Parish, LA (CT)",0,1173,1173,0,2360,2360
22017021600,"Caddo Parish, LA (CT)",0,2251,2251,0,3851,3851
22017021700,"Caddo Parish, LA (CT)",0,704,704,0,2019,2019
22017021800,"Caddo Parish, LA (CT)",0,579,579,0,1492,1492
22017021900,"Caddo Parish, LA (CT)",0,780,780,0,1451,1451
22017022000,"Caddo Parish, LA (CT)",0,936,936,0,1815,1815
22017022100,"Caddo Parish, LA (CT)",0,2686,2686,0,5935,5935
22017022200,"Caddo Parish, LA (CT)",0,2302,2302,0,5416,5416
22017022300,"Caddo Parish, LA (CT)",0,1327,1327,0,3002,3002
22017022400,"Caddo Parish, LA (CT)",0,1519,1519,0,3965,3965
22017022500,"Caddo Parish, LA (CT)",0,2057,2057,0,4983,4983
22017022600,"Caddo Parish, LA (CT)",0,1438,1438,0,3118,3118
22017022700,"Caddo Parish, LA (CT)",0,1075,1075,0,2326,2326
22017022800,"Caddo Parish, LA (CT)",0,1848,1848,0,3964,3964
22017022900,"Caddo Parish, LA (CT)",0,2809,2809,0,4993,4993
22017023000,"Caddo Parish, LA (CT)",0,2282,2282,0,4549,4549
22017023100,"Caddo Parish, LA (CT)",0,663,663,0,1535,1535
22017023200,"Caddo Parish, LA (CT)",0,707,707,0,1631,1631
22017023300,"Caddo Parish, LA (CT)",0,1048,1048,0,2028,2028
22017023400,"Caddo Parish, LA (CT)",0,2582,2582,0,7095,7095
22017023500,"Caddo Parish, LA (CT)",0,1656,1656,0,3692,3692
22017023600,"Caddo Parish, LA (CT)",0,1307,1307,0,2973,2973
22017023700,"Caddo Parish, LA (CT)",0,2651,2651,0,6597,6597
22017023800,"Caddo Parish, LA (CT)",0,2826,2826,0,6377,6377
22017023901,"Caddo Parish, LA (CT)",76,3295,3371,158,6579,6737
22017023903,"Caddo Parish, LA (CT)",17,1606,1623,39,3975,4014
22017023904,"Caddo Parish, LA (CT)",0,1608,1608,0,3095,3095
22017023905,"Caddo Parish, LA (CT)",0,2319,2319,0,4594,4594
22017024000,"Caddo Parish, LA (CT)",941,2835,3776,2398,8022,10420
22017024102,"Caddo Parish, LA (CT)",1381,510,1891,3024,1155,4179
22017024104,"Caddo Parish, LA (CT)",0,2790,2790,0,6660,6660
22017024106,"Caddo Parish, LA (CT)",7,3440,3447,15,7390,7405
22017024107,"Caddo Parish, LA (CT)",0,2025,2025,0,4932,4932
22017024108,"Caddo Parish, LA (CT)",0,2786,2786,0,6987,6987
22017024109,"Caddo Parish, LA (CT)",0,1500,1500,0,3642,3642
22017024201,"Caddo Parish, LA (CT)",99,1623,1722,244,3607,3851
22017024202,"Caddo Parish, LA (CT)",1357,1720,3077,3405,3803,7208
22017024203,"Caddo Parish, LA (CT)",2148,0,2148,5653,0,5653
22017024301,"Caddo Parish, LA (CT)",547,2335,2882,1164,5873,7037
22017024303,"Caddo Parish, LA (CT)",0,2814,2814,0,6028,6028
22017024304,"Caddo Parish, LA (CT)",1115,1044,2159,2526,2463,4989
22017024400,"Caddo Parish, LA (CT)",0,2352,2352,0,5026,5026
22017024503,"Caddo Parish, LA (CT)",317,1723,2040,784,4112,4896
22017024504,"Caddo Parish, LA (CT)",2236,170,2406,5341,401,5742
22017024601,"Caddo Parish, LA (CT)",230,1707,1937,527,5057,5584
22017024602,"Caddo Parish, LA (CT)",0,1973,1973,0,6257,6257
22017024700,"Caddo Parish, LA (CT)",59,788,847,112,1836,1948
22017024800,"Caddo Parish, LA (CT)",496,26,522,1047,44,1091
22017024900,"Caddo Parish, LA (CT)",1657,0,1657,3383,0,3383
22017025000,"Caddo Parish, LA (CT)",379,1358,1737,744,2980,3724
22017025100,"Caddo Parish, LA (CT)",1081,0,1081,2048,0,2048
22017025200,"Caddo Parish, LA (CT)",0,648,648,0,1127,1127
22017025300,"Caddo Parish, LA (CT)",0,802,802,0,1545,1545
22017025405,"Caddo Parish, LA (CT)",433,1407,1840,1050,3314,4364
22017025406,"Caddo Parish, LA (CT)",1394,636,2030,3143,1327,4470
22017980000,"Caddo Parish, LA (CT)",0,0,0,0,0,0
22019000100,"Calcasieu Parish, LA (CT)",0,1386,1386,0,2105,2105
22019000200,"Calcasieu Parish, LA (CT)",0,783,783,0,1511,1511
22019000300,"Calcasieu Parish, LA (CT)",0,818,818,0,1836,1836
22019000400,"Calcasieu Parish, LA (CT)",0,770,770,0,1574,1574
22019000500,"Calcasieu Parish, LA (CT)",0,1729,1729,0,3163,3163
22019000600,"Calcasieu Parish, LA (CT)",0,2764,2764,0,6626,6626
22019000700,"Calcasieu Parish, LA (CT)",0,2275,2275,0,4817,4817
22019000800,"Calcasieu Parish, LA (CT)",0,1651,1651,0,3333,3333
22019000900,"Calcasieu Parish, LA (CT)",0,1635,1635,0,4049,4049
22019001000,"Calcasieu Parish, LA (CT)",0,1792,1792,0,3717,3717
22019001100,"Calcasieu Parish, LA (CT)",0,1865,1865,0,4300,4300
22019001201,"Calcasieu Parish, LA (CT)",0,2088,2088,0,4773,4773
22019001202,"Calcasieu Parish, LA (CT)",0,1413,1413,0,3077,3077
22019001300,"Calcasieu Parish, LA (CT)",0,2802,2802,0,6396,6396
22019001400,"Calcasieu Parish, LA (CT)",339,2211,2550,509,5106,5615
22019001500,"Calcasieu Parish, LA (CT)",0,855,855,0,1890,1890
22019001600,"Calcasieu Parish, LA (CT)",0,1563,1563,0,5355,5355
22019001700,"Calcasieu Parish, LA (CT)",877,2794,3671,2172,6573,8745
22019001801,"Calcasieu Parish, LA (CT)",1462,2493,3955,3613,6401,10014
22019001901,"Calcasieu Parish, LA (CT)",0,1358,1358,0,3140,3140
22019001903,"Calcasieu Parish, LA (CT)",0,2475,2475,0,5913,5913
22019001904,"Calcasieu Parish, LA (CT)",0,2356,2356,0,5142,5142
22019002000,"Calcasieu Parish, LA (CT)",3225,415,3640,8207,1017,9224
22019002100,"Calcasieu Parish, LA (CT)",30,1153,1183,71,2962,3033
22019002201,"Calcasieu Parish, LA (CT)",1560,1520,3080,4019,3850,7869
22019002203,"Calcasieu Parish, LA (CT)",0,2499,2499,0,6602,6602
22019002204,"Calcasieu Parish, LA (CT)",609,1396,2005,1438,3517,4955
22019002300,"Calcasieu Parish, LA (CT)",1108,0,1108,2835,0,2835
22019002400,"Calcasieu Parish, LA (CT)",723,1846,2569,1782,4096,5878
22019002500,"Calcasieu Parish, LA (CT)",0,1455,1455,0,3588,3588
22019002600,"Calcasieu Parish, LA (CT)",0,2121,2121,0,4832,4832
22019002700,"Calcasieu Parish, LA (CT)",2179,1203,3382,5521,2831,8352
22019002800,"Calcasieu Parish, LA (CT)",0,2131,2131,0,4609,4609
22019002900,"Calcasieu Parish, LA (CT)",0,1009,1009,0,2086,2086
22019003000,"Calcasieu Parish, LA (CT)",0,2210,2210,0,4820,4820
22019003101,"Calcasieu Parish, LA (CT)",0,2160,2160,0,5253,5253
22019003102,"Calcasieu Parish, LA (CT)",0,988,988,0,2479,2479
22019003200,"Calcasieu Parish, LA (CT)",472,480,952,1047,1120,2167
22019003300,"Calcasieu Parish, LA (CT)",252,1656,1908,646,4154,4800
22019003400,"Calcasieu Parish, LA (CT)",1056,621,1677,2734,1885,4619
22019003500,"Calcasieu Parish, LA (CT)",311,1281,1592,749,2752,3501
22019003600,"Calcasieu Parish, LA (CT)",1835,0,1835,4175,0,4175
22019980000,"Calcasieu Parish, LA (CT)",0,0,0,0,0,0
22019980100,"Calcasieu Parish, LA (CT)",0,0,0,0,0,0
22021000100,"Caldwell Parish, LA (CT)",1399,0,1399,2491,0,2491
22021000200,"Caldwell Parish, LA (CT)",1712,0,1712,3111,0,3111
22021000300,"Caldwell Parish, LA (CT)",1883,0,1883,4530,0,4530
22023970100,"Cameron Parish, LA (CT)",2421,0,2421,4883,0,4883
22023970201,"Cameron Parish, LA (CT)",1172,0,1172,1956,0,1956
22023990000,"Cameron Parish, LA (CT)",0,0,0,0,0,0
22025000100,"Catahoula Parish, LA (CT)",2154,0,2154,4686,0,4686
22025000200,"Catahoula Parish, LA (CT)",1182,0,1182,2661,0,2661
22025000300,"Catahoula Parish, LA (CT)",1541,0,1541,3060,0,3060
22027950100,"Claiborne Parish, LA (CT)",2169,0,2169,3421,0,3421
22027950200,"Claiborne Parish, LA (CT)",1160,0,1160,4903,0,4903
22027950300,"Claiborne Parish, LA (CT)",1282,0,1282,2505,0,2505
22027950400,"Claiborne Parish, LA (CT)",242,1519,1761,533,3034,3567
22027950500,"Claiborne Parish, LA (CT)",1389,0,1389,2799,0,2799
22029000100,"Concordia Parish, LA (CT)",1554,0,1554,2538,0,2538
22029000200,"Concordia Parish, LA (CT)",423,2019,2442,806,4750,5556
22029000300,"Concordia Parish, LA (CT)",403,1379,1782,727,3586,4313
22029000400,"Concordia Parish, LA (CT)",149,1868,2017,238,4339,4577
22029000500,"Concordia Parish, LA (CT)",1583,5,1588,2657,1181,3838
22031950100,"De Soto Parish, LA (CT)",3556,0,3556,8694,0,8694
22031950200,"De Soto Parish, LA (CT)",2080,0,2080,4334,0,4334
22031950300,"De Soto Parish, LA (CT)",1339,0,1339,2726,0,2726
22031950400,"De Soto Parish, LA (CT)",461,944,1405,858,2282,3140
22031950500,"De Soto Parish, LA (CT)",430,662,1092,767,1325,2092
22031950600,"De Soto Parish, LA (CT)",257,1122,1379,506,2454,2960
22031950700,"De Soto Parish, LA (CT)",1439,0,1439,2710,0,2710
22033000100,"East Baton Rouge Parish, LA (CT)",0,599,599,0,1624,1624
22033000200,"East Baton Rouge Parish, LA (CT)",0,2749,2749,0,6750,6750
22033000300,"East Baton Rouge Parish, LA (CT)",0,700,700,0,1795,1795
22033000400,"East Baton Rouge Parish, LA (CT)",0,1122,1122,0,3082,3082
22033000500,"East Baton Rouge Parish, LA (CT)",0,1639,1639,0,4152,4152
22033000601,"East Baton Rouge Parish, LA (CT)",0,1346,1346,0,3645,3645
22033000602,"East Baton Rouge Parish, LA (CT)",0,1697,1697,0,4275,4275
22033000701,"East Baton Rouge Parish, LA (CT)",0,960,960,0,2433,2433
22033000702,"East Baton Rouge Parish, LA (CT)",0,1523,1523,0,3594,3594
22033000900,"East Baton Rouge Parish, LA (CT)",0,1793,1793,0,4239,4239
22033001000,"East Baton Rouge Parish, LA (CT)",0,1633,1633,0,3527,3527
22033001102,"East Baton Rouge Parish, LA (CT)",0,1710,1710,0,3388,3388
22033001103,"East Baton Rouge Parish, LA (CT)",0,1267,1267,0,3281,3281
22033001104,"East Baton Rouge Parish, LA (CT)",0,2145,2145,0,4430,4430
22033001600,"East Baton Rouge Parish, LA (CT)",0,1809,1809,0,3515,3515
22033001700,"East Baton Rouge Parish, LA (CT)",0,2545,2545,0,5132,5132
22033001800,"East Baton Rouge Parish, LA (CT)",0,1392,1392,0,2555,2555
22033001900,"East Baton Rouge Parish, LA (CT)",0,1309,1309,0,2523,2523
22033002000,"East Baton Rouge Parish, LA (CT)",0,1585,1585,0,3435,3435
22033002200,"East Baton Rouge Parish, LA (CT)",0,760,760,0,1446,1446
22033002300,"East Baton Rouge Parish, LA (CT)",0,1412,1412,0,2776,2776
22033002400,"East Baton Rouge Parish, LA (CT)",0,1490,1490,0,2682,2682
22033002500,"East Baton Rouge Parish, LA (CT)",0,1892,1892,0,3504,3504
22033002601,"East Baton Rouge Parish, LA (CT)",0,1985,1985,0,3822,3822
22033002602,"East Baton Rouge Parish, LA (CT)",0,2018,2018,0,3916,3916
22033002700,"East Baton Rouge Parish, LA (CT)",0,726,726,0,1621,1621
22033002801,"East Baton Rouge Parish, LA (CT)",0,1634,1634,0,3471,3471
22033002802,"East Baton Rouge Parish, LA (CT)",0,854,854,0,4111,4111
22033003000,"East Baton Rouge Parish, LA (CT)",40,1143,1183,98,4660,4758
22033003101,"East Baton Rouge Parish, LA (CT)",0,1874,1874,0,4109,4109
22033003103,"East Baton Rouge Parish, LA (CT)",0,438,438,0,3278,3278
22033003201,"East Baton Rouge Parish, LA (CT)",0,1441,1441,0,3842,3842
22033003202,"East Baton Rouge Parish, LA (CT)",357,1142,1499,910,3007,3917
22033003300,"East Baton Rouge Parish, LA (CT)",0,2109,2109,0,5161,5161
22033003400,"East Baton Rouge Parish, LA (CT)",0,2450,2450,0,6631,6631
22033003501,"East Baton Rouge Parish, LA (CT)",1,1128,1129,4,3056,3060
22033003504,"East Baton Rouge Parish, LA (CT)",0,2168,2168,0,6214,6214
22033003505,"East Baton Rouge Parish, LA (CT)",0,1612,1612,0,4176,4176
22033003506,"East Baton Rouge Parish, LA (CT)",0,2684,2684,0,6857,6857
22033003507,"East Baton Rouge Parish, LA (CT)",0,1938,1938,0,5314,5314
22033003601,"East Baton Rouge Parish, LA (CT)",0,1491,1491,0,3483,3483
22033003603,"East Baton Rouge Parish, LA (CT)",0,1284,1284,0,2967,2967
22033003604,"East Baton Rouge Parish, LA (CT)",0,2383,2383,0,6435,6435
22033003701,"East Baton Rouge Parish, LA (CT)",0,2644,2644,0,5966,5966
22033003702,"East Baton Rouge Parish, LA (CT)",0,1442,1442,0,3415,3415
22033003703,"East Baton Rouge Parish, LA (CT)",0,2343,2343,0,6230,6230
22033003801,"East Baton Rouge Parish, LA (CT)",0,4125,4125,0,7574,7574
22033003802,"East Baton Rouge Parish, LA (CT)",0,2904,2904,0,5361,5361
22033003804,"East Baton Rouge Parish, LA (CT)",0,2721,2721,0,4808,4808
22033003805,"East Baton Rouge Parish, LA (CT)",0,3024,3024,0,6715,6715
22033003904,"East Baton Rouge Parish, LA (CT)",0,3109,3109,0,6439,6439
22033003906,"East Baton Rouge Parish, LA (CT)",0,3828,3828,0,8815,8815
22033003907,"East Baton Rouge Parish, LA (CT)",0,2961,2961,0,5930,5930
22033003908,"East Baton Rouge Parish, LA (CT)",0,1974,1974,0,4059,4059
22033003909,"East Baton Rouge Parish, LA (CT)",0,2455,2455,0,4652,4652
22033003910,"East Baton Rouge Parish, LA (CT)",0,1567,1567,0,3170,3170
22033004005,"East Baton Rouge Parish, LA (CT)",0,2945,2945,0,6005,6005
22033004006,"East Baton Rouge Parish, LA (CT)",0,3855,3855,0,8195,8195
22033004009,"East Baton Rouge Parish, LA (CT)",0,3478,3478,0,8470,8470
22033004010,"East Baton Rouge Parish, LA (CT)",0,2035,2035,0,4874,4874
22033004011,"East Baton Rouge Parish, LA (CT)",283,1976,2259,435,4296,4731
22033004013,"East Baton Rouge Parish, LA (CT)",0,2386,2386,0,3676,3676
22033004014,"East Baton Rouge Parish, LA (CT)",13,4448,4461,34,10357,10391
22033004015,"East Baton Rouge Parish, LA (CT)",0,3595,3595,0,8474,8474
22033004016,"East Baton Rouge Parish, LA (CT)",876,1823,2699,2436,4339,6775
22033004201,"East Baton Rouge Parish, LA (CT)",0,2367,2367,0,5998,5998
22033004203,"East Baton Rouge Parish, LA (CT)",139,1125,1264,440,2847,3287
22033004204,"East Baton Rouge Parish, LA (CT)",116,1469,1585,276,3905,4181
22033004205,"East Baton Rouge Parish, LA (CT)",0,2227,2227,0,5829,5829
22033004301,"East Baton Rouge Parish, LA (CT)",1500,1164,2664,3651,2911,6562
22033004302,"East Baton Rouge Parish, LA (CT)",977,1188,2165,2575,2982,5557
22033004401,"East Baton Rouge Parish, LA (CT)",344,1538,1882,886,3871,4757
22033004402,"East Baton Rouge Parish, LA (CT)",615,1625,2240,1559,4116,5675
22033004403,"East Baton Rouge Parish, LA (CT)",354,1686,2040,908,4581,5489
22033004503,"East Baton Rouge Parish, LA (CT)",26,2426,2452,69,6456,6525
22033004504,"East Baton Rouge Parish, LA (CT)",0,2506,2506,0,5877,5877
22033004505,"East Baton Rouge Parish, LA (CT)",27,3055,3082,68,7852,7920
22033004507,"East Baton Rouge Parish, LA (CT)",0,1962,1962,0,4846,4846
22033004508,"East Baton Rouge Parish, LA (CT)",0,2875,2875,0,7884,7884
22033004509,"East Baton Rouge Parish, LA (CT)",0,2863,2863,0,6895,6895
22033004510,"East Baton Rouge Parish, LA (CT)",647,2411,3058,1225,5652,6877
22033004602,"East Baton Rouge Parish, LA (CT)",976,1244,2220,2766,2913,5679
22033004603,"East Baton Rouge Parish, LA (CT)",1399,164,1563,4028,508,4536
22033004604,"East Baton Rouge Parish, LA (CT)",785,3046,3831,2288,8674,10962
22033004700,"East Baton Rouge Parish, LA (CT)",2288,0,2288,5610,0,5610
22033004800,"East Baton Rouge Parish, LA (CT)",0,2065,2065,0,3732,3732
22033004900,"East Baton Rouge Parish, LA (CT)",0,2124,2124,0,4673,4673
22033005000,"East Baton Rouge Parish, LA (CT)",0,1353,1353,0,3203,3203
22033005100,"East Baton Rouge Parish, LA (CT)",0,1627,1627,0,2944,2944
22033005200,"East Baton Rouge Parish, LA (CT)",0,974,974,0,1946,1946
22033005300,"East Baton Rouge Parish, LA (CT)",0,1289,1289,0,3076,3076
22033980000,"East Baton Rouge Parish, LA (CT)",0,0,0,0,0,0
22035000100,"East Carroll Parish, LA (CT)",327,878,1205,607,2120,2727
22035000200,"East Carroll Parish, LA (CT)",705,0,705,1923,640,2563
22035000300,"East Carroll Parish, LA (CT)",52,942,994,153,2316,2469
22037951300,"East Feliciana Parish, LA (CT)",1570,0,1570,3322,0,3322
22037951400,"East Feliciana Parish, LA (CT)",1660,0,1660,3990,0,3990
22037951501,"East Feliciana Parish, LA (CT)",565,0,565,1287,0,1287
22037951502,"East Feliciana Parish, LA (CT)",1997,0,1997,6584,0,6584
22037951600,"East Feliciana Parish, LA (CT)",2222,0,2222,5084,0,5084
22039950100,"Evangeline Parish, LA (CT)",2518,0,2518,6487,0,6487
22039950200,"Evangeline Parish, LA (CT)",951,0,951,1875,0,1875
22039950300,"Evangeline Parish, LA (CT)",1831,149,1980,4696,369,5065
22039950400,"Evangeline Parish, LA (CT)",1022,1645,2667,2579,3526,6105
22039950500,"Evangeline Parish, LA (CT)",25,1506,1531,47,3301,3348
22039950600,"Evangeline Parish, LA (CT)",0,1745,1745,0,3628,3628
22039950700,"Evangeline Parish, LA (CT)",1032,470,1502,2283,1087,3370
22039950800,"Evangeline Parish, LA (CT)",1214,554,1768,2795,1311,4106
22041950100,"Franklin Parish, LA (CT)",1676,0,1676,3944,0,3944
22041950200,"Franklin Parish, LA (CT)",1455,249,1704,3773,543,4316
22041950300,"Franklin Parish, LA (CT)",233,2009,2242,537,4818,5355
22041950400,"Franklin Parish, LA (CT)",1480,0,1480,2984,0,2984
22041950500,"Franklin Parish, LA (CT)",789,0,789,1771,0,1771
22041950600,"Franklin Parish, LA (CT)",1143,0,1143,2397,0,2397
22043020100,"Grant Parish, LA (CT)",1204,0,1204,2438,0,2438
22043020200,"Grant Parish, LA (CT)",1773,0,1773,3159,0,3159
22043020300,"Grant Parish, LA (CT)",1172,0,1172,2700,0,2700
22043020401,"Grant Parish, LA (CT)",2715,0,2715,6195,0,6195
22043020402,"Grant Parish, LA (CT)",1794,228,2022,4603,3214,7817
22045030100,"Iberia Parish, LA (CT)",475,2459,2934,1047,5991,7038
22045030200,"Iberia Parish, LA (CT)",1914,602,2516,5003,1452,6455
22045030301,"Iberia Parish, LA (CT)",593,754,1347,1311,2594,3905
22045030302,"Iberia Parish, LA (CT)",1219,1173,2392,3168,3185,6353
22045030400,"Iberia Parish, LA (CT)",1362,1673,3035,3320,4719,8039
22045030500,"Iberia Parish, LA (CT)",0,1923,1923,0,4512,4512
22045030600,"Iberia Parish, LA (CT)",292,2197,2489,759,5643,6402
22045030700,"Iberia Parish, LA (CT)",0,1756,1756,0,3890,3890
22045030800,"Iberia Parish, LA (CT)",0,1011,1011,0,2269,2269
22045030900,"Iberia Parish, LA (CT)",0,1395,1395,0,3496,3496
22045031000,"Iberia Parish, LA (CT)",0,1495,1495,0,3399,3399
22045031100,"Iberia Parish, LA (CT)",0,2287,2287,0,5114,5114
22045031200,"Iberia Parish, LA (CT)",0,1530,1530,0,3547,3547
22045031300,"Iberia Parish, LA (CT)",1621,701,2322,4023,1664,5687
22045031600,"Iberia Parish, LA (CT)",804,462,1266,1976,1158,3134
22045990000,"Iberia Parish, LA (CT)",0,0,0,0,0,0
22047952600,"Iberville Parish, LA (CT)",524,685,1209,1225,1699,2924
22047952700,"Iberville Parish, LA (CT)",1484,1366,2850,3107,3121,6228
22047952900,"Iberville Parish, LA (CT)",2529,154,2683,5312,432,5744
22047953000,"Iberville Parish, LA (CT)",939,0,939,2181,0,2181
22047953101,"Iberville Parish, LA (CT)",123,2278,2401,355,5747,6102
22047953102,"Iberville Parish, LA (CT)",119,865,984,309,2140,2449
22047953200,"Iberville Parish, LA (CT)",1460,181,1641,7281,478,7759
22049970100,"Jackson Parish, LA (CT)",1642,0,1642,2868,0,2868
22049970200,"Jackson Parish, LA (CT)",1194,579,1773,2648,1083,3731
22049970300,"Jackson Parish, LA (CT)",1560,254,1814,3065,1431,4496
22049970400,"Jackson Parish, LA (CT)",491,1132,1623,1136,2363,3499
22049970500,"Jackson Parish, LA (CT)",436,392,828,948,732,1680
22051020101,"Jefferson Parish, LA (CT)",0,1536,1536,0,2748,2748
22051020102,"Jefferson Parish, LA (CT)",0,1452,1452,0,2976,2976
22051020201,"Jefferson Parish, LA (CT)",0,1196,1196,0,2078,2078
22051020202,"Jefferson Parish, LA (CT)",0,1702,1702,0,3193,3193
22051020203,"Jefferson Parish, LA (CT)",0,2975,2975,0,7153,7153
22051020301,"Jefferson Parish, LA (CT)",0,1296,1296,0,3226,3226
22051020302,"Jefferson Parish, LA (CT)",0,2190,2190,0,5276,5276
22051020303,"Jefferson Parish, LA (CT)",0,1523,1523,0,3736,3736
22051020400,"Jefferson Parish, LA (CT)",0,1245,1245,0,3130,3130
22051020502,"Jefferson Parish, LA (CT)",0,2433,2433,0,6387,6387
22051020505,"Jefferson Parish, LA (CT)",0,713,713,0,1879,1879
22051020506,"Jefferson Parish, LA (CT)",0,1604,1604,0,4230,4230
22051020507,"Jefferson Parish, LA (CT)",0,1870,1870,0,4243,4243
22051020508,"Jefferson Parish, LA (CT)",0,3176,3176,0,7443,7443
22051020511,"Jefferson Parish, LA (CT)",0,1756,1756,0,4101,4101
22051020512,"Jefferson Parish, LA (CT)",0,1514,1514,0,2725,2725
22051020513,"Jefferson Parish, LA (CT)",0,2502,2502,0,5044,5044
22051020514,"Jefferson Parish, LA (CT)",0,1350,1350,0,3776,3776
22051020515,"Jefferson Parish, LA (CT)",0,1181,1181,0,3035,3035
22051020516,"Jefferson Parish, LA (CT)",0,1641,1641,0,4617,4617
22051020517,"Jefferson Parish, LA (CT)",0,2151,2151,0,3865,3865
22051020600,"Jefferson Parish, LA (CT)",0,1638,1638,0,4956,4956
22051020700,"Jefferson Parish, LA (CT)",0,550,550,0,1191,1191
22051021000,"Jefferson Parish, LA (CT)",0,1027,1027,0,2425,2425
22051021100,"Jefferson Parish, LA (CT)",0,909,909,0,2198,2198
22051021200,"Jefferson Parish, LA (CT)",0,1113,1113,0,2481,2481
22051021300,"Jefferson Parish, LA (CT)",0,1134,1134,0,2898,2898
22051021400,"Jefferson Parish, LA (CT)",0,810,810,0,2114,2114
22051021500,"Jefferson Parish, LA (CT)",0,1576,1576,0,2847,2847
22051021600,"Jefferson Parish, LA (CT)",0,3240,3240,0,6732,6732
22051021700,"Jefferson Parish, LA (CT)",0,2337,2337,0,5482,5482
22051021801,"Jefferson Parish, LA (CT)",0,1078,1078,0,2234,2234
22051021803,"Jefferson Parish, LA (CT)",0,2448,2448,0,4490,4490
22051021804,"Jefferson Parish, LA (CT)",0,954,954,0,1982,1982
22051021900,"Jefferson Parish, LA (CT)",0,927,927,0,1772,1772
22051022001,"Jefferson Parish, LA (CT)",0,2806,2806,0,4655,4655
22051022002,"Jefferson Parish, LA (CT)",0,1153,1153,0,2596,2596
22051022101,"Jefferson Parish, LA (CT)",0,637,637,0,1401,1401
22051022102,"Jefferson Parish, LA (CT)",0,1624,1624,0,2468,2468
22051022200,"Jefferson Parish, LA (CT)",0,1092,1092,0,2230,2230
22051022301,"Jefferson Parish, LA (CT)",0,1360,1360,0,2841,2841
22051022302,"Jefferson Parish, LA (CT)",0,974,974,0,1841,1841
22051022303,"Jefferson Parish, LA (CT)",0,1644,1644,0,2767,2767
22051022400,"Jefferson Parish, LA (CT)",0,1840,1840,0,3357,3357
22051022500,"Jefferson Parish, LA (CT)",0,1480,1480,0,2758,2758
22051022600,"Jefferson Parish, LA (CT)",0,1350,1350,0,3198,3198
22051022700,"Jefferson Parish, LA (CT)",0,1448,1448,0,2750,2750
22051022800,"Jefferson Parish, LA (CT)",0,1510,1510,0,2961,2961
22051022900,"Jefferson Parish, LA (CT)",0,1514,1514,0,2966,2966
22051023001,"Jefferson Parish, LA (CT)",0,789,789,0,1835,1835
22051023002,"Jefferson Parish, LA (CT)",0,1846,1846,0,4411,4411
22051023003,"Jefferson Parish, LA (CT)",0,1161,1161,0,2761,2761
22051023100,"Jefferson Parish, LA (CT)",0,1170,1170,0,2386,2386
22051023200,"Jefferson Parish, LA (CT)",0,1271,1271,0,2858,2858
22051023300,"Jefferson Parish, LA (CT)",0,753,753,0,1658,1658
22051023400,"Jefferson Parish, LA (CT)",0,1294,1294,0,3144,3144
22051023500,"Jefferson Parish, LA (CT)",0,1771,1771,0,4443,4443
22051023600,"Jefferson Parish, LA (CT)",0,2186,2186,0,5173,5173
22051023700,"Jefferson Parish, LA (CT)",0,938,938,0,2098,2098
22051023800,"Jefferson Parish, LA (CT)",0,1981,1981,0,3851,3851
22051023901,"Jefferson Parish, LA (CT)",0,1016,1016,0,2381,2381
22051023902,"Jefferson Parish, LA (CT)",0,954,954,0,2324,2324
22051023903,"Jefferson Parish, LA (CT)",0,985,985,0,2269,2269
22051023904,"Jefferson Parish, LA (CT)",0,1380,1380,0,2669,2669
22051024001,"Jefferson Parish, LA (CT)",0,1156,1156,0,2857,2857
22051024002,"Jefferson Parish, LA (CT)",0,1377,1377,0,2988,2988
22051024100,"Jefferson Parish, LA (CT)",0,1612,1612,0,3432,3432
22051024201,"Jefferson Parish, LA (CT)",0,1143,1143,0,2068,2068
22051024202,"Jefferson Parish, LA (CT)",0,2293,2293,0,3135,3135
22051024300,"Jefferson Parish, LA (CT)",0,1524,1524,0,2825,2825
22051024400,"Jefferson Parish, LA (CT)",0,1497,1497,0,2889,2889
22051024500,"Jefferson Parish, LA (CT)",0,940,940,0,1597,1597
22051024600,"Jefferson Parish, LA (CT)",0,699,699,0,1399,1399
22051024700,"Jefferson Parish, LA (CT)",0,778,778,0,1684,1684
22051024800,"Jefferson Parish, LA (CT)",0,1718,1718,0,3336,3336
22051024900,"Jefferson Parish, LA (CT)",0,952,952,0,1753,1753
22051025001,"Jefferson Parish, LA (CT)",0,2742,2742,0,7589,7589
22051025002,"Jefferson Parish, LA (CT)",0,1222,1222,0,3145,3145
22051025003,"Jefferson Parish, LA (CT)",0,1443,1443,0,3725,3725
22051025102,"Jefferson Parish, LA (CT)",0,1574,1574,0,4247,4247
22051025103,"Jefferson Parish, LA (CT)",0,1262,1262,0,3683,3683
22051025104,"Jefferson Parish, LA (CT)",0,1369,1369,0,3693,3693
22051025201,"Jefferson Parish, LA (CT)",0,1266,1266,0,2569,2569
22051025202,"Jefferson Parish, LA (CT)",0,2670,2670,0,6129,6129
22051025300,"Jefferson Parish, LA (CT)",0,1061,1061,0,2240,2240
22051025400,"Jefferson Parish, LA (CT)",0,1810,1810,0,3801,3801
22051025500,"Jefferson Parish, LA (CT)",0,1116,1116,0,2669,2669
22051025600,"Jefferson Parish, LA (CT)",0,730,730,0,1483,1483
22051025700,"Jefferson Parish, LA (CT)",0,741,741,0,1391,1391
22051025800,"Jefferson Parish, LA (CT)",0,956,956,0,1784,1784
22051025900,"Jefferson Parish, LA (CT)",0,1414,1414,0,3460,3460
22051026000,"Jefferson Parish, LA (CT)",0,948,948,0,1991,1991
22051026100,"Jefferson Parish, LA (CT)",0,2010,2010,0,4815,4815
22051026200,"Jefferson Parish, LA (CT)",0,601,601,0,1316,1316
22051026300,"Jefferson Parish, LA (CT)",0,1212,1212,0,2517,2517
22051026400,"Jefferson Parish, LA (CT)",0,718,718,0,1738,1738
22051026500,"Jefferson Parish, LA (CT)",0,1002,1002,0,2002,2002
22051026600,"Jefferson Parish, LA (CT)",0,973,973,0,2023,2023
22051026700,"Jefferson Parish, LA (CT)",0,778,778,0,1848,1848
22051026800,"Jefferson Parish, LA (CT)",0,1174,1174,0,2684,2684
22051026900,"Jefferson Parish, LA (CT)",0,1310,1310,0,3399,3399
22051027000,"Jefferson Parish, LA (CT)",0,2447,2447,0,6000,6000
22051027100,"Jefferson Parish, LA (CT)",0,1503,1503,0,2612,2612
22051027200,"Jefferson Parish, LA (CT)",0,2359,2359,0,5373,5373
22051027501,"Jefferson Parish, LA (CT)",166,2180,2346,407,6239,6646
22051027502,"Jefferson Parish, LA (CT)",1,1306,1307,1,3504,3505
22051027601,"Jefferson Parish, LA (CT)",170,1699,1869,537,4655,5192
22051027602,"Jefferson Parish, LA (CT)",62,1542,1604,84,3752,3836
22051027701,"Jefferson Parish, LA (CT)",0,2021,2021,0,5951,5951
22051027703,"Jefferson Parish, LA (CT)",0,1430,1430,0,4091,4091
22051027803,"Jefferson Parish, LA (CT)",0,1518,1518,0,3163,3163
22051027804,"Jefferson Parish, LA (CT)",0,2927,2927,0,7912,7912
22051027805,"Jefferson Parish, LA (CT)",0,3062,3062,0,8937,8937
22051027806,"Jefferson Parish, LA (CT)",0,2514,2514,0,6568,6568
22051027807,"Jefferson Parish, LA (CT)",0,3071,3071,0,8842,8842
22051027809,"Jefferson Parish, LA (CT)",0,2427,2427,0,7252,7252
22051027810,"Jefferson Parish, LA (CT)",0,1374,1374,0,4287,4287
22051027811,"Jefferson Parish, LA (CT)",0,1192,1192,0,3515,3515
22051027812,"Jefferson Parish, LA (CT)",83,1262,1345,289,3930,4219
22051027901,"Jefferson Parish, LA (CT)",484,625,1109,1232,1560,2792
22051027902,"Jefferson Parish, LA (CT)",2293,275,2568,1912,578,2490
22051028000,"Jefferson Parish, LA (CT)",214,1616,1830,480,4661,5141
22051028100,"Jefferson Parish, LA (CT)",0,948,948,0,2106,2106
22051028200,"Jefferson Parish, LA (CT)",0,1899,1899,0,4505,4505
22051980000,"Jefferson Parish, LA (CT)",0,0,0,0,0,0
22051990000,"Jefferson Parish, LA (CT)",0,0,0,0,0,0
22051990100,"Jefferson Parish, LA (CT)",0,0,0,0,0,0
22053000100,"Jefferson Davis Parish, LA (CT)",2158,0,2158,5182,0,5182
22053000200,"Jefferson Davis Parish, LA (CT)",1744,128,1872,4273,290,4563
22053000300,"Jefferson Davis Parish, LA (CT)",944,1132,2076,2415,2631,5046
22053000400,"Jefferson Davis Parish, LA (CT)",1462,1388,2850,3549,3083,6632
22053000500,"Jefferson Davis Parish, LA (CT)",8,1817,1825,32,4403,4435
22053000600,"Jefferson Davis Parish, LA (CT)",240,1311,1551,527,2939,3466
22053000700,"Jefferson Davis Parish, LA (CT)",16,958,974,40,2230,2270
22055000100,"Lafayette Parish, LA (CT)",0,1111,1111,0,3351,3351
22055000200,"Lafayette Parish, LA (CT)",0,1059,1059,0,2257,2257
22055000500,"Lafayette Parish, LA (CT)",0,1358,1358,0,2503,2503
22055000602,"Lafayette Parish, LA (CT)",0,2080,2080,0,4288,4288
22055000603,"Lafayette Parish, LA (CT)",0,1218,1218,0,2516,2516
22055000604,"Lafayette Parish, LA (CT)",0,3791,3791,0,7068,7068
22055000700,"Lafayette Parish, LA (CT)",0,1176,1176,0,3011,3011
22055000800,"Lafayette Parish, LA (CT)",0,1373,1373,0,3015,3015
22055000900,"Lafayette Parish, LA (CT)",0,730,730,0,1911,1911
22055001001,"Lafayette Parish, LA (CT)",0,2044,2044,0,5062,5062
22055001002,"Lafayette Parish, LA (CT)",0,1748,1748,0,3687,3687
22055001003,"Lafayette Parish, LA (CT)",115,1523,1638,327,3812,4139
22055001100,"Lafayette Parish, LA (CT)",0,2497,2497,0,6201,6201
22055001200,"Lafayette Parish, LA (CT)",12,2931,2943,27,7513,7540
22055001300,"Lafayette Parish, LA (CT)",120,2253,2373,289,4665,4954
22055001401,"Lafayette Parish, LA (CT)",0,3405,3405,0,8890,8890
22055001402,"Lafayette Parish, LA (CT)",353,2313,2666,866,6091,6957
22055001403,"Lafayette Parish, LA (CT)",0,2115,2115,0,4805,4805
22055001404,"Lafayette Parish, LA (CT)",0,3221,3221,0,8555,8555
22055001405,"Lafayette Parish, LA (CT)",0,3679,3679,0,8010,8010
22055001406,"Lafayette Parish, LA (CT)",0,2930,2930,0,5348,5348
22055001407,"Lafayette Parish, LA (CT)",0,2720,2720,0,5356,5356
22055001409,"Lafayette Parish, LA (CT)",315,3380,3695,942,8239,9181
22055001410,"Lafayette Parish, LA (CT)",663,3793,4456,1719,9968,11687
22055001411,"Lafayette Parish, LA (CT)",207,720,927,490,1594,2084
22055001500,"Lafayette Parish, LA (CT)",0,2595,2595,0,5287,5287
22055001600,"Lafayette Parish, LA (CT)",0,1265,1265,0,2978,2978
22055001700,"Lafayette Parish, LA (CT)",0,2597,2597,0,6335,6335
22055001801,"Lafayette Parish, LA (CT)",0,1636,1636,0,3528,3528
22055001802,"Lafayette Parish, LA (CT)",0,2018,2018,0,4277,4277
22055001901,"Lafayette Parish, LA (CT)",1261,1026,2287,3196,2780,5976
22055001902,"Lafayette Parish, LA (CT)",32,2917,2949,82,7070,7152
22055001903,"Lafayette Parish, LA (CT)",32,2388,2420,77,6142,6219
22055001904,"Lafayette Parish, LA (CT)",0,1849,1849,0,4348,4348
22055001905,"Lafayette Parish, LA (CT)",481,1776,2257,1135,4081,5216
22055002001,"Lafayette Parish, LA (CT)",1077,1127,2204,2573,2861,5434
22055002002,"Lafayette Parish, LA (CT)",109,2466,2575,273,6009,6282
22055002101,"Lafayette Parish, LA (CT)",680,1298,1978,1694,3541,5235
22055002102,"Lafayette Parish, LA (CT)",344,1487,1831,925,3791,4716
22055002103,"Lafayette Parish, LA (CT)",0,1698,1698,0,4097,4097
22055002104,"Lafayette Parish, LA (CT)",1562,764,2326,3817,1976,5793
22055002200,"Lafayette Parish, LA (CT)",0,2218,2218,0,6329,6329
22055980000,"Lafayette Parish, LA (CT)",0,0,0,0,0,0
22057020100,"Lafourche Parish, LA (CT)",0,1589,1589,0,3103,3103
22057020202,"Lafourche Parish, LA (CT)",15,1388,1403,48,3422,3470
22057020400,"Lafourche Parish, LA (CT)",0,990,990,0,2179,2179
22057020500,"Lafourche Parish, LA (CT)",10,2421,2431,26,5909,5935
22057020600,"Lafourche Parish, LA (CT)",0,878,878,0,2246,2246
22057020702,"Lafourche Parish, LA (CT)",283,1111,1394,714,2422,3136
22057020703,"Lafourche Parish, LA (CT)",113,1906,2019,277,4866,5143
22057020704,"Lafourche Parish, LA (CT)",1430,548,1978,3683,1569,5252
22057020800,"Lafourche Parish, LA (CT)",1463,100,1563,3602,218,3820
22057020900,"Lafourche Parish, LA (CT)",268,583,851,674,1482,2156
22057021000,"Lafourche Parish, LA (CT)",778,421,1199,1955,1326,3281
22057021100,"Lafourche Parish, LA (CT)",513,2498,3011,814,6670,7484
22057021200,"Lafourche Parish, LA (CT)",217,1817,2034,461,4248,4709
22057021300,"Lafourche Parish, LA (CT)",26,1174,1200,35,2643,2678
22057021400,"Lafourche Parish, LA (CT)",119,1569,1688,326,3872,4198
22057021500,"Lafourche Parish, LA (CT)",533,1469,2002,1361,3777,5138
22057021601,"Lafourche Parish, LA (CT)",1083,1534,2617,2899,4038,6937
22057021602,"Lafourche Parish, LA (CT)",955,390,1345,2520,999,3519
22057021700,"Lafourche Parish, LA (CT)",8,1678,1686,18,3963,3981
22057021800,"Lafourche Parish, LA (CT)",143,1869,2012,358,4759,5117
22057021901,"Lafourche Parish, LA (CT)",209,2111,2320,575,5962,6537
22057021902,"Lafourche Parish, LA (CT)",1194,472,1666,2979,1157,4136
22057022000,"Lafourche Parish, LA (CT)",0,706,706,0,2163,2163
22057990000,"Lafourche Parish, LA (CT)",0,0,0,0,0,0
22059970100,"La Salle Parish, LA (CT)",1882,0,1882,4673,0,4673
22059970200,"La Salle Parish, LA (CT)",844,1611,2455,1873,3992,5865
22059970300,"La Salle Parish, LA (CT)",2223,0,2223,4352,0,4352
22061960100,"Lincoln Parish, LA (CT)",1660,0,1660,3653,0,3653
22061960200,"Lincoln Parish, LA (CT)",1860,0,1860,3983,0,3983
22061960300,"Lincoln Parish, LA (CT)",500,1177,1677,1118,4327,5445
22061960400,"Lincoln Parish, LA (CT)",164,2286,2450,376,4858,5234
22061960500,"Lincoln Parish, LA (CT)",5,1836,1841,7,4289,4296
22061960600,"Lincoln Parish, LA (CT)",681,1469,2150,1788,3147,4935
22061960700,"Lincoln Parish, LA (CT)",2511,0,2511,5810,0,5810
22061960800,"Lincoln Parish, LA (CT)",427,1311,1738,943,2936,3879
22061960900,"Lincoln Parish, LA (CT)",0,1284,1284,0,2797,2797
22061961000,"Lincoln Parish, LA (CT)",641,1667,2308,1333,5370,6703
22063040100,"Livingston Parish, LA (CT)",3100,795,3895,8033,2261,10294
22063040201,"Livingston Parish, LA (CT)",1961,198,2159,5157,491,5648
22063040202,"Livingston Parish, LA (CT)",1880,0,1880,5276,0,5276
22063040301,"Livingston Parish, LA (CT)",1813,1420,3233,5151,3705,8856
22063040303,"Livingston Parish, LA (CT)",9,3438,3447,24,9867,9891
22063040304,"Livingston Parish, LA (CT)",847,1148,1995,2253,3128,5381
22063040401,"Livingston Parish, LA (CT)",0,2577,2577,0,6804,6804
22063040402,"Livingston Parish, LA (CT)",1082,1747,2829,2809,4389,7198
22063040500,"Livingston Parish, LA (CT)",61,4285,4346,178,10985,11163
22063040600,"Livingston Parish, LA (CT)",0,3556,3556,0,8983,8983
22063040700,"Livingston Parish, LA (CT)",0,1657,1657,0,3830,3830
22063040802,"Livingston Parish, LA (CT)",2303,283,2586,5440,553,5993
22063040804,"Livingston Parish, LA (CT)",1497,3795,5292,3838,10608,14446
22063040805,"Livingston Parish, LA (CT)",72,1983,2055,195,4889,5084
22063040806,"Livingston Parish, LA (CT)",889,1652,2541,2406,4291,6697
22063040901,"Livingston Parish, LA (CT)",2783,247,3030,6416,602,7018
22063040902,"Livingston Parish, LA (CT)",3092,0,3092,5464,0,5464
22065960100,"Madison Parish, LA (CT)",500,378,878,1018,937,1955
22065960200,"Madison Parish, LA (CT)",928,309,1237,1696,1676,3372
22065960300,"Madison Parish, LA (CT)",0,1070,1070,0,3040,3040
22065960400,"Madison Parish, LA (CT)",0,701,701,0,1606,1606
22065960500,"Madison Parish, LA (CT)",0,918,918,0,2120,2120
22067950100,"Morehouse Parish, LA (CT)",966,0,966,1860,0,1860
22067950200,"Morehouse Parish, LA (CT)",1688,598,2286,3953,1492,5445
22067950300,"Morehouse Parish, LA (CT)",911,263,1174,1931,646,2577
22067950400,"Morehouse Parish, LA (CT)",0,1442,1442,0,3559,3559
22067950500,"Morehouse Parish, LA (CT)",0,1998,1998,0,4491,4491
22067950600,"Morehouse Parish, LA (CT)",1514,0,1514,3004,0,3004
22067950700,"Morehouse Parish, LA (CT)",1358,68,1426,3178,147,3325
22067950800,"Morehouse Parish, LA (CT)",27,1590,1617,74,3644,3718
22069000100,"Natchitoches Parish, LA (CT)",1342,0,1342,2402,0,2402
22069000200,"Natchitoches Parish, LA (CT)",1780,0,1780,3354,0,3354
22069000300,"Natchitoches Parish, LA (CT)",2027,61,2088,4228,89,4317
22069000400,"Natchitoches Parish, LA (CT)",237,1555,1792,521,3596,4117
22069000500,"Natchitoches Parish, LA (CT)",0,1825,1825,0,4067,4067
22069000600,"Natchitoches Parish, LA (CT)",319,2571,2890,799,7635,8434
22069000700,"Natchitoches Parish, LA (CT)",0,2190,2190,0,3757,3757
22069000800,"Natchitoches Parish, LA (CT)",2044,115,2159,4182,271,4453
22069000900,"Natchitoches Parish, LA (CT)",2407,114,2521,4317,348,4665
22071000100,"Orleans Parish, LA (CT)",0,1513,1513,0,2455,2455
22071000200,"Orleans Parish, LA (CT)",0,738,738,0,1197,1197
22071000300,"Orleans Parish, LA (CT)",0,641,641,0,1231,1231
22071000400,"Orleans Parish, LA (CT)",0,1137,1137,0,2328,2328
22071000601,"Orleans Parish, LA (CT)",0,328,328,0,849,849
22071000602,"Orleans Parish, LA (CT)",0,1108,1108,0,2534,2534
22071000603,"Orleans Parish, LA (CT)",0,922,922,0,1605,1605
22071000604,"Orleans Parish, LA (CT)",0,1795,1795,0,3925,3925
22071000605,"Orleans Parish, LA (CT)",0,994,994,0,2205,2205
22071000606,"Orleans Parish, LA (CT)",0,1644,1644,0,4346,4346
22071000607,"Orleans Parish, LA (CT)",0,1519,1519,0,3709,3709
22071000611,"Orleans Parish, LA (CT)",0,1584,1584,0,4010,4010
22071000612,"Orleans Parish, LA (CT)",247,389,636,691,1068,1759
22071000613,"Orleans Parish, LA (CT)",0,2256,2256,0,3756,3756
22071000615,"Orleans Parish, LA (CT)",0,2300,2300,0,4014,4014
22071000616,"Orleans Parish, LA (CT)",0,1940,1940,0,4712,4712
22071000617,"Orleans Parish, LA (CT)",0,2515,2515,0,4334,4334
22071000618,"Orleans Parish, LA (CT)",0,1459,1459,0,3816,3816
22071000701,"Orleans Parish, LA (CT)",0,342,342,0,568,568
22071000702,"Orleans Parish, LA (CT)",0,904,904,0,1303,1303
22071000800,"Orleans Parish, LA (CT)",0,863,863,0,1411,1411
22071000901,"Orleans Parish, LA (CT)",0,459,459,0,616,616
22071000902,"Orleans Parish, LA (CT)",0,191,191,0,320,320
22071000903,"Orleans Parish, LA (CT)",0,360,360,0,508,508
22071000904,"Orleans Parish, LA (CT)",0,687,687,0,830,830
22071001100,"Orleans Parish, LA (CT)",0,1272,1272,0,1663,1663
22071001200,"Orleans Parish, LA (CT)",0,1226,1226,0,1674,1674
22071001301,"Orleans Parish, LA (CT)",0,1287,1287,0,2141,2141
22071001302,"Orleans Parish, LA (CT)",0,699,699,0,1113,1113
22071001401,"Orleans Parish, LA (CT)",0,821,821,0,1302,1302
22071001402,"Orleans Parish, LA (CT)",0,1174,1174,0,1704,1704
22071001500,"Orleans Parish, LA (CT)",0,656,656,0,929,929
22071001600,"Orleans Parish, LA (CT)",0,3,3,0,6,6
22071001701,"Orleans Parish, LA (CT)",0,729,729,0,1482,1482
22071001702,"Orleans Parish, LA (CT)",0,1252,1252,0,2817,2817
22071001720,"Orleans Parish, LA (CT)",0,1572,1572,0,3410,3410
22071001722,"Orleans Parish, LA (CT)",0,1906,1906,0,3951,3951
22071001723,"Orleans Parish, LA (CT)",0,2007,2007,0,4213,4213
22071001724,"Orleans Parish, LA (CT)",0,1905,1905,0,4213,4213
22071001725,"Orleans Parish, LA (CT)",0,2780,2780,0,5901,5901
22071001730,"Orleans Parish, LA (CT)",176,159,335,420,412,832
22071001734,"Orleans Parish, LA (CT)",507,0,507,892,0,892
22071001735,"Orleans Parish, LA (CT)",0,1104,1104,0,2261,2261
22071001736,"Orleans Parish, LA (CT)",0,906,906,0,1754,1754
22071001737,"Orleans Parish, LA (CT)",0,1529,1529,0,2463,2463
22071001739,"Orleans Parish, LA (CT)",0,660,660,0,1439,1439
22071001740,"Orleans Parish, LA (CT)",0,2173,2173,0,4130,4130
22071001741,"Orleans Parish, LA (CT)",0,484,484,0,1376,1376
22071001743,"Orleans Parish, LA (CT)",0,1230,1230,0,2006,2006
22071001744,"Orleans Parish, LA (CT)",0,1763,1763,0,3966,3966
22071001745,"Orleans Parish, LA (CT)",0,1417,1417,0,3284,3284
22071001746,"Orleans Parish, LA (CT)",0,1717,1717,0,4296,4296
22071001747,"Orleans Parish, LA (CT)",0,1378,1378,0,3510,3510
22071001748,"Orleans Parish, LA (CT)",0,1657,1657,0,3773,3773
22071001749,"Orleans Parish, LA (CT)",0,830,830,0,2511,2511
22071001750,"Orleans Parish, LA (CT)",0,1187,1187,0,3289,3289
22071001751,"Orleans Parish, LA (CT)",25,438,463,30,806,836
22071001800,"Orleans Parish, LA (CT)",0,996,996,0,1381,1381
22071001900,"Orleans Parish, LA (CT)",0,1041,1041,0,1586,1586
22071002000,"Orleans Parish, LA (CT)",0,814,814,0,1317,1317
22071002100,"Orleans Parish, LA (CT)",0,541,541,0,856,856
22071002200,"Orleans Parish, LA (CT)",0,689,689,0,1058,1058
22071002300,"Orleans Parish, LA (CT)",0,1093,1093,0,1815,1815
22071002401,"Orleans Parish, LA (CT)",0,835,835,0,1615,1615
22071002402,"Orleans Parish, LA (CT)",0,1462,1462,0,2849,2849
22071002501,"Orleans Parish, LA (CT)",0,836,836,0,1573,1573
22071002502,"Orleans Parish, LA (CT)",0,971,971,0,1832,1832
22071002503,"Orleans Parish, LA (CT)",0,876,876,0,1584,1584
22071002504,"Orleans Parish, LA (CT)",0,1104,1104,0,2162,2162
22071002600,"Orleans Parish, LA (CT)",0,1363,1363,0,1592,1592
22071002700,"Orleans Parish, LA (CT)",0,908,908,0,1475,1475
22071002800,"Orleans Parish, LA (CT)",0,917,917,0,1426,1426
22071002900,"Orleans Parish, LA (CT)",0,777,777,0,1156,1156
22071003000,"Orleans Parish, LA (CT)",0,764,764,0,1100,1100
22071003100,"Orleans Parish, LA (CT)",0,735,735,0,1084,1084
22071003301,"Orleans Parish, LA (CT)",0,963,963,0,1580,1580
22071003302,"Orleans Parish, LA (CT)",0,1389,1389,0,2647,2647
22071003303,"Orleans Parish, LA (CT)",0,1031,1031,0,1765,1765
22071003304,"Orleans Parish, LA (CT)",0,1005,1005,0,1745,1745
22071003307,"Orleans Parish, LA (CT)",0,689,689,0,1187,1187
22071003308,"Orleans Parish, LA (CT)",0,1814,1814,0,3186,3186
22071003400,"Orleans Parish, LA (CT)",0,949,949,0,1222,1222
22071003500,"Orleans Parish, LA (CT)",0,900,900,0,1231,1231
22071003600,"Orleans Parish, LA (CT)",0,939,939,0,1493,1493
22071003701,"Orleans Parish, LA (CT)",0,1099,1099,0,1722,1722
22071003702,"Orleans Parish, LA (CT)",0,2104,2104,0,3470,3470
22071003800,"Orleans Parish, LA (CT)",0,1690,1690,0,1475,1475
22071003900,"Orleans Parish, LA (CT)",0,897,897,0,1195,1195
22071004000,"Orleans Parish, LA (CT)",0,1208,1208,0,1860,1860
22071004100,"Orleans Parish, LA (CT)",0,900,900,0,1425,1425
22071004401,"Orleans Parish, LA (CT)",0,931,931,0,1100,1100
22071004402,"Orleans Parish, LA (CT)",0,1,1,0,0,0
22071004500,"Orleans Parish, LA (CT)",0,1384,1384,0,2104,2104
22071004600,"Orleans Parish, LA (CT)",0,1652,1652,0,2704,2704
22071004800,"Orleans Parish, LA (CT)",0,865,865,0,1238,1238
22071004900,"Orleans Parish, LA (CT)",0,1262,1262,0,1811,1811
22071005000,"Orleans Parish, LA (CT)",0,682,682,0,1247,1247
22071005400,"Orleans Parish, LA (CT)",0,1306,1306,0,1909,1909
22071005500,"Orleans Parish, LA (CT)",0,1382,1382,0,2298,2298
22071005601,"Orleans Parish, LA (CT)",0,1012,1012,0,1819,1819
22071005602,"Orleans Parish, LA (CT)",0,1017,1017,0,2069,2069
22071005603,"Orleans Parish, LA (CT)",0,731,731,0,1255,1255
22071005604,"Orleans Parish, LA (CT)",0,639,639,0,1251,1251
22071006000,"Orleans Parish, LA (CT)",0,616,616,0,1838,1838
22071006300,"Orleans Parish, LA (CT)",0,909,909,0,1761,1761
22071006400,"Orleans Parish, LA (CT)",0,1428,1428,0,2504,2504
22071006500,"Orleans Parish, LA (CT)",0,1463,1463,0,2381,2381
22071006900,"Orleans Parish, LA (CT)",0,413,413,0,806,806
22071007000,"Orleans Parish, LA (CT)",0,307,307,0,1637,1637
22071007101,"Orleans Parish, LA (CT)",0,1291,1291,0,1772,1772
22071007200,"Orleans Parish, LA (CT)",0,1192,1192,0,1977,1977
22071007501,"Orleans Parish, LA (CT)",0,1171,1171,0,1996,1996
22071007502,"Orleans Parish, LA (CT)",0,1455,1455,0,2381,2381
22071007604,"Orleans Parish, LA (CT)",0,730,730,0,1642,1642
22071007605,"Orleans Parish, LA (CT)",0,728,728,0,1270,1270
22071007606,"Orleans Parish, LA (CT)",0,2246,2246,0,3147,3147
22071007700,"Orleans Parish, LA (CT)",0,2160,2160,0,2488,2488
22071007800,"Orleans Parish, LA (CT)",0,821,821,0,1201,1201
22071008200,"Orleans Parish, LA (CT)",0,1211,1211,0,1547,1547
22071008300,"Orleans Parish, LA (CT)",0,703,703,0,1127,1127
22071008400,"Orleans Parish, LA (CT)",0,1122,1122,0,1085,1085
22071008500,"Orleans Parish, LA (CT)",0,746,746,0,1105,1105
22071008600,"Orleans Parish, LA (CT)",0,706,706,0,900,900
22071008800,"Orleans Parish, LA (CT)",0,987,987,0,1694,1694
22071009000,"Orleans Parish, LA (CT)",0,1221,1221,0,1926,1926
22071009100,"Orleans Parish, LA (CT)",0,1448,1448,0,1949,1949
22071009200,"Orleans Parish, LA (CT)",0,866,866,0,1110,1110
22071009400,"Orleans Parish, LA (CT)",0,947,947,0,1041,1041
22071009600,"Orleans Parish, LA (CT)",0,833,833,0,1405,1405
22071009700,"Orleans Parish, LA (CT)",0,783,783,0,1294,1294
22071009900,"Orleans Parish, LA (CT)",0,1845,1845,0,2998,2998
22071010000,"Orleans Parish, LA (CT)",0,1045,1045,0,1533,1533
22071010100,"Orleans Parish, LA (CT)",0,1266,1266,0,2079,2079
22071010200,"Orleans Parish, LA (CT)",0,1037,1037,0,1674,1674
22071010300,"Orleans Parish, LA (CT)",0,1412,1412,0,2198,2198
22071010600,"Orleans Parish, LA (CT)",0,822,822,0,1305,1305
22071010700,"Orleans Parish, LA (CT)",0,1093,1093,0,1764,1764
22071010800,"Orleans Parish, LA (CT)",0,786,786,0,1412,1412
22071010900,"Orleans Parish, LA (CT)",0,1596,1596,0,2808,2808
22071011100,"Orleans Parish, LA (CT)",0,934,934,0,1715,1715
22071011200,"Orleans Parish, LA (CT)",0,727,727,0,1283,1283
22071011400,"Orleans Parish, LA (CT)",0,1094,1094,0,1876,1876
22071011500,"Orleans Parish, LA (CT)",0,781,781,0,1510,1510
22071011600,"Orleans Parish, LA (CT)",0,704,704,0,1447,1447
22071011700,"Orleans Parish, LA (CT)",0,1340,1340,0,2924,2924
22071011900,"Orleans Parish, LA (CT)",0,838,838,0,1741,1741
22071012000,"Orleans Parish, LA (CT)",0,735,735,0,1496,1496
22071012101,"Orleans Parish, LA (CT)",0,955,955,0,2855,2855
22071012102,"Orleans Parish, LA (CT)",0,603,603,0,3892,3892
22071012200,"Orleans Parish, LA (CT)",0,987,987,0,1968,1968
22071012300,"Orleans Parish, LA (CT)",0,1044,1044,0,1900,1900
22071012400,"Orleans Parish, LA (CT)",0,855,855,0,1620,1620
22071012500,"Orleans Parish, LA (CT)",0,1070,1070,0,1734,1734
22071012600,"Orleans Parish, LA (CT)",0,1086,1086,0,1942,1942
22071012700,"Orleans Parish, LA (CT)",0,1286,1286,0,2311,2311
22071012800,"Orleans Parish, LA (CT)",0,1139,1139,0,2161,2161
22071012900,"Orleans Parish, LA (CT)",0,895,895,0,1397,1397
22071013000,"Orleans Parish, LA (CT)",0,952,952,0,1490,1490
22071013100,"Orleans Parish, LA (CT)",0,867,867,0,1425,1425
22071013200,"Orleans Parish, LA (CT)",0,1336,1336,0,2457,2457
22071013301,"Orleans Parish, LA (CT)",0,1631,1631,0,3453,3453
22071013302,"Orleans Parish, LA (CT)",0,1033,1033,0,2464,2464
22071013400,"Orleans Parish, LA (CT)",0,1782,1782,0,2276,2276
22071013500,"Orleans Parish, LA (CT)",0,2929,2929,0,2338,2338
22071013600,"Orleans Parish, LA (CT)",0,630,630,0,933,933
22071013700,"Orleans Parish, LA (CT)",0,911,911,0,2005,2005
22071013800,"Orleans Parish, LA (CT)",0,688,688,0,974,974
22071013900,"Orleans Parish, LA (CT)",0,985,985,0,1524,1524
22071014000,"Orleans Parish, LA (CT)",0,1070,1070,0,1599,1599
22071014100,"Orleans Parish, LA (CT)",0,1171,1171,0,2161,2161
22071014200,"Orleans Parish, LA (CT)",0,1004,1004,0,1679,1679
22071014300,"Orleans Parish, LA (CT)",0,838,838,0,944,944
22071014400,"Orleans Parish, LA (CT)",0,960,960,0,1566,1566
22071014500,"Orleans Parish, LA (CT)",0,0,0,0,3059,3059
22071980000,"Orleans Parish, LA (CT)",0,0,0,0,4,4
22071980100,"Orleans Parish, LA (CT)",2,2,4,2,2,4
22071990000,"Orleans Parish, LA (CT)",0,0,0,0,0,0
22073000100,"Ouachita Parish, LA (CT)",0,2630,2630,0,4809,4809
22073000200,"Ouachita Parish, LA (CT)",0,2554,2554,0,5344,5344
22073000401,"Ouachita Parish, LA (CT)",0,804,804,0,2402,2402
22073000402,"Ouachita Parish, LA (CT)",0,1089,1089,0,3198,3198
22073000500,"Ouachita Parish, LA (CT)",0,1610,1610,0,3238,3238
22073000600,"Ouachita Parish, LA (CT)",0,1596,1596,0,3857,3857
22073000700,"Ouachita Parish, LA (CT)",0,843,843,0,1947,1947
22073000900,"Ouachita Parish, LA (CT)",0,627,627,0,1444,1444
22073001100,"Ouachita Parish, LA (CT)",0,1325,1325,0,3108,3108
22073001400,"Ouachita Parish, LA (CT)",0,892,892,0,2524,2524
22073001500,"Ouachita Parish, LA (CT)",0,732,732,0,1907,1907
22073001700,"Ouachita Parish, LA (CT)",0,1487,1487,0,2958,2958
22073005100,"Ouachita Parish, LA (CT)",59,961,1020,63,1816,1879
22073005201,"Ouachita Parish, LA (CT)",609,688,1297,1629,1882,3511
22073005203,"Ouachita Parish, LA (CT)",0,1404,1404,0,3045,3045
22073005204,"Ouachita Parish, LA (CT)",169,1899,2068,469,5029,5498
22073005301,"Ouachita Parish, LA (CT)",76,2549,2625,168,6224,6392
22073005302,"Ouachita Parish, LA (CT)",0,2847,2847,0,5594,5594
22073005400,"Ouachita Parish, LA (CT)",0,964,964,0,2035,2035
22073005500,"Ouachita Parish, LA (CT)",0,1608,1608,0,3354,3354
22073005800,"Ouachita Parish, LA (CT)",0,1318,1318,0,2767,2767
22073005900,"Ouachita Parish, LA (CT)",0,1304,1304,0,2893,2893
22073010101,"Ouachita Parish, LA (CT)",771,1087,1858,1907,2771,4678
22073010102,"Ouachita Parish, LA (CT)",779,1641,2420,1741,4274,6015
22073010201,"Ouachita Parish, LA (CT)",0,2885,2885,0,6046,6046
22073010202,"Ouachita Parish, LA (CT)",1567,717,2284,4235,1868,6103
22073010301,"Ouachita Parish, LA (CT)",14,1483,1497,25,3420,3445
22073010302,"Ouachita Parish, LA (CT)",1232,318,1550,2978,888,3866
22073010400,"Ouachita Parish, LA (CT)",3696,1,3697,9118,3,9121
22073010502,"Ouachita Parish, LA (CT)",1720,0,1720,4222,0,4222
22073010503,"Ouachita Parish, LA (CT)",710,0,710,1814,0,1814
22073010504,"Ouachita Parish, LA (CT)",2156,1422,3578,5450,3361,8811
22073010603,"Ouachita Parish, LA (CT)",592,1261,1853,1322,5034,6356
22073010604,"Ouachita Parish, LA (CT)",845,0,845,1877,0,1877
22073010700,"Ouachita Parish, LA (CT)",0,1070,1070,0,2746,2746
22073010800,"Ouachita Parish, LA (CT)",0,1078,1078,0,1917,1917
22073010900,"Ouachita Parish, LA (CT)",0,1731,1731,0,4678,4678
22073011000,"Ouachita Parish, LA (CT)",72,1468,1540,161,4779,4940
22073011100,"Ouachita Parish, LA (CT)",4,1516,1520,8,3370,3378
22073980000,"Ouachita Parish, LA (CT)",0,1,1,0,3,3
22075050100,"Plaquemines Parish, LA (CT)",883,0,883,1943,0,1943
22075050200,"Plaquemines Parish, LA (CT)",113,2986,3099,292,7970,8262
22075050300,"Plaquemines Parish, LA (CT)",140,1589,1729,350,4067,4417
22075050400,"Plaquemines Parish, LA (CT)",676,964,1640,972,2736,3708
22075050500,"Plaquemines Parish, LA (CT)",169,384,553,483,943,1426
22075050600,"Plaquemines Parish, LA (CT)",177,324,501,320,673,993
22075050700,"Plaquemines Parish, LA (CT)",16,529,545,41,1120,1161
22075050800,"Plaquemines Parish, LA (CT)",117,529,646,101,1031,1132
22075990000,"Plaquemines Parish, LA (CT)",0,0,0,0,0,0
22077951900,"Pointe Coupee Parish, LA (CT)",892,1529,2421,2114,3583,5697
22077952000,"Pointe Coupee Parish, LA (CT)",1372,0,1372,2483,0,2483
22077952100,"Pointe Coupee Parish, LA (CT)",1813,326,2139,4047,710,4757
22077952200,"Pointe Coupee Parish, LA (CT)",849,1560,2409,1711,1776,3487
22077952300,"Pointe Coupee Parish, LA (CT)",0,936,936,0,1878,1878
22077952400,"Pointe Coupee Parish, LA (CT)",1183,670,1853,2827,1673,4500
22079010100,"Rapides Parish, LA (CT)",3374,269,3643,8497,769,9266
22079010300,"Rapides Parish, LA (CT)",219,1945,2164,519,4704,5223
22079010400,"Rapides Parish, LA (CT)",850,122,972,2121,261,2382
22079010500,"Rapides Parish, LA (CT)",1227,1339,2566,2832,3750,6582
22079010600,"Rapides Parish, LA (CT)",2238,0,2238,4938,0,4938
22079010700,"Rapides Parish, LA (CT)",1719,315,2034,4042,538,4580
22079011000,"Rapides Parish, LA (CT)",0,1195,1195,0,3012,3012
22079011300,"Rapides Parish, LA (CT)",202,845,1047,493,1861,2354
22079011500,"Rapides Parish, LA (CT)",31,3234,3265,71,7546,7617
22079011600,"Rapides Parish, LA (CT)",0,1122,1122,0,2455,2455
22079011700,"Rapides Parish, LA (CT)",28,1120,1148,142,2446,2588
22079012000,"Rapides Parish, LA (CT)",0,914,914,0,1969,1969
22079012100,"Rapides Parish, LA (CT)",0,1484,1484,0,3268,3268
22079012200,"Rapides Parish, LA (CT)",0,1763,1763,0,3872,3872
22079012301,"Rapides Parish, LA (CT)",45,2346,2391,100,5497,5597
22079012302,"Rapides Parish, LA (CT)",0,1908,1908,0,3843,3843
22079012400,"Rapides Parish, LA (CT)",0,1748,1748,0,3754,3754
22079012500,"Rapides Parish, LA (CT)",53,2548,2601,116,6270,6386
22079012600,"Rapides Parish, LA (CT)",0,928,928,0,2220,2220
22079012700,"Rapides Parish, LA (CT)",22,1315,1337,47,3014,3061
22079012800,"Rapides Parish, LA (CT)",0,505,505,0,1123,1123
22079012900,"Rapides Parish, LA (CT)",0,1178,1178,0,2616,2616
22079013000,"Rapides Parish, LA (CT)",106,832,938,262,2208,2470
22079013100,"Rapides Parish, LA (CT)",362,806,1168,946,1882,2828
22079013200,"Rapides Parish, LA (CT)",2745,538,3283,6923,1330,8253
22079013300,"Rapides Parish, LA (CT)",2378,0,2378,5284,0,5284
22079013400,"Rapides Parish, LA (CT)",1122,126,1248,2603,328,2931
22079013500,"Rapides Parish, LA (CT)",2736,0,2736,6243,0,6243
22079013600,"Rapides Parish, LA (CT)",1281,0,1281,3045,0,3045
22079013700,"Rapides Parish, LA (CT)",1019,539,1558,2281,2052,4333
22079013800,"Rapides Parish, LA (CT)",220,1410,1630,518,3870,4388
22079013900,"Rapides Parish, LA (CT)",0,1312,1312,0,3126,3126
22079980000,"Rapides Parish, LA (CT)",0,1,1,0,6,6
22081960100,"Red River Parish, LA (CT)",2360,0,2360,4936,0,4936
22081960300,"Red River Parish, LA (CT)",1768,0,1768,4155,0,4155
22083970100,"Richland Parish, LA (CT)",138,1143,1281,290,2770,3060
22083970200,"Richland Parish, LA (CT)",973,0,973,2154,0,2154
22083970300,"Richland Parish, LA (CT)",1301,32,1333,2982,77,3059
22083970400,"Richland Parish, LA (CT)",1087,13,1100,3385,44,3429
22083970500,"Richland Parish, LA (CT)",310,1727,2037,723,4146,4869
22083970600,"Richland Parish, LA (CT)",1897,0,1897,4154,0,4154
22085000100,"Sabine Parish, LA (CT)",1471,0,1471,3172,0,3172
22085000200,"Sabine Parish, LA (CT)",2749,0,2749,3637,0,3637
22085000300,"Sabine Parish, LA (CT)",1003,0,1003,2253,0,2253
22085000400,"Sabine Parish, LA (CT)",2212,0,2212,4826,0,4826
22085000500,"Sabine Parish, LA (CT)",284,1177,1461,579,2860,3439
22085000600,"Sabine Parish, LA (CT)",2059,0,2059,3980,0,3980
22085000700,"Sabine Parish, LA (CT)",3175,0,3175,2926,0,2926
22087030103,"St. Bernard Parish, LA (CT)",124,1589,1713,235,3903,4138
22087030104,"St. Bernard Parish, LA (CT)",334,524,858,808,972,1780
22087030105,"St. Bernard Parish, LA (CT)",533,0,533,368,0,368
22087030203,"St. Bernard Parish, LA (CT)",0,1309,1309,0,2612,2612
22087030204,"St. Bernard Parish, LA (CT)",58,1481,1539,116,3565,3681
22087030206,"St. Bernard Parish, LA (CT)",0,711,711,0,1612,1612
22087030207,"St. Bernard Parish, LA (CT)",0,1313,1313,0,2773,2773
22087030208,"St. Bernard Parish, LA (CT)",0,1062,1062,0,2541,2541
22087030209,"St. Bernard Parish, LA (CT)",0,1224,1224,0,3003,3003
22087030300,"St. Bernard Parish, LA (CT)",0,749,749,0,1356,1356
22087030400,"St. Bernard Parish, LA (CT)",0,549,549,0,1282,1282
22087030500,"St. Bernard Parish, LA (CT)",0,620,620,0,1241,1241
22087030601,"St. Bernard Parish, LA (CT)",0,416,416,0,925,925
22087030602,"St. Bernard Parish, LA (CT)",0,1083,1083,0,2196,2196
22087030603,"St. Bernard Parish, LA (CT)",0,648,648,0,1474,1474
22087030700,"St. Bernard Parish, LA (CT)",0,763,763,0,1517,1517
22087030800,"St. Bernard Parish, LA (CT)",0,1704,1704,0,3398,3398
22087990000,"St. Bernard Parish, LA (CT)",0,0,0,0,0,0
22089060100,"St. Charles Parish, LA (CT)",104,571,675,276,1661,1937
22089062100,"St. Charles Parish, LA (CT)",16,2244,2260,38,5887,5925
22089062200,"St. Charles Parish, LA (CT)",0,938,938,0,2520,2520
22089062301,"St. Charles Parish, LA (CT)",2,2310,2312,3,6365,6368
22089062302,"St. Charles Parish, LA (CT)",0,1787,1787,0,4844,4844
22089062400,"St. Charles Parish, LA (CT)",14,599,613,38,1512,1550
22089062500,"St. Charles Parish, LA (CT)",0,1225,1225,0,2988,2988
22089062700,"St. Charles Parish, LA (CT)",515,1203,1718,1881,2873,4754
22089062800,"St. Charles Parish, LA (CT)",188,1640,1828,471,4255,4726
22089062900,"St. Charles Parish, LA (CT)",49,1028,1077,136,2405,2541
22089063000,"St. Charles Parish, LA (CT)",108,439,547,275,1041,1316
22089063100,"St. Charles Parish, LA (CT)",56,2617,2673,193,7286,7479
22089063200,"St. Charles Parish, LA (CT)",990,1253,2243,2753,3079,5832
22091951100,"St. Helena Parish, LA (CT)",2030,0,2030,4061,0,4061
22091951200,"St. Helena Parish, LA (CT)",3120,0,3120,7142,0,7142
22093040100,"St. James Parish, LA (CT)",39,1412,1451,36,3765,3801
22093040200,"St. James Parish, LA (CT)",0,1427,1427,0,3631,3631
22093040300,"St. James Parish, LA (CT)",230,1009,1239,583,2799,3382
22093040400,"St. James Parish, LA (CT)",558,458,1016,1411,1154,2565
22093040500,"St. James Parish, LA (CT)",754,39,793,2025,130,2155
22093040600,"St. James Parish, LA (CT)",403,702,1105,1043,1879,2922
22093040700,"St. James Parish, LA (CT)",418,1006,1424,1025,2621,3646
22095070100,"St. John the Baptist Parish, LA (CT)",373,674,1047,1010,1675,2685
22095070200,"St. John the Baptist Parish, LA (CT)",0,2503,2503,0,7323,7323
22095070300,"St. John the Baptist Parish, LA (CT)",0,2394,2394,0,6258,6258
22095070400,"St. John the Baptist Parish, LA (CT)",0,1589,1589,0,4381,4381
22095070500,"St. John the Baptist Parish, LA (CT)",633,1595,2228,1661,4568,6229
22095070600,"St. John the Baptist Parish, LA (CT)",143,1003,1146,329,2481,2810
22095070700,"St. John the Baptist Parish, LA (CT)",0,1817,1817,0,4348,4348
22095070800,"St. John the Baptist Parish, LA (CT)",0,943,943,0,2537,2537
22095070900,"St. John the Baptist Parish, LA (CT)",0,1073,1073,0,3115,3115
22095071000,"St. John the Baptist Parish, LA (CT)",71,1259,1330,105,2735,2840
22095071100,"St. John the Baptist Parish, LA (CT)",1311,129,1440,3070,328,3398
22097960100,"St. Landry Parish, LA (CT)",1302,0,1302,2360,0,2360
22097960200,"St. Landry Parish, LA (CT)",1365,510,1875,3150,1010,4160
22097960300,"St. Landry Parish, LA (CT)",927,852,1779,2048,1944,3992
22097960400,"St. Landry Parish, LA (CT)",1202,0,1202,2299,0,2299
22097960500,"St. Landry Parish, LA (CT)",2110,37,2147,4870,97,4967
22097960600,"St. Landry Parish, LA (CT)",1719,840,2559,4346,2126,6472
22097960700,"St. Landry Parish, LA (CT)",1895,356,2251,4646,830,5476
22097960800,"St. Landry Parish, LA (CT)",929,558,1487,2274,1484,3758
22097960900,"St. Landry Parish, LA (CT)",0,1855,1855,0,4045,4045
22097961000,"St. Landry Parish, LA (CT)",0,953,953,0,2237,2237
22097961100,"St. Landry Parish, LA (CT)",0,1511,1511,0,3427,3427
22097961200,"St. Landry Parish, LA (CT)",1530,458,1988,3790,1104,4894
22097961300,"St. Landry Parish, LA (CT)",0,1923,1923,0,4634,4634
22097961400,"St. Landry Parish, LA (CT)",0,1929,1929,0,4404,4404
22097961500,"St. Landry Parish, LA (CT)",0,2024,2024,0,4502,4502
22097961600,"St. Landry Parish, LA (CT)",0,1751,1751,0,4192,4192
22097961700,"St. Landry Parish, LA (CT)",1609,1243,2852,3993,3264,7257
22097961800,"St. Landry Parish, LA (CT)",2437,376,2813,5911,914,6825
22097961900,"St. Landry Parish, LA (CT)",198,1293,1491,481,3002,3483
22099020100,"St. Martin Parish, LA (CT)",1979,606,2585,3562,1554,5116
22099020200,"St. Martin Parish, LA (CT)",1985,885,2870,5006,2319,7325
22099020301,"St. Martin Parish, LA (CT)",1000,662,1662,2382,1783,4165
22099020302,"St. Martin Parish, LA (CT)",1429,1538,2967,3617,4011,7628
22099020400,"St. Martin Parish, LA (CT)",1339,1191,2530,3297,3009,6306
22099020501,"St. Martin Parish, LA (CT)",568,1797,2365,1333,4737,6070
22099020502,"St. Martin Parish, LA (CT)",145,1256,1401,465,2993,3458
22099020600,"St. Martin Parish, LA (CT)",924,1500,2424,2233,3519,5752
22099020800,"St. Martin Parish, LA (CT)",794,450,1244,2036,938,2974
22099020900,"St. Martin Parish, LA (CT)",278,464,742,690,1233,1923
22099021000,"St. Martin Parish, LA (CT)",1047,104,1151,1235,208,1443
22101040100,"St. Mary Parish, LA (CT)",0,1206,1206,0,3004,3004
22101040200,"St. Mary Parish, LA (CT)",0,2074,2074,0,4975,4975
22101040300,"St. Mary Parish, LA (CT)",0,1543,1543,0,3255,3255
22101040400,"St. Mary Parish, LA (CT)",0,1897,1897,0,4055,4055
22101040500,"St. Mary Parish, LA (CT)",48,1986,2034,110,4872,4982
22101040600,"St. Mary Parish, LA (CT)",8,1963,1971,20,4724,4744
22101040700,"St. Mary Parish, LA (CT)",0,1689,1689,0,3801,3801
22101040800,"St. Mary Parish, LA (CT)",592,1117,1709,1462,3109,4571
22101040900,"St. Mary Parish, LA (CT)",473,818,1291,1176,2298,3474
22101041000,"St. Mary Parish, LA (CT)",785,953,1738,1871,2319,4190
22101041100,"St. Mary Parish, LA (CT)",972,60,1032,1731,167,1898
22101041200,"St. Mary Parish, LA (CT)",0,856,856,0,2160,2160
22101041300,"St. Mary Parish, LA (CT)",58,764,822,186,1916,2102
22101041400,"St. Mary Parish, LA (CT)",245,1193,1438,570,2828,3398
22101041500,"St. Mary Parish, LA (CT)",0,854,854,0,1990,1990
22101041600,"St. Mary Parish, LA (CT)",0,874,874,0,2051,2051
22101990000,"St. Mary Parish, LA (CT)",0,0,0,0,0,0
22103040102,"St. Tammany Parish, LA (CT)",2818,1030,3848,6805,2278,9083
22103040103,"St. Tammany Parish, LA (CT)",1818,0,1818,4453,0,4453
22103040104,"St. Tammany Parish, LA (CT)",2764,0,2764,6295,0,6295
22103040201,"St. Tammany Parish, LA (CT)",3197,139,3336,8056,321,8377
22103040202,"St. Tammany Parish, LA (CT)",2348,375,2723,5870,941,6811
22103040303,"St. Tammany Parish, LA (CT)",89,3754,3843,275,8529,8804
22103040304,"St. Tammany Parish, LA (CT)",0,2642,2642,0,6488,6488
22103040305,"St. Tammany Parish, LA (CT)",1141,2781,3922,2822,7648,10470
22103040400,"St. Tammany Parish, LA (CT)",301,2509,2810,686,6431,7117
22103040501,"St. Tammany Parish, LA (CT)",0,1518,1518,0,3334,3334
22103040502,"St. Tammany Parish, LA (CT)",505,1058,1563,1056,2554,3610
22103040601,"St. Tammany Parish, LA (CT)",93,826,919,261,1796,2057
22103040602,"St. Tammany Parish, LA (CT)",0,1284,1284,0,2536,2536
22103040604,"St. Tammany Parish, LA (CT)",0,3623,3623,0,8178,8178
22103040605,"St. Tammany Parish, LA (CT)",141,2268,2409,307,5944,6251
22103040701,"St. Tammany Parish, LA (CT)",646,2592,3238,1554,6706,8260
22103040704,"St. Tammany Parish, LA (CT)",1282,1174,2456,3247,3034,6281
22103040705,"St. Tammany Parish, LA (CT)",0,2419,2419,0,6039,6039
22103040706,"St. Tammany Parish, LA (CT)",262,2068,2330,651,5168,5819
22103040708,"St. Tammany Parish, LA (CT)",428,1818,2246,1135,4909,6044
22103040709,"St. Tammany Parish, LA (CT)",0,1629,1629,0,4272,4272
22103040710,"St. Tammany Parish, LA (CT)",0,2110,2110,0,5873,5873
22103040801,"St. Tammany Parish, LA (CT)",0,2096,2096,0,4656,4656
22103040802,"St. Tammany Parish, LA (CT)",0,3303,3303,0,6648,6648
22103040803,"St. Tammany Parish, LA (CT)",1551,2486,4037,2868,6458,9326
22103040900,"St. Tammany Parish, LA (CT)",0,1378,1378,0,2748,2748
22103041002,"St. Tammany Parish, LA (CT)",0,1159,1159,0,2810,2810
22103041003,"St. Tammany Parish, LA (CT)",0,2084,2084,0,5270,5270
22103041004,"St. Tammany Parish, LA (CT)",0,1728,1728,0,4629,4629
22103041101,"St. Tammany Parish, LA (CT)",149,1385,1534,407,3417,3824
22103041102,"St. Tammany Parish, LA (CT)",24,2756,2780,42,6896,6938
22103041103,"St. Tammany Parish, LA (CT)",101,1258,1359,270,3207,3477
22103041104,"St. Tammany Parish, LA (CT)",50,1308,1358,85,3083,3168
22103041202,"St. Tammany Parish, LA (CT)",1080,174,1254,2301,352,2653
22103041204,"St. Tammany Parish, LA (CT)",951,2646,3597,2237,6553,8790
22103041207,"St. Tammany Parish, LA (CT)",293,1311,1604,817,3301,4118
22103041208,"St. Tammany Parish, LA (CT)",0,1408,1408,0,4536,4536
22103041209,"St. Tammany Parish, LA (CT)",0,2056,2056,0,4977,4977
22103041210,"St. Tammany Parish, LA (CT)",250,680,930,710,1648,2358
22103041211,"St. Tammany Parish, LA (CT)",0,2155,2155,0,6043,6043
22103041212,"St. Tammany Parish, LA (CT)",269,903,1172,1010,2778,3788
22103041300,"St. Tammany Parish, LA (CT)",27,2943,2970,50,6481,6531
22103990000,"St. Tammany Parish, LA (CT)",0,0,0,0,0,0
22105953200,"Tangipahoa Parish, LA (CT)",1221,0,1221,2918,0,2918
22105953300,"Tangipahoa Parish, LA (CT)",1856,0,1856,4218,0,4218
22105953400,"Tangipahoa Parish, LA (CT)",911,1435,2346,2192,4015,6207
22105953500,"Tangipahoa Parish, LA (CT)",3125,0,3125,7225,0,7225
22105953600,"Tangipahoa Parish, LA (CT)",986,1450,2436,2350,3710,6060
22105953700,"Tangipahoa Parish, LA (CT)",4087,0,4087,10368,0,10368
22105953800,"Tangipahoa Parish, LA (CT)",1461,610,2071,3464,1420,4884
22105953900,"Tangipahoa Parish, LA (CT)",894,2959,3853,2023,7197,9220
22105954001,"Tangipahoa Parish, LA (CT)",224,1557,1781,535,3853,4388
22105954002,"Tangipahoa Parish, LA (CT)",1493,936,2429,3536,2180,5716
22105954101,"Tangipahoa Parish, LA (CT)",247,2115,2362,548,4754,5302
22105954102,"Tangipahoa Parish, LA (CT)",159,3799,3958,346,9718,10064
22105954200,"Tangipahoa Parish, LA (CT)",0,1678,1678,0,4729,4729
22105954300,"Tangipahoa Parish, LA (CT)",0,1571,1571,0,4010,4010
22105954400,"Tangipahoa Parish, LA (CT)",0,1791,1791,0,3837,3837
22105954501,"Tangipahoa Parish, LA (CT)",0,2350,2350,0,5301,5301
22105954502,"Tangipahoa Parish, LA (CT)",136,2714,2850,302,6458,6760
22105954600,"Tangipahoa Parish, LA (CT)",2972,1243,4215,7060,3151,10211
22105954700,"Tangipahoa Parish, LA (CT)",343,1464,1807,738,3605,4343
22105954800,"Tangipahoa Parish, LA (CT)",729,1557,2286,1741,3595,5336
22107000100,"Tensas Parish, LA (CT)",1447,0,1447,1859,0,1859
22107000200,"Tensas Parish, LA (CT)",727,0,727,1230,0,1230
22107000300,"Tensas Parish, LA (CT)",1183,0,1183,2163,0,2163
22109000101,"Terrebonne Parish, LA (CT)",142,2331,2473,373,6111,6484
22109000102,"Terrebonne Parish, LA (CT)",499,1066,1565,1238,2850,4088
22109000201,"Terrebonne Parish, LA (CT)",32,1297,1329,90,3322,3412
22109000202,"Terrebonne Parish, LA (CT)",172,2558,2730,463,6743,7206
22109000300,"Terrebonne Parish, LA (CT)",0,2235,2235,0,4888,4888
22109000401,"Terrebonne Parish, LA (CT)",0,1995,1995,0,5103,5103
22109000402,"Terrebonne Parish, LA (CT)",0,1502,1502,0,3730,3730
22109000500,"Terrebonne Parish, LA (CT)",184,2521,2705,468,5357,5825
22109000600,"Terrebonne Parish, LA (CT)",393,2075,2468,1015,5452,6467
22109000700,"Terrebonne Parish, LA (CT)",0,2395,2395,0,6061,6061
22109000800,"Terrebonne Parish, LA (CT)",0,2535,2535,0,6352,6352
22109000900,"Terrebonne Parish, LA (CT)",0,2435,2435,0,5061,5061
22109001000,"Terrebonne Parish, LA (CT)",681,1523,2204,1789,4319,6108
22109001100,"Terrebonne Parish, LA (CT)",947,488,1435,2479,1259,3738
22109001201,"Terrebonne Parish, LA (CT)",328,804,1132,856,2146,3002
22109001202,"Terrebonne Parish, LA (CT)",899,851,1750,1774,2239,4013
22109001300,"Terrebonne Parish, LA (CT)",1150,1277,2427,2942,4753,7695
22109001400,"Terrebonne Parish, LA (CT)",1290,140,1430,3065,391,3456
22109001500,"Terrebonne Parish, LA (CT)",768,1610,2378,2163,4608,6771
22109001600,"Terrebonne Parish, LA (CT)",1312,0,1312,3109,0,3109
22109001700,"Terrebonne Parish, LA (CT)",447,3005,3452,1251,8040,9291
22109990000,"Terrebonne Parish, LA (CT)",0,0,0,0,0,0
22111960100,"Union Parish, LA (CT)",2162,99,2261,3927,313,4240
22111960200,"Union Parish, LA (CT)",1819,0,1819,3712,0,3712
22111960300,"Union Parish, LA (CT)",1604,22,1626,2910,42,2952
22111960400,"Union Parish, LA (CT)",110,1479,1589,262,3455,3717
22111960500,"Union Parish, LA (CT)",2236,44,2280,4539,73,4612
22111960600,"Union Parish, LA (CT)",1771,0,1771,3488,0,3488
22113950100,"Vermilion Parish, LA (CT)",2787,876,3663,7022,2186,9208
22113950200,"Vermilion Parish, LA (CT)",2569,0,2569,5075,0,5075
22113950400,"Vermilion Parish, LA (CT)",208,2243,2451,502,4787,5289
22113950500,"Vermilion Parish, LA (CT)",2268,86,2354,5523,221,5744
22113950600,"Vermilion Parish, LA (CT)",534,836,1370,1281,1766,3047
22113950700,"Vermilion Parish, LA (CT)",0,1709,1709,0,4039,4039
22113950800,"Vermilion Parish, LA (CT)",0,2234,2234,0,5030,5030
22113950901,"Vermilion Parish, LA (CT)",667,637,1304,1529,1528,3057
22113950902,"Vermilion Parish, LA (CT)",1970,991,2961,5186,2687,7873
22113951001,"Vermilion Parish, LA (CT)",782,1005,1787,2077,2276,4353
22113951002,"Vermilion Parish, LA (CT)",863,749,1612,1902,1799,3701
22113951100,"Vermilion Parish, LA (CT)",1221,0,1221,1583,0,1583
22113990000,"Vermilion Parish, LA (CT)",0,0,0,0,0,0
22115950100,"Vernon Parish, LA (CT)",2460,52,2512,5250,197,5447
22115950200,"Vernon Parish, LA (CT)",2326,0,2326,5221,0,5221
22115950300,"Vernon Parish, LA (CT)",2058,0,2058,4630,0,4630
22115950400,"Vernon Parish, LA (CT)",114,1733,1847,218,3488,3706
22115950500,"Vernon Parish, LA (CT)",165,2553,2718,379,5920,6299
22115950600,"Vernon Parish, LA (CT)",946,773,1719,1967,1731,3698
22115950701,"Vernon Parish, LA (CT)",3,0,3,4,1937,1941
22115950702,"Vernon Parish, LA (CT)",0,1026,1026,0,3530,3530
22115950703,"Vernon Parish, LA (CT)",20,1108,1128,48,2816,2864
22115950704,"Vernon Parish, LA (CT)",0,1282,1282,0,3571,3571
22115950800,"Vernon Parish, LA (CT)",1901,193,2094,4468,328,4796
22115950900,"Vernon Parish, LA (CT)",1594,1126,2720,3928,2703,6631
22117950101,"Washington Parish, LA (CT)",1354,99,1453,3830,218,4048
22117950102,"Washington Parish, LA (CT)",1748,0,1748,4086,0,4086
22117950200,"Washington Parish, LA (CT)",2470,140,2610,5786,308,6094
22117950300,"Washington Parish, LA (CT)",1022,946,1968,2236,2155,4391
22117950400,"Washington Parish, LA (CT)",1865,0,1865,3933,0,3933
22117950500,"Washington Parish, LA (CT)",2093,454,2547,4767,1043,5810
22117950600,"Washington Parish, LA (CT)",1838,366,2204,3986,743,4729
22117950700,"Washington Parish, LA (CT)",367,2024,2391,793,4394,5187
22117950800,"Washington Parish, LA (CT)",182,1927,2109,304,3843,4147
22117950900,"Washington Parish, LA (CT)",0,585,585,0,1241,1241
22117951000,"Washington Parish, LA (CT)",780,779,1559,1728,1774,3502
22119031100,"Webster Parish, LA (CT)",916,0,916,1890,0,1890
22119031200,"Webster Parish, LA (CT)",707,795,1502,1431,1493,2924
22119031300,"Webster Parish, LA (CT)",257,2186,2443,494,4519,5013
22119031400,"Webster Parish, LA (CT)",1556,0,1556,3248,0,3248
22119031500,"Webster Parish, LA (CT)",2764,134,2898,5630,263,5893
22119031600,"Webster Parish, LA (CT)",938,219,1157,2208,593,2801
22119031700,"Webster Parish, LA (CT)",14,1315,1329,25,3259,3284
22119031800,"Webster Parish, LA (CT)",0,1259,1259,0,2814,2814
22119031900,"Webster Parish, LA (CT)",0,1405,1405,0,2737,2737
22119032000,"Webster Parish, LA (CT)",339,1221,1560,803,2665,3468
22119032100,"Webster Parish, LA (CT)",2897,414,3311,6128,1007,7135
22121020100,"West Baton Rouge Parish, LA (CT)",0,1886,1886,0,4299,4299
22121020200,"West Baton Rouge Parish, LA (CT)",94,1179,1273,213,3136,3349
22121020300,"West Baton Rouge Parish, LA (CT)",2189,84,2273,5634,189,5823
22121020401,"West Baton Rouge Parish, LA (CT)",8,1825,1833,20,4844,4864
22121020402,"West Baton Rouge Parish, LA (CT)",489,1570,2059,1379,4074,5453
22123000100,"West Carroll Parish, LA (CT)",2085,0,2085,4600,0,4600
22123000200,"West Carroll Parish, LA (CT)",1811,0,1811,4136,0,4136
22123000300,"West Carroll Parish, LA (CT)",1150,0,1150,2868,0,2868
22125951701,"West Feliciana Parish, LA (CT)",1909,0,1909,8272,0,8272
22125951702,"West Feliciana Parish, LA (CT)",230,0,230,479,0,479
22125951800,"West Feliciana Parish, LA (CT)",2958,0,2958,6874,0,6874
22127960100,"Winn Parish, LA (CT)",2057,34,2091,3721,59,3780
22127960200,"Winn Parish, LA (CT)",2449,122,2571,5782,364,6146
22127960300,"Winn Parish, LA (CT)",56,1392,1448,118,2816,2934
22127960400,"Winn Parish, LA (CT)",149,975,1124,316,2137,2453
23001010100,"Androscoggin, ME (CT)",0,1021,1021,0,1714,1714
23001010200,"Androscoggin, ME (CT)",691,1555,2246,1540,3063,4603
23001010300,"Androscoggin, ME (CT)",0,1237,1237,0,2468,2468
23001010400,"Androscoggin, ME (CT)",0,898,898,0,2119,2119
23001010500,"Androscoggin, ME (CT)",0,1024,1024,0,2030,2030
23001010600,"Androscoggin, ME (CT)",745,549,1294,1821,1226,3047
23001010700,"Androscoggin, ME (CT)",288,1099,1387,673,2415,3088
23001010800,"Androscoggin, ME (CT)",584,1325,1909,1097,2889,3986
23001020100,"Androscoggin, ME (CT)",0,867,867,0,1577,1577
23001020200,"Androscoggin, ME (CT)",0,693,693,0,1283,1283
23001020300,"Androscoggin, ME (CT)",0,3178,3178,0,6683,6683
23001020400,"Androscoggin, ME (CT)",0,1606,1606,0,3770,3770
23001020500,"Androscoggin, ME (CT)",0,1821,1821,0,3713,3713
23001020600,"Androscoggin, ME (CT)",323,907,1230,789,1919,2708
23001020700,"Androscoggin, ME (CT)",0,2325,2325,0,4891,4891
23001020800,"Androscoggin, ME (CT)",687,2583,3270,1530,6026,7556
23001020900,"Androscoggin, ME (CT)",221,1520,1741,505,3906,4411
23001030100,"Androscoggin, ME (CT)",1138,868,2006,2628,1996,4624
23001030200,"Androscoggin, ME (CT)",359,1583,1942,853,3532,4385
23001040000,"Androscoggin, ME (CT)",1548,0,1548,3848,0,3848
23001041000,"Androscoggin, ME (CT)",2679,0,2679,5376,0,5376
23001041500,"Androscoggin, ME (CT)",2355,0,2355,5638,0,5638
23001042000,"Androscoggin, ME (CT)",2481,0,2481,5734,0,5734
23001043000,"Androscoggin, ME (CT)",1127,0,1127,2095,0,2095
23001044000,"Androscoggin, ME (CT)",696,838,1534,1507,1680,3187
23001045000,"Androscoggin, ME (CT)",1018,0,1018,2326,0,2326
23001046000,"Androscoggin, ME (CT)",1880,0,1880,4350,0,4350
23001046500,"Androscoggin, ME (CT)",1801,972,2773,4397,2095,6492
23003950100,"Aroostook, ME (CT)",2221,0,2221,2596,0,2596
23003950200,"Aroostook, ME (CT)",1446,0,1446,2638,0,2638
23003950300,"Aroostook, ME (CT)",2398,0,2398,4035,0,4035
23003950400,"Aroostook, ME (CT)",1011,0,1011,1834,0,1834
23003950600,"Aroostook, ME (CT)",1922,0,1922,4097,0,4097
23003950700,"Aroostook, ME (CT)",2477,0,2477,2956,0,2956
23003950900,"Aroostook, ME (CT)",1506,0,1506,2069,0,2069
23003951000,"Aroostook, ME (CT)",1673,0,1673,3569,0,3569
23003951100,"Aroostook, ME (CT)",1288,0,1288,2841,0,2841
23003951200,"Aroostook, ME (CT)",434,810,1244,1005,1544,2549
23003951300,"Aroostook, ME (CT)",895,719,1614,1951,1435,3386
23003951400,"Aroostook, ME (CT)",583,473,1056,1259,995,2254
23003951600,"Aroostook, ME (CT)",1011,0,1011,2314,0,2314
23003951700,"Aroostook, ME (CT)",2270,0,2270,4783,0,4783
23003951800,"Aroostook, ME (CT)",617,1202,1819,1217,2476,3693
23003951900,"Aroostook, ME (CT)",590,898,1488,1266,1671,2937
23003952000,"Aroostook, ME (CT)",435,866,1301,1128,1934,3062
23003952100,"Aroostook, ME (CT)",1287,0,1287,2768,0,2768
23003952300,"Aroostook, ME (CT)",1612,0,1612,2652,0,2652
23003952400,"Aroostook, ME (CT)",459,1295,1754,1057,2768,3825
23003952500,"Aroostook, ME (CT)",417,651,1068,938,1360,2298
23003952600,"Aroostook, ME (CT)",1965,0,1965,3195,0,3195
23003952700,"Aroostook, ME (CT)",1656,0,1656,2561,0,2561
23003952900,"Aroostook, ME (CT)",2442,0,2442,2958,0,2958
23005000100,"Cumberland, ME (CT)",0,1353,1353,0,2346,2346
23005000200,"Cumberland, ME (CT)",0,1333,1333,0,2349,2349
23005000300,"Cumberland, ME (CT)",0,1996,1996,0,2625,2625
23005000500,"Cumberland, ME (CT)",0,993,993,0,2420,2420
23005000600,"Cumberland, ME (CT)",0,1618,1618,0,3389,3389
23005001000,"Cumberland, ME (CT)",0,1694,1694,0,2779,2779
23005001100,"Cumberland, ME (CT)",0,1625,1625,0,2372,2372
23005001200,"Cumberland, ME (CT)",0,725,725,0,1381,1381
23005001300,"Cumberland, ME (CT)",0,1969,1969,0,3321,3321
23005001500,"Cumberland, ME (CT)",0,1826,1826,0,3415,3415
23005001700,"Cumberland, ME (CT)",0,1968,1968,0,4390,4390
23005001800,"Cumberland, ME (CT)",0,1981,1981,0,3709,3709
23005001900,"Cumberland, ME (CT)",0,2017,2017,0,4220,4220
23005002001,"Cumberland, ME (CT)",0,1440,1440,0,3632,3632
23005002002,"Cumberland, ME (CT)",0,1096,1096,0,2777,2777
23005002101,"Cumberland, ME (CT)",0,2514,2514,0,5917,5917
23005002102,"Cumberland, ME (CT)",0,2258,2258,0,5578,5578
23005002200,"Cumberland, ME (CT)",0,2360,2360,0,4916,4916
23005002300,"Cumberland, ME (CT)",0,1624,1624,0,3632,3632
23005002400,"Cumberland, ME (CT)",1827,0,1827,1256,0,1256
23005002501,"Cumberland, ME (CT)",9,1628,1637,22,3344,3366
23005002502,"Cumberland, ME (CT)",1959,1155,3114,5098,2721,7819
23005002600,"Cumberland, ME (CT)",99,1597,1696,250,3726,3976
23005002700,"Cumberland, ME (CT)",142,1905,2047,354,4182,4536
23005002800,"Cumberland, ME (CT)",0,1460,1460,0,2907,2907
23005002900,"Cumberland, ME (CT)",74,2712,2786,164,5911,6075
23005003000,"Cumberland, ME (CT)",1,2888,2889,1,6498,6499
23005003100,"Cumberland, ME (CT)",0,1740,1740,0,3722,3722
23005003200,"Cumberland, ME (CT)",0,1748,1748,0,3117,3117
23005003300,"Cumberland, ME (CT)",0,1258,1258,0,3102,3102
23005003400,"Cumberland, ME (CT)",0,1934,1934,0,4702,4702
23005003500,"Cumberland, ME (CT)",0,1915,1915,0,3860,3860
23005003701,"Cumberland, ME (CT)",15,1738,1753,32,4012,4044
23005003702,"Cumberland, ME (CT)",475,1735,2210,1179,3792,4971
23005004001,"Cumberland, ME (CT)",928,212,1140,2298,594,2892
23005004002,"Cumberland, ME (CT)",924,1653,2577,2340,5211,7551
23005004100,"Cumberland, ME (CT)",2071,184,2255,5489,449,5938
23005004200,"Cumberland, ME (CT)",2024,1403,3427,4237,3315,7552
23005004401,"Cumberland, ME (CT)",203,1977,2180,548,4523,5071
23005004402,"Cumberland, ME (CT)",257,1382,1639,415,2863,3278
23005004501,"Cumberland, ME (CT)",1232,1,1233,3141,4,3145
23005004502,"Cumberland, ME (CT)",1122,1335,2457,2101,2633,4734
23005004600,"Cumberland, ME (CT)",1195,159,1354,3202,363,3565
23005004701,"Cumberland, ME (CT)",1338,0,1338,1964,0,1964
23005004702,"Cumberland, ME (CT)",2503,0,2503,5797,0,5797
23005004801,"Cumberland, ME (CT)",586,2568,3154,1152,5431,6583
23005004802,"Cumberland, ME (CT)",1078,881,1959,2713,1960,4673
23005004803,"Cumberland, ME (CT)",1006,1017,2023,2570,3175,5745
23005011100,"Cumberland, ME (CT)",612,1515,2127,1160,3089,4249
23005011201,"Cumberland, ME (CT)",580,2834,3414,996,5665,6661
23005011202,"Cumberland, ME (CT)",0,3094,3094,0,6879,6879
23005011300,"Cumberland, ME (CT)",964,0,964,2489,0,2489
23005011500,"Cumberland, ME (CT)",2864,44,2908,6934,82,7016
23005012000,"Cumberland, ME (CT)",2510,342,2852,3770,666,4436
23005013000,"Cumberland, ME (CT)",2944,0,2944,3742,0,3742
23005014000,"Cumberland, ME (CT)",3004,0,3004,3872,0,3872
23005015000,"Cumberland, ME (CT)",1761,0,1761,2730,0,2730
23005016000,"Cumberland, ME (CT)",4051,0,4051,5210,0,5210
23005016500,"Cumberland, ME (CT)",2164,0,2164,3244,0,3244
23005017001,"Cumberland, ME (CT)",2686,0,2686,6268,0,6268
23005017002,"Cumberland, ME (CT)",2159,61,2220,3541,70,3611
23005017101,"Cumberland, ME (CT)",1714,0,1714,1982,0,1982
23005017102,"Cumberland, ME (CT)",2494,0,2494,2758,0,2758
23005017301,"Cumberland, ME (CT)",1661,1575,3236,4621,3699,8320
23005017303,"Cumberland, ME (CT)",327,1569,1896,869,3647,4516
23005017304,"Cumberland, ME (CT)",724,2761,3485,1171,4912,6083
23005990000,"Cumberland, ME (CT)",0,0,0,0,0,0
23007970101,"Franklin, ME (CT)",3227,0,3227,2393,0,2393
23007970102,"Franklin, ME (CT)",1645,0,1645,933,0,933
23007970601,"Franklin, ME (CT)",3251,0,3251,1799,0,1799
23007970602,"Franklin, ME (CT)",1959,0,1959,2269,0,2269
23007971000,"Franklin, ME (CT)",2430,0,2430,3888,0,3888
23007971100,"Franklin, ME (CT)",1479,0,1479,2759,0,2759
23007971200,"Franklin, ME (CT)",1840,1601,3441,3941,3819,7760
23007971300,"Franklin, ME (CT)",2025,0,2025,4116,0,4116
23007971400,"Franklin, ME (CT)",1528,724,2252,3439,1412,4851
23009965100,"Hancock, ME (CT)",2402,0,2402,1981,0,1981
23009965200,"Hancock, ME (CT)",1998,0,1998,2353,0,2353
23009965300,"Hancock, ME (CT)",2551,0,2551,4924,0,4924
23009965400,"Hancock, ME (CT)",1762,0,1762,2769,0,2769
23009965503,"Hancock, ME (CT)",747,981,1728,1517,1888,3405
23009965504,"Hancock, ME (CT)",2078,450,2528,3444,917,4361
23009965700,"Hancock, ME (CT)",2163,0,2163,2993,0,2993
23009965800,"Hancock, ME (CT)",1961,0,1961,2253,0,2253
23009965900,"Hancock, ME (CT)",1750,1745,3495,2660,2575,5235
23009966000,"Hancock, ME (CT)",2287,0,2287,2053,0,2053
23009966100,"Hancock, ME (CT)",1859,0,1859,1905,0,1905
23009966200,"Hancock, ME (CT)",1819,0,1819,1956,0,1956
23009966300,"Hancock, ME (CT)",3055,0,3055,4152,0,4152
23009966400,"Hancock, ME (CT)",1587,0,1587,2629,0,2629
23009966500,"Hancock, ME (CT)",2608,0,2608,2954,0,2954
23009966600,"Hancock, ME (CT)",2929,0,2929,3018,0,3018
23009966700,"Hancock, ME (CT)",3452,0,3452,5477,0,5477
23009990000,"Hancock, ME (CT)",0,0,0,0,0,0
23011010100,"Kennebec, ME (CT)",1130,1398,2528,2234,2650,4884
23011010200,"Kennebec, ME (CT)",856,1363,2219,1912,2473,4385
23011010300,"Kennebec, ME (CT)",59,1862,1921,141,3330,3471
23011010400,"Kennebec, ME (CT)",0,1319,1319,0,2307,2307
23011010500,"Kennebec, ME (CT)",591,1178,1769,1218,2871,4089
23011010600,"Kennebec, ME (CT)",2375,840,3215,5500,1659,7159
23011010700,"Kennebec, ME (CT)",516,813,1329,963,1418,2381
23011010801,"Kennebec, ME (CT)",1255,0,1255,2580,0,2580
23011010802,"Kennebec, ME (CT)",1965,965,2930,4427,2003,6430
23011010900,"Kennebec, ME (CT)",49,738,787,110,1477,1587
23011011000,"Kennebec, ME (CT)",776,1215,1991,1764,2449,4213
23011012000,"Kennebec, ME (CT)",1861,0,1861,3624,0,3624
23011013000,"Kennebec, ME (CT)",2021,0,2021,4104,0,4104
23011014000,"Kennebec, ME (CT)",3295,0,3295,6092,0,6092
23011014500,"Kennebec, ME (CT)",1661,0,1661,2329,0,2329
23011015000,"Kennebec, ME (CT)",1293,0,1293,2598,0,2598
23011015500,"Kennebec, ME (CT)",2563,0,2563,3220,0,3220
23011016000,"Kennebec, ME (CT)",2198,0,2198,3189,0,3189
23011017000,"Kennebec, ME (CT)",1850,0,1850,4208,0,4208
23011018000,"Kennebec, ME (CT)",2065,0,2065,4340,0,4340
23011019000,"Kennebec, ME (CT)",1152,0,1152,2575,0,2575
23011020000,"Kennebec, ME (CT)",2316,0,2316,4328,0,4328
23011020500,"Kennebec, ME (CT)",942,0,942,2084,0,2084
23011021000,"Kennebec, ME (CT)",1547,0,1547,3486,0,3486
23011022000,"Kennebec, ME (CT)",966,198,1164,2276,456,2732
23011023001,"Kennebec, ME (CT)",237,1571,1808,507,3140,3647
23011023002,"Kennebec, ME (CT)",1265,619,1884,2769,1378,4147
23011024101,"Kennebec, ME (CT)",0,1918,1918,0,4042,4042
23011024102,"Kennebec, ME (CT)",0,2669,2669,0,5024,5024
23011024200,"Kennebec, ME (CT)",104,2374,2478,242,6414,6656
23011025000,"Kennebec, ME (CT)",1941,1083,3024,3928,2312,6240
23013970200,"Knox, ME (CT)",1004,2161,3165,1489,3361,4850
23013970300,"Knox, ME (CT)",3451,0,3451,6638,0,6638
23013970400,"Knox, ME (CT)",2158,987,3145,5644,1888,7532
23013970500,"Knox, ME (CT)",1514,442,1956,2586,744,3330
23013970600,"Knox, ME (CT)",0,1431,1431,0,2801,2801
23013970700,"Knox, ME (CT)",342,2152,2494,639,3857,4496
23013970800,"Knox, ME (CT)",1893,60,1953,3046,92,3138
23013970900,"Knox, ME (CT)",2107,0,2107,2591,0,2591
23013971000,"Knox, ME (CT)",1822,0,1822,2686,0,2686
23013971100,"Knox, ME (CT)",2220,0,2220,1674,0,1674
23013990000,"Knox, ME (CT)",0,0,0,0,0,0
23015975100,"Lincoln, ME (CT)",2929,0,2929,5276,0,5276
23015975200,"Lincoln, ME (CT)",2651,0,2651,5075,0,5075
23015975300,"Lincoln, ME (CT)",2465,0,2465,3861,0,3861
23015975400,"Lincoln, ME (CT)",2093,0,2093,3710,0,3710
23015975500,"Lincoln, ME (CT)",3136,0,3136,6122,0,6122
23015975600,"Lincoln, ME (CT)",3443,0,3443,3630,0,3630
23015975700,"Lincoln, ME (CT)",1076,0,1076,892,0,892
23015975800,"Lincoln, ME (CT)",2474,0,2474,3120,0,3120
23015976200,"Lincoln, ME (CT)",3226,0,3226,2771,0,2771
23015990000,"Lincoln, ME (CT)",0,0,0,0,0,0
23017965100,"Oxford, ME (CT)",2859,0,2859,1587,0,1587
23017965400,"Oxford, ME (CT)",1209,848,2057,1609,1586,3195
23017965500,"Oxford, ME (CT)",638,664,1302,1264,951,2215
23017965600,"Oxford, ME (CT)",583,1402,1985,1176,2450,3626
23017965700,"Oxford, ME (CT)",1653,0,1653,3540,0,3540
23017965800,"Oxford, ME (CT)",2197,0,2197,3665,0,3665
23017965900,"Oxford, ME (CT)",2174,0,2174,2988,0,2988
23017966000,"Oxford, ME (CT)",2826,0,2826,3307,0,3307
23017966100,"Oxford, ME (CT)",812,0,812,1812,0,1812
23017966200,"Oxford, ME (CT)",1234,1185,2419,2727,2456,5183
23017966300,"Oxford, ME (CT)",1373,0,1373,3425,0,3425
23017966400,"Oxford, ME (CT)",3122,217,3339,5403,477,5880
23017966500,"Oxford, ME (CT)",1826,978,2804,3167,1847,5014
23017966600,"Oxford, ME (CT)",2642,0,2642,3084,0,3084
23017966700,"Oxford, ME (CT)",1844,0,1844,3449,0,3449
23017966800,"Oxford, ME (CT)",2048,0,2048,2745,0,2745
23017966900,"Oxford, ME (CT)",1721,0,1721,3118,0,3118
23019000200,"Penobscot, ME (CT)",0,2183,2183,0,3436,3436
23019000300,"Penobscot, ME (CT)",0,1956,1956,0,4472,4472
23019000400,"Penobscot, ME (CT)",0,1154,1154,0,2364,2364
23019000500,"Penobscot, ME (CT)",0,1893,1893,0,3867,3867
23019000600,"Penobscot, ME (CT)",0,1253,1253,0,2279,2279
23019000700,"Penobscot, ME (CT)",0,1345,1345,0,3003,3003
23019000900,"Penobscot, ME (CT)",156,2774,2930,339,6385,6724
23019002000,"Penobscot, ME (CT)",1850,1180,3030,4598,2659,7257
23019003000,"Penobscot, ME (CT)",1415,197,1612,3260,473,3733
23019004100,"Penobscot, ME (CT)",0,988,988,0,1816,1816
23019004200,"Penobscot, ME (CT)",117,998,1115,261,2369,2630
23019004300,"Penobscot, ME (CT)",626,1728,2354,1418,3618,5036
23019005000,"Penobscot, ME (CT)",268,616,884,656,1263,1919
23019006100,"Penobscot, ME (CT)",0,1196,1196,0,2720,2720
23019006200,"Penobscot, ME (CT)",515,832,1347,990,1846,2836
23019006300,"Penobscot, ME (CT)",0,546,546,0,4806,4806
23019007100,"Penobscot, ME (CT)",201,2161,2362,481,4573,5054
23019007200,"Penobscot, ME (CT)",754,549,1303,1605,1181,2786
23019008001,"Penobscot, ME (CT)",992,1112,2104,2247,2315,4562
23019009000,"Penobscot, ME (CT)",2985,0,2985,6222,0,6222
23019010000,"Penobscot, ME (CT)",2206,4,2210,5402,14,5416
23019011000,"Penobscot, ME (CT)",1182,0,1182,2794,0,2794
23019012000,"Penobscot, ME (CT)",659,0,659,1551,0,1551
23019012500,"Penobscot, ME (CT)",1172,0,1172,2561,0,2561
23019013000,"Penobscot, ME (CT)",1766,0,1766,3275,0,3275
23019013500,"Penobscot, ME (CT)",1180,0,1180,2448,0,2448
23019014000,"Penobscot, ME (CT)",1075,0,1075,2198,0,2198
23019015000,"Penobscot, ME (CT)",2141,0,2141,3895,0,3895
23019015500,"Penobscot, ME (CT)",1043,0,1043,2197,0,2197
23019018000,"Penobscot, ME (CT)",1146,0,1146,2851,0,2851
23019020500,"Penobscot, ME (CT)",1369,0,1369,2826,0,2826
23019021500,"Penobscot, ME (CT)",980,0,980,2006,0,2006
23019022500,"Penobscot, ME (CT)",922,0,922,1865,0,1865
23019024500,"Penobscot, ME (CT)",1811,0,1811,2393,0,2393
23019025500,"Penobscot, ME (CT)",1701,0,1701,1878,0,1878
23019026500,"Penobscot, ME (CT)",1061,0,1061,2143,0,2143
23019027000,"Penobscot, ME (CT)",2866,0,2866,5085,0,5085
23019028000,"Penobscot, ME (CT)",937,0,937,1607,0,1607
23019028500,"Penobscot, ME (CT)",814,0,814,1373,0,1373
23019029000,"Penobscot, ME (CT)",2205,5,2210,2071,13,2084
23019030000,"Penobscot, ME (CT)",260,2321,2581,536,3963,4499
23019031000,"Penobscot, ME (CT)",871,0,871,1723,0,1723
23019031100,"Penobscot, ME (CT)",735,2225,2960,1751,5143,6894
23019031200,"Penobscot, ME (CT)",1779,0,1779,4287,0,4287
23019031300,"Penobscot, ME (CT)",2618,0,2618,5942,0,5942
23019940000,"Penobscot, ME (CT)",14,252,266,2,608,610
23021960301,"Piscataquis, ME (CT)",1989,0,1989,1758,0,1758
23021960302,"Piscataquis, ME (CT)",2178,0,2178,404,0,404
23021960400,"Piscataquis, ME (CT)",1828,0,1828,1309,0,1309
23021960500,"Piscataquis, ME (CT)",1529,0,1529,1845,0,1845
23021960600,"Piscataquis, ME (CT)",1768,0,1768,2864,0,2864
23021960700,"Piscataquis, ME (CT)",2459,0,2459,4213,0,4213
23021960800,"Piscataquis, ME (CT)",2396,0,2396,3803,0,3803
23021960900,"Piscataquis, ME (CT)",1193,0,1193,1339,0,1339
23023970100,"Sagadahoc, ME (CT)",1629,0,1629,3411,0,3411
23023970200,"Sagadahoc, ME (CT)",2481,0,2481,5950,0,5950
23023970301,"Sagadahoc, ME (CT)",1275,980,2255,2552,2022,4574
23023970302,"Sagadahoc, ME (CT)",319,1593,1912,744,3466,4210
23023970400,"Sagadahoc, ME (CT)",2605,105,2710,4338,203,4541
23023970500,"Sagadahoc, ME (CT)",467,2301,2768,852,4510,5362
23023970600,"Sagadahoc, ME (CT)",0,1669,1669,0,3152,3152
23023970700,"Sagadahoc, ME (CT)",2763,101,2864,3920,173,4093
23023990000,"Sagadahoc, ME (CT)",0,0,0,0,0,0
23025965301,"Somerset, ME (CT)",883,0,883,1080,0,1080
23025965302,"Somerset, ME (CT)",3346,0,3346,1377,0,1377
23025965600,"Somerset, ME (CT)",1286,0,1286,2028,0,2028
23025965700,"Somerset, ME (CT)",1827,0,1827,2955,0,2955
23025965800,"Somerset, ME (CT)",1323,2,1325,2835,3,2838
23025965900,"Somerset, ME (CT)",1109,0,1109,1782,0,1782
23025966000,"Somerset, ME (CT)",796,1032,1828,1695,2520,4215
23025966100,"Somerset, ME (CT)",1729,0,1729,3589,0,3589
23025966200,"Somerset, ME (CT)",1257,0,1257,1975,0,1975
23025966300,"Somerset, ME (CT)",1910,0,1910,1995,0,1995
23025966400,"Somerset, ME (CT)",1300,0,1300,2511,0,2511
23025966500,"Somerset, ME (CT)",2477,1,2478,4853,2,4855
23025966600,"Somerset, ME (CT)",704,1523,2227,1385,2884,4269
23025966700,"Somerset, ME (CT)",1085,922,2007,2455,1865,4320
23025966800,"Somerset, ME (CT)",1646,1370,3016,3812,2923,6735
23025966900,"Somerset, ME (CT)",1520,0,1520,3367,0,3367
23025967000,"Somerset, ME (CT)",1521,0,1521,2337,0,2337
23027041000,"Waldo, ME (CT)",1645,0,1645,3757,0,3757
23027042000,"Waldo, ME (CT)",3323,0,3323,6039,0,6039
23027043000,"Waldo, ME (CT)",1584,1998,3582,3310,3358,6668
23027044000,"Waldo, ME (CT)",3477,0,3477,4250,0,4250
23027045000,"Waldo, ME (CT)",3235,0,3235,5969,0,5969
23027046001,"Waldo, ME (CT)",1318,0,1318,2254,0,2254
23027046002,"Waldo, ME (CT)",2525,0,2525,5183,0,5183
23027047000,"Waldo, ME (CT)",2461,0,2461,4666,0,4666
23029955100,"Washington, ME (CT)",3366,0,3366,2679,0,2679
23029955300,"Washington, ME (CT)",1182,0,1182,1566,0,1566
23029955400,"Washington, ME (CT)",875,0,875,1521,0,1521
23029955500,"Washington, ME (CT)",421,1316,1737,619,2504,3123
23029955600,"Washington, ME (CT)",1192,0,1192,2212,0,2212
23029955700,"Washington, ME (CT)",1083,0,1083,1331,0,1331
23029955800,"Washington, ME (CT)",1833,0,1833,2313,0,2313
23029955900,"Washington, ME (CT)",2161,0,2161,2844,0,2844
23029956100,"Washington, ME (CT)",1456,0,1456,2487,0,2487
23029956200,"Washington, ME (CT)",1487,0,1487,2959,0,2959
23029956300,"Washington, ME (CT)",1929,0,1929,2789,0,2789
23029956400,"Washington, ME (CT)",2075,0,2075,3316,0,3316
23029956500,"Washington, ME (CT)",2625,0,2625,3716,0,3716
23029990000,"Washington, ME (CT)",0,0,0,0,0,0
23031005100,"York, ME (CT)",1574,267,1841,4333,725,5058
23031005200,"York, ME (CT)",232,1909,2141,538,4019,4557
23031005300,"York, ME (CT)",0,3076,3076,0,6338,6338
23031005400,"York, ME (CT)",0,1450,1450,0,2529,2529
23031006101,"York, ME (CT)",158,3411,3569,189,5101,5290
23031006102,"York, ME (CT)",0,3317,3317,0,3334,3334
23031020000,"York, ME (CT)",3301,0,3301,8034,0,8034
23031021000,"York, ME (CT)",1801,0,1801,4281,0,4281
23031022000,"York, ME (CT)",1615,0,1615,3713,0,3713
23031022500,"York, ME (CT)",1866,0,1866,3301,0,3301
23031023000,"York, ME (CT)",1569,0,1569,2892,0,2892
23031023500,"York, ME (CT)",5331,0,5331,6637,0,6637
23031024000,"York, ME (CT)",3574,0,3574,7693,0,7693
23031024500,"York, ME (CT)",2820,0,2820,6309,0,6309
23031025100,"York, ME (CT)",480,1105,1585,1257,2543,3800
23031025201,"York, ME (CT)",0,2532,2532,0,5123,5123
23031025202,"York, ME (CT)",0,3478,3478,0,6966,6966
23031025300,"York, ME (CT)",885,296,1181,2125,809,2934
23031025400,"York, ME (CT)",830,458,1288,697,1757,2454
23031026000,"York, ME (CT)",1497,195,1692,3570,452,4022
23031027000,"York, ME (CT)",1773,1124,2897,2228,1246,3474
23031028001,"York, ME (CT)",1122,162,1284,2971,415,3386
23031028002,"York, ME (CT)",556,4066,4622,894,6518,7412
23031029000,"York, ME (CT)",1350,0,1350,3019,0,3019
23031030100,"York, ME (CT)",668,1275,1943,1686,2652,4338
23031030201,"York, ME (CT)",375,1101,1476,892,2323,3215
23031030202,"York, ME (CT)",317,2197,2514,739,4888,5627
23031030203,"York, ME (CT)",331,1516,1847,791,3268,4059
23031030300,"York, ME (CT)",1437,235,1672,3106,453,3559
23031031000,"York, ME (CT)",2388,152,2540,5706,325,6031
23031032000,"York, ME (CT)",1858,1076,2934,4722,2524,7246
23031033000,"York, ME (CT)",1930,0,1930,4576,0,4576
23031034001,"York, ME (CT)",8186,0,8186,5129,0,5129
23031034002,"York, ME (CT)",2380,0,2380,5352,0,5352
23031035000,"York, ME (CT)",1092,1819,2911,2880,4340,7220
23031036001,"York, ME (CT)",701,5240,5941,1170,5721,6891
23031036002,"York, ME (CT)",2359,349,2708,4857,781,5638
23031037000,"York, ME (CT)",1362,1307,2669,3255,2949,6204
23031038001,"York, ME (CT)",756,2617,3373,1430,4677,6107
23031038002,"York, ME (CT)",423,1146,1569,1084,2299,3383
23031990100,"York, ME (CT)",0,0,0,0,0,0
24001000100,"Allegany, MD (CT)",2005,0,2005,3718,0,3718
24001000200,"Allegany, MD (CT)",1281,187,1468,4193,371,4564
24001000300,"Allegany, MD (CT)",169,1086,1255,390,2390,2780
24001000400,"Allegany, MD (CT)",179,1413,1592,349,2673,3022
24001000500,"Allegany, MD (CT)",86,1225,1311,184,2550,2734
24001000600,"Allegany, MD (CT)",0,1502,1502,0,2965,2965
24001000700,"Allegany, MD (CT)",0,1761,1761,0,3387,3387
24001000800,"Allegany, MD (CT)",0,1066,1066,0,2213,2213
24001001000,"Allegany, MD (CT)",0,1500,1500,0,2547,2547
24001001100,"Allegany, MD (CT)",0,977,977,0,1493,1493
24001001200,"Allegany, MD (CT)",0,1482,1482,0,3164,3164
24001001300,"Allegany, MD (CT)",1,983,984,2,5266,5268
24001001401,"Allegany, MD (CT)",359,1515,1874,844,3266,4110
24001001402,"Allegany, MD (CT)",0,736,736,0,1589,1589
24001001502,"Allegany, MD (CT)",193,700,893,462,1593,2055
24001001503,"Allegany, MD (CT)",878,0,878,1968,0,1968
24001001600,"Allegany, MD (CT)",232,568,800,483,1283,1766
24001001700,"Allegany, MD (CT)",386,1904,2290,787,4031,4818
24001001800,"Allegany, MD (CT)",78,1761,1839,151,5260,5411
24001001900,"Allegany, MD (CT)",998,132,1130,2325,298,2623
24001002000,"Allegany, MD (CT)",985,1498,2483,2272,3280,5552
24001002100,"Allegany, MD (CT)",485,1082,1567,1021,2445,3466
24001002200,"Allegany, MD (CT)",626,1292,1918,1314,2560,3874
24003701101,"Anne Arundel, MD (CT)",0,1633,1633,0,4151,4151
24003701102,"Anne Arundel, MD (CT)",0,3201,3201,0,7508,7508
24003701200,"Anne Arundel, MD (CT)",64,3329,3393,127,8171,8298
24003701300,"Anne Arundel, MD (CT)",2650,192,2842,7392,514,7906
24003701400,"Anne Arundel, MD (CT)",791,541,1332,2047,1528,3575
24003702100,"Anne Arundel, MD (CT)",690,2101,2791,1755,4967,6722
24003702204,"Anne Arundel, MD (CT)",0,1560,1560,0,4169,4169
24003702205,"Anne Arundel, MD (CT)",0,2366,2366,0,5322,5322
24003702206,"Anne Arundel, MD (CT)",0,2401,2401,0,6372,6372
24003702208,"Anne Arundel, MD (CT)",0,2630,2630,0,6962,6962
24003702209,"Anne Arundel, MD (CT)",0,1568,1568,0,4523,4523
24003702300,"Anne Arundel, MD (CT)",930,1086,2016,2571,2852,5423
24003702402,"Anne Arundel, MD (CT)",109,3332,3441,301,5748,6049
24003702500,"Anne Arundel, MD (CT)",0,2293,2293,0,6669,6669
24003702601,"Anne Arundel, MD (CT)",0,2287,2287,0,5629,5629
24003702602,"Anne Arundel, MD (CT)",0,2607,2607,0,6021,6021
24003702701,"Anne Arundel, MD (CT)",0,2357,2357,0,4815,4815
24003702702,"Anne Arundel, MD (CT)",214,1534,1748,379,3478,3857
24003706101,"Anne Arundel, MD (CT)",0,2023,2023,0,3686,3686
24003706301,"Anne Arundel, MD (CT)",0,2742,2742,0,4663,4663
24003706302,"Anne Arundel, MD (CT)",0,2084,2084,0,3224,3224
24003706401,"Anne Arundel, MD (CT)",0,2407,2407,0,6442,6442
24003706402,"Anne Arundel, MD (CT)",0,1653,1653,0,3210,3210
24003706500,"Anne Arundel, MD (CT)",0,2530,2530,0,5222,5222
24003706600,"Anne Arundel, MD (CT)",0,2093,2093,0,4591,4591
24003706700,"Anne Arundel, MD (CT)",0,195,195,0,4890,4890
24003707001,"Anne Arundel, MD (CT)",186,2529,2715,473,5609,6082
24003707002,"Anne Arundel, MD (CT)",103,1974,2077,267,4429,4696
24003708001,"Anne Arundel, MD (CT)",1334,369,1703,3024,849,3873
24003708004,"Anne Arundel, MD (CT)",1600,704,2304,3935,1550,5485
24003730100,"Anne Arundel, MD (CT)",88,2943,3031,236,7215,7451
24003730203,"Anne Arundel, MD (CT)",0,2613,2613,0,5303,5303
24003730204,"Anne Arundel, MD (CT)",0,2001,2001,0,5723,5723
24003730300,"Anne Arundel, MD (CT)",0,1209,1209,0,3113,3113
24003730401,"Anne Arundel, MD (CT)",0,1822,1822,0,4745,4745
24003730402,"Anne Arundel, MD (CT)",0,2604,2604,0,6136,6136
24003730502,"Anne Arundel, MD (CT)",0,2493,2493,0,6327,6327
24003730504,"Anne Arundel, MD (CT)",0,2929,2929,0,7630,7630
24003730505,"Anne Arundel, MD (CT)",0,2137,2137,0,4599,4599
24003730506,"Anne Arundel, MD (CT)",0,1961,1961,0,3888,3888
24003730601,"Anne Arundel, MD (CT)",0,2344,2344,0,6846,6846
24003730603,"Anne Arundel, MD (CT)",0,1086,1086,0,3107,3107
24003730604,"Anne Arundel, MD (CT)",0,2236,2236,0,6748,6748
24003730700,"Anne Arundel, MD (CT)",0,2706,2706,0,6978,6978
24003730800,"Anne Arundel, MD (CT)",0,966,966,0,2456,2456
24003730901,"Anne Arundel, MD (CT)",0,1020,1020,0,2608,2608
24003730902,"Anne Arundel, MD (CT)",0,1576,1576,0,4075,4075
24003731002,"Anne Arundel, MD (CT)",0,1350,1350,0,3234,3234
24003731003,"Anne Arundel, MD (CT)",0,1624,1624,0,4387,4387
24003731004,"Anne Arundel, MD (CT)",0,1642,1642,0,4258,4258
24003731102,"Anne Arundel, MD (CT)",0,3168,3168,0,7750,7750
24003731103,"Anne Arundel, MD (CT)",0,1923,1923,0,5422,5422
24003731104,"Anne Arundel, MD (CT)",0,1438,1438,0,4097,4097
24003731105,"Anne Arundel, MD (CT)",0,1353,1353,0,3572,3572
24003731201,"Anne Arundel, MD (CT)",0,2437,2437,0,6354,6354
24003731202,"Anne Arundel, MD (CT)",398,2548,2946,953,6733,7686
24003731203,"Anne Arundel, MD (CT)",0,2624,2624,0,7295,7295
24003731204,"Anne Arundel, MD (CT)",0,2404,2404,0,6115,6115
24003731303,"Anne Arundel, MD (CT)",434,2361,2795,662,6165,6827
24003731306,"Anne Arundel, MD (CT)",0,2460,2460,0,6293,6293
24003731307,"Anne Arundel, MD (CT)",0,2480,2480,0,6586,6586
24003731308,"Anne Arundel, MD (CT)",0,1486,1486,0,3688,3688
24003731309,"Anne Arundel, MD (CT)",0,2134,2134,0,5524,5524
24003731310,"Anne Arundel, MD (CT)",0,1861,1861,0,5247,5247
24003731311,"Anne Arundel, MD (CT)",0,2797,2797,0,8070,8070
24003740102,"Anne Arundel, MD (CT)",0,2772,2772,0,6497,6497
24003740103,"Anne Arundel, MD (CT)",0,3006,3006,0,8479,8479
24003740104,"Anne Arundel, MD (CT)",0,2910,2910,0,7984,7984
24003740105,"Anne Arundel, MD (CT)",0,1304,1304,0,3533,3533
24003740201,"Anne Arundel, MD (CT)",0,2845,2845,0,7238,7238
24003740203,"Anne Arundel, MD (CT)",28,1847,1875,62,5340,5402
24003740303,"Anne Arundel, MD (CT)",0,1531,1531,0,4211,4211
24003740304,"Anne Arundel, MD (CT)",0,1664,1664,0,3950,3950
24003740305,"Anne Arundel, MD (CT)",0,3970,3970,0,10161,10161
24003740400,"Anne Arundel, MD (CT)",0,0,0,0,4716,4716
24003740500,"Anne Arundel, MD (CT)",19,4076,4095,40,9244,9284
24003740601,"Anne Arundel, MD (CT)",0,1331,1331,0,3661,3661
24003740602,"Anne Arundel, MD (CT)",0,1201,1201,0,3959,3959
24003740603,"Anne Arundel, MD (CT)",9,199,208,23,1707,1730
24003740701,"Anne Arundel, MD (CT)",0,2847,2847,0,5893,5893
24003740702,"Anne Arundel, MD (CT)",129,3832,3961,314,9330,9644
24003740800,"Anne Arundel, MD (CT)",171,1518,1689,447,3949,4396
24003740900,"Anne Arundel, MD (CT)",0,2554,2554,0,6950,6950
24003741000,"Anne Arundel, MD (CT)",304,537,841,812,1554,2366
24003750101,"Anne Arundel, MD (CT)",0,1678,1678,0,4292,4292
24003750102,"Anne Arundel, MD (CT)",0,931,931,0,2533,2533
24003750201,"Anne Arundel, MD (CT)",0,1070,1070,0,2741,2741
24003750202,"Anne Arundel, MD (CT)",0,1317,1317,0,3426,3426
24003750203,"Anne Arundel, MD (CT)",0,578,578,0,1463,1463
24003750300,"Anne Arundel, MD (CT)",0,1110,1110,0,2655,2655
24003750400,"Anne Arundel, MD (CT)",0,1663,1663,0,4090,4090
24003750801,"Anne Arundel, MD (CT)",0,2170,2170,0,5849,5849
24003750803,"Anne Arundel, MD (CT)",0,2916,2916,0,6884,6884
24003750804,"Anne Arundel, MD (CT)",0,1539,1539,0,4016,4016
24003750900,"Anne Arundel, MD (CT)",0,1307,1307,0,3066,3066
24003751000,"Anne Arundel, MD (CT)",0,1547,1547,0,3893,3893
24003751102,"Anne Arundel, MD (CT)",0,1786,1786,0,4037,4037
24003751103,"Anne Arundel, MD (CT)",0,2337,2337,0,5865,5865
24003751200,"Anne Arundel, MD (CT)",0,1571,1571,0,3891,3891
24003751400,"Anne Arundel, MD (CT)",0,1614,1614,0,4169,4169
24003751500,"Anne Arundel, MD (CT)",37,2483,2520,127,6682,6809
24003751600,"Anne Arundel, MD (CT)",275,2374,2649,749,4201,4950
24003751700,"Anne Arundel, MD (CT)",657,347,1004,1822,960,2782
24003980000,"Anne Arundel, MD (CT)",0,3,3,0,18,18
24003990000,"Anne Arundel, MD (CT)",0,0,0,0,0,0
24005400100,"Baltimore, MD (CT)",0,2559,2559,0,4351,4351
24005400200,"Baltimore, MD (CT)",0,1162,1162,0,2525,2525
24005400400,"Baltimore, MD (CT)",0,2322,2322,0,5961,5961
24005400500,"Baltimore, MD (CT)",0,873,873,0,2418,2418
24005400600,"Baltimore, MD (CT)",0,1295,1295,0,2871,2871
24005400701,"Baltimore, MD (CT)",0,1372,1372,0,2789,2789
24005400702,"Baltimore, MD (CT)",0,693,693,0,1795,1795
24005400800,"Baltimore, MD (CT)",0,1132,1132,0,2712,2712
24005400900,"Baltimore, MD (CT)",0,782,782,0,1944,1944
24005401000,"Baltimore, MD (CT)",0,871,871,0,2409,2409
24005401101,"Baltimore, MD (CT)",0,2484,2484,0,6487,6487
24005401102,"Baltimore, MD (CT)",0,493,493,0,962,962
24005401200,"Baltimore, MD (CT)",0,1270,1270,0,3270,3270
24005401301,"Baltimore, MD (CT)",0,1482,1482,0,3891,3891
24005401302,"Baltimore, MD (CT)",0,1358,1358,0,2650,2650
24005401400,"Baltimore, MD (CT)",0,594,594,0,1495,1495
24005401503,"Baltimore, MD (CT)",0,2732,2732,0,6490,6490
24005401504,"Baltimore, MD (CT)",0,2244,2244,0,5846,5846
24005401505,"Baltimore, MD (CT)",0,1617,1617,0,4039,4039
24005401506,"Baltimore, MD (CT)",0,1839,1839,0,4523,4523
24005401507,"Baltimore, MD (CT)",0,2170,2170,0,5129,5129
24005402201,"Baltimore, MD (CT)",729,415,1144,2307,1134,3441
24005402202,"Baltimore, MD (CT)",638,11,649,1672,25,1697
24005402302,"Baltimore, MD (CT)",0,1850,1850,0,4990,4990
24005402303,"Baltimore, MD (CT)",0,2610,2610,0,6426,6426
24005402304,"Baltimore, MD (CT)",0,1425,1425,0,3593,3593
24005402305,"Baltimore, MD (CT)",0,841,841,0,1977,1977
24005402306,"Baltimore, MD (CT)",0,1630,1630,0,3798,3798
24005402307,"Baltimore, MD (CT)",0,2585,2585,0,5925,5925
24005402403,"Baltimore, MD (CT)",0,865,865,0,2283,2283
24005402404,"Baltimore, MD (CT)",0,2278,2278,0,5072,5072
24005402405,"Baltimore, MD (CT)",0,1472,1472,0,3433,3433
24005402406,"Baltimore, MD (CT)",0,2954,2954,0,6532,6532
24005402407,"Baltimore, MD (CT)",0,603,603,0,1371,1371
24005402503,"Baltimore, MD (CT)",0,2004,2004,0,4524,4524
24005402504,"Baltimore, MD (CT)",7,1538,1545,17,4160,4177
24005402505,"Baltimore, MD (CT)",0,1388,1388,0,3239,3239
24005402506,"Baltimore, MD (CT)",0,1505,1505,0,4304,4304
24005402509,"Baltimore, MD (CT)",0,3952,3952,0,8541,8541
24005402602,"Baltimore, MD (CT)",0,736,736,0,2045,2045
24005402603,"Baltimore, MD (CT)",0,2484,2484,0,6017,6017
24005402604,"Baltimore, MD (CT)",0,2201,2201,0,5966,5966
24005403100,"Baltimore, MD (CT)",0,952,952,0,2462,2462
24005403201,"Baltimore, MD (CT)",0,1191,1191,0,3076,3076
24005403202,"Baltimore, MD (CT)",0,795,795,0,2076,2076
24005403300,"Baltimore, MD (CT)",0,1068,1068,0,2443,2443
24005403401,"Baltimore, MD (CT)",0,1926,1926,0,3336,3336
24005403402,"Baltimore, MD (CT)",0,2205,2205,0,4442,4442
24005403500,"Baltimore, MD (CT)",0,1838,1838,0,4958,4958
24005403601,"Baltimore, MD (CT)",0,2062,2062,0,4682,4682
24005403602,"Baltimore, MD (CT)",0,2289,2289,0,5133,5133
24005403701,"Baltimore, MD (CT)",218,3195,3413,518,6301,6819
24005403702,"Baltimore, MD (CT)",0,2235,2235,0,5014,5014
24005403801,"Baltimore, MD (CT)",216,443,659,554,1184,1738
24005403802,"Baltimore, MD (CT)",127,1051,1178,349,2514,2863
24005403803,"Baltimore, MD (CT)",0,1615,1615,0,3131,3131
24005404101,"Baltimore, MD (CT)",69,1804,1873,166,3984,4150
24005404102,"Baltimore, MD (CT)",0,2187,2187,0,5311,5311
24005404201,"Baltimore, MD (CT)",0,2308,2308,0,5777,5777
24005404202,"Baltimore, MD (CT)",0,2914,2914,0,7920,7920
24005404402,"Baltimore, MD (CT)",179,2172,2351,462,6015,6477
24005404403,"Baltimore, MD (CT)",0,2079,2079,0,4960,4960
24005404404,"Baltimore, MD (CT)",0,2019,2019,0,4812,4812
24005404501,"Baltimore, MD (CT)",0,2590,2590,0,6676,6676
24005404502,"Baltimore, MD (CT)",0,1598,1598,0,3743,3743
24005404600,"Baltimore, MD (CT)",836,260,1096,2070,612,2682
24005404800,"Baltimore, MD (CT)",600,100,700,1671,282,1953
24005404900,"Baltimore, MD (CT)",414,1461,1875,1134,3611,4745
24005405000,"Baltimore, MD (CT)",1728,55,1783,4315,131,4446
24005406000,"Baltimore, MD (CT)",2055,17,2072,5748,41,5789
24005407001,"Baltimore, MD (CT)",1243,0,1243,3267,0,3267
24005407002,"Baltimore, MD (CT)",2012,0,2012,5497,0,5497
24005408100,"Baltimore, MD (CT)",566,1860,2426,1519,4405,5924
24005408200,"Baltimore, MD (CT)",752,0,752,1853,0,1853
24005408302,"Baltimore, MD (CT)",1,1247,1248,1,2946,2947
24005408303,"Baltimore, MD (CT)",182,984,1166,566,2928,3494
24005408304,"Baltimore, MD (CT)",517,1884,2401,1475,3202,4677
24005408400,"Baltimore, MD (CT)",0,524,524,0,773,773
24005408502,"Baltimore, MD (CT)",54,2217,2271,203,5383,5586
24005408503,"Baltimore, MD (CT)",0,1448,1448,0,3377,3377
24005408505,"Baltimore, MD (CT)",0,1612,1612,0,3853,3853
24005408506,"Baltimore, MD (CT)",0,2492,2492,0,4706,4706
24005408507,"Baltimore, MD (CT)",0,3093,3093,0,5966,5966
24005408601,"Baltimore, MD (CT)",0,1570,1570,0,3760,3760
24005408602,"Baltimore, MD (CT)",0,865,865,0,2094,2094
24005408702,"Baltimore, MD (CT)",0,1082,1082,0,2445,2445
24005408703,"Baltimore, MD (CT)",0,2852,2852,0,5944,5944
24005408704,"Baltimore, MD (CT)",0,2064,2064,0,5458,5458
24005408800,"Baltimore, MD (CT)",0,1083,1083,0,2304,2304
24005408900,"Baltimore, MD (CT)",0,1269,1269,0,2853,2853
24005410100,"Baltimore, MD (CT)",1583,636,2219,4244,1785,6029
24005410200,"Baltimore, MD (CT)",937,792,1729,2468,2196,4664
24005411101,"Baltimore, MD (CT)",477,364,841,1223,1038,2261
24005411102,"Baltimore, MD (CT)",608,585,1193,1531,1512,3043
24005411201,"Baltimore, MD (CT)",1251,0,1251,3205,0,3205
24005411202,"Baltimore, MD (CT)",1147,466,1613,2622,1148,3770
24005411302,"Baltimore, MD (CT)",155,1034,1189,340,2970,3310
24005411303,"Baltimore, MD (CT)",0,2781,2781,0,6040,6040
24005411306,"Baltimore, MD (CT)",0,2302,2302,0,5455,5455
24005411307,"Baltimore, MD (CT)",0,1594,1594,0,3600,3600
24005411308,"Baltimore, MD (CT)",0,1395,1395,0,3546,3546
24005411309,"Baltimore, MD (CT)",0,3104,3104,0,7950,7950
24005411404,"Baltimore, MD (CT)",0,1418,1418,0,3784,3784
24005411406,"Baltimore, MD (CT)",0,1830,1830,0,4393,4393
24005411407,"Baltimore, MD (CT)",0,5898,5898,0,11137,11137
24005411408,"Baltimore, MD (CT)",0,1561,1561,0,3450,3450
24005411409,"Baltimore, MD (CT)",0,1889,1889,0,5282,5282
24005411410,"Baltimore, MD (CT)",0,1756,1756,0,4554,4554
24005420100,"Baltimore, MD (CT)",0,1414,1414,0,3623,3623
24005420200,"Baltimore, MD (CT)",0,1156,1156,0,2444,2444
24005420301,"Baltimore, MD (CT)",0,1085,1085,0,2355,2355
24005420302,"Baltimore, MD (CT)",0,1045,1045,0,2705,2705
24005420303,"Baltimore, MD (CT)",0,533,533,0,1333,1333
24005420401,"Baltimore, MD (CT)",0,2306,2306,0,6414,6414
24005420402,"Baltimore, MD (CT)",0,824,824,0,2115,2115
24005420500,"Baltimore, MD (CT)",0,1465,1465,0,3575,3575
24005420600,"Baltimore, MD (CT)",0,1575,1575,0,4289,4289
24005420701,"Baltimore, MD (CT)",0,1257,1257,0,2973,2973
24005420702,"Baltimore, MD (CT)",0,857,857,0,2071,2071
24005420800,"Baltimore, MD (CT)",0,1426,1426,0,3513,3513
24005420900,"Baltimore, MD (CT)",0,1617,1617,0,3505,3505
24005421000,"Baltimore, MD (CT)",0,971,971,0,1851,1851
24005421101,"Baltimore, MD (CT)",0,1472,1472,0,3185,3185
24005421102,"Baltimore, MD (CT)",0,1012,1012,0,2347,2347
24005421200,"Baltimore, MD (CT)",0,785,785,0,1839,1839
24005421300,"Baltimore, MD (CT)",0,1398,1398,0,3289,3289
24005430101,"Baltimore, MD (CT)",0,1661,1661,0,4221,4221
24005430104,"Baltimore, MD (CT)",0,1047,1047,0,2798,2798
24005430200,"Baltimore, MD (CT)",0,1136,1136,0,2852,2852
24005430300,"Baltimore, MD (CT)",0,2119,2119,0,5557,5557
24005430400,"Baltimore, MD (CT)",0,1724,1724,0,4407,4407
24005430600,"Baltimore, MD (CT)",0,940,940,0,2463,2463
24005430700,"Baltimore, MD (CT)",0,2109,2109,0,5009,5009
24005430800,"Baltimore, MD (CT)",0,1537,1537,0,3530,3530
24005430900,"Baltimore, MD (CT)",0,2253,2253,0,5074,5074
24005440100,"Baltimore, MD (CT)",0,1874,1874,0,4451,4451
24005440200,"Baltimore, MD (CT)",0,1140,1140,0,2486,2486
24005440300,"Baltimore, MD (CT)",0,1001,1001,0,2214,2214
24005440400,"Baltimore, MD (CT)",0,2180,2180,0,5486,5486
24005440500,"Baltimore, MD (CT)",0,1370,1370,0,3164,3164
24005440600,"Baltimore, MD (CT)",0,775,775,0,2273,2273
24005440701,"Baltimore, MD (CT)",0,2646,2646,0,6696,6696
24005440702,"Baltimore, MD (CT)",0,2448,2448,0,5178,5178
24005440800,"Baltimore, MD (CT)",0,1265,1265,0,2837,2837
24005440900,"Baltimore, MD (CT)",0,1461,1461,0,3435,3435
24005441000,"Baltimore, MD (CT)",0,1344,1344,0,3721,3721
24005441101,"Baltimore, MD (CT)",0,906,906,0,2162,2162
24005441102,"Baltimore, MD (CT)",0,1906,1906,0,4859,4859
24005450100,"Baltimore, MD (CT)",0,1668,1668,0,4047,4047
24005450200,"Baltimore, MD (CT)",0,1411,1411,0,3443,3443
24005450300,"Baltimore, MD (CT)",0,1458,1458,0,3486,3486
24005450400,"Baltimore, MD (CT)",0,886,886,0,2369,2369
24005450501,"Baltimore, MD (CT)",0,1856,1856,0,4135,4135
24005450503,"Baltimore, MD (CT)",0,2335,2335,0,5915,5915
24005450504,"Baltimore, MD (CT)",0,2826,2826,0,5733,5733
24005450800,"Baltimore, MD (CT)",0,1807,1807,0,3741,3741
24005450900,"Baltimore, MD (CT)",0,1730,1730,0,4032,4032
24005451000,"Baltimore, MD (CT)",363,400,763,755,907,1662
24005451100,"Baltimore, MD (CT)",0,742,742,0,2130,2130
24005451200,"Baltimore, MD (CT)",0,1646,1646,0,3947,3947
24005451300,"Baltimore, MD (CT)",0,1568,1568,0,3667,3667
24005451401,"Baltimore, MD (CT)",0,1379,1379,0,3847,3847
24005451402,"Baltimore, MD (CT)",0,2238,2238,0,5489,5489
24005451500,"Baltimore, MD (CT)",0,1458,1458,0,3910,3910
24005451600,"Baltimore, MD (CT)",0,991,991,0,1956,1956
24005451701,"Baltimore, MD (CT)",0,1077,1077,0,2759,2759
24005451702,"Baltimore, MD (CT)",0,797,797,0,1862,1862
24005451801,"Baltimore, MD (CT)",36,2117,2153,104,5355,5459
24005451802,"Baltimore, MD (CT)",0,1806,1806,0,3629,3629
24005451803,"Baltimore, MD (CT)",0,1975,1975,0,4750,4750
24005451900,"Baltimore, MD (CT)",100,953,1053,210,2235,2445
24005452000,"Baltimore, MD (CT)",0,1062,1062,0,2556,2556
24005452100,"Baltimore, MD (CT)",0,1467,1467,0,3505,3505
24005452300,"Baltimore, MD (CT)",0,1201,1201,0,3084,3084
24005452400,"Baltimore, MD (CT)",0,1399,1399,0,3593,3593
24005452500,"Baltimore, MD (CT)",0,1417,1417,0,3657,3657
24005490100,"Baltimore, MD (CT)",210,1394,1604,533,3629,4162
24005490200,"Baltimore, MD (CT)",0,1104,1104,0,2823,2823
24005490301,"Baltimore, MD (CT)",0,3356,3356,0,6984,6984
24005490302,"Baltimore, MD (CT)",0,1347,1347,0,3668,3668
24005490400,"Baltimore, MD (CT)",0,751,751,0,1864,1864
24005490500,"Baltimore, MD (CT)",0,1573,1573,0,3520,3520
24005490601,"Baltimore, MD (CT)",0,845,845,0,2120,2120
24005490602,"Baltimore, MD (CT)",0,1400,1400,0,2570,2570
24005490603,"Baltimore, MD (CT)",0,971,971,0,2253,2253
24005490605,"Baltimore, MD (CT)",0,249,249,0,5182,5182
24005490701,"Baltimore, MD (CT)",0,680,680,0,1927,1927
24005490703,"Baltimore, MD (CT)",0,1200,1200,0,2497,2497
24005490800,"Baltimore, MD (CT)",0,1441,1441,0,3345,3345
24005490900,"Baltimore, MD (CT)",0,2423,2423,0,4165,4165
24005491000,"Baltimore, MD (CT)",0,802,802,0,2241,2241
24005491100,"Baltimore, MD (CT)",0,1452,1452,0,3567,3567
24005491201,"Baltimore, MD (CT)",0,875,875,0,1792,1792
24005491202,"Baltimore, MD (CT)",0,813,813,0,1770,1770
24005491300,"Baltimore, MD (CT)",0,1525,1525,0,3331,3331
24005491401,"Baltimore, MD (CT)",0,2373,2373,0,5200,5200
24005491402,"Baltimore, MD (CT)",0,1202,1202,0,3110,3110
24005491500,"Baltimore, MD (CT)",0,1813,1813,0,3790,3790
24005491600,"Baltimore, MD (CT)",0,1332,1332,0,3061,3061
24005491701,"Baltimore, MD (CT)",0,1856,1856,0,4180,4180
24005491900,"Baltimore, MD (CT)",0,886,886,0,1831,1831
24005492001,"Baltimore, MD (CT)",0,654,654,0,1443,1443
24005492002,"Baltimore, MD (CT)",0,1651,1651,0,3945,3945
24005492101,"Baltimore, MD (CT)",0,1671,1671,0,3493,3493
24005492102,"Baltimore, MD (CT)",0,912,912,0,2241,2241
24005492200,"Baltimore, MD (CT)",0,2086,2086,0,4803,4803
24005492300,"Baltimore, MD (CT)",0,1447,1447,0,3955,3955
24005492401,"Baltimore, MD (CT)",0,1404,1404,0,3623,3623
24005492402,"Baltimore, MD (CT)",0,3100,3100,0,6380,6380
24005492500,"Baltimore, MD (CT)",0,77,77,0,3807,3807
24005492600,"Baltimore, MD (CT)",0,1566,1566,0,3506,3506
24005980000,"Baltimore, MD (CT)",0,0,0,0,0,0
24005980100,"Baltimore, MD (CT)",0,0,0,0,0,0
24005980200,"Baltimore, MD (CT)",0,0,0,0,0,0
24009860101,"Calvert, MD (CT)",561,540,1101,1647,1562,3209
24009860102,"Calvert, MD (CT)",304,723,1027,853,2050,2903
24009860200,"Calvert, MD (CT)",1161,866,2027,3316,2767,6083
24009860300,"Calvert, MD (CT)",1075,337,1412,3023,909,3932
24009860401,"Calvert, MD (CT)",92,3998,4090,243,9489,9732
24009860402,"Calvert, MD (CT)",34,1360,1394,85,3473,3558
24009860501,"Calvert, MD (CT)",1786,83,1869,5691,247,5938
24009860502,"Calvert, MD (CT)",263,1031,1294,543,2393,2936
24009860600,"Calvert, MD (CT)",1438,961,2399,4167,2885,7052
24009860701,"Calvert, MD (CT)",573,441,1014,1814,881,2695
24009860702,"Calvert, MD (CT)",372,691,1063,1265,1709,2974
24009860703,"Calvert, MD (CT)",974,369,1343,2480,1009,3489
24009860801,"Calvert, MD (CT)",2289,69,2358,6277,250,6527
24009860802,"Calvert, MD (CT)",517,1578,2095,1020,3843,4863
24009860900,"Calvert, MD (CT)",725,2801,3526,1702,5991,7693
24009861001,"Calvert, MD (CT)",79,485,564,224,1080,1304
24009861003,"Calvert, MD (CT)",0,2647,2647,0,6615,6615
24009861004,"Calvert, MD (CT)",0,2557,2557,0,7234,7234
24009990100,"Calvert, MD (CT)",0,0,0,0,0,0
24011955000,"Caroline, MD (CT)",1205,0,1205,3348,0,3348
24011955100,"Caroline, MD (CT)",2267,0,2267,5619,0,5619
24011955201,"Caroline, MD (CT)",1440,0,1440,3773,0,3773
24011955202,"Caroline, MD (CT)",866,0,866,2110,0,2110
24011955301,"Caroline, MD (CT)",1026,596,1622,2468,1643,4111
24011955302,"Caroline, MD (CT)",0,1326,1326,0,3128,3128
24011955400,"Caroline, MD (CT)",896,0,896,2097,0,2097
24011955500,"Caroline, MD (CT)",1770,0,1770,4044,0,4044
24011955600,"Caroline, MD (CT)",703,1387,2090,1671,3165,4836
24013501001,"Carroll, MD (CT)",231,1216,1447,574,3538,4112
24013501002,"Carroll, MD (CT)",934,1294,2228,2276,3061,5337
24013502000,"Carroll, MD (CT)",1593,15,1608,4112,36,4148
24013503000,"Carroll, MD (CT)",2064,0,2064,5505,0,5505
24013504100,"Carroll, MD (CT)",775,1152,1927,2002,3118,5120
24013504201,"Carroll, MD (CT)",585,1703,2288,1539,4659,6198
24013504202,"Carroll, MD (CT)",1063,1165,2228,2903,3266,6169
24013505101,"Carroll, MD (CT)",44,1362,1406,137,4210,4347
24013505102,"Carroll, MD (CT)",282,1520,1802,752,4404,5156
24013505203,"Carroll, MD (CT)",0,1082,1082,0,3723,3723
24013505205,"Carroll, MD (CT)",0,1057,1057,0,3050,3050
24013505206,"Carroll, MD (CT)",199,1124,1323,552,2929,3481
24013505207,"Carroll, MD (CT)",0,1344,1344,0,3683,3683
24013505208,"Carroll, MD (CT)",0,2064,2064,0,5277,5277
24013506101,"Carroll, MD (CT)",838,799,1637,2312,2367,4679
24013506102,"Carroll, MD (CT)",746,657,1403,2005,1875,3880
24013506200,"Carroll, MD (CT)",1581,470,2051,4280,1164,5444
24013507500,"Carroll, MD (CT)",502,650,1152,1364,2933,4297
24013507601,"Carroll, MD (CT)",418,1463,1881,1192,3835,5027
24013507602,"Carroll, MD (CT)",219,1663,1882,620,3728,4348
24013507702,"Carroll, MD (CT)",283,1498,1781,787,3138,3925
24013507703,"Carroll, MD (CT)",0,1322,1322,0,2875,2875
24013507704,"Carroll, MD (CT)",0,2221,2221,0,6165,6165
24013507801,"Carroll, MD (CT)",0,2473,2473,0,5652,5652
24013507802,"Carroll, MD (CT)",488,1303,1791,1358,3053,4411
24013508101,"Carroll, MD (CT)",590,1238,1828,1503,3257,4760
24013508102,"Carroll, MD (CT)",0,1184,1184,0,2955,2955
24013508200,"Carroll, MD (CT)",1301,1358,2659,3677,3456,7133
24013509001,"Carroll, MD (CT)",1620,0,1620,4470,0,4470
24013509002,"Carroll, MD (CT)",1032,0,1032,2908,0,2908
24013510000,"Carroll, MD (CT)",545,0,545,1422,0,1422
24013511000,"Carroll, MD (CT)",1459,0,1459,3671,0,3671
24013512000,"Carroll, MD (CT)",664,0,664,1551,0,1551
24013513001,"Carroll, MD (CT)",178,1627,1805,476,4225,4701
24013513002,"Carroll, MD (CT)",811,916,1727,2434,2843,5277
24013514100,"Carroll, MD (CT)",896,385,1281,2472,1179,3651
24013514201,"Carroll, MD (CT)",1882,0,1882,5139,0,5139
24013514202,"Carroll, MD (CT)",681,577,1258,2035,1452,3487
24015030100,"Cecil, MD (CT)",2880,0,2880,5149,0,5149
24015030200,"Cecil, MD (CT)",2306,248,2554,4797,443,5240
24015030400,"Cecil, MD (CT)",0,1985,1985,0,4901,4901
24015030501,"Cecil, MD (CT)",460,1095,1555,1219,2990,4209
24015030503,"Cecil, MD (CT)",594,1628,2222,1532,4219,5751
24015030505,"Cecil, MD (CT)",241,1248,1489,678,3240,3918
24015030506,"Cecil, MD (CT)",0,3106,3106,0,8223,8223
24015030601,"Cecil, MD (CT)",1315,90,1405,3564,254,3818
24015030602,"Cecil, MD (CT)",326,1549,1875,820,3972,4792
24015030700,"Cecil, MD (CT)",1601,111,1712,4674,331,5005
24015030903,"Cecil, MD (CT)",214,1992,2206,524,4552,5076
24015030904,"Cecil, MD (CT)",2017,837,2854,4750,2064,6814
24015030905,"Cecil, MD (CT)",692,344,1036,1929,930,2859
24015030906,"Cecil, MD (CT)",828,2953,3781,1525,7047,8572
24015031201,"Cecil, MD (CT)",809,1761,2570,2023,4311,6334
24015031202,"Cecil, MD (CT)",66,2235,2301,219,5351,5570
24015031301,"Cecil, MD (CT)",893,346,1239,2515,962,3477
24015031302,"Cecil, MD (CT)",949,1868,2817,2487,4749,7236
24015031400,"Cecil, MD (CT)",1516,0,1516,4164,0,4164
24017850101,"Charles, MD (CT)",254,1790,2044,568,4872,5440
24017850102,"Charles, MD (CT)",473,518,991,1189,1394,2583
24017850201,"Charles, MD (CT)",28,232,260,86,701,787
24017850202,"Charles, MD (CT)",0,1997,1997,0,4749,4749
24017850300,"Charles, MD (CT)",817,0,817,1986,0,1986
24017850400,"Charles, MD (CT)",1602,0,1602,3895,0,3895
24017850500,"Charles, MD (CT)",1113,0,1113,2793,0,2793
24017850600,"Charles, MD (CT)",1378,326,1704,3841,902,4743
24017850706,"Charles, MD (CT)",0,1602,1602,0,4811,4811
24017850708,"Charles, MD (CT)",0,1758,1758,0,5282,5282
24017850709,"Charles, MD (CT)",0,2528,2528,0,6676,6676
24017850710,"Charles, MD (CT)",0,1697,1697,0,4979,4979
24017850711,"Charles, MD (CT)",0,1889,1889,0,4900,4900
24017850712,"Charles, MD (CT)",326,1648,1974,861,4878,5739
24017850713,"Charles, MD (CT)",10,2203,2213,23,6612,6635
24017850801,"Charles, MD (CT)",0,1702,1702,0,4714,4714
24017850802,"Charles, MD (CT)",440,1111,1551,1249,2869,4118
24017850901,"Charles, MD (CT)",0,2392,2392,0,5830,5830
24017850902,"Charles, MD (CT)",0,1884,1884,0,5678,5678
24017850904,"Charles, MD (CT)",405,1751,2156,1114,4253,5367
24017850905,"Charles, MD (CT)",0,1622,1622,0,4425,4425
24017850906,"Charles, MD (CT)",0,2163,2163,0,4873,4873
24017851001,"Charles, MD (CT)",182,944,1126,458,2821,3279
24017851002,"Charles, MD (CT)",565,2972,3537,1414,7830,9244
24017851100,"Charles, MD (CT)",1019,51,1070,2598,143,2741
24017851200,"Charles, MD (CT)",2171,187,2358,4391,495,4886
24017851301,"Charles, MD (CT)",1557,0,1557,4711,0,4711
24017851302,"Charles, MD (CT)",1319,65,1384,3886,160,4046
24017851400,"Charles, MD (CT)",2870,1,2871,8175,1,8176
24017851500,"Charles, MD (CT)",0,3401,3401,0,8465,8465
24017990000,"Charles, MD (CT)",0,0,0,0,0,0
24019970100,"Dorchester, MD (CT)",1273,9,1282,2796,25,2821
24019970200,"Dorchester, MD (CT)",2484,0,2484,5745,0,5745
24019970300,"Dorchester, MD (CT)",2003,128,2131,4470,245,4715
24019970400,"Dorchester, MD (CT)",0,2080,2080,0,3305,3305
24019970500,"Dorchester, MD (CT)",0,1894,1894,0,4001,4001
24019970600,"Dorchester, MD (CT)",69,2131,2200,154,4548,4702
24019970702,"Dorchester, MD (CT)",1160,955,2115,1831,2156,3987
24019970804,"Dorchester, MD (CT)",1334,0,1334,1891,0,1891
24019970900,"Dorchester, MD (CT)",1034,0,1034,1451,0,1451
24019990000,"Dorchester, MD (CT)",0,0,0,0,0,0
24021740200,"Frederick, MD (CT)",273,1469,1742,692,4043,4735
24021750100,"Frederick, MD (CT)",0,711,711,0,1278,1278
24021750200,"Frederick, MD (CT)",0,1077,1077,0,1640,1640
24021750300,"Frederick, MD (CT)",0,881,881,0,1734,1734
24021750503,"Frederick, MD (CT)",0,2637,2637,0,6574,6574
24021750504,"Frederick, MD (CT)",0,2327,2327,0,5323,5323
24021750505,"Frederick, MD (CT)",0,2484,2484,0,6824,6824
24021750506,"Frederick, MD (CT)",0,1303,1303,0,3991,3991
24021750600,"Frederick, MD (CT)",0,1079,1079,0,2677,2677
24021750701,"Frederick, MD (CT)",0,1859,1859,0,5491,5491
24021750702,"Frederick, MD (CT)",0,1590,1590,0,3262,3262
24021750801,"Frederick, MD (CT)",0,1560,1560,0,2985,2985
24021750802,"Frederick, MD (CT)",0,1956,1956,0,4019,4019
24021750803,"Frederick, MD (CT)",0,2405,2405,0,6122,6122
24021751001,"Frederick, MD (CT)",0,365,365,0,954,954
24021751002,"Frederick, MD (CT)",0,2229,2229,0,5329,5329
24021751003,"Frederick, MD (CT)",0,2329,2329,0,5326,5326
24021751004,"Frederick, MD (CT)",195,1495,1690,415,3687,4102
24021751201,"Frederick, MD (CT)",1,1681,1682,4,4753,4757
24021751202,"Frederick, MD (CT)",0,2513,2513,0,6152,6152
24021751203,"Frederick, MD (CT)",226,623,849,528,1500,2028
24021751301,"Frederick, MD (CT)",602,800,1402,1451,1967,3418
24021751302,"Frederick, MD (CT)",1225,24,1249,2993,67,3060
24021751600,"Frederick, MD (CT)",1120,0,1120,3027,0,3027
24021751701,"Frederick, MD (CT)",858,30,888,2297,97,2394
24021751702,"Frederick, MD (CT)",1385,0,1385,3567,0,3567
24021751801,"Frederick, MD (CT)",443,1043,1486,1248,2953,4201
24021751802,"Frederick, MD (CT)",1115,220,1335,3158,616,3774
24021751901,"Frederick, MD (CT)",4,1474,1478,9,4263,4272
24021751902,"Frederick, MD (CT)",0,2146,2146,0,5795,5795
24021751903,"Frederick, MD (CT)",400,1712,2112,1151,5211,6362
24021751904,"Frederick, MD (CT)",372,730,1102,981,2165,3146
24021752001,"Frederick, MD (CT)",201,1485,1686,583,4556,5139
24021752101,"Frederick, MD (CT)",182,911,1093,456,2717,3173
24021752102,"Frederick, MD (CT)",510,1020,1530,1395,3002,4397
24021752201,"Frederick, MD (CT)",799,0,799,2121,0,2121
24021752202,"Frederick, MD (CT)",0,1215,1215,0,3853,3853
24021752204,"Frederick, MD (CT)",351,1576,1927,930,4925,5855
24021752301,"Frederick, MD (CT)",0,1448,1448,0,4168,4168
24021752302,"Frederick, MD (CT)",1010,537,1547,2994,989,3983
24021752303,"Frederick, MD (CT)",920,59,979,2513,127,2640
24021752501,"Frederick, MD (CT)",911,987,1898,2344,2585,4929
24021752502,"Frederick, MD (CT)",840,48,888,2341,146,2487
24021752601,"Frederick, MD (CT)",112,1395,1507,315,3656,3971
24021752602,"Frederick, MD (CT)",506,559,1065,1236,1325,2561
24021752603,"Frederick, MD (CT)",3,1399,1402,14,3825,3839
24021752801,"Frederick, MD (CT)",872,0,872,2214,0,2214
24021752802,"Frederick, MD (CT)",1319,0,1319,3550,0,3550
24021752900,"Frederick, MD (CT)",1049,232,1281,2516,550,3066
24021753001,"Frederick, MD (CT)",315,1524,1839,748,3816,4564
24021753002,"Frederick, MD (CT)",124,978,1102,318,2426,2744
24021765100,"Frederick, MD (CT)",0,1725,1725,0,3710,3710
24021766800,"Frederick, MD (CT)",281,1229,1510,1239,3892,5131
24021767500,"Frederick, MD (CT)",1124,31,1155,2763,86,2849
24021767600,"Frederick, MD (CT)",711,504,1215,1883,1317,3200
24021770700,"Frederick, MD (CT)",1304,60,1364,3442,166,3608
24021772200,"Frederick, MD (CT)",0,789,789,0,1598,1598
24021773500,"Frederick, MD (CT)",29,1495,1524,62,4059,4121
24021775302,"Frederick, MD (CT)",433,1015,1448,1072,2828,3900
24021775400,"Frederick, MD (CT)",0,1641,1641,0,3892,3892
24021775600,"Frederick, MD (CT)",111,1286,1397,261,3542,3803
24023000100,"Garrett, MD (CT)",2230,0,2230,4003,0,4003
24023000200,"Garrett, MD (CT)",1770,0,1770,3937,0,3937
24023000300,"Garrett, MD (CT)",1277,0,1277,2857,0,2857
24023000400,"Garrett, MD (CT)",1482,60,1542,3211,126,3337
24023000500,"Garrett, MD (CT)",6245,0,6245,4051,0,4051
24023000600,"Garrett, MD (CT)",2282,966,3248,4337,1849,6186
24023000700,"Garrett, MD (CT)",1252,1290,2542,2855,2871,5726
24025301102,"Harford, MD (CT)",439,855,1294,1100,2479,3579
24025301105,"Harford, MD (CT)",0,1423,1423,0,3985,3985
24025301106,"Harford, MD (CT)",0,1511,1511,0,4215,4215
24025301107,"Harford, MD (CT)",0,1614,1614,0,3174,3174
24025301108,"Harford, MD (CT)",0,1156,1156,0,3435,3435
24025301201,"Harford, MD (CT)",614,199,813,1415,541,1956
24025301202,"Harford, MD (CT)",0,2600,2600,0,6685,6685
24025301204,"Harford, MD (CT)",0,1657,1657,0,4299,4299
24025301205,"Harford, MD (CT)",0,1811,1811,0,4202,4202
24025301301,"Harford, MD (CT)",0,1826,1826,0,4592,4592
24025301302,"Harford, MD (CT)",0,2906,2906,0,7424,7424
24025301401,"Harford, MD (CT)",0,3176,3176,0,7512,7512
24025301402,"Harford, MD (CT)",0,927,927,0,2398,2398
24025301601,"Harford, MD (CT)",0,2437,2437,0,6420,6420
24025301602,"Harford, MD (CT)",0,2804,2804,0,7899,7899
24025301702,"Harford, MD (CT)",0,3225,3225,0,7884,7884
24025301703,"Harford, MD (CT)",0,1693,1693,0,4804,4804
24025301704,"Harford, MD (CT)",0,1434,1434,0,3599,3599
24025302100,"Harford, MD (CT)",823,10,833,2118,19,2137
24025302200,"Harford, MD (CT)",783,260,1043,1855,680,2535
24025302400,"Harford, MD (CT)",66,1120,1186,150,2513,2663
24025302801,"Harford, MD (CT)",148,1328,1476,341,3346,3687
24025302802,"Harford, MD (CT)",0,2027,2027,0,4551,4551
24025302901,"Harford, MD (CT)",0,1029,1029,0,2628,2628
24025302902,"Harford, MD (CT)",0,1890,1890,0,4549,4549
24025303101,"Harford, MD (CT)",814,1308,2122,2103,3873,5976
24025303102,"Harford, MD (CT)",965,0,965,2783,0,2783
24025303201,"Harford, MD (CT)",714,1245,1959,2026,3833,5859
24025303203,"Harford, MD (CT)",0,1449,1449,0,3479,3479
24025303204,"Harford, MD (CT)",0,1746,1746,0,4584,4584
24025303205,"Harford, MD (CT)",0,501,501,0,1482,1482
24025303206,"Harford, MD (CT)",0,1222,1222,0,3474,3474
24025303300,"Harford, MD (CT)",282,1927,2209,674,5422,6096
24025303400,"Harford, MD (CT)",78,1457,1535,204,4003,4207
24025303501,"Harford, MD (CT)",0,2601,2601,0,6490,6490
24025303502,"Harford, MD (CT)",0,1368,1368,0,3680,3680
24025303602,"Harford, MD (CT)",0,1405,1405,0,3799,3799
24025303603,"Harford, MD (CT)",0,2213,2213,0,6710,6710
24025303605,"Harford, MD (CT)",0,2659,2659,0,5936,5936
24025303606,"Harford, MD (CT)",0,1042,1042,0,3363,3363
24025303700,"Harford, MD (CT)",964,566,1530,2327,1488,3815
24025303801,"Harford, MD (CT)",0,1297,1297,0,2615,2615
24025303802,"Harford, MD (CT)",0,801,801,0,2034,2034
24025303803,"Harford, MD (CT)",0,2193,2193,0,4981,4981
24025303900,"Harford, MD (CT)",0,1000,1000,0,2372,2372
24025304101,"Harford, MD (CT)",1644,0,1644,4382,0,4382
24025304102,"Harford, MD (CT)",1379,0,1379,3708,0,3708
24025304201,"Harford, MD (CT)",971,1350,2321,2492,3728,6220
24025304202,"Harford, MD (CT)",1053,1356,2409,2879,3923,6802
24025305100,"Harford, MD (CT)",2738,0,2738,7432,0,7432
24025305200,"Harford, MD (CT)",1131,0,1131,2734,0,2734
24025305300,"Harford, MD (CT)",897,0,897,2208,0,2208
24025306100,"Harford, MD (CT)",0,1995,1995,0,4025,4025
24025306200,"Harford, MD (CT)",0,1154,1154,0,2166,2166
24025306300,"Harford, MD (CT)",132,922,1054,298,2075,2373
24025306400,"Harford, MD (CT)",36,2321,2357,95,5918,6013
24025306500,"Harford, MD (CT)",175,692,867,150,2066,2216
24027601103,"Howard, MD (CT)",0,2072,2072,0,5763,5763
24027601104,"Howard, MD (CT)",0,1736,1736,0,5761,5761
24027601105,"Howard, MD (CT)",0,1674,1674,0,3992,3992
24027601107,"Howard, MD (CT)",0,1807,1807,0,4214,4214
24027601108,"Howard, MD (CT)",0,1520,1520,0,3746,3746
24027601201,"Howard, MD (CT)",0,3007,3007,0,7544,7544
24027601203,"Howard, MD (CT)",0,1044,1044,0,3893,3893
24027601204,"Howard, MD (CT)",0,2025,2025,0,5229,5229
24027602100,"Howard, MD (CT)",0,2571,2571,0,7852,7852
24027602201,"Howard, MD (CT)",0,1123,1123,0,3282,3282
24027602202,"Howard, MD (CT)",0,1951,1951,0,5306,5306
24027602302,"Howard, MD (CT)",0,2515,2515,0,6842,6842
24027602303,"Howard, MD (CT)",72,1174,1246,196,3540,3736
24027602304,"Howard, MD (CT)",0,1585,1585,0,4729,4729
24027602305,"Howard, MD (CT)",0,1267,1267,0,3667,3667
24027602306,"Howard, MD (CT)",0,2264,2264,0,5220,5220
24027602600,"Howard, MD (CT)",0,2997,2997,0,7113,7113
24027602700,"Howard, MD (CT)",0,1791,1791,0,5014,5014
24027602800,"Howard, MD (CT)",0,2242,2242,0,5813,5813
24027602900,"Howard, MD (CT)",0,1829,1829,0,4123,4123
24027603001,"Howard, MD (CT)",543,1527,2070,1646,3755,5401
24027603003,"Howard, MD (CT)",1104,296,1400,3218,968,4186
24027603004,"Howard, MD (CT)",999,1133,2132,3078,3121,6199
24027604001,"Howard, MD (CT)",2119,0,2119,6275,0,6275
24027604002,"Howard, MD (CT)",1917,640,2557,5717,1907,7624
24027605102,"Howard, MD (CT)",464,2268,2732,1346,6865,8211
24027605103,"Howard, MD (CT)",455,1238,1693,1273,3802,5075
24027605104,"Howard, MD (CT)",1288,157,1445,3811,505,4316
24027605401,"Howard, MD (CT)",0,2492,2492,0,5149,5149
24027605402,"Howard, MD (CT)",0,3877,3877,0,7055,7055
24027605502,"Howard, MD (CT)",0,2197,2197,0,5182,5182
24027605503,"Howard, MD (CT)",0,2537,2537,0,6262,6262
24027605504,"Howard, MD (CT)",0,778,778,0,2737,2737
24027605505,"Howard, MD (CT)",0,1874,1874,0,6169,6169
24027605601,"Howard, MD (CT)",0,2856,2856,0,6075,6075
24027605602,"Howard, MD (CT)",0,3074,3074,0,7610,7610
24027606601,"Howard, MD (CT)",0,1066,1066,0,2875,2875
24027606603,"Howard, MD (CT)",0,3070,3070,0,7696,7696
24027606604,"Howard, MD (CT)",0,1636,1636,0,4037,4037
24027606606,"Howard, MD (CT)",0,2094,2094,0,4744,4744
24027606607,"Howard, MD (CT)",0,1607,1607,0,4530,4530
24027606701,"Howard, MD (CT)",0,963,963,0,2603,2603
24027606704,"Howard, MD (CT)",0,2770,2770,0,7072,7072
24027606705,"Howard, MD (CT)",0,859,859,0,2011,2011
24027606706,"Howard, MD (CT)",0,1956,1956,0,4798,4798
24027606707,"Howard, MD (CT)",0,1510,1510,0,3755,3755
24027606803,"Howard, MD (CT)",0,2471,2471,0,5523,5523
24027606804,"Howard, MD (CT)",0,1321,1321,0,3202,3202
24027606805,"Howard, MD (CT)",0,1320,1320,0,4145,4145
24027606806,"Howard, MD (CT)",0,2184,2184,0,6441,6441
24027606901,"Howard, MD (CT)",0,2086,2086,0,5549,5549
24027606904,"Howard, MD (CT)",0,1465,1465,0,3977,3977
24027606905,"Howard, MD (CT)",0,2538,2538,0,6644,6644
24027606906,"Howard, MD (CT)",0,1999,1999,0,5615,5615
24027606907,"Howard, MD (CT)",0,2268,2268,0,5503,5503
24029950100,"Kent, MD (CT)",1796,0,1796,3838,0,3838
24029950200,"Kent, MD (CT)",2640,0,2640,4844,0,4844
24029950300,"Kent, MD (CT)",153,2421,2574,330,5445,5775
24029950400,"Kent, MD (CT)",1701,68,1769,3025,92,3117
24029950500,"Kent, MD (CT)",1770,0,1770,2623,0,2623
24029990000,"Kent, MD (CT)",0,0,0,0,0,0
24031700101,"Montgomery, MD (CT)",280,1156,1436,792,3529,4321
24031700103,"Montgomery, MD (CT)",747,1166,1913,2104,3760,5864
24031700104,"Montgomery, MD (CT)",0,1923,1923,0,5356,5356
24031700105,"Montgomery, MD (CT)",0,2116,2116,0,6528,6528
24031700204,"Montgomery, MD (CT)",609,187,796,1599,525,2124
24031700205,"Montgomery, MD (CT)",323,1742,2065,943,5369,6312
24031700206,"Montgomery, MD (CT)",122,1765,1887,365,5384,5749
24031700207,"Montgomery, MD (CT)",0,2013,2013,0,5638,5638
24031700208,"Montgomery, MD (CT)",405,368,773,1179,1039,2218
24031700304,"Montgomery, MD (CT)",0,2678,2678,0,7692,7692
24031700306,"Montgomery, MD (CT)",0,2464,2464,0,7157,7157
24031700308,"Montgomery, MD (CT)",0,2427,2427,0,5720,5720
24031700309,"Montgomery, MD (CT)",0,2220,2220,0,5362,5362
24031700310,"Montgomery, MD (CT)",0,2395,2395,0,5267,5267
24031700311,"Montgomery, MD (CT)",119,1989,2108,405,6331,6736
24031700312,"Montgomery, MD (CT)",736,1104,1840,1993,4133,6126
24031700400,"Montgomery, MD (CT)",926,0,926,2256,0,2256
24031700500,"Montgomery, MD (CT)",697,1582,2279,1675,4620,6295
24031700604,"Montgomery, MD (CT)",1018,1257,2275,2897,3905,6802
24031700606,"Montgomery, MD (CT)",0,1459,1459,0,4327,4327
24031700607,"Montgomery, MD (CT)",0,2519,2519,0,8001,8001
24031700608,"Montgomery, MD (CT)",0,1891,1891,0,5968,5968
24031700610,"Montgomery, MD (CT)",0,703,703,0,2021,2021
24031700611,"Montgomery, MD (CT)",61,1718,1779,175,6177,6352
24031700613,"Montgomery, MD (CT)",41,2056,2097,127,6307,6434
24031700614,"Montgomery, MD (CT)",0,2290,2290,0,5341,5341
24031700615,"Montgomery, MD (CT)",0,997,997,0,3032,3032
24031700616,"Montgomery, MD (CT)",0,1538,1538,0,4497,4497
24031700704,"Montgomery, MD (CT)",0,1040,1040,0,2952,2952
24031700706,"Montgomery, MD (CT)",0,1316,1316,0,3447,3447
24031700710,"Montgomery, MD (CT)",0,2105,2105,0,6888,6888
24031700711,"Montgomery, MD (CT)",0,2050,2050,0,5912,5912
24031700713,"Montgomery, MD (CT)",0,2101,2101,0,5471,5471
24031700715,"Montgomery, MD (CT)",0,1769,1769,0,5969,5969
24031700716,"Montgomery, MD (CT)",0,2728,2728,0,7729,7729
24031700717,"Montgomery, MD (CT)",0,2050,2050,0,5877,5877
24031700718,"Montgomery, MD (CT)",0,2212,2212,0,4329,4329
24031700719,"Montgomery, MD (CT)",0,2497,2497,0,7590,7590
24031700720,"Montgomery, MD (CT)",0,1114,1114,0,3499,3499
24031700721,"Montgomery, MD (CT)",0,1440,1440,0,2621,2621
24031700722,"Montgomery, MD (CT)",0,1825,1825,0,4418,4418
24031700723,"Montgomery, MD (CT)",0,1981,1981,0,3387,3387
24031700724,"Montgomery, MD (CT)",0,1278,1278,0,3154,3154
24031700810,"Montgomery, MD (CT)",0,1816,1816,0,5142,5142
24031700811,"Montgomery, MD (CT)",0,1582,1582,0,4591,4591
24031700812,"Montgomery, MD (CT)",0,1777,1777,0,4177,4177
24031700813,"Montgomery, MD (CT)",0,2089,2089,0,5626,5626
24031700815,"Montgomery, MD (CT)",0,2585,2585,0,7546,7546
24031700816,"Montgomery, MD (CT)",0,2843,2843,0,7886,7886
24031700817,"Montgomery, MD (CT)",0,2643,2643,0,5197,5197
24031700818,"Montgomery, MD (CT)",0,2650,2650,0,6078,6078
24031700819,"Montgomery, MD (CT)",0,2499,2499,0,6651,6651
24031700820,"Montgomery, MD (CT)",0,1021,1021,0,2898,2898
24031700822,"Montgomery, MD (CT)",0,695,695,0,1568,1568
24031700823,"Montgomery, MD (CT)",0,1225,1225,0,3464,3464
24031700824,"Montgomery, MD (CT)",0,1055,1055,0,2736,2736
24031700826,"Montgomery, MD (CT)",0,2860,2860,0,5944,5944
24031700828,"Montgomery, MD (CT)",0,881,881,0,2468,2468
24031700829,"Montgomery, MD (CT)",0,1279,1279,0,3067,3067
24031700830,"Montgomery, MD (CT)",0,1051,1051,0,2520,2520
24031700832,"Montgomery, MD (CT)",0,1011,1011,0,2958,2958
24031700833,"Montgomery, MD (CT)",0,1328,1328,0,4251,4251
24031700834,"Montgomery, MD (CT)",0,1758,1758,0,4885,4885
24031700835,"Montgomery, MD (CT)",0,1325,1325,0,4616,4616
24031700901,"Montgomery, MD (CT)",0,2381,2381,0,4058,4058
24031700902,"Montgomery, MD (CT)",0,1282,1282,0,3759,3759
24031700903,"Montgomery, MD (CT)",0,712,712,0,1920,1920
24031700904,"Montgomery, MD (CT)",0,1424,1424,0,2578,2578
24031700905,"Montgomery, MD (CT)",0,1760,1760,0,3922,3922
24031701001,"Montgomery, MD (CT)",0,2042,2042,0,5421,5421
24031701002,"Montgomery, MD (CT)",0,1316,1316,0,3675,3675
24031701004,"Montgomery, MD (CT)",0,1998,1998,0,5055,5055
24031701005,"Montgomery, MD (CT)",0,1234,1234,0,3337,3337
24031701006,"Montgomery, MD (CT)",0,1924,1924,0,5549,5549
24031701007,"Montgomery, MD (CT)",0,1440,1440,0,3158,3158
24031701101,"Montgomery, MD (CT)",0,1561,1561,0,4636,4636
24031701102,"Montgomery, MD (CT)",0,2176,2176,0,6306,6306
24031701201,"Montgomery, MD (CT)",0,2344,2344,0,6012,6012
24031701202,"Montgomery, MD (CT)",0,1078,1078,0,2726,2726
24031701205,"Montgomery, MD (CT)",0,2452,2452,0,6370,6370
24031701206,"Montgomery, MD (CT)",0,2252,2252,0,6366,6366
24031701210,"Montgomery, MD (CT)",0,1371,1371,0,3948,3948
24031701211,"Montgomery, MD (CT)",0,2525,2525,0,6651,6651
24031701212,"Montgomery, MD (CT)",203,725,928,575,2139,2714
24031701213,"Montgomery, MD (CT)",0,3062,3062,0,5458,5458
24031701214,"Montgomery, MD (CT)",0,1618,1618,0,2793,2793
24031701215,"Montgomery, MD (CT)",0,2811,2811,0,4393,4393
24031701216,"Montgomery, MD (CT)",0,2577,2577,0,4157,4157
24031701218,"Montgomery, MD (CT)",0,1564,1564,0,2737,2737
24031701219,"Montgomery, MD (CT)",0,1525,1525,0,3121,3121
24031701220,"Montgomery, MD (CT)",0,1295,1295,0,3973,3973
24031701221,"Montgomery, MD (CT)",0,1665,1665,0,4553,4553
24031701303,"Montgomery, MD (CT)",0,1338,1338,0,3709,3709
24031701304,"Montgomery, MD (CT)",0,2128,2128,0,6038,6038
24031701306,"Montgomery, MD (CT)",0,1026,1026,0,3064,3064
24031701307,"Montgomery, MD (CT)",222,980,1202,690,2886,3576
24031701308,"Montgomery, MD (CT)",0,1065,1065,0,3023,3023
24031701312,"Montgomery, MD (CT)",0,2086,2086,0,6080,6080
24031701313,"Montgomery, MD (CT)",0,1275,1275,0,3769,3769
24031701314,"Montgomery, MD (CT)",0,1064,1064,0,2854,2854
24031701315,"Montgomery, MD (CT)",0,1761,1761,0,4566,4566
24031701316,"Montgomery, MD (CT)",596,1645,2241,1693,4624,6317
24031701317,"Montgomery, MD (CT)",820,595,1415,2457,2001,4458
24031701407,"Montgomery, MD (CT)",0,1881,1881,0,5674,5674
24031701408,"Montgomery, MD (CT)",343,1767,2110,974,5327,6301
24031701409,"Montgomery, MD (CT)",0,1387,1387,0,4361,4361
24031701410,"Montgomery, MD (CT)",94,2489,2583,266,7302,7568
24031701414,"Montgomery, MD (CT)",0,2578,2578,0,7465,7465
24031701415,"Montgomery, MD (CT)",0,2505,2505,0,7499,7499
24031701417,"Montgomery, MD (CT)",0,2812,2812,0,5596,5596
24031701418,"Montgomery, MD (CT)",0,1150,1150,0,3307,3307
24031701420,"Montgomery, MD (CT)",0,3397,3397,0,6907,6907
24031701421,"Montgomery, MD (CT)",0,559,559,0,1347,1347
24031701422,"Montgomery, MD (CT)",0,1086,1086,0,2570,2570
24031701423,"Montgomery, MD (CT)",0,1750,1750,0,4614,4614
24031701503,"Montgomery, MD (CT)",0,2220,2220,0,6949,6949
24031701505,"Montgomery, MD (CT)",0,2704,2704,0,6771,6771
24031701506,"Montgomery, MD (CT)",0,1797,1797,0,4986,4986
24031701507,"Montgomery, MD (CT)",0,1799,1799,0,4949,4949
24031701508,"Montgomery, MD (CT)",0,1573,1573,0,3687,3687
24031701509,"Montgomery, MD (CT)",0,2373,2373,0,6269,6269
24031701601,"Montgomery, MD (CT)",0,772,772,0,1938,1938
24031701602,"Montgomery, MD (CT)",0,1664,1664,0,6162,6162
24031701701,"Montgomery, MD (CT)",0,1577,1577,0,3400,3400
24031701702,"Montgomery, MD (CT)",0,1059,1059,0,2417,2417
24031701703,"Montgomery, MD (CT)",0,1374,1374,0,3154,3154
24031701704,"Montgomery, MD (CT)",0,1163,1163,0,2810,2810
24031701800,"Montgomery, MD (CT)",0,2004,2004,0,4947,4947
24031701900,"Montgomery, MD (CT)",0,1310,1310,0,3053,3053
24031702000,"Montgomery, MD (CT)",0,1474,1474,0,5400,5400
24031702101,"Montgomery, MD (CT)",0,1785,1785,0,5720,5720
24031702102,"Montgomery, MD (CT)",0,1138,1138,0,3197,3197
24031702200,"Montgomery, MD (CT)",0,1563,1563,0,4338,4338
24031702301,"Montgomery, MD (CT)",0,1460,1460,0,3720,3720
24031702302,"Montgomery, MD (CT)",0,1683,1683,0,4026,4026
24031702401,"Montgomery, MD (CT)",0,1000,1000,0,2516,2516
24031702402,"Montgomery, MD (CT)",0,2054,2054,0,4506,4506
24031702500,"Montgomery, MD (CT)",0,3506,3506,0,4987,4987
24031702601,"Montgomery, MD (CT)",0,2509,2509,0,3931,3931
24031702602,"Montgomery, MD (CT)",0,2404,2404,0,4482,4482
24031702700,"Montgomery, MD (CT)",0,2607,2607,0,6848,6848
24031702800,"Montgomery, MD (CT)",0,2377,2377,0,4620,4620
24031702900,"Montgomery, MD (CT)",0,2339,2339,0,5192,5192
24031703000,"Montgomery, MD (CT)",0,680,680,0,1755,1755
24031703100,"Montgomery, MD (CT)",0,1571,1571,0,4372,4372
24031703201,"Montgomery, MD (CT)",0,2377,2377,0,7356,7356
24031703202,"Montgomery, MD (CT)",0,2212,2212,0,5584,5584
24031703206,"Montgomery, MD (CT)",0,1380,1380,0,3442,3442
24031703207,"Montgomery, MD (CT)",0,1824,1824,0,5646,5646
24031703208,"Montgomery, MD (CT)",0,1770,1770,0,5301,5301
24031703209,"Montgomery, MD (CT)",0,2287,2287,0,5526,5526
24031703210,"Montgomery, MD (CT)",0,1106,1106,0,3282,3282
24031703212,"Montgomery, MD (CT)",0,2863,2863,0,7692,7692
24031703213,"Montgomery, MD (CT)",0,2336,2336,0,5887,5887
24031703214,"Montgomery, MD (CT)",0,2439,2439,0,6713,6713
24031703215,"Montgomery, MD (CT)",0,1149,1149,0,3074,3074
24031703216,"Montgomery, MD (CT)",0,2184,2184,0,3596,3596
24031703218,"Montgomery, MD (CT)",0,1577,1577,0,1899,1899
24031703219,"Montgomery, MD (CT)",0,2631,2631,0,3257,3257
24031703220,"Montgomery, MD (CT)",0,1999,1999,0,4975,4975
24031703221,"Montgomery, MD (CT)",0,1804,1804,0,5143,5143
24031703301,"Montgomery, MD (CT)",0,1380,1380,0,4765,4765
24031703302,"Montgomery, MD (CT)",0,1200,1200,0,4273,4273
24031703401,"Montgomery, MD (CT)",0,1580,1580,0,5569,5569
24031703402,"Montgomery, MD (CT)",0,1056,1056,0,3805,3805
24031703403,"Montgomery, MD (CT)",0,1035,1035,0,3683,3683
24031703404,"Montgomery, MD (CT)",0,848,848,0,3240,3240
24031703501,"Montgomery, MD (CT)",0,2029,2029,0,6640,6640
24031703502,"Montgomery, MD (CT)",0,1217,1217,0,2929,2929
24031703601,"Montgomery, MD (CT)",0,1822,1822,0,4640,4640
24031703602,"Montgomery, MD (CT)",0,1077,1077,0,2919,2919
24031703701,"Montgomery, MD (CT)",0,1133,1133,0,4175,4175
24031703702,"Montgomery, MD (CT)",0,1241,1241,0,4040,4040
24031703800,"Montgomery, MD (CT)",0,1358,1358,0,2943,2943
24031703901,"Montgomery, MD (CT)",0,1124,1124,0,2957,2957
24031703902,"Montgomery, MD (CT)",0,2701,2701,0,7185,7185
24031704000,"Montgomery, MD (CT)",0,2709,2709,0,6799,6799
24031704100,"Montgomery, MD (CT)",0,1694,1694,0,4661,4661
24031704200,"Montgomery, MD (CT)",0,902,902,0,2213,2213
24031704300,"Montgomery, MD (CT)",0,1471,1471,0,3835,3835
24031704401,"Montgomery, MD (CT)",0,1120,1120,0,3086,3086
24031704403,"Montgomery, MD (CT)",0,1102,1102,0,1510,1510
24031704404,"Montgomery, MD (CT)",0,2361,2361,0,5164,5164
24031704501,"Montgomery, MD (CT)",0,1285,1285,0,3592,3592
24031704502,"Montgomery, MD (CT)",0,986,986,0,2677,2677
24031704503,"Montgomery, MD (CT)",0,1394,1394,0,3931,3931
24031704600,"Montgomery, MD (CT)",0,2110,2110,0,5079,5079
24031704700,"Montgomery, MD (CT)",0,1407,1407,0,3858,3858
24031704803,"Montgomery, MD (CT)",0,2095,2095,0,3326,3326
24031704804,"Montgomery, MD (CT)",0,1156,1156,0,1508,1508
24031704805,"Montgomery, MD (CT)",0,1381,1381,0,1865,1865
24031704806,"Montgomery, MD (CT)",0,1873,1873,0,2780,2780
24031705000,"Montgomery, MD (CT)",0,1895,1895,0,4465,4465
24031705100,"Montgomery, MD (CT)",0,2029,2029,0,5090,5090
24031705200,"Montgomery, MD (CT)",0,1204,1204,0,3270,3270
24031705300,"Montgomery, MD (CT)",0,708,708,0,1895,1895
24031705400,"Montgomery, MD (CT)",0,1042,1042,0,2824,2824
24031705501,"Montgomery, MD (CT)",0,1693,1693,0,2493,2493
24031705502,"Montgomery, MD (CT)",0,1596,1596,0,3993,3993
24031705601,"Montgomery, MD (CT)",0,1066,1066,0,2835,2835
24031705602,"Montgomery, MD (CT)",0,2665,2665,0,3925,3925
24031705701,"Montgomery, MD (CT)",0,1927,1927,0,4614,4614
24031705702,"Montgomery, MD (CT)",0,1853,1853,0,4457,4457
24031705800,"Montgomery, MD (CT)",0,2378,2378,0,6003,6003
24031705901,"Montgomery, MD (CT)",0,1700,1700,0,4226,4226
24031705902,"Montgomery, MD (CT)",0,1573,1573,0,4164,4164
24031705903,"Montgomery, MD (CT)",0,1597,1597,0,4547,4547
24031706005,"Montgomery, MD (CT)",0,1687,1687,0,4579,4579
24031706007,"Montgomery, MD (CT)",0,2420,2420,0,7166,7166
24031706008,"Montgomery, MD (CT)",0,1835,1835,0,5330,5330
24031706009,"Montgomery, MD (CT)",0,1947,1947,0,5602,5602
24031706010,"Montgomery, MD (CT)",0,1120,1120,0,3026,3026
24031706011,"Montgomery, MD (CT)",0,1871,1871,0,5290,5290
24031706012,"Montgomery, MD (CT)",0,1789,1789,0,3130,3130
24031706013,"Montgomery, MD (CT)",0,984,984,0,2714,2714
24033800102,"Prince George's, MD (CT)",0,1455,1455,0,2763,2763
24033800103,"Prince George's, MD (CT)",0,950,950,0,2178,2178
24033800105,"Prince George's, MD (CT)",0,1418,1418,0,3465,3465
24033800106,"Prince George's, MD (CT)",0,1132,1132,0,2651,2651
24033800108,"Prince George's, MD (CT)",0,1750,1750,0,3559,3559
24033800109,"Prince George's, MD (CT)",0,1525,1525,0,3818,3818
24033800203,"Prince George's, MD (CT)",0,1516,1516,0,4252,4252
24033800206,"Prince George's, MD (CT)",1,1596,1597,3,3986,3989
24033800208,"Prince George's, MD (CT)",0,2668,2668,0,7641,7641
24033800209,"Prince George's, MD (CT)",0,1765,1765,0,4001,4001
24033800210,"Prince George's, MD (CT)",0,1296,1296,0,2882,2882
24033800211,"Prince George's, MD (CT)",0,1439,1439,0,2940,2940
24033800212,"Prince George's, MD (CT)",0,1829,1829,0,4199,4199
24033800213,"Prince George's, MD (CT)",0,1915,1915,0,4355,4355
24033800214,"Prince George's, MD (CT)",0,1187,1187,0,2690,2690
24033800215,"Prince George's, MD (CT)",0,1105,1105,0,2634,2634
24033800401,"Prince George's, MD (CT)",0,922,922,0,2532,2532
24033800402,"Prince George's, MD (CT)",0,1917,1917,0,4921,4921
24033800403,"Prince George's, MD (CT)",0,1347,1347,0,3683,3683
24033800408,"Prince George's, MD (CT)",0,2148,2148,0,6808,6808
24033800409,"Prince George's, MD (CT)",0,2234,2234,0,6362,6362
24033800410,"Prince George's, MD (CT)",14,1779,1793,35,6599,6634
24033800411,"Prince George's, MD (CT)",64,1370,1434,174,4078,4252
24033800412,"Prince George's, MD (CT)",0,1165,1165,0,3272,3272
24033800413,"Prince George's, MD (CT)",0,1417,1417,0,3714,3714
24033800504,"Prince George's, MD (CT)",17,1744,1761,47,4613,4660
24033800505,"Prince George's, MD (CT)",0,1019,1019,0,2676,2676
24033800507,"Prince George's, MD (CT)",512,608,1120,1460,1483,2943
24033800509,"Prince George's, MD (CT)",1,3643,3644,3,9336,9339
24033800511,"Prince George's, MD (CT)",0,1991,1991,0,5111,5111
24033800513,"Prince George's, MD (CT)",0,1891,1891,0,5416,5416
24033800514,"Prince George's, MD (CT)",0,1525,1525,0,4672,4672
24033800515,"Prince George's, MD (CT)",0,1585,1585,0,3843,3843
24033800516,"Prince George's, MD (CT)",0,1680,1680,0,3566,3566
24033800517,"Prince George's, MD (CT)",0,1722,1722,0,5387,5387
24033800518,"Prince George's, MD (CT)",0,1083,1083,0,3178,3178
24033800519,"Prince George's, MD (CT)",0,1390,1390,0,4191,4191
24033800520,"Prince George's, MD (CT)",0,991,991,0,1918,1918
24033800601,"Prince George's, MD (CT)",21,675,696,54,1880,1934
24033800604,"Prince George's, MD (CT)",341,253,594,1062,676,1738
24033800605,"Prince George's, MD (CT)",232,1287,1519,572,4477,5049
24033800606,"Prince George's, MD (CT)",0,2540,2540,0,4708,4708
24033800607,"Prince George's, MD (CT)",4,2028,2032,11,5871,5882
24033800608,"Prince George's, MD (CT)",0,1247,1247,0,3555,3555
24033800701,"Prince George's, MD (CT)",241,1653,1894,668,4726,5394
24033800704,"Prince George's, MD (CT)",38,1963,2001,94,4723,4817
24033800705,"Prince George's, MD (CT)",16,1483,1499,41,4172,4213
24033800706,"Prince George's, MD (CT)",6,1209,1215,14,3536,3550
24033800707,"Prince George's, MD (CT)",219,963,1182,631,2209,2840
24033800800,"Prince George's, MD (CT)",1345,0,1345,3539,0,3539
24033800900,"Prince George's, MD (CT)",731,0,731,1698,0,1698
24033801003,"Prince George's, MD (CT)",786,662,1448,1697,1910,3607
24033801004,"Prince George's, MD (CT)",290,1135,1425,824,3317,4141
24033801005,"Prince George's, MD (CT)",0,1253,1253,0,3719,3719
24033801006,"Prince George's, MD (CT)",0,1328,1328,0,3888,3888
24033801104,"Prince George's, MD (CT)",0,1385,1385,0,2973,2973
24033801207,"Prince George's, MD (CT)",4,1525,1529,16,4416,4432
24033801208,"Prince George's, MD (CT)",0,1334,1334,0,3644,3644
24033801209,"Prince George's, MD (CT)",0,1551,1551,0,4361,4361
24033801210,"Prince George's, MD (CT)",0,1524,1524,0,4103,4103
24033801211,"Prince George's, MD (CT)",0,1116,1116,0,3188,3188
24033801212,"Prince George's, MD (CT)",0,1127,1127,0,3091,3091
24033801213,"Prince George's, MD (CT)",0,1342,1342,0,3825,3825
24033801214,"Prince George's, MD (CT)",0,1704,1704,0,3995,3995
24033801215,"Prince George's, MD (CT)",0,790,790,0,2386,2386
24033801216,"Prince George's, MD (CT)",112,1136,1248,309,3116,3425
24033801217,"Prince George's, MD (CT)",0,1167,1167,0,3636,3636
24033801302,"Prince George's, MD (CT)",458,578,1036,1111,1623,2734
24033801305,"Prince George's, MD (CT)",0,1968,1968,0,5569,5569
24033801307,"Prince George's, MD (CT)",0,1414,1414,0,3668,3668
24033801308,"Prince George's, MD (CT)",0,1259,1259,0,3580,3580
24033801309,"Prince George's, MD (CT)",0,1351,1351,0,3408,3408
24033801310,"Prince George's, MD (CT)",321,1824,2145,896,5247,6143
24033801311,"Prince George's, MD (CT)",631,1397,2028,1679,4042,5721
24033801312,"Prince George's, MD (CT)",0,1325,1325,0,3757,3757
24033801313,"Prince George's, MD (CT)",0,1184,1184,0,3140,3140
24033801404,"Prince George's, MD (CT)",0,2339,2339,0,4812,4812
24033801405,"Prince George's, MD (CT)",0,1593,1593,0,4245,4245
24033801406,"Prince George's, MD (CT)",0,1420,1420,0,2768,2768
24033801407,"Prince George's, MD (CT)",0,2337,2337,0,6308,6308
24033801408,"Prince George's, MD (CT)",0,1760,1760,0,3411,3411
24033801409,"Prince George's, MD (CT)",0,1136,1136,0,2752,2752
24033801410,"Prince George's, MD (CT)",0,1248,1248,0,3519,3519
24033801411,"Prince George's, MD (CT)",0,1162,1162,0,3398,3398
24033801500,"Prince George's, MD (CT)",0,961,961,0,2506,2506
24033801600,"Prince George's, MD (CT)",0,1237,1237,0,2813,2813
24033801701,"Prince George's, MD (CT)",0,1782,1782,0,4195,4195
24033801702,"Prince George's, MD (CT)",0,1793,1793,0,3737,3737
24033801704,"Prince George's, MD (CT)",0,2455,2455,0,5467,5467
24033801706,"Prince George's, MD (CT)",0,572,572,0,1522,1522
24033801707,"Prince George's, MD (CT)",0,2489,2489,0,6175,6175
24033801708,"Prince George's, MD (CT)",0,1383,1383,0,3425,3425
24033801801,"Prince George's, MD (CT)",0,912,912,0,1966,1966
24033801802,"Prince George's, MD (CT)",0,1751,1751,0,3855,3855
24033801804,"Prince George's, MD (CT)",0,811,811,0,2022,2022
24033801805,"Prince George's, MD (CT)",0,1340,1340,0,2763,2763
24033801807,"Prince George's, MD (CT)",0,2191,2191,0,4685,4685
24033801808,"Prince George's, MD (CT)",0,1641,1641,0,3689,3689
24033801901,"Prince George's, MD (CT)",0,1787,1787,0,4909,4909
24033801904,"Prince George's, MD (CT)",0,1333,1333,0,3405,3405
24033801905,"Prince George's, MD (CT)",0,2214,2214,0,4696,4696
24033801906,"Prince George's, MD (CT)",0,757,757,0,1966,1966
24033801907,"Prince George's, MD (CT)",0,1719,1719,0,3528,3528
24033801908,"Prince George's, MD (CT)",0,1430,1430,0,3363,3363
24033802001,"Prince George's, MD (CT)",0,2415,2415,0,5702,5702
24033802002,"Prince George's, MD (CT)",0,1493,1493,0,3747,3747
24033802103,"Prince George's, MD (CT)",0,1209,1209,0,3079,3079
24033802104,"Prince George's, MD (CT)",0,976,976,0,2005,2005
24033802106,"Prince George's, MD (CT)",0,1810,1810,0,4508,4508
24033802107,"Prince George's, MD (CT)",0,1558,1558,0,3560,3560
24033802201,"Prince George's, MD (CT)",0,861,861,0,1872,1872
24033802203,"Prince George's, MD (CT)",0,1766,1766,0,4655,4655
24033802204,"Prince George's, MD (CT)",0,2242,2242,0,6376,6376
24033802301,"Prince George's, MD (CT)",0,1363,1363,0,3674,3674
24033802404,"Prince George's, MD (CT)",0,1960,1960,0,4540,4540
24033802405,"Prince George's, MD (CT)",0,1810,1810,0,4240,4240
24033802406,"Prince George's, MD (CT)",0,980,980,0,2440,2440
24033802407,"Prince George's, MD (CT)",0,1941,1941,0,3695,3695
24033802408,"Prince George's, MD (CT)",0,835,835,0,1783,1783
24033802501,"Prince George's, MD (CT)",0,1447,1447,0,3167,3167
24033802502,"Prince George's, MD (CT)",0,1130,1130,0,2406,2406
24033802600,"Prince George's, MD (CT)",0,1276,1276,0,3280,3280
24033802700,"Prince George's, MD (CT)",0,1029,1029,0,2754,2754
24033802803,"Prince George's, MD (CT)",0,2139,2139,0,5101,5101
24033802804,"Prince George's, MD (CT)",0,2109,2109,0,5466,5466
24033802805,"Prince George's, MD (CT)",0,1805,1805,0,4895,4895
24033802901,"Prince George's, MD (CT)",0,1538,1538,0,3962,3962
24033803001,"Prince George's, MD (CT)",0,1137,1137,0,2945,2945
24033803002,"Prince George's, MD (CT)",0,1140,1140,0,2723,2723
24033803100,"Prince George's, MD (CT)",0,1101,1101,0,2627,2627
24033803200,"Prince George's, MD (CT)",0,1216,1216,0,3027,3027
24033803300,"Prince George's, MD (CT)",0,1663,1663,0,4337,4337
24033803401,"Prince George's, MD (CT)",0,505,505,0,1323,1323
24033803402,"Prince George's, MD (CT)",0,1858,1858,0,4631,4631
24033803508,"Prince George's, MD (CT)",0,1852,1852,0,4938,4938
24033803509,"Prince George's, MD (CT)",0,1009,1009,0,3079,3079
24033803512,"Prince George's, MD (CT)",0,2446,2446,0,6239,6239
24033803513,"Prince George's, MD (CT)",0,2176,2176,0,4470,4470
24033803514,"Prince George's, MD (CT)",0,2235,2235,0,4381,4381
24033803516,"Prince George's, MD (CT)",0,1739,1739,0,4446,4446
24033803519,"Prince George's, MD (CT)",0,2446,2446,0,3825,3825
24033803520,"Prince George's, MD (CT)",0,1377,1377,0,4305,4305
24033803521,"Prince George's, MD (CT)",0,1822,1822,0,4655,4655
24033803522,"Prince George's, MD (CT)",0,1510,1510,0,3727,3727
24033803523,"Prince George's, MD (CT)",0,1234,1234,0,3625,3625
24033803524,"Prince George's, MD (CT)",0,1657,1657,0,3295,3295
24033803525,"Prince George's, MD (CT)",0,1062,1062,0,2404,2404
24033803526,"Prince George's, MD (CT)",0,1333,1333,0,3482,3482
24033803527,"Prince George's, MD (CT)",0,1143,1143,0,3084,3084
24033803601,"Prince George's, MD (CT)",0,1181,1181,0,3491,3491
24033803602,"Prince George's, MD (CT)",0,681,681,0,1866,1866
24033803605,"Prince George's, MD (CT)",0,1996,1996,0,6763,6763
24033803606,"Prince George's, MD (CT)",0,1634,1634,0,5500,5500
24033803607,"Prince George's, MD (CT)",0,1060,1060,0,3405,3405
24033803608,"Prince George's, MD (CT)",0,1884,1884,0,5776,5776
24033803610,"Prince George's, MD (CT)",0,1047,1047,0,3283,3283
24033803612,"Prince George's, MD (CT)",0,1290,1290,0,3144,3144
24033803613,"Prince George's, MD (CT)",0,1997,1997,0,5074,5074
24033803700,"Prince George's, MD (CT)",0,784,784,0,2545,2545
24033803801,"Prince George's, MD (CT)",0,734,734,0,2609,2609
24033803803,"Prince George's, MD (CT)",0,1551,1551,0,5003,5003
24033803900,"Prince George's, MD (CT)",0,982,982,0,3593,3593
24033804001,"Prince George's, MD (CT)",0,2343,2343,0,5137,5137
24033804002,"Prince George's, MD (CT)",0,1312,1312,0,3992,3992
24033804101,"Prince George's, MD (CT)",0,1201,1201,0,3238,3238
24033804102,"Prince George's, MD (CT)",0,2135,2135,0,5974,5974
24033804200,"Prince George's, MD (CT)",0,1201,1201,0,3094,3094
24033804300,"Prince George's, MD (CT)",0,1337,1337,0,3452,3452
24033804400,"Prince George's, MD (CT)",0,915,915,0,2709,2709
24033804600,"Prince George's, MD (CT)",0,1030,1030,0,3002,3002
24033804700,"Prince George's, MD (CT)",0,1358,1358,0,3583,3583
24033804801,"Prince George's, MD (CT)",0,1330,1330,0,2376,2376
24033804802,"Prince George's, MD (CT)",0,1109,1109,0,2677,2677
24033804900,"Prince George's, MD (CT)",0,1501,1501,0,3879,3879
24033805000,"Prince George's, MD (CT)",0,2292,2292,0,5223,5223
24033805101,"Prince George's, MD (CT)",0,1298,1298,0,3664,3664
24033805201,"Prince George's, MD (CT)",0,1362,1362,0,4270,4270
24033805202,"Prince George's, MD (CT)",0,1289,1289,0,3820,3820
24033805500,"Prince George's, MD (CT)",0,1213,1213,0,3628,3628
24033805601,"Prince George's, MD (CT)",0,1678,1678,0,6201,6201
24033805602,"Prince George's, MD (CT)",0,1320,1320,0,4918,4918
24033805700,"Prince George's, MD (CT)",0,1811,1811,0,6143,6143
24033805801,"Prince George's, MD (CT)",0,1095,1095,0,4401,4401
24033805802,"Prince George's, MD (CT)",0,1031,1031,0,4175,4175
24033805904,"Prince George's, MD (CT)",0,965,965,0,3366,3366
24033805906,"Prince George's, MD (CT)",0,1314,1314,0,2820,2820
24033805907,"Prince George's, MD (CT)",0,1527,1527,0,3600,3600
24033805908,"Prince George's, MD (CT)",0,871,871,0,2123,2123
24033805909,"Prince George's, MD (CT)",0,1863,1863,0,4261,4261
24033806000,"Prince George's, MD (CT)",0,1800,1800,0,5071,5071
24033806100,"Prince George's, MD (CT)",0,1615,1615,0,4380,4380
24033806200,"Prince George's, MD (CT)",0,1701,1701,0,4012,4012
24033806300,"Prince George's, MD (CT)",0,791,791,0,2108,2108
24033806400,"Prince George's, MD (CT)",0,1260,1260,0,3411,3411
24033806501,"Prince George's, MD (CT)",0,1500,1500,0,5151,5151
24033806601,"Prince George's, MD (CT)",0,1344,1344,0,4636,4636
24033806602,"Prince George's, MD (CT)",0,1440,1440,0,4578,4578
24033806706,"Prince George's, MD (CT)",0,1531,1531,0,3755,3755
24033806708,"Prince George's, MD (CT)",0,2299,2299,0,4232,4232
24033806710,"Prince George's, MD (CT)",0,2407,2407,0,5332,5332
24033806711,"Prince George's, MD (CT)",0,2092,2092,0,5146,5146
24033806712,"Prince George's, MD (CT)",0,1489,1489,0,3053,3053
24033806713,"Prince George's, MD (CT)",0,1373,1373,0,3698,3698
24033806714,"Prince George's, MD (CT)",0,1330,1330,0,3623,3623
24033806800,"Prince George's, MD (CT)",0,1364,1364,0,3914,3914
24033806900,"Prince George's, MD (CT)",0,1396,1396,0,4134,4134
24033807000,"Prince George's, MD (CT)",0,3021,3021,0,4906,4906
24033807102,"Prince George's, MD (CT)",0,927,927,0,2613,2613
24033807200,"Prince George's, MD (CT)",0,1435,1435,0,15934,15934
24033807301,"Prince George's, MD (CT)",0,1476,1476,0,3289,3289
24033807304,"Prince George's, MD (CT)",0,625,625,0,1928,1928
24033807305,"Prince George's, MD (CT)",0,1116,1116,0,3676,3676
24033807404,"Prince George's, MD (CT)",0,1728,1728,0,4977,4977
24033807405,"Prince George's, MD (CT)",0,2319,2319,0,5858,5858
24033807407,"Prince George's, MD (CT)",0,2293,2293,0,6260,6260
24033807408,"Prince George's, MD (CT)",136,2292,2428,343,5386,5729
24033807409,"Prince George's, MD (CT)",0,1258,1258,0,3764,3764
24033807410,"Prince George's, MD (CT)",0,1594,1594,0,3953,3953
24035810100,"Queen Anne's, MD (CT)",1360,0,1360,3089,0,3089
24035810200,"Queen Anne's, MD (CT)",1072,0,1072,2636,0,2636
24035810300,"Queen Anne's, MD (CT)",1120,748,1868,2930,1616,4546
24035810400,"Queen Anne's, MD (CT)",1320,930,2250,3359,2694,6053
24035810500,"Queen Anne's, MD (CT)",1118,764,1882,2877,1591,4468
24035810600,"Queen Anne's, MD (CT)",2126,0,2126,4910,0,4910
24035810700,"Queen Anne's, MD (CT)",564,1218,1782,1443,2496,3939
24035810800,"Queen Anne's, MD (CT)",315,2151,2466,562,5262,5824
24035810901,"Queen Anne's, MD (CT)",842,1323,2165,1618,3309,4927
24035810902,"Queen Anne's, MD (CT)",393,874,1267,827,2118,2945
24035811000,"Queen Anne's, MD (CT)",793,1109,1902,1793,2668,4461
24035990000,"Queen Anne's, MD (CT)",0,0,0,0,0,0
24035990100,"Queen Anne's, MD (CT)",0,0,0,0,0,0
24035990200,"Queen Anne's, MD (CT)",0,0,0,0,0,0
24037875000,"St. Mary's, MD (CT)",1116,1068,2184,3238,2863,6101
24037875100,"St. Mary's, MD (CT)",1114,522,1636,3582,1589,5171
24037875201,"St. Mary's, MD (CT)",1634,147,1781,4674,461,5135
24037875202,"St. Mary's, MD (CT)",1449,686,2135,3754,2142,5896
24037875300,"St. Mary's, MD (CT)",1690,0,1690,3266,0,3266
24037875400,"St. Mary's, MD (CT)",1659,1170,2829,4160,2877,7037
24037875500,"St. Mary's, MD (CT)",1691,1415,3106,4756,3875,8631
24037875600,"St. Mary's, MD (CT)",1686,1691,3377,4720,3613,8333
24037875700,"St. Mary's, MD (CT)",2188,822,3010,5512,1958,7470
24037875801,"St. Mary's, MD (CT)",22,203,225,51,963,1014
24037875802,"St. Mary's, MD (CT)",204,1468,1672,479,3594,4073
24037875901,"St. Mary's, MD (CT)",378,2637,3015,952,6328,7280
24037875902,"St. Mary's, MD (CT)",160,3051,3211,313,7325,7638
24037876001,"St. Mary's, MD (CT)",0,2081,2081,0,4713,4713
24037876002,"St. Mary's, MD (CT)",410,2992,3402,1118,7596,8714
24037876100,"St. Mary's, MD (CT)",2996,348,3344,6663,897,7560
24037876200,"St. Mary's, MD (CT)",2514,70,2584,5777,1342,7119
24037990000,"St. Mary's, MD (CT)",0,0,0,0,0,0
24039930101,"Somerset, MD (CT)",594,2099,2693,1598,5874,7472
24039930102,"Somerset, MD (CT)",1176,568,1744,2322,1437,3759
24039930200,"Somerset, MD (CT)",1274,0,1274,1817,0,1817
24039930300,"Somerset, MD (CT)",1283,60,1343,2425,114,2539
24039930500,"Somerset, MD (CT)",1996,276,2272,3747,649,4396
24039930600,"Somerset, MD (CT)",97,1652,1749,102,2951,3053
24039980400,"Somerset, MD (CT)",55,0,55,110,3324,3434
24039990100,"Somerset, MD (CT)",0,0,0,0,0,0
24041960100,"Talbot, MD (CT)",1812,0,1812,4495,0,4495
24041960201,"Talbot, MD (CT)",1387,880,2267,2516,1588,4104
24041960300,"Talbot, MD (CT)",0,1665,1665,0,3371,3371
24041960400,"Talbot, MD (CT)",0,2792,2792,0,5590,5590
24041960501,"Talbot, MD (CT)",647,1287,1934,1376,3376,4752
24041960502,"Talbot, MD (CT)",284,1389,1673,626,3207,3833
24041960600,"Talbot, MD (CT)",1162,0,1162,1788,0,1788
24041960700,"Talbot, MD (CT)",2497,0,2497,3635,0,3635
24041960800,"Talbot, MD (CT)",1385,0,1385,1920,0,1920
24041960900,"Talbot, MD (CT)",2390,0,2390,4294,0,4294
24041990000,"Talbot, MD (CT)",0,0,0,0,0,0
24043000100,"Washington, MD (CT)",0,1467,1467,0,3168,3168
24043000200,"Washington, MD (CT)",0,1844,1844,0,3974,3974
24043000301,"Washington, MD (CT)",0,1511,1511,0,3415,3415
24043000302,"Washington, MD (CT)",0,1157,1157,0,2742,2742
24043000400,"Washington, MD (CT)",0,1299,1299,0,2189,2189
24043000500,"Washington, MD (CT)",0,2637,2637,0,5500,5500
24043000601,"Washington, MD (CT)",0,1109,1109,0,2410,2410
24043000602,"Washington, MD (CT)",0,1681,1681,0,3104,3104
24043000700,"Washington, MD (CT)",0,1555,1555,0,3158,3158
24043000800,"Washington, MD (CT)",0,1805,1805,0,3466,3466
24043000900,"Washington, MD (CT)",0,1404,1404,0,3625,3625
24043001001,"Washington, MD (CT)",0,2273,2273,0,4941,4941
24043001002,"Washington, MD (CT)",0,1660,1660,0,4024,4024
24043010100,"Washington, MD (CT)",104,480,584,283,1105,1388
24043010200,"Washington, MD (CT)",1461,296,1757,3757,666,4423
24043010300,"Washington, MD (CT)",60,2942,3002,184,7270,7454
24043010400,"Washington, MD (CT)",1070,1944,3014,2763,4912,7675
24043010500,"Washington, MD (CT)",1404,1069,2473,3690,2462,6152
24043010600,"Washington, MD (CT)",2067,0,2067,5033,0,5033
24043010700,"Washington, MD (CT)",1639,0,1639,3447,0,3447
24043010801,"Washington, MD (CT)",270,1663,1933,642,3874,4516
24043010802,"Washington, MD (CT)",242,962,1204,601,1905,2506
24043010900,"Washington, MD (CT)",1817,1287,3104,4824,3364,8188
24043011000,"Washington, MD (CT)",0,1,1,0,6164,6164
24043011100,"Washington, MD (CT)",456,2311,2767,1174,4752,5926
24043011201,"Washington, MD (CT)",16,3878,3894,44,8891,8935
24043011202,"Washington, MD (CT)",471,1344,1815,1196,3004,4200
24043011301,"Washington, MD (CT)",544,1399,1943,1367,3828,5195
24043011302,"Washington, MD (CT)",1193,358,1551,3022,887,3909
24043011400,"Washington, MD (CT)",1005,1313,2318,2557,3144,5701
24043011500,"Washington, MD (CT)",2925,193,3118,7392,614,8006
24043011600,"Washington, MD (CT)",639,589,1228,1501,1395,2896
24045000100,"Wicomico, MD (CT)",0,2203,2203,0,5630,5630
24045000200,"Wicomico, MD (CT)",0,942,942,0,1897,1897
24045000300,"Wicomico, MD (CT)",0,618,618,0,1323,1323
24045000400,"Wicomico, MD (CT)",0,1938,1938,0,4095,4095
24045000500,"Wicomico, MD (CT)",0,1177,1177,0,2961,2961
24045010101,"Wicomico, MD (CT)",26,2585,2611,49,6101,6150
24045010102,"Wicomico, MD (CT)",0,1561,1561,0,3226,3226
24045010200,"Wicomico, MD (CT)",110,2496,2606,234,5908,6142
24045010300,"Wicomico, MD (CT)",271,2803,3074,554,7241,7795
24045010400,"Wicomico, MD (CT)",162,2222,2384,422,6565,6987
24045010501,"Wicomico, MD (CT)",52,1906,1958,125,4376,4501
24045010502,"Wicomico, MD (CT)",0,3519,3519,0,8875,8875
24045010603,"Wicomico, MD (CT)",1025,2164,3189,2541,4602,7143
24045010604,"Wicomico, MD (CT)",2220,2,2222,5059,6,5065
24045010605,"Wicomico, MD (CT)",796,834,1630,1924,2238,4162
24045010606,"Wicomico, MD (CT)",1350,442,1792,3139,1061,4200
24045010701,"Wicomico, MD (CT)",1610,0,1610,3800,0,3800
24045010702,"Wicomico, MD (CT)",1126,2199,3325,2930,5741,8671
24045010800,"Wicomico, MD (CT)",2282,551,2833,4702,1408,6110
24047950000,"Worcester, MD (CT)",0,5737,5737,0,2080,2080
24047950100,"Worcester, MD (CT)",0,12835,12835,0,1728,1728
24047950300,"Worcester, MD (CT)",0,11547,11547,0,3294,3294
24047950400,"Worcester, MD (CT)",35,1586,1621,65,2910,2975
24047950600,"Worcester, MD (CT)",0,2351,2351,0,3060,3060
24047950700,"Worcester, MD (CT)",180,1902,2082,303,2086,2389
24047950800,"Worcester, MD (CT)",2096,589,2685,4552,943,5495
24047950900,"Worcester, MD (CT)",816,174,990,1752,265,2017
24047951000,"Worcester, MD (CT)",187,1778,1965,410,3992,4402
24047951100,"Worcester, MD (CT)",0,4581,4581,0,6520,6520
24047951200,"Worcester, MD (CT)",1427,0,1427,3091,0,3091
24047951300,"Worcester, MD (CT)",1172,0,1172,2816,0,2816
24047951400,"Worcester, MD (CT)",1437,89,1526,3135,220,3355
24047951500,"Worcester, MD (CT)",466,1809,2275,956,3995,4951
24047951700,"Worcester, MD (CT)",1272,1683,2955,1200,2081,3281
24047980000,"Worcester, MD (CT)",0,0,0,0,0,0
24047990000,"Worcester, MD (CT)",0,0,0,0,0,0
24510010100,"Baltimore city, MD (CT)",0,1728,1728,0,3022,3022
24510010200,"Baltimore city, MD (CT)",0,1564,1564,0,3009,3009
24510010300,"Baltimore city, MD (CT)",0,1330,1330,0,2208,2208
24510010400,"Baltimore city, MD (CT)",0,1915,1915,0,2870,2870
24510010500,"Baltimore city, MD (CT)",0,1008,1008,0,1724,1724
24510020100,"Baltimore city, MD (CT)",0,1092,1092,0,1884,1884
24510020200,"Baltimore city, MD (CT)",0,1076,1076,0,2087,2087
24510020300,"Baltimore city, MD (CT)",0,2529,2529,0,3344,3344
24510030100,"Baltimore city, MD (CT)",0,1328,1328,0,3065,3065
24510030200,"Baltimore city, MD (CT)",0,1459,1459,0,2342,2342
24510040100,"Baltimore city, MD (CT)",0,3060,3060,0,4006,4006
24510040200,"Baltimore city, MD (CT)",0,455,455,0,838,838
24510060100,"Baltimore city, MD (CT)",0,1298,1298,0,3222,3222
24510060200,"Baltimore city, MD (CT)",0,1516,1516,0,3265,3265
24510060300,"Baltimore city, MD (CT)",0,934,934,0,1800,1800
24510060400,"Baltimore city, MD (CT)",0,735,735,0,1183,1183
24510070100,"Baltimore city, MD (CT)",0,1098,1098,0,2957,2957
24510070200,"Baltimore city, MD (CT)",0,1583,1583,0,3782,3782
24510070300,"Baltimore city, MD (CT)",0,604,604,0,1042,1042
24510070400,"Baltimore city, MD (CT)",0,582,582,0,1241,1241
24510080101,"Baltimore city, MD (CT)",0,1472,1472,0,3881,3881
24510080102,"Baltimore city, MD (CT)",0,929,929,0,2508,2508
24510080200,"Baltimore city, MD (CT)",0,775,775,0,1585,1585
24510080301,"Baltimore city, MD (CT)",0,1033,1033,0,2084,2084
24510080302,"Baltimore city, MD (CT)",0,1326,1326,0,2937,2937
24510080400,"Baltimore city, MD (CT)",0,810,810,0,1564,1564
24510080500,"Baltimore city, MD (CT)",0,735,735,0,1704,1704
24510080600,"Baltimore city, MD (CT)",0,1407,1407,0,2469,2469
24510080700,"Baltimore city, MD (CT)",0,726,726,0,1137,1137
24510080800,"Baltimore city, MD (CT)",0,831,831,0,1281,1281
24510090100,"Baltimore city, MD (CT)",0,1883,1883,0,4251,4251
24510090200,"Baltimore city, MD (CT)",0,1279,1279,0,3243,3243
24510090300,"Baltimore city, MD (CT)",0,2111,2111,0,4203,4203
24510090400,"Baltimore city, MD (CT)",0,803,803,0,1586,1586
24510090500,"Baltimore city, MD (CT)",0,835,835,0,1964,1964
24510090600,"Baltimore city, MD (CT)",0,1372,1372,0,3402,3402
24510090700,"Baltimore city, MD (CT)",0,1483,1483,0,3149,3149
24510090800,"Baltimore city, MD (CT)",0,1586,1586,0,3073,3073
24510090900,"Baltimore city, MD (CT)",0,1433,1433,0,2452,2452
24510100100,"Baltimore city, MD (CT)",0,1113,1113,0,2126,2126
24510100200,"Baltimore city, MD (CT)",0,1235,1235,0,2767,2767
24510100300,"Baltimore city, MD (CT)",0,0,0,0,5237,5237
24510110100,"Baltimore city, MD (CT)",0,2488,2488,0,3223,3223
24510110200,"Baltimore city, MD (CT)",0,4143,4143,0,5072,5072
24510120100,"Baltimore city, MD (CT)",0,3000,3000,0,4790,4790
24510120201,"Baltimore city, MD (CT)",0,1090,1090,0,2033,2033
24510120202,"Baltimore city, MD (CT)",0,2536,2536,0,6224,6224
24510120300,"Baltimore city, MD (CT)",0,1986,1986,0,3552,3552
24510120400,"Baltimore city, MD (CT)",0,955,955,0,1313,1313
24510120500,"Baltimore city, MD (CT)",0,1171,1171,0,1751,1751
24510120600,"Baltimore city, MD (CT)",0,2037,2037,0,3269,3269
24510120700,"Baltimore city, MD (CT)",0,1262,1262,0,2476,2476
24510130100,"Baltimore city, MD (CT)",0,1784,1784,0,2613,2613
24510130200,"Baltimore city, MD (CT)",0,1573,1573,0,2775,2775
24510130300,"Baltimore city, MD (CT)",0,1378,1378,0,2269,2269
24510130400,"Baltimore city, MD (CT)",0,1131,1131,0,2011,2011
24510130600,"Baltimore city, MD (CT)",0,1990,1990,0,3586,3586
24510130700,"Baltimore city, MD (CT)",0,2895,2895,0,5192,5192
24510130803,"Baltimore city, MD (CT)",0,1406,1406,0,2748,2748
24510130804,"Baltimore city, MD (CT)",0,999,999,0,1955,1955
24510130805,"Baltimore city, MD (CT)",0,611,611,0,985,985
24510130806,"Baltimore city, MD (CT)",0,741,741,0,1431,1431
24510140100,"Baltimore city, MD (CT)",0,2883,2883,0,4974,4974
24510140200,"Baltimore city, MD (CT)",0,1432,1432,0,2853,2853
24510140300,"Baltimore city, MD (CT)",0,1583,1583,0,2333,2333
24510150100,"Baltimore city, MD (CT)",0,1480,1480,0,3211,3211
24510150200,"Baltimore city, MD (CT)",0,1421,1421,0,2699,2699
24510150300,"Baltimore city, MD (CT)",0,1186,1186,0,2478,2478
24510150400,"Baltimore city, MD (CT)",0,1637,1637,0,3724,3724
24510150500,"Baltimore city, MD (CT)",0,757,757,0,1543,1543
24510150600,"Baltimore city, MD (CT)",0,1560,1560,0,3412,3412
24510150701,"Baltimore city, MD (CT)",0,816,816,0,1696,1696
24510150702,"Baltimore city, MD (CT)",0,1088,1088,0,2359,2359
24510150800,"Baltimore city, MD (CT)",0,2458,2458,0,4223,4223
24510150900,"Baltimore city, MD (CT)",0,1557,1557,0,3344,3344
24510151000,"Baltimore city, MD (CT)",0,2339,2339,0,5214,5214
24510151100,"Baltimore city, MD (CT)",0,2972,2972,0,6572,6572
24510151200,"Baltimore city, MD (CT)",0,2045,2045,0,4215,4215
24510151300,"Baltimore city, MD (CT)",0,2042,2042,0,4546,4546
24510160100,"Baltimore city, MD (CT)",0,1556,1556,0,2388,2388
24510160200,"Baltimore city, MD (CT)",0,1343,1343,0,2515,2515
24510160300,"Baltimore city, MD (CT)",0,831,831,0,1558,1558
24510160400,"Baltimore city, MD (CT)",0,1727,1727,0,2525,2525
24510160500,"Baltimore city, MD (CT)",0,1885,1885,0,4245,4245
24510160600,"Baltimore city, MD (CT)",0,1749,1749,0,3509,3509
24510160700,"Baltimore city, MD (CT)",0,2277,2277,0,5615,5615
24510160801,"Baltimore city, MD (CT)",0,1356,1356,0,3281,3281
24510160802,"Baltimore city, MD (CT)",0,1223,1223,0,3045,3045
24510170100,"Baltimore city, MD (CT)",0,965,965,0,1602,1602
24510170200,"Baltimore city, MD (CT)",0,1780,1780,0,3145,3145
24510170300,"Baltimore city, MD (CT)",0,1244,1244,0,2011,2011
24510180100,"Baltimore city, MD (CT)",0,1082,1082,0,2200,2200
24510180200,"Baltimore city, MD (CT)",0,584,584,0,977,977
24510180300,"Baltimore city, MD (CT)",0,1189,1189,0,1909,1909
24510190100,"Baltimore city, MD (CT)",0,1248,1248,0,1895,1895
24510190200,"Baltimore city, MD (CT)",0,1165,1165,0,1920,1920
24510190300,"Baltimore city, MD (CT)",0,1376,1376,0,2586,2586
24510200100,"Baltimore city, MD (CT)",0,925,925,0,1846,1846
24510200200,"Baltimore city, MD (CT)",0,1442,1442,0,2969,2969
24510200300,"Baltimore city, MD (CT)",0,963,963,0,1836,1836
24510200400,"Baltimore city, MD (CT)",0,931,931,0,1691,1691
24510200500,"Baltimore city, MD (CT)",0,1545,1545,0,3142,3142
24510200600,"Baltimore city, MD (CT)",0,1195,1195,0,2713,2713
24510200701,"Baltimore city, MD (CT)",0,2046,2046,0,4619,4619
24510200702,"Baltimore city, MD (CT)",0,588,588,0,1426,1426
24510200800,"Baltimore city, MD (CT)",0,1024,1024,0,2282,2282
24510210100,"Baltimore city, MD (CT)",0,1233,1233,0,2130,2130
24510210200,"Baltimore city, MD (CT)",0,1693,1693,0,3373,3373
24510220100,"Baltimore city, MD (CT)",0,2725,2725,0,4025,4025
24510230100,"Baltimore city, MD (CT)",0,941,941,0,1953,1953
24510230200,"Baltimore city, MD (CT)",0,1226,1226,0,2172,2172
24510230300,"Baltimore city, MD (CT)",0,616,616,0,1136,1136
24510240100,"Baltimore city, MD (CT)",0,1632,1632,0,2699,2699
24510240200,"Baltimore city, MD (CT)",0,1608,1608,0,2564,2564
24510240300,"Baltimore city, MD (CT)",0,1226,1226,0,2141,2141
24510240400,"Baltimore city, MD (CT)",0,1417,1417,0,2571,2571
24510250101,"Baltimore city, MD (CT)",0,1516,1516,0,3626,3626
24510250102,"Baltimore city, MD (CT)",0,1294,1294,0,2910,2910
24510250103,"Baltimore city, MD (CT)",0,1921,1921,0,4050,4050
24510250203,"Baltimore city, MD (CT)",0,855,855,0,2018,2018
24510250204,"Baltimore city, MD (CT)",0,1592,1592,0,4125,4125
24510250205,"Baltimore city, MD (CT)",0,1791,1791,0,4689,4689
24510250206,"Baltimore city, MD (CT)",0,1087,1087,0,2590,2590
24510250207,"Baltimore city, MD (CT)",0,937,937,0,2059,2059
24510250301,"Baltimore city, MD (CT)",0,1111,1111,0,2430,2430
24510250303,"Baltimore city, MD (CT)",0,1059,1059,0,2324,2324
24510250401,"Baltimore city, MD (CT)",0,1639,1639,0,3823,3823
24510250402,"Baltimore city, MD (CT)",0,2162,2162,0,4930,4930
24510250500,"Baltimore city, MD (CT)",0,2552,2552,0,5468,5468
24510250600,"Baltimore city, MD (CT)",0,13,13,0,22,22
24510260101,"Baltimore city, MD (CT)",0,2070,2070,0,4763,4763
24510260102,"Baltimore city, MD (CT)",0,1956,1956,0,4911,4911
24510260201,"Baltimore city, MD (CT)",0,2395,2395,0,5116,5116
24510260202,"Baltimore city, MD (CT)",0,2767,2767,0,5937,5937
24510260203,"Baltimore city, MD (CT)",0,1078,1078,0,2830,2830
24510260301,"Baltimore city, MD (CT)",0,1908,1908,0,4933,4933
24510260302,"Baltimore city, MD (CT)",0,2589,2589,0,6094,6094
24510260303,"Baltimore city, MD (CT)",0,386,386,0,778,778
24510260401,"Baltimore city, MD (CT)",0,1431,1431,0,3230,3230
24510260402,"Baltimore city, MD (CT)",0,1335,1335,0,2648,2648
24510260403,"Baltimore city, MD (CT)",0,754,754,0,1575,1575
24510260404,"Baltimore city, MD (CT)",0,812,812,0,1996,1996
24510260501,"Baltimore city, MD (CT)",0,2183,2183,0,4875,4875
24510260604,"Baltimore city, MD (CT)",0,573,573,0,1465,1465
24510260605,"Baltimore city, MD (CT)",0,2078,2078,0,4795,4795
24510260700,"Baltimore city, MD (CT)",0,951,951,0,2260,2260
24510260800,"Baltimore city, MD (CT)",0,1206,1206,0,2647,2647
24510260900,"Baltimore city, MD (CT)",0,1433,1433,0,2652,2652
24510261000,"Baltimore city, MD (CT)",0,1370,1370,0,3253,3253
24510261100,"Baltimore city, MD (CT)",0,1103,1103,0,1951,1951
24510270101,"Baltimore city, MD (CT)",0,718,718,0,1698,1698
24510270102,"Baltimore city, MD (CT)",0,1604,1604,0,3749,3749
24510270200,"Baltimore city, MD (CT)",0,817,817,0,1914,1914
24510270301,"Baltimore city, MD (CT)",0,1301,1301,0,3148,3148
24510270302,"Baltimore city, MD (CT)",0,786,786,0,1764,1764
24510270401,"Baltimore city, MD (CT)",0,2255,2255,0,5412,5412
24510270402,"Baltimore city, MD (CT)",0,1414,1414,0,3229,3229
24510270501,"Baltimore city, MD (CT)",0,1900,1900,0,4420,4420
24510270502,"Baltimore city, MD (CT)",0,1982,1982,0,4361,4361
24510270600,"Baltimore city, MD (CT)",0,1986,1986,0,4605,4605
24510270701,"Baltimore city, MD (CT)",0,1239,1239,0,2583,2583
24510270702,"Baltimore city, MD (CT)",0,1083,1083,0,2333,2333
24510270703,"Baltimore city, MD (CT)",0,1334,1334,0,2898,2898
24510270801,"Baltimore city, MD (CT)",0,1743,1743,0,4051,4051
24510270802,"Baltimore city, MD (CT)",0,2231,2231,0,4992,4992
24510270803,"Baltimore city, MD (CT)",0,3051,3051,0,6268,6268
24510270804,"Baltimore city, MD (CT)",0,1550,1550,0,2804,2804
24510270805,"Baltimore city, MD (CT)",0,2210,2210,0,4952,4952
24510270901,"Baltimore city, MD (CT)",0,1759,1759,0,4043,4043
24510270902,"Baltimore city, MD (CT)",0,1484,1484,0,4754,4754
24510270903,"Baltimore city, MD (CT)",0,1411,1411,0,4603,4603
24510271001,"Baltimore city, MD (CT)",0,1051,1051,0,2298,2298
24510271002,"Baltimore city, MD (CT)",0,1803,1803,0,4132,4132
24510271101,"Baltimore city, MD (CT)",0,997,997,0,2046,2046
24510271102,"Baltimore city, MD (CT)",0,555,555,0,4525,4525
24510271200,"Baltimore city, MD (CT)",0,2469,2469,0,6103,6103
24510271300,"Baltimore city, MD (CT)",0,1222,1222,0,2791,2791
24510271400,"Baltimore city, MD (CT)",0,1760,1760,0,3730,3730
24510271501,"Baltimore city, MD (CT)",0,1955,1955,0,4183,4183
24510271503,"Baltimore city, MD (CT)",0,729,729,0,856,856
24510271600,"Baltimore city, MD (CT)",0,1907,1907,0,4523,4523
24510271700,"Baltimore city, MD (CT)",0,2533,2533,0,5648,5648
24510271801,"Baltimore city, MD (CT)",0,1564,1564,0,3175,3175
24510271802,"Baltimore city, MD (CT)",0,1389,1389,0,2993,2993
24510271900,"Baltimore city, MD (CT)",0,1668,1668,0,3773,3773
24510272003,"Baltimore city, MD (CT)",0,2235,2235,0,5817,5817
24510272004,"Baltimore city, MD (CT)",0,1966,1966,0,3788,3788
24510272005,"Baltimore city, MD (CT)",0,1430,1430,0,3429,3429
24510272006,"Baltimore city, MD (CT)",0,1816,1816,0,3548,3548
24510272007,"Baltimore city, MD (CT)",0,2034,2034,0,4367,4367
24510280101,"Baltimore city, MD (CT)",0,1452,1452,0,3226,3226
24510280102,"Baltimore city, MD (CT)",0,2644,2644,0,6045,6045
24510280200,"Baltimore city, MD (CT)",0,2038,2038,0,4828,4828
24510280301,"Baltimore city, MD (CT)",0,2035,2035,0,4101,4101
24510280302,"Baltimore city, MD (CT)",0,1101,1101,0,2282,2282
24510280401,"Baltimore city, MD (CT)",0,1632,1632,0,3565,3565
24510280402,"Baltimore city, MD (CT)",0,676,676,0,1574,1574
24510280403,"Baltimore city, MD (CT)",0,2255,2255,0,5073,5073
24510280404,"Baltimore city, MD (CT)",0,880,880,0,2267,2267
24510280500,"Baltimore city, MD (CT)",0,1065,1065,0,3549,3549
25001010100,"Barnstable, MA (CT)",270,4224,4494,175,2767,2942
25001010206,"Barnstable, MA (CT)",3715,590,4305,2181,569,2750
25001010208,"Barnstable, MA (CT)",2556,521,3077,1618,385,2003
25001010304,"Barnstable, MA (CT)",151,2555,2706,126,2295,2421
25001010306,"Barnstable, MA (CT)",244,3010,3254,168,2367,2535
25001010400,"Barnstable, MA (CT)",434,1925,2359,474,2525,2999
25001010500,"Barnstable, MA (CT)",580,2405,2985,490,2401,2891
25001010600,"Barnstable, MA (CT)",223,2775,2998,134,2839,2973
25001010700,"Barnstable, MA (CT)",391,3954,4345,153,2999,3152
25001010800,"Barnstable, MA (CT)",1123,2665,3788,1285,3593,4878
25001010900,"Barnstable, MA (CT)",310,3850,4160,482,4460,4942
25001011002,"Barnstable, MA (CT)",202,3310,3512,441,3716,4157
25001011100,"Barnstable, MA (CT)",172,2912,3084,180,4514,4694
25001011200,"Barnstable, MA (CT)",0,3688,3688,0,3392,3392
25001011300,"Barnstable, MA (CT)",418,2272,2690,281,2319,2600
25001011400,"Barnstable, MA (CT)",787,1873,2660,457,2534,2991
25001011500,"Barnstable, MA (CT)",0,2715,2715,0,4029,4029
25001011600,"Barnstable, MA (CT)",0,4812,4812,0,2710,2710
25001011700,"Barnstable, MA (CT)",0,2709,2709,0,1877,1877
25001011801,"Barnstable, MA (CT)",507,1206,1713,725,1678,2403
25001011802,"Barnstable, MA (CT)",36,2324,2360,71,4184,4255
25001012001,"Barnstable, MA (CT)",0,3553,3553,0,5732,5732
25001012002,"Barnstable, MA (CT)",0,3171,3171,0,3007,3007
25001012101,"Barnstable, MA (CT)",137,3027,3164,252,5087,5339
25001012102,"Barnstable, MA (CT)",98,3405,3503,23,3034,3057
25001012200,"Barnstable, MA (CT)",679,2047,2726,992,4054,5046
25001012502,"Barnstable, MA (CT)",0,2691,2691,0,3080,3080
25001012601,"Barnstable, MA (CT)",0,1305,1305,0,2877,2877
25001012602,"Barnstable, MA (CT)",0,2276,2276,0,4915,4915
25001012700,"Barnstable, MA (CT)",80,3155,3235,29,4533,4562
25001012800,"Barnstable, MA (CT)",0,2171,2171,0,3923,3923
25001012900,"Barnstable, MA (CT)",0,1928,1928,0,4135,4135
25001013002,"Barnstable, MA (CT)",1034,1704,2738,678,2221,2899
25001013100,"Barnstable, MA (CT)",103,2491,2594,255,5680,5935
25001013200,"Barnstable, MA (CT)",399,2449,2848,328,4455,4783
25001013300,"Barnstable, MA (CT)",183,1856,2039,86,3132,3218
25001013400,"Barnstable, MA (CT)",160,2142,2302,237,3926,4163
25001013500,"Barnstable, MA (CT)",0,2790,2790,0,6940,6940
25001013600,"Barnstable, MA (CT)",1,2344,2345,1,6333,6334
25001013700,"Barnstable, MA (CT)",485,1640,2125,1042,3869,4911
25001013800,"Barnstable, MA (CT)",77,2193,2270,141,4699,4840
25001013900,"Barnstable, MA (CT)",55,2832,2887,63,4768,4831
25001014002,"Barnstable, MA (CT)",481,2593,3074,285,3768,4053
25001014100,"Barnstable, MA (CT)",89,361,450,105,1036,1141
25001014300,"Barnstable, MA (CT)",181,3495,3676,75,4309,4384
25001014402,"Barnstable, MA (CT)",748,2737,3485,1440,5507,6947
25001014500,"Barnstable, MA (CT)",0,3080,3080,0,5395,5395
25001014600,"Barnstable, MA (CT)",29,2575,2604,7,4123,4130
25001014700,"Barnstable, MA (CT)",0,3225,3225,0,3690,3690
25001014800,"Barnstable, MA (CT)",0,2740,2740,0,3387,3387
25001014900,"Barnstable, MA (CT)",21,3139,3160,10,3588,3598
25001015001,"Barnstable, MA (CT)",0,2031,2031,0,4417,4417
25001015002,"Barnstable, MA (CT)",0,2166,2166,0,3713,3713
25001015100,"Barnstable, MA (CT)",0,2389,2389,0,3809,3809
25001015200,"Barnstable, MA (CT)",1440,1855,3295,665,1400,2065
25001015300,"Barnstable, MA (CT)",0,1831,1831,0,3038,3038
25001990000,"Barnstable, MA (CT)",0,0,0,0,0,0
25003900100,"Berkshire, MA (CT)",0,2185,2185,0,3389,3389
25003900200,"Berkshire, MA (CT)",0,2212,2212,0,4449,4449
25003900300,"Berkshire, MA (CT)",0,1295,1295,0,2903,2903
25003900400,"Berkshire, MA (CT)",465,1886,2351,887,3975,4862
25003900500,"Berkshire, MA (CT)",331,1139,1470,598,2690,3288
25003900600,"Berkshire, MA (CT)",0,1929,1929,0,4117,4117
25003900700,"Berkshire, MA (CT)",0,1292,1292,0,2910,2910
25003900800,"Berkshire, MA (CT)",341,1874,2215,581,4254,4835
25003900900,"Berkshire, MA (CT)",0,2521,2521,0,5134,5134
25003901100,"Berkshire, MA (CT)",192,1505,1697,371,3358,3729
25003911100,"Berkshire, MA (CT)",782,696,1478,1805,1286,3091
25003912100,"Berkshire, MA (CT)",789,2131,2920,1860,4896,6756
25003913100,"Berkshire, MA (CT)",858,2186,3044,1428,3597,5025
25003914100,"Berkshire, MA (CT)",856,2200,3056,1330,4613,5943
25003920101,"Berkshire, MA (CT)",282,1598,1880,569,4069,4638
25003920102,"Berkshire, MA (CT)",767,427,1194,1442,1674,3116
25003921300,"Berkshire, MA (CT)",333,2005,2338,624,4494,5118
25003921400,"Berkshire, MA (CT)",393,494,887,783,916,1699
25003921500,"Berkshire, MA (CT)",357,1118,1475,785,2315,3100
25003922100,"Berkshire, MA (CT)",0,1522,1522,0,2680,2680
25003922200,"Berkshire, MA (CT)",169,1695,1864,362,3327,3689
25003922300,"Berkshire, MA (CT)",225,760,985,558,1558,2116
25003923100,"Berkshire, MA (CT)",707,822,1529,1546,1689,3235
25003924100,"Berkshire, MA (CT)",1316,376,1692,1379,568,1947
25003925100,"Berkshire, MA (CT)",1213,2253,3466,2626,4478,7104
25003926100,"Berkshire, MA (CT)",1751,0,1751,3257,0,3257
25003931100,"Berkshire, MA (CT)",390,325,715,931,771,1702
25003931300,"Berkshire, MA (CT)",713,0,713,1444,0,1444
25003931400,"Berkshire, MA (CT)",904,0,904,1746,0,1746
25003932200,"Berkshire, MA (CT)",1989,0,1989,2317,0,2317
25003932300,"Berkshire, MA (CT)",842,291,1133,1444,588,2032
25003933200,"Berkshire, MA (CT)",1208,0,1208,1288,0,1288
25003933300,"Berkshire, MA (CT)",1039,0,1039,1509,0,1509
25003933400,"Berkshire, MA (CT)",2372,0,2372,2527,0,2527
25003934200,"Berkshire, MA (CT)",824,32,856,1241,65,1306
25003934300,"Berkshire, MA (CT)",1411,0,1411,1886,0,1886
25003935100,"Berkshire, MA (CT)",1457,91,1548,2333,87,2420
25003935200,"Berkshire, MA (CT)",0,2320,2320,0,5121,5121
25003935300,"Berkshire, MA (CT)",0,2052,2052,0,3791,3791
25005600100,"Bristol, MA (CT)",0,1651,1651,0,3920,3920
25005600202,"Bristol, MA (CT)",189,1819,2008,416,4065,4481
25005600203,"Bristol, MA (CT)",144,1829,1973,433,5178,5611
25005600204,"Bristol, MA (CT)",0,1361,1361,0,3895,3895
25005610100,"Bristol, MA (CT)",0,2344,2344,0,5103,5103
25005610202,"Bristol, MA (CT)",0,1908,1908,0,5586,5586
25005610203,"Bristol, MA (CT)",0,2409,2409,0,6883,6883
25005610204,"Bristol, MA (CT)",0,2085,2085,0,5612,5612
25005611101,"Bristol, MA (CT)",454,1361,1815,988,3597,4585
25005611102,"Bristol, MA (CT)",312,1052,1364,973,4074,5047
25005611201,"Bristol, MA (CT)",314,758,1072,990,2013,3003
25005611202,"Bristol, MA (CT)",0,2490,2490,0,6396,6396
25005612100,"Bristol, MA (CT)",175,1518,1693,448,4090,4538
25005612200,"Bristol, MA (CT)",0,3373,3373,0,8845,8845
25005613100,"Bristol, MA (CT)",59,2714,2773,148,6179,6327
25005613300,"Bristol, MA (CT)",537,2201,2738,1546,5655,7201
25005613400,"Bristol, MA (CT)",437,999,1436,1142,2670,3812
25005613600,"Bristol, MA (CT)",0,1732,1732,0,3771,3771
25005613700,"Bristol, MA (CT)",0,2005,2005,0,4369,4369
25005613800,"Bristol, MA (CT)",0,2464,2464,0,4519,4519
25005613901,"Bristol, MA (CT)",0,1363,1363,0,2801,2801
25005613902,"Bristol, MA (CT)",0,1993,1993,0,4751,4751
25005614000,"Bristol, MA (CT)",0,1956,1956,0,4472,4472
25005614101,"Bristol, MA (CT)",0,2861,2861,0,6833,6833
25005614102,"Bristol, MA (CT)",139,2436,2575,377,6641,7018
25005615100,"Bristol, MA (CT)",1371,1220,2591,3889,3197,7086
25005616100,"Bristol, MA (CT)",1244,943,2187,3634,2777,6411
25005617101,"Bristol, MA (CT)",564,1171,1735,1584,3097,4681
25005617102,"Bristol, MA (CT)",735,847,1582,2053,2136,4189
25005630101,"Bristol, MA (CT)",0,1370,1370,0,2855,2855
25005630102,"Bristol, MA (CT)",0,2080,2080,0,4201,4201
25005630200,"Bristol, MA (CT)",0,2833,2833,0,8204,8204
25005630300,"Bristol, MA (CT)",0,3170,3170,0,8597,8597
25005630400,"Bristol, MA (CT)",0,2143,2143,0,4855,4855
25005631100,"Bristol, MA (CT)",0,3428,3428,0,8093,8093
25005631200,"Bristol, MA (CT)",0,2750,2750,0,6841,6841
25005631300,"Bristol, MA (CT)",0,2149,2149,0,5183,5183
25005631400,"Bristol, MA (CT)",0,1372,1372,0,2674,2674
25005631500,"Bristol, MA (CT)",0,1229,1229,0,2797,2797
25005631600,"Bristol, MA (CT)",0,1608,1608,0,3955,3955
25005631700,"Bristol, MA (CT)",0,2456,2456,0,6471,6471
25005631800,"Bristol, MA (CT)",0,3030,3030,0,7579,7579
25005632100,"Bristol, MA (CT)",398,2101,2499,1104,5439,6543
25005632200,"Bristol, MA (CT)",28,2770,2798,60,7119,7179
25005633100,"Bristol, MA (CT)",1826,179,2005,5006,484,5490
25005633200,"Bristol, MA (CT)",1882,393,2275,5097,1021,6118
25005640100,"Bristol, MA (CT)",0,2152,2152,0,5358,5358
25005640200,"Bristol, MA (CT)",0,3067,3067,0,5954,5954
25005640300,"Bristol, MA (CT)",0,1669,1669,0,3693,3693
25005640400,"Bristol, MA (CT)",0,1326,1326,0,2682,2682
25005640500,"Bristol, MA (CT)",0,2710,2710,0,5165,5165
25005640600,"Bristol, MA (CT)",0,2133,2133,0,4450,4450
25005640700,"Bristol, MA (CT)",0,1292,1292,0,2900,2900
25005640800,"Bristol, MA (CT)",0,1573,1573,0,3813,3813
25005640901,"Bristol, MA (CT)",0,2520,2520,0,5071,5071
25005641000,"Bristol, MA (CT)",0,1350,1350,0,2419,2419
25005641101,"Bristol, MA (CT)",0,1193,1193,0,1712,1712
25005641200,"Bristol, MA (CT)",0,1480,1480,0,2803,2803
25005641300,"Bristol, MA (CT)",0,2513,2513,0,5326,5326
25005641400,"Bristol, MA (CT)",0,1330,1330,0,2586,2586
25005641500,"Bristol, MA (CT)",0,1266,1266,0,2401,2401
25005641600,"Bristol, MA (CT)",0,1080,1080,0,2323,2323
25005641700,"Bristol, MA (CT)",0,2190,2190,0,5096,5096
25005641800,"Bristol, MA (CT)",0,1040,1040,0,2059,2059
25005641900,"Bristol, MA (CT)",0,1302,1302,0,2275,2275
25005642000,"Bristol, MA (CT)",0,1631,1631,0,3274,3274
25005642100,"Bristol, MA (CT)",0,2236,2236,0,4144,4144
25005642200,"Bristol, MA (CT)",0,1561,1561,0,3881,3881
25005642300,"Bristol, MA (CT)",0,891,891,0,2195,2195
25005642400,"Bristol, MA (CT)",0,1369,1369,0,2760,2760
25005642500,"Bristol, MA (CT)",288,1588,1876,818,3699,4517
25005644101,"Bristol, MA (CT)",0,2481,2481,0,5828,5828
25005644102,"Bristol, MA (CT)",0,1924,1924,0,5057,5057
25005644200,"Bristol, MA (CT)",0,2989,2989,0,7280,7280
25005645101,"Bristol, MA (CT)",0,2184,2184,0,4863,4863
25005645102,"Bristol, MA (CT)",843,1188,2031,2401,2984,5385
25005645103,"Bristol, MA (CT)",305,1823,2128,795,4822,5617
25005646101,"Bristol, MA (CT)",368,2690,3058,897,6459,7356
25005646103,"Bristol, MA (CT)",1609,598,2207,4066,1538,5604
25005646104,"Bristol, MA (CT)",1928,0,1928,2572,0,2572
25005650101,"Bristol, MA (CT)",0,2191,2191,0,5753,5753
25005650102,"Bristol, MA (CT)",0,2121,2121,0,4879,4879
25005650201,"Bristol, MA (CT)",127,1193,1320,139,2777,2916
25005650202,"Bristol, MA (CT)",0,964,964,0,2142,2142
25005650300,"Bristol, MA (CT)",0,1571,1571,0,3304,3304
25005650400,"Bristol, MA (CT)",0,1721,1721,0,3773,3773
25005650500,"Bristol, MA (CT)",0,1475,1475,0,3141,3141
25005650600,"Bristol, MA (CT)",0,1360,1360,0,2759,2759
25005650700,"Bristol, MA (CT)",0,1052,1052,0,2583,2583
25005650800,"Bristol, MA (CT)",0,1713,1713,0,3651,3651
25005650900,"Bristol, MA (CT)",0,1157,1157,0,2867,2867
25005651001,"Bristol, MA (CT)",0,1245,1245,0,2865,2865
25005651002,"Bristol, MA (CT)",0,1583,1583,0,3833,3833
25005651100,"Bristol, MA (CT)",0,1883,1883,0,4117,4117
25005651200,"Bristol, MA (CT)",0,957,957,0,2068,2068
25005651300,"Bristol, MA (CT)",0,1086,1086,0,2227,2227
25005651400,"Bristol, MA (CT)",0,1400,1400,0,3215,3215
25005651500,"Bristol, MA (CT)",0,1330,1330,0,3115,3115
25005651600,"Bristol, MA (CT)",0,1694,1694,0,3862,3862
25005651700,"Bristol, MA (CT)",0,1006,1006,0,1983,1983
25005651800,"Bristol, MA (CT)",0,1382,1382,0,1745,1745
25005651900,"Bristol, MA (CT)",0,932,932,0,1942,1942
25005652000,"Bristol, MA (CT)",0,1224,1224,0,2676,2676
25005652100,"Bristol, MA (CT)",0,1238,1238,0,2815,2815
25005652200,"Bristol, MA (CT)",0,1238,1238,0,2836,2836
25005652300,"Bristol, MA (CT)",0,1278,1278,0,2870,2870
25005652400,"Bristol, MA (CT)",0,1232,1232,0,2664,2664
25005652500,"Bristol, MA (CT)",0,1163,1163,0,2589,2589
25005652600,"Bristol, MA (CT)",0,1164,1164,0,2843,2843
25005652700,"Bristol, MA (CT)",0,1808,1808,0,3762,3762
25005652800,"Bristol, MA (CT)",0,1445,1445,0,3277,3277
25005653101,"Bristol, MA (CT)",204,2694,2898,495,6169,6664
25005653102,"Bristol, MA (CT)",842,625,1467,2476,2905,5381
25005653203,"Bristol, MA (CT)",0,2082,2082,0,5005,5005
25005653204,"Bristol, MA (CT)",442,788,1230,1053,2161,3214
25005653301,"Bristol, MA (CT)",0,2525,2525,0,5057,5057
25005653304,"Bristol, MA (CT)",1554,180,1734,2704,501,3205
25005654100,"Bristol, MA (CT)",1448,1209,2657,3846,3070,6916
25005654200,"Bristol, MA (CT)",0,1461,1461,0,3387,3387
25005655100,"Bristol, MA (CT)",164,1502,1666,376,3849,4225
25005655200,"Bristol, MA (CT)",0,2122,2122,0,4415,4415
25005655300,"Bristol, MA (CT)",0,1477,1477,0,3317,3317
25005655400,"Bristol, MA (CT)",97,2113,2210,147,3769,3916
25005985500,"Bristol, MA (CT)",447,52,499,1247,4259,5506
25005985600,"Bristol, MA (CT)",0,1162,1162,0,5205,5205
25005990000,"Bristol, MA (CT)",0,0,0,0,0,0
25007200100,"Dukes, MA (CT)",807,2287,3094,570,3379,3949
25007200200,"Dukes, MA (CT)",552,3794,4346,619,3908,4527
25007200300,"Dukes, MA (CT)",2722,2498,5220,1272,2795,4067
25007200400,"Dukes, MA (CT)",4528,0,4528,3992,0,3992
25007990000,"Dukes, MA (CT)",0,0,0,0,0,0
25009201100,"Essex, MA (CT)",0,1677,1677,0,3410,3410
25009202101,"Essex, MA (CT)",0,846,846,0,2063,2063
25009202102,"Essex, MA (CT)",0,2630,2630,0,5836,5836
25009202200,"Essex, MA (CT)",0,2412,2412,0,5888,5888
25009203100,"Essex, MA (CT)",0,2583,2583,0,7071,7071
25009203200,"Essex, MA (CT)",0,1987,1987,0,4557,4557
25009203301,"Essex, MA (CT)",0,2034,2034,0,4010,4010
25009203302,"Essex, MA (CT)",0,2234,2234,0,4170,4170
25009204101,"Essex, MA (CT)",0,1902,1902,0,4669,4669
25009204102,"Essex, MA (CT)",0,1984,1984,0,4935,4935
25009204200,"Essex, MA (CT)",0,2492,2492,0,4797,4797
25009204300,"Essex, MA (CT)",0,1798,1798,0,3904,3904
25009204400,"Essex, MA (CT)",0,1815,1815,0,3301,3301
25009204500,"Essex, MA (CT)",0,1791,1791,0,3132,3132
25009204600,"Essex, MA (CT)",0,2331,2331,0,5154,5154
25009204701,"Essex, MA (CT)",0,2664,2664,0,5782,5782
25009204702,"Essex, MA (CT)",0,2352,2352,0,5666,5666
25009205100,"Essex, MA (CT)",0,2128,2128,0,5352,5352
25009205200,"Essex, MA (CT)",0,2147,2147,0,5319,5319
25009205300,"Essex, MA (CT)",0,1724,1724,0,4490,4490
25009205400,"Essex, MA (CT)",0,1958,1958,0,5048,5048
25009205500,"Essex, MA (CT)",0,1697,1697,0,4606,4606
25009205600,"Essex, MA (CT)",0,1582,1582,0,3881,3881
25009205700,"Essex, MA (CT)",0,1760,1760,0,4650,4650
25009205800,"Essex, MA (CT)",0,1139,1139,0,3312,3312
25009205900,"Essex, MA (CT)",0,1543,1543,0,4350,4350
25009206000,"Essex, MA (CT)",0,1120,1120,0,3359,3359
25009206100,"Essex, MA (CT)",0,1462,1462,0,3844,3844
25009206200,"Essex, MA (CT)",0,1686,1686,0,5254,5254
25009206300,"Essex, MA (CT)",0,1312,1312,0,3773,3773
25009206400,"Essex, MA (CT)",0,1966,1966,0,5249,5249
25009206500,"Essex, MA (CT)",0,1160,1160,0,3358,3358
25009206600,"Essex, MA (CT)",0,2028,2028,0,4243,4243
25009206700,"Essex, MA (CT)",0,2056,2056,0,4080,4080
25009206800,"Essex, MA (CT)",0,1602,1602,0,3546,3546
25009206900,"Essex, MA (CT)",0,2392,2392,0,3965,3965
25009207000,"Essex, MA (CT)",0,1041,1041,0,2198,2198
25009207100,"Essex, MA (CT)",0,1093,1093,0,3513,3513
25009207200,"Essex, MA (CT)",0,1180,1180,0,2939,2939
25009208101,"Essex, MA (CT)",0,2000,2000,0,5124,5124
25009208102,"Essex, MA (CT)",0,1252,1252,0,3243,3243
25009208200,"Essex, MA (CT)",0,2295,2295,0,5262,5262
25009208300,"Essex, MA (CT)",0,2892,2892,0,7254,7254
25009208400,"Essex, MA (CT)",0,2336,2336,0,5745,5745
25009209100,"Essex, MA (CT)",0,2402,2402,0,6088,6088
25009209200,"Essex, MA (CT)",0,1952,1952,0,5508,5508
25009210100,"Essex, MA (CT)",0,2494,2494,0,6948,6948
25009210200,"Essex, MA (CT)",0,2005,2005,0,5384,5384
25009210300,"Essex, MA (CT)",0,4771,4771,0,9110,9110
25009210400,"Essex, MA (CT)",0,2946,2946,0,6823,6823
25009210500,"Essex, MA (CT)",0,2415,2415,0,6438,6438
25009210600,"Essex, MA (CT)",0,1716,1716,0,4095,4095
25009210700,"Essex, MA (CT)",0,1737,1737,0,4001,4001
25009210800,"Essex, MA (CT)",0,2393,2393,0,4569,4569
25009210900,"Essex, MA (CT)",0,1743,1743,0,3883,3883
25009211100,"Essex, MA (CT)",0,1585,1585,0,3794,3794
25009211200,"Essex, MA (CT)",0,2896,2896,0,6100,6100
25009211300,"Essex, MA (CT)",0,2590,2590,0,6967,6967
25009211401,"Essex, MA (CT)",0,1496,1496,0,3560,3560
25009211402,"Essex, MA (CT)",0,2568,2568,0,6072,6072
25009212100,"Essex, MA (CT)",362,2683,3045,1035,7952,8987
25009213100,"Essex, MA (CT)",1570,1186,2756,4538,3423,7961
25009214100,"Essex, MA (CT)",319,1857,2176,907,5182,6089
25009215101,"Essex, MA (CT)",266,1431,1697,755,4141,4896
25009215102,"Essex, MA (CT)",283,900,1183,573,2295,2868
25009216100,"Essex, MA (CT)",388,1042,1430,1028,3847,4875
25009217100,"Essex, MA (CT)",0,2994,2994,0,7291,7291
25009217201,"Essex, MA (CT)",0,1815,1815,0,4218,4218
25009217202,"Essex, MA (CT)",0,1455,1455,0,3491,3491
25009217300,"Essex, MA (CT)",0,1998,1998,0,4504,4504
25009217400,"Essex, MA (CT)",0,2927,2927,0,5218,5218
25009217500,"Essex, MA (CT)",0,2709,2709,0,6101,6101
25009217600,"Essex, MA (CT)",99,2645,2744,269,8410,8679
25009218100,"Essex, MA (CT)",391,2003,2394,899,4237,5136
25009220101,"Essex, MA (CT)",0,2645,2645,0,4003,4003
25009220102,"Essex, MA (CT)",284,1294,1578,555,2394,2949
25009221100,"Essex, MA (CT)",416,1746,2162,999,3183,4182
25009221300,"Essex, MA (CT)",0,2579,2579,0,4532,4532
25009221400,"Essex, MA (CT)",0,1524,1524,0,3221,3221
25009221500,"Essex, MA (CT)",0,1685,1685,0,2923,2923
25009221600,"Essex, MA (CT)",0,1067,1067,0,2448,2448
25009221700,"Essex, MA (CT)",0,1334,1334,0,2840,2840
25009221800,"Essex, MA (CT)",0,722,722,0,1773,1773
25009221901,"Essex, MA (CT)",452,1135,1587,1156,2263,3419
25009221902,"Essex, MA (CT)",804,1093,1897,1237,2214,3451
25009222100,"Essex, MA (CT)",731,869,1600,1526,1978,3504
25009223100,"Essex, MA (CT)",1185,726,1911,2317,1563,3880
25009223200,"Essex, MA (CT)",0,1754,1754,0,3740,3740
25009223300,"Essex, MA (CT)",642,1700,2342,1611,3944,5555
25009250100,"Essex, MA (CT)",0,1425,1425,0,2329,2329
25009250200,"Essex, MA (CT)",0,1876,1876,0,5524,5524
25009250300,"Essex, MA (CT)",0,636,636,0,2101,2101
25009250400,"Essex, MA (CT)",0,1213,1213,0,3858,3858
25009250500,"Essex, MA (CT)",0,1072,1072,0,3810,3810
25009250600,"Essex, MA (CT)",0,1745,1745,0,5599,5599
25009250700,"Essex, MA (CT)",0,1551,1551,0,4756,4756
25009250800,"Essex, MA (CT)",0,2348,2348,0,6932,6932
25009250900,"Essex, MA (CT)",0,776,776,0,2193,2193
25009251000,"Essex, MA (CT)",0,539,539,0,1782,1782
25009251100,"Essex, MA (CT)",0,1257,1257,0,2937,2937
25009251200,"Essex, MA (CT)",0,588,588,0,1357,1357
25009251300,"Essex, MA (CT)",0,1281,1281,0,3721,3721
25009251400,"Essex, MA (CT)",0,1543,1543,0,5053,5053
25009251500,"Essex, MA (CT)",0,2275,2275,0,6149,6149
25009251600,"Essex, MA (CT)",0,2083,2083,0,5977,5977
25009251700,"Essex, MA (CT)",0,1957,1957,0,5145,5145
25009251800,"Essex, MA (CT)",0,2972,2972,0,7154,7154
25009252101,"Essex, MA (CT)",0,1515,1515,0,3509,3509
25009252102,"Essex, MA (CT)",1,1359,1360,2,3796,3798
25009252201,"Essex, MA (CT)",0,1239,1239,0,3230,3230
25009252202,"Essex, MA (CT)",0,1120,1120,0,3198,3198
25009252300,"Essex, MA (CT)",0,2832,2832,0,6552,6552
25009252400,"Essex, MA (CT)",0,1434,1434,0,4175,4175
25009252501,"Essex, MA (CT)",0,1470,1470,0,3874,3874
25009252502,"Essex, MA (CT)",0,1815,1815,0,4865,4865
25009252601,"Essex, MA (CT)",0,2803,2803,0,6621,6621
25009252602,"Essex, MA (CT)",0,1641,1641,0,4407,4407
25009252603,"Essex, MA (CT)",0,1111,1111,0,3026,3026
25009253100,"Essex, MA (CT)",0,2494,2494,0,5352,5352
25009253201,"Essex, MA (CT)",0,1254,1254,0,2913,2913
25009253202,"Essex, MA (CT)",0,2610,2610,0,6253,6253
25009253203,"Essex, MA (CT)",0,1512,1512,0,4160,4160
25009253204,"Essex, MA (CT)",177,1589,1766,580,4749,5329
25009253205,"Essex, MA (CT)",199,1129,1328,656,3689,4345
25009254100,"Essex, MA (CT)",0,2625,2625,0,6009,6009
25009254200,"Essex, MA (CT)",0,1941,1941,0,5018,5018
25009254301,"Essex, MA (CT)",0,1262,1262,0,3893,3893
25009254302,"Essex, MA (CT)",0,1647,1647,0,4493,4493
25009254401,"Essex, MA (CT)",0,1159,1159,0,3235,3235
25009254402,"Essex, MA (CT)",0,2470,2470,0,6713,6713
25009254403,"Essex, MA (CT)",0,1319,1319,0,3840,3840
25009260100,"Essex, MA (CT)",0,2305,2305,0,4789,4789
25009260200,"Essex, MA (CT)",0,1717,1717,0,3437,3437
25009260301,"Essex, MA (CT)",0,1854,1854,0,4466,4466
25009260302,"Essex, MA (CT)",187,1042,1229,456,2635,3091
25009260401,"Essex, MA (CT)",0,1646,1646,0,3820,3820
25009260402,"Essex, MA (CT)",0,2533,2533,0,6211,6211
25009260500,"Essex, MA (CT)",0,1432,1432,0,3788,3788
25009260600,"Essex, MA (CT)",0,1366,1366,0,3377,3377
25009260700,"Essex, MA (CT)",0,1814,1814,0,4498,4498
25009260800,"Essex, MA (CT)",0,1976,1976,0,4631,4631
25009260900,"Essex, MA (CT)",0,2162,2162,0,5089,5089
25009261000,"Essex, MA (CT)",0,1749,1749,0,3942,3942
25009261101,"Essex, MA (CT)",73,1698,1771,172,4610,4782
25009261102,"Essex, MA (CT)",0,2103,2103,0,4958,4958
25009262100,"Essex, MA (CT)",318,2237,2555,851,5487,6338
25009263100,"Essex, MA (CT)",913,667,1580,2420,1815,4235
25009264100,"Essex, MA (CT)",348,2091,2439,812,5647,6459
25009265101,"Essex, MA (CT)",257,1162,1419,773,2872,3645
25009265102,"Essex, MA (CT)",4,1621,1625,13,4525,4538
25009266100,"Essex, MA (CT)",29,1630,1659,92,3940,4032
25009266200,"Essex, MA (CT)",0,2309,2309,0,5194,5194
25009266300,"Essex, MA (CT)",0,1714,1714,0,3709,3709
25009266400,"Essex, MA (CT)",0,1428,1428,0,3348,3348
25009267101,"Essex, MA (CT)",377,2321,2698,886,2687,3573
25009267102,"Essex, MA (CT)",0,1852,1852,0,4710,4710
25009268100,"Essex, MA (CT)",0,877,877,0,2668,2668
25009268200,"Essex, MA (CT)",2,2781,2783,3,6319,6322
25009268300,"Essex, MA (CT)",0,2291,2291,0,4126,4126
25009268400,"Essex, MA (CT)",0,2313,2313,0,4300,4300
25009269100,"Essex, MA (CT)",1232,1704,2936,2981,3685,6666
25009270100,"Essex, MA (CT)",531,1722,2253,1438,4418,5856
25009990100,"Essex, MA (CT)",0,0,0,0,0,0
25011040100,"Franklin, MA (CT)",2650,0,2650,4494,0,4494
25011040200,"Franklin, MA (CT)",1781,100,1881,4125,215,4340
25011040300,"Franklin, MA (CT)",1391,0,1391,3032,0,3032
25011040400,"Franklin, MA (CT)",1304,365,1669,2637,791,3428
25011040501,"Franklin, MA (CT)",398,1384,1782,949,3315,4264
25011040502,"Franklin, MA (CT)",978,833,1811,2041,1534,3575
25011040600,"Franklin, MA (CT)",2142,0,2142,4612,0,4612
25011040701,"Franklin, MA (CT)",0,1980,1980,0,4213,4213
25011040702,"Franklin, MA (CT)",1171,807,1978,2578,1646,4224
25011040800,"Franklin, MA (CT)",1068,1322,2390,2373,2807,5180
25011040900,"Franklin, MA (CT)",1170,1011,2181,2667,2458,5125
25011041000,"Franklin, MA (CT)",459,972,1431,933,2338,3271
25011041100,"Franklin, MA (CT)",404,1298,1702,979,2624,3603
25011041200,"Franklin, MA (CT)",0,1407,1407,0,3156,3156
25011041300,"Franklin, MA (CT)",0,2651,2651,0,4642,4642
25011041400,"Franklin, MA (CT)",0,1186,1186,0,2784,2784
25011041501,"Franklin, MA (CT)",1707,0,1707,3634,0,3634
25011041502,"Franklin, MA (CT)",1819,0,1819,3795,0,3795
25013800101,"Hampden, MA (CT)",0,1633,1633,0,4052,4052
25013800102,"Hampden, MA (CT)",0,1803,1803,0,4119,4119
25013800201,"Hampden, MA (CT)",0,2612,2612,0,6334,6334
25013800202,"Hampden, MA (CT)",0,584,584,0,1333,1333
25013800300,"Hampden, MA (CT)",0,1843,1843,0,4395,4395
25013800400,"Hampden, MA (CT)",0,2411,2411,0,6726,6726
25013800500,"Hampden, MA (CT)",0,1239,1239,0,3366,3366
25013800600,"Hampden, MA (CT)",0,928,928,0,2620,2620
25013800700,"Hampden, MA (CT)",0,1497,1497,0,4000,4000
25013800800,"Hampden, MA (CT)",0,951,951,0,2098,2098
25013800900,"Hampden, MA (CT)",0,1833,1833,0,4136,4136
25013801101,"Hampden, MA (CT)",0,1253,1253,0,1862,1862
25013801102,"Hampden, MA (CT)",0,781,781,0,1537,1537
25013801200,"Hampden, MA (CT)",0,1292,1292,0,2638,2638
25013801300,"Hampden, MA (CT)",0,1823,1823,0,4636,4636
25013801401,"Hampden, MA (CT)",0,1448,1448,0,3992,3992
25013801402,"Hampden, MA (CT)",0,790,790,0,2016,2016
25013801501,"Hampden, MA (CT)",0,2098,2098,0,5361,5361
25013801502,"Hampden, MA (CT)",0,1355,1355,0,3412,3412
25013801503,"Hampden, MA (CT)",0,1688,1688,0,4036,4036
25013801601,"Hampden, MA (CT)",0,1662,1662,0,5067,5067
25013801602,"Hampden, MA (CT)",0,1890,1890,0,5108,5108
25013801603,"Hampden, MA (CT)",0,1821,1821,0,4185,4185
25013801604,"Hampden, MA (CT)",0,1549,1549,0,3767,3767
25013801605,"Hampden, MA (CT)",0,1790,1790,0,4608,4608
25013801700,"Hampden, MA (CT)",0,2144,2144,0,7577,7577
25013801800,"Hampden, MA (CT)",0,1533,1533,0,4279,4279
25013801901,"Hampden, MA (CT)",0,1679,1679,0,3938,3938
25013801902,"Hampden, MA (CT)",0,1755,1755,0,3614,3614
25013802000,"Hampden, MA (CT)",0,1257,1257,0,2849,2849
25013802100,"Hampden, MA (CT)",0,2792,2792,0,6075,6075
25013802200,"Hampden, MA (CT)",0,1260,1260,0,3308,3308
25013802300,"Hampden, MA (CT)",0,2552,2552,0,6838,6838
25013802400,"Hampden, MA (CT)",0,1581,1581,0,3544,3544
25013802500,"Hampden, MA (CT)",0,2860,2860,0,6694,6694
25013802601,"Hampden, MA (CT)",0,2737,2737,0,7038,7038
25013802602,"Hampden, MA (CT)",0,982,982,0,1902,1902
25013810100,"Hampden, MA (CT)",611,2241,2852,1653,4637,6290
25013810200,"Hampden, MA (CT)",302,933,1235,695,2015,2710
25013810300,"Hampden, MA (CT)",0,1447,1447,0,3140,3140
25013810403,"Hampden, MA (CT)",0,1889,1889,0,3931,3931
25013810404,"Hampden, MA (CT)",0,1542,1542,0,3761,3761
25013810412,"Hampden, MA (CT)",6,2524,2530,11,5922,5933
25013810414,"Hampden, MA (CT)",916,1506,2422,2465,5013,7478
25013810601,"Hampden, MA (CT)",0,2202,2202,0,4267,4267
25013810602,"Hampden, MA (CT)",0,1075,1075,0,2657,2657
25013810700,"Hampden, MA (CT)",0,2816,2816,0,6151,6151
25013810800,"Hampden, MA (CT)",0,1930,1930,0,3823,3823
25013810901,"Hampden, MA (CT)",0,997,997,0,1948,1948
25013810902,"Hampden, MA (CT)",0,1895,1895,0,4578,4578
25013811000,"Hampden, MA (CT)",0,2151,2151,0,4622,4622
25013811101,"Hampden, MA (CT)",0,2094,2094,0,5058,5058
25013811102,"Hampden, MA (CT)",0,2596,2596,0,6100,6100
25013811200,"Hampden, MA (CT)",0,2191,2191,0,4859,4859
25013811301,"Hampden, MA (CT)",0,2621,2621,0,5494,5494
25013811302,"Hampden, MA (CT)",0,2572,2572,0,5741,5741
25013811400,"Hampden, MA (CT)",0,941,941,0,2447,2447
25013811500,"Hampden, MA (CT)",0,783,783,0,2277,2277
25013811600,"Hampden, MA (CT)",0,1408,1408,0,3749,3749
25013811700,"Hampden, MA (CT)",0,1106,1106,0,2029,2029
25013811800,"Hampden, MA (CT)",0,1678,1678,0,4139,4139
25013811900,"Hampden, MA (CT)",146,1448,1594,272,3283,3555
25013812001,"Hampden, MA (CT)",0,1533,1533,0,3451,3451
25013812002,"Hampden, MA (CT)",0,1861,1861,0,4646,4646
25013812101,"Hampden, MA (CT)",69,2021,2090,164,4942,5106
25013812103,"Hampden, MA (CT)",0,1438,1438,0,3836,3836
25013812104,"Hampden, MA (CT)",0,1952,1952,0,4645,4645
25013812201,"Hampden, MA (CT)",0,2321,2321,0,4600,4600
25013812202,"Hampden, MA (CT)",0,2139,2139,0,4043,4043
25013812300,"Hampden, MA (CT)",0,2406,2406,0,5861,5861
25013812401,"Hampden, MA (CT)",208,2349,2557,514,5696,6210
25013812403,"Hampden, MA (CT)",0,1804,1804,0,3796,3796
25013812404,"Hampden, MA (CT)",0,1470,1470,0,3881,3881
25013812500,"Hampden, MA (CT)",133,2889,3022,325,7340,7665
25013812600,"Hampden, MA (CT)",25,2629,2654,51,6748,6799
25013812701,"Hampden, MA (CT)",0,1803,1803,0,4078,4078
25013812702,"Hampden, MA (CT)",0,2571,2571,0,5489,5489
25013812800,"Hampden, MA (CT)",583,2118,2701,1632,5034,6666
25013812901,"Hampden, MA (CT)",0,1324,1324,0,3002,3002
25013812902,"Hampden, MA (CT)",296,1675,1971,750,4052,4802
25013812903,"Hampden, MA (CT)",0,29,29,0,2593,2593
25013813000,"Hampden, MA (CT)",3177,241,3418,6646,588,7234
25013813101,"Hampden, MA (CT)",641,1858,2499,1458,4430,5888
25013813102,"Hampden, MA (CT)",1135,282,1417,3021,593,3614
25013813204,"Hampden, MA (CT)",176,1025,1201,482,2758,3240
25013813205,"Hampden, MA (CT)",316,2754,3070,870,6611,7481
25013813206,"Hampden, MA (CT)",0,1658,1658,0,4042,4042
25013813207,"Hampden, MA (CT)",0,2282,2282,0,5111,5111
25013813208,"Hampden, MA (CT)",0,1218,1218,0,2918,2918
25013813209,"Hampden, MA (CT)",0,2710,2710,0,5646,5646
25013813301,"Hampden, MA (CT)",0,2641,2641,0,7343,7343
25013813303,"Hampden, MA (CT)",0,1754,1754,0,4387,4387
25013813304,"Hampden, MA (CT)",0,1553,1553,0,4054,4054
25013813401,"Hampden, MA (CT)",0,1989,1989,0,5243,5243
25013813403,"Hampden, MA (CT)",0,1622,1622,0,3847,3847
25013813404,"Hampden, MA (CT)",154,2341,2495,284,6346,6630
25013813500,"Hampden, MA (CT)",919,1030,1949,2455,2684,5139
25013813601,"Hampden, MA (CT)",43,3165,3208,130,8016,8146
25013813602,"Hampden, MA (CT)",689,1600,2289,1802,4271,6073
25013813701,"Hampden, MA (CT)",844,566,1410,2261,1201,3462
25013813702,"Hampden, MA (CT)",1531,497,2028,3856,1242,5098
25013813801,"Hampden, MA (CT)",2247,0,2247,4319,0,4319
25013813802,"Hampden, MA (CT)",1598,0,1598,3609,0,3609
25015820101,"Hampshire, MA (CT)",1373,1354,2727,3312,2877,6189
25015820102,"Hampshire, MA (CT)",0,1863,1863,0,3683,3683
25015820202,"Hampshire, MA (CT)",454,116,570,1053,268,1321
25015820203,"Hampshire, MA (CT)",1335,2195,3530,3652,4855,8507
25015820204,"Hampshire, MA (CT)",1902,407,2309,5082,1060,6142
25015820300,"Hampshire, MA (CT)",347,2375,2722,832,5986,6818
25015820400,"Hampshire, MA (CT)",0,149,149,0,12079,12079
25015820500,"Hampshire, MA (CT)",0,2731,2731,0,6342,6342
25015820600,"Hampshire, MA (CT)",0,41,41,0,1681,1681
25015820700,"Hampshire, MA (CT)",101,1711,1812,257,4252,4509
25015820801,"Hampshire, MA (CT)",453,1802,2255,1066,4166,5232
25015820802,"Hampshire, MA (CT)",0,1,1,0,1158,1158
25015820900,"Hampshire, MA (CT)",1034,1426,2460,2847,3393,6240
25015821000,"Hampshire, MA (CT)",0,1908,1908,0,4251,4251
25015821100,"Hampshire, MA (CT)",0,3263,3263,0,6939,6939
25015821200,"Hampshire, MA (CT)",0,92,92,0,2127,2127
25015821300,"Hampshire, MA (CT)",241,1652,1893,578,3619,4197
25015821400,"Hampshire, MA (CT)",911,1319,2230,2125,3125,5250
25015821500,"Hampshire, MA (CT)",1563,0,1563,3279,0,3279
25015821601,"Hampshire, MA (CT)",475,1270,1745,799,2625,3424
25015821602,"Hampshire, MA (CT)",0,1831,1831,0,3844,3844
25015821700,"Hampshire, MA (CT)",545,1018,1563,1358,2367,3725
25015821901,"Hampshire, MA (CT)",0,1508,1508,0,3291,3291
25015821903,"Hampshire, MA (CT)",0,1854,1854,0,3425,3425
25015821904,"Hampshire, MA (CT)",0,1542,1542,0,2764,2764
25015822000,"Hampshire, MA (CT)",0,165,165,0,1962,1962
25015822200,"Hampshire, MA (CT)",228,2292,2520,475,5639,6114
25015822300,"Hampshire, MA (CT)",198,2504,2702,435,4937,5372
25015822401,"Hampshire, MA (CT)",93,2234,2327,204,5638,5842
25015822402,"Hampshire, MA (CT)",0,2586,2586,0,4839,4839
25015822500,"Hampshire, MA (CT)",1886,451,2337,4685,1107,5792
25015822601,"Hampshire, MA (CT)",1014,0,1014,2180,0,2180
25015822603,"Hampshire, MA (CT)",694,2,696,1604,3,1607
25015822605,"Hampshire, MA (CT)",591,0,591,1222,0,1222
25015822606,"Hampshire, MA (CT)",1566,215,1781,3141,395,3536
25015822700,"Hampshire, MA (CT)",1722,0,1722,3197,0,3197
25017300100,"Middlesex, MA (CT)",1060,131,1191,2712,362,3074
25017301101,"Middlesex, MA (CT)",849,715,1564,2277,1747,4024
25017301102,"Middlesex, MA (CT)",854,967,1821,2352,2550,4902
25017310100,"Middlesex, MA (CT)",0,2858,2858,0,5267,5267
25017310200,"Middlesex, MA (CT)",0,2283,2283,0,5976,5976
25017310300,"Middlesex, MA (CT)",0,2447,2447,0,6016,6016
25017310400,"Middlesex, MA (CT)",0,1208,1208,0,3245,3245
25017310500,"Middlesex, MA (CT)",0,1256,1256,0,3449,3449
25017310601,"Middlesex, MA (CT)",0,2112,2112,0,5746,5746
25017310602,"Middlesex, MA (CT)",0,2412,2412,0,5825,5825
25017310700,"Middlesex, MA (CT)",0,1628,1628,0,4441,4441
25017311100,"Middlesex, MA (CT)",0,844,844,0,2410,2410
25017311200,"Middlesex, MA (CT)",0,1133,1133,0,3267,3267
25017311300,"Middlesex, MA (CT)",0,1407,1407,0,4057,4057
25017311400,"Middlesex, MA (CT)",0,2512,2512,0,5986,5986
25017311500,"Middlesex, MA (CT)",0,1092,1092,0,2974,2974
25017311600,"Middlesex, MA (CT)",0,1922,1922,0,5295,5295
25017311700,"Middlesex, MA (CT)",0,1636,1636,0,5098,5098
25017311800,"Middlesex, MA (CT)",0,1058,1058,0,3513,3513
25017311900,"Middlesex, MA (CT)",0,1169,1169,0,2429,2429
25017312000,"Middlesex, MA (CT)",0,1059,1059,0,2938,2938
25017312100,"Middlesex, MA (CT)",0,1190,1190,0,3149,3149
25017312200,"Middlesex, MA (CT)",0,1697,1697,0,4309,4309
25017312300,"Middlesex, MA (CT)",0,2098,2098,0,4931,4931
25017312400,"Middlesex, MA (CT)",0,996,996,0,2354,2354
25017312501,"Middlesex, MA (CT)",0,1791,1791,0,4464,4464
25017312502,"Middlesex, MA (CT)",0,1694,1694,0,3960,3960
25017313101,"Middlesex, MA (CT)",148,1885,2033,401,5087,5488
25017313102,"Middlesex, MA (CT)",0,2173,2173,0,5804,5804
25017314101,"Middlesex, MA (CT)",0,2232,2232,0,6055,6055
25017314102,"Middlesex, MA (CT)",0,2972,2972,0,7223,7223
25017314200,"Middlesex, MA (CT)",0,2081,2081,0,5233,5233
25017314301,"Middlesex, MA (CT)",16,3124,3140,54,7957,8011
25017314302,"Middlesex, MA (CT)",371,555,926,1138,1797,2935
25017315100,"Middlesex, MA (CT)",0,1922,1922,0,5456,5456
25017315200,"Middlesex, MA (CT)",0,3198,3198,0,7585,7585
25017315401,"Middlesex, MA (CT)",0,1412,1412,0,3532,3532
25017315402,"Middlesex, MA (CT)",0,994,994,0,2921,2921
25017315403,"Middlesex, MA (CT)",0,597,597,0,1745,1745
25017315500,"Middlesex, MA (CT)",0,2725,2725,0,7722,7722
25017316101,"Middlesex, MA (CT)",0,1669,1669,0,5108,5108
25017316102,"Middlesex, MA (CT)",0,2278,2278,0,6060,6060
25017316201,"Middlesex, MA (CT)",0,1417,1417,0,4104,4104
25017316202,"Middlesex, MA (CT)",0,1435,1435,0,4290,4290
25017316300,"Middlesex, MA (CT)",0,3458,3458,0,8172,8172
25017316400,"Middlesex, MA (CT)",16,1977,1993,42,6528,6570
25017316500,"Middlesex, MA (CT)",0,2231,2231,0,5939,5939
25017317101,"Middlesex, MA (CT)",0,2817,2817,0,6139,6139
25017317102,"Middlesex, MA (CT)",0,1647,1647,0,4353,4353
25017317103,"Middlesex, MA (CT)",0,1748,1748,0,4895,4895
25017317201,"Middlesex, MA (CT)",0,1015,1015,0,2849,2849
25017317202,"Middlesex, MA (CT)",0,1241,1241,0,3388,3388
25017317203,"Middlesex, MA (CT)",0,1627,1627,0,4003,4003
25017317301,"Middlesex, MA (CT)",0,1225,1225,0,2627,2627
25017317302,"Middlesex, MA (CT)",0,2487,2487,0,5548,5548
25017318100,"Middlesex, MA (CT)",0,2454,2454,0,6674,6674
25017318200,"Middlesex, MA (CT)",14,1445,1459,37,3816,3853
25017318300,"Middlesex, MA (CT)",0,2612,2612,0,7516,7516
25017318400,"Middlesex, MA (CT)",1,1350,1351,2,3906,3908
25017320102,"Middlesex, MA (CT)",558,1173,1731,1639,3401,5040
25017320103,"Middlesex, MA (CT)",299,729,1028,935,1860,2795
25017320104,"Middlesex, MA (CT)",208,2161,2369,658,6432,7090
25017321100,"Middlesex, MA (CT)",0,3052,3052,0,6992,6992
25017321200,"Middlesex, MA (CT)",0,2781,2781,0,6267,6267
25017321300,"Middlesex, MA (CT)",0,3423,3423,0,7497,7497
25017321400,"Middlesex, MA (CT)",40,1242,1282,119,3178,3297
25017321500,"Middlesex, MA (CT)",0,2843,2843,0,6898,6898
25017321600,"Middlesex, MA (CT)",0,3035,3035,0,7548,7548
25017322100,"Middlesex, MA (CT)",141,1662,1803,373,4298,4671
25017322200,"Middlesex, MA (CT)",0,1619,1619,0,3687,3687
25017322300,"Middlesex, MA (CT)",0,2675,2675,0,6090,6090
25017322400,"Middlesex, MA (CT)",0,1901,1901,0,4615,4615
25017323100,"Middlesex, MA (CT)",906,1620,2526,2494,4096,6590
25017324101,"Middlesex, MA (CT)",212,1650,1862,492,4269,4761
25017324102,"Middlesex, MA (CT)",105,1510,1615,283,3880,4163
25017325100,"Middlesex, MA (CT)",136,3326,3462,299,7128,7427
25017326101,"Middlesex, MA (CT)",788,675,1463,2196,1700,3896
25017326102,"Middlesex, MA (CT)",663,1863,2526,1863,4887,6750
25017327101,"Middlesex, MA (CT)",824,412,1236,2300,1286,3586
25017327102,"Middlesex, MA (CT)",91,1594,1685,247,4086,4333
25017327103,"Middlesex, MA (CT)",820,607,1427,2330,1248,3578
25017328100,"Middlesex, MA (CT)",940,158,1098,2693,486,3179
25017330100,"Middlesex, MA (CT)",0,2891,2891,0,8231,8231
25017330200,"Middlesex, MA (CT)",0,2742,2742,0,6661,6661
25017331101,"Middlesex, MA (CT)",0,1143,1143,0,3011,3011
25017331102,"Middlesex, MA (CT)",0,2488,2488,0,6971,6971
25017331200,"Middlesex, MA (CT)",0,1844,1844,0,5346,5346
25017331300,"Middlesex, MA (CT)",0,2333,2333,0,6997,6997
25017332100,"Middlesex, MA (CT)",0,2048,2048,0,5972,5972
25017332200,"Middlesex, MA (CT)",0,3512,3512,0,8376,8376
25017332300,"Middlesex, MA (CT)",0,2512,2512,0,6677,6677
25017332400,"Middlesex, MA (CT)",0,1596,1596,0,3473,3473
25017333100,"Middlesex, MA (CT)",0,3223,3223,0,7399,7399
25017333200,"Middlesex, MA (CT)",0,2232,2232,0,5364,5364
25017333300,"Middlesex, MA (CT)",0,1872,1872,0,4063,4063
25017333400,"Middlesex, MA (CT)",0,2599,2599,0,6229,6229
25017333501,"Middlesex, MA (CT)",0,2039,2039,0,5001,5001
25017333502,"Middlesex, MA (CT)",0,1465,1465,0,3273,3273
25017333600,"Middlesex, MA (CT)",0,2879,2879,0,6791,6791
25017334100,"Middlesex, MA (CT)",0,2563,2563,0,6718,6718
25017334200,"Middlesex, MA (CT)",0,1637,1637,0,3968,3968
25017334300,"Middlesex, MA (CT)",0,2606,2606,0,7605,7605
25017334400,"Middlesex, MA (CT)",0,2811,2811,0,6456,6456
25017335100,"Middlesex, MA (CT)",0,2579,2579,0,5728,5728
25017335200,"Middlesex, MA (CT)",0,2346,2346,0,5637,5637
25017335301,"Middlesex, MA (CT)",0,1804,1804,0,3852,3852
25017335302,"Middlesex, MA (CT)",0,1913,1913,0,4621,4621
25017335400,"Middlesex, MA (CT)",0,1858,1858,0,5094,5094
25017336100,"Middlesex, MA (CT)",0,2513,2513,0,5360,5360
25017336200,"Middlesex, MA (CT)",0,2296,2296,0,6142,6142
25017336300,"Middlesex, MA (CT)",0,2581,2581,0,6664,6664
25017336401,"Middlesex, MA (CT)",0,2202,2202,0,4260,4260
25017336402,"Middlesex, MA (CT)",0,2159,2159,0,4557,4557
25017337101,"Middlesex, MA (CT)",0,1283,1283,0,3095,3095
25017337102,"Middlesex, MA (CT)",0,2033,2033,0,5042,5042
25017337201,"Middlesex, MA (CT)",0,1530,1530,0,3192,3192
25017337202,"Middlesex, MA (CT)",0,2140,2140,0,4849,4849
25017337300,"Middlesex, MA (CT)",0,2472,2472,0,5259,5259
25017338100,"Middlesex, MA (CT)",0,1068,1068,0,2964,2964
25017338200,"Middlesex, MA (CT)",0,1581,1581,0,3869,3869
25017338300,"Middlesex, MA (CT)",0,1253,1253,0,3180,3180
25017338400,"Middlesex, MA (CT)",0,2030,2030,0,5745,5745
25017338500,"Middlesex, MA (CT)",0,2054,2054,0,5616,5616
25017339100,"Middlesex, MA (CT)",0,3024,3024,0,6442,6442
25017339200,"Middlesex, MA (CT)",0,2270,2270,0,5830,5830
25017339300,"Middlesex, MA (CT)",0,1303,1303,0,2890,2890
25017339400,"Middlesex, MA (CT)",0,1573,1573,0,3326,3326
25017339500,"Middlesex, MA (CT)",0,1690,1690,0,5399,5399
25017339600,"Middlesex, MA (CT)",0,2315,2315,0,5024,5024
25017339700,"Middlesex, MA (CT)",0,1684,1684,0,3878,3878
25017339801,"Middlesex, MA (CT)",0,2370,2370,0,4410,4410
25017339802,"Middlesex, MA (CT)",0,1976,1976,0,4557,4557
25017339900,"Middlesex, MA (CT)",0,2212,2212,0,5171,5171
25017340000,"Middlesex, MA (CT)",0,1115,1115,0,2594,2594
25017340100,"Middlesex, MA (CT)",0,2514,2514,0,6652,6652
25017341101,"Middlesex, MA (CT)",0,1450,1450,0,3675,3675
25017341102,"Middlesex, MA (CT)",0,2289,2289,0,4564,4564
25017341200,"Middlesex, MA (CT)",0,2786,2786,0,6857,6857
25017341300,"Middlesex, MA (CT)",0,2642,2642,0,5439,5439
25017341400,"Middlesex, MA (CT)",0,2451,2451,0,6212,6212
25017341500,"Middlesex, MA (CT)",0,1790,1790,0,4780,4780
25017341600,"Middlesex, MA (CT)",0,2750,2750,0,6564,6564
25017341700,"Middlesex, MA (CT)",0,2191,2191,0,5298,5298
25017341800,"Middlesex, MA (CT)",0,2633,2633,0,6554,6554
25017341901,"Middlesex, MA (CT)",0,535,535,0,1387,1387
25017341902,"Middlesex, MA (CT)",0,3644,3644,0,8120,8120
25017342101,"Middlesex, MA (CT)",0,1663,1663,0,4457,4457
25017342102,"Middlesex, MA (CT)",0,1683,1683,0,4066,4066
25017342201,"Middlesex, MA (CT)",0,2062,2062,0,5268,5268
25017342202,"Middlesex, MA (CT)",0,1536,1536,0,3833,3833
25017342300,"Middlesex, MA (CT)",0,2754,2754,0,6826,6826
25017342400,"Middlesex, MA (CT)",0,2553,2553,0,6055,6055
25017342500,"Middlesex, MA (CT)",0,2781,2781,0,6797,6797
25017342600,"Middlesex, MA (CT)",0,1683,1683,0,4365,4365
25017350103,"Middlesex, MA (CT)",0,520,520,0,1210,1210
25017350104,"Middlesex, MA (CT)",0,2898,2898,0,7275,7275
25017350200,"Middlesex, MA (CT)",0,2763,2763,0,6567,6567
25017350300,"Middlesex, MA (CT)",0,1148,1148,0,2441,2441
25017350400,"Middlesex, MA (CT)",0,2508,2508,0,5568,5568
25017350500,"Middlesex, MA (CT)",0,772,772,0,1629,1629
25017350600,"Middlesex, MA (CT)",0,1091,1091,0,4572,4572
25017350700,"Middlesex, MA (CT)",0,3116,3116,0,6048,6048
25017350800,"Middlesex, MA (CT)",0,920,920,0,1828,1828
25017350900,"Middlesex, MA (CT)",0,1648,1648,0,3314,3314
25017351000,"Middlesex, MA (CT)",0,3115,3115,0,6450,6450
25017351100,"Middlesex, MA (CT)",0,2778,2778,0,5622,5622
25017351203,"Middlesex, MA (CT)",0,1959,1959,0,4241,4241
25017351204,"Middlesex, MA (CT)",0,1927,1927,0,4129,4129
25017351300,"Middlesex, MA (CT)",0,2078,2078,0,4233,4233
25017351403,"Middlesex, MA (CT)",0,1678,1678,0,4028,4028
25017351404,"Middlesex, MA (CT)",0,1629,1629,0,4289,4289
25017351500,"Middlesex, MA (CT)",0,1172,1172,0,2310,2310
25017352101,"Middlesex, MA (CT)",0,1292,1292,0,1654,1654
25017352102,"Middlesex, MA (CT)",0,1431,1431,0,2277,2277
25017352200,"Middlesex, MA (CT)",0,1145,1145,0,1849,1849
25017352300,"Middlesex, MA (CT)",0,2069,2069,0,3450,3450
25017352400,"Middlesex, MA (CT)",0,818,818,0,2126,2126
25017352500,"Middlesex, MA (CT)",0,1267,1267,0,2894,2894
25017352600,"Middlesex, MA (CT)",0,1055,1055,0,2378,2378
25017352700,"Middlesex, MA (CT)",0,1016,1016,0,2057,2057
25017352800,"Middlesex, MA (CT)",0,955,955,0,2115,2115
25017352900,"Middlesex, MA (CT)",0,1415,1415,0,2646,2646
25017353000,"Middlesex, MA (CT)",0,2001,2001,0,3584,3584
25017353101,"Middlesex, MA (CT)",0,1035,1035,0,2460,2460
25017353102,"Middlesex, MA (CT)",0,327,327,0,5040,5040
25017353200,"Middlesex, MA (CT)",0,1701,1701,0,4897,4897
25017353300,"Middlesex, MA (CT)",0,1771,1771,0,3471,3471
25017353400,"Middlesex, MA (CT)",0,1298,1298,0,2848,2848
25017353500,"Middlesex, MA (CT)",0,1330,1330,0,2602,2602
25017353600,"Middlesex, MA (CT)",0,1568,1568,0,4551,4551
25017353700,"Middlesex, MA (CT)",0,1956,1956,0,5365,5365
25017353800,"Middlesex, MA (CT)",0,2947,2947,0,4702,4702
25017353900,"Middlesex, MA (CT)",0,1519,1519,0,7090,7090
25017354000,"Middlesex, MA (CT)",0,2089,2089,0,4366,4366
25017354100,"Middlesex, MA (CT)",0,1717,1717,0,2907,2907
25017354200,"Middlesex, MA (CT)",0,1404,1404,0,2907,2907
25017354300,"Middlesex, MA (CT)",0,1651,1651,0,3346,3346
25017354400,"Middlesex, MA (CT)",0,802,802,0,1647,1647
25017354500,"Middlesex, MA (CT)",0,1291,1291,0,2236,2236
25017354600,"Middlesex, MA (CT)",0,2192,2192,0,4538,4538
25017354700,"Middlesex, MA (CT)",0,1207,1207,0,2509,2509
25017354800,"Middlesex, MA (CT)",0,977,977,0,1903,1903
25017354900,"Middlesex, MA (CT)",0,2632,2632,0,6058,6058
25017355000,"Middlesex, MA (CT)",0,1413,1413,0,2689,2689
25017356100,"Middlesex, MA (CT)",0,1449,1449,0,3110,3110
25017356300,"Middlesex, MA (CT)",0,2426,2426,0,5040,5040
25017356400,"Middlesex, MA (CT)",0,2980,2980,0,7247,7247
25017356500,"Middlesex, MA (CT)",0,2950,2950,0,6580,6580
25017356601,"Middlesex, MA (CT)",0,2134,2134,0,4216,4216
25017356602,"Middlesex, MA (CT)",0,1752,1752,0,4169,4169
25017356701,"Middlesex, MA (CT)",0,3184,3184,0,5844,5844
25017356702,"Middlesex, MA (CT)",0,3099,3099,0,6638,6638
25017357100,"Middlesex, MA (CT)",0,1721,1721,0,4185,4185
25017357200,"Middlesex, MA (CT)",0,1156,1156,0,3202,3202
25017357300,"Middlesex, MA (CT)",0,1343,1343,0,2973,2973
25017357400,"Middlesex, MA (CT)",0,938,938,0,2339,2339
25017357500,"Middlesex, MA (CT)",0,902,902,0,2130,2130
25017357600,"Middlesex, MA (CT)",0,1081,1081,0,2432,2432
25017357700,"Middlesex, MA (CT)",0,1661,1661,0,3727,3727
25017357800,"Middlesex, MA (CT)",0,1382,1382,0,3741,3741
25017358100,"Middlesex, MA (CT)",0,1885,1885,0,5105,5105
25017358300,"Middlesex, MA (CT)",0,2301,2301,0,5526,5526
25017358400,"Middlesex, MA (CT)",0,1923,1923,0,4895,4895
25017358500,"Middlesex, MA (CT)",0,1786,1786,0,4861,4861
25017358600,"Middlesex, MA (CT)",0,2246,2246,0,5947,5947
25017358700,"Middlesex, MA (CT)",0,1878,1878,0,5060,5060
25017359100,"Middlesex, MA (CT)",0,2588,2588,0,6198,6198
25017359300,"Middlesex, MA (CT)",27,2753,2780,78,7044,7122
25017360100,"Middlesex, MA (CT)",0,477,477,0,1286,1286
25017360200,"Middlesex, MA (CT)",964,1176,2140,2327,2749,5076
25017361100,"Middlesex, MA (CT)",238,2253,2491,571,5086,5657
25017361200,"Middlesex, MA (CT)",0,1936,1936,0,5765,5765
25017361300,"Middlesex, MA (CT)",718,1802,2520,1918,4328,6246
25017362100,"Middlesex, MA (CT)",1503,255,1758,4129,723,4852
25017363102,"Middlesex, MA (CT)",275,2372,2647,778,5131,5909
25017363103,"Middlesex, MA (CT)",81,1116,1197,218,3011,3229
25017363104,"Middlesex, MA (CT)",73,2162,2235,218,5887,6105
25017363201,"Middlesex, MA (CT)",0,1169,1169,0,3219,3219
25017363202,"Middlesex, MA (CT)",0,1282,1282,0,3462,3462
25017364101,"Middlesex, MA (CT)",0,2361,2361,0,5266,5266
25017364102,"Middlesex, MA (CT)",19,2067,2086,58,4782,4840
25017365100,"Middlesex, MA (CT)",370,2138,2508,956,6776,7732
25017365201,"Middlesex, MA (CT)",0,1896,1896,0,5607,5607
25017365202,"Middlesex, MA (CT)",0,1547,1547,0,4320,4320
25017366100,"Middlesex, MA (CT)",0,1859,1859,0,4697,4697
25017366201,"Middlesex, MA (CT)",133,1125,1258,366,3232,3598
25017366202,"Middlesex, MA (CT)",0,1904,1904,0,4699,4699
25017367100,"Middlesex, MA (CT)",0,1456,1456,0,3959,3959
25017367200,"Middlesex, MA (CT)",0,2552,2552,0,7302,7302
25017368101,"Middlesex, MA (CT)",0,2748,2748,0,6101,6101
25017368102,"Middlesex, MA (CT)",0,1471,1471,0,3627,3627
25017368200,"Middlesex, MA (CT)",0,1856,1856,0,4294,4294
25017368300,"Middlesex, MA (CT)",0,2588,2588,0,5345,5345
25017368400,"Middlesex, MA (CT)",0,2471,2471,0,8117,8117
25017368500,"Middlesex, MA (CT)",0,1890,1890,0,3297,3297
25017368600,"Middlesex, MA (CT)",0,2480,2480,0,5196,5196
25017368700,"Middlesex, MA (CT)",0,1049,1049,0,2462,2462
25017368800,"Middlesex, MA (CT)",0,1983,1983,0,4741,4741
25017368901,"Middlesex, MA (CT)",0,2174,2174,0,6801,6801
25017368902,"Middlesex, MA (CT)",0,1613,1613,0,4320,4320
25017369000,"Middlesex, MA (CT)",0,581,581,0,1528,1528
25017369100,"Middlesex, MA (CT)",0,2022,2022,0,4803,4803
25017370101,"Middlesex, MA (CT)",0,2959,2959,0,6488,6488
25017370102,"Middlesex, MA (CT)",0,3472,3472,0,6751,6751
25017370201,"Middlesex, MA (CT)",0,1887,1887,0,3757,3757
25017370202,"Middlesex, MA (CT)",0,1879,1879,0,4149,4149
25017370300,"Middlesex, MA (CT)",0,2930,2930,0,5644,5644
25017370400,"Middlesex, MA (CT)",0,2457,2457,0,5126,5126
25017373100,"Middlesex, MA (CT)",0,2198,2198,0,4755,4755
25017373200,"Middlesex, MA (CT)",0,2053,2053,0,4391,4391
25017373300,"Middlesex, MA (CT)",0,1270,1270,0,2799,2799
25017373400,"Middlesex, MA (CT)",0,1413,1413,0,3204,3204
25017373500,"Middlesex, MA (CT)",0,2016,2016,0,6187,6187
25017373600,"Middlesex, MA (CT)",0,1029,1029,0,6026,6026
25017373700,"Middlesex, MA (CT)",0,1401,1401,0,3790,3790
25017373800,"Middlesex, MA (CT)",0,2548,2548,0,5923,5923
25017373900,"Middlesex, MA (CT)",0,2667,2667,0,6373,6373
25017374000,"Middlesex, MA (CT)",0,1796,1796,0,5237,5237
25017374100,"Middlesex, MA (CT)",0,2027,2027,0,4647,4647
25017374200,"Middlesex, MA (CT)",0,1594,1594,0,4194,4194
25017374300,"Middlesex, MA (CT)",0,1343,1343,0,3494,3494
25017374400,"Middlesex, MA (CT)",0,2244,2244,0,5743,5743
25017374500,"Middlesex, MA (CT)",0,1704,1704,0,4339,4339
25017374600,"Middlesex, MA (CT)",0,1984,1984,0,4829,4829
25017374700,"Middlesex, MA (CT)",0,1846,1846,0,4477,4477
25017374800,"Middlesex, MA (CT)",0,1515,1515,0,4738,4738
25017382100,"Middlesex, MA (CT)",0,1868,1868,0,4911,4911
25017382200,"Middlesex, MA (CT)",0,2056,2056,0,5158,5158
25017382300,"Middlesex, MA (CT)",162,2062,2224,402,5166,5568
25017382400,"Middlesex, MA (CT)",0,1904,1904,0,4523,4523
25017382500,"Middlesex, MA (CT)",0,1936,1936,0,4418,4418
25017382601,"Middlesex, MA (CT)",0,2295,2295,0,4269,4269
25017382602,"Middlesex, MA (CT)",0,1838,1838,0,4159,4159
25017383101,"Middlesex, MA (CT)",0,1328,1328,0,4217,4217
25017383102,"Middlesex, MA (CT)",0,1834,1834,0,4923,4923
25017383200,"Middlesex, MA (CT)",0,2225,2225,0,6046,6046
25017383300,"Middlesex, MA (CT)",0,1370,1370,0,3042,3042
25017383400,"Middlesex, MA (CT)",0,2356,2356,0,5540,5540
25017383501,"Middlesex, MA (CT)",0,2094,2094,0,4259,4259
25017383502,"Middlesex, MA (CT)",0,1074,1074,0,3773,3773
25017383600,"Middlesex, MA (CT)",0,2509,2509,0,6138,6138
25017383700,"Middlesex, MA (CT)",0,2119,2119,0,5213,5213
25017383800,"Middlesex, MA (CT)",0,2237,2237,0,5360,5360
25017383901,"Middlesex, MA (CT)",0,3059,3059,0,7628,7628
25017383902,"Middlesex, MA (CT)",0,1941,1941,0,5227,5227
25017384001,"Middlesex, MA (CT)",0,569,569,0,1437,1437
25017384002,"Middlesex, MA (CT)",0,2814,2814,0,5515,5515
25017385100,"Middlesex, MA (CT)",81,2393,2474,247,6470,6717
25017385201,"Middlesex, MA (CT)",0,1084,1084,0,2568,2568
25017385202,"Middlesex, MA (CT)",0,3051,3051,0,7308,7308
25017386100,"Middlesex, MA (CT)",1050,445,1495,2847,1272,4119
25017387100,"Middlesex, MA (CT)",1,1575,1576,3,4254,4257
25017387201,"Middlesex, MA (CT)",11,2130,2141,35,5429,5464
25017387202,"Middlesex, MA (CT)",169,1201,1370,493,3333,3826
25017388100,"Middlesex, MA (CT)",2,2071,2073,5,4991,4996
25017388200,"Middlesex, MA (CT)",769,1658,2427,1924,5287,7211
25017388300,"Middlesex, MA (CT)",0,1929,1929,0,5420,5420
25017980000,"Middlesex, MA (CT)",0,0,0,0,0,0
25019950100,"Nantucket, MA (CT)",99,3037,3136,113,1262,1375
25019950200,"Nantucket, MA (CT)",427,2522,2949,365,4504,4869
25019950307,"Nantucket, MA (CT)",1108,0,1108,342,0,342
25019950400,"Nantucket, MA (CT)",147,1498,1645,73,2349,2422
25019950500,"Nantucket, MA (CT)",2615,165,2780,1029,135,1164
25019990000,"Nantucket, MA (CT)",0,0,0,0,0,0
25021400100,"Norfolk, MA (CT)",0,2511,2511,0,4977,4977
25021400200,"Norfolk, MA (CT)",0,2954,2954,0,6132,6132
25021400300,"Norfolk, MA (CT)",0,1672,1672,0,4110,4110
25021400400,"Norfolk, MA (CT)",0,2869,2869,0,5449,5449
25021400500,"Norfolk, MA (CT)",0,2513,2513,0,5173,5173
25021400600,"Norfolk, MA (CT)",0,2218,2218,0,5177,5177
25021400700,"Norfolk, MA (CT)",0,1442,1442,0,3598,3598
25021400800,"Norfolk, MA (CT)",0,2636,2636,0,5630,5630
25021400900,"Norfolk, MA (CT)",0,2017,2017,0,3865,3865
25021401000,"Norfolk, MA (CT)",0,1342,1342,0,3149,3149
25021401100,"Norfolk, MA (CT)",0,1629,1629,0,4441,4441
25021401200,"Norfolk, MA (CT)",0,2645,2645,0,7031,7031
25021402101,"Norfolk, MA (CT)",0,1560,1560,0,3634,3634
25021402102,"Norfolk, MA (CT)",0,1769,1769,0,4063,4063
25021402200,"Norfolk, MA (CT)",0,861,861,0,2169,2169
25021402300,"Norfolk, MA (CT)",0,1648,1648,0,4549,4549
25021402400,"Norfolk, MA (CT)",0,2592,2592,0,6050,6050
25021402500,"Norfolk, MA (CT)",0,1761,1761,0,4264,4264
25021403100,"Norfolk, MA (CT)",0,2362,2362,0,6841,6841
25021403300,"Norfolk, MA (CT)",0,1454,1454,0,4222,4222
25021403400,"Norfolk, MA (CT)",0,2593,2593,0,6488,6488
25021403500,"Norfolk, MA (CT)",0,2497,2497,0,5684,5684
25021404100,"Norfolk, MA (CT)",0,1442,1442,0,4025,4025
25021404201,"Norfolk, MA (CT)",0,1250,1250,0,3658,3658
25021404202,"Norfolk, MA (CT)",0,1387,1387,0,4986,4986
25021404301,"Norfolk, MA (CT)",0,1884,1884,0,5508,5508
25021404302,"Norfolk, MA (CT)",0,1433,1433,0,3529,3529
25021404400,"Norfolk, MA (CT)",0,1793,1793,0,6276,6276
25021405100,"Norfolk, MA (CT)",611,1358,1969,1678,3911,5589
25021406101,"Norfolk, MA (CT)",0,2006,2006,0,5537,5537
25021406102,"Norfolk, MA (CT)",191,2040,2231,579,5908,6487
25021407100,"Norfolk, MA (CT)",393,2765,3158,1030,6861,7891
25021408101,"Norfolk, MA (CT)",18,2675,2693,38,7924,7962
25021408102,"Norfolk, MA (CT)",0,1920,1920,0,4790,4790
25021409101,"Norfolk, MA (CT)",0,1429,1429,0,6217,6217
25021409102,"Norfolk, MA (CT)",7,1685,1692,18,4992,5010
25021410100,"Norfolk, MA (CT)",0,2567,2567,0,6142,6142
25021410300,"Norfolk, MA (CT)",53,1662,1715,163,4260,4423
25021410400,"Norfolk, MA (CT)",0,2613,2613,0,6300,6300
25021411100,"Norfolk, MA (CT)",0,3088,3088,0,7972,7972
25021411200,"Norfolk, MA (CT)",0,2498,2498,0,6562,6562
25021411301,"Norfolk, MA (CT)",0,2069,2069,0,5527,5527
25021411302,"Norfolk, MA (CT)",0,1385,1385,0,4009,4009
25021412100,"Norfolk, MA (CT)",0,2299,2299,0,6334,6334
25021412200,"Norfolk, MA (CT)",61,1433,1494,194,3378,3572
25021412300,"Norfolk, MA (CT)",0,1638,1638,0,4712,4712
25021413100,"Norfolk, MA (CT)",0,2411,2411,0,5854,5854
25021413200,"Norfolk, MA (CT)",0,2787,2787,0,6079,6079
25021413300,"Norfolk, MA (CT)",0,1970,1970,0,4954,4954
25021413401,"Norfolk, MA (CT)",0,1601,1601,0,3167,3167
25021413402,"Norfolk, MA (CT)",0,1877,1877,0,4244,4244
25021413500,"Norfolk, MA (CT)",0,1833,1833,0,4304,4304
25021414100,"Norfolk, MA (CT)",197,1917,2114,542,5151,5693
25021414200,"Norfolk, MA (CT)",304,2091,2395,894,6289,7183
25021414300,"Norfolk, MA (CT)",0,1947,1947,0,4736,4736
25021415101,"Norfolk, MA (CT)",0,1711,1711,0,4532,4532
25021415102,"Norfolk, MA (CT)",0,3385,3385,0,7465,7465
25021415200,"Norfolk, MA (CT)",0,2299,2299,0,5850,5850
25021415300,"Norfolk, MA (CT)",0,1367,1367,0,3714,3714
25021416101,"Norfolk, MA (CT)",0,2202,2202,0,5724,5724
25021416102,"Norfolk, MA (CT)",0,1027,1027,0,3810,3810
25021416200,"Norfolk, MA (CT)",0,2411,2411,0,6651,6651
25021416300,"Norfolk, MA (CT)",0,1824,1824,0,4749,4749
25021416400,"Norfolk, MA (CT)",0,2236,2236,0,6069,6069
25021417100,"Norfolk, MA (CT)",0,1704,1704,0,4264,4264
25021417200,"Norfolk, MA (CT)",0,3325,3325,0,8182,8182
25021417300,"Norfolk, MA (CT)",0,1810,1810,0,2681,2681
25021417400,"Norfolk, MA (CT)",0,1114,1114,0,2566,2566
25021417501,"Norfolk, MA (CT)",0,2081,2081,0,5004,5004
25021417502,"Norfolk, MA (CT)",0,2015,2015,0,4639,4639
25021417601,"Norfolk, MA (CT)",0,2102,2102,0,5196,5196
25021417602,"Norfolk, MA (CT)",0,2380,2380,0,5155,5155
25021417701,"Norfolk, MA (CT)",0,2983,2983,0,5417,5417
25021417702,"Norfolk, MA (CT)",0,1109,1109,0,2765,2765
25021417801,"Norfolk, MA (CT)",0,2375,2375,0,5443,5443
25021417802,"Norfolk, MA (CT)",0,1317,1317,0,3150,3150
25021417901,"Norfolk, MA (CT)",0,3331,3331,0,6048,6048
25021417902,"Norfolk, MA (CT)",0,1564,1564,0,3542,3542
25021418002,"Norfolk, MA (CT)",0,3320,3320,0,7020,7020
25021418003,"Norfolk, MA (CT)",0,1350,1350,0,2481,2481
25021418004,"Norfolk, MA (CT)",0,1987,1987,0,4280,4280
25021418101,"Norfolk, MA (CT)",0,2450,2450,0,4837,4837
25021418102,"Norfolk, MA (CT)",0,1676,1676,0,3377,3377
25021418200,"Norfolk, MA (CT)",0,2845,2845,0,6224,6224
25021419100,"Norfolk, MA (CT)",0,2246,2246,0,5691,5691
25021419200,"Norfolk, MA (CT)",0,1914,1914,0,5002,5002
25021419300,"Norfolk, MA (CT)",0,1558,1558,0,3863,3863
25021419400,"Norfolk, MA (CT)",0,1288,1288,0,3166,3166
25021419500,"Norfolk, MA (CT)",0,1082,1082,0,3077,3077
25021419600,"Norfolk, MA (CT)",0,2936,2936,0,6766,6766
25021419700,"Norfolk, MA (CT)",0,1481,1481,0,3821,3821
25021419800,"Norfolk, MA (CT)",0,1797,1797,0,4358,4358
25021420100,"Norfolk, MA (CT)",0,2895,2895,0,7804,7804
25021420201,"Norfolk, MA (CT)",0,1219,1219,0,3505,3505
25021420202,"Norfolk, MA (CT)",0,2430,2430,0,6303,6303
25021420301,"Norfolk, MA (CT)",0,2581,2581,0,6797,6797
25021420302,"Norfolk, MA (CT)",0,2883,2883,0,7703,7703
25021421100,"Norfolk, MA (CT)",0,2103,2103,0,5120,5120
25021421200,"Norfolk, MA (CT)",0,2171,2171,0,5671,5671
25021422100,"Norfolk, MA (CT)",0,2023,2023,0,5293,5293
25021422200,"Norfolk, MA (CT)",0,3105,3105,0,6815,6815
25021422301,"Norfolk, MA (CT)",0,1104,1104,0,2975,2975
25021422302,"Norfolk, MA (CT)",0,3176,3176,0,6590,6590
25021422400,"Norfolk, MA (CT)",0,3495,3495,0,7785,7785
25021422501,"Norfolk, MA (CT)",0,2161,2161,0,4758,4758
25021422502,"Norfolk, MA (CT)",0,2382,2382,0,5165,5165
25021422600,"Norfolk, MA (CT)",0,2571,2571,0,6668,6668
25021422700,"Norfolk, MA (CT)",0,1591,1591,0,3842,3842
25021422800,"Norfolk, MA (CT)",0,1872,1872,0,3852,3852
25021423100,"Norfolk, MA (CT)",133,2847,2980,321,7221,7542
25021440100,"Norfolk, MA (CT)",217,3265,3482,614,7650,8264
25021441202,"Norfolk, MA (CT)",467,412,879,1396,1330,2726
25021441203,"Norfolk, MA (CT)",0,1411,1411,0,3730,3730
25021441204,"Norfolk, MA (CT)",0,1579,1579,0,4499,4499
25021442101,"Norfolk, MA (CT)",0,1803,1803,0,5572,5572
25021442102,"Norfolk, MA (CT)",0,2649,2649,0,7071,7071
25021442103,"Norfolk, MA (CT)",0,2178,2178,0,6946,6946
25021442201,"Norfolk, MA (CT)",107,1349,1456,266,3900,4166
25021442202,"Norfolk, MA (CT)",0,3308,3308,0,7880,7880
25021443101,"Norfolk, MA (CT)",221,2792,3013,588,7050,7638
25021443102,"Norfolk, MA (CT)",0,3352,3352,0,8694,8694
25021456101,"Norfolk, MA (CT)",0,1272,1272,0,3776,3776
25021456102,"Norfolk, MA (CT)",0,2060,2060,0,4945,4945
25021456200,"Norfolk, MA (CT)",0,1166,1166,0,3146,3146
25021456301,"Norfolk, MA (CT)",0,785,785,0,1753,1753
25021456302,"Norfolk, MA (CT)",0,2522,2522,0,5000,5000
25021456401,"Norfolk, MA (CT)",0,1072,1072,0,2765,2765
25021456402,"Norfolk, MA (CT)",0,1910,1910,0,5577,5577
25021457100,"Norfolk, MA (CT)",0,1769,1769,0,4356,4356
25021457200,"Norfolk, MA (CT)",0,2216,2216,0,5651,5651
25023500101,"Plymouth, MA (CT)",15,1999,2014,1,3701,3702
25023500103,"Plymouth, MA (CT)",1,1432,1433,0,2209,2209
25023500104,"Plymouth, MA (CT)",0,2315,2315,0,4382,4382
25023501101,"Plymouth, MA (CT)",0,1301,1301,0,3302,3302
25023501102,"Plymouth, MA (CT)",0,3268,3268,0,8057,8057
25023501201,"Plymouth, MA (CT)",76,1237,1313,200,3467,3667
25023501202,"Plymouth, MA (CT)",138,2933,3071,376,6755,7131
25023502101,"Plymouth, MA (CT)",0,2436,2436,0,6051,6051
25023502102,"Plymouth, MA (CT)",0,2154,2154,0,5600,5600
25023502200,"Plymouth, MA (CT)",0,2461,2461,0,5838,5838
25023503101,"Plymouth, MA (CT)",0,2412,2412,0,7176,7176
25023503102,"Plymouth, MA (CT)",0,2440,2440,0,6703,6703
25023504101,"Plymouth, MA (CT)",190,1705,1895,539,4831,5370
25023504102,"Plymouth, MA (CT)",172,1608,1780,509,4627,5136
25023505101,"Plymouth, MA (CT)",280,2652,2932,377,6091,6468
25023505102,"Plymouth, MA (CT)",0,1840,1840,0,4991,4991
25023505200,"Plymouth, MA (CT)",449,2814,3263,739,5935,6674
25023506101,"Plymouth, MA (CT)",604,1958,2562,1625,4906,6531
25023506102,"Plymouth, MA (CT)",162,2106,2268,436,5463,5899
25023506202,"Plymouth, MA (CT)",0,959,959,0,2512,2512
25023506203,"Plymouth, MA (CT)",30,2241,2271,55,5165,5220
25023506204,"Plymouth, MA (CT)",0,2880,2880,0,4970,4970
25023507101,"Plymouth, MA (CT)",256,1686,1942,729,4594,5323
25023507103,"Plymouth, MA (CT)",0,1764,1764,0,4351,4351
25023507104,"Plymouth, MA (CT)",94,2075,2169,177,5208,5385
25023508101,"Plymouth, MA (CT)",5,2472,2477,12,6696,6708
25023508102,"Plymouth, MA (CT)",0,1985,1985,0,5098,5098
25023508200,"Plymouth, MA (CT)",175,1915,2090,507,5524,6031
25023509101,"Plymouth, MA (CT)",346,2118,2464,1054,5893,6947
25023509102,"Plymouth, MA (CT)",0,2546,2546,0,5682,5682
25023510100,"Plymouth, MA (CT)",0,1727,1727,0,4776,4776
25023510200,"Plymouth, MA (CT)",0,2229,2229,0,5964,5964
25023510300,"Plymouth, MA (CT)",0,1515,1515,0,3798,3798
25023510400,"Plymouth, MA (CT)",0,1260,1260,0,3706,3706
25023510501,"Plymouth, MA (CT)",0,1252,1252,0,3358,3358
25023510502,"Plymouth, MA (CT)",0,2811,2811,0,5796,5796
25023510503,"Plymouth, MA (CT)",0,1762,1762,0,4296,4296
25023510600,"Plymouth, MA (CT)",0,1029,1029,0,2857,2857
25023510700,"Plymouth, MA (CT)",0,2147,2147,0,5656,5656
25023510800,"Plymouth, MA (CT)",0,2303,2303,0,6339,6339
25023510900,"Plymouth, MA (CT)",0,1089,1089,0,2531,2531
25023511000,"Plymouth, MA (CT)",0,1089,1089,0,3040,3040
25023511100,"Plymouth, MA (CT)",0,1871,1871,0,5291,5291
25023511200,"Plymouth, MA (CT)",0,1902,1902,0,4849,4849
25023511301,"Plymouth, MA (CT)",0,1823,1823,0,5334,5334
25023511302,"Plymouth, MA (CT)",0,1238,1238,0,3531,3531
25023511400,"Plymouth, MA (CT)",0,1329,1329,0,3716,3716
25023511500,"Plymouth, MA (CT)",0,1544,1544,0,4308,4308
25023511600,"Plymouth, MA (CT)",0,2941,2941,0,7211,7211
25023511701,"Plymouth, MA (CT)",0,1682,1682,0,4655,4655
25023511702,"Plymouth, MA (CT)",0,1009,1009,0,2798,2798
25023520100,"Plymouth, MA (CT)",0,2477,2477,0,6458,6458
25023520201,"Plymouth, MA (CT)",0,1584,1584,0,3952,3952
25023520202,"Plymouth, MA (CT)",0,2316,2316,0,5575,5575
25023521101,"Plymouth, MA (CT)",0,1618,1618,0,4303,4303
25023521102,"Plymouth, MA (CT)",0,1301,1301,0,3316,3316
25023521201,"Plymouth, MA (CT)",0,1183,1183,0,2904,2904
25023521202,"Plymouth, MA (CT)",0,1420,1420,0,3966,3966
25023522101,"Plymouth, MA (CT)",0,1616,1616,0,4745,4745
25023522102,"Plymouth, MA (CT)",371,1602,1973,1051,4413,5464
25023523100,"Plymouth, MA (CT)",0,1108,1108,0,3044,3044
25023523201,"Plymouth, MA (CT)",0,979,979,0,2897,2897
25023523202,"Plymouth, MA (CT)",314,2505,2819,854,6999,7853
25023524101,"Plymouth, MA (CT)",191,886,1077,493,2542,3035
25023524102,"Plymouth, MA (CT)",22,1570,1592,66,3815,3881
25023525101,"Plymouth, MA (CT)",274,2277,2551,785,5520,6305
25023525104,"Plymouth, MA (CT)",90,2052,2142,262,6027,6289
25023525203,"Plymouth, MA (CT)",0,2336,2336,0,5595,5595
25023525204,"Plymouth, MA (CT)",154,921,1075,495,2887,3382
25023525300,"Plymouth, MA (CT)",2,4,6,4,2059,2063
25023526100,"Plymouth, MA (CT)",697,2317,3014,2102,5416,7518
25023530100,"Plymouth, MA (CT)",0,1632,1632,0,3808,3808
25023530200,"Plymouth, MA (CT)",0,1675,1675,0,3600,3600
25023530300,"Plymouth, MA (CT)",0,1910,1910,0,3782,3782
25023530400,"Plymouth, MA (CT)",19,2255,2274,50,5773,5823
25023530500,"Plymouth, MA (CT)",0,2528,2528,0,5680,5680
25023530600,"Plymouth, MA (CT)",832,1184,2016,1848,4516,6364
25023530700,"Plymouth, MA (CT)",1047,1492,2539,1695,2547,4242
25023530801,"Plymouth, MA (CT)",177,1990,2167,617,4970,5587
25023530802,"Plymouth, MA (CT)",0,2840,2840,0,4785,4785
25023530901,"Plymouth, MA (CT)",325,3043,3368,751,7577,8328
25023530902,"Plymouth, MA (CT)",343,1508,1851,978,3491,4469
25023540101,"Plymouth, MA (CT)",512,1019,1531,1363,2420,3783
25023540102,"Plymouth, MA (CT)",285,970,1255,760,1810,2570
25023540103,"Plymouth, MA (CT)",1030,361,1391,3085,1164,4249
25023541100,"Plymouth, MA (CT)",1794,91,1885,4959,273,5232
25023542101,"Plymouth, MA (CT)",1935,549,2484,5461,1670,7131
25023542102,"Plymouth, MA (CT)",723,238,961,2108,444,2552
25023542200,"Plymouth, MA (CT)",1117,1457,2574,2857,3257,6114
25023542300,"Plymouth, MA (CT)",0,3004,3004,0,7319,7319
25023543100,"Plymouth, MA (CT)",923,120,1043,2475,345,2820
25023544100,"Plymouth, MA (CT)",206,1767,1973,631,4998,5629
25023544200,"Plymouth, MA (CT)",893,1734,2627,2050,3830,5880
25023545100,"Plymouth, MA (CT)",178,2817,2995,508,5938,6446
25023545200,"Plymouth, MA (CT)",361,2280,2641,728,4941,5669
25023545300,"Plymouth, MA (CT)",57,3250,3307,5,4408,4413
25023545400,"Plymouth, MA (CT)",382,2931,3313,480,4814,5294
25023560100,"Plymouth, MA (CT)",1597,1665,3262,3160,2885,6045
25023561100,"Plymouth, MA (CT)",650,1795,2445,998,3909,4907
25023561200,"Plymouth, MA (CT)",0,226,226,0,2929,2929
25023990003,"Plymouth, MA (CT)",0,0,0,0,0,0
25025000100,"Suffolk, MA (CT)",0,1707,1707,0,4254,4254
25025000201,"Suffolk, MA (CT)",0,1618,1618,0,3854,3854
25025000202,"Suffolk, MA (CT)",0,1522,1522,0,3885,3885
25025000301,"Suffolk, MA (CT)",0,1219,1219,0,2740,2740
25025000302,"Suffolk, MA (CT)",0,1346,1346,0,3142,3142
25025000401,"Suffolk, MA (CT)",0,2965,2965,0,5672,5672
25025000402,"Suffolk, MA (CT)",0,1543,1543,0,3648,3648
25025000502,"Suffolk, MA (CT)",0,2041,2041,0,6303,6303
25025000503,"Suffolk, MA (CT)",0,1408,1408,0,2211,2211
25025000504,"Suffolk, MA (CT)",0,2726,2726,0,4985,4985
25025000601,"Suffolk, MA (CT)",0,1525,1525,0,3571,3571
25025000602,"Suffolk, MA (CT)",0,2035,2035,0,3974,3974
25025000701,"Suffolk, MA (CT)",0,2359,2359,0,4446,4446
25025000703,"Suffolk, MA (CT)",0,1418,1418,0,2791,2791
25025000704,"Suffolk, MA (CT)",0,2405,2405,0,4801,4801
25025000802,"Suffolk, MA (CT)",0,3129,3129,0,8136,8136
25025000803,"Suffolk, MA (CT)",0,946,946,0,6584,6584
25025010103,"Suffolk, MA (CT)",0,528,528,0,4569,4569
25025010104,"Suffolk, MA (CT)",0,2136,2136,0,4804,4804
25025010203,"Suffolk, MA (CT)",0,3663,3663,0,5569,5569
25025010204,"Suffolk, MA (CT)",0,1283,1283,0,3173,3173
25025010300,"Suffolk, MA (CT)",0,416,416,0,4861,4861
25025010403,"Suffolk, MA (CT)",0,2076,2076,0,3003,3003
25025010404,"Suffolk, MA (CT)",0,1862,1862,0,5817,5817
25025010405,"Suffolk, MA (CT)",0,994,994,0,5522,5522
25025010408,"Suffolk, MA (CT)",0,961,961,0,1426,1426
25025010500,"Suffolk, MA (CT)",0,1767,1767,0,3044,3044
25025010600,"Suffolk, MA (CT)",0,2325,2325,0,2858,2858
25025010701,"Suffolk, MA (CT)",0,1599,1599,0,2478,2478
25025010702,"Suffolk, MA (CT)",0,1643,1643,0,2400,2400
25025010801,"Suffolk, MA (CT)",0,1899,1899,0,2783,2783
25025010802,"Suffolk, MA (CT)",0,2106,2106,0,3059,3059
25025020101,"Suffolk, MA (CT)",0,2814,2814,0,4193,4193
25025020200,"Suffolk, MA (CT)",0,2478,2478,0,3649,3649
25025020301,"Suffolk, MA (CT)",0,1414,1414,0,2023,2023
25025020302,"Suffolk, MA (CT)",0,721,721,0,1181,1181
25025020303,"Suffolk, MA (CT)",0,1847,1847,0,3400,3400
25025030100,"Suffolk, MA (CT)",0,1377,1377,0,1954,1954
25025030200,"Suffolk, MA (CT)",0,1103,1103,0,1665,1665
25025030300,"Suffolk, MA (CT)",0,2960,2960,0,4872,4872
25025030400,"Suffolk, MA (CT)",0,1659,1659,0,2451,2451
25025030500,"Suffolk, MA (CT)",0,1656,1656,0,2538,2538
25025040100,"Suffolk, MA (CT)",0,1239,1239,0,2168,2168
25025040200,"Suffolk, MA (CT)",0,727,727,0,1606,1606
25025040300,"Suffolk, MA (CT)",0,2037,2037,0,3882,3882
25025040401,"Suffolk, MA (CT)",0,1222,1222,0,2439,2439
25025040600,"Suffolk, MA (CT)",0,1334,1334,0,2444,2444
25025040801,"Suffolk, MA (CT)",0,2089,2089,0,3900,3900
25025050101,"Suffolk, MA (CT)",0,1850,1850,0,5115,5115
25025050200,"Suffolk, MA (CT)",0,1834,1834,0,5231,5231
25025050300,"Suffolk, MA (CT)",0,1041,1041,0,2251,2251
25025050400,"Suffolk, MA (CT)",0,1035,1035,0,2372,2372
25025050500,"Suffolk, MA (CT)",0,702,702,0,1857,1857
25025050600,"Suffolk, MA (CT)",0,806,806,0,2063,2063
25025050700,"Suffolk, MA (CT)",0,1606,1606,0,4504,4504
25025050901,"Suffolk, MA (CT)",0,1446,1446,0,4165,4165
25025051000,"Suffolk, MA (CT)",0,1784,1784,0,4089,4089
25025051101,"Suffolk, MA (CT)",0,2345,2345,0,6093,6093
25025051200,"Suffolk, MA (CT)",0,1160,1160,0,2379,2379
25025060101,"Suffolk, MA (CT)",0,1684,1684,0,3216,3216
25025060200,"Suffolk, MA (CT)",0,999,999,0,1916,1916
25025060301,"Suffolk, MA (CT)",0,1647,1647,0,3076,3076
25025060400,"Suffolk, MA (CT)",0,2543,2543,0,4904,4904
25025060501,"Suffolk, MA (CT)",0,1942,1942,0,3571,3571
25025060600,"Suffolk, MA (CT)",0,1530,1530,0,2357,2357
25025060700,"Suffolk, MA (CT)",0,636,636,0,1893,1893
25025060800,"Suffolk, MA (CT)",0,2142,2142,0,3964,3964
25025061000,"Suffolk, MA (CT)",0,1408,1408,0,3098,3098
25025061101,"Suffolk, MA (CT)",0,1044,1044,0,2232,2232
25025061200,"Suffolk, MA (CT)",0,2041,2041,0,3240,3240
25025070101,"Suffolk, MA (CT)",0,3383,3383,0,5902,5902
25025070200,"Suffolk, MA (CT)",0,1690,1690,0,5218,5218
25025070300,"Suffolk, MA (CT)",0,2706,2706,0,3909,3909
25025070402,"Suffolk, MA (CT)",0,680,680,0,1723,1723
25025070500,"Suffolk, MA (CT)",0,3066,3066,0,5460,5460
25025070600,"Suffolk, MA (CT)",0,1309,1309,0,2240,2240
25025070700,"Suffolk, MA (CT)",0,1366,1366,0,2361,2361
25025070800,"Suffolk, MA (CT)",0,2156,2156,0,3706,3706
25025070900,"Suffolk, MA (CT)",0,1798,1798,0,3329,3329
25025071101,"Suffolk, MA (CT)",0,2185,2185,0,3753,3753
25025071201,"Suffolk, MA (CT)",0,1399,1399,0,3131,3131
25025080100,"Suffolk, MA (CT)",0,744,744,0,3350,3350
25025080300,"Suffolk, MA (CT)",0,791,791,0,1769,1769
25025080401,"Suffolk, MA (CT)",0,1249,1249,0,2710,2710
25025080500,"Suffolk, MA (CT)",0,1323,1323,0,3096,3096
25025080601,"Suffolk, MA (CT)",0,920,920,0,4271,4271
25025080801,"Suffolk, MA (CT)",0,946,946,0,3885,3885
25025080900,"Suffolk, MA (CT)",0,1776,1776,0,4008,4008
25025081001,"Suffolk, MA (CT)",0,2287,2287,0,4890,4890
25025081100,"Suffolk, MA (CT)",0,1781,1781,0,4091,4091
25025081200,"Suffolk, MA (CT)",0,1232,1232,0,3265,3265
25025081300,"Suffolk, MA (CT)",0,2111,2111,0,4760,4760
25025081400,"Suffolk, MA (CT)",0,1462,1462,0,3003,3003
25025081500,"Suffolk, MA (CT)",0,905,905,0,2134,2134
25025081700,"Suffolk, MA (CT)",0,1599,1599,0,3820,3820
25025081800,"Suffolk, MA (CT)",0,1388,1388,0,2898,2898
25025081900,"Suffolk, MA (CT)",0,1397,1397,0,3115,3115
25025082000,"Suffolk, MA (CT)",0,1278,1278,0,2815,2815
25025082100,"Suffolk, MA (CT)",0,2117,2117,0,5025,5025
25025090100,"Suffolk, MA (CT)",0,1863,1863,0,4571,4571
25025090200,"Suffolk, MA (CT)",0,830,830,0,2233,2233
25025090300,"Suffolk, MA (CT)",0,1268,1268,0,3179,3179
25025090400,"Suffolk, MA (CT)",0,1294,1294,0,3659,3659
25025090600,"Suffolk, MA (CT)",0,793,793,0,2348,2348
25025090700,"Suffolk, MA (CT)",0,1990,1990,0,4275,4275
25025090901,"Suffolk, MA (CT)",0,1640,1640,0,3730,3730
25025091001,"Suffolk, MA (CT)",0,1315,1315,0,2742,2742
25025091100,"Suffolk, MA (CT)",0,1966,1966,0,4861,4861
25025091200,"Suffolk, MA (CT)",0,1239,1239,0,3234,3234
25025091300,"Suffolk, MA (CT)",0,868,868,0,2499,2499
25025091400,"Suffolk, MA (CT)",0,939,939,0,2741,2741
25025091500,"Suffolk, MA (CT)",0,1653,1653,0,4370,4370
25025091600,"Suffolk, MA (CT)",0,1165,1165,0,3138,3138
25025091700,"Suffolk, MA (CT)",0,1050,1050,0,3069,3069
25025091800,"Suffolk, MA (CT)",0,1214,1214,0,3452,3452
25025091900,"Suffolk, MA (CT)",0,1380,1380,0,3860,3860
25025092000,"Suffolk, MA (CT)",0,1693,1693,0,4945,4945
25025092101,"Suffolk, MA (CT)",0,2454,2454,0,6451,6451
25025092200,"Suffolk, MA (CT)",0,1227,1227,0,3349,3349
25025092300,"Suffolk, MA (CT)",0,1077,1077,0,2893,2893
25025092400,"Suffolk, MA (CT)",0,2065,2065,0,5277,5277
25025100100,"Suffolk, MA (CT)",0,2047,2047,0,5510,5510
25025100200,"Suffolk, MA (CT)",0,1013,1013,0,2787,2787
25025100300,"Suffolk, MA (CT)",0,1262,1262,0,3303,3303
25025100400,"Suffolk, MA (CT)",0,1830,1830,0,4865,4865
25025100500,"Suffolk, MA (CT)",0,2383,2383,0,5989,5989
25025100601,"Suffolk, MA (CT)",0,2192,2192,0,5154,5154
25025100603,"Suffolk, MA (CT)",0,840,840,0,1904,1904
25025100700,"Suffolk, MA (CT)",0,1975,1975,0,4322,4322
25025100800,"Suffolk, MA (CT)",0,2702,2702,0,5546,5546
25025100900,"Suffolk, MA (CT)",0,1729,1729,0,4072,4072
25025101001,"Suffolk, MA (CT)",0,2266,2266,0,5480,5480
25025101002,"Suffolk, MA (CT)",0,2149,2149,0,4979,4979
25025101101,"Suffolk, MA (CT)",0,1160,1160,0,3155,3155
25025101102,"Suffolk, MA (CT)",0,1672,1672,0,4396,4396
25025110103,"Suffolk, MA (CT)",0,2353,2353,0,5460,5460
25025110201,"Suffolk, MA (CT)",0,874,874,0,2051,2051
25025110301,"Suffolk, MA (CT)",0,955,955,0,2405,2405
25025110401,"Suffolk, MA (CT)",0,1362,1362,0,3566,3566
25025110403,"Suffolk, MA (CT)",0,1767,1767,0,4309,4309
25025110501,"Suffolk, MA (CT)",0,1371,1371,0,3253,3253
25025110502,"Suffolk, MA (CT)",0,1684,1684,0,3806,3806
25025110601,"Suffolk, MA (CT)",0,1295,1295,0,2969,2969
25025110607,"Suffolk, MA (CT)",0,2227,2227,0,5077,5077
25025120103,"Suffolk, MA (CT)",0,696,696,0,1508,1508
25025120104,"Suffolk, MA (CT)",0,1060,1060,0,2095,2095
25025120105,"Suffolk, MA (CT)",0,953,953,0,2444,2444
25025120201,"Suffolk, MA (CT)",0,1726,1726,0,3439,3439
25025120301,"Suffolk, MA (CT)",0,1895,1895,0,4795,4795
25025120400,"Suffolk, MA (CT)",0,2825,2825,0,5751,5751
25025120500,"Suffolk, MA (CT)",0,905,905,0,2331,2331
25025120600,"Suffolk, MA (CT)",0,1103,1103,0,2335,2335
25025120700,"Suffolk, MA (CT)",0,1044,1044,0,2014,2014
25025130100,"Suffolk, MA (CT)",0,2816,2816,0,5906,5906
25025130200,"Suffolk, MA (CT)",0,1914,1914,0,4506,4506
25025130300,"Suffolk, MA (CT)",0,1811,1811,0,4419,4419
25025130402,"Suffolk, MA (CT)",0,2196,2196,0,4637,4637
25025130404,"Suffolk, MA (CT)",0,1322,1322,0,2901,2901
25025130406,"Suffolk, MA (CT)",0,2192,2192,0,5107,5107
25025140102,"Suffolk, MA (CT)",0,1654,1654,0,4401,4401
25025140105,"Suffolk, MA (CT)",0,1324,1324,0,3675,3675
25025140106,"Suffolk, MA (CT)",0,898,898,0,1901,1901
25025140107,"Suffolk, MA (CT)",0,1051,1051,0,2531,2531
25025140201,"Suffolk, MA (CT)",0,935,935,0,2072,2072
25025140202,"Suffolk, MA (CT)",0,2081,2081,0,5600,5600
25025140300,"Suffolk, MA (CT)",0,2525,2525,0,6382,6382
25025140400,"Suffolk, MA (CT)",0,2906,2906,0,7650,7650
25025160101,"Suffolk, MA (CT)",0,2159,2159,0,7551,7551
25025160200,"Suffolk, MA (CT)",0,1225,1225,0,4043,4043
25025160300,"Suffolk, MA (CT)",0,1279,1279,0,2065,2065
25025160400,"Suffolk, MA (CT)",0,1028,1028,0,2716,2716
25025160501,"Suffolk, MA (CT)",0,1971,1971,0,5604,5604
25025160502,"Suffolk, MA (CT)",0,1589,1589,0,4460,4460
25025160601,"Suffolk, MA (CT)",0,1570,1570,0,4063,4063
25025160602,"Suffolk, MA (CT)",0,1800,1800,0,4675,4675
25025170100,"Suffolk, MA (CT)",0,3064,3064,0,7560,7560
25025170200,"Suffolk, MA (CT)",0,1814,1814,0,4564,4564
25025170300,"Suffolk, MA (CT)",0,3816,3816,0,9040,9040
25025170400,"Suffolk, MA (CT)",0,2332,2332,0,5379,5379
25025170501,"Suffolk, MA (CT)",0,1927,1927,0,3435,3435
25025170502,"Suffolk, MA (CT)",0,1548,1548,0,2818,2818
25025170601,"Suffolk, MA (CT)",0,2007,2007,0,5105,5105
25025170701,"Suffolk, MA (CT)",0,1053,1053,0,2099,2099
25025170702,"Suffolk, MA (CT)",0,2319,2319,0,6628,6628
25025170800,"Suffolk, MA (CT)",0,2217,2217,0,5118,5118
25025180101,"Suffolk, MA (CT)",0,2502,2502,0,4766,4766
25025180200,"Suffolk, MA (CT)",0,1794,1794,0,4109,4109
25025180301,"Suffolk, MA (CT)",0,1228,1228,0,3024,3024
25025180400,"Suffolk, MA (CT)",0,782,782,0,1715,1715
25025180500,"Suffolk, MA (CT)",0,2014,2014,0,3883,3883
25025980101,"Suffolk, MA (CT)",0,0,0,535,0,535
25025980300,"Suffolk, MA (CT)",0,2,2,0,338,338
25025980700,"Suffolk, MA (CT)",0,5,5,0,6,6
25025981000,"Suffolk, MA (CT)",0,5,5,0,22,22
25025981100,"Suffolk, MA (CT)",0,136,136,0,418,418
25025981201,"Suffolk, MA (CT)",0,0,0,0,0,0
25025981202,"Suffolk, MA (CT)",0,0,0,0,207,207
25025981300,"Suffolk, MA (CT)",0,245,245,0,389,389
25025981501,"Suffolk, MA (CT)",0,0,0,0,12,12
25025981502,"Suffolk, MA (CT)",0,3,3,0,9,9
25025981600,"Suffolk, MA (CT)",0,0,0,0,0,0
25025981700,"Suffolk, MA (CT)",0,0,0,0,0,0
25025981800,"Suffolk, MA (CT)",0,49,49,0,82,82
25025990101,"Suffolk, MA (CT)",0,0,0,0,0,0
25027700100,"Worcester, MA (CT)",2369,230,2599,5479,602,6081
25027701100,"Worcester, MA (CT)",1386,2060,3446,3397,4943,8340
25027702200,"Worcester, MA (CT)",916,411,1327,2200,1018,3218
25027703100,"Worcester, MA (CT)",309,1679,1988,696,3627,4323
25027703200,"Worcester, MA (CT)",328,1272,1600,816,2742,3558
25027703300,"Worcester, MA (CT)",884,759,1643,2087,1616,3703
25027704200,"Worcester, MA (CT)",1348,0,1348,2916,0,2916
25027705100,"Worcester, MA (CT)",1544,1595,3139,3928,4085,8013
25027706100,"Worcester, MA (CT)",1662,0,1662,4382,0,4382
25027707100,"Worcester, MA (CT)",121,1616,1737,286,3623,3909
25027707200,"Worcester, MA (CT)",0,970,970,0,1839,1839
25027707300,"Worcester, MA (CT)",0,2235,2235,0,3931,3931
25027707400,"Worcester, MA (CT)",171,1888,2059,382,4209,4591
25027707500,"Worcester, MA (CT)",132,1993,2125,319,5639,5958
25027708100,"Worcester, MA (CT)",1522,1438,2960,4053,3224,7277
25027709100,"Worcester, MA (CT)",415,1149,1564,1185,2881,4066
25027709201,"Worcester, MA (CT)",17,2825,2842,36,6885,6921
25027709202,"Worcester, MA (CT)",13,3130,3143,34,6795,6829
25027709400,"Worcester, MA (CT)",0,2128,2128,0,4750,4750
25027709501,"Worcester, MA (CT)",0,809,809,0,2149,2149
25027709502,"Worcester, MA (CT)",0,2488,2488,0,5670,5670
25027709600,"Worcester, MA (CT)",0,1153,1153,0,2423,2423
25027709701,"Worcester, MA (CT)",0,2557,2557,0,5609,5609
25027709702,"Worcester, MA (CT)",0,1189,1189,0,2342,2342
25027710100,"Worcester, MA (CT)",0,1507,1507,0,3435,3435
25027710200,"Worcester, MA (CT)",85,2912,2997,205,6554,6759
25027710300,"Worcester, MA (CT)",266,1021,1287,716,2508,3224
25027710400,"Worcester, MA (CT)",0,919,919,0,2149,2149
25027710500,"Worcester, MA (CT)",0,1501,1501,0,3246,3246
25027710600,"Worcester, MA (CT)",0,2919,2919,0,6594,6594
25027710700,"Worcester, MA (CT)",0,1113,1113,0,1580,1580
25027710800,"Worcester, MA (CT)",0,1940,1940,0,4539,4539
25027711000,"Worcester, MA (CT)",0,1289,1289,0,3080,3080
25027711100,"Worcester, MA (CT)",788,857,1645,2163,3549,5712
25027712101,"Worcester, MA (CT)",520,2012,2532,1318,4637,5955
25027712102,"Worcester, MA (CT)",651,950,1601,1734,2397,4131
25027713100,"Worcester, MA (CT)",937,1677,2614,2550,5505,8055
25027715100,"Worcester, MA (CT)",1643,95,1738,4612,285,4897
25027716100,"Worcester, MA (CT)",4,3395,3399,5,7553,7558
25027716200,"Worcester, MA (CT)",0,1352,1352,0,2820,2820
25027716300,"Worcester, MA (CT)",0,1646,1646,0,3228,3228
25027717100,"Worcester, MA (CT)",738,451,1189,1874,992,2866
25027718100,"Worcester, MA (CT)",744,1034,1778,1938,2417,4355
25027719100,"Worcester, MA (CT)",1721,1244,2965,4701,3107,7808
25027720100,"Worcester, MA (CT)",1339,0,1339,3413,0,3413
25027721101,"Worcester, MA (CT)",711,0,711,1902,0,1902
25027721102,"Worcester, MA (CT)",1730,1260,2990,4565,3408,7973
25027722100,"Worcester, MA (CT)",2176,0,2176,5398,0,5398
25027723100,"Worcester, MA (CT)",1417,191,1608,3581,408,3989
25027724100,"Worcester, MA (CT)",744,955,1699,1749,1952,3701
25027725100,"Worcester, MA (CT)",755,1303,2058,1898,2782,4680
25027726100,"Worcester, MA (CT)",1550,947,2497,3961,2027,5988
25027726200,"Worcester, MA (CT)",0,2798,2798,0,5700,5700
25027727100,"Worcester, MA (CT)",765,834,1599,2676,2130,4806
25027728100,"Worcester, MA (CT)",476,1085,1561,1385,2741,4126
25027728200,"Worcester, MA (CT)",0,1455,1455,0,3713,3713
25027728300,"Worcester, MA (CT)",0,1758,1758,0,4544,4544
25027728400,"Worcester, MA (CT)",557,1315,1872,1441,3522,4963
25027729100,"Worcester, MA (CT)",343,1254,1597,889,4108,4997
25027729200,"Worcester, MA (CT)",0,1149,1149,0,2672,2672
25027730100,"Worcester, MA (CT)",0,2459,2459,0,5923,5923
25027730200,"Worcester, MA (CT)",0,2477,2477,0,5583,5583
25027730300,"Worcester, MA (CT)",0,2123,2123,0,4559,4559
25027730401,"Worcester, MA (CT)",0,2453,2453,0,5444,5444
25027730402,"Worcester, MA (CT)",0,676,676,0,1660,1660
25027730500,"Worcester, MA (CT)",0,1692,1692,0,3535,3535
25027730600,"Worcester, MA (CT)",0,3007,3007,0,8799,8799
25027730700,"Worcester, MA (CT)",0,2804,2804,0,6803,6803
25027730801,"Worcester, MA (CT)",0,1557,1557,0,3665,3665
25027730802,"Worcester, MA (CT)",0,855,855,0,2046,2046
25027730901,"Worcester, MA (CT)",0,1503,1503,0,3404,3404
25027730902,"Worcester, MA (CT)",0,1158,1158,0,3716,3716
25027731001,"Worcester, MA (CT)",0,823,823,0,2229,2229
25027731002,"Worcester, MA (CT)",0,2619,2619,0,6402,6402
25027731101,"Worcester, MA (CT)",0,1625,1625,0,3949,3949
25027731102,"Worcester, MA (CT)",0,1063,1063,0,2511,2511
25027731202,"Worcester, MA (CT)",0,1,1,0,1111,1111
25027731203,"Worcester, MA (CT)",0,2276,2276,0,5198,5198
25027731204,"Worcester, MA (CT)",0,868,868,0,2498,2498
25027731300,"Worcester, MA (CT)",0,1504,1504,0,3841,3841
25027731400,"Worcester, MA (CT)",0,1775,1775,0,4673,4673
25027731500,"Worcester, MA (CT)",0,2136,2136,0,5174,5174
25027731600,"Worcester, MA (CT)",0,2656,2656,0,7357,7357
25027731700,"Worcester, MA (CT)",0,1511,1511,0,2761,2761
25027731800,"Worcester, MA (CT)",0,2957,2957,0,6172,6172
25027731900,"Worcester, MA (CT)",0,2255,2255,0,5227,5227
25027732001,"Worcester, MA (CT)",0,1170,1170,0,3327,3327
25027732002,"Worcester, MA (CT)",0,1673,1673,0,4036,4036
25027732201,"Worcester, MA (CT)",0,1510,1510,0,2820,2820
25027732202,"Worcester, MA (CT)",0,1372,1372,0,3240,3240
25027732203,"Worcester, MA (CT)",0,1262,1262,0,2853,2853
25027732301,"Worcester, MA (CT)",0,1827,1827,0,4155,4155
25027732302,"Worcester, MA (CT)",0,1716,1716,0,3902,3902
25027732400,"Worcester, MA (CT)",0,2458,2458,0,6459,6459
25027732500,"Worcester, MA (CT)",0,821,821,0,1776,1776
25027732600,"Worcester, MA (CT)",0,1897,1897,0,4253,4253
25027732700,"Worcester, MA (CT)",0,1849,1849,0,3938,3938
25027732801,"Worcester, MA (CT)",0,2369,2369,0,4829,4829
25027732802,"Worcester, MA (CT)",0,1698,1698,0,4122,4122
25027732901,"Worcester, MA (CT)",0,2965,2965,0,6592,6592
25027732902,"Worcester, MA (CT)",0,25,25,0,2459,2459
25027733000,"Worcester, MA (CT)",0,1396,1396,0,3762,3762
25027733101,"Worcester, MA (CT)",0,860,860,0,2058,2058
25027733102,"Worcester, MA (CT)",0,944,944,0,2224,2224
25027735100,"Worcester, MA (CT)",578,2011,2589,1550,5163,6713
25027735200,"Worcester, MA (CT)",489,1192,1681,1338,2919,4257
25027736100,"Worcester, MA (CT)",158,850,1008,546,2054,2600
25027736200,"Worcester, MA (CT)",0,1535,1535,0,3722,3722
25027736300,"Worcester, MA (CT)",0,1008,1008,0,2426,2426
25027736400,"Worcester, MA (CT)",0,1283,1283,0,3071,3071
25027736500,"Worcester, MA (CT)",77,1929,2006,212,4157,4369
25027737100,"Worcester, MA (CT)",475,1710,2185,1205,3911,5116
25027737200,"Worcester, MA (CT)",0,931,931,0,1747,1747
25027737300,"Worcester, MA (CT)",0,2511,2511,0,6398,6398
25027738100,"Worcester, MA (CT)",0,1878,1878,0,4636,4636
25027738201,"Worcester, MA (CT)",0,1592,1592,0,4075,4075
25027738202,"Worcester, MA (CT)",270,2124,2394,770,5225,5995
25027739100,"Worcester, MA (CT)",0,3611,3611,0,9557,9557
25027739200,"Worcester, MA (CT)",0,2695,2695,0,5958,5958
25027739300,"Worcester, MA (CT)",0,1619,1619,0,3688,3688
25027739400,"Worcester, MA (CT)",0,3363,3363,0,8851,8851
25027739500,"Worcester, MA (CT)",0,2699,2699,0,7554,7554
25027740101,"Worcester, MA (CT)",249,1564,1813,765,4426,5191
25027740102,"Worcester, MA (CT)",89,2153,2242,175,5878,6053
25027740200,"Worcester, MA (CT)",0,1259,1259,0,2911,2911
25027741101,"Worcester, MA (CT)",0,1711,1711,0,4478,4478
25027741102,"Worcester, MA (CT)",16,1733,1749,57,5232,5289
25027742300,"Worcester, MA (CT)",0,1842,1842,0,4045,4045
25027742401,"Worcester, MA (CT)",140,1649,1789,439,4982,5421
25027742402,"Worcester, MA (CT)",0,1233,1233,0,3026,3026
25027743100,"Worcester, MA (CT)",1139,1693,2832,3212,4330,7542
25027744101,"Worcester, MA (CT)",93,2840,2933,222,7223,7445
25027744102,"Worcester, MA (CT)",0,2024,2024,0,5258,5258
25027744200,"Worcester, MA (CT)",0,3112,3112,0,7484,7484
25027744300,"Worcester, MA (CT)",0,1698,1698,0,3838,3838
25027744400,"Worcester, MA (CT)",0,1645,1645,0,3974,3974
25027745100,"Worcester, MA (CT)",17,2268,2285,40,5871,5911
25027746100,"Worcester, MA (CT)",1158,933,2091,3210,2629,5839
25027747101,"Worcester, MA (CT)",0,2067,2067,0,5110,5110
25027747102,"Worcester, MA (CT)",220,1341,1561,646,3270,3916
25027748100,"Worcester, MA (CT)",277,885,1162,779,2411,3190
25027749100,"Worcester, MA (CT)",841,2047,2888,2494,5494,7988
25027749200,"Worcester, MA (CT)",10,2404,2414,23,5446,5469
25027750100,"Worcester, MA (CT)",0,2382,2382,0,6048,6048
25027750200,"Worcester, MA (CT)",265,2329,2594,692,6057,6749
25027750300,"Worcester, MA (CT)",0,1196,1196,0,2910,2910
25027751101,"Worcester, MA (CT)",649,1639,2288,1768,4451,6219
25027751102,"Worcester, MA (CT)",656,450,1106,1690,1054,2744
25027752100,"Worcester, MA (CT)",1923,1370,3293,5037,3434,8471
25027753100,"Worcester, MA (CT)",1139,1898,3037,3058,4400,7458
25027753200,"Worcester, MA (CT)",50,2454,2504,148,6103,6251
25027754100,"Worcester, MA (CT)",180,2836,3016,491,6011,6502
25027754200,"Worcester, MA (CT)",0,1683,1683,0,3462,3462
25027754300,"Worcester, MA (CT)",0,1585,1585,0,2960,2960
25027754400,"Worcester, MA (CT)",0,1727,1727,0,3843,3843
25027755100,"Worcester, MA (CT)",0,1556,1556,0,3300,3300
25027755200,"Worcester, MA (CT)",961,1886,2847,2375,5715,8090
25027756101,"Worcester, MA (CT)",1036,856,1892,2467,2045,4512
25027756102,"Worcester, MA (CT)",2405,588,2993,6791,1678,8469
25027757100,"Worcester, MA (CT)",50,1965,2015,119,4395,4514
25027757200,"Worcester, MA (CT)",0,1087,1087,0,2293,2293
25027757300,"Worcester, MA (CT)",0,1346,1346,0,2871,2871
25027757400,"Worcester, MA (CT)",0,1180,1180,0,2707,2707
25027757500,"Worcester, MA (CT)",806,1093,1899,1944,2390,4334
25027758101,"Worcester, MA (CT)",498,295,793,1129,521,1650
25027758102,"Worcester, MA (CT)",1221,1975,3196,3008,4610,7618
25027759100,"Worcester, MA (CT)",375,556,931,931,1252,2183
25027760100,"Worcester, MA (CT)",963,530,1493,2258,1132,3390
25027761100,"Worcester, MA (CT)",1226,985,2211,2951,2184,5135
25027761200,"Worcester, MA (CT)",173,2313,2486,462,5318,5780
25027761300,"Worcester, MA (CT)",0,1313,1313,0,3059,3059
25027761400,"Worcester, MA (CT)",1938,109,2047,4984,1536,6520
26001000100,"Alcona, MI (CT)",2293,0,2293,1807,0,1807
26001970100,"Alcona, MI (CT)",2011,0,2011,2549,0,2549
26001970400,"Alcona, MI (CT)",2058,0,2058,3013,0,3013
26001970500,"Alcona, MI (CT)",3160,0,3160,2092,0,2092
26001970600,"Alcona, MI (CT)",1339,212,1551,1363,118,1481
26001990000,"Alcona, MI (CT)",0,0,0,0,0,0
26003000100,"Alger, MI (CT)",1677,801,2478,2313,1556,3869
26003000200,"Alger, MI (CT)",1891,195,2086,2361,381,2742
26003000300,"Alger, MI (CT)",1913,77,1990,1955,1035,2990
26003990000,"Alger, MI (CT)",0,0,0,0,0,0
26005030200,"Allegan, MI (CT)",989,527,1516,1920,1358,3278
26005030300,"Allegan, MI (CT)",2763,0,2763,7290,0,7290
26005030401,"Allegan, MI (CT)",1239,1299,2538,3569,3870,7439
26005030402,"Allegan, MI (CT)",1417,397,1814,3750,1070,4820
26005030500,"Allegan, MI (CT)",1207,1877,3084,2948,4333,7281
26005030600,"Allegan, MI (CT)",1915,0,1915,4957,0,4957
26005030702,"Allegan, MI (CT)",1968,0,1968,4763,0,4763
26005030703,"Allegan, MI (CT)",1126,0,1126,2652,0,2652
26005030704,"Allegan, MI (CT)",1755,0,1755,4419,0,4419
26005030800,"Allegan, MI (CT)",1660,2071,3731,2580,2521,5101
26005030901,"Allegan, MI (CT)",1819,156,1975,2736,101,2837
26005030902,"Allegan, MI (CT)",1625,0,1625,2519,0,2519
26005031000,"Allegan, MI (CT)",3105,0,3105,6214,0,6214
26005031100,"Allegan, MI (CT)",2449,516,2965,5340,1069,6409
26005031200,"Allegan, MI (CT)",104,2305,2409,244,5253,5497
26005031300,"Allegan, MI (CT)",1831,17,1848,4670,22,4692
26005031800,"Allegan, MI (CT)",884,1029,1913,2192,2294,4486
26005031900,"Allegan, MI (CT)",362,1725,2087,945,4062,5007
26005032000,"Allegan, MI (CT)",620,1523,2143,1633,3627,5260
26005032100,"Allegan, MI (CT)",1093,753,1846,2739,1757,4496
26005032200,"Allegan, MI (CT)",0,2435,2435,0,5286,5286
26005032401,"Allegan, MI (CT)",61,552,613,155,1365,1520
26005032402,"Allegan, MI (CT)",1426,84,1510,3587,164,3751
26005032600,"Allegan, MI (CT)",0,742,742,0,1434,1434
26005990000,"Allegan, MI (CT)",0,0,0,0,0,0
26007000100,"Alpena, MI (CT)",3052,0,3052,4660,0,4660
26007000200,"Alpena, MI (CT)",2193,44,2237,4332,99,4431
26007000300,"Alpena, MI (CT)",1911,13,1924,3125,79,3204
26007000400,"Alpena, MI (CT)",0,1464,1464,0,2989,2989
26007000500,"Alpena, MI (CT)",0,1022,1022,0,2104,2104
26007000600,"Alpena, MI (CT)",374,1201,1575,754,2516,3270
26007000700,"Alpena, MI (CT)",236,1180,1416,534,2198,2732
26007000800,"Alpena, MI (CT)",0,1714,1714,0,3298,3298
26007000900,"Alpena, MI (CT)",1150,499,1649,1935,975,2910
26007990000,"Alpena, MI (CT)",0,0,0,0,0,0
26009960100,"Antrim, MI (CT)",2142,0,2142,2602,0,2602
26009960200,"Antrim, MI (CT)",2074,0,2074,3388,0,3388
26009960300,"Antrim, MI (CT)",2278,0,2278,2727,0,2727
26009960400,"Antrim, MI (CT)",3046,0,3046,3361,0,3361
26009960500,"Antrim, MI (CT)",2804,0,2804,3212,0,3212
26009960600,"Antrim, MI (CT)",2511,0,2511,3290,0,3290
26009960700,"Antrim, MI (CT)",2969,0,2969,5000,0,5000
26009990000,"Antrim, MI (CT)",0,0,0,0,0,0
26011970100,"Arenac, MI (CT)",1739,0,1739,2378,0,2378
26011970200,"Arenac, MI (CT)",2030,0,2030,3441,0,3441
26011970300,"Arenac, MI (CT)",1502,0,1502,2872,0,2872
26011970400,"Arenac, MI (CT)",2472,0,2472,2959,0,2959
26011970500,"Arenac, MI (CT)",2060,0,2060,4249,0,4249
26011990000,"Arenac, MI (CT)",0,0,0,0,0,0
26011990100,"Arenac, MI (CT)",0,0,0,0,0,0
26013000100,"Baraga, MI (CT)",2907,0,2907,4302,0,4302
26013000200,"Baraga, MI (CT)",2363,0,2363,4558,0,4558
26013990100,"Baraga, MI (CT)",0,0,0,0,0,0
26015010100,"Barry, MI (CT)",2614,0,2614,5719,0,5719
26015010200,"Barry, MI (CT)",2219,0,2219,5641,0,5641
26015010300,"Barry, MI (CT)",1680,1406,3086,4648,3236,7884
26015010401,"Barry, MI (CT)",1304,539,1843,2795,516,3311
26015010402,"Barry, MI (CT)",1121,1249,2370,1996,2069,4065
26015010500,"Barry, MI (CT)",1657,0,1657,3404,0,3404
26015010600,"Barry, MI (CT)",3429,0,3429,6617,0,6617
26015010700,"Barry, MI (CT)",2278,0,2278,4869,0,4869
26015010800,"Barry, MI (CT)",1398,0,1398,3378,0,3378
26015011300,"Barry, MI (CT)",1218,2158,3376,2882,4995,7877
26015011400,"Barry, MI (CT)",1444,1296,2740,3690,2718,6408
26017280300,"Bay, MI (CT)",0,647,647,0,1300,1300
26017280400,"Bay, MI (CT)",0,1478,1478,0,2978,2978
26017280500,"Bay, MI (CT)",0,1555,1555,0,3498,3498
26017280600,"Bay, MI (CT)",0,1242,1242,0,2812,2812
26017280700,"Bay, MI (CT)",0,1619,1619,0,3460,3460
26017280800,"Bay, MI (CT)",0,1588,1588,0,3591,3591
26017280900,"Bay, MI (CT)",0,1245,1245,0,2952,2952
26017281000,"Bay, MI (CT)",0,1881,1881,0,4028,4028
26017281300,"Bay, MI (CT)",0,1418,1418,0,3168,3168
26017285100,"Bay, MI (CT)",0,1527,1527,0,3478,3478
26017285201,"Bay, MI (CT)",505,2397,2902,1154,4680,5834
26017285202,"Bay, MI (CT)",446,1166,1612,1113,2705,3818
26017285300,"Bay, MI (CT)",1049,994,2043,2524,2223,4747
26017285400,"Bay, MI (CT)",809,846,1655,2005,1557,3562
26017285500,"Bay, MI (CT)",970,1951,2921,2371,4322,6693
26017285600,"Bay, MI (CT)",1158,1788,2946,2896,4120,7016
26017285700,"Bay, MI (CT)",645,1082,1727,1695,2347,4042
26017285800,"Bay, MI (CT)",0,2892,2892,0,6363,6363
26017285900,"Bay, MI (CT)",0,2427,2427,0,5085,5085
26017286000,"Bay, MI (CT)",46,1410,1456,94,3099,3193
26017286100,"Bay, MI (CT)",3146,73,3219,7540,193,7733
26017286200,"Bay, MI (CT)",2148,0,2148,4935,0,4935
26017286300,"Bay, MI (CT)",1725,0,1725,3738,0,3738
26017286400,"Bay, MI (CT)",1097,0,1097,2602,0,2602
26017286500,"Bay, MI (CT)",0,823,823,0,1796,1796
26017286600,"Bay, MI (CT)",0,2427,2427,0,5349,5349
26017990000,"Bay, MI (CT)",0,0,0,0,0,0
26019000100,"Benzie, MI (CT)",3689,0,3689,7367,0,7367
26019000200,"Benzie, MI (CT)",2270,0,2270,3150,0,3150
26019000300,"Benzie, MI (CT)",2182,0,2182,1850,0,1850
26019000400,"Benzie, MI (CT)",1894,0,1894,2051,0,2051
26019000500,"Benzie, MI (CT)",2164,0,2164,3107,0,3107
26019990000,"Benzie, MI (CT)",0,0,0,0,0,0
26021000300,"Berrien, MI (CT)",0,856,856,0,2045,2045
26021000400,"Berrien, MI (CT)",0,1114,1114,0,2141,2141
26021000500,"Berrien, MI (CT)",0,740,740,0,1896,1896
26021000600,"Berrien, MI (CT)",0,1405,1405,0,3450,3450
26021000700,"Berrien, MI (CT)",0,1373,1373,0,3078,3078
26021000800,"Berrien, MI (CT)",0,3088,3088,0,5312,5312
26021000900,"Berrien, MI (CT)",0,1056,1056,0,1985,1985
26021001000,"Berrien, MI (CT)",0,936,936,0,1870,1870
26021001100,"Berrien, MI (CT)",0,1649,1649,0,4003,4003
26021001300,"Berrien, MI (CT)",0,1116,1116,0,2110,2110
26021001400,"Berrien, MI (CT)",0,1880,1880,0,4397,4397
26021001500,"Berrien, MI (CT)",324,1575,1899,356,2892,3248
26021001600,"Berrien, MI (CT)",0,995,995,0,2394,2394
26021001700,"Berrien, MI (CT)",356,1472,1828,923,3726,4649
26021001800,"Berrien, MI (CT)",672,1151,1823,1581,3185,4766
26021001900,"Berrien, MI (CT)",561,411,972,1233,720,1953
26021002000,"Berrien, MI (CT)",0,1747,1747,0,3762,3762
26021002100,"Berrien, MI (CT)",0,1270,1270,0,2649,2649
26021002200,"Berrien, MI (CT)",0,1159,1159,0,2682,2682
26021002300,"Berrien, MI (CT)",0,833,833,0,2047,2047
26021002400,"Berrien, MI (CT)",765,90,855,1662,201,1863
26021002500,"Berrien, MI (CT)",255,841,1096,546,1718,2264
26021010100,"Berrien, MI (CT)",2117,117,2234,3441,230,3671
26021010200,"Berrien, MI (CT)",950,2373,3323,2218,4285,6503
26021010300,"Berrien, MI (CT)",555,1964,2519,1015,3822,4837
26021010400,"Berrien, MI (CT)",1332,0,1332,2852,0,2852
26021010500,"Berrien, MI (CT)",1008,0,1008,2312,0,2312
26021010600,"Berrien, MI (CT)",1651,382,2033,4190,894,5084
26021011000,"Berrien, MI (CT)",1228,0,1228,2801,0,2801
26021011100,"Berrien, MI (CT)",1513,1132,2645,2737,2529,5266
26021011200,"Berrien, MI (CT)",3677,0,3677,3100,0,3100
26021011300,"Berrien, MI (CT)",3431,739,4170,3674,595,4269
26021011400,"Berrien, MI (CT)",1300,0,1300,2567,0,2567
26021011500,"Berrien, MI (CT)",702,0,702,1452,0,1452
26021011600,"Berrien, MI (CT)",956,0,956,1943,0,1943
26021020100,"Berrien, MI (CT)",1282,6,1288,2664,10,2674
26021020200,"Berrien, MI (CT)",169,2321,2490,382,4923,5305
26021020300,"Berrien, MI (CT)",1041,81,1122,2460,197,2657
26021020400,"Berrien, MI (CT)",1053,649,1702,2460,1406,3866
26021020500,"Berrien, MI (CT)",0,1565,1565,0,3074,3074
26021020600,"Berrien, MI (CT)",0,1592,1592,0,3499,3499
26021020700,"Berrien, MI (CT)",0,1343,1343,0,2908,2908
26021020900,"Berrien, MI (CT)",0,1612,1612,0,3627,3627
26021021000,"Berrien, MI (CT)",95,2204,2299,226,4924,5150
26021021100,"Berrien, MI (CT)",0,833,833,0,2024,2024
26021021200,"Berrien, MI (CT)",0,730,730,0,1615,1615
26021021300,"Berrien, MI (CT)",0,1522,1522,0,4831,4831
26021021400,"Berrien, MI (CT)",1224,783,2007,2729,1633,4362
26021990000,"Berrien, MI (CT)",0,0,0,0,0,0
26023950100,"Branch, MI (CT)",1885,0,1885,4120,0,4120
26023950200,"Branch, MI (CT)",1794,0,1794,3669,0,3669
26023950300,"Branch, MI (CT)",1856,0,1856,3879,0,3879
26023950800,"Branch, MI (CT)",1049,636,1685,3158,1472,4630
26023950900,"Branch, MI (CT)",1191,269,1460,1572,620,2192
26023951000,"Branch, MI (CT)",2048,0,2048,2332,0,2332
26023951100,"Branch, MI (CT)",1918,0,1918,3072,0,3072
26023951200,"Branch, MI (CT)",1753,0,1753,4248,0,4248
26023951300,"Branch, MI (CT)",845,969,1814,1767,4652,6419
26023951400,"Branch, MI (CT)",0,1793,1793,0,4337,4337
26023951500,"Branch, MI (CT)",0,1298,1298,0,3044,3044
26023951600,"Branch, MI (CT)",262,1275,1537,555,2751,3306
26025000200,"Calhoun, MI (CT)",0,1932,1932,0,3946,3946
26025000300,"Calhoun, MI (CT)",0,1117,1117,0,2161,2161
26025000500,"Calhoun, MI (CT)",0,1410,1410,0,3259,3259
26025000600,"Calhoun, MI (CT)",0,1373,1373,0,3000,3000
26025000700,"Calhoun, MI (CT)",0,1239,1239,0,3345,3345
26025000800,"Calhoun, MI (CT)",0,1403,1403,0,3012,3012
26025000900,"Calhoun, MI (CT)",0,1672,1672,0,3441,3441
26025001000,"Calhoun, MI (CT)",141,1879,2020,317,3954,4271
26025001100,"Calhoun, MI (CT)",0,2077,2077,0,4185,4185
26025001200,"Calhoun, MI (CT)",0,1135,1135,0,2488,2488
26025001300,"Calhoun, MI (CT)",64,1854,1918,137,3955,4092
26025001400,"Calhoun, MI (CT)",0,1932,1932,0,4199,4199
26025001500,"Calhoun, MI (CT)",301,1932,2233,762,4637,5399
26025001600,"Calhoun, MI (CT)",0,1254,1254,0,2669,2669
26025001700,"Calhoun, MI (CT)",0,1947,1947,0,4287,4287
26025001800,"Calhoun, MI (CT)",0,3073,3073,0,5976,5976
26025001900,"Calhoun, MI (CT)",413,1303,1716,1089,2967,4056
26025002000,"Calhoun, MI (CT)",579,1705,2284,1350,3710,5060
26025002100,"Calhoun, MI (CT)",0,643,643,0,1184,1184
26025002200,"Calhoun, MI (CT)",1129,192,1321,2863,486,3349
26025002300,"Calhoun, MI (CT)",567,1125,1692,1400,2313,3713
26025002400,"Calhoun, MI (CT)",575,675,1250,1279,1512,2791
26025002500,"Calhoun, MI (CT)",720,778,1498,1760,1804,3564
26025002600,"Calhoun, MI (CT)",19,809,828,40,1845,1885
26025002700,"Calhoun, MI (CT)",2483,262,2745,5676,587,6263
26025002800,"Calhoun, MI (CT)",1915,0,1915,4495,0,4495
26025002900,"Calhoun, MI (CT)",1409,0,1409,3145,0,3145
26025003000,"Calhoun, MI (CT)",895,0,895,2125,0,2125
26025003100,"Calhoun, MI (CT)",1224,0,1224,3015,0,3015
26025003200,"Calhoun, MI (CT)",975,13,988,2315,19,2334
26025003300,"Calhoun, MI (CT)",107,899,1006,227,1994,2221
26025003400,"Calhoun, MI (CT)",86,648,734,169,2190,2359
26025003500,"Calhoun, MI (CT)",0,1039,1039,0,2675,2675
26025003600,"Calhoun, MI (CT)",0,1102,1102,0,2086,2086
26025003700,"Calhoun, MI (CT)",2225,0,2225,4834,0,4834
26025003800,"Calhoun, MI (CT)",1512,151,1663,3733,395,4128
26025003900,"Calhoun, MI (CT)",167,1827,1994,432,4126,4558
26025004000,"Calhoun, MI (CT)",468,1639,2107,1011,3162,4173
26025004100,"Calhoun, MI (CT)",0,1029,1029,0,2403,2403
26027001000,"Cass, MI (CT)",2215,0,2215,3798,0,3798
26027001100,"Cass, MI (CT)",753,495,1248,1910,1035,2945
26027001200,"Cass, MI (CT)",441,1124,1565,963,2241,3204
26027001500,"Cass, MI (CT)",624,1148,1772,1453,2305,3758
26027001600,"Cass, MI (CT)",2371,0,2371,3811,0,3811
26027001700,"Cass, MI (CT)",2727,0,2727,5283,0,5283
26027001800,"Cass, MI (CT)",1906,1351,3257,4898,3267,8165
26027001900,"Cass, MI (CT)",2416,711,3127,3200,1562,4762
26027002000,"Cass, MI (CT)",1300,844,2144,2639,1977,4616
26027002100,"Cass, MI (CT)",2391,365,2756,5100,815,5915
26027002200,"Cass, MI (CT)",1802,903,2705,4168,1868,6036
26029000100,"Charlevoix, MI (CT)",1135,0,1135,1650,0,1650
26029000200,"Charlevoix, MI (CT)",888,0,888,1297,0,1297
26029000300,"Charlevoix, MI (CT)",1391,100,1491,2033,159,2192
26029000400,"Charlevoix, MI (CT)",1255,681,1936,2015,747,2762
26029000500,"Charlevoix, MI (CT)",1016,0,1016,657,0,657
26029000800,"Charlevoix, MI (CT)",1107,337,1444,2192,736,2928
26029000900,"Charlevoix, MI (CT)",1473,302,1775,1606,207,1813
26029001000,"Charlevoix, MI (CT)",1272,0,1272,2362,0,2362
26029001100,"Charlevoix, MI (CT)",955,0,955,1876,0,1876
26029001200,"Charlevoix, MI (CT)",1255,356,1611,2325,774,3099
26029001300,"Charlevoix, MI (CT)",68,822,890,132,1233,1365
26029001400,"Charlevoix, MI (CT)",50,776,826,124,1245,1369
26029001500,"Charlevoix, MI (CT)",0,2010,2010,0,2579,2579
26029990000,"Charlevoix, MI (CT)",0,0,0,0,0,0
26031960100,"Cheboygan, MI (CT)",2300,0,2300,2979,0,2979
26031960200,"Cheboygan, MI (CT)",365,1184,1549,700,2282,2982
26031960300,"Cheboygan, MI (CT)",1035,1038,2073,1965,2235,4200
26031960400,"Cheboygan, MI (CT)",3005,0,3005,3629,0,3629
26031960500,"Cheboygan, MI (CT)",2462,0,2462,2750,0,2750
26031960600,"Cheboygan, MI (CT)",2466,0,2466,2475,0,2475
26031960700,"Cheboygan, MI (CT)",2027,0,2027,3358,0,3358
26031960800,"Cheboygan, MI (CT)",2416,0,2416,3779,0,3779
26031990000,"Cheboygan, MI (CT)",0,0,0,0,0,0
26033970100,"Chippewa, MI (CT)",1772,199,1971,2811,348,3159
26033970200,"Chippewa, MI (CT)",226,1440,1666,520,2988,3508
26033970300,"Chippewa, MI (CT)",0,1829,1829,0,3998,3998
26033970400,"Chippewa, MI (CT)",0,1206,1206,0,2597,2597
26033970500,"Chippewa, MI (CT)",489,1325,1814,970,3023,3993
26033970600,"Chippewa, MI (CT)",2694,73,2767,4639,160,4799
26033970700,"Chippewa, MI (CT)",2221,0,2221,1158,0,1158
26033970800,"Chippewa, MI (CT)",2237,0,2237,4003,0,4003
26033970900,"Chippewa, MI (CT)",94,970,1064,178,4333,4511
26033971000,"Chippewa, MI (CT)",2144,0,2144,2922,0,2922
26033971100,"Chippewa, MI (CT)",2334,0,2334,1650,0,1650
26033980100,"Chippewa, MI (CT)",0,0,0,0,0,0
26033980200,"Chippewa, MI (CT)",0,0,0,0,2222,2222
26033980300,"Chippewa, MI (CT)",0,0,0,0,0,0
26033990000,"Chippewa, MI (CT)",0,0,0,0,0,0
26033990100,"Chippewa, MI (CT)",0,0,0,0,0,0
26035000100,"Clare, MI (CT)",1937,0,1937,1628,0,1628
26035000200,"Clare, MI (CT)",1430,0,1430,1414,0,1414
26035000300,"Clare, MI (CT)",2671,0,2671,2470,0,2470
26035000400,"Clare, MI (CT)",1138,875,2013,1967,1775,3742
26035000500,"Clare, MI (CT)",1650,0,1650,1456,0,1456
26035000600,"Clare, MI (CT)",240,1630,1870,523,3337,3860
26035000700,"Clare, MI (CT)",2108,273,2381,2937,335,3272
26035000800,"Clare, MI (CT)",2051,14,2065,4240,43,4283
26035000900,"Clare, MI (CT)",1651,401,2052,1391,609,2000
26035001000,"Clare, MI (CT)",1474,674,2148,1816,993,2809
26035001300,"Clare, MI (CT)",1729,1287,3016,2005,1987,3992
26037010104,"Clinton, MI (CT)",386,1082,1468,845,2241,3086
26037010105,"Clinton, MI (CT)",236,1043,1279,604,2810,3414
26037010107,"Clinton, MI (CT)",0,1456,1456,0,3568,3568
26037010108,"Clinton, MI (CT)",0,1587,1587,0,4070,4070
26037010201,"Clinton, MI (CT)",287,655,942,670,1430,2100
26037010203,"Clinton, MI (CT)",0,846,846,0,1627,1627
26037010204,"Clinton, MI (CT)",287,393,680,702,1205,1907
26037010300,"Clinton, MI (CT)",1677,200,1877,4256,580,4836
26037010400,"Clinton, MI (CT)",1914,1,1915,5037,1,5038
26037010500,"Clinton, MI (CT)",1294,0,1294,3557,0,3557
26037010600,"Clinton, MI (CT)",986,0,986,2515,0,2515
26037010701,"Clinton, MI (CT)",857,0,857,2199,0,2199
26037010702,"Clinton, MI (CT)",953,0,953,2363,0,2363
26037010801,"Clinton, MI (CT)",61,1731,1792,154,3862,4016
26037010802,"Clinton, MI (CT)",115,1587,1702,219,3592,3811
26037010901,"Clinton, MI (CT)",723,308,1031,1926,971,2897
26037010902,"Clinton, MI (CT)",1723,0,1723,4500,0,4500
26037011001,"Clinton, MI (CT)",1442,0,1442,3795,0,3795
26037011002,"Clinton, MI (CT)",1331,0,1331,3460,0,3460
26037011101,"Clinton, MI (CT)",1051,538,1589,2657,1403,4060
26037011104,"Clinton, MI (CT)",184,2299,2483,438,4804,5242
26037011200,"Clinton, MI (CT)",0,1462,1462,0,3321,3321
26039960100,"Crawford, MI (CT)",2238,0,2238,2118,0,2118
26039960200,"Crawford, MI (CT)",1284,833,2117,1485,1847,3332
26039960300,"Crawford, MI (CT)",1491,942,2433,1947,2011,3958
26039960400,"Crawford, MI (CT)",2425,0,2425,2435,0,2435
26039960500,"Crawford, MI (CT)",1879,0,1879,2231,0,2231
26041970100,"Delta, MI (CT)",1773,0,1773,1631,0,1631
26041970200,"Delta, MI (CT)",2098,0,2098,2369,0,2369
26041970300,"Delta, MI (CT)",1759,0,1759,2510,0,2510
26041970400,"Delta, MI (CT)",1247,1209,2456,2720,2808,5528
26041970500,"Delta, MI (CT)",1459,471,1930,3237,1242,4479
26041970600,"Delta, MI (CT)",0,1968,1968,0,3974,3974
26041970700,"Delta, MI (CT)",1897,0,1897,3752,0,3752
26041970800,"Delta, MI (CT)",0,1964,1964,0,4093,4093
26041970900,"Delta, MI (CT)",0,1448,1448,0,2673,2673
26041971000,"Delta, MI (CT)",0,1307,1307,0,2717,2717
26041971100,"Delta, MI (CT)",0,1614,1614,0,3343,3343
26041990000,"Delta, MI (CT)",0,0,0,0,0,0
26041990100,"Delta, MI (CT)",0,0,0,0,0,0
26043950100,"Dickinson, MI (CT)",1708,0,1708,1743,0,1743
26043950200,"Dickinson, MI (CT)",2370,98,2468,3972,175,4147
26043950300,"Dickinson, MI (CT)",533,1748,2281,1191,3667,4858
26043950400,"Dickinson, MI (CT)",194,2086,2280,439,3930,4369
26043950500,"Dickinson, MI (CT)",0,1534,1534,0,3102,3102
26043950600,"Dickinson, MI (CT)",93,1961,2054,216,4126,4342
26043950700,"Dickinson, MI (CT)",435,1230,1665,1013,2594,3607
26045020101,"Eaton, MI (CT)",0,1128,1128,0,2829,2829
26045020102,"Eaton, MI (CT)",0,1902,1902,0,3150,3150
26045020103,"Eaton, MI (CT)",0,1875,1875,0,4334,4334
26045020104,"Eaton, MI (CT)",0,1588,1588,0,3661,3661
26045020201,"Eaton, MI (CT)",0,1251,1251,0,2734,2734
26045020202,"Eaton, MI (CT)",82,1805,1887,190,4044,4234
26045020302,"Eaton, MI (CT)",485,1915,2400,1297,4852,6149
26045020303,"Eaton, MI (CT)",7,1892,1899,16,3473,3489
26045020304,"Eaton, MI (CT)",0,2595,2595,0,4821,4821
26045020402,"Eaton, MI (CT)",49,1125,1174,137,2736,2873
26045020403,"Eaton, MI (CT)",0,1301,1301,0,2850,2850
26045020404,"Eaton, MI (CT)",284,1751,2035,665,3571,4236
26045020500,"Eaton, MI (CT)",1397,0,1397,3538,0,3538
26045020601,"Eaton, MI (CT)",362,1180,1542,908,2760,3668
26045020602,"Eaton, MI (CT)",1352,41,1393,3397,95,3492
26045020700,"Eaton, MI (CT)",1714,0,1714,4050,0,4050
26045020800,"Eaton, MI (CT)",2076,0,2076,4992,0,4992
26045020901,"Eaton, MI (CT)",0,1505,1505,0,3142,3142
26045020902,"Eaton, MI (CT)",0,1851,1851,0,4243,4243
26045021001,"Eaton, MI (CT)",801,898,1699,1952,2439,4391
26045021002,"Eaton, MI (CT)",1671,0,1671,4226,0,4226
26045021100,"Eaton, MI (CT)",1964,0,1964,5408,0,5408
26045021201,"Eaton, MI (CT)",1219,13,1232,3119,41,3160
26045021202,"Eaton, MI (CT)",1294,17,1311,3407,30,3437
26045021301,"Eaton, MI (CT)",299,991,1290,736,2227,2963
26045021302,"Eaton, MI (CT)",0,1437,1437,0,3110,3110
26045021401,"Eaton, MI (CT)",483,1511,1994,1123,2852,3975
26045021402,"Eaton, MI (CT)",724,1215,1939,1757,2847,4604
26047970100,"Emmet, MI (CT)",1940,0,1940,2223,0,2223
26047970200,"Emmet, MI (CT)",2774,0,2774,5371,0,5371
26047970300,"Emmet, MI (CT)",3708,0,3708,4139,0,4139
26047970400,"Emmet, MI (CT)",2564,47,2611,2728,40,2768
26047970500,"Emmet, MI (CT)",2392,137,2529,4560,146,4706
26047970600,"Emmet, MI (CT)",2350,386,2736,4852,971,5823
26047970700,"Emmet, MI (CT)",270,2007,2277,455,3276,3731
26047970800,"Emmet, MI (CT)",397,2332,2729,156,3777,3933
26047990000,"Emmet, MI (CT)",0,0,0,0,0,0
26049000100,"Genesee, MI (CT)",0,1266,1266,0,2799,2799
26049000200,"Genesee, MI (CT)",0,1054,1054,0,1863,1863
26049000300,"Genesee, MI (CT)",0,1366,1366,0,2830,2830
26049000400,"Genesee, MI (CT)",0,965,965,0,1855,1855
26049000500,"Genesee, MI (CT)",0,899,899,0,2108,2108
26049000600,"Genesee, MI (CT)",0,1420,1420,0,2691,2691
26049000700,"Genesee, MI (CT)",0,1418,1418,0,2997,2997
26049000800,"Genesee, MI (CT)",0,785,785,0,1316,1316
26049000900,"Genesee, MI (CT)",0,1899,1899,0,3885,3885
26049001000,"Genesee, MI (CT)",0,1386,1386,0,2583,2583
26049001100,"Genesee, MI (CT)",0,1303,1303,0,2512,2512
26049001200,"Genesee, MI (CT)",0,1474,1474,0,3350,3350
26049001300,"Genesee, MI (CT)",0,1412,1412,0,3126,3126
26049001400,"Genesee, MI (CT)",0,708,708,0,1388,1388
26049001500,"Genesee, MI (CT)",0,871,871,0,1566,1566
26049001600,"Genesee, MI (CT)",0,2339,2339,0,4670,4670
26049001700,"Genesee, MI (CT)",0,935,935,0,1836,1836
26049001800,"Genesee, MI (CT)",0,1008,1008,0,1913,1913
26049001900,"Genesee, MI (CT)",0,1055,1055,0,2524,2524
26049002000,"Genesee, MI (CT)",0,813,813,0,1279,1279
26049002200,"Genesee, MI (CT)",0,1467,1467,0,2926,2926
26049002300,"Genesee, MI (CT)",0,1113,1113,0,2323,2323
26049002400,"Genesee, MI (CT)",0,1386,1386,0,2640,2640
26049002600,"Genesee, MI (CT)",0,1600,1600,0,3189,3189
26049002700,"Genesee, MI (CT)",0,1721,1721,0,3599,3599
26049002800,"Genesee, MI (CT)",0,1216,1216,0,2784,2784
26049002900,"Genesee, MI (CT)",0,1360,1360,0,2034,2034
26049003000,"Genesee, MI (CT)",0,1659,1659,0,3410,3410
26049003100,"Genesee, MI (CT)",0,1241,1241,0,2305,2305
26049003200,"Genesee, MI (CT)",0,1286,1286,0,2476,2476
26049003300,"Genesee, MI (CT)",0,833,833,0,1820,1820
26049003400,"Genesee, MI (CT)",0,1255,1255,0,2152,2152
26049003500,"Genesee, MI (CT)",0,1386,1386,0,2938,2938
26049003600,"Genesee, MI (CT)",0,2386,2386,0,4766,4766
26049003700,"Genesee, MI (CT)",0,1374,1374,0,2651,2651
26049003800,"Genesee, MI (CT)",0,734,734,0,1353,1353
26049004000,"Genesee, MI (CT)",0,1738,1738,0,3516,3516
26049010110,"Genesee, MI (CT)",0,1336,1336,0,2646,2646
26049010111,"Genesee, MI (CT)",322,206,528,906,494,1400
26049010112,"Genesee, MI (CT)",450,605,1055,1201,1325,2526
26049010113,"Genesee, MI (CT)",48,1095,1143,130,2267,2397
26049010114,"Genesee, MI (CT)",47,1033,1080,126,2483,2609
26049010115,"Genesee, MI (CT)",140,270,410,360,549,909
26049010201,"Genesee, MI (CT)",359,330,689,961,799,1760
26049010202,"Genesee, MI (CT)",589,77,666,1461,193,1654
26049010304,"Genesee, MI (CT)",0,1733,1733,0,3693,3693
26049010305,"Genesee, MI (CT)",0,2058,2058,0,4945,4945
26049010501,"Genesee, MI (CT)",0,1253,1253,0,2841,2841
26049010502,"Genesee, MI (CT)",153,1569,1722,328,3253,3581
26049010503,"Genesee, MI (CT)",751,144,895,1869,384,2253
26049010504,"Genesee, MI (CT)",661,1188,1849,1572,2616,4188
26049010603,"Genesee, MI (CT)",0,2661,2661,0,5621,5621
26049010604,"Genesee, MI (CT)",0,1155,1155,0,2768,2768
26049010610,"Genesee, MI (CT)",341,1866,2207,849,4673,5522
26049010700,"Genesee, MI (CT)",1124,917,2041,2900,2218,5118
26049010810,"Genesee, MI (CT)",10,2111,2121,34,5101,5135
26049010811,"Genesee, MI (CT)",0,961,961,0,2341,2341
26049010812,"Genesee, MI (CT)",0,1933,1933,0,3936,3936
26049010813,"Genesee, MI (CT)",27,2168,2195,84,4539,4623
26049010910,"Genesee, MI (CT)",0,1716,1716,0,3274,3274
26049010911,"Genesee, MI (CT)",0,1980,1980,0,3807,3807
26049010912,"Genesee, MI (CT)",78,1381,1459,214,2909,3123
26049011010,"Genesee, MI (CT)",0,2490,2490,0,5680,5680
26049011101,"Genesee, MI (CT)",54,3607,3661,98,8789,8887
26049011102,"Genesee, MI (CT)",208,2570,2778,535,5043,5578
26049011209,"Genesee, MI (CT)",0,2863,2863,0,6508,6508
26049011210,"Genesee, MI (CT)",0,998,998,0,1953,1953
26049011211,"Genesee, MI (CT)",0,2527,2527,0,5559,5559
26049011212,"Genesee, MI (CT)",0,2580,2580,0,5987,5987
26049011213,"Genesee, MI (CT)",79,2092,2171,207,5422,5629
26049011214,"Genesee, MI (CT)",71,2188,2259,210,5473,5683
26049011301,"Genesee, MI (CT)",0,2481,2481,0,5350,5350
26049011302,"Genesee, MI (CT)",0,1572,1572,0,3692,3692
26049011401,"Genesee, MI (CT)",0,1376,1376,0,3229,3229
26049011402,"Genesee, MI (CT)",0,1581,1581,0,4088,4088
26049011502,"Genesee, MI (CT)",0,1428,1428,0,3246,3246
26049011503,"Genesee, MI (CT)",0,2010,2010,0,4920,4920
26049011505,"Genesee, MI (CT)",0,1108,1108,0,2479,2479
26049011508,"Genesee, MI (CT)",0,1519,1519,0,2995,2995
26049011601,"Genesee, MI (CT)",825,335,1160,2216,847,3063
26049011610,"Genesee, MI (CT)",142,2791,2933,423,6302,6725
26049011710,"Genesee, MI (CT)",0,1154,1154,0,2475,2475
26049011711,"Genesee, MI (CT)",0,1439,1439,0,2698,2698
26049011712,"Genesee, MI (CT)",315,927,1242,813,2143,2956
26049011713,"Genesee, MI (CT)",0,2140,2140,0,3641,3641
26049011714,"Genesee, MI (CT)",101,1212,1313,252,2938,3190
26049011800,"Genesee, MI (CT)",990,290,1280,2597,565,3162
26049011901,"Genesee, MI (CT)",1058,0,1058,2523,0,2523
26049011902,"Genesee, MI (CT)",633,458,1091,1644,1401,3045
26049012003,"Genesee, MI (CT)",0,1259,1259,0,3167,3167
26049012006,"Genesee, MI (CT)",0,1248,1248,0,2648,2648
26049012007,"Genesee, MI (CT)",75,617,692,158,1475,1633
26049012008,"Genesee, MI (CT)",0,1236,1236,0,3045,3045
26049012009,"Genesee, MI (CT)",0,1004,1004,0,2603,2603
26049012100,"Genesee, MI (CT)",725,410,1135,1658,848,2506
26049012201,"Genesee, MI (CT)",205,1287,1492,270,2258,2528
26049012202,"Genesee, MI (CT)",0,736,736,0,1441,1441
26049012310,"Genesee, MI (CT)",0,1505,1505,0,3086,3086
26049012311,"Genesee, MI (CT)",0,839,839,0,2010,2010
26049012401,"Genesee, MI (CT)",783,0,783,1905,0,1905
26049012402,"Genesee, MI (CT)",1155,0,1155,2797,0,2797
26049012501,"Genesee, MI (CT)",828,0,828,2033,0,2033
26049012503,"Genesee, MI (CT)",600,802,1402,1474,1459,2933
26049012504,"Genesee, MI (CT)",764,0,764,2083,0,2083
26049012601,"Genesee, MI (CT)",1182,0,1182,3026,0,3026
26049012602,"Genesee, MI (CT)",726,0,726,1657,0,1657
26049012603,"Genesee, MI (CT)",1203,0,1203,3198,0,3198
26049012702,"Genesee, MI (CT)",8,2742,2750,18,5742,5760
26049012703,"Genesee, MI (CT)",1292,89,1381,3121,209,3330
26049012704,"Genesee, MI (CT)",986,729,1715,2479,1770,4249
26049012801,"Genesee, MI (CT)",1435,407,1842,3676,1105,4781
26049012802,"Genesee, MI (CT)",792,0,792,2039,0,2039
26049012904,"Genesee, MI (CT)",574,2181,2755,1433,5089,6522
26049012905,"Genesee, MI (CT)",0,1808,1808,0,3645,3645
26049012906,"Genesee, MI (CT)",235,800,1035,593,1878,2471
26049012907,"Genesee, MI (CT)",765,150,915,1994,456,2450
26049013001,"Genesee, MI (CT)",1021,0,1021,2625,0,2625
26049013002,"Genesee, MI (CT)",300,1527,1827,756,3532,4288
26049013110,"Genesee, MI (CT)",688,146,834,1782,373,2155
26049013111,"Genesee, MI (CT)",36,1226,1262,85,2755,2840
26049013112,"Genesee, MI (CT)",0,1667,1667,0,4461,4461
26049013113,"Genesee, MI (CT)",0,1695,1695,0,3991,3991
26049013202,"Genesee, MI (CT)",0,2623,2623,0,5763,5763
26049013204,"Genesee, MI (CT)",0,2947,2947,0,5983,5983
26049013301,"Genesee, MI (CT)",388,2465,2853,823,5273,6096
26049013401,"Genesee, MI (CT)",1807,391,2198,5018,1119,6137
26049013402,"Genesee, MI (CT)",44,647,691,128,1728,1856
26049013500,"Genesee, MI (CT)",0,2500,2500,0,4860,4860
26049013600,"Genesee, MI (CT)",0,670,670,0,1562,1562
26049980000,"Genesee, MI (CT)",0,20,20,0,43,43
26049980100,"Genesee, MI (CT)",0,1,1,0,0,0
26051000100,"Gladwin, MI (CT)",2793,0,2793,3077,0,3077
26051000200,"Gladwin, MI (CT)",1699,0,1699,1342,0,1342
26051000300,"Gladwin, MI (CT)",1923,0,1923,2040,0,2040
26051000400,"Gladwin, MI (CT)",1874,0,1874,3093,0,3093
26051000500,"Gladwin, MI (CT)",2056,0,2056,3711,0,3711
26051000600,"Gladwin, MI (CT)",1727,0,1727,1958,0,1958
26051000700,"Gladwin, MI (CT)",731,1423,2154,1667,2934,4601
26051000800,"Gladwin, MI (CT)",1884,0,1884,3973,0,3973
26051000900,"Gladwin, MI (CT)",1562,0,1562,1897,0,1897
26053950100,"Gogebic, MI (CT)",1836,0,1836,2682,0,2682
26053950200,"Gogebic, MI (CT)",1740,0,1740,2430,0,2430
26053950300,"Gogebic, MI (CT)",1627,0,1627,2473,0,2473
26053950400,"Gogebic, MI (CT)",685,0,685,1050,0,1050
26053950500,"Gogebic, MI (CT)",220,1272,1492,395,2098,2493
26053950600,"Gogebic, MI (CT)",0,1689,1689,0,2897,2897
26053950700,"Gogebic, MI (CT)",1605,121,1726,2168,234,2402
26053990000,"Gogebic, MI (CT)",0,0,0,0,0,0
26055550101,"Grand Traverse, MI (CT)",503,1975,2478,1280,4654,5934
26055550102,"Grand Traverse, MI (CT)",1856,201,2057,2767,189,2956
26055550200,"Grand Traverse, MI (CT)",2314,12,2326,4135,37,4172
26055550300,"Grand Traverse, MI (CT)",2544,0,2544,7191,0,7191
26055550400,"Grand Traverse, MI (CT)",2923,0,2923,6365,0,6365
26055550500,"Grand Traverse, MI (CT)",1072,1403,2475,2019,3573,5592
26055550600,"Grand Traverse, MI (CT)",3159,661,3820,7908,1781,9689
26055550700,"Grand Traverse, MI (CT)",662,3470,4132,1552,7251,8803
26055550800,"Grand Traverse, MI (CT)",1962,785,2747,3913,1936,5849
26055550900,"Grand Traverse, MI (CT)",1808,895,2703,3090,1724,4814
26055551000,"Grand Traverse, MI (CT)",0,1937,1937,0,4103,4103
26055551100,"Grand Traverse, MI (CT)",386,1475,1861,767,2525,3292
26055551200,"Grand Traverse, MI (CT)",0,1831,1831,0,3398,3398
26055551300,"Grand Traverse, MI (CT)",95,3815,3910,196,6942,7138
26055551400,"Grand Traverse, MI (CT)",0,2309,2309,0,4622,4622
26055551500,"Grand Traverse, MI (CT)",237,1309,1546,591,2477,3068
26055990000,"Grand Traverse, MI (CT)",0,0,0,0,0,0
26057000100,"Gratiot, MI (CT)",1740,0,1740,4058,0,4058
26057000200,"Gratiot, MI (CT)",2026,80,2106,4928,192,5120
26057000300,"Gratiot, MI (CT)",321,1699,2020,725,5163,5888
26057000400,"Gratiot, MI (CT)",0,1,1,0,2416,2416
26057000500,"Gratiot, MI (CT)",86,2259,2345,186,5532,5718
26057000600,"Gratiot, MI (CT)",192,1438,1630,474,3621,4095
26057000700,"Gratiot, MI (CT)",1457,0,1457,3377,0,3377
26057000800,"Gratiot, MI (CT)",1807,0,1807,4306,0,4306
26057000900,"Gratiot, MI (CT)",1526,0,1526,3572,0,3572
26057001000,"Gratiot, MI (CT)",1707,0,1707,3926,0,3926
26059050100,"Hillsdale, MI (CT)",901,1662,2563,1761,2768,4529
26059050200,"Hillsdale, MI (CT)",1344,0,1344,3168,0,3168
26059050300,"Hillsdale, MI (CT)",1053,0,1053,2372,0,2372
26059050400,"Hillsdale, MI (CT)",2462,0,2462,4591,0,4591
26059050500,"Hillsdale, MI (CT)",727,1090,1817,1673,2698,4371
26059050600,"Hillsdale, MI (CT)",1677,0,1677,3847,0,3847
26059050700,"Hillsdale, MI (CT)",42,2008,2050,120,5003,5123
26059050800,"Hillsdale, MI (CT)",0,929,929,0,2145,2145
26059050900,"Hillsdale, MI (CT)",1813,587,2400,3734,1232,4966
26059051000,"Hillsdale, MI (CT)",1783,279,2062,3730,568,4298
26059051100,"Hillsdale, MI (CT)",1913,0,1913,3811,0,3811
26059051200,"Hillsdale, MI (CT)",1487,0,1487,3467,0,3467
26061000100,"Houghton, MI (CT)",1903,103,2006,2417,194,2611
26061000200,"Houghton, MI (CT)",212,1366,1578,451,2588,3039
26061000300,"Houghton, MI (CT)",79,1340,1419,128,2231,2359
26061000400,"Houghton, MI (CT)",458,1212,1670,990,2312,3302
26061000500,"Houghton, MI (CT)",911,937,1848,1781,2027,3808
26061000600,"Houghton, MI (CT)",0,1757,1757,0,3808,3808
26061000700,"Houghton, MI (CT)",1994,32,2026,3149,75,3224
26061000800,"Houghton, MI (CT)",190,1789,1979,435,5959,6394
26061000900,"Houghton, MI (CT)",850,1310,2160,2014,3027,5041
26061001000,"Houghton, MI (CT)",1836,357,2193,2486,556,3042
26061990000,"Houghton, MI (CT)",0,0,0,0,0,0
26061990100,"Houghton, MI (CT)",0,0,0,0,0,0
26063950100,"Huron, MI (CT)",1729,0,1729,1388,0,1388
26063950200,"Huron, MI (CT)",1633,0,1633,2237,0,2237
26063950300,"Huron, MI (CT)",1707,0,1707,2356,0,2356
26063950400,"Huron, MI (CT)",1652,0,1652,1098,0,1098
26063950500,"Huron, MI (CT)",2606,0,2606,2319,0,2319
26063950600,"Huron, MI (CT)",1261,0,1261,2683,0,2683
26063950700,"Huron, MI (CT)",1999,0,1999,3459,0,3459
26063950800,"Huron, MI (CT)",1700,0,1700,3484,0,3484
26063950900,"Huron, MI (CT)",1664,0,1664,3815,0,3815
26063951000,"Huron, MI (CT)",219,1706,1925,450,3441,3891
26063951100,"Huron, MI (CT)",955,13,968,2332,49,2381
26063951200,"Huron, MI (CT)",2355,0,2355,4007,0,4007
26063990000,"Huron, MI (CT)",0,0,0,0,0,0
26065000100,"Ingham, MI (CT)",0,904,904,0,2030,2030
26065000400,"Ingham, MI (CT)",0,1323,1323,0,2803,2803
26065000600,"Ingham, MI (CT)",0,1058,1058,0,1649,1649
26065000700,"Ingham, MI (CT)",0,1291,1291,0,2501,2501
26065000800,"Ingham, MI (CT)",0,1295,1295,0,3172,3172
26065001000,"Ingham, MI (CT)",0,1135,1135,0,2203,2203
26065001200,"Ingham, MI (CT)",0,1017,1017,0,2371,2371
26065001703,"Ingham, MI (CT)",0,2075,2075,0,4355,4355
26065002000,"Ingham, MI (CT)",0,1655,1655,0,3410,3410
26065002101,"Ingham, MI (CT)",0,854,854,0,1916,1916
26065002200,"Ingham, MI (CT)",0,800,800,0,1596,1596
26065002300,"Ingham, MI (CT)",0,1609,1609,0,3382,3382
26065002600,"Ingham, MI (CT)",0,961,961,0,1889,1889
26065002700,"Ingham, MI (CT)",0,1376,1376,0,3022,3022
26065002800,"Ingham, MI (CT)",0,1242,1242,0,2455,2455
26065002901,"Ingham, MI (CT)",0,1441,1441,0,3076,3076
26065002902,"Ingham, MI (CT)",0,2179,2179,0,3886,3886
26065003103,"Ingham, MI (CT)",0,2964,2964,0,5786,5786
26065003200,"Ingham, MI (CT)",0,914,914,0,2245,2245
26065003301,"Ingham, MI (CT)",0,1391,1391,0,3074,3074
26065003302,"Ingham, MI (CT)",0,986,986,0,2242,2242
26065003400,"Ingham, MI (CT)",0,1162,1162,0,2437,2437
26065003500,"Ingham, MI (CT)",0,1519,1519,0,2909,2909
26065003601,"Ingham, MI (CT)",0,1396,1396,0,3795,3795
26065003602,"Ingham, MI (CT)",0,1453,1453,0,3488,3488
26065003700,"Ingham, MI (CT)",0,2528,2528,0,5262,5262
26065003801,"Ingham, MI (CT)",0,1953,1953,0,4077,4077
26065003802,"Ingham, MI (CT)",0,2462,2462,0,4372,4372
26065003901,"Ingham, MI (CT)",0,953,953,0,1958,1958
26065003902,"Ingham, MI (CT)",0,2089,2089,0,4380,4380
26065004000,"Ingham, MI (CT)",0,1937,1937,0,3994,3994
26065004100,"Ingham, MI (CT)",0,1479,1479,0,4781,4781
26065004301,"Ingham, MI (CT)",0,2026,2026,0,4781,4781
26065004302,"Ingham, MI (CT)",0,1151,1151,0,2768,2768
26065004402,"Ingham, MI (CT)",0,1063,1063,0,1456,1456
26065004403,"Ingham, MI (CT)",0,930,930,0,1888,1888
26065004490,"Ingham, MI (CT)",0,0,0,0,3863,3863
26065004491,"Ingham, MI (CT)",0,0,0,0,1214,1214
26065004492,"Ingham, MI (CT)",0,0,0,0,3616,3616
26065004493,"Ingham, MI (CT)",0,1,1,0,1564,1564
26065004494,"Ingham, MI (CT)",0,2,2,0,3085,3085
26065004500,"Ingham, MI (CT)",0,1878,1878,0,3790,3790
26065004600,"Ingham, MI (CT)",0,1891,1891,0,4093,4093
26065004700,"Ingham, MI (CT)",0,1552,1552,0,2845,2845
26065004801,"Ingham, MI (CT)",0,2402,2402,0,4062,4062
26065004802,"Ingham, MI (CT)",0,1375,1375,0,3312,3312
26065004901,"Ingham, MI (CT)",0,2947,2947,0,6325,6325
26065004902,"Ingham, MI (CT)",0,1704,1704,0,3743,3743
26065005001,"Ingham, MI (CT)",87,2646,2733,195,6192,6387
26065005002,"Ingham, MI (CT)",181,1297,1478,490,3392,3882
26065005100,"Ingham, MI (CT)",0,1316,1316,0,3403,3403
26065005201,"Ingham, MI (CT)",0,2458,2458,0,5516,5516
26065005202,"Ingham, MI (CT)",0,1233,1233,0,3515,3515
26065005302,"Ingham, MI (CT)",0,2955,2955,0,6907,6907
26065005303,"Ingham, MI (CT)",0,2295,2295,0,4639,4639
26065005304,"Ingham, MI (CT)",0,1581,1581,0,3326,3326
26065005401,"Ingham, MI (CT)",0,1594,1594,0,3479,3479
26065005402,"Ingham, MI (CT)",0,1829,1829,0,3693,3693
26065005501,"Ingham, MI (CT)",372,1964,2336,934,4665,5599
26065005502,"Ingham, MI (CT)",113,2185,2298,297,5413,5710
26065005600,"Ingham, MI (CT)",1070,118,1188,2621,271,2892
26065005700,"Ingham, MI (CT)",1703,271,1974,4171,707,4878
26065005800,"Ingham, MI (CT)",304,2114,2418,825,4761,5586
26065005900,"Ingham, MI (CT)",1435,676,2111,3765,1556,5321
26065006001,"Ingham, MI (CT)",1388,0,1388,3660,0,3660
26065006002,"Ingham, MI (CT)",1438,0,1438,3528,0,3528
26065006100,"Ingham, MI (CT)",1767,0,1767,4240,0,4240
26065006200,"Ingham, MI (CT)",1910,173,2083,5006,385,5391
26065006301,"Ingham, MI (CT)",26,1899,1925,53,4760,4813
26065006302,"Ingham, MI (CT)",253,1627,1880,609,3425,4034
26065006401,"Ingham, MI (CT)",1334,0,1334,3525,0,3525
26065006402,"Ingham, MI (CT)",1175,0,1175,3158,0,3158
26065006500,"Ingham, MI (CT)",0,1735,1735,0,3425,3425
26065006600,"Ingham, MI (CT)",0,1581,1581,0,3082,3082
26065006700,"Ingham, MI (CT)",0,2266,2266,0,3769,3769
26065006800,"Ingham, MI (CT)",0,1659,1659,0,3985,3985
26065007000,"Ingham, MI (CT)",0,2896,2896,0,5734,5734
26065980000,"Ingham, MI (CT)",8,8,16,19,842,861
26065980100,"Ingham, MI (CT)",0,13,13,0,27,27
26065980200,"Ingham, MI (CT)",0,5,5,0,9,9
26065980300,"Ingham, MI (CT)",0,0,0,0,0,0
26067030100,"Ionia, MI (CT)",2758,0,2758,6613,0,6613
26067030200,"Ionia, MI (CT)",0,1069,1069,0,2758,2758
26067030300,"Ionia, MI (CT)",0,1373,1373,0,2999,2999
26067030400,"Ionia, MI (CT)",2787,14,2801,6814,32,6846
26067031200,"Ionia, MI (CT)",2116,0,2116,4949,0,4949
26067031300,"Ionia, MI (CT)",3408,0,3408,8098,0,8098
26067031400,"Ionia, MI (CT)",831,1064,1895,2239,2507,4746
26067031500,"Ionia, MI (CT)",1104,1187,2291,3016,2513,5529
26067031600,"Ionia, MI (CT)",758,1473,2231,1812,3314,5126
26067031700,"Ionia, MI (CT)",0,1556,1556,0,3752,3752
26067031900,"Ionia, MI (CT)",2023,494,2517,4969,836,5805
26067032100,"Ionia, MI (CT)",74,682,756,177,2743,2920
26067982200,"Ionia, MI (CT)",0,7,7,0,3764,3764
26069000100,"Iosco, MI (CT)",1777,752,2529,1549,926,2475
26069000200,"Iosco, MI (CT)",2436,462,2898,3333,765,4098
26069000300,"Iosco, MI (CT)",531,1864,2395,613,2193,2806
26069000400,"Iosco, MI (CT)",486,1835,2321,655,2871,3526
26069000500,"Iosco, MI (CT)",887,1674,2561,886,2853,3739
26069000600,"Iosco, MI (CT)",1205,631,1836,1857,1030,2887
26069000700,"Iosco, MI (CT)",1888,0,1888,2761,0,2761
26069000800,"Iosco, MI (CT)",1776,0,1776,1546,0,1546
26069000900,"Iosco, MI (CT)",2239,0,2239,2049,0,2049
26069990000,"Iosco, MI (CT)",0,0,0,0,0,0
26071000100,"Iron, MI (CT)",2036,0,2036,2358,0,2358
26071000200,"Iron, MI (CT)",2115,23,2138,1554,29,1583
26071000300,"Iron, MI (CT)",799,770,1569,1453,1206,2659
26071000400,"Iron, MI (CT)",540,1115,1655,775,1973,2748
26071000500,"Iron, MI (CT)",1799,0,1799,2469,0,2469
26073000100,"Isabella, MI (CT)",1825,44,1869,3545,107,3652
26073000200,"Isabella, MI (CT)",2446,0,2446,4840,0,4840
26073000300,"Isabella, MI (CT)",1999,0,1999,4875,0,4875
26073000400,"Isabella, MI (CT)",410,1220,1630,955,4929,5884
26073000500,"Isabella, MI (CT)",0,1204,1204,0,4516,4516
26073000600,"Isabella, MI (CT)",0,2081,2081,0,4126,4126
26073000700,"Isabella, MI (CT)",73,2527,2600,151,8678,8829
26073000800,"Isabella, MI (CT)",0,1181,1181,0,2919,2919
26073000900,"Isabella, MI (CT)",1781,7,1788,4122,15,4137
26073940100,"Isabella, MI (CT)",1966,0,1966,4535,0,4535
26073940200,"Isabella, MI (CT)",1958,357,2315,4666,1033,5699
26073940300,"Isabella, MI (CT)",305,2047,2352,663,4435,5098
26073940400,"Isabella, MI (CT)",160,1529,1689,409,3269,3678
26073940500,"Isabella, MI (CT)",0,1246,1246,0,2643,2643
26073940600,"Isabella, MI (CT)",1651,364,2015,3996,884,4880
26075000100,"Jackson, MI (CT)",0,1355,1355,0,2778,2778
26075000200,"Jackson, MI (CT)",0,1326,1326,0,2913,2913
26075000400,"Jackson, MI (CT)",0,1843,1843,0,4395,4395
26075000500,"Jackson, MI (CT)",0,788,788,0,1648,1648
26075000600,"Jackson, MI (CT)",0,861,861,0,1300,1300
26075000800,"Jackson, MI (CT)",0,2081,2081,0,4409,4409
26075000900,"Jackson, MI (CT)",0,1530,1530,0,3225,3225
26075001000,"Jackson, MI (CT)",0,1194,1194,0,2476,2476
26075001100,"Jackson, MI (CT)",0,840,840,0,2058,2058
26075001200,"Jackson, MI (CT)",0,1088,1088,0,2668,2668
26075001300,"Jackson, MI (CT)",0,1118,1118,0,2626,2626
26075005000,"Jackson, MI (CT)",0,1024,1024,0,2383,2383
26075005100,"Jackson, MI (CT)",75,1901,1976,199,4528,4727
26075005200,"Jackson, MI (CT)",840,1802,2642,2298,4268,6566
26075005301,"Jackson, MI (CT)",0,2371,2371,0,4739,4739
26075005302,"Jackson, MI (CT)",213,1507,1720,508,3115,3623
26075005400,"Jackson, MI (CT)",896,1517,2413,2215,4327,6542
26075005500,"Jackson, MI (CT)",44,2925,2969,108,4991,5099
26075005600,"Jackson, MI (CT)",681,2628,3309,1721,5061,6782
26075005700,"Jackson, MI (CT)",0,1400,1400,0,3049,3049
26075005800,"Jackson, MI (CT)",0,0,0,0,6776,6776
26075005900,"Jackson, MI (CT)",53,1216,1269,129,2686,2815
26075006000,"Jackson, MI (CT)",1216,1676,2892,2947,3817,6764
26075006100,"Jackson, MI (CT)",713,2275,2988,1737,4830,6567
26075006200,"Jackson, MI (CT)",2815,283,3098,6290,486,6776
26075006301,"Jackson, MI (CT)",1278,65,1343,2819,142,2961
26075006303,"Jackson, MI (CT)",1253,1119,2372,2412,2108,4520
26075006304,"Jackson, MI (CT)",1265,369,1634,2235,665,2900
26075006401,"Jackson, MI (CT)",1171,92,1263,2803,420,3223
26075006402,"Jackson, MI (CT)",2998,0,2998,6995,0,6995
26075006500,"Jackson, MI (CT)",2488,198,2686,6230,480,6710
26075006600,"Jackson, MI (CT)",1998,0,1998,4830,0,4830
26075006701,"Jackson, MI (CT)",1702,384,2086,4323,822,5145
26075006702,"Jackson, MI (CT)",2048,0,2048,4719,0,4719
26075006801,"Jackson, MI (CT)",1481,0,1481,3064,0,3064
26075006803,"Jackson, MI (CT)",1666,0,1666,2798,0,2798
26075006804,"Jackson, MI (CT)",2355,0,2355,5641,0,5641
26075006900,"Jackson, MI (CT)",0,1433,1433,0,3038,3038
26077000100,"Kalamazoo, MI (CT)",0,977,977,0,2626,2626
26077000201,"Kalamazoo, MI (CT)",0,1138,1138,0,2213,2213
26077000202,"Kalamazoo, MI (CT)",0,453,453,0,969,969
26077000300,"Kalamazoo, MI (CT)",0,1698,1698,0,4019,4019
26077000500,"Kalamazoo, MI (CT)",0,1922,1922,0,4739,4739
26077000600,"Kalamazoo, MI (CT)",0,2394,2394,0,4646,4646
26077000900,"Kalamazoo, MI (CT)",0,516,516,0,1296,1296
26077001000,"Kalamazoo, MI (CT)",0,2694,2694,0,6366,6366
26077001100,"Kalamazoo, MI (CT)",0,942,942,0,2174,2174
26077001200,"Kalamazoo, MI (CT)",0,1359,1359,0,2772,2772
26077001300,"Kalamazoo, MI (CT)",0,881,881,0,1804,1804
26077001501,"Kalamazoo, MI (CT)",0,1913,1913,0,4542,4542
26077001502,"Kalamazoo, MI (CT)",0,2329,2329,0,4207,4207
26077001503,"Kalamazoo, MI (CT)",0,2216,2216,0,4446,4446
26077001504,"Kalamazoo, MI (CT)",0,429,429,0,5206,5206
26077001506,"Kalamazoo, MI (CT)",0,3675,3675,0,6971,6971
26077001507,"Kalamazoo, MI (CT)",0,2448,2448,0,6060,6060
26077001601,"Kalamazoo, MI (CT)",0,1264,1264,0,2605,2605
26077001603,"Kalamazoo, MI (CT)",0,772,772,0,1518,1518
26077001604,"Kalamazoo, MI (CT)",0,948,948,0,1706,1706
26077001701,"Kalamazoo, MI (CT)",0,1767,1767,0,3289,3289
26077001702,"Kalamazoo, MI (CT)",0,1744,1744,0,3738,3738
26077001801,"Kalamazoo, MI (CT)",0,1645,1645,0,3647,3647
26077001802,"Kalamazoo, MI (CT)",0,2190,2190,0,4371,4371
26077001803,"Kalamazoo, MI (CT)",0,935,935,0,2282,2282
26077001905,"Kalamazoo, MI (CT)",0,2463,2463,0,5060,5060
26077001906,"Kalamazoo, MI (CT)",0,2424,2424,0,4693,4693
26077001907,"Kalamazoo, MI (CT)",0,1941,1941,0,4034,4034
26077002002,"Kalamazoo, MI (CT)",211,1486,1697,524,3051,3575
26077002003,"Kalamazoo, MI (CT)",0,2402,2402,0,5973,5973
26077002004,"Kalamazoo, MI (CT)",0,1675,1675,0,3905,3905
26077002005,"Kalamazoo, MI (CT)",0,1651,1651,0,4134,4134
26077002101,"Kalamazoo, MI (CT)",43,3122,3165,109,7482,7591
26077002102,"Kalamazoo, MI (CT)",0,1247,1247,0,2906,2906
26077002201,"Kalamazoo, MI (CT)",79,873,952,194,2074,2268
26077002202,"Kalamazoo, MI (CT)",266,3529,3795,561,7173,7734
26077002601,"Kalamazoo, MI (CT)",1920,446,2366,3591,1053,4644
26077002700,"Kalamazoo, MI (CT)",1710,1483,3193,4192,3408,7600
26077002801,"Kalamazoo, MI (CT)",1468,213,1681,3745,519,4264
26077002802,"Kalamazoo, MI (CT)",601,1874,2475,1550,4297,5847
26077002901,"Kalamazoo, MI (CT)",1550,0,1550,3762,0,3762
26077002903,"Kalamazoo, MI (CT)",63,3077,3140,128,4760,4888
26077002904,"Kalamazoo, MI (CT)",1752,1881,3633,4363,4847,9210
26077002905,"Kalamazoo, MI (CT)",142,3743,3885,310,7299,7609
26077003002,"Kalamazoo, MI (CT)",830,0,830,2250,0,2250
26077003003,"Kalamazoo, MI (CT)",1031,1975,3006,2782,5093,7875
26077003004,"Kalamazoo, MI (CT)",188,2334,2522,510,6312,6822
26077003302,"Kalamazoo, MI (CT)",1308,1171,2479,3139,3083,6222
26077003400,"Kalamazoo, MI (CT)",1502,0,1502,3764,0,3764
26077003500,"Kalamazoo, MI (CT)",0,1894,1894,0,4421,4421
26077005501,"Kalamazoo, MI (CT)",0,1717,1717,0,3945,3945
26077005502,"Kalamazoo, MI (CT)",0,2651,2651,0,5825,5825
26077006102,"Kalamazoo, MI (CT)",446,1095,1541,1087,2588,3675
26077006103,"Kalamazoo, MI (CT)",351,1534,1885,883,3656,4539
26077006601,"Kalamazoo, MI (CT)",1022,847,1869,2527,1721,4248
26077006701,"Kalamazoo, MI (CT)",756,357,1113,1859,878,2737
26077006702,"Kalamazoo, MI (CT)",882,1532,2414,2096,4003,6099
26079950200,"Kalkaska, MI (CT)",2596,330,2926,4307,588,4895
26079950300,"Kalkaska, MI (CT)",1347,967,2314,2585,2080,4665
26079950400,"Kalkaska, MI (CT)",2742,0,2742,3794,0,3794
26079950601,"Kalkaska, MI (CT)",2355,0,2355,2039,0,2039
26079950602,"Kalkaska, MI (CT)",1834,0,1834,1760,0,1760
26081000100,"Kent, MI (CT)",0,1064,1064,0,2213,2213
26081000200,"Kent, MI (CT)",0,692,692,0,2202,2202
26081000300,"Kent, MI (CT)",0,2260,2260,0,4639,4639
26081000400,"Kent, MI (CT)",0,1468,1468,0,3281,3281
26081000500,"Kent, MI (CT)",0,1754,1754,0,3888,3888
26081000600,"Kent, MI (CT)",0,1687,1687,0,3824,3824
26081000700,"Kent, MI (CT)",0,1315,1315,0,3104,3104
26081000800,"Kent, MI (CT)",0,1275,1275,0,3161,3161
26081000900,"Kent, MI (CT)",0,1303,1303,0,3001,3001
26081001000,"Kent, MI (CT)",0,1994,1994,0,4403,4403
26081001101,"Kent, MI (CT)",0,2141,2141,0,6142,6142
26081001102,"Kent, MI (CT)",0,2054,2054,0,4171,4171
26081001200,"Kent, MI (CT)",0,1573,1573,0,3368,3368
26081001300,"Kent, MI (CT)",0,1473,1473,0,3606,3606
26081001400,"Kent, MI (CT)",0,1327,1327,0,2423,2423
26081001500,"Kent, MI (CT)",0,1538,1538,0,3546,3546
26081001600,"Kent, MI (CT)",0,2424,2424,0,5832,5832
26081001700,"Kent, MI (CT)",0,2134,2134,0,4451,4451
26081001800,"Kent, MI (CT)",0,3153,3153,0,6351,6351
26081001900,"Kent, MI (CT)",0,2307,2307,0,5020,5020
26081002000,"Kent, MI (CT)",0,1501,1501,0,2166,2166
26081002100,"Kent, MI (CT)",0,1970,1970,0,2944,2944
26081002200,"Kent, MI (CT)",0,2260,2260,0,4490,4490
26081002300,"Kent, MI (CT)",0,1790,1790,0,3920,3920
26081002400,"Kent, MI (CT)",0,1113,1113,0,3228,3228
26081002500,"Kent, MI (CT)",0,2443,2443,0,4462,4462
26081002600,"Kent, MI (CT)",0,1109,1109,0,3681,3681
26081002700,"Kent, MI (CT)",0,1523,1523,0,3877,3877
26081002800,"Kent, MI (CT)",0,648,648,0,1541,1541
26081002900,"Kent, MI (CT)",0,675,675,0,1394,1394
26081003000,"Kent, MI (CT)",0,739,739,0,1450,1450
26081003100,"Kent, MI (CT)",0,1243,1243,0,3256,3256
26081003200,"Kent, MI (CT)",0,1845,1845,0,4437,4437
26081003300,"Kent, MI (CT)",0,1428,1428,0,3712,3712
26081003400,"Kent, MI (CT)",0,2197,2197,0,4958,4958
26081003500,"Kent, MI (CT)",0,2173,2173,0,5200,5200
26081003600,"Kent, MI (CT)",0,806,806,0,2335,2335
26081003700,"Kent, MI (CT)",0,1508,1508,0,4032,4032
26081003800,"Kent, MI (CT)",0,1248,1248,0,4223,4223
26081003900,"Kent, MI (CT)",0,895,895,0,3187,3187
26081004000,"Kent, MI (CT)",0,1057,1057,0,3327,3327
26081004100,"Kent, MI (CT)",0,1837,1837,0,4795,4795
26081004200,"Kent, MI (CT)",0,1693,1693,0,3870,3870
26081004300,"Kent, MI (CT)",0,1698,1698,0,3630,3630
26081004400,"Kent, MI (CT)",0,2750,2750,0,7550,7550
26081004500,"Kent, MI (CT)",0,3345,3345,0,7646,7646
26081004600,"Kent, MI (CT)",0,2360,2360,0,5629,5629
26081010101,"Kent, MI (CT)",2214,0,2214,5871,0,5871
26081010102,"Kent, MI (CT)",1328,0,1328,2415,0,2415
26081010200,"Kent, MI (CT)",222,1319,1541,587,3550,4137
26081010301,"Kent, MI (CT)",1848,0,1848,5088,0,5088
26081010302,"Kent, MI (CT)",2161,0,2161,5427,0,5427
26081010401,"Kent, MI (CT)",1289,582,1871,3525,1434,4959
26081010402,"Kent, MI (CT)",127,1639,1766,368,3783,4151
26081010600,"Kent, MI (CT)",2516,1151,3667,7042,3228,10270
26081010700,"Kent, MI (CT)",0,2196,2196,0,5381,5381
26081010801,"Kent, MI (CT)",2626,74,2700,7423,229,7652
26081010802,"Kent, MI (CT)",2417,0,2417,5808,0,5808
26081010902,"Kent, MI (CT)",1659,0,1659,3669,0,3669
26081010903,"Kent, MI (CT)",1241,1429,2670,3246,3758,7004
26081010904,"Kent, MI (CT)",1858,321,2179,5321,963,6284
26081011001,"Kent, MI (CT)",173,1171,1344,478,3220,3698
26081011002,"Kent, MI (CT)",197,1242,1439,423,3133,3556
26081011101,"Kent, MI (CT)",311,1425,1736,835,3569,4404
26081011102,"Kent, MI (CT)",146,1635,1781,440,4533,4973
26081011200,"Kent, MI (CT)",0,1791,1791,0,3916,3916
26081011301,"Kent, MI (CT)",0,1871,1871,0,4560,4560
26081011302,"Kent, MI (CT)",0,2676,2676,0,6065,6065
26081011401,"Kent, MI (CT)",792,239,1031,1756,573,2329
26081011403,"Kent, MI (CT)",364,692,1056,992,1504,2496
26081011405,"Kent, MI (CT)",0,1287,1287,0,3153,3153
26081011406,"Kent, MI (CT)",0,2529,2529,0,5333,5333
26081011500,"Kent, MI (CT)",9,3328,3337,16,6954,6970
26081011600,"Kent, MI (CT)",70,3134,3204,208,7689,7897
26081011701,"Kent, MI (CT)",0,2229,2229,0,5254,5254
26081011702,"Kent, MI (CT)",400,1497,1897,1105,3044,4149
26081011801,"Kent, MI (CT)",0,2476,2476,0,6844,6844
26081011803,"Kent, MI (CT)",273,1208,1481,839,3672,4511
26081011804,"Kent, MI (CT)",0,2096,2096,0,4653,4653
26081011901,"Kent, MI (CT)",1916,288,2204,5360,795,6155
26081011902,"Kent, MI (CT)",0,2460,2460,0,6987,6987
26081012002,"Kent, MI (CT)",2184,0,2184,6100,0,6100
26081012003,"Kent, MI (CT)",1201,1138,2339,3368,2974,6342
26081012004,"Kent, MI (CT)",289,1568,1857,734,3829,4563
26081012201,"Kent, MI (CT)",0,2457,2457,0,6299,6299
26081012202,"Kent, MI (CT)",446,1860,2306,1220,5398,6618
26081012203,"Kent, MI (CT)",382,1433,1815,1065,3152,4217
26081012300,"Kent, MI (CT)",0,1291,1291,0,3112,3112
26081012400,"Kent, MI (CT)",0,1361,1361,0,3805,3805
26081012500,"Kent, MI (CT)",0,1633,1633,0,4524,4524
26081012604,"Kent, MI (CT)",0,2161,2161,0,5664,5664
26081012605,"Kent, MI (CT)",0,1144,1144,0,3303,3303
26081012606,"Kent, MI (CT)",0,2633,2633,0,5256,5256
26081012607,"Kent, MI (CT)",0,3089,3089,0,5299,5299
26081012608,"Kent, MI (CT)",0,2134,2134,0,3094,3094
26081012701,"Kent, MI (CT)",0,2878,2878,0,6296,6296
26081012702,"Kent, MI (CT)",0,1536,1536,0,4523,4523
26081012703,"Kent, MI (CT)",0,1762,1762,0,4896,4896
26081012800,"Kent, MI (CT)",0,1699,1699,0,4195,4195
26081012901,"Kent, MI (CT)",0,1954,1954,0,4853,4853
26081012902,"Kent, MI (CT)",0,2097,2097,0,4784,4784
26081013000,"Kent, MI (CT)",0,1368,1368,0,3173,3173
26081013100,"Kent, MI (CT)",0,2226,2226,0,5177,5177
26081013200,"Kent, MI (CT)",0,2682,2682,0,7028,7028
26081013300,"Kent, MI (CT)",0,1634,1634,0,4969,4969
26081013400,"Kent, MI (CT)",0,2068,2068,0,5384,5384
26081013500,"Kent, MI (CT)",0,1843,1843,0,4609,4609
26081013600,"Kent, MI (CT)",0,983,983,0,2058,2058
26081013700,"Kent, MI (CT)",0,2755,2755,0,7042,7042
26081013801,"Kent, MI (CT)",0,780,780,0,1585,1585
26081013802,"Kent, MI (CT)",0,3030,3030,0,6783,6783
26081013900,"Kent, MI (CT)",0,2867,2867,0,6455,6455
26081014000,"Kent, MI (CT)",0,2786,2786,0,6703,6703
26081014100,"Kent, MI (CT)",0,760,760,0,1853,1853
26081014200,"Kent, MI (CT)",0,1441,1441,0,3703,3703
26081014300,"Kent, MI (CT)",0,1166,1166,0,2955,2955
26081014501,"Kent, MI (CT)",0,3912,3912,0,10611,10611
26081014502,"Kent, MI (CT)",0,2974,2974,0,7455,7455
26081014601,"Kent, MI (CT)",258,2900,3158,738,6728,7466
26081014602,"Kent, MI (CT)",1028,2453,3481,3041,6472,9513
26081014701,"Kent, MI (CT)",0,1384,1384,0,3294,3294
26081014703,"Kent, MI (CT)",0,1821,1821,0,4285,4285
26081014704,"Kent, MI (CT)",0,1083,1083,0,3157,3157
26081014803,"Kent, MI (CT)",1031,0,1031,3057,0,3057
26081014804,"Kent, MI (CT)",88,3294,3382,265,7348,7613
26081014805,"Kent, MI (CT)",104,2445,2549,282,6752,7034
26081014806,"Kent, MI (CT)",1380,528,1908,3987,1381,5368
26081014807,"Kent, MI (CT)",949,1618,2567,2364,4600,6964
26083000100,"Keweenaw, MI (CT)",2342,0,2342,2156,0,2156
26083980100,"Keweenaw, MI (CT)",125,0,125,0,0,0
26083990100,"Keweenaw, MI (CT)",0,0,0,0,0,0
26085960100,"Lake, MI (CT)",4099,0,4099,2300,0,2300
26085961100,"Lake, MI (CT)",4008,0,4008,3617,0,3617
26085961200,"Lake, MI (CT)",3835,0,3835,2784,0,2784
26085961300,"Lake, MI (CT)",3024,0,3024,2838,0,2838
26087330000,"Lapeer, MI (CT)",1507,0,1507,3701,0,3701
26087330500,"Lapeer, MI (CT)",1235,0,1235,3101,0,3101
26087331000,"Lapeer, MI (CT)",802,0,802,1821,0,1821
26087331500,"Lapeer, MI (CT)",1101,0,1101,2747,0,2747
26087332000,"Lapeer, MI (CT)",2395,0,2395,5695,0,5695
26087332500,"Lapeer, MI (CT)",1454,0,1454,3645,0,3645
26087333000,"Lapeer, MI (CT)",1256,0,1256,3113,0,3113
26087333500,"Lapeer, MI (CT)",1316,985,2301,3432,2196,5628
26087334000,"Lapeer, MI (CT)",509,454,963,1236,1225,2461
26087334500,"Lapeer, MI (CT)",759,110,869,1952,295,2247
26087336000,"Lapeer, MI (CT)",2122,121,2243,4976,274,5250
26087336500,"Lapeer, MI (CT)",0,0,0,0,952,952
26087337000,"Lapeer, MI (CT)",3,1880,1883,8,3439,3447
26087337500,"Lapeer, MI (CT)",0,1995,1995,0,4295,4295
26087338000,"Lapeer, MI (CT)",1679,326,2005,4321,748,5069
26087338500,"Lapeer, MI (CT)",2001,0,2001,4755,0,4755
26087339000,"Lapeer, MI (CT)",1091,74,1165,2933,195,3128
26087339500,"Lapeer, MI (CT)",0,1600,1600,0,3597,3597
26087340000,"Lapeer, MI (CT)",1431,7,1438,3864,22,3886
26087340500,"Lapeer, MI (CT)",0,1124,1124,0,2697,2697
26087341000,"Lapeer, MI (CT)",1908,0,1908,4768,0,4768
26087341500,"Lapeer, MI (CT)",1786,20,1806,4178,71,4249
26087342000,"Lapeer, MI (CT)",1802,0,1802,4528,0,4528
26087342100,"Lapeer, MI (CT)",1479,0,1479,3539,0,3539
26089970100,"Leelanau, MI (CT)",1919,0,1919,1977,0,1977
26089970200,"Leelanau, MI (CT)",2789,93,2882,5194,129,5323
26089970300,"Leelanau, MI (CT)",2353,0,2353,2779,0,2779
26089970400,"Leelanau, MI (CT)",2554,0,2554,1760,0,1760
26089970500,"Leelanau, MI (CT)",2739,0,2739,4779,0,4779
26089970600,"Leelanau, MI (CT)",1542,946,2488,3322,1768,5090
26089990000,"Leelanau, MI (CT)",0,0,0,0,0,0
26091060100,"Lenawee, MI (CT)",1492,0,1492,3826,0,3826
26091060301,"Lenawee, MI (CT)",2067,0,2067,4709,0,4709
26091060302,"Lenawee, MI (CT)",2537,0,2537,4123,0,4123
26091060401,"Lenawee, MI (CT)",2094,0,2094,3551,0,3551
26091060402,"Lenawee, MI (CT)",2161,0,2161,3270,0,3270
26091060500,"Lenawee, MI (CT)",1445,0,1445,3562,0,3562
26091060600,"Lenawee, MI (CT)",1060,1133,2193,2598,2787,5385
26091060700,"Lenawee, MI (CT)",1373,1396,2769,3387,3696,7083
26091060800,"Lenawee, MI (CT)",0,1623,1623,0,3422,3422
26091061200,"Lenawee, MI (CT)",701,71,772,1661,148,1809
26091061301,"Lenawee, MI (CT)",0,1640,1640,0,4220,4220
26091061302,"Lenawee, MI (CT)",0,1448,1448,0,3056,3056
26091061400,"Lenawee, MI (CT)",0,1722,1722,0,3546,3546
26091061500,"Lenawee, MI (CT)",0,2137,2137,0,5742,5742
26091061600,"Lenawee, MI (CT)",0,1880,1880,0,4225,4225
26091061700,"Lenawee, MI (CT)",1402,1688,3090,3517,6259,9776
26091061800,"Lenawee, MI (CT)",1786,0,1786,3804,0,3804
26091061900,"Lenawee, MI (CT)",1952,0,1952,4583,0,4583
26091062000,"Lenawee, MI (CT)",1205,0,1205,2897,0,2897
26091062100,"Lenawee, MI (CT)",1395,425,1820,3442,966,4408
26091062200,"Lenawee, MI (CT)",122,982,1104,311,2228,2539
26091062300,"Lenawee, MI (CT)",347,2018,2365,824,4477,5301
26091062400,"Lenawee, MI (CT)",675,1475,2150,1701,3354,5055
26093710100,"Livingston, MI (CT)",340,548,888,925,1564,2489
26093710300,"Livingston, MI (CT)",1058,379,1437,2814,1053,3867
26093710500,"Livingston, MI (CT)",507,247,754,1397,445,1842
26093710700,"Livingston, MI (CT)",692,0,692,1828,0,1828
26093711000,"Livingston, MI (CT)",1317,329,1646,3484,690,4174
26093712101,"Livingston, MI (CT)",469,576,1045,1355,1474,2829
26093712102,"Livingston, MI (CT)",903,0,903,2527,0,2527
26093712601,"Livingston, MI (CT)",0,1327,1327,0,3568,3568
26093712602,"Livingston, MI (CT)",580,389,969,1692,1320,3012
26093713100,"Livingston, MI (CT)",948,854,1802,2517,2205,4722
26093713300,"Livingston, MI (CT)",405,216,621,1070,583,1653
26093713500,"Livingston, MI (CT)",310,1174,1484,864,2842,3706
26093713700,"Livingston, MI (CT)",149,1386,1535,474,4108,4582
26093720100,"Livingston, MI (CT)",1264,0,1264,3546,0,3546
26093721100,"Livingston, MI (CT)",1295,0,1295,3317,0,3317
26093722100,"Livingston, MI (CT)",994,194,1188,2693,416,3109
26093722300,"Livingston, MI (CT)",0,1313,1313,0,2886,2886
26093722500,"Livingston, MI (CT)",557,167,724,1519,492,2011
26093724001,"Livingston, MI (CT)",553,324,877,1420,727,2147
26093724002,"Livingston, MI (CT)",754,214,968,1923,480,2403
26093724003,"Livingston, MI (CT)",531,329,860,1408,721,2129
26093725000,"Livingston, MI (CT)",0,2687,2687,0,5104,5104
26093725100,"Livingston, MI (CT)",0,1877,1877,0,4407,4407
26093730101,"Livingston, MI (CT)",720,246,966,2018,682,2700
26093730102,"Livingston, MI (CT)",647,698,1345,1863,1746,3609
26093730600,"Livingston, MI (CT)",1363,0,1363,3688,0,3688
26093731100,"Livingston, MI (CT)",1352,0,1352,3801,0,3801
26093732100,"Livingston, MI (CT)",1484,0,1484,3366,0,3366
26093733100,"Livingston, MI (CT)",682,44,726,1895,111,2006
26093733601,"Livingston, MI (CT)",561,732,1293,1096,1542,2638
26093733602,"Livingston, MI (CT)",251,1109,1360,637,2967,3604
26093740200,"Livingston, MI (CT)",692,524,1216,2020,1453,3473
26093740300,"Livingston, MI (CT)",294,411,705,813,1022,1835
26093740500,"Livingston, MI (CT)",0,957,957,0,2194,2194
26093740600,"Livingston, MI (CT)",0,1090,1090,0,3027,3027
26093740700,"Livingston, MI (CT)",34,945,979,82,2608,2690
26093740800,"Livingston, MI (CT)",0,1093,1093,0,2718,2718
26093740900,"Livingston, MI (CT)",0,725,725,0,1854,1854
26093741100,"Livingston, MI (CT)",0,1324,1324,0,2185,2185
26093741601,"Livingston, MI (CT)",0,1120,1120,0,1879,1879
26093741602,"Livingston, MI (CT)",0,1459,1459,0,3378,3378
26093742201,"Livingston, MI (CT)",339,917,1256,894,2226,3120
26093742202,"Livingston, MI (CT)",0,1003,1003,0,2015,2015
26093742401,"Livingston, MI (CT)",0,550,550,0,1140,1140
26093742402,"Livingston, MI (CT)",0,1829,1829,0,3903,3903
26093742500,"Livingston, MI (CT)",681,150,831,1768,412,2180
26093742700,"Livingston, MI (CT)",85,1482,1567,223,3420,3643
26093742900,"Livingston, MI (CT)",144,1240,1384,400,3422,3822
26093743300,"Livingston, MI (CT)",0,950,950,0,2425,2425
26093743400,"Livingston, MI (CT)",613,698,1311,1642,2053,3695
26093743500,"Livingston, MI (CT)",0,738,738,0,1878,1878
26093743600,"Livingston, MI (CT)",1,1205,1206,3,2979,2982
26093743700,"Livingston, MI (CT)",56,1062,1118,138,2598,2736
26093743800,"Livingston, MI (CT)",128,1696,1824,304,3507,3811
26093743900,"Livingston, MI (CT)",23,1498,1521,53,3585,3638
26093744200,"Livingston, MI (CT)",191,1328,1519,438,3017,3455
26093744400,"Livingston, MI (CT)",0,797,797,0,2185,2185
26093744600,"Livingston, MI (CT)",275,391,666,729,1280,2009
26093744700,"Livingston, MI (CT)",158,1260,1418,437,2491,2928
26093744800,"Livingston, MI (CT)",447,1035,1482,1254,3119,4373
26093744900,"Livingston, MI (CT)",191,935,1126,451,2075,2526
26095960100,"Luce, MI (CT)",889,1100,1989,1259,3225,4484
26095960200,"Luce, MI (CT)",2354,0,2354,2147,0,2147
26095980000,"Luce, MI (CT)",0,0,0,0,0,0
26095990000,"Luce, MI (CT)",0,0,0,0,0,0
26097950100,"Mackinac, MI (CT)",2083,0,2083,1637,0,1637
26097950200,"Mackinac, MI (CT)",2341,0,2341,2370,0,2370
26097950300,"Mackinac, MI (CT)",2261,0,2261,2021,0,2021
26097950400,"Mackinac, MI (CT)",2354,166,2520,2306,356,2662
26097950500,"Mackinac, MI (CT)",623,1182,1805,248,2175,2423
26097990000,"Mackinac, MI (CT)",0,0,0,0,0,0
26099206700,"Macomb, MI (CT)",0,1659,1659,0,3596,3596
26099210000,"Macomb, MI (CT)",1518,111,1629,4157,331,4488
26099211000,"Macomb, MI (CT)",0,2478,2478,0,5733,5733
26099212000,"Macomb, MI (CT)",1994,0,1994,5379,0,5379
26099214000,"Macomb, MI (CT)",381,610,991,1051,1597,2648
26099214500,"Macomb, MI (CT)",839,647,1486,2412,1887,4299
26099215000,"Macomb, MI (CT)",547,1321,1868,1456,3431,4887
26099215200,"Macomb, MI (CT)",91,2619,2710,238,6903,7141
26099215300,"Macomb, MI (CT)",0,1785,1785,0,4272,4272
26099215500,"Macomb, MI (CT)",217,2440,2657,594,6402,6996
26099216000,"Macomb, MI (CT)",1429,53,1482,3613,126,3739
26099217000,"Macomb, MI (CT)",1045,30,1075,2596,72,2668
26099218000,"Macomb, MI (CT)",209,2233,2442,562,7240,7802
26099220001,"Macomb, MI (CT)",0,2649,2649,0,7544,7544
26099220002,"Macomb, MI (CT)",0,2091,2091,0,4540,4540
26099221100,"Macomb, MI (CT)",0,2648,2648,0,6792,6792
26099221200,"Macomb, MI (CT)",0,2843,2843,0,5928,5928
26099221500,"Macomb, MI (CT)",208,175,383,543,524,1067
26099221800,"Macomb, MI (CT)",44,1708,1752,124,4727,4851
26099222101,"Macomb, MI (CT)",0,2203,2203,0,5388,5388
26099222102,"Macomb, MI (CT)",0,3426,3426,0,8520,8520
26099222500,"Macomb, MI (CT)",0,1655,1655,0,3699,3699
26099222800,"Macomb, MI (CT)",0,1289,1289,0,3214,3214
26099223400,"Macomb, MI (CT)",57,3021,3078,126,8504,8630
26099223500,"Macomb, MI (CT)",288,317,605,636,635,1271
26099223800,"Macomb, MI (CT)",37,4054,4091,105,13437,13542
26099223900,"Macomb, MI (CT)",0,2973,2973,0,7904,7904
26099224000,"Macomb, MI (CT)",0,3602,3602,0,11427,11427
26099224100,"Macomb, MI (CT)",0,2639,2639,0,8861,8861
26099224200,"Macomb, MI (CT)",0,3025,3025,0,8081,8081
26099224300,"Macomb, MI (CT)",0,1615,1615,0,4887,4887
26099224400,"Macomb, MI (CT)",0,1741,1741,0,5213,5213
26099224500,"Macomb, MI (CT)",0,1716,1716,0,3909,3909
26099224600,"Macomb, MI (CT)",0,2500,2500,0,5855,5855
26099225100,"Macomb, MI (CT)",0,1183,1183,0,2921,2921
26099225200,"Macomb, MI (CT)",0,2210,2210,0,5703,5703
26099225300,"Macomb, MI (CT)",0,2027,2027,0,4145,4145
26099225400,"Macomb, MI (CT)",0,2824,2824,0,7436,7436
26099225500,"Macomb, MI (CT)",0,2024,2024,0,5108,5108
26099225600,"Macomb, MI (CT)",0,2020,2020,0,4230,4230
26099225701,"Macomb, MI (CT)",0,2818,2818,0,5444,5444
26099225702,"Macomb, MI (CT)",0,703,703,0,1625,1625
26099225800,"Macomb, MI (CT)",0,2571,2571,0,6242,6242
26099225900,"Macomb, MI (CT)",0,1951,1951,0,5040,5040
26099226100,"Macomb, MI (CT)",0,2467,2467,0,7373,7373
26099226400,"Macomb, MI (CT)",0,764,764,0,2458,2458
26099226700,"Macomb, MI (CT)",0,2123,2123,0,4544,4544
26099227000,"Macomb, MI (CT)",0,2716,2716,0,6993,6993
26099227300,"Macomb, MI (CT)",0,1890,1890,0,4542,4542
26099228000,"Macomb, MI (CT)",0,1676,1676,0,3271,3271
26099228100,"Macomb, MI (CT)",0,787,787,0,1486,1486
26099230000,"Macomb, MI (CT)",0,2615,2615,0,4385,4385
26099230200,"Macomb, MI (CT)",0,2030,2030,0,5132,5132
26099230300,"Macomb, MI (CT)",0,1807,1807,0,4728,4728
26099230400,"Macomb, MI (CT)",0,1538,1538,0,3674,3674
26099230500,"Macomb, MI (CT)",0,1768,1768,0,3705,3705
26099230601,"Macomb, MI (CT)",0,3116,3116,0,7161,7161
26099230602,"Macomb, MI (CT)",0,2112,2112,0,5906,5906
26099230700,"Macomb, MI (CT)",0,1778,1778,0,5223,5223
26099230800,"Macomb, MI (CT)",0,1785,1785,0,4770,4770
26099230900,"Macomb, MI (CT)",0,3157,3157,0,7482,7482
26099231000,"Macomb, MI (CT)",0,1604,1604,0,4326,4326
26099231100,"Macomb, MI (CT)",0,1656,1656,0,3300,3300
26099231200,"Macomb, MI (CT)",0,1673,1673,0,3614,3614
26099231400,"Macomb, MI (CT)",0,1919,1919,0,5818,5818
26099231500,"Macomb, MI (CT)",0,1767,1767,0,5524,5524
26099231600,"Macomb, MI (CT)",0,2021,2021,0,4483,4483
26099231700,"Macomb, MI (CT)",0,2064,2064,0,6221,6221
26099231800,"Macomb, MI (CT)",0,1622,1622,0,3947,3947
26099231900,"Macomb, MI (CT)",0,2254,2254,0,5682,5682
26099232000,"Macomb, MI (CT)",0,800,800,0,2259,2259
26099232100,"Macomb, MI (CT)",0,2792,2792,0,6494,6494
26099232200,"Macomb, MI (CT)",0,2305,2305,0,4723,4723
26099232300,"Macomb, MI (CT)",0,2028,2028,0,4830,4830
26099232400,"Macomb, MI (CT)",0,2158,2158,0,5916,5916
26099232500,"Macomb, MI (CT)",0,1537,1537,0,4395,4395
26099233000,"Macomb, MI (CT)",0,2274,2274,0,5988,5988
26099240000,"Macomb, MI (CT)",0,2008,2008,0,3809,3809
26099240300,"Macomb, MI (CT)",0,1938,1938,0,3993,3993
26099240400,"Macomb, MI (CT)",0,2412,2412,0,5289,5289
26099240500,"Macomb, MI (CT)",0,1021,1021,0,2301,2301
26099240600,"Macomb, MI (CT)",0,3108,3108,0,6963,6963
26099240700,"Macomb, MI (CT)",0,1670,1670,0,4173,4173
26099240800,"Macomb, MI (CT)",0,2929,2929,0,5886,5886
26099240900,"Macomb, MI (CT)",0,801,801,0,1869,1869
26099241000,"Macomb, MI (CT)",0,2232,2232,0,4552,4552
26099241200,"Macomb, MI (CT)",0,2137,2137,0,4996,4996
26099241300,"Macomb, MI (CT)",0,1099,1099,0,2715,2715
26099241400,"Macomb, MI (CT)",0,1458,1458,0,3284,3284
26099241500,"Macomb, MI (CT)",0,1720,1720,0,3308,3308
26099241600,"Macomb, MI (CT)",0,1088,1088,0,2474,2474
26099241700,"Macomb, MI (CT)",0,1979,1979,0,4715,4715
26099241800,"Macomb, MI (CT)",0,2099,2099,0,5639,5639
26099241900,"Macomb, MI (CT)",0,2217,2217,0,5152,5152
26099242000,"Macomb, MI (CT)",0,3594,3594,0,5726,5726
26099242100,"Macomb, MI (CT)",0,1596,1596,0,2485,2485
26099242500,"Macomb, MI (CT)",0,2799,2799,0,5440,5440
26099243000,"Macomb, MI (CT)",0,1816,1816,0,4643,4643
26099243500,"Macomb, MI (CT)",0,2725,2725,0,5409,5409
26099244000,"Macomb, MI (CT)",0,842,842,0,1975,1975
26099245000,"Macomb, MI (CT)",0,1856,1856,0,3364,3364
26099245100,"Macomb, MI (CT)",0,1930,1930,0,3913,3913
26099245200,"Macomb, MI (CT)",0,848,848,0,2976,2976
26099245300,"Macomb, MI (CT)",0,2202,2202,0,4478,4478
26099245400,"Macomb, MI (CT)",0,746,746,0,1583,1583
26099247100,"Macomb, MI (CT)",0,628,628,0,1037,1037
26099247200,"Macomb, MI (CT)",0,3014,3014,0,6654,6654
26099247300,"Macomb, MI (CT)",0,3011,3011,0,6365,6365
26099247400,"Macomb, MI (CT)",0,1175,1175,0,2505,2505
26099247500,"Macomb, MI (CT)",0,1013,1013,0,1768,1768
26099247601,"Macomb, MI (CT)",0,1073,1073,0,1633,1633
26099247602,"Macomb, MI (CT)",0,2483,2483,0,4625,4625
26099250000,"Macomb, MI (CT)",0,984,984,0,2346,2346
26099250100,"Macomb, MI (CT)",0,998,998,0,2181,2181
26099250200,"Macomb, MI (CT)",0,1218,1218,0,2739,2739
26099250300,"Macomb, MI (CT)",0,1618,1618,0,3082,3082
26099250400,"Macomb, MI (CT)",0,651,651,0,1395,1395
26099250500,"Macomb, MI (CT)",0,959,959,0,2242,2242
26099250600,"Macomb, MI (CT)",0,1353,1353,0,2842,2842
26099250700,"Macomb, MI (CT)",0,1287,1287,0,2793,2793
26099250800,"Macomb, MI (CT)",0,1328,1328,0,2855,2855
26099250900,"Macomb, MI (CT)",0,1078,1078,0,2534,2534
26099251000,"Macomb, MI (CT)",0,818,818,0,1707,1707
26099251100,"Macomb, MI (CT)",0,910,910,0,1962,1962
26099251200,"Macomb, MI (CT)",0,1597,1597,0,3379,3379
26099251300,"Macomb, MI (CT)",0,1025,1025,0,2320,2320
26099251400,"Macomb, MI (CT)",0,1312,1312,0,3011,3011
26099251500,"Macomb, MI (CT)",0,850,850,0,1810,1810
26099251600,"Macomb, MI (CT)",0,1639,1639,0,3092,3092
26099251700,"Macomb, MI (CT)",0,1492,1492,0,2965,2965
26099251800,"Macomb, MI (CT)",0,2064,2064,0,4208,4208
26099251900,"Macomb, MI (CT)",0,1325,1325,0,2806,2806
26099252000,"Macomb, MI (CT)",0,1346,1346,0,2648,2648
26099252100,"Macomb, MI (CT)",0,1024,1024,0,2255,2255
26099252200,"Macomb, MI (CT)",0,1634,1634,0,2622,2622
26099254000,"Macomb, MI (CT)",0,703,703,0,1704,1704
26099254100,"Macomb, MI (CT)",0,1999,1999,0,4115,4115
26099254200,"Macomb, MI (CT)",0,1898,1898,0,4413,4413
26099254500,"Macomb, MI (CT)",0,1848,1848,0,4248,4248
26099255000,"Macomb, MI (CT)",0,2160,2160,0,4374,4374
26099255100,"Macomb, MI (CT)",0,1423,1423,0,3256,3256
26099255200,"Macomb, MI (CT)",0,2140,2140,0,3770,3770
26099255300,"Macomb, MI (CT)",0,1811,1811,0,3883,3883
26099255400,"Macomb, MI (CT)",0,1040,1040,0,2697,2697
26099255500,"Macomb, MI (CT)",0,723,723,0,1732,1732
26099255600,"Macomb, MI (CT)",0,1441,1441,0,3285,3285
26099255700,"Macomb, MI (CT)",0,773,773,0,1768,1768
26099255800,"Macomb, MI (CT)",0,1086,1086,0,2593,2593
26099255900,"Macomb, MI (CT)",0,804,804,0,1810,1810
26099256000,"Macomb, MI (CT)",0,955,955,0,2080,2080
26099256100,"Macomb, MI (CT)",0,1176,1176,0,2662,2662
26099256200,"Macomb, MI (CT)",0,755,755,0,1796,1796
26099256300,"Macomb, MI (CT)",0,802,802,0,1901,1901
26099256400,"Macomb, MI (CT)",0,602,602,0,1403,1403
26099256500,"Macomb, MI (CT)",0,654,654,0,1523,1523
26099256600,"Macomb, MI (CT)",0,1486,1486,0,3305,3305
26099256700,"Macomb, MI (CT)",0,709,709,0,1711,1711
26099256800,"Macomb, MI (CT)",0,720,720,0,1750,1750
26099258000,"Macomb, MI (CT)",0,1165,1165,0,2693,2693
26099258100,"Macomb, MI (CT)",0,1628,1628,0,3838,3838
26099258200,"Macomb, MI (CT)",0,1217,1217,0,2865,2865
26099258300,"Macomb, MI (CT)",0,1210,1210,0,2575,2575
26099258400,"Macomb, MI (CT)",0,2198,2198,0,5168,5168
26099258500,"Macomb, MI (CT)",0,804,804,0,1938,1938
26099258600,"Macomb, MI (CT)",0,1923,1923,0,4412,4412
26099258700,"Macomb, MI (CT)",0,1015,1015,0,2458,2458
26099258800,"Macomb, MI (CT)",0,1510,1510,0,3715,3715
26099258900,"Macomb, MI (CT)",0,1126,1126,0,2780,2780
26099260000,"Macomb, MI (CT)",0,1326,1326,0,3272,3272
26099260100,"Macomb, MI (CT)",0,1380,1380,0,3048,3048
26099260200,"Macomb, MI (CT)",0,937,937,0,2342,2342
26099260300,"Macomb, MI (CT)",0,1291,1291,0,2758,2758
26099260400,"Macomb, MI (CT)",0,1853,1853,0,3919,3919
26099260600,"Macomb, MI (CT)",0,1180,1180,0,2713,2713
26099260700,"Macomb, MI (CT)",0,1240,1240,0,2872,2872
26099260800,"Macomb, MI (CT)",0,1002,1002,0,2590,2590
26099260900,"Macomb, MI (CT)",0,1799,1799,0,4567,4567
26099261000,"Macomb, MI (CT)",0,1402,1402,0,3167,3167
26099261100,"Macomb, MI (CT)",0,2246,2246,0,4567,4567
26099261200,"Macomb, MI (CT)",0,1143,1143,0,2776,2776
26099261300,"Macomb, MI (CT)",0,1219,1219,0,2984,2984
26099261400,"Macomb, MI (CT)",0,1082,1082,0,2677,2677
26099261500,"Macomb, MI (CT)",0,1669,1669,0,3094,3094
26099261600,"Macomb, MI (CT)",0,541,541,0,1352,1352
26099261700,"Macomb, MI (CT)",0,1174,1174,0,2376,2376
26099261800,"Macomb, MI (CT)",0,1146,1146,0,2692,2692
26099261900,"Macomb, MI (CT)",0,1276,1276,0,2772,2772
26099262000,"Macomb, MI (CT)",0,1397,1397,0,3189,3189
26099262100,"Macomb, MI (CT)",0,582,582,0,1243,1243
26099262200,"Macomb, MI (CT)",0,1809,1809,0,4493,4493
26099262300,"Macomb, MI (CT)",0,1821,1821,0,3958,3958
26099262400,"Macomb, MI (CT)",0,1418,1418,0,3247,3247
26099262500,"Macomb, MI (CT)",0,2419,2419,0,5195,5195
26099262600,"Macomb, MI (CT)",0,1167,1167,0,2412,2412
26099262700,"Macomb, MI (CT)",0,2091,2091,0,4902,4902
26099262800,"Macomb, MI (CT)",0,1071,1071,0,2378,2378
26099262900,"Macomb, MI (CT)",0,1691,1691,0,4122,4122
26099263200,"Macomb, MI (CT)",0,1311,1311,0,3019,3019
26099263400,"Macomb, MI (CT)",0,1484,1484,0,3759,3759
26099263500,"Macomb, MI (CT)",0,1884,1884,0,4233,4233
26099263600,"Macomb, MI (CT)",0,2320,2320,0,5279,5279
26099263700,"Macomb, MI (CT)",0,1915,1915,0,4868,4868
26099263800,"Macomb, MI (CT)",0,1259,1259,0,3106,3106
26099263900,"Macomb, MI (CT)",0,1440,1440,0,3616,3616
26099264000,"Macomb, MI (CT)",0,843,843,0,2008,2008
26099264200,"Macomb, MI (CT)",0,1770,1770,0,4186,4186
26099267600,"Macomb, MI (CT)",0,584,584,0,1443,1443
26099268000,"Macomb, MI (CT)",0,2741,2741,0,5653,5653
26099268100,"Macomb, MI (CT)",0,1179,1179,0,2604,2604
26099268200,"Macomb, MI (CT)",0,1556,1556,0,3922,3922
26099268300,"Macomb, MI (CT)",0,1239,1239,0,2989,2989
26099268400,"Macomb, MI (CT)",0,1515,1515,0,3724,3724
26099982000,"Macomb, MI (CT)",0,10,10,0,13,13
26099982100,"Macomb, MI (CT)",0,207,207,0,0,0
26099982200,"Macomb, MI (CT)",0,0,0,0,36,36
26099982300,"Macomb, MI (CT)",0,2,2,0,113,113
26099990100,"Macomb, MI (CT)",0,0,0,0,0,0
26101000100,"Manistee, MI (CT)",2343,0,2343,3536,0,3536
26101000200,"Manistee, MI (CT)",1616,0,1616,1933,0,1933
26101000300,"Manistee, MI (CT)",1493,0,1493,1956,0,1956
26101000400,"Manistee, MI (CT)",973,324,1297,1814,523,2337
26101000500,"Manistee, MI (CT)",1879,1,1880,2764,1048,3812
26101000600,"Manistee, MI (CT)",1742,0,1742,1641,0,1641
26101000700,"Manistee, MI (CT)",822,1271,2093,1483,2595,4078
26101000800,"Manistee, MI (CT)",0,1724,1724,0,3309,3309
26101000900,"Manistee, MI (CT)",0,1506,1506,0,2131,2131
26101990000,"Manistee, MI (CT)",0,0,0,0,0,0
26103000100,"Marquette, MI (CT)",0,1047,1047,0,1906,1906
26103000200,"Marquette, MI (CT)",0,1015,1015,0,2160,2160
26103000300,"Marquette, MI (CT)",0,1038,1038,0,2151,2151
26103000400,"Marquette, MI (CT)",0,922,922,0,1927,1927
26103000500,"Marquette, MI (CT)",0,144,144,0,2557,2557
26103000600,"Marquette, MI (CT)",0,1092,1092,0,2475,2475
26103000700,"Marquette, MI (CT)",0,1862,1862,0,3462,3462
26103001100,"Marquette, MI (CT)",381,512,893,462,1103,1565
26103001200,"Marquette, MI (CT)",2102,567,2669,4269,1296,5565
26103001300,"Marquette, MI (CT)",1175,474,1649,2550,1178,3728
26103001500,"Marquette, MI (CT)",1438,0,1438,2967,0,2967
26103001600,"Marquette, MI (CT)",56,937,993,124,2161,2285
26103001700,"Marquette, MI (CT)",327,764,1091,690,1544,2234
26103001800,"Marquette, MI (CT)",99,1148,1247,235,2428,2663
26103001900,"Marquette, MI (CT)",0,866,866,0,1691,1691
26103002000,"Marquette, MI (CT)",180,956,1136,322,1996,2318
26103002100,"Marquette, MI (CT)",238,972,1210,563,2415,2978
26103002200,"Marquette, MI (CT)",1681,29,1710,3051,66,3117
26103002300,"Marquette, MI (CT)",2492,0,2492,2308,0,2308
26103002400,"Marquette, MI (CT)",1613,0,1613,2638,0,2638
26103002500,"Marquette, MI (CT)",1250,0,1250,2385,0,2385
26103002600,"Marquette, MI (CT)",2321,0,2321,2405,0,2405
26103002800,"Marquette, MI (CT)",316,1569,1885,758,4522,5280
26103002900,"Marquette, MI (CT)",1771,976,2747,2103,2209,4312
26103990000,"Marquette, MI (CT)",0,0,0,0,0,0
26105950100,"Mason, MI (CT)",1894,0,1894,2620,0,2620
26105950200,"Mason, MI (CT)",2178,0,2178,3601,0,3601
26105950300,"Mason, MI (CT)",1185,984,2169,1586,1843,3429
26105950400,"Mason, MI (CT)",0,2430,2430,0,4639,4639
26105950500,"Mason, MI (CT)",0,1945,1945,0,3560,3560
26105950600,"Mason, MI (CT)",1980,370,2350,4301,668,4969
26105950700,"Mason, MI (CT)",2453,0,2453,3139,0,3139
26105950800,"Mason, MI (CT)",1874,0,1874,2748,0,2748
26105990000,"Mason, MI (CT)",0,0,0,0,0,0
26107960100,"Mecosta, MI (CT)",1451,0,1451,2481,0,2481
26107960200,"Mecosta, MI (CT)",2346,0,2346,2860,0,2860
26107960300,"Mecosta, MI (CT)",1605,179,1784,2373,496,2869
26107960400,"Mecosta, MI (CT)",1713,383,2096,3570,864,4434
26107960500,"Mecosta, MI (CT)",165,1725,1890,429,3598,4027
26107960600,"Mecosta, MI (CT)",0,1604,1604,0,3543,3543
26107960700,"Mecosta, MI (CT)",1387,1201,2588,2930,3524,6454
26107960800,"Mecosta, MI (CT)",1957,0,1957,4944,0,4944
26107960900,"Mecosta, MI (CT)",2242,0,2242,3197,0,3197
26107961000,"Mecosta, MI (CT)",3148,0,3148,5773,0,5773
26107981300,"Mecosta, MI (CT)",0,25,25,0,2216,2216
26109960100,"Menominee, MI (CT)",2284,0,2284,3521,0,3521
26109960200,"Menominee, MI (CT)",2436,0,2436,4088,0,4088
26109960300,"Menominee, MI (CT)",1908,0,1908,2484,0,2484
26109960400,"Menominee, MI (CT)",2173,0,2173,3431,0,3431
26109960500,"Menominee, MI (CT)",933,566,1499,1935,1033,2968
26109960600,"Menominee, MI (CT)",0,1994,1994,0,3975,3975
26109960700,"Menominee, MI (CT)",0,1933,1933,0,3562,3562
26109990000,"Menominee, MI (CT)",0,0,0,0,0,0
26111290100,"Midland, MI (CT)",0,1721,1721,0,3526,3526
26111290200,"Midland, MI (CT)",0,2136,2136,0,3653,3653
26111290300,"Midland, MI (CT)",0,1734,1734,0,3955,3955
26111290400,"Midland, MI (CT)",23,772,795,63,2355,2418
26111290500,"Midland, MI (CT)",255,512,767,659,1310,1969
26111290600,"Midland, MI (CT)",29,1107,1136,56,2362,2418
26111290700,"Midland, MI (CT)",0,1717,1717,0,3614,3614
26111290800,"Midland, MI (CT)",0,2158,2158,0,5460,5460
26111290900,"Midland, MI (CT)",0,3123,3123,0,7688,7688
26111291000,"Midland, MI (CT)",0,2803,2803,0,6256,6256
26111291101,"Midland, MI (CT)",1580,0,1580,3675,0,3675
26111291102,"Midland, MI (CT)",2005,1538,3543,5328,3649,8977
26111291200,"Midland, MI (CT)",1646,493,2139,4142,1222,5364
26111291300,"Midland, MI (CT)",1725,0,1725,4368,0,4368
26111291400,"Midland, MI (CT)",1731,0,1731,4208,0,4208
26111291500,"Midland, MI (CT)",1683,0,1683,4315,0,4315
26111291601,"Midland, MI (CT)",877,419,1296,1753,798,2551
26111291602,"Midland, MI (CT)",1181,961,2142,2792,2004,4796
26111291700,"Midland, MI (CT)",2031,0,2031,4418,0,4418
26113960100,"Missaukee, MI (CT)",2735,0,2735,3882,0,3882
26113960200,"Missaukee, MI (CT)",2435,0,2435,3223,0,3223
26113960300,"Missaukee, MI (CT)",2154,0,2154,4839,0,4839
26113960400,"Missaukee, MI (CT)",1793,0,1793,2905,0,2905
26115830100,"Monroe, MI (CT)",533,999,1532,1366,2174,3540
26115830200,"Monroe, MI (CT)",826,1462,2288,2021,3738,5759
26115830300,"Monroe, MI (CT)",1197,306,1503,2936,815,3751
26115830400,"Monroe, MI (CT)",576,1128,1704,1493,2539,4032
26115830500,"Monroe, MI (CT)",1525,0,1525,3968,0,3968
26115830600,"Monroe, MI (CT)",1187,0,1187,3050,0,3050
26115830700,"Monroe, MI (CT)",603,919,1522,1503,2162,3665
26115830800,"Monroe, MI (CT)",1165,1684,2849,2960,3799,6759
26115830900,"Monroe, MI (CT)",1024,10,1034,2732,28,2760
26115831000,"Monroe, MI (CT)",798,376,1174,2112,944,3056
26115831100,"Monroe, MI (CT)",547,500,1047,1344,1201,2545
26115831200,"Monroe, MI (CT)",490,2263,2753,1292,5319,6611
26115831300,"Monroe, MI (CT)",189,2018,2207,480,4816,5296
26115831400,"Monroe, MI (CT)",513,2690,3203,1386,5931,7317
26115831500,"Monroe, MI (CT)",0,1562,1562,0,3478,3478
26115831600,"Monroe, MI (CT)",0,1632,1632,0,3332,3332
26115831700,"Monroe, MI (CT)",93,1548,1641,224,3833,4057
26115831800,"Monroe, MI (CT)",0,578,578,0,1454,1454
26115831900,"Monroe, MI (CT)",0,596,596,0,1502,1502
26115832000,"Monroe, MI (CT)",0,832,832,0,1783,1783
26115832100,"Monroe, MI (CT)",0,1476,1476,0,3012,3012
26115832200,"Monroe, MI (CT)",0,834,834,0,1864,1864
26115832300,"Monroe, MI (CT)",0,1940,1940,0,4606,4606
26115832400,"Monroe, MI (CT)",636,1114,1750,1653,2504,4157
26115832500,"Monroe, MI (CT)",10,2029,2039,15,4700,4715
26115832600,"Monroe, MI (CT)",632,268,900,1571,633,2204
26115832700,"Monroe, MI (CT)",944,127,1071,2390,300,2690
26115832800,"Monroe, MI (CT)",1772,67,1839,4786,178,4964
26115832900,"Monroe, MI (CT)",1725,0,1725,4454,0,4454
26115833000,"Monroe, MI (CT)",1614,243,1857,3976,626,4602
26115833100,"Monroe, MI (CT)",807,1213,2020,2033,3116,5149
26115833200,"Monroe, MI (CT)",854,661,1515,2241,1828,4069
26115833300,"Monroe, MI (CT)",0,2644,2644,0,6718,6718
26115833500,"Monroe, MI (CT)",276,1945,2221,615,4401,5016
26115833600,"Monroe, MI (CT)",772,612,1384,1853,1403,3256
26115833700,"Monroe, MI (CT)",1106,181,1287,2375,322,2697
26115833800,"Monroe, MI (CT)",93,2029,2122,264,4852,5116
26115833900,"Monroe, MI (CT)",0,1978,1978,0,5017,5017
26115990000,"Monroe, MI (CT)",0,0,0,0,0,0
26117970100,"Montcalm, MI (CT)",1978,0,1978,4444,0,4444
26117970200,"Montcalm, MI (CT)",1612,0,1612,3494,0,3494
26117970300,"Montcalm, MI (CT)",1807,0,1807,3295,0,3295
26117970400,"Montcalm, MI (CT)",1909,0,1909,3420,0,3420
26117970500,"Montcalm, MI (CT)",3240,0,3240,7705,0,7705
26117970600,"Montcalm, MI (CT)",2522,0,2522,5186,0,5186
26117970700,"Montcalm, MI (CT)",2321,0,2321,5101,0,5101
26117970800,"Montcalm, MI (CT)",2228,0,2228,4453,0,4453
26117970900,"Montcalm, MI (CT)",1944,0,1944,3222,0,3222
26117971000,"Montcalm, MI (CT)",1923,0,1923,7156,0,7156
26117971100,"Montcalm, MI (CT)",1655,399,2054,4174,1033,5207
26117971200,"Montcalm, MI (CT)",355,2034,2389,891,4675,5566
26117971300,"Montcalm, MI (CT)",456,1838,2294,1058,4035,5093
26119910100,"Montmorency, MI (CT)",2302,0,2302,2508,0,2508
26119910200,"Montmorency, MI (CT)",1763,0,1763,1597,0,1597
26119910300,"Montmorency, MI (CT)",1690,0,1690,1808,0,1808
26119910400,"Montmorency, MI (CT)",2107,0,2107,2372,0,2372
26119910500,"Montmorency, MI (CT)",1735,0,1735,1480,0,1480
26121000100,"Muskegon, MI (CT)",0,2130,2130,0,4659,4659
26121000300,"Muskegon, MI (CT)",0,1323,1323,0,3069,3069
26121000401,"Muskegon, MI (CT)",0,1987,1987,0,4798,4798
26121000402,"Muskegon, MI (CT)",0,329,329,0,4586,4586
26121000500,"Muskegon, MI (CT)",0,2101,2101,0,4864,4864
26121000601,"Muskegon, MI (CT)",0,662,662,0,1733,1733
26121000800,"Muskegon, MI (CT)",0,1559,1559,0,3152,3152
26121000900,"Muskegon, MI (CT)",0,1719,1719,0,3529,3529
26121001000,"Muskegon, MI (CT)",0,846,846,0,1230,1230
26121001200,"Muskegon, MI (CT)",0,1020,1020,0,2480,2480
26121001300,"Muskegon, MI (CT)",0,1117,1117,0,2498,2498
26121001402,"Muskegon, MI (CT)",0,1762,1762,0,3859,3859
26121001500,"Muskegon, MI (CT)",1,1826,1827,2,3768,3770
26121001600,"Muskegon, MI (CT)",812,357,1169,1858,814,2672
26121001700,"Muskegon, MI (CT)",321,1692,2013,815,4085,4900
26121001800,"Muskegon, MI (CT)",326,1536,1862,899,3876,4775
26121001901,"Muskegon, MI (CT)",255,1185,1440,663,3253,3916
26121001902,"Muskegon, MI (CT)",0,2169,2169,0,4947,4947
26121002000,"Muskegon, MI (CT)",0,1631,1631,0,3922,3922
26121002100,"Muskegon, MI (CT)",0,1730,1730,0,3105,3105
26121002200,"Muskegon, MI (CT)",0,1925,1925,0,3831,3831
26121002300,"Muskegon, MI (CT)",0,2424,2424,0,5699,5699
26121002400,"Muskegon, MI (CT)",0,1685,1685,0,3260,3260
26121002500,"Muskegon, MI (CT)",249,2961,3210,340,7237,7577
26121002601,"Muskegon, MI (CT)",0,1690,1690,0,3383,3383
26121002602,"Muskegon, MI (CT)",83,1846,1929,151,3923,4074
26121002700,"Muskegon, MI (CT)",305,2617,2922,799,6854,7653
26121002800,"Muskegon, MI (CT)",771,1696,2467,1890,4055,5945
26121002900,"Muskegon, MI (CT)",1937,141,2078,4954,392,5346
26121003000,"Muskegon, MI (CT)",1640,0,1640,4380,0,4380
26121003100,"Muskegon, MI (CT)",735,1057,1792,2056,2691,4747
26121003200,"Muskegon, MI (CT)",504,1589,2093,1374,3794,5168
26121003300,"Muskegon, MI (CT)",1984,218,2202,4659,436,5095
26121003400,"Muskegon, MI (CT)",967,717,1684,2341,1840,4181
26121003500,"Muskegon, MI (CT)",1650,0,1650,3978,0,3978
26121003600,"Muskegon, MI (CT)",951,1673,2624,2478,4100,6578
26121003700,"Muskegon, MI (CT)",941,1792,2733,1664,3823,5487
26121003800,"Muskegon, MI (CT)",634,1131,1765,1099,2274,3373
26121003900,"Muskegon, MI (CT)",957,46,1003,1787,128,1915
26121004000,"Muskegon, MI (CT)",848,46,894,1958,113,2071
26121004200,"Muskegon, MI (CT)",0,1811,1811,0,3963,3963
26121004300,"Muskegon, MI (CT)",0,944,944,0,2020,2020
26121990000,"Muskegon, MI (CT)",0,0,0,0,0,0
26123970100,"Newaygo, MI (CT)",4091,0,4091,4770,0,4770
26123970300,"Newaygo, MI (CT)",2002,0,2002,3640,0,3640
26123970400,"Newaygo, MI (CT)",1893,241,2134,4711,476,5187
26123970500,"Newaygo, MI (CT)",227,1943,2170,531,4020,4551
26123970600,"Newaygo, MI (CT)",2067,0,2067,4020,0,4020
26123970700,"Newaygo, MI (CT)",1954,0,1954,4275,0,4275
26123970800,"Newaygo, MI (CT)",2233,0,2233,3441,0,3441
26123970900,"Newaygo, MI (CT)",1489,662,2151,2985,1534,4519
26123971000,"Newaygo, MI (CT)",2131,21,2152,5039,20,5059
26123971100,"Newaygo, MI (CT)",1153,960,2113,2798,1383,4181
26123971200,"Newaygo, MI (CT)",1829,179,2008,4419,398,4817
26125120000,"Oakland, MI (CT)",1214,0,1214,3115,0,3115
26125120300,"Oakland, MI (CT)",1302,26,1328,3164,66,3230
26125121000,"Oakland, MI (CT)",225,1143,1368,563,2845,3408
26125121400,"Oakland, MI (CT)",265,1197,1462,759,3232,3991
26125121500,"Oakland, MI (CT)",0,1468,1468,0,3436,3436
26125121700,"Oakland, MI (CT)",154,1817,1971,456,4742,5198
26125121800,"Oakland, MI (CT)",0,1668,1668,0,4499,4499
26125122200,"Oakland, MI (CT)",1248,0,1248,3517,0,3517
26125122400,"Oakland, MI (CT)",998,1504,2502,2882,3873,6755
26125122700,"Oakland, MI (CT)",770,478,1248,2046,976,3022
26125122900,"Oakland, MI (CT)",76,650,726,207,1674,1881
26125123000,"Oakland, MI (CT)",671,361,1032,1732,664,2396
26125123100,"Oakland, MI (CT)",990,135,1125,2710,370,3080
26125124000,"Oakland, MI (CT)",1167,999,2166,2907,2376,5283
26125124500,"Oakland, MI (CT)",0,2701,2701,0,6079,6079
26125125000,"Oakland, MI (CT)",1166,139,1305,3069,388,3457
26125125600,"Oakland, MI (CT)",1180,0,1180,2793,0,2793
26125126200,"Oakland, MI (CT)",318,644,962,837,1820,2657
26125126300,"Oakland, MI (CT)",131,1739,1870,361,4130,4491
26125126400,"Oakland, MI (CT)",953,409,1362,2496,1178,3674
26125126500,"Oakland, MI (CT)",697,472,1169,1960,1158,3118
26125127000,"Oakland, MI (CT)",216,1795,2011,710,5026,5736
26125127100,"Oakland, MI (CT)",1059,846,1905,2932,2364,5296
26125127200,"Oakland, MI (CT)",0,709,709,0,1650,1650
26125127300,"Oakland, MI (CT)",0,2145,2145,0,4368,4368
26125127400,"Oakland, MI (CT)",0,699,699,0,1686,1686
26125127500,"Oakland, MI (CT)",0,2557,2557,0,6533,6533
26125127600,"Oakland, MI (CT)",0,1383,1383,0,4015,4015
26125127700,"Oakland, MI (CT)",0,2740,2740,0,6279,6279
26125128000,"Oakland, MI (CT)",0,1233,1233,0,3275,3275
26125128100,"Oakland, MI (CT)",0,1157,1157,0,2804,2804
26125128200,"Oakland, MI (CT)",0,1182,1182,0,3209,3209
26125128300,"Oakland, MI (CT)",0,2024,2024,0,4380,4380
26125128400,"Oakland, MI (CT)",0,1459,1459,0,3485,3485
26125128500,"Oakland, MI (CT)",0,1244,1244,0,3193,3193
26125128600,"Oakland, MI (CT)",0,1177,1177,0,3353,3353
26125128700,"Oakland, MI (CT)",0,642,642,0,2185,2185
26125128800,"Oakland, MI (CT)",0,592,592,0,1601,1601
26125128900,"Oakland, MI (CT)",148,1657,1805,451,4485,4936
26125129000,"Oakland, MI (CT)",0,1483,1483,0,2973,2973
26125130000,"Oakland, MI (CT)",70,1486,1556,168,3173,3341
26125130100,"Oakland, MI (CT)",640,252,892,1564,648,2212
26125130200,"Oakland, MI (CT)",96,1926,2022,265,4979,5244
26125130300,"Oakland, MI (CT)",15,1382,1397,45,3905,3950
26125130400,"Oakland, MI (CT)",0,1238,1238,0,2904,2904
26125130500,"Oakland, MI (CT)",0,1221,1221,0,2965,2965
26125130600,"Oakland, MI (CT)",0,1334,1334,0,3118,3118
26125130700,"Oakland, MI (CT)",0,2558,2558,0,6299,6299
26125131100,"Oakland, MI (CT)",0,864,864,0,2251,2251
26125131300,"Oakland, MI (CT)",662,1177,1839,1693,2933,4626
26125131400,"Oakland, MI (CT)",0,894,894,0,2076,2076
26125131500,"Oakland, MI (CT)",150,1378,1528,423,3413,3836
26125131600,"Oakland, MI (CT)",454,501,955,1237,1351,2588
26125131800,"Oakland, MI (CT)",607,1001,1608,1472,2353,3825
26125132100,"Oakland, MI (CT)",954,1295,2249,2610,2840,5450
26125132500,"Oakland, MI (CT)",0,1542,1542,0,3307,3307
26125132600,"Oakland, MI (CT)",710,749,1459,1907,2204,4111
26125132700,"Oakland, MI (CT)",0,1235,1235,0,2868,2868
26125133001,"Oakland, MI (CT)",0,943,943,0,2977,2977
26125133002,"Oakland, MI (CT)",0,1291,1291,0,3501,3501
26125133003,"Oakland, MI (CT)",0,1483,1483,0,3060,3060
26125133100,"Oakland, MI (CT)",0,2860,2860,0,3960,3960
26125134000,"Oakland, MI (CT)",0,1899,1899,0,4898,4898
26125134300,"Oakland, MI (CT)",0,1902,1902,0,4819,4819
26125134400,"Oakland, MI (CT)",0,1792,1792,0,4607,4607
26125134500,"Oakland, MI (CT)",0,1277,1277,0,3271,3271
26125134600,"Oakland, MI (CT)",0,1711,1711,0,4078,4078
26125134700,"Oakland, MI (CT)",0,1492,1492,0,2863,2863
26125134800,"Oakland, MI (CT)",0,1561,1561,0,3139,3139
26125134900,"Oakland, MI (CT)",0,2078,2078,0,3909,3909
26125135000,"Oakland, MI (CT)",0,1078,1078,0,2657,2657
26125135100,"Oakland, MI (CT)",162,1778,1940,442,4896,5338
26125135200,"Oakland, MI (CT)",0,1236,1236,0,2855,2855
26125135300,"Oakland, MI (CT)",0,1526,1526,0,4737,4737
26125136000,"Oakland, MI (CT)",0,1328,1328,0,2540,2540
26125136101,"Oakland, MI (CT)",0,1950,1950,0,4317,4317
26125136102,"Oakland, MI (CT)",0,2563,2563,0,4068,4068
26125136300,"Oakland, MI (CT)",0,2099,2099,0,4791,4791
26125136500,"Oakland, MI (CT)",0,2472,2472,0,5186,5186
26125136600,"Oakland, MI (CT)",0,3343,3343,0,7838,7838
26125136700,"Oakland, MI (CT)",0,2495,2495,0,5630,5630
26125136800,"Oakland, MI (CT)",0,2320,2320,0,4319,4319
26125137100,"Oakland, MI (CT)",0,3082,3082,0,8702,8702
26125137400,"Oakland, MI (CT)",69,1846,1915,215,6090,6305
26125137700,"Oakland, MI (CT)",0,719,719,0,1678,1678
26125137800,"Oakland, MI (CT)",0,1376,1376,0,3231,3231
26125138100,"Oakland, MI (CT)",331,1140,1471,875,3164,4039
26125138301,"Oakland, MI (CT)",121,1295,1416,347,3307,3654
26125138302,"Oakland, MI (CT)",272,1649,1921,702,3977,4679
26125138600,"Oakland, MI (CT)",326,418,744,829,1187,2016
26125139200,"Oakland, MI (CT)",0,3252,3252,0,6449,6449
26125139400,"Oakland, MI (CT)",0,1936,1936,0,5035,5035
26125140100,"Oakland, MI (CT)",0,547,547,0,1171,1171
26125140301,"Oakland, MI (CT)",0,2130,2130,0,3826,3826
26125140302,"Oakland, MI (CT)",0,1877,1877,0,3556,3556
26125140500,"Oakland, MI (CT)",0,1229,1229,0,2301,2301
26125140600,"Oakland, MI (CT)",0,1019,1019,0,2453,2453
26125140700,"Oakland, MI (CT)",0,1069,1069,0,2342,2342
26125140800,"Oakland, MI (CT)",0,2073,2073,0,4362,4362
26125140900,"Oakland, MI (CT)",0,1321,1321,0,4606,4606
26125141000,"Oakland, MI (CT)",0,2654,2654,0,5770,5770
26125141100,"Oakland, MI (CT)",0,1422,1422,0,3132,3132
26125141200,"Oakland, MI (CT)",0,1580,1580,0,3023,3023
26125141300,"Oakland, MI (CT)",0,1622,1622,0,3744,3744
26125141400,"Oakland, MI (CT)",0,1793,1793,0,4053,4053
26125141500,"Oakland, MI (CT)",0,2509,2509,0,5871,5871
26125141600,"Oakland, MI (CT)",0,1804,1804,0,4371,4371
26125141700,"Oakland, MI (CT)",0,1415,1415,0,3228,3228
26125142000,"Oakland, MI (CT)",0,1284,1284,0,2328,2328
26125142100,"Oakland, MI (CT)",0,875,875,0,1636,1636
26125142200,"Oakland, MI (CT)",0,1628,1628,0,2903,2903
26125142300,"Oakland, MI (CT)",0,1237,1237,0,2264,2264
26125142400,"Oakland, MI (CT)",0,1472,1472,0,3460,3460
26125142500,"Oakland, MI (CT)",0,799,799,0,1598,1598
26125142600,"Oakland, MI (CT)",0,1796,1796,0,3584,3584
26125142700,"Oakland, MI (CT)",0,1789,1789,0,3713,3713
26125143500,"Oakland, MI (CT)",0,2449,2449,0,5983,5983
26125144100,"Oakland, MI (CT)",0,1880,1880,0,4288,4288
26125144200,"Oakland, MI (CT)",0,1841,1841,0,4488,4488
26125144300,"Oakland, MI (CT)",0,1597,1597,0,3763,3763
26125144400,"Oakland, MI (CT)",0,2010,2010,0,5063,5063
26125144500,"Oakland, MI (CT)",0,1318,1318,0,2880,2880
26125144600,"Oakland, MI (CT)",0,1672,1672,0,3880,3880
26125144701,"Oakland, MI (CT)",0,1821,1821,0,3587,3587
26125144800,"Oakland, MI (CT)",0,1146,1146,0,2600,2600
26125144900,"Oakland, MI (CT)",0,2118,2118,0,3736,3736
26125145100,"Oakland, MI (CT)",0,956,956,0,2266,2266
26125145200,"Oakland, MI (CT)",0,1682,1682,0,3485,3485
26125145300,"Oakland, MI (CT)",0,1988,1988,0,4459,4459
26125145400,"Oakland, MI (CT)",0,1926,1926,0,4100,4100
26125145501,"Oakland, MI (CT)",0,1555,1555,0,3563,3563
26125145502,"Oakland, MI (CT)",0,1652,1652,0,3868,3868
26125145600,"Oakland, MI (CT)",0,1941,1941,0,4504,4504
26125145700,"Oakland, MI (CT)",0,1194,1194,0,2621,2621
26125145900,"Oakland, MI (CT)",0,1502,1502,0,2863,2863
26125150000,"Oakland, MI (CT)",0,2556,2556,0,5048,5048
26125150100,"Oakland, MI (CT)",0,1886,1886,0,3663,3663
26125150200,"Oakland, MI (CT)",0,1045,1045,0,2399,2399
26125150300,"Oakland, MI (CT)",0,2042,2042,0,4784,4784
26125150400,"Oakland, MI (CT)",0,993,993,0,2739,2739
26125150500,"Oakland, MI (CT)",0,1130,1130,0,2939,2939
26125150600,"Oakland, MI (CT)",0,1193,1193,0,2730,2730
26125150700,"Oakland, MI (CT)",0,1643,1643,0,4290,4290
26125150800,"Oakland, MI (CT)",0,1742,1742,0,4155,4155
26125150900,"Oakland, MI (CT)",0,1679,1679,0,3485,3485
26125151000,"Oakland, MI (CT)",0,1972,1972,0,5065,5065
26125152000,"Oakland, MI (CT)",0,1659,1659,0,3869,3869
26125152600,"Oakland, MI (CT)",0,1701,1701,0,3758,3758
26125152700,"Oakland, MI (CT)",0,1185,1185,0,2912,2912
26125152900,"Oakland, MI (CT)",0,2094,2094,0,3736,3736
26125153000,"Oakland, MI (CT)",0,1207,1207,0,2065,2065
26125153100,"Oakland, MI (CT)",0,1011,1011,0,2244,2244
26125153200,"Oakland, MI (CT)",0,1195,1195,0,1888,1888
26125153300,"Oakland, MI (CT)",0,1588,1588,0,3504,3504
26125154000,"Oakland, MI (CT)",0,862,862,0,1717,1717
26125154100,"Oakland, MI (CT)",0,1218,1218,0,2856,2856
26125154200,"Oakland, MI (CT)",0,1473,1473,0,2970,2970
26125154500,"Oakland, MI (CT)",0,869,869,0,2375,2375
26125154600,"Oakland, MI (CT)",0,1031,1031,0,2969,2969
26125156000,"Oakland, MI (CT)",0,1225,1225,0,2596,2596
26125156100,"Oakland, MI (CT)",0,1604,1604,0,4628,4628
26125156200,"Oakland, MI (CT)",0,2576,2576,0,6905,6905
26125156300,"Oakland, MI (CT)",0,1525,1525,0,3941,3941
26125156400,"Oakland, MI (CT)",0,1546,1546,0,3805,3805
26125156500,"Oakland, MI (CT)",0,1752,1752,0,4462,4462
26125156900,"Oakland, MI (CT)",0,1108,1108,0,2886,2886
26125157000,"Oakland, MI (CT)",0,873,873,0,2295,2295
26125157100,"Oakland, MI (CT)",0,738,738,0,1853,1853
26125157200,"Oakland, MI (CT)",0,1371,1371,0,3385,3385
26125157300,"Oakland, MI (CT)",0,1444,1444,0,3117,3117
26125157400,"Oakland, MI (CT)",0,891,891,0,2582,2582
26125157500,"Oakland, MI (CT)",0,1591,1591,0,2811,2811
26125157600,"Oakland, MI (CT)",0,1807,1807,0,4719,4719
26125157700,"Oakland, MI (CT)",0,767,767,0,2741,2741
26125157800,"Oakland, MI (CT)",0,1709,1709,0,3414,3414
26125157900,"Oakland, MI (CT)",0,1039,1039,0,2728,2728
26125158000,"Oakland, MI (CT)",0,1410,1410,0,3716,3716
26125158100,"Oakland, MI (CT)",0,1261,1261,0,3170,3170
26125158200,"Oakland, MI (CT)",0,1543,1543,0,3387,3387
26125159000,"Oakland, MI (CT)",0,1734,1734,0,4274,4274
26125160000,"Oakland, MI (CT)",0,1698,1698,0,4075,4075
26125160300,"Oakland, MI (CT)",0,2268,2268,0,2222,2222
26125160400,"Oakland, MI (CT)",0,1655,1655,0,2580,2580
26125160500,"Oakland, MI (CT)",0,1735,1735,0,3898,3898
26125160600,"Oakland, MI (CT)",0,1844,1844,0,4481,4481
26125160700,"Oakland, MI (CT)",0,655,655,0,1529,1529
26125160800,"Oakland, MI (CT)",0,1952,1952,0,3901,3901
26125160900,"Oakland, MI (CT)",0,2426,2426,0,4017,4017
26125161000,"Oakland, MI (CT)",0,990,990,0,1909,1909
26125161100,"Oakland, MI (CT)",0,2495,2495,0,3548,3548
26125161200,"Oakland, MI (CT)",0,1921,1921,0,4977,4977
26125161300,"Oakland, MI (CT)",0,1718,1718,0,3905,3905
26125161400,"Oakland, MI (CT)",0,1600,1600,0,3666,3666
26125161500,"Oakland, MI (CT)",0,752,752,0,1926,1926
26125161600,"Oakland, MI (CT)",0,1223,1223,0,2616,2616
26125161700,"Oakland, MI (CT)",0,1148,1148,0,2710,2710
26125161800,"Oakland, MI (CT)",0,1933,1933,0,4058,4058
26125161900,"Oakland, MI (CT)",0,959,959,0,2207,2207
26125162000,"Oakland, MI (CT)",0,1499,1499,0,3724,3724
26125162100,"Oakland, MI (CT)",0,2016,2016,0,3274,3274
26125162200,"Oakland, MI (CT)",0,799,799,0,1274,1274
26125162300,"Oakland, MI (CT)",0,1700,1700,0,3789,3789
26125162400,"Oakland, MI (CT)",0,915,915,0,2045,2045
26125162500,"Oakland, MI (CT)",0,1783,1783,0,3483,3483
26125165000,"Oakland, MI (CT)",0,1520,1520,0,2887,2887
26125165100,"Oakland, MI (CT)",0,1861,1861,0,3896,3896
26125165200,"Oakland, MI (CT)",0,1581,1581,0,3592,3592
26125166000,"Oakland, MI (CT)",0,1254,1254,0,2379,2379
26125166100,"Oakland, MI (CT)",0,1620,1620,0,3600,3600
26125166200,"Oakland, MI (CT)",0,1035,1035,0,2802,2802
26125166400,"Oakland, MI (CT)",0,1260,1260,0,3445,3445
26125166500,"Oakland, MI (CT)",0,1058,1058,0,2770,2770
26125166600,"Oakland, MI (CT)",0,2167,2167,0,3619,3619
26125166700,"Oakland, MI (CT)",0,863,863,0,2394,2394
26125166800,"Oakland, MI (CT)",0,1253,1253,0,3382,3382
26125166900,"Oakland, MI (CT)",0,1405,1405,0,3476,3476
26125167000,"Oakland, MI (CT)",0,2158,2158,0,5158,5158
26125167300,"Oakland, MI (CT)",0,1745,1745,0,3585,3585
26125167400,"Oakland, MI (CT)",0,2318,2318,0,4947,4947
26125167500,"Oakland, MI (CT)",0,2429,2429,0,5551,5551
26125167800,"Oakland, MI (CT)",0,2157,2157,0,4819,4819
26125167900,"Oakland, MI (CT)",0,1144,1144,0,2707,2707
26125168100,"Oakland, MI (CT)",0,843,843,0,2303,2303
26125168400,"Oakland, MI (CT)",0,1364,1364,0,3538,3538
26125168500,"Oakland, MI (CT)",0,1579,1579,0,2642,2642
26125168600,"Oakland, MI (CT)",0,2869,2869,0,5734,5734
26125168700,"Oakland, MI (CT)",0,1686,1686,0,3726,3726
26125168800,"Oakland, MI (CT)",0,848,848,0,2329,2329
26125168900,"Oakland, MI (CT)",0,3120,3120,0,4831,4831
26125170000,"Oakland, MI (CT)",0,1070,1070,0,2450,2450
26125170100,"Oakland, MI (CT)",0,1307,1307,0,2728,2728
26125170200,"Oakland, MI (CT)",0,1491,1491,0,3330,3330
26125170300,"Oakland, MI (CT)",0,1149,1149,0,2517,2517
26125170400,"Oakland, MI (CT)",0,1916,1916,0,3945,3945
26125171000,"Oakland, MI (CT)",0,2149,2149,0,4982,4982
26125171100,"Oakland, MI (CT)",0,1636,1636,0,3600,3600
26125171200,"Oakland, MI (CT)",0,992,992,0,2268,2268
26125171300,"Oakland, MI (CT)",0,1257,1257,0,3094,3094
26125171400,"Oakland, MI (CT)",0,2400,2400,0,6365,6365
26125171500,"Oakland, MI (CT)",0,1978,1978,0,4730,4730
26125171600,"Oakland, MI (CT)",0,978,978,0,2180,2180
26125172400,"Oakland, MI (CT)",0,1392,1392,0,2100,2100
26125172500,"Oakland, MI (CT)",0,1111,1111,0,2419,2419
26125173000,"Oakland, MI (CT)",0,2399,2399,0,4694,4694
26125173100,"Oakland, MI (CT)",0,931,931,0,1593,1593
26125173200,"Oakland, MI (CT)",0,1369,1369,0,2645,2645
26125173300,"Oakland, MI (CT)",0,761,761,0,1648,1648
26125173400,"Oakland, MI (CT)",0,2766,2766,0,5191,5191
26125173500,"Oakland, MI (CT)",0,1497,1497,0,2702,2702
26125173600,"Oakland, MI (CT)",0,754,754,0,1427,1427
26125175000,"Oakland, MI (CT)",0,1482,1482,0,2967,2967
26125175100,"Oakland, MI (CT)",0,2426,2426,0,5083,5083
26125175200,"Oakland, MI (CT)",0,1836,1836,0,4062,4062
26125175300,"Oakland, MI (CT)",0,1867,1867,0,4310,4310
26125180000,"Oakland, MI (CT)",0,1210,1210,0,2576,2576
26125180100,"Oakland, MI (CT)",0,1285,1285,0,2904,2904
26125180200,"Oakland, MI (CT)",0,1806,1806,0,3498,3498
26125180300,"Oakland, MI (CT)",0,1490,1490,0,2847,2847
26125181000,"Oakland, MI (CT)",0,2238,2238,0,4381,4381
26125181100,"Oakland, MI (CT)",0,1231,1231,0,2870,2870
26125181200,"Oakland, MI (CT)",0,2732,2732,0,6463,6463
26125181300,"Oakland, MI (CT)",0,2608,2608,0,5606,5606
26125181400,"Oakland, MI (CT)",0,1415,1415,0,3106,3106
26125181500,"Oakland, MI (CT)",0,1147,1147,0,2462,2462
26125181600,"Oakland, MI (CT)",0,2314,2314,0,4806,4806
26125183000,"Oakland, MI (CT)",0,2194,2194,0,3556,3556
26125183100,"Oakland, MI (CT)",0,1979,1979,0,4424,4424
26125183200,"Oakland, MI (CT)",0,1711,1711,0,2988,2988
26125183300,"Oakland, MI (CT)",0,1601,1601,0,2905,2905
26125183400,"Oakland, MI (CT)",0,1330,1330,0,2683,2683
26125183500,"Oakland, MI (CT)",0,1170,1170,0,2125,2125
26125183600,"Oakland, MI (CT)",0,2148,2148,0,4272,4272
26125183700,"Oakland, MI (CT)",0,2735,2735,0,5213,5213
26125183800,"Oakland, MI (CT)",0,2266,2266,0,4491,4491
26125183900,"Oakland, MI (CT)",0,1267,1267,0,2484,2484
26125184000,"Oakland, MI (CT)",0,1382,1382,0,2796,2796
26125184100,"Oakland, MI (CT)",0,1559,1559,0,2789,2789
26125184200,"Oakland, MI (CT)",0,2223,2223,0,3994,3994
26125184300,"Oakland, MI (CT)",0,1367,1367,0,2842,2842
26125184400,"Oakland, MI (CT)",0,1500,1500,0,2699,2699
26125184500,"Oakland, MI (CT)",0,1412,1412,0,2448,2448
26125184600,"Oakland, MI (CT)",0,1544,1544,0,2873,2873
26125184700,"Oakland, MI (CT)",0,819,819,0,1654,1654
26125187000,"Oakland, MI (CT)",0,1153,1153,0,2526,2526
26125188000,"Oakland, MI (CT)",0,1498,1498,0,3834,3834
26125188100,"Oakland, MI (CT)",0,931,931,0,2404,2404
26125190200,"Oakland, MI (CT)",449,701,1150,1270,2066,3336
26125190400,"Oakland, MI (CT)",670,587,1257,1698,1336,3034
26125190500,"Oakland, MI (CT)",0,816,816,0,2421,2421
26125190700,"Oakland, MI (CT)",32,1496,1528,87,4677,4764
26125190800,"Oakland, MI (CT)",0,1324,1324,0,3224,3224
26125191000,"Oakland, MI (CT)",0,943,943,0,1701,1701
26125191100,"Oakland, MI (CT)",0,1281,1281,0,2375,2375
26125191200,"Oakland, MI (CT)",0,2331,2331,0,4447,4447
26125191300,"Oakland, MI (CT)",0,1439,1439,0,4188,4188
26125192000,"Oakland, MI (CT)",14,2630,2644,37,5493,5530
26125192200,"Oakland, MI (CT)",0,1983,1983,0,5904,5904
26125192400,"Oakland, MI (CT)",0,1981,1981,0,5042,5042
26125192500,"Oakland, MI (CT)",0,1050,1050,0,3047,3047
26125192700,"Oakland, MI (CT)",0,1117,1117,0,2996,2996
26125192800,"Oakland, MI (CT)",0,257,257,0,2200,2200
26125193000,"Oakland, MI (CT)",0,1253,1253,0,3075,3075
26125193100,"Oakland, MI (CT)",0,1502,1502,0,3505,3505
26125193300,"Oakland, MI (CT)",0,2282,2282,0,4801,4801
26125193400,"Oakland, MI (CT)",0,1424,1424,0,4293,4293
26125193500,"Oakland, MI (CT)",0,1226,1226,0,2715,2715
26125193600,"Oakland, MI (CT)",0,1041,1041,0,2654,2654
26125193700,"Oakland, MI (CT)",0,1944,1944,0,4360,4360
26125194000,"Oakland, MI (CT)",0,2487,2487,0,4852,4852
26125194100,"Oakland, MI (CT)",0,1151,1151,0,3035,3035
26125194200,"Oakland, MI (CT)",0,906,906,0,1896,1896
26125194300,"Oakland, MI (CT)",0,1526,1526,0,3742,3742
26125194400,"Oakland, MI (CT)",0,1439,1439,0,3569,3569
26125194500,"Oakland, MI (CT)",0,679,679,0,1058,1058
26125194600,"Oakland, MI (CT)",0,1623,1623,0,4122,4122
26125196000,"Oakland, MI (CT)",0,2034,2034,0,6057,6057
26125196100,"Oakland, MI (CT)",0,2210,2210,0,5926,5926
26125196200,"Oakland, MI (CT)",0,1464,1464,0,3950,3950
26125196300,"Oakland, MI (CT)",0,1444,1444,0,3719,3719
26125196400,"Oakland, MI (CT)",0,1466,1466,0,4024,4024
26125196500,"Oakland, MI (CT)",0,2081,2081,0,5261,5261
26125196600,"Oakland, MI (CT)",0,827,827,0,2249,2249
26125196700,"Oakland, MI (CT)",0,1027,1027,0,2739,2739
26125196800,"Oakland, MI (CT)",0,1628,1628,0,4606,4606
26125196900,"Oakland, MI (CT)",0,1323,1323,0,3360,3360
26125197000,"Oakland, MI (CT)",0,1637,1637,0,4639,4639
26125197100,"Oakland, MI (CT)",0,890,890,0,2437,2437
26125197200,"Oakland, MI (CT)",0,1282,1282,0,3589,3589
26125197300,"Oakland, MI (CT)",0,2018,2018,0,4907,4907
26125197400,"Oakland, MI (CT)",0,1065,1065,0,2020,2020
26125197500,"Oakland, MI (CT)",0,1762,1762,0,3680,3680
26125197600,"Oakland, MI (CT)",0,1123,1123,0,1971,1971
26125197701,"Oakland, MI (CT)",0,2389,2389,0,4141,4141
26125197702,"Oakland, MI (CT)",0,1149,1149,0,1743,1743
26125197900,"Oakland, MI (CT)",0,1288,1288,0,3746,3746
26125198000,"Oakland, MI (CT)",0,1255,1255,0,3630,3630
26125198100,"Oakland, MI (CT)",0,1545,1545,0,2586,2586
26125981000,"Oakland, MI (CT)",0,0,0,0,0,0
26127010300,"Oceana, MI (CT)",2814,60,2874,6915,130,7045
26127010400,"Oceana, MI (CT)",760,954,1714,1629,2350,3979
26127010500,"Oceana, MI (CT)",1858,0,1858,3162,0,3162
26127010600,"Oceana, MI (CT)",2894,0,2894,5703,0,5703
26127010800,"Oceana, MI (CT)",2389,0,2389,2725,0,2725
26127010900,"Oceana, MI (CT)",1849,0,1849,2214,0,2214
26127011000,"Oceana, MI (CT)",2274,92,2366,1536,206,1742
26127990000,"Oceana, MI (CT)",0,0,0,0,0,0
26129950100,"Ogemaw, MI (CT)",1995,0,1995,2508,0,2508
26129950200,"Ogemaw, MI (CT)",2425,0,2425,3394,0,3394
26129950300,"Ogemaw, MI (CT)",2268,0,2268,1656,0,1656
26129950400,"Ogemaw, MI (CT)",2576,0,2576,3093,0,3093
26129950500,"Ogemaw, MI (CT)",2236,0,2236,4412,0,4412
26129950600,"Ogemaw, MI (CT)",1680,0,1680,2721,0,2721
26129950900,"Ogemaw, MI (CT)",2867,0,2867,3915,0,3915
26131970100,"Ontonagon, MI (CT)",1861,0,1861,1935,0,1935
26131970200,"Ontonagon, MI (CT)",1842,0,1842,2812,0,2812
26131970300,"Ontonagon, MI (CT)",1969,0,1969,2033,0,2033
26131990100,"Ontonagon, MI (CT)",0,0,0,0,0,0
26133970100,"Osceola, MI (CT)",2355,0,2355,4281,0,4281
26133970200,"Osceola, MI (CT)",2114,0,2114,4024,0,4024
26133970300,"Osceola, MI (CT)",2402,0,2402,3115,0,3115
26133970400,"Osceola, MI (CT)",1805,0,1805,3405,0,3405
26133970500,"Osceola, MI (CT)",3052,0,3052,4538,0,4538
26133970600,"Osceola, MI (CT)",1904,0,1904,4165,0,4165
26135970201,"Oscoda, MI (CT)",2267,0,2267,1450,0,1450
26135970202,"Oscoda, MI (CT)",1389,0,1389,1744,0,1744
26135970300,"Oscoda, MI (CT)",1897,0,1897,1808,0,1808
26135970400,"Oscoda, MI (CT)",1822,0,1822,2016,0,2016
26135970500,"Oscoda, MI (CT)",1743,0,1743,1622,0,1622
26137950100,"Otsego, MI (CT)",1726,0,1726,2801,0,2801
26137950200,"Otsego, MI (CT)",2327,243,2570,4971,621,5592
26137950300,"Otsego, MI (CT)",458,2010,2468,868,4416,5284
26137950400,"Otsego, MI (CT)",2101,0,2101,2118,0,2118
26137950500,"Otsego, MI (CT)",1295,1499,2794,1708,1967,3675
26137950600,"Otsego, MI (CT)",2504,568,3072,3400,1294,4694
26139020100,"Ottawa, MI (CT)",2000,0,2000,5164,0,5164
26139020200,"Ottawa, MI (CT)",131,1611,1742,324,3951,4275
26139020400,"Ottawa, MI (CT)",1518,96,1614,3704,256,3960
26139020501,"Ottawa, MI (CT)",224,1130,1354,543,2570,3113
26139020503,"Ottawa, MI (CT)",49,1483,1532,133,3478,3611
26139020504,"Ottawa, MI (CT)",443,1023,1466,848,1832,2680
26139020600,"Ottawa, MI (CT)",232,1529,1761,202,2980,3182
26139020900,"Ottawa, MI (CT)",0,2410,2410,0,4458,4458
26139021000,"Ottawa, MI (CT)",0,2807,2807,0,5221,5221
26139021100,"Ottawa, MI (CT)",0,2303,2303,0,4693,4693
26139021201,"Ottawa, MI (CT)",17,1750,1767,50,4869,4919
26139021202,"Ottawa, MI (CT)",0,2971,2971,0,6182,6182
26139021301,"Ottawa, MI (CT)",1104,48,1152,2960,105,3065
26139021303,"Ottawa, MI (CT)",951,0,951,2726,0,2726
26139021304,"Ottawa, MI (CT)",858,1207,2065,2189,2827,5016
26139021400,"Ottawa, MI (CT)",1843,1020,2863,5215,2360,7575
26139021500,"Ottawa, MI (CT)",0,3318,3318,0,7643,7643
26139021603,"Ottawa, MI (CT)",0,1769,1769,0,4454,4454
26139021604,"Ottawa, MI (CT)",0,2484,2484,0,7128,7128
26139021605,"Ottawa, MI (CT)",48,1258,1306,160,3797,3957
26139021606,"Ottawa, MI (CT)",0,2324,2324,0,4902,4902
26139021700,"Ottawa, MI (CT)",0,1317,1317,0,3987,3987
26139021801,"Ottawa, MI (CT)",0,1791,1791,0,4504,4504
26139021802,"Ottawa, MI (CT)",0,1536,1536,0,4238,4238
26139021901,"Ottawa, MI (CT)",1022,441,1463,2874,1246,4120
26139021902,"Ottawa, MI (CT)",1040,1678,2718,3039,4634,7673
26139022001,"Ottawa, MI (CT)",1643,0,1643,4818,0,4818
26139022002,"Ottawa, MI (CT)",1578,281,1859,3379,778,4157
26139022103,"Ottawa, MI (CT)",184,593,777,272,1220,1492
26139022105,"Ottawa, MI (CT)",54,1930,1984,182,5090,5272
26139022106,"Ottawa, MI (CT)",278,1090,1368,737,3052,3789
26139022107,"Ottawa, MI (CT)",0,718,718,0,1248,1248
26139022108,"Ottawa, MI (CT)",36,2721,2757,39,5962,6001
26139022203,"Ottawa, MI (CT)",0,3442,3442,0,8781,8781
26139022206,"Ottawa, MI (CT)",0,1743,1743,0,4494,4494
26139022600,"Ottawa, MI (CT)",0,951,951,0,2101,2101
26139022900,"Ottawa, MI (CT)",0,2384,2384,0,6157,6157
26139023001,"Ottawa, MI (CT)",623,1113,1736,1820,3400,5220
26139023002,"Ottawa, MI (CT)",1383,845,2228,4201,2328,6529
26139023100,"Ottawa, MI (CT)",185,3600,3785,527,10151,10678
26139023200,"Ottawa, MI (CT)",893,0,893,2423,0,2423
26139023500,"Ottawa, MI (CT)",0,1368,1368,0,4480,4480
26139023600,"Ottawa, MI (CT)",89,686,775,253,2112,2365
26139024300,"Ottawa, MI (CT)",764,750,1514,2222,1870,4092
26139024400,"Ottawa, MI (CT)",587,2196,2783,1786,6508,8294
26139024500,"Ottawa, MI (CT)",0,1915,1915,0,9512,9512
26139024600,"Ottawa, MI (CT)",273,1301,1574,803,4058,4861
26139024900,"Ottawa, MI (CT)",0,2054,2054,0,6958,6958
26139025100,"Ottawa, MI (CT)",0,2887,2887,0,6974,6974
26139025200,"Ottawa, MI (CT)",0,2309,2309,0,5441,5441
26139025500,"Ottawa, MI (CT)",0,1487,1487,0,3683,3683
26139025700,"Ottawa, MI (CT)",0,2558,2558,0,5593,5593
26139025800,"Ottawa, MI (CT)",0,2219,2219,0,5942,5942
26139990000,"Ottawa, MI (CT)",0,0,0,0,0,0
26141950100,"Presque Isle, MI (CT)",2110,3,2113,1967,4,1971
26141950200,"Presque Isle, MI (CT)",122,1424,1546,262,2352,2614
26141950300,"Presque Isle, MI (CT)",1704,54,1758,2030,204,2234
26141950400,"Presque Isle, MI (CT)",1471,0,1471,2503,0,2503
26141950500,"Presque Isle, MI (CT)",1874,0,1874,2679,0,2679
26141950600,"Presque Isle, MI (CT)",1666,0,1666,1375,0,1375
26141990000,"Presque Isle, MI (CT)",0,0,0,0,0,0
26143970100,"Roscommon, MI (CT)",2079,0,2079,1817,0,1817
26143970200,"Roscommon, MI (CT)",1670,0,1670,1816,0,1816
26143970300,"Roscommon, MI (CT)",1722,0,1722,2938,0,2938
26143970400,"Roscommon, MI (CT)",3167,0,3167,2044,0,2044
26143970500,"Roscommon, MI (CT)",2068,0,2068,1136,0,1136
26143970600,"Roscommon, MI (CT)",1608,1278,2886,1474,672,2146
26143970700,"Roscommon, MI (CT)",800,1862,2662,1115,1554,2669
26143971000,"Roscommon, MI (CT)",1411,1596,3007,2364,1977,4341
26143971100,"Roscommon, MI (CT)",1274,1208,2482,1350,1439,2789
26143971200,"Roscommon, MI (CT)",58,2658,2716,95,2658,2753
26145000100,"Saginaw, MI (CT)",0,439,439,0,1047,1047
26145000200,"Saginaw, MI (CT)",0,616,616,0,1485,1485
26145000400,"Saginaw, MI (CT)",0,853,853,0,1393,1393
26145000600,"Saginaw, MI (CT)",0,903,903,0,1948,1948
26145000700,"Saginaw, MI (CT)",0,980,980,0,1976,1976
26145000800,"Saginaw, MI (CT)",0,1507,1507,0,3249,3249
26145000900,"Saginaw, MI (CT)",0,1617,1617,0,3397,3397
26145001000,"Saginaw, MI (CT)",0,1963,1963,0,4233,4233
26145001100,"Saginaw, MI (CT)",0,1294,1294,0,3188,3188
26145001200,"Saginaw, MI (CT)",0,1358,1358,0,3130,3130
26145001300,"Saginaw, MI (CT)",0,1209,1209,0,2608,2608
26145001400,"Saginaw, MI (CT)",0,1220,1220,0,2574,2574
26145001500,"Saginaw, MI (CT)",0,1606,1606,0,3538,3538
26145001600,"Saginaw, MI (CT)",0,1719,1719,0,3676,3676
26145001700,"Saginaw, MI (CT)",0,1014,1014,0,2433,2433
26145001800,"Saginaw, MI (CT)",0,932,932,0,1942,1942
26145001900,"Saginaw, MI (CT)",0,880,880,0,1956,1956
26145002000,"Saginaw, MI (CT)",0,1584,1584,0,3420,3420
26145002100,"Saginaw, MI (CT)",0,1874,1874,0,4124,4124
26145010100,"Saginaw, MI (CT)",1027,2172,3199,2684,7042,9726
26145010200,"Saginaw, MI (CT)",585,474,1059,1389,3689,5078
26145010302,"Saginaw, MI (CT)",427,2855,3282,1019,6676,7695
26145010303,"Saginaw, MI (CT)",0,1623,1623,0,3494,3494
26145010304,"Saginaw, MI (CT)",0,2412,2412,0,5090,5090
26145010401,"Saginaw, MI (CT)",0,1247,1247,0,2706,2706
26145010402,"Saginaw, MI (CT)",0,2733,2733,0,5781,5781
26145010403,"Saginaw, MI (CT)",0,2814,2814,0,5712,5712
26145010501,"Saginaw, MI (CT)",0,1133,1133,0,2505,2505
26145010502,"Saginaw, MI (CT)",0,2933,2933,0,5558,5558
26145010600,"Saginaw, MI (CT)",0,1188,1188,0,2490,2490
26145010700,"Saginaw, MI (CT)",5,2644,2649,10,6093,6103
26145010800,"Saginaw, MI (CT)",66,1072,1138,142,2474,2616
26145011000,"Saginaw, MI (CT)",52,2729,2781,94,6017,6111
26145011100,"Saginaw, MI (CT)",756,0,756,1674,0,1674
26145011200,"Saginaw, MI (CT)",792,0,792,1960,0,1960
26145011300,"Saginaw, MI (CT)",764,2397,3161,1931,4972,6903
26145011500,"Saginaw, MI (CT)",0,1227,1227,0,2785,2785
26145011600,"Saginaw, MI (CT)",189,1484,1673,410,3344,3754
26145011701,"Saginaw, MI (CT)",623,101,724,1418,223,1641
26145011702,"Saginaw, MI (CT)",985,29,1014,2254,80,2334
26145011800,"Saginaw, MI (CT)",663,249,912,1531,622,2153
26145011901,"Saginaw, MI (CT)",729,71,800,1849,174,2023
26145011902,"Saginaw, MI (CT)",966,0,966,2329,0,2329
26145012001,"Saginaw, MI (CT)",14,1475,1489,28,3642,3670
26145012002,"Saginaw, MI (CT)",779,713,1492,1936,1869,3805
26145012003,"Saginaw, MI (CT)",404,1812,2216,985,3525,4510
26145012100,"Saginaw, MI (CT)",1714,0,1714,4144,0,4144
26145012200,"Saginaw, MI (CT)",692,0,692,1667,0,1667
26145012300,"Saginaw, MI (CT)",1214,0,1214,3125,0,3125
26145012400,"Saginaw, MI (CT)",785,0,785,2012,0,2012
26145012500,"Saginaw, MI (CT)",1724,0,1724,4201,0,4201
26145012600,"Saginaw, MI (CT)",1543,0,1543,3558,0,3558
26145012700,"Saginaw, MI (CT)",2041,0,2041,4558,0,4558
26145012900,"Saginaw, MI (CT)",1875,0,1875,4828,0,4828
26145013000,"Saginaw, MI (CT)",1757,0,1757,4520,0,4520
26145013100,"Saginaw, MI (CT)",2518,0,2518,6033,0,6033
26147620000,"St. Clair, MI (CT)",0,2077,2077,0,4698,4698
26147621000,"St. Clair, MI (CT)",0,1570,1570,0,3684,3684
26147622000,"St. Clair, MI (CT)",0,1689,1689,0,4076,4076
26147623000,"St. Clair, MI (CT)",0,1291,1291,0,3118,3118
26147624000,"St. Clair, MI (CT)",0,1048,1048,0,2014,2014
26147625000,"St. Clair, MI (CT)",0,856,856,0,1636,1636
26147626000,"St. Clair, MI (CT)",0,913,913,0,1984,1984
26147627000,"St. Clair, MI (CT)",0,1161,1161,0,2601,2601
26147628000,"St. Clair, MI (CT)",0,1707,1707,0,3667,3667
26147629000,"St. Clair, MI (CT)",0,1459,1459,0,2576,2576
26147630100,"St. Clair, MI (CT)",204,575,779,414,914,1328
26147630400,"St. Clair, MI (CT)",20,2245,2265,63,5742,5805
26147631100,"St. Clair, MI (CT)",131,679,810,351,1556,1907
26147631600,"St. Clair, MI (CT)",0,1365,1365,0,2198,2198
26147632000,"St. Clair, MI (CT)",488,1524,2012,1232,2776,4008
26147633100,"St. Clair, MI (CT)",382,725,1107,988,1861,2849
26147633200,"St. Clair, MI (CT)",1076,0,1076,2730,0,2730
26147634100,"St. Clair, MI (CT)",1378,172,1550,3462,345,3807
26147634600,"St. Clair, MI (CT)",718,1575,2293,1770,3784,5554
26147635000,"St. Clair, MI (CT)",0,2632,2632,0,6177,6177
26147636000,"St. Clair, MI (CT)",0,1720,1720,0,4477,4477
26147637100,"St. Clair, MI (CT)",0,1529,1529,0,3854,3854
26147637200,"St. Clair, MI (CT)",0,1657,1657,0,3827,3827
26147637300,"St. Clair, MI (CT)",0,1327,1327,0,2275,2275
26147640100,"St. Clair, MI (CT)",0,957,957,0,2069,2069
26147640200,"St. Clair, MI (CT)",782,108,890,2180,218,2398
26147640600,"St. Clair, MI (CT)",894,0,894,2353,0,2353
26147641000,"St. Clair, MI (CT)",1325,1,1326,3547,4,3551
26147642000,"St. Clair, MI (CT)",0,2522,2522,0,5482,5482
26147643000,"St. Clair, MI (CT)",213,1556,1769,671,3117,3788
26147644000,"St. Clair, MI (CT)",0,2075,2075,0,4381,4381
26147645000,"St. Clair, MI (CT)",1169,297,1466,2996,430,3426
26147646000,"St. Clair, MI (CT)",723,1302,2025,1782,2986,4768
26147647000,"St. Clair, MI (CT)",0,1800,1800,0,3085,3085
26147648000,"St. Clair, MI (CT)",1807,0,1807,1214,0,1214
26147649000,"St. Clair, MI (CT)",0,2039,2039,0,4109,4109
26147650100,"St. Clair, MI (CT)",643,991,1634,1663,2395,4058
26147650200,"St. Clair, MI (CT)",0,635,635,0,1120,1120
26147651100,"St. Clair, MI (CT)",723,7,730,1906,21,1927
26147651200,"St. Clair, MI (CT)",544,321,865,1405,775,2180
26147651600,"St. Clair, MI (CT)",1541,0,1541,4070,0,4070
26147652100,"St. Clair, MI (CT)",987,0,987,2470,0,2470
26147652600,"St. Clair, MI (CT)",1248,0,1248,3248,0,3248
26147655100,"St. Clair, MI (CT)",2100,0,2100,5212,0,5212
26147655600,"St. Clair, MI (CT)",1316,0,1316,3429,0,3429
26147657100,"St. Clair, MI (CT)",807,0,807,1890,0,1890
26147657200,"St. Clair, MI (CT)",2102,0,2102,5601,0,5601
26147658100,"St. Clair, MI (CT)",977,0,977,2648,0,2648
26147658500,"St. Clair, MI (CT)",1417,0,1417,3713,0,3713
26147990000,"St. Clair, MI (CT)",0,0,0,0,0,0
26149040100,"St. Joseph, MI (CT)",170,1307,1477,438,3092,3530
26149040200,"St. Joseph, MI (CT)",0,788,788,0,1874,1874
26149040300,"St. Joseph, MI (CT)",94,1286,1380,231,2732,2963
26149040400,"St. Joseph, MI (CT)",0,1025,1025,0,2249,2249
26149040500,"St. Joseph, MI (CT)",0,1116,1116,0,2791,2791
26149040600,"St. Joseph, MI (CT)",0,1395,1395,0,3077,3077
26149040700,"St. Joseph, MI (CT)",121,1151,1272,223,3010,3233
26149040800,"St. Joseph, MI (CT)",0,1441,1441,0,3317,3317
26149040900,"St. Joseph, MI (CT)",1521,377,1898,3700,589,4289
26149041000,"St. Joseph, MI (CT)",1676,0,1676,3681,0,3681
26149041101,"St. Joseph, MI (CT)",882,940,1822,1976,2323,4299
26149041102,"St. Joseph, MI (CT)",1780,49,1829,2989,114,3103
26149041200,"St. Joseph, MI (CT)",1232,105,1337,2853,170,3023
26149041300,"St. Joseph, MI (CT)",3298,0,3298,6786,0,6786
26149041400,"St. Joseph, MI (CT)",1708,822,2530,3228,1751,4979
26149041500,"St. Joseph, MI (CT)",1583,364,1947,3527,845,4372
26149041600,"St. Joseph, MI (CT)",1547,0,1547,3729,0,3729
26151970100,"Sanilac, MI (CT)",1772,0,1772,1866,0,1866
26151970200,"Sanilac, MI (CT)",1201,0,1201,2528,0,2528
26151970300,"Sanilac, MI (CT)",1635,0,1635,3717,0,3717
26151970400,"Sanilac, MI (CT)",1915,0,1915,4164,0,4164
26151970500,"Sanilac, MI (CT)",1786,0,1786,2430,0,2430
26151970600,"Sanilac, MI (CT)",1834,0,1834,2291,0,2291
26151970700,"Sanilac, MI (CT)",319,1602,1921,237,1298,1535
26151970800,"Sanilac, MI (CT)",2543,91,2634,5871,153,6024
26151970900,"Sanilac, MI (CT)",993,1306,2299,2277,2775,5052
26151971000,"Sanilac, MI (CT)",1948,0,1948,4466,0,4466
26151971100,"Sanilac, MI (CT)",1461,0,1461,3597,0,3597
26151971200,"Sanilac, MI (CT)",2319,0,2319,5444,0,5444
26151990000,"Sanilac, MI (CT)",0,0,0,0,0,0
26153000100,"Schoolcraft, MI (CT)",2303,0,2303,2611,0,2611
26153000200,"Schoolcraft, MI (CT)",1946,340,2286,2184,369,2553
26153000300,"Schoolcraft, MI (CT)",109,1615,1724,208,3113,3321
26153990000,"Schoolcraft, MI (CT)",0,0,0,0,0,0
26155030100,"Shiawassee, MI (CT)",2454,0,2454,5978,0,5978
26155030200,"Shiawassee, MI (CT)",1500,0,1500,3556,0,3556
26155030300,"Shiawassee, MI (CT)",1102,1153,2255,2518,2437,4955
26155030400,"Shiawassee, MI (CT)",0,1383,1383,0,2817,2817
26155030500,"Shiawassee, MI (CT)",0,1499,1499,0,3403,3403
26155030600,"Shiawassee, MI (CT)",0,964,964,0,1896,1896
26155030700,"Shiawassee, MI (CT)",0,1329,1329,0,3162,3162
26155030800,"Shiawassee, MI (CT)",0,1478,1478,0,3624,3624
26155031301,"Shiawassee, MI (CT)",1700,0,1700,4287,0,4287
26155031302,"Shiawassee, MI (CT)",1659,0,1659,4171,0,4171
26155031401,"Shiawassee, MI (CT)",2495,0,2495,6284,0,6284
26155031402,"Shiawassee, MI (CT)",1465,93,1558,3571,239,3810
26155031500,"Shiawassee, MI (CT)",856,1721,2577,2225,4290,6515
26155031600,"Shiawassee, MI (CT)",282,1462,1744,674,3385,4059
26155031700,"Shiawassee, MI (CT)",1019,751,1770,2369,1702,4071
26155031800,"Shiawassee, MI (CT)",833,1057,1890,2001,2317,4318
26155031900,"Shiawassee, MI (CT)",929,1135,2064,1205,2537,3742
26157000100,"Tuscola, MI (CT)",1995,0,1995,4402,0,4402
26157000200,"Tuscola, MI (CT)",1515,0,1515,3245,0,3245
26157000300,"Tuscola, MI (CT)",1532,3,1535,3209,9,3218
26157000400,"Tuscola, MI (CT)",1242,203,1445,3067,392,3459
26157000500,"Tuscola, MI (CT)",2262,105,2367,5220,209,5429
26157000600,"Tuscola, MI (CT)",166,1909,2075,343,4077,4420
26157000700,"Tuscola, MI (CT)",1290,193,1483,3201,426,3627
26157000800,"Tuscola, MI (CT)",1767,0,1767,3987,0,3987
26157000900,"Tuscola, MI (CT)",864,1373,2237,2079,3232,5311
26157001000,"Tuscola, MI (CT)",2111,206,2317,5067,482,5549
26157001100,"Tuscola, MI (CT)",1725,0,1725,3456,0,3456
26157001200,"Tuscola, MI (CT)",1946,0,1946,4562,0,4562
26157001300,"Tuscola, MI (CT)",2044,0,2044,5064,0,5064
26157990000,"Tuscola, MI (CT)",0,0,0,0,0,0
26159010100,"Van Buren, MI (CT)",3182,0,3182,6881,0,6881
26159010200,"Van Buren, MI (CT)",3080,0,3080,6161,0,6161
26159010300,"Van Buren, MI (CT)",0,2034,2034,0,2094,2094
26159010400,"Van Buren, MI (CT)",0,1559,1559,0,2759,2759
26159010500,"Van Buren, MI (CT)",1345,472,1817,2693,837,3530
26159010600,"Van Buren, MI (CT)",1628,0,1628,2888,0,2888
26159010900,"Van Buren, MI (CT)",2670,367,3037,6456,1090,7546
26159011002,"Van Buren, MI (CT)",1093,1725,2818,2974,4167,7141
26159011300,"Van Buren, MI (CT)",2097,34,2131,4547,89,4636
26159011400,"Van Buren, MI (CT)",513,1281,1794,1192,3393,4585
26159011500,"Van Buren, MI (CT)",2357,0,2357,3658,0,3658
26159011600,"Van Buren, MI (CT)",3047,0,3047,6192,0,6192
26159011800,"Van Buren, MI (CT)",1446,2046,3492,2706,4297,7003
26159011900,"Van Buren, MI (CT)",581,1351,1932,1583,3496,5079
26159012000,"Van Buren, MI (CT)",2877,0,2877,6105,0,6105
26159990000,"Van Buren, MI (CT)",0,0,0,0,0,0
26161400100,"Washtenaw, MI (CT)",0,1191,1191,0,1755,1755
26161400200,"Washtenaw, MI (CT)",0,83,83,0,7098,7098
26161400300,"Washtenaw, MI (CT)",0,1815,1815,0,6222,6222
26161400400,"Washtenaw, MI (CT)",0,1241,1241,0,3045,3045
26161400500,"Washtenaw, MI (CT)",0,2385,2385,0,6088,6088
26161400600,"Washtenaw, MI (CT)",0,2311,2311,0,4263,4263
26161400700,"Washtenaw, MI (CT)",0,1330,1330,0,2649,2649
26161400800,"Washtenaw, MI (CT)",0,1222,1222,0,2500,2500
26161402100,"Washtenaw, MI (CT)",0,1666,1666,0,2749,2749
26161402200,"Washtenaw, MI (CT)",0,1478,1478,0,4749,4749
26161402300,"Washtenaw, MI (CT)",0,1253,1253,0,2375,2375
26161402500,"Washtenaw, MI (CT)",0,1109,1109,0,2160,2160
26161402600,"Washtenaw, MI (CT)",0,941,941,0,2298,2298
26161402700,"Washtenaw, MI (CT)",0,2398,2398,0,5445,5445
26161403100,"Washtenaw, MI (CT)",0,591,591,0,1551,1551
26161403200,"Washtenaw, MI (CT)",0,1447,1447,0,3139,3139
26161403300,"Washtenaw, MI (CT)",0,1811,1811,0,3931,3931
26161403400,"Washtenaw, MI (CT)",0,1444,1444,0,3081,3081
26161403500,"Washtenaw, MI (CT)",0,1504,1504,0,2740,2740
26161403600,"Washtenaw, MI (CT)",0,2305,2305,0,4946,4946
26161403800,"Washtenaw, MI (CT)",0,1373,1373,0,3009,3009
26161404100,"Washtenaw, MI (CT)",0,1494,1494,0,3095,3095
26161404200,"Washtenaw, MI (CT)",0,1136,1136,0,2011,2011
26161404300,"Washtenaw, MI (CT)",0,1204,1204,0,2642,2642
26161404400,"Washtenaw, MI (CT)",0,943,943,0,2210,2210
26161404500,"Washtenaw, MI (CT)",0,2700,2700,0,4137,4137
26161404600,"Washtenaw, MI (CT)",0,2333,2333,0,4384,4384
26161405100,"Washtenaw, MI (CT)",0,1144,1144,0,2225,2225
26161405200,"Washtenaw, MI (CT)",0,2369,2369,0,4842,4842
26161405300,"Washtenaw, MI (CT)",0,2042,2042,0,4982,4982
26161405400,"Washtenaw, MI (CT)",0,1083,1083,0,2020,2020
26161405500,"Washtenaw, MI (CT)",0,1144,1144,0,2483,2483
26161405600,"Washtenaw, MI (CT)",0,1801,1801,0,4279,4279
26161406000,"Washtenaw, MI (CT)",483,1049,1532,1263,2088,3351
26161407000,"Washtenaw, MI (CT)",1128,706,1834,2788,1816,4604
26161407400,"Washtenaw, MI (CT)",0,2274,2274,0,5473,5473
26161407600,"Washtenaw, MI (CT)",0,1213,1213,0,2979,2979
26161410100,"Washtenaw, MI (CT)",0,1605,1605,0,2820,2820
26161410200,"Washtenaw, MI (CT)",0,1329,1329,0,2311,2311
26161410300,"Washtenaw, MI (CT)",0,1992,1992,0,3733,3733
26161410400,"Washtenaw, MI (CT)",0,1570,1570,0,3598,3598
26161410500,"Washtenaw, MI (CT)",0,1250,1250,0,2229,2229
26161410600,"Washtenaw, MI (CT)",0,1107,1107,0,2310,2310
26161410700,"Washtenaw, MI (CT)",0,897,897,0,1401,1401
26161410800,"Washtenaw, MI (CT)",0,884,884,0,1755,1755
26161410900,"Washtenaw, MI (CT)",0,680,680,0,1434,1434
26161411000,"Washtenaw, MI (CT)",0,1533,1533,0,2579,2579
26161411100,"Washtenaw, MI (CT)",0,174,174,0,2820,2820
26161411200,"Washtenaw, MI (CT)",0,1188,1188,0,2357,2357
26161411700,"Washtenaw, MI (CT)",0,946,946,0,2291,2291
26161411900,"Washtenaw, MI (CT)",0,1886,1886,0,3779,3779
26161412000,"Washtenaw, MI (CT)",0,1707,1707,0,3740,3740
26161412100,"Washtenaw, MI (CT)",0,1658,1658,0,3502,3502
26161412300,"Washtenaw, MI (CT)",0,1160,1160,0,2928,2928
26161412600,"Washtenaw, MI (CT)",0,1643,1643,0,2523,2523
26161412700,"Washtenaw, MI (CT)",0,2200,2200,0,5151,5151
26161413000,"Washtenaw, MI (CT)",0,1776,1776,0,3876,3876
26161413200,"Washtenaw, MI (CT)",100,1419,1519,273,3622,3895
26161413401,"Washtenaw, MI (CT)",0,1447,1447,0,4459,4459
26161413402,"Washtenaw, MI (CT)",0,1781,1781,0,5341,5341
26161413403,"Washtenaw, MI (CT)",455,314,769,1189,740,1929
26161414000,"Washtenaw, MI (CT)",0,1683,1683,0,3405,3405
26161414200,"Washtenaw, MI (CT)",0,1439,1439,0,2902,2902
26161414300,"Washtenaw, MI (CT)",0,1692,1692,0,3154,3154
26161414500,"Washtenaw, MI (CT)",0,885,885,0,2742,2742
26161414700,"Washtenaw, MI (CT)",0,943,943,0,1430,1430
26161414900,"Washtenaw, MI (CT)",0,1257,1257,0,3587,3587
26161415200,"Washtenaw, MI (CT)",0,1103,1103,0,1746,1746
26161415400,"Washtenaw, MI (CT)",0,1037,1037,0,2074,2074
26161415600,"Washtenaw, MI (CT)",0,675,675,0,2275,2275
26161415800,"Washtenaw, MI (CT)",0,1266,1266,0,3541,3541
26161416000,"Washtenaw, MI (CT)",0,1170,1170,0,3562,3562
26161416200,"Washtenaw, MI (CT)",360,1280,1640,957,3240,4197
26161420000,"Washtenaw, MI (CT)",568,747,1315,1505,1891,3396
26161420200,"Washtenaw, MI (CT)",1293,7,1300,3339,16,3355
26161421100,"Washtenaw, MI (CT)",0,1611,1611,0,3770,3770
26161421900,"Washtenaw, MI (CT)",0,5,5,0,1491,1491
26161422200,"Washtenaw, MI (CT)",1235,1196,2431,3331,3684,7015
26161422900,"Washtenaw, MI (CT)",3,0,3,206,0,206
26161423400,"Washtenaw, MI (CT)",0,2835,2835,0,6346,6346
26161423600,"Washtenaw, MI (CT)",0,1097,1097,0,2490,2490
26161425000,"Washtenaw, MI (CT)",614,1006,1620,1605,2651,4256
26161426000,"Washtenaw, MI (CT)",1135,314,1449,2951,721,3672
26161431000,"Washtenaw, MI (CT)",2069,0,2069,4569,0,4569
26161432000,"Washtenaw, MI (CT)",2020,0,2020,4826,0,4826
26161444000,"Washtenaw, MI (CT)",2049,564,2613,4848,1167,6015
26161445000,"Washtenaw, MI (CT)",1140,0,1140,2705,0,2705
26161446200,"Washtenaw, MI (CT)",0,1188,1188,0,2111,2111
26161446400,"Washtenaw, MI (CT)",0,1248,1248,0,2833,2833
26161447000,"Washtenaw, MI (CT)",1169,72,1241,2658,198,2856
26161448000,"Washtenaw, MI (CT)",1014,237,1251,2685,654,3339
26161453000,"Washtenaw, MI (CT)",222,1787,2009,530,4579,5109
26161454000,"Washtenaw, MI (CT)",124,1942,2066,292,4570,4862
26161455000,"Washtenaw, MI (CT)",346,1488,1834,916,3439,4355
26161456000,"Washtenaw, MI (CT)",252,2035,2287,635,5001,5636
26161461000,"Washtenaw, MI (CT)",1907,569,2476,5102,1674,6776
26161464000,"Washtenaw, MI (CT)",1654,555,2209,4386,1241,5627
26161465000,"Washtenaw, MI (CT)",275,2384,2659,715,5106,5821
26161466000,"Washtenaw, MI (CT)",945,0,945,2432,0,2432
26161984000,"Washtenaw, MI (CT)",0,17,17,0,36,36
26163500100,"Wayne, MI (CT)",0,1634,1634,0,4032,4032
26163500200,"Wayne, MI (CT)",0,1203,1203,0,3207,3207
26163500300,"Wayne, MI (CT)",0,1338,1338,0,3137,3137
26163500400,"Wayne, MI (CT)",0,818,818,0,1664,1664
26163500500,"Wayne, MI (CT)",0,981,981,0,2205,2205
26163500600,"Wayne, MI (CT)",0,1589,1589,0,3714,3714
26163500700,"Wayne, MI (CT)",0,1785,1785,0,4391,4391
26163500800,"Wayne, MI (CT)",0,1029,1029,0,2485,2485
26163500900,"Wayne, MI (CT)",0,1707,1707,0,4035,4035
26163501000,"Wayne, MI (CT)",0,1375,1375,0,3499,3499
26163501100,"Wayne, MI (CT)",0,1572,1572,0,3762,3762
26163501200,"Wayne, MI (CT)",0,923,923,0,1963,1963
26163501300,"Wayne, MI (CT)",0,1747,1747,0,3836,3836
26163501400,"Wayne, MI (CT)",0,1594,1594,0,3895,3895
26163501500,"Wayne, MI (CT)",0,1663,1663,0,4095,4095
26163501600,"Wayne, MI (CT)",0,998,998,0,1997,1997
26163501700,"Wayne, MI (CT)",0,1225,1225,0,2357,2357
26163501800,"Wayne, MI (CT)",0,1963,1963,0,4448,4448
26163501900,"Wayne, MI (CT)",0,1342,1342,0,3055,3055
26163502000,"Wayne, MI (CT)",0,1091,1091,0,2348,2348
26163503100,"Wayne, MI (CT)",0,1112,1112,0,3081,3081
26163503200,"Wayne, MI (CT)",0,1533,1533,0,3817,3817
26163503300,"Wayne, MI (CT)",0,1708,1708,0,4302,4302
26163503400,"Wayne, MI (CT)",0,710,710,0,1557,1557
26163503500,"Wayne, MI (CT)",0,1786,1786,0,3936,3936
26163503600,"Wayne, MI (CT)",0,882,882,0,1939,1939
26163503900,"Wayne, MI (CT)",0,1057,1057,0,2250,2250
26163504000,"Wayne, MI (CT)",0,669,669,0,1483,1483
26163504100,"Wayne, MI (CT)",0,910,910,0,1748,1748
26163504200,"Wayne, MI (CT)",0,1183,1183,0,2426,2426
26163504300,"Wayne, MI (CT)",0,1230,1230,0,2695,2695
26163504400,"Wayne, MI (CT)",0,1060,1060,0,1999,1999
26163504700,"Wayne, MI (CT)",0,978,978,0,2097,2097
26163504800,"Wayne, MI (CT)",0,426,426,0,793,793
26163504900,"Wayne, MI (CT)",0,1443,1443,0,3495,3495
26163505000,"Wayne, MI (CT)",0,580,580,0,1263,1263
26163505100,"Wayne, MI (CT)",0,1814,1814,0,3776,3776
26163505200,"Wayne, MI (CT)",0,1529,1529,0,3348,3348
26163505400,"Wayne, MI (CT)",0,1404,1404,0,3001,3001
26163505500,"Wayne, MI (CT)",0,662,662,0,1472,1472
26163506100,"Wayne, MI (CT)",0,829,829,0,1921,1921
26163506200,"Wayne, MI (CT)",0,945,945,0,2285,2285
26163506300,"Wayne, MI (CT)",0,1022,1022,0,2352,2352
26163506400,"Wayne, MI (CT)",0,593,593,0,3095,3095
26163506500,"Wayne, MI (CT)",0,1101,1101,0,2256,2256
26163506600,"Wayne, MI (CT)",0,1469,1469,0,3240,3240
26163506700,"Wayne, MI (CT)",0,541,541,0,1229,1229
26163506800,"Wayne, MI (CT)",0,1718,1718,0,3865,3865
26163506900,"Wayne, MI (CT)",0,1630,1630,0,3818,3818
26163507000,"Wayne, MI (CT)",0,1295,1295,0,2948,2948
26163507100,"Wayne, MI (CT)",0,1322,1322,0,2617,2617
26163507200,"Wayne, MI (CT)",0,754,754,0,1434,1434
26163507300,"Wayne, MI (CT)",0,1391,1391,0,2814,2814
26163507400,"Wayne, MI (CT)",0,1522,1522,0,3153,3153
26163507500,"Wayne, MI (CT)",0,1229,1229,0,2479,2479
26163507800,"Wayne, MI (CT)",0,419,419,0,772,772
26163507900,"Wayne, MI (CT)",0,1224,1224,0,2200,2200
26163508000,"Wayne, MI (CT)",0,881,881,0,1343,1343
26163508100,"Wayne, MI (CT)",0,1292,1292,0,2227,2227
26163510400,"Wayne, MI (CT)",0,613,613,0,976,976
26163510500,"Wayne, MI (CT)",0,1358,1358,0,3723,3723
26163510600,"Wayne, MI (CT)",0,1513,1513,0,4206,4206
26163510700,"Wayne, MI (CT)",0,595,595,0,1888,1888
26163511000,"Wayne, MI (CT)",0,934,934,0,1971,1971
26163511200,"Wayne, MI (CT)",0,872,872,0,1442,1442
26163511300,"Wayne, MI (CT)",0,1128,1128,0,2510,2510
26163511400,"Wayne, MI (CT)",0,1663,1663,0,2681,2681
26163511900,"Wayne, MI (CT)",0,1020,1020,0,1462,1462
26163512100,"Wayne, MI (CT)",0,1720,1720,0,3532,3532
26163512200,"Wayne, MI (CT)",0,463,463,0,1321,1321
26163512300,"Wayne, MI (CT)",0,841,841,0,1677,1677
26163512400,"Wayne, MI (CT)",0,786,786,0,1481,1481
26163512600,"Wayne, MI (CT)",0,963,963,0,1953,1953
26163512900,"Wayne, MI (CT)",0,1000,1000,0,1639,1639
26163513200,"Wayne, MI (CT)",0,1047,1047,0,1843,1843
26163513300,"Wayne, MI (CT)",0,1152,1152,0,2300,2300
26163513600,"Wayne, MI (CT)",0,791,791,0,1469,1469
26163513700,"Wayne, MI (CT)",0,1710,1710,0,3256,3256
26163513900,"Wayne, MI (CT)",0,1230,1230,0,2235,2235
26163514100,"Wayne, MI (CT)",0,1756,1756,0,3486,3486
26163514200,"Wayne, MI (CT)",0,1441,1441,0,2726,2726
26163514300,"Wayne, MI (CT)",0,1416,1416,0,3075,3075
26163514500,"Wayne, MI (CT)",0,651,651,0,1416,1416
26163515200,"Wayne, MI (CT)",0,915,915,0,2032,2032
26163515300,"Wayne, MI (CT)",0,2145,2145,0,3117,3117
26163515400,"Wayne, MI (CT)",0,739,739,0,1344,1344
26163515600,"Wayne, MI (CT)",0,846,846,0,1385,1385
26163515700,"Wayne, MI (CT)",0,2962,2962,0,3295,3295
26163515900,"Wayne, MI (CT)",0,800,800,0,1643,1643
26163516000,"Wayne, MI (CT)",0,1406,1406,0,3052,3052
26163516100,"Wayne, MI (CT)",0,423,423,0,734,734
26163516200,"Wayne, MI (CT)",0,472,472,0,774,774
26163516300,"Wayne, MI (CT)",0,425,425,0,890,890
26163516400,"Wayne, MI (CT)",0,661,661,0,1095,1095
26163516500,"Wayne, MI (CT)",0,1150,1150,0,1404,1404
26163516600,"Wayne, MI (CT)",0,1074,1074,0,2058,2058
26163516700,"Wayne, MI (CT)",0,1642,1642,0,2977,2977
26163516800,"Wayne, MI (CT)",0,532,532,0,1041,1041
26163516900,"Wayne, MI (CT)",0,1578,1578,0,1991,1991
26163517000,"Wayne, MI (CT)",0,2242,2242,0,2360,2360
26163517100,"Wayne, MI (CT)",0,886,886,0,1062,1062
26163517200,"Wayne, MI (CT)",0,724,724,0,1438,1438
26163517300,"Wayne, MI (CT)",0,1357,1357,0,1943,1943
26163517500,"Wayne, MI (CT)",0,1646,1646,0,2192,2192
26163518000,"Wayne, MI (CT)",0,1390,1390,0,2264,2264
26163518400,"Wayne, MI (CT)",0,354,354,0,630,630
26163518500,"Wayne, MI (CT)",0,652,652,0,1210,1210
26163518600,"Wayne, MI (CT)",0,395,395,0,797,797
26163518800,"Wayne, MI (CT)",0,485,485,0,795,795
26163518900,"Wayne, MI (CT)",0,892,892,0,1854,1854
26163520200,"Wayne, MI (CT)",0,1081,1081,0,2571,2571
26163520300,"Wayne, MI (CT)",0,1483,1483,0,2038,2038
26163520400,"Wayne, MI (CT)",0,1259,1259,0,1835,1835
26163520700,"Wayne, MI (CT)",0,2451,2451,0,2233,2233
26163520800,"Wayne, MI (CT)",0,1397,1397,0,1616,1616
26163521100,"Wayne, MI (CT)",0,912,912,0,2080,2080
26163521300,"Wayne, MI (CT)",0,413,413,0,954,954
26163521400,"Wayne, MI (CT)",0,769,769,0,1192,1192
26163521500,"Wayne, MI (CT)",0,948,948,0,1690,1690
26163521800,"Wayne, MI (CT)",0,778,778,0,1216,1216
26163521900,"Wayne, MI (CT)",0,1501,1501,0,2942,2942
26163522000,"Wayne, MI (CT)",0,969,969,0,2061,2061
26163522100,"Wayne, MI (CT)",0,566,566,0,950,950
26163522200,"Wayne, MI (CT)",0,435,435,0,655,655
26163522300,"Wayne, MI (CT)",0,1145,1145,0,1704,1704
26163522400,"Wayne, MI (CT)",0,698,698,0,1147,1147
26163522500,"Wayne, MI (CT)",0,1591,1591,0,1707,1707
26163523100,"Wayne, MI (CT)",0,695,695,0,1648,1648
26163523200,"Wayne, MI (CT)",0,1373,1373,0,3850,3850
26163523300,"Wayne, MI (CT)",0,1192,1192,0,3326,3326
26163523400,"Wayne, MI (CT)",0,1271,1271,0,2720,2720
26163523800,"Wayne, MI (CT)",0,1589,1589,0,4582,4582
26163524000,"Wayne, MI (CT)",0,1142,1142,0,2985,2985
26163524100,"Wayne, MI (CT)",0,1675,1675,0,3942,3942
26163524200,"Wayne, MI (CT)",0,1904,1904,0,4964,4964
26163524300,"Wayne, MI (CT)",0,1036,1036,0,2812,2812
26163524500,"Wayne, MI (CT)",0,457,457,0,1264,1264
26163524700,"Wayne, MI (CT)",0,2153,2153,0,4150,4150
26163524800,"Wayne, MI (CT)",0,1367,1367,0,2796,2796
26163524900,"Wayne, MI (CT)",0,687,687,0,1679,1679
26163525000,"Wayne, MI (CT)",0,522,522,0,1104,1104
26163525400,"Wayne, MI (CT)",0,1049,1049,0,2374,2374
26163525500,"Wayne, MI (CT)",0,474,474,0,1191,1191
26163525600,"Wayne, MI (CT)",0,647,647,0,1671,1671
26163525700,"Wayne, MI (CT)",0,1906,1906,0,5004,5004
26163525800,"Wayne, MI (CT)",0,833,833,0,2091,2091
26163526000,"Wayne, MI (CT)",0,1089,1089,0,2984,2984
26163526100,"Wayne, MI (CT)",0,884,884,0,2631,2631
26163526200,"Wayne, MI (CT)",0,1042,1042,0,3176,3176
26163526300,"Wayne, MI (CT)",0,1309,1309,0,3635,3635
26163526400,"Wayne, MI (CT)",0,622,622,0,1600,1600
26163526500,"Wayne, MI (CT)",0,1194,1194,0,2482,2482
26163527200,"Wayne, MI (CT)",0,685,685,0,1190,1190
26163527300,"Wayne, MI (CT)",0,767,767,0,1275,1275
26163530100,"Wayne, MI (CT)",0,1677,1677,0,3024,3024
26163530200,"Wayne, MI (CT)",0,1730,1730,0,4192,4192
26163530300,"Wayne, MI (CT)",0,1041,1041,0,1891,1891
26163530400,"Wayne, MI (CT)",0,1109,1109,0,1694,1694
26163530500,"Wayne, MI (CT)",0,1229,1229,0,2283,2283
26163530800,"Wayne, MI (CT)",0,1186,1186,0,2130,2130
26163530900,"Wayne, MI (CT)",0,1740,1740,0,2694,2694
26163531100,"Wayne, MI (CT)",0,1189,1189,0,1610,1610
26163531200,"Wayne, MI (CT)",0,1186,1186,0,2532,2532
26163531300,"Wayne, MI (CT)",0,884,884,0,1497,1497
26163531400,"Wayne, MI (CT)",0,989,989,0,1935,1935
26163531500,"Wayne, MI (CT)",0,2026,2026,0,3018,3018
26163531600,"Wayne, MI (CT)",0,1212,1212,0,1981,1981
26163531700,"Wayne, MI (CT)",0,1269,1269,0,2070,2070
26163531800,"Wayne, MI (CT)",0,1497,1497,0,2139,2139
26163531900,"Wayne, MI (CT)",0,765,765,0,1425,1425
26163532200,"Wayne, MI (CT)",0,805,805,0,1696,1696
26163532300,"Wayne, MI (CT)",0,524,524,0,962,962
26163532400,"Wayne, MI (CT)",0,893,893,0,1635,1635
26163532600,"Wayne, MI (CT)",0,1353,1353,0,2043,2043
26163532700,"Wayne, MI (CT)",0,686,686,0,962,962
26163533000,"Wayne, MI (CT)",0,874,874,0,1804,1804
26163533100,"Wayne, MI (CT)",0,1174,1174,0,1824,1824
26163533200,"Wayne, MI (CT)",0,1041,1041,0,1656,1656
26163533300,"Wayne, MI (CT)",0,1048,1048,0,1795,1795
26163533400,"Wayne, MI (CT)",0,1793,1793,0,3069,3069
26163533500,"Wayne, MI (CT)",0,775,775,0,1322,1322
26163533600,"Wayne, MI (CT)",0,1479,1479,0,2446,2446
26163533700,"Wayne, MI (CT)",0,702,702,0,1242,1242
26163533900,"Wayne, MI (CT)",0,2431,2431,0,2578,2578
26163534100,"Wayne, MI (CT)",0,1328,1328,0,2070,2070
26163534200,"Wayne, MI (CT)",0,1951,1951,0,4179,4179
26163534300,"Wayne, MI (CT)",0,769,769,0,1521,1521
26163534400,"Wayne, MI (CT)",0,1020,1020,0,1958,1958
26163534500,"Wayne, MI (CT)",0,586,586,0,980,980
26163534600,"Wayne, MI (CT)",0,1119,1119,0,1902,1902
26163534700,"Wayne, MI (CT)",0,1548,1548,0,3042,3042
26163535000,"Wayne, MI (CT)",0,1463,1463,0,2661,2661
26163535100,"Wayne, MI (CT)",0,983,983,0,2067,2067
26163535200,"Wayne, MI (CT)",0,1252,1252,0,2487,2487
26163535300,"Wayne, MI (CT)",0,1769,1769,0,4028,4028
26163535400,"Wayne, MI (CT)",0,759,759,0,1522,1522
26163535500,"Wayne, MI (CT)",0,1311,1311,0,2676,2676
26163535600,"Wayne, MI (CT)",0,1640,1640,0,3425,3425
26163535700,"Wayne, MI (CT)",0,745,745,0,1486,1486
26163536100,"Wayne, MI (CT)",0,1980,1980,0,3846,3846
26163536200,"Wayne, MI (CT)",0,909,909,0,2012,2012
26163536300,"Wayne, MI (CT)",0,1683,1683,0,3130,3130
26163536400,"Wayne, MI (CT)",0,1418,1418,0,2868,2868
26163536500,"Wayne, MI (CT)",0,1337,1337,0,2363,2363
26163536600,"Wayne, MI (CT)",0,1506,1506,0,2946,2946
26163536700,"Wayne, MI (CT)",0,650,650,0,1391,1391
26163536800,"Wayne, MI (CT)",0,807,807,0,1646,1646
26163536900,"Wayne, MI (CT)",0,1447,1447,0,3497,3497
26163537000,"Wayne, MI (CT)",0,1660,1660,0,3641,3641
26163537100,"Wayne, MI (CT)",0,1086,1086,0,2178,2178
26163537200,"Wayne, MI (CT)",0,490,490,0,888,888
26163537300,"Wayne, MI (CT)",0,1348,1348,0,2750,2750
26163537500,"Wayne, MI (CT)",0,1283,1283,0,2966,2966
26163537600,"Wayne, MI (CT)",0,1423,1423,0,3243,3243
26163537700,"Wayne, MI (CT)",0,1618,1618,0,3178,3178
26163537800,"Wayne, MI (CT)",0,952,952,0,2035,2035
26163538100,"Wayne, MI (CT)",0,1024,1024,0,2076,2076
26163538200,"Wayne, MI (CT)",0,772,772,0,1911,1911
26163538300,"Wayne, MI (CT)",0,1704,1704,0,2134,2134
26163538400,"Wayne, MI (CT)",0,1397,1397,0,3342,3342
26163538500,"Wayne, MI (CT)",0,2404,2404,0,5158,5158
26163538600,"Wayne, MI (CT)",0,1987,1987,0,4669,4669
26163538700,"Wayne, MI (CT)",0,1620,1620,0,3606,3606
26163538800,"Wayne, MI (CT)",0,661,661,0,1404,1404
26163538900,"Wayne, MI (CT)",0,1604,1604,0,3526,3526
26163539000,"Wayne, MI (CT)",0,1312,1312,0,2889,2889
26163539100,"Wayne, MI (CT)",0,833,833,0,1794,1794
26163539200,"Wayne, MI (CT)",0,2264,2264,0,4710,4710
26163539300,"Wayne, MI (CT)",0,1593,1593,0,3694,3694
26163539400,"Wayne, MI (CT)",0,1448,1448,0,3479,3479
26163539500,"Wayne, MI (CT)",0,1330,1330,0,2963,2963
26163539600,"Wayne, MI (CT)",0,1327,1327,0,3310,3310
26163539700,"Wayne, MI (CT)",0,991,991,0,1891,1891
26163540100,"Wayne, MI (CT)",0,1496,1496,0,3300,3300
26163540200,"Wayne, MI (CT)",0,1703,1703,0,3771,3771
26163540300,"Wayne, MI (CT)",0,1667,1667,0,3823,3823
26163540400,"Wayne, MI (CT)",0,1304,1304,0,2569,2569
26163540500,"Wayne, MI (CT)",0,1414,1414,0,3296,3296
26163540600,"Wayne, MI (CT)",0,1463,1463,0,3301,3301
26163540700,"Wayne, MI (CT)",0,1385,1385,0,3346,3346
26163540800,"Wayne, MI (CT)",0,990,990,0,2174,2174
26163540900,"Wayne, MI (CT)",0,1448,1448,0,3466,3466
26163541000,"Wayne, MI (CT)",0,1953,1953,0,3634,3634
26163541100,"Wayne, MI (CT)",0,1683,1683,0,3636,3636
26163541200,"Wayne, MI (CT)",0,1344,1344,0,2424,2424
26163541300,"Wayne, MI (CT)",0,1132,1132,0,2429,2429
26163541400,"Wayne, MI (CT)",0,1246,1246,0,2634,2634
26163541500,"Wayne, MI (CT)",0,1899,1899,0,3476,3476
26163541700,"Wayne, MI (CT)",0,1392,1392,0,2132,2132
26163541800,"Wayne, MI (CT)",0,1285,1285,0,2495,2495
26163542100,"Wayne, MI (CT)",0,1915,1915,0,4350,4350
26163542200,"Wayne, MI (CT)",0,1717,1717,0,3781,3781
26163542300,"Wayne, MI (CT)",0,1117,1117,0,2225,2225
26163542400,"Wayne, MI (CT)",0,1198,1198,0,2622,2622
26163542500,"Wayne, MI (CT)",0,1039,1039,0,2489,2489
26163542600,"Wayne, MI (CT)",0,1433,1433,0,3130,3130
26163542700,"Wayne, MI (CT)",0,482,482,0,937,937
26163542800,"Wayne, MI (CT)",0,1052,1052,0,2531,2531
26163542900,"Wayne, MI (CT)",0,1359,1359,0,3377,3377
26163543000,"Wayne, MI (CT)",0,714,714,0,1814,1814
26163543100,"Wayne, MI (CT)",0,984,984,0,2406,2406
26163543200,"Wayne, MI (CT)",0,1216,1216,0,2804,2804
26163543400,"Wayne, MI (CT)",0,1417,1417,0,3189,3189
26163543500,"Wayne, MI (CT)",0,768,768,0,1599,1599
26163543600,"Wayne, MI (CT)",0,844,844,0,1676,1676
26163543700,"Wayne, MI (CT)",0,1188,1188,0,2649,2649
26163543800,"Wayne, MI (CT)",0,755,755,0,1093,1093
26163543900,"Wayne, MI (CT)",0,639,639,0,901,901
26163544000,"Wayne, MI (CT)",0,1126,1126,0,2178,2178
26163544100,"Wayne, MI (CT)",0,1138,1138,0,1803,1803
26163544200,"Wayne, MI (CT)",0,1363,1363,0,2467,2467
26163544300,"Wayne, MI (CT)",0,1362,1362,0,2549,2549
26163545100,"Wayne, MI (CT)",0,802,802,0,1544,1544
26163545200,"Wayne, MI (CT)",0,1589,1589,0,3280,3280
26163545300,"Wayne, MI (CT)",0,1057,1057,0,2162,2162
26163545400,"Wayne, MI (CT)",0,401,401,0,758,758
26163545500,"Wayne, MI (CT)",0,1789,1789,0,3672,3672
26163545600,"Wayne, MI (CT)",0,1794,1794,0,4553,4553
26163545700,"Wayne, MI (CT)",0,1118,1118,0,2373,2373
26163545800,"Wayne, MI (CT)",0,2091,2091,0,4708,4708
26163545900,"Wayne, MI (CT)",0,1753,1753,0,4038,4038
26163546000,"Wayne, MI (CT)",0,1687,1687,0,3674,3674
26163546100,"Wayne, MI (CT)",0,1801,1801,0,4185,4185
26163546200,"Wayne, MI (CT)",0,1236,1236,0,2863,2863
26163546300,"Wayne, MI (CT)",0,700,700,0,1655,1655
26163546400,"Wayne, MI (CT)",0,590,590,0,1281,1281
26163546500,"Wayne, MI (CT)",0,1093,1093,0,2357,2357
26163546600,"Wayne, MI (CT)",0,986,986,0,2194,2194
26163546700,"Wayne, MI (CT)",0,1428,1428,0,3152,3152
26163546800,"Wayne, MI (CT)",0,1653,1653,0,3171,3171
26163546900,"Wayne, MI (CT)",0,533,533,0,1198,1198
26163550100,"Wayne, MI (CT)",0,1721,1721,0,3950,3950
26163550200,"Wayne, MI (CT)",0,2028,2028,0,4163,4163
26163550300,"Wayne, MI (CT)",0,1248,1248,0,3442,3442
26163550400,"Wayne, MI (CT)",0,899,899,0,1627,1627
26163550500,"Wayne, MI (CT)",0,1547,1547,0,3794,3794
26163550600,"Wayne, MI (CT)",0,1056,1056,0,2486,2486
26163550700,"Wayne, MI (CT)",0,2191,2191,0,5454,5454
26163550800,"Wayne, MI (CT)",0,705,705,0,1539,1539
26163550900,"Wayne, MI (CT)",0,1307,1307,0,2929,2929
26163551100,"Wayne, MI (CT)",0,2015,2015,0,4856,4856
26163551200,"Wayne, MI (CT)",0,1684,1684,0,4071,4071
26163551300,"Wayne, MI (CT)",0,1981,1981,0,3849,3849
26163551400,"Wayne, MI (CT)",0,1893,1893,0,4150,4150
26163551500,"Wayne, MI (CT)",0,971,971,0,2425,2425
26163551600,"Wayne, MI (CT)",0,1659,1659,0,3812,3812
26163551700,"Wayne, MI (CT)",0,1411,1411,0,3488,3488
26163551800,"Wayne, MI (CT)",0,1709,1709,0,3720,3720
26163552000,"Wayne, MI (CT)",0,1130,1130,0,2817,2817
26163552100,"Wayne, MI (CT)",0,1941,1941,0,4358,4358
26163552200,"Wayne, MI (CT)",0,1508,1508,0,3570,3570
26163552300,"Wayne, MI (CT)",0,1463,1463,0,3527,3527
26163552400,"Wayne, MI (CT)",0,937,937,0,2900,2900
26163552800,"Wayne, MI (CT)",0,1714,1714,0,5251,5251
26163553000,"Wayne, MI (CT)",0,769,769,0,1244,1244
26163553100,"Wayne, MI (CT)",0,852,852,0,1696,1696
26163553200,"Wayne, MI (CT)",0,584,584,0,905,905
26163553300,"Wayne, MI (CT)",0,772,772,0,1363,1363
26163553400,"Wayne, MI (CT)",0,1208,1208,0,1983,1983
26163553600,"Wayne, MI (CT)",0,982,982,0,2631,2631
26163553800,"Wayne, MI (CT)",0,923,923,0,1954,1954
26163554100,"Wayne, MI (CT)",0,1730,1730,0,4121,4121
26163554200,"Wayne, MI (CT)",0,1412,1412,0,3301,3301
26163554300,"Wayne, MI (CT)",0,2190,2190,0,5028,5028
26163554400,"Wayne, MI (CT)",0,1394,1394,0,3247,3247
26163554500,"Wayne, MI (CT)",0,1331,1331,0,2804,2804
26163554600,"Wayne, MI (CT)",0,1574,1574,0,3860,3860
26163554700,"Wayne, MI (CT)",0,1086,1086,0,2514,2514
26163554800,"Wayne, MI (CT)",0,1570,1570,0,3590,3590
26163554900,"Wayne, MI (CT)",0,1433,1433,0,3335,3335
26163555100,"Wayne, MI (CT)",0,1934,1934,0,4563,4563
26163555300,"Wayne, MI (CT)",0,1350,1350,0,3384,3384
26163555400,"Wayne, MI (CT)",0,1127,1127,0,2861,2861
26163555500,"Wayne, MI (CT)",0,1414,1414,0,3057,3057
26163555600,"Wayne, MI (CT)",0,1194,1194,0,2697,2697
26163556100,"Wayne, MI (CT)",0,1431,1431,0,3508,3508
26163556200,"Wayne, MI (CT)",0,1527,1527,0,2714,2714
26163556300,"Wayne, MI (CT)",0,1554,1554,0,3316,3316
26163556400,"Wayne, MI (CT)",0,1712,1712,0,4340,4340
26163556500,"Wayne, MI (CT)",0,1314,1314,0,2282,2282
26163556600,"Wayne, MI (CT)",0,1320,1320,0,3438,3438
26163556700,"Wayne, MI (CT)",0,1053,1053,0,2651,2651
26163556800,"Wayne, MI (CT)",0,692,692,0,1789,1789
26163556900,"Wayne, MI (CT)",0,1462,1462,0,3779,3779
26163557000,"Wayne, MI (CT)",0,1331,1331,0,3039,3039
26163557100,"Wayne, MI (CT)",0,1093,1093,0,2568,2568
26163557200,"Wayne, MI (CT)",0,798,798,0,2014,2014
26163557300,"Wayne, MI (CT)",0,878,878,0,2165,2165
26163557400,"Wayne, MI (CT)",0,1310,1310,0,3415,3415
26163557500,"Wayne, MI (CT)",0,1487,1487,0,3912,3912
26163557600,"Wayne, MI (CT)",0,1275,1275,0,3183,3183
26163557700,"Wayne, MI (CT)",0,1859,1859,0,4453,4453
26163557900,"Wayne, MI (CT)",0,1907,1907,0,5043,5043
26163558000,"Wayne, MI (CT)",0,1763,1763,0,4295,4295
26163558100,"Wayne, MI (CT)",0,1447,1447,0,3432,3432
26163558200,"Wayne, MI (CT)",0,1841,1841,0,4624,4624
26163558300,"Wayne, MI (CT)",0,924,924,0,2044,2044
26163558400,"Wayne, MI (CT)",0,1697,1697,0,3836,3836
26163558500,"Wayne, MI (CT)",0,1665,1665,0,4030,4030
26163558600,"Wayne, MI (CT)",0,866,866,0,2098,2098
26163558700,"Wayne, MI (CT)",0,1136,1136,0,2746,2746
26163558800,"Wayne, MI (CT)",0,1164,1164,0,2806,2806
26163558900,"Wayne, MI (CT)",0,802,802,0,1897,1897
26163559000,"Wayne, MI (CT)",0,1120,1120,0,2715,2715
26163559100,"Wayne, MI (CT)",0,1089,1089,0,2635,2635
26163559200,"Wayne, MI (CT)",0,884,884,0,2175,2175
26163560100,"Wayne, MI (CT)",0,1391,1391,0,2739,2739
26163560200,"Wayne, MI (CT)",0,2986,2986,0,5408,5408
26163560300,"Wayne, MI (CT)",0,1595,1595,0,3407,3407
26163560400,"Wayne, MI (CT)",0,2902,2902,0,6153,6153
26163561200,"Wayne, MI (CT)",98,1909,2007,267,5374,5641
26163561300,"Wayne, MI (CT)",0,2746,2746,0,7888,7888
26163561600,"Wayne, MI (CT)",0,1960,1960,0,3832,3832
26163561700,"Wayne, MI (CT)",0,915,915,0,2137,2137
26163561900,"Wayne, MI (CT)",0,2503,2503,0,7111,7111
26163562300,"Wayne, MI (CT)",0,926,926,0,2069,2069
26163562400,"Wayne, MI (CT)",0,2093,2093,0,5457,5457
26163562500,"Wayne, MI (CT)",0,1145,1145,0,1951,1951
26163562600,"Wayne, MI (CT)",0,1758,1758,0,3685,3685
26163562700,"Wayne, MI (CT)",0,1749,1749,0,3496,3496
26163562800,"Wayne, MI (CT)",0,1622,1622,0,3475,3475
26163562900,"Wayne, MI (CT)",0,1689,1689,0,3443,3443
26163563200,"Wayne, MI (CT)",0,1427,1427,0,3294,3294
26163563300,"Wayne, MI (CT)",0,1359,1359,0,2868,2868
26163563400,"Wayne, MI (CT)",0,1889,1889,0,5092,5092
26163563500,"Wayne, MI (CT)",0,1980,1980,0,6229,6229
26163563600,"Wayne, MI (CT)",0,759,759,0,2116,2116
26163563700,"Wayne, MI (CT)",0,636,636,0,1671,1671
26163563800,"Wayne, MI (CT)",0,1129,1129,0,2991,2991
26163563900,"Wayne, MI (CT)",0,991,991,0,2435,2435
26163564000,"Wayne, MI (CT)",0,1319,1319,0,2045,2045
26163564100,"Wayne, MI (CT)",0,1854,1854,0,4337,4337
26163564200,"Wayne, MI (CT)",0,1562,1562,0,3817,3817
26163564300,"Wayne, MI (CT)",0,1145,1145,0,2644,2644
26163564401,"Wayne, MI (CT)",90,1526,1616,273,4951,5224
26163564402,"Wayne, MI (CT)",0,1519,1519,0,4385,4385
26163564501,"Wayne, MI (CT)",0,1337,1337,0,4246,4246
26163564502,"Wayne, MI (CT)",0,1276,1276,0,3711,3711
26163564503,"Wayne, MI (CT)",0,1630,1630,0,3592,3592
26163564504,"Wayne, MI (CT)",57,2443,2500,123,5838,5961
26163564600,"Wayne, MI (CT)",0,2318,2318,0,6678,6678
26163564700,"Wayne, MI (CT)",0,1879,1879,0,5029,5029
26163564800,"Wayne, MI (CT)",0,1829,1829,0,4676,4676
26163564900,"Wayne, MI (CT)",0,906,906,0,2086,2086
26163565000,"Wayne, MI (CT)",0,1969,1969,0,5046,5046
26163565100,"Wayne, MI (CT)",0,1636,1636,0,3483,3483
26163565200,"Wayne, MI (CT)",0,2580,2580,0,5078,5078
26163565300,"Wayne, MI (CT)",0,3099,3099,0,5600,5600
26163565600,"Wayne, MI (CT)",0,831,831,0,2299,2299
26163565700,"Wayne, MI (CT)",0,1330,1330,0,3556,3556
26163565800,"Wayne, MI (CT)",0,1827,1827,0,3881,3881
26163565900,"Wayne, MI (CT)",0,1118,1118,0,2580,2580
26163566400,"Wayne, MI (CT)",0,619,619,0,1012,1012
26163566500,"Wayne, MI (CT)",0,1306,1306,0,2267,2267
26163566600,"Wayne, MI (CT)",0,870,870,0,2155,2155
26163566700,"Wayne, MI (CT)",0,1634,1634,0,3973,3973
26163566800,"Wayne, MI (CT)",0,1286,1286,0,3089,3089
26163566900,"Wayne, MI (CT)",0,2109,2109,0,5097,5097
26163567000,"Wayne, MI (CT)",0,1604,1604,0,3587,3587
26163567100,"Wayne, MI (CT)",0,1819,1819,0,3613,3613
26163567201,"Wayne, MI (CT)",0,1434,1434,0,3502,3502
26163567202,"Wayne, MI (CT)",0,1409,1409,0,3016,3016
26163567300,"Wayne, MI (CT)",0,1990,1990,0,4455,4455
26163567400,"Wayne, MI (CT)",0,1442,1442,0,2727,2727
26163567800,"Wayne, MI (CT)",0,2524,2524,0,5025,5025
26163567900,"Wayne, MI (CT)",0,1289,1289,0,2929,2929
26163568000,"Wayne, MI (CT)",0,1207,1207,0,2240,2240
26163568200,"Wayne, MI (CT)",0,1551,1551,0,3917,3917
26163568300,"Wayne, MI (CT)",0,1989,1989,0,4320,4320
26163568400,"Wayne, MI (CT)",0,1525,1525,0,3876,3876
26163568500,"Wayne, MI (CT)",0,2112,2112,0,4547,4547
26163568700,"Wayne, MI (CT)",0,1414,1414,0,3943,3943
26163568800,"Wayne, MI (CT)",0,2168,2168,0,3127,3127
26163568900,"Wayne, MI (CT)",0,1305,1305,0,2796,2796
26163569100,"Wayne, MI (CT)",0,1018,1018,0,2499,2499
26163569200,"Wayne, MI (CT)",0,1303,1303,0,2787,2787
26163569300,"Wayne, MI (CT)",0,1706,1706,0,3861,3861
26163569400,"Wayne, MI (CT)",0,1250,1250,0,2947,2947
26163569500,"Wayne, MI (CT)",0,1070,1070,0,2662,2662
26163569600,"Wayne, MI (CT)",0,1436,1436,0,3527,3527
26163569700,"Wayne, MI (CT)",0,1795,1795,0,4463,4463
26163569800,"Wayne, MI (CT)",0,1048,1048,0,2499,2499
26163569900,"Wayne, MI (CT)",0,990,990,0,2447,2447
26163570100,"Wayne, MI (CT)",0,1924,1924,0,3908,3908
26163570200,"Wayne, MI (CT)",0,1131,1131,0,2724,2724
26163570400,"Wayne, MI (CT)",0,2310,2310,0,5186,5186
26163570500,"Wayne, MI (CT)",0,1681,1681,0,3732,3732
26163570600,"Wayne, MI (CT)",0,876,876,0,2009,2009
26163570800,"Wayne, MI (CT)",0,1469,1469,0,3022,3022
26163570900,"Wayne, MI (CT)",0,1156,1156,0,2535,2535
26163571000,"Wayne, MI (CT)",0,1098,1098,0,2250,2250
26163571500,"Wayne, MI (CT)",0,1761,1761,0,4585,4585
26163571600,"Wayne, MI (CT)",0,776,776,0,1672,1672
26163571700,"Wayne, MI (CT)",0,952,952,0,2401,2401
26163571800,"Wayne, MI (CT)",0,1353,1353,0,3121,3121
26163571900,"Wayne, MI (CT)",0,1407,1407,0,2852,2852
26163572000,"Wayne, MI (CT)",0,778,778,0,1899,1899
26163572100,"Wayne, MI (CT)",0,2500,2500,0,6177,6177
26163572200,"Wayne, MI (CT)",0,2756,2756,0,6231,6231
26163572400,"Wayne, MI (CT)",0,572,572,0,1339,1339
26163572500,"Wayne, MI (CT)",0,702,702,0,1870,1870
26163572600,"Wayne, MI (CT)",0,2338,2338,0,5189,5189
26163572700,"Wayne, MI (CT)",0,1999,1999,0,4616,4616
26163572800,"Wayne, MI (CT)",0,2430,2430,0,5644,5644
26163572900,"Wayne, MI (CT)",0,1100,1100,0,2615,2615
26163573000,"Wayne, MI (CT)",0,942,942,0,3110,3110
26163573100,"Wayne, MI (CT)",0,1702,1702,0,4453,4453
26163573300,"Wayne, MI (CT)",0,1174,1174,0,3900,3900
26163573400,"Wayne, MI (CT)",0,1247,1247,0,3702,3702
26163573500,"Wayne, MI (CT)",0,1295,1295,0,5315,5315
26163573600,"Wayne, MI (CT)",0,2217,2217,0,6652,6652
26163573701,"Wayne, MI (CT)",0,562,562,0,1990,1990
26163573702,"Wayne, MI (CT)",0,1915,1915,0,6524,6524
26163573800,"Wayne, MI (CT)",0,1578,1578,0,5306,5306
26163573900,"Wayne, MI (CT)",0,1586,1586,0,5308,5308
26163574000,"Wayne, MI (CT)",0,2011,2011,0,5759,5759
26163574100,"Wayne, MI (CT)",0,1476,1476,0,3955,3955
26163574202,"Wayne, MI (CT)",0,1646,1646,0,3008,3008
26163574300,"Wayne, MI (CT)",0,1374,1374,0,3240,3240
26163574600,"Wayne, MI (CT)",0,2037,2037,0,4913,4913
26163574700,"Wayne, MI (CT)",0,1796,1796,0,4391,4391
26163574800,"Wayne, MI (CT)",0,1631,1631,0,4233,4233
26163574900,"Wayne, MI (CT)",0,1206,1206,0,1776,1776
26163575000,"Wayne, MI (CT)",0,2313,2313,0,4589,4589
26163575100,"Wayne, MI (CT)",0,1254,1254,0,2649,2649
26163575200,"Wayne, MI (CT)",0,1947,1947,0,4059,4059
26163575300,"Wayne, MI (CT)",0,1577,1577,0,3591,3591
26163575400,"Wayne, MI (CT)",0,1492,1492,0,3253,3253
26163575500,"Wayne, MI (CT)",0,1726,1726,0,3886,3886
26163575600,"Wayne, MI (CT)",0,727,727,0,1539,1539
26163576000,"Wayne, MI (CT)",0,833,833,0,1845,1845
26163576100,"Wayne, MI (CT)",0,2685,2685,0,6082,6082
26163576200,"Wayne, MI (CT)",0,1140,1140,0,2610,2610
26163576300,"Wayne, MI (CT)",0,980,980,0,2430,2430
26163576400,"Wayne, MI (CT)",0,1539,1539,0,3621,3621
26163576500,"Wayne, MI (CT)",0,1640,1640,0,3902,3902
26163576600,"Wayne, MI (CT)",0,1831,1831,0,4169,4169
26163576700,"Wayne, MI (CT)",0,1560,1560,0,3553,3553
26163577000,"Wayne, MI (CT)",0,2000,2000,0,4331,4331
26163577100,"Wayne, MI (CT)",0,1276,1276,0,2933,2933
26163577200,"Wayne, MI (CT)",0,1375,1375,0,3188,3188
26163577300,"Wayne, MI (CT)",0,1323,1323,0,3086,3086
26163577400,"Wayne, MI (CT)",0,1475,1475,0,3508,3508
26163577500,"Wayne, MI (CT)",0,1461,1461,0,3297,3297
26163577600,"Wayne, MI (CT)",0,1554,1554,0,3790,3790
26163577700,"Wayne, MI (CT)",0,972,972,0,2370,2370
26163577800,"Wayne, MI (CT)",0,2076,2076,0,4944,4944
26163577900,"Wayne, MI (CT)",0,1820,1820,0,4076,4076
26163578000,"Wayne, MI (CT)",0,1196,1196,0,2619,2619
26163578500,"Wayne, MI (CT)",0,2294,2294,0,5153,5153
26163578600,"Wayne, MI (CT)",0,2624,2624,0,5562,5562
26163579100,"Wayne, MI (CT)",0,1032,1032,0,1881,1881
26163579200,"Wayne, MI (CT)",0,1558,1558,0,3295,3295
26163579300,"Wayne, MI (CT)",0,1141,1141,0,2727,2727
26163579500,"Wayne, MI (CT)",0,839,839,0,1863,1863
26163579600,"Wayne, MI (CT)",0,1482,1482,0,3117,3117
26163579700,"Wayne, MI (CT)",0,1371,1371,0,2878,2878
26163579800,"Wayne, MI (CT)",0,852,852,0,1654,1654
26163579900,"Wayne, MI (CT)",0,2084,2084,0,4615,4615
26163580100,"Wayne, MI (CT)",0,1009,1009,0,2089,2089
26163580200,"Wayne, MI (CT)",0,1263,1263,0,2875,2875
26163580300,"Wayne, MI (CT)",0,1250,1250,0,2882,2882
26163580400,"Wayne, MI (CT)",0,1166,1166,0,2644,2644
26163580500,"Wayne, MI (CT)",0,1365,1365,0,2950,2950
26163580600,"Wayne, MI (CT)",0,1404,1404,0,3121,3121
26163580700,"Wayne, MI (CT)",0,2077,2077,0,3758,3758
26163580800,"Wayne, MI (CT)",0,735,735,0,1547,1547
26163580900,"Wayne, MI (CT)",0,1812,1812,0,4017,4017
26163581100,"Wayne, MI (CT)",0,1802,1802,0,3970,3970
26163581200,"Wayne, MI (CT)",0,1885,1885,0,3706,3706
26163581500,"Wayne, MI (CT)",0,1021,1021,0,2238,2238
26163581600,"Wayne, MI (CT)",0,2796,2796,0,5620,5620
26163581800,"Wayne, MI (CT)",0,1147,1147,0,2724,2724
26163581900,"Wayne, MI (CT)",0,1960,1960,0,4732,4732
26163582000,"Wayne, MI (CT)",0,1677,1677,0,3064,3064
26163582100,"Wayne, MI (CT)",0,1645,1645,0,3993,3993
26163583000,"Wayne, MI (CT)",0,1088,1088,0,2597,2597
26163583100,"Wayne, MI (CT)",0,1661,1661,0,4106,4106
26163583200,"Wayne, MI (CT)",0,1230,1230,0,2859,2859
26163583300,"Wayne, MI (CT)",0,1074,1074,0,2550,2550
26163583400,"Wayne, MI (CT)",0,2133,2133,0,5040,5040
26163583500,"Wayne, MI (CT)",0,1154,1154,0,2788,2788
26163583600,"Wayne, MI (CT)",0,1083,1083,0,2667,2667
26163583700,"Wayne, MI (CT)",0,1545,1545,0,3721,3721
26163583800,"Wayne, MI (CT)",0,1959,1959,0,4517,4517
26163583900,"Wayne, MI (CT)",0,1764,1764,0,4093,4093
26163584000,"Wayne, MI (CT)",0,1760,1760,0,4471,4471
26163584100,"Wayne, MI (CT)",0,755,755,0,1743,1743
26163584200,"Wayne, MI (CT)",0,1379,1379,0,3695,3695
26163584300,"Wayne, MI (CT)",0,853,853,0,1922,1922
26163584400,"Wayne, MI (CT)",0,1383,1383,0,3227,3227
26163584500,"Wayne, MI (CT)",0,1206,1206,0,2567,2567
26163584600,"Wayne, MI (CT)",0,932,932,0,1836,1836
26163584700,"Wayne, MI (CT)",0,1030,1030,0,2562,2562
26163584800,"Wayne, MI (CT)",0,2433,2433,0,6170,6170
26163585500,"Wayne, MI (CT)",0,878,878,0,1952,1952
26163585600,"Wayne, MI (CT)",0,1488,1488,0,3545,3545
26163585700,"Wayne, MI (CT)",0,770,770,0,1973,1973
26163585800,"Wayne, MI (CT)",0,1828,1828,0,4514,4514
26163585900,"Wayne, MI (CT)",0,1572,1572,0,3272,3272
26163586200,"Wayne, MI (CT)",9,2586,2595,30,6654,6684
26163586300,"Wayne, MI (CT)",0,810,810,0,2040,2040
26163587000,"Wayne, MI (CT)",0,1966,1966,0,3993,3993
26163587900,"Wayne, MI (CT)",0,2649,2649,0,6551,6551
26163588000,"Wayne, MI (CT)",0,3090,3090,0,5630,5630
26163588100,"Wayne, MI (CT)",14,1199,1213,17,2511,2528
26163588200,"Wayne, MI (CT)",0,1981,1981,0,3312,3312
26163588300,"Wayne, MI (CT)",26,2208,2234,77,5362,5439
26163588400,"Wayne, MI (CT)",299,1848,2147,804,4555,5359
26163589300,"Wayne, MI (CT)",1423,163,1586,3330,380,3710
26163589400,"Wayne, MI (CT)",1138,1326,2464,2819,3020,5839
26163590400,"Wayne, MI (CT)",868,1665,2533,2379,4772,7151
26163590500,"Wayne, MI (CT)",741,1841,2582,1835,4443,6278
26163590600,"Wayne, MI (CT)",21,967,988,58,2392,2450
26163591501,"Wayne, MI (CT)",0,1479,1479,0,3318,3318
26163591502,"Wayne, MI (CT)",0,1372,1372,0,3094,3094
26163591600,"Wayne, MI (CT)",0,710,710,0,1912,1912
26163591700,"Wayne, MI (CT)",0,2351,2351,0,6321,6321
26163591800,"Wayne, MI (CT)",0,2491,2491,0,6168,6168
26163591900,"Wayne, MI (CT)",0,2206,2206,0,5463,5463
26163592000,"Wayne, MI (CT)",299,1249,1548,637,3714,4351
26163593000,"Wayne, MI (CT)",0,2373,2373,0,5582,5582
26163593200,"Wayne, MI (CT)",0,1787,1787,0,3934,3934
26163593300,"Wayne, MI (CT)",0,1348,1348,0,3359,3359
26163594000,"Wayne, MI (CT)",0,1462,1462,0,2590,2590
26163594100,"Wayne, MI (CT)",0,1884,1884,0,4388,4388
26163594200,"Wayne, MI (CT)",0,1084,1084,0,2521,2521
26163594300,"Wayne, MI (CT)",0,1358,1358,0,3273,3273
26163594400,"Wayne, MI (CT)",0,1360,1360,0,2855,2855
26163594500,"Wayne, MI (CT)",0,1391,1391,0,3226,3226
26163595000,"Wayne, MI (CT)",0,1774,1774,0,3889,3889
26163595100,"Wayne, MI (CT)",0,2253,2253,0,5649,5649
26163595200,"Wayne, MI (CT)",0,1493,1493,0,2948,2948
26163596100,"Wayne, MI (CT)",0,1648,1648,0,3656,3656
26163596200,"Wayne, MI (CT)",0,1756,1756,0,4110,4110
26163596300,"Wayne, MI (CT)",0,1061,1061,0,2605,2605
26163597000,"Wayne, MI (CT)",3,2214,2217,4,4652,4656
26163598000,"Wayne, MI (CT)",0,1387,1387,0,3289,3289
26163599000,"Wayne, MI (CT)",0,2209,2209,0,5484,5484
26163599100,"Wayne, MI (CT)",0,1786,1786,0,4394,4394
26163985000,"Wayne, MI (CT)",0,25,25,0,44,44
26163985100,"Wayne, MI (CT)",0,142,142,0,123,123
26163985200,"Wayne, MI (CT)",0,1,1,0,1,1
26163985300,"Wayne, MI (CT)",0,5,5,0,4,4
26163985400,"Wayne, MI (CT)",0,5,5,0,9,9
26163985500,"Wayne, MI (CT)",2,0,2,11,0,11
26163985600,"Wayne, MI (CT)",0,0,0,0,0,0
26163985700,"Wayne, MI (CT)",0,0,0,0,0,0
26163985900,"Wayne, MI (CT)",0,0,0,0,0,0
26163990100,"Wayne, MI (CT)",0,0,0,0,0,0
26163990200,"Wayne, MI (CT)",0,0,0,0,0,0
26165380100,"Wexford, MI (CT)",2276,0,2276,4872,0,4872
26165380200,"Wexford, MI (CT)",2494,0,2494,4688,0,4688
26165380300,"Wexford, MI (CT)",2108,0,2108,2813,0,2813
26165380400,"Wexford, MI (CT)",1978,647,2625,3949,649,4598
26165380500,"Wexford, MI (CT)",2051,825,2876,4723,1727,6450
26165380600,"Wexford, MI (CT)",0,1322,1322,0,3105,3105
26165380700,"Wexford, MI (CT)",0,1335,1335,0,2837,2837
26165380800,"Wexford, MI (CT)",0,1700,1700,0,3372,3372
27001770100,"Aitkin, MN (CT)",2882,0,2882,2327,0,2327
27001770200,"Aitkin, MN (CT)",2111,0,2111,2336,0,2336
27001770300,"Aitkin, MN (CT)",1776,0,1776,3268,0,3268
27001770400,"Aitkin, MN (CT)",3450,0,3450,3052,0,3052
27001790501,"Aitkin, MN (CT)",2305,0,2305,1957,0,1957
27001790502,"Aitkin, MN (CT)",3505,0,3505,3262,0,3262
27003050107,"Anoka, MN (CT)",317,749,1066,966,1968,2934
27003050108,"Anoka, MN (CT)",764,1012,1776,2031,2719,4750
27003050109,"Anoka, MN (CT)",1823,0,1823,5202,0,5202
27003050110,"Anoka, MN (CT)",845,145,990,2356,359,2715
27003050111,"Anoka, MN (CT)",1196,228,1424,3088,621,3709
27003050114,"Anoka, MN (CT)",867,140,1007,2490,313,2803
27003050115,"Anoka, MN (CT)",1353,522,1875,3814,1414,5228
27003050116,"Anoka, MN (CT)",1462,32,1494,4354,89,4443
27003050208,"Anoka, MN (CT)",0,1116,1116,0,3281,3281
27003050210,"Anoka, MN (CT)",1464,0,1464,3914,0,3914
27003050215,"Anoka, MN (CT)",154,1317,1471,521,3671,4192
27003050216,"Anoka, MN (CT)",302,1499,1801,962,4512,5474
27003050217,"Anoka, MN (CT)",475,439,914,1435,1289,2724
27003050218,"Anoka, MN (CT)",35,1055,1090,77,3143,3220
27003050219,"Anoka, MN (CT)",6,1031,1037,13,3048,3061
27003050220,"Anoka, MN (CT)",291,1931,2222,993,5541,6534
27003050221,"Anoka, MN (CT)",211,1818,2029,648,5717,6365
27003050222,"Anoka, MN (CT)",0,1677,1677,0,5393,5393
27003050223,"Anoka, MN (CT)",51,855,906,153,2520,2673
27003050224,"Anoka, MN (CT)",356,622,978,1028,1760,2788
27003050225,"Anoka, MN (CT)",146,1932,2078,386,5705,6091
27003050226,"Anoka, MN (CT)",0,1017,1017,0,2919,2919
27003050227,"Anoka, MN (CT)",0,1486,1486,0,4304,4304
27003050228,"Anoka, MN (CT)",126,1711,1837,313,4580,4893
27003050229,"Anoka, MN (CT)",45,1399,1444,125,5300,5425
27003050230,"Anoka, MN (CT)",124,597,721,340,2058,2398
27003050232,"Anoka, MN (CT)",0,1363,1363,0,3792,3792
27003050233,"Anoka, MN (CT)",191,876,1067,532,2521,3053
27003050234,"Anoka, MN (CT)",415,622,1037,1130,1731,2861
27003050235,"Anoka, MN (CT)",451,618,1069,1156,1613,2769
27003050236,"Anoka, MN (CT)",71,1244,1315,192,4104,4296
27003050237,"Anoka, MN (CT)",75,1701,1776,216,4828,5044
27003050401,"Anoka, MN (CT)",0,1153,1153,0,2972,2972
27003050402,"Anoka, MN (CT)",0,1752,1752,0,3742,3742
27003050501,"Anoka, MN (CT)",0,1587,1587,0,3041,3041
27003050504,"Anoka, MN (CT)",0,1109,1109,0,2496,2496
27003050505,"Anoka, MN (CT)",0,1898,1898,0,4911,4911
27003050602,"Anoka, MN (CT)",0,908,908,0,2431,2431
27003050605,"Anoka, MN (CT)",0,2180,2180,0,5542,5542
27003050606,"Anoka, MN (CT)",0,869,869,0,2095,2095
27003050607,"Anoka, MN (CT)",0,1906,1906,0,4491,4491
27003050608,"Anoka, MN (CT)",0,1958,1958,0,4431,4431
27003050609,"Anoka, MN (CT)",0,1460,1460,0,3602,3602
27003050610,"Anoka, MN (CT)",0,2543,2543,0,6403,6403
27003050702,"Anoka, MN (CT)",0,1229,1229,0,3125,3125
27003050704,"Anoka, MN (CT)",0,1846,1846,0,4736,4736
27003050706,"Anoka, MN (CT)",0,1343,1343,0,3432,3432
27003050707,"Anoka, MN (CT)",0,2142,2142,0,6229,6229
27003050709,"Anoka, MN (CT)",0,1121,1121,0,2478,2478
27003050710,"Anoka, MN (CT)",0,1437,1437,0,3489,3489
27003050711,"Anoka, MN (CT)",0,1753,1753,0,4703,4703
27003050712,"Anoka, MN (CT)",0,1767,1767,0,4289,4289
27003050805,"Anoka, MN (CT)",0,2312,2312,0,6426,6426
27003050806,"Anoka, MN (CT)",0,2353,2353,0,6338,6338
27003050807,"Anoka, MN (CT)",0,1330,1330,0,3452,3452
27003050808,"Anoka, MN (CT)",0,872,872,0,2207,2207
27003050809,"Anoka, MN (CT)",0,2271,2271,0,5956,5956
27003050810,"Anoka, MN (CT)",0,1892,1892,0,4134,4134
27003050811,"Anoka, MN (CT)",0,1212,1212,0,2870,2870
27003050813,"Anoka, MN (CT)",1,2405,2406,2,6631,6633
27003050816,"Anoka, MN (CT)",314,1302,1616,954,3557,4511
27003050818,"Anoka, MN (CT)",26,1523,1549,61,3916,3977
27003050819,"Anoka, MN (CT)",46,1068,1114,91,2856,2947
27003050820,"Anoka, MN (CT)",0,1069,1069,0,3001,3001
27003050821,"Anoka, MN (CT)",0,1924,1924,0,4730,4730
27003050901,"Anoka, MN (CT)",0,862,862,0,2053,2053
27003050902,"Anoka, MN (CT)",0,2085,2085,0,4918,4918
27003051001,"Anoka, MN (CT)",0,1154,1154,0,2475,2475
27003051002,"Anoka, MN (CT)",0,1561,1561,0,3759,3759
27003051101,"Anoka, MN (CT)",0,2217,2217,0,4985,4985
27003051102,"Anoka, MN (CT)",0,1719,1719,0,4312,4312
27003051103,"Anoka, MN (CT)",0,1307,1307,0,3343,3343
27003051201,"Anoka, MN (CT)",0,1716,1716,0,3733,3733
27003051202,"Anoka, MN (CT)",0,1379,1379,0,3099,3099
27003051203,"Anoka, MN (CT)",0,2340,2340,0,5327,5327
27003051206,"Anoka, MN (CT)",0,1082,1082,0,2409,2409
27003051302,"Anoka, MN (CT)",0,1676,1676,0,3981,3981
27003051304,"Anoka, MN (CT)",0,1049,1049,0,2323,2323
27003051305,"Anoka, MN (CT)",0,1377,1377,0,3170,3170
27003051400,"Anoka, MN (CT)",0,2136,2136,0,4868,4868
27003051501,"Anoka, MN (CT)",0,1414,1414,0,3005,3005
27003051502,"Anoka, MN (CT)",0,1346,1346,0,2893,2893
27003051600,"Anoka, MN (CT)",2017,0,2017,5123,0,5123
27005450100,"Becker, MN (CT)",1641,0,1641,3012,0,3012
27005450200,"Becker, MN (CT)",1362,0,1362,2248,0,2248
27005450300,"Becker, MN (CT)",2379,17,2396,4907,55,4962
27005450400,"Becker, MN (CT)",1083,176,1259,2146,211,2357
27005450500,"Becker, MN (CT)",289,1644,1933,660,3488,4148
27005450600,"Becker, MN (CT)",0,2007,2007,0,3491,3491
27005450700,"Becker, MN (CT)",1543,443,1986,2280,728,3008
27005450800,"Becker, MN (CT)",1328,0,1328,2351,0,2351
27005450900,"Becker, MN (CT)",2374,0,2374,3094,0,3094
27005940000,"Becker, MN (CT)",2498,0,2498,3833,0,3833
27007450100,"Beltrami, MN (CT)",2522,122,2644,5892,354,6246
27007450200,"Beltrami, MN (CT)",2083,985,3068,4554,1960,6514
27007450300,"Beltrami, MN (CT)",2425,0,2425,4359,0,4359
27007450400,"Beltrami, MN (CT)",1629,0,1629,2912,0,2912
27007450500,"Beltrami, MN (CT)",1520,0,1520,1715,0,1715
27007450600,"Beltrami, MN (CT)",0,1827,1827,0,5179,5179
27007450701,"Beltrami, MN (CT)",449,1303,1752,1121,3263,4384
27007450702,"Beltrami, MN (CT)",555,1976,2531,1363,3870,5233
27007940001,"Beltrami, MN (CT)",1860,0,1860,5885,0,5885
27007940002,"Beltrami, MN (CT)",1271,0,1271,2015,0,2015
27009020100,"Benton, MN (CT)",2268,0,2268,5807,0,5807
27009020202,"Benton, MN (CT)",1020,0,1020,2773,0,2773
27009020203,"Benton, MN (CT)",873,0,873,2184,0,2184
27009020205,"Benton, MN (CT)",642,660,1302,1719,1374,3093
27009020206,"Benton, MN (CT)",111,1023,1134,278,2415,2693
27009020300,"Benton, MN (CT)",972,186,1158,2520,502,3022
27009021101,"Benton, MN (CT)",21,3208,3229,45,8108,8153
27009021102,"Benton, MN (CT)",0,1873,1873,0,4221,4221
27009021200,"Benton, MN (CT)",22,3261,3283,59,6446,6505
27011950100,"Big Stone, MN (CT)",794,0,794,1516,0,1516
27011950200,"Big Stone, MN (CT)",1202,0,1202,1774,0,1774
27011950300,"Big Stone, MN (CT)",1119,0,1119,1979,0,1979
27013170100,"Blue Earth, MN (CT)",1149,895,2044,2317,2318,4635
27013170200,"Blue Earth, MN (CT)",610,1482,2092,1632,3544,5176
27013170300,"Blue Earth, MN (CT)",0,1275,1275,0,2990,2990
27013170400,"Blue Earth, MN (CT)",0,1709,1709,0,3329,3329
27013170500,"Blue Earth, MN (CT)",0,1984,1984,0,4592,4592
27013170600,"Blue Earth, MN (CT)",0,1115,1115,0,2334,2334
27013170700,"Blue Earth, MN (CT)",0,1371,1371,0,2817,2817
27013170800,"Blue Earth, MN (CT)",96,1830,1926,258,4310,4568
27013170900,"Blue Earth, MN (CT)",943,427,1370,2208,944,3152
27013171000,"Blue Earth, MN (CT)",358,1145,1503,801,2558,3359
27013171101,"Blue Earth, MN (CT)",0,1724,1724,0,6063,6063
27013171202,"Blue Earth, MN (CT)",0,2464,2464,0,5760,5760
27013171300,"Blue Earth, MN (CT)",1398,73,1471,3606,216,3822
27013171400,"Blue Earth, MN (CT)",1490,0,1490,3601,0,3601
27013171500,"Blue Earth, MN (CT)",1243,0,1243,2792,0,2792
27013171600,"Blue Earth, MN (CT)",0,1421,1421,0,5023,5023
27015960101,"Brown, MN (CT)",0,989,989,0,2000,2000
27015960102,"Brown, MN (CT)",0,594,594,0,1270,1270
27015960200,"Brown, MN (CT)",0,1637,1637,0,4482,4482
27015960300,"Brown, MN (CT)",0,1508,1508,0,3152,3152
27015960400,"Brown, MN (CT)",893,1184,2077,2016,2463,4479
27015960500,"Brown, MN (CT)",158,1549,1707,353,3479,3832
27015960600,"Brown, MN (CT)",1471,0,1471,3221,0,3221
27015960700,"Brown, MN (CT)",1510,0,1510,3457,0,3457
27017070100,"Carlton, MN (CT)",268,1999,2267,592,4581,5173
27017070200,"Carlton, MN (CT)",36,1753,1789,53,3871,3924
27017070300,"Carlton, MN (CT)",1542,429,1971,4041,1127,5168
27017070400,"Carlton, MN (CT)",2128,1286,3414,4730,3092,7822
27017070500,"Carlton, MN (CT)",1883,800,2683,3879,2929,6808
27017070600,"Carlton, MN (CT)",2215,0,2215,3382,0,3382
27017940000,"Carlton, MN (CT)",1214,103,1317,2844,265,3109
27019090100,"Carver, MN (CT)",541,1686,2227,1319,4188,5507
27019090200,"Carver, MN (CT)",1486,0,1486,3958,0,3958
27019090301,"Carver, MN (CT)",323,2481,2804,872,5876,6748
27019090302,"Carver, MN (CT)",124,1583,1707,340,4739,5079
27019090401,"Carver, MN (CT)",607,898,1505,2042,2503,4545
27019090402,"Carver, MN (CT)",167,1711,1878,423,5058,5481
27019090501,"Carver, MN (CT)",0,812,812,0,2405,2405
27019090502,"Carver, MN (CT)",0,1021,1021,0,2871,2871
27019090503,"Carver, MN (CT)",0,931,931,0,2593,2593
27019090601,"Carver, MN (CT)",0,1668,1668,0,3861,3861
27019090602,"Carver, MN (CT)",0,1009,1009,0,2973,2973
27019090701,"Carver, MN (CT)",2,2495,2497,2,6182,6184
27019090702,"Carver, MN (CT)",271,466,737,734,1324,2058
27019090800,"Carver, MN (CT)",307,2983,3290,735,7483,8218
27019090900,"Carver, MN (CT)",0,2011,2011,0,5481,5481
27019091000,"Carver, MN (CT)",49,3856,3905,123,9643,9766
27019091100,"Carver, MN (CT)",978,1092,2070,2652,3235,5887
27019091201,"Carver, MN (CT)",521,1453,1974,1291,3486,4777
27019091202,"Carver, MN (CT)",1004,0,1004,2650,0,2650
27021940001,"Cass, MN (CT)",3542,0,3542,3860,0,3860
27021940002,"Cass, MN (CT)",1788,0,1788,3101,0,3101
27021960100,"Cass, MN (CT)",2162,0,2162,2062,0,2062
27021960200,"Cass, MN (CT)",3966,0,3966,2305,0,2305
27021960301,"Cass, MN (CT)",1829,0,1829,872,0,872
27021960302,"Cass, MN (CT)",1963,0,1963,1092,0,1092
27021960600,"Cass, MN (CT)",2436,0,2436,2959,0,2959
27021960700,"Cass, MN (CT)",2196,0,2196,4426,0,4426
27021960801,"Cass, MN (CT)",2223,0,2223,3526,0,3526
27021960802,"Cass, MN (CT)",2798,0,2798,4364,0,4364
27023950300,"Chippewa, MN (CT)",536,465,1001,1216,840,2056
27023950400,"Chippewa, MN (CT)",976,0,976,2239,0,2239
27023950500,"Chippewa, MN (CT)",1020,0,1020,2238,0,2238
27023950600,"Chippewa, MN (CT)",234,2490,2724,570,5338,5908
27025110100,"Chisago, MN (CT)",1924,0,1924,4005,0,4005
27025110200,"Chisago, MN (CT)",1609,813,2422,4084,2883,6967
27025110301,"Chisago, MN (CT)",681,817,1498,1904,1950,3854
27025110302,"Chisago, MN (CT)",603,1666,2269,1774,4497,6271
27025110401,"Chisago, MN (CT)",956,2221,3177,2594,6110,8704
27025110402,"Chisago, MN (CT)",1671,0,1671,4474,0,4474
27025110501,"Chisago, MN (CT)",399,1495,1894,841,3136,3977
27025110502,"Chisago, MN (CT)",701,2320,3021,1955,4979,6934
27025110600,"Chisago, MN (CT)",1584,100,1684,4370,377,4747
27025110700,"Chisago, MN (CT)",1612,0,1612,3954,0,3954
27027020100,"Clay, MN (CT)",0,2258,2258,0,5459,5459
27027020202,"Clay, MN (CT)",0,1220,1220,0,2352,2352
27027020300,"Clay, MN (CT)",0,1466,1466,0,2949,2949
27027020400,"Clay, MN (CT)",0,911,911,0,5091,5091
27027020500,"Clay, MN (CT)",0,2350,2350,0,5626,5626
27027020600,"Clay, MN (CT)",0,2024,2024,0,4293,4293
27027030102,"Clay, MN (CT)",140,2159,2299,294,5125,5419
27027030103,"Clay, MN (CT)",0,2941,2941,0,6853,6853
27027030104,"Clay, MN (CT)",1512,1040,2552,4002,2880,6882
27027030106,"Clay, MN (CT)",98,744,842,288,1899,2187
27027030107,"Clay, MN (CT)",718,0,718,1729,0,1729
27027030201,"Clay, MN (CT)",2331,0,2331,5631,0,5631
27027030202,"Clay, MN (CT)",2047,0,2047,4528,0,4528
27029000100,"Clearwater, MN (CT)",1293,0,1293,2688,0,2688
27029000200,"Clearwater, MN (CT)",1692,0,1692,2824,0,2824
27029000300,"Clearwater, MN (CT)",1788,0,1788,3183,0,3183
27031480100,"Cook, MN (CT)",4353,0,4353,3126,0,3126
27031480200,"Cook, MN (CT)",1486,0,1486,2050,0,2050
27031990000,"Cook, MN (CT)",0,0,0,0,0,0
27033270100,"Cottonwood, MN (CT)",1285,0,1285,2897,0,2897
27033270200,"Cottonwood, MN (CT)",1233,0,1233,2407,0,2407
27033270300,"Cottonwood, MN (CT)",497,976,1473,1065,2155,3220
27033270400,"Cottonwood, MN (CT)",346,1075,1421,909,2254,3163
27035950100,"Crow Wing, MN (CT)",2560,0,2560,1985,0,1985
27035950204,"Crow Wing, MN (CT)",2104,0,2104,1834,0,1834
27035950400,"Crow Wing, MN (CT)",4000,0,4000,5233,0,5233
27035950501,"Crow Wing, MN (CT)",2150,0,2150,2675,0,2675
27035950502,"Crow Wing, MN (CT)",1756,0,1756,2567,0,2567
27035950700,"Crow Wing, MN (CT)",1289,1951,3240,2328,3469,5797
27035950800,"Crow Wing, MN (CT)",3387,27,3414,4601,65,4666
27035950900,"Crow Wing, MN (CT)",2459,320,2779,4570,761,5331
27035951000,"Crow Wing, MN (CT)",156,1699,1855,378,3746,4124
27035951100,"Crow Wing, MN (CT)",149,1850,1999,296,4072,4368
27035951200,"Crow Wing, MN (CT)",208,1107,1315,312,2347,2659
27035951301,"Crow Wing, MN (CT)",404,1563,1967,987,3715,4702
27035951302,"Crow Wing, MN (CT)",486,2338,2824,1235,5001,6236
27035951400,"Crow Wing, MN (CT)",2317,44,2361,4888,114,5002
27035951600,"Crow Wing, MN (CT)",2356,0,2356,2584,0,2584
27035951700,"Crow Wing, MN (CT)",3500,0,3500,2737,0,2737
27037060101,"Dakota, MN (CT)",0,1571,1571,0,3756,3756
27037060102,"Dakota, MN (CT)",0,1229,1229,0,2837,2837
27037060103,"Dakota, MN (CT)",0,1089,1089,0,2691,2691
27037060104,"Dakota, MN (CT)",0,2770,2770,0,5123,5123
27037060105,"Dakota, MN (CT)",0,2480,2480,0,5133,5133
27037060201,"Dakota, MN (CT)",0,1056,1056,0,2494,2494
27037060202,"Dakota, MN (CT)",0,1515,1515,0,3587,3587
27037060301,"Dakota, MN (CT)",0,2060,2060,0,4240,4240
27037060302,"Dakota, MN (CT)",0,1451,1451,0,3608,3608
27037060401,"Dakota, MN (CT)",0,1022,1022,0,2418,2418
27037060402,"Dakota, MN (CT)",0,1443,1443,0,3515,3515
27037060502,"Dakota, MN (CT)",0,1821,1821,0,4271,4271
27037060503,"Dakota, MN (CT)",0,1950,1950,0,4990,4990
27037060505,"Dakota, MN (CT)",472,1950,2422,974,4250,5224
27037060506,"Dakota, MN (CT)",0,2564,2564,0,5692,5692
27037060507,"Dakota, MN (CT)",0,1373,1373,0,3365,3365
27037060508,"Dakota, MN (CT)",580,1322,1902,1686,4030,5716
27037060509,"Dakota, MN (CT)",50,2293,2343,130,5311,5441
27037060603,"Dakota, MN (CT)",0,1756,1756,0,4341,4341
27037060604,"Dakota, MN (CT)",0,1566,1566,0,3199,3199
27037060605,"Dakota, MN (CT)",0,658,658,0,1593,1593
27037060606,"Dakota, MN (CT)",0,1166,1166,0,2759,2759
27037060709,"Dakota, MN (CT)",0,2068,2068,0,5718,5718
27037060710,"Dakota, MN (CT)",0,1630,1630,0,4113,4113
27037060711,"Dakota, MN (CT)",0,2225,2225,0,4474,4474
27037060713,"Dakota, MN (CT)",0,1224,1224,0,3115,3115
27037060714,"Dakota, MN (CT)",0,1889,1889,0,4480,4480
27037060716,"Dakota, MN (CT)",0,1389,1389,0,3690,3690
27037060717,"Dakota, MN (CT)",21,850,871,48,2148,2196
27037060721,"Dakota, MN (CT)",0,1144,1144,0,2211,2211
27037060725,"Dakota, MN (CT)",0,1806,1806,0,3461,3461
27037060726,"Dakota, MN (CT)",0,1353,1353,0,2546,2546
27037060727,"Dakota, MN (CT)",0,1491,1491,0,3116,3116
27037060728,"Dakota, MN (CT)",0,1897,1897,0,4544,4544
27037060729,"Dakota, MN (CT)",0,1532,1532,0,4100,4100
27037060730,"Dakota, MN (CT)",0,2037,2037,0,6301,6301
27037060731,"Dakota, MN (CT)",0,1619,1619,0,4520,4520
27037060732,"Dakota, MN (CT)",0,1824,1824,0,5762,5762
27037060733,"Dakota, MN (CT)",0,1697,1697,0,3883,3883
27037060734,"Dakota, MN (CT)",0,1729,1729,0,4641,4641
27037060735,"Dakota, MN (CT)",0,2048,2048,0,4830,4830
27037060737,"Dakota, MN (CT)",0,2450,2450,0,4604,4604
27037060738,"Dakota, MN (CT)",0,1399,1399,0,3243,3243
27037060739,"Dakota, MN (CT)",0,2003,2003,0,5357,5357
27037060741,"Dakota, MN (CT)",0,2934,2934,0,6717,6717
27037060742,"Dakota, MN (CT)",0,1362,1362,0,3717,3717
27037060743,"Dakota, MN (CT)",0,590,590,0,1452,1452
27037060744,"Dakota, MN (CT)",0,554,554,0,1573,1573
27037060745,"Dakota, MN (CT)",0,1931,1931,0,4262,4262
27037060746,"Dakota, MN (CT)",0,1560,1560,0,3287,3287
27037060747,"Dakota, MN (CT)",0,1682,1682,0,3760,3760
27037060748,"Dakota, MN (CT)",0,1402,1402,0,3459,3459
27037060749,"Dakota, MN (CT)",0,905,905,0,1548,1548
27037060750,"Dakota, MN (CT)",0,1928,1928,0,3832,3832
27037060805,"Dakota, MN (CT)",0,1361,1361,0,3261,3261
27037060806,"Dakota, MN (CT)",0,2166,2166,0,5588,5588
27037060811,"Dakota, MN (CT)",0,2208,2208,0,5238,5238
27037060812,"Dakota, MN (CT)",0,2208,2208,0,5879,5879
27037060813,"Dakota, MN (CT)",0,1712,1712,0,4328,4328
27037060814,"Dakota, MN (CT)",0,2063,2063,0,6062,6062
27037060815,"Dakota, MN (CT)",0,1670,1670,0,4698,4698
27037060816,"Dakota, MN (CT)",0,1655,1655,0,5649,5649
27037060817,"Dakota, MN (CT)",0,2613,2613,0,7525,7525
27037060818,"Dakota, MN (CT)",0,2648,2648,0,7439,7439
27037060819,"Dakota, MN (CT)",0,2035,2035,0,6508,6508
27037060820,"Dakota, MN (CT)",94,2416,2510,253,7611,7864
27037060821,"Dakota, MN (CT)",1,2549,2550,1,5880,5881
27037060822,"Dakota, MN (CT)",0,503,503,0,1337,1337
27037060823,"Dakota, MN (CT)",0,1289,1289,0,3817,3817
27037060824,"Dakota, MN (CT)",0,1418,1418,0,3563,3563
27037060825,"Dakota, MN (CT)",0,2539,2539,0,6851,6851
27037060826,"Dakota, MN (CT)",0,2832,2832,0,6790,6790
27037060828,"Dakota, MN (CT)",0,1597,1597,0,3727,3727
27037060829,"Dakota, MN (CT)",0,1483,1483,0,3039,3039
27037060902,"Dakota, MN (CT)",113,1524,1637,360,4171,4531
27037060904,"Dakota, MN (CT)",22,1448,1470,51,3447,3498
27037060905,"Dakota, MN (CT)",167,1642,1809,457,4562,5019
27037060906,"Dakota, MN (CT)",0,1099,1099,0,3394,3394
27037060907,"Dakota, MN (CT)",163,1912,2075,477,6104,6581
27037061001,"Dakota, MN (CT)",1252,34,1286,3377,78,3455
27037061003,"Dakota, MN (CT)",176,336,512,477,852,1329
27037061004,"Dakota, MN (CT)",0,1996,1996,0,6116,6116
27037061005,"Dakota, MN (CT)",0,955,955,0,2396,2396
27037061007,"Dakota, MN (CT)",0,1739,1739,0,4965,4965
27037061008,"Dakota, MN (CT)",0,848,848,0,1864,1864
27037061009,"Dakota, MN (CT)",0,1799,1799,0,5198,5198
27037061102,"Dakota, MN (CT)",0,2025,2025,0,4860,4860
27037061105,"Dakota, MN (CT)",0,986,986,0,2372,2372
27037061106,"Dakota, MN (CT)",0,1438,1438,0,2962,2962
27037061107,"Dakota, MN (CT)",101,2352,2453,252,6112,6364
27037061108,"Dakota, MN (CT)",115,2441,2556,330,5800,6130
27037061401,"Dakota, MN (CT)",1070,0,1070,3054,0,3054
27037061402,"Dakota, MN (CT)",1417,0,1417,3640,0,3640
27037061501,"Dakota, MN (CT)",918,0,918,2414,0,2414
27037061502,"Dakota, MN (CT)",599,471,1070,1671,1190,2861
27039950100,"Dodge, MN (CT)",1033,567,1600,2875,1616,4491
27039950200,"Dodge, MN (CT)",538,1048,1586,1360,2641,4001
27039950300,"Dodge, MN (CT)",1045,0,1045,2349,0,2349
27039950400,"Dodge, MN (CT)",1442,0,1442,3592,0,3592
27039950500,"Dodge, MN (CT)",93,2181,2274,222,5432,5654
27041450100,"Douglas, MN (CT)",2149,0,2149,3100,0,3100
27041450200,"Douglas, MN (CT)",2364,0,2364,3769,0,3769
27041450500,"Douglas, MN (CT)",973,1153,2126,2004,2602,4606
27041450600,"Douglas, MN (CT)",253,2723,2976,490,5476,5966
27041450701,"Douglas, MN (CT)",140,2341,2481,327,4465,4792
27041450702,"Douglas, MN (CT)",0,1351,1351,0,2631,2631
27041450800,"Douglas, MN (CT)",1777,8,1785,3472,15,3487
27041450900,"Douglas, MN (CT)",1623,343,1966,2774,735,3509
27041451000,"Douglas, MN (CT)",2022,685,2707,3090,1059,4149
27043460100,"Faribault, MN (CT)",908,0,908,1953,0,1953
27043460200,"Faribault, MN (CT)",1127,0,1127,2212,0,2212
27043460300,"Faribault, MN (CT)",916,33,949,1915,80,1995
27043460400,"Faribault, MN (CT)",78,1562,1640,166,3177,3343
27043460500,"Faribault, MN (CT)",1231,0,1231,2460,0,2460
27043460600,"Faribault, MN (CT)",1235,0,1235,2590,0,2590
27045960100,"Fillmore, MN (CT)",1470,0,1470,3254,0,3254
27045960200,"Fillmore, MN (CT)",1314,623,1937,3067,1402,4469
27045960300,"Fillmore, MN (CT)",1686,0,1686,3616,0,3616
27045960400,"Fillmore, MN (CT)",1475,0,1475,3136,0,3136
27045960500,"Fillmore, MN (CT)",1464,0,1464,3266,0,3266
27045960600,"Fillmore, MN (CT)",1700,0,1700,3125,0,3125
27047180100,"Freeborn, MN (CT)",1247,0,1247,2879,0,2879
27047180200,"Freeborn, MN (CT)",1197,0,1197,2735,0,2735
27047180300,"Freeborn, MN (CT)",1368,167,1535,3054,367,3421
27047180400,"Freeborn, MN (CT)",0,1409,1409,0,3161,3161
27047180500,"Freeborn, MN (CT)",72,2000,2072,158,4133,4291
27047180600,"Freeborn, MN (CT)",59,1726,1785,149,3723,3872
27047180700,"Freeborn, MN (CT)",870,221,1091,2050,546,2596
27047180800,"Freeborn, MN (CT)",0,1138,1138,0,2524,2524
27047180900,"Freeborn, MN (CT)",0,1682,1682,0,3414,3414
27047181000,"Freeborn, MN (CT)",1075,0,1075,2362,0,2362
27049080101,"Goodhue, MN (CT)",0,2118,2118,0,4135,4135
27049080102,"Goodhue, MN (CT)",125,2312,2437,299,5373,5672
27049080200,"Goodhue, MN (CT)",1048,2144,3192,2395,4809,7204
27049080300,"Goodhue, MN (CT)",1482,504,1986,3252,746,3998
27049080400,"Goodhue, MN (CT)",1559,20,1579,4065,50,4115
27049080500,"Goodhue, MN (CT)",1378,0,1378,3495,0,3495
27049080600,"Goodhue, MN (CT)",278,1809,2087,725,3931,4656
27049080700,"Goodhue, MN (CT)",1498,0,1498,3490,0,3490
27049080800,"Goodhue, MN (CT)",630,1089,1719,1555,2497,4052
27049080900,"Goodhue, MN (CT)",1041,1302,2343,2450,2916,5366
27051070100,"Grant, MN (CT)",1852,0,1852,3092,0,3092
27051070200,"Grant, MN (CT)",1472,0,1472,2926,0,2926
27053000101,"Hennepin, MN (CT)",0,1139,1139,0,3031,3031
27053000102,"Hennepin, MN (CT)",0,1879,1879,0,4569,4569
27053000300,"Hennepin, MN (CT)",0,1401,1401,0,3173,3173
27053000601,"Hennepin, MN (CT)",0,2130,2130,0,4641,4641
27053000603,"Hennepin, MN (CT)",0,1300,1300,0,2749,2749
27053001100,"Hennepin, MN (CT)",0,936,936,0,2027,2027
27053001700,"Hennepin, MN (CT)",0,1089,1089,0,2335,2335
27053002200,"Hennepin, MN (CT)",0,486,486,0,1427,1427
27053002400,"Hennepin, MN (CT)",0,1196,1196,0,2250,2250
27053002700,"Hennepin, MN (CT)",0,888,888,0,2583,2583
27053003200,"Hennepin, MN (CT)",0,654,654,0,1812,1812
27053003300,"Hennepin, MN (CT)",0,740,740,0,2138,2138
27053003800,"Hennepin, MN (CT)",0,2034,2034,0,4768,4768
27053005901,"Hennepin, MN (CT)",0,1763,1763,0,3166,3166
27053005902,"Hennepin, MN (CT)",0,1220,1220,0,3198,3198
27053006800,"Hennepin, MN (CT)",0,2462,2462,0,3828,3828
27053007700,"Hennepin, MN (CT)",0,1632,1632,0,2618,2618
27053007801,"Hennepin, MN (CT)",0,671,671,0,1693,1693
27053008100,"Hennepin, MN (CT)",0,1972,1972,0,3394,3394
27053008200,"Hennepin, MN (CT)",0,2251,2251,0,4534,4534
27053008300,"Hennepin, MN (CT)",0,658,658,0,2221,2221
27053008400,"Hennepin, MN (CT)",0,808,808,0,2720,2720
27053008500,"Hennepin, MN (CT)",0,1664,1664,0,4396,4396
27053009500,"Hennepin, MN (CT)",0,1092,1092,0,3083,3083
27053009600,"Hennepin, MN (CT)",0,1453,1453,0,3436,3436
27053010600,"Hennepin, MN (CT)",0,1233,1233,0,2756,2756
27053010700,"Hennepin, MN (CT)",0,1001,1001,0,2435,2435
27053011000,"Hennepin, MN (CT)",0,1565,1565,0,3504,3504
27053011703,"Hennepin, MN (CT)",0,1725,1725,0,4041,4041
27053011704,"Hennepin, MN (CT)",0,1307,1307,0,3171,3171
27053011800,"Hennepin, MN (CT)",0,2066,2066,0,4460,4460
27053011998,"Hennepin, MN (CT)",0,2083,2083,0,3980,3980
27053012001,"Hennepin, MN (CT)",0,2628,2628,0,5732,5732
27053012003,"Hennepin, MN (CT)",0,2193,2193,0,4972,4972
27053012101,"Hennepin, MN (CT)",0,1328,1328,0,3159,3159
27053012102,"Hennepin, MN (CT)",0,1362,1362,0,2819,2819
27053020101,"Hennepin, MN (CT)",0,1245,1245,0,3167,3167
27053020102,"Hennepin, MN (CT)",0,1074,1074,0,1989,1989
27053020200,"Hennepin, MN (CT)",0,2998,2998,0,7675,7675
27053020301,"Hennepin, MN (CT)",0,956,956,0,2623,2623
27053020302,"Hennepin, MN (CT)",0,957,957,0,2416,2416
27053020303,"Hennepin, MN (CT)",0,1254,1254,0,3856,3856
27053020304,"Hennepin, MN (CT)",0,1227,1227,0,3092,3092
27053020400,"Hennepin, MN (CT)",0,2008,2008,0,4637,4637
27053020500,"Hennepin, MN (CT)",0,1359,1359,0,3700,3700
27053020600,"Hennepin, MN (CT)",0,881,881,0,2105,2105
27053020700,"Hennepin, MN (CT)",0,1685,1685,0,3965,3965
27053020801,"Hennepin, MN (CT)",0,885,885,0,2058,2058
27053020804,"Hennepin, MN (CT)",0,1249,1249,0,2852,2852
27053020902,"Hennepin, MN (CT)",0,910,910,0,2162,2162
27053020903,"Hennepin, MN (CT)",0,1281,1281,0,3124,3124
27053021001,"Hennepin, MN (CT)",0,2531,2531,0,5794,5794
27053021002,"Hennepin, MN (CT)",0,909,909,0,1906,1906
27053021100,"Hennepin, MN (CT)",0,841,841,0,1888,1888
27053021200,"Hennepin, MN (CT)",0,1938,1938,0,4500,4500
27053021300,"Hennepin, MN (CT)",0,2348,2348,0,4428,4428
27053021400,"Hennepin, MN (CT)",0,1289,1289,0,3137,3137
27053021501,"Hennepin, MN (CT)",0,1774,1774,0,3880,3880
27053021502,"Hennepin, MN (CT)",0,1671,1671,0,3753,3753
27053021503,"Hennepin, MN (CT)",0,2187,2187,0,4971,4971
27053021504,"Hennepin, MN (CT)",0,1573,1573,0,3546,3546
27053021505,"Hennepin, MN (CT)",0,2025,2025,0,4473,4473
27053021601,"Hennepin, MN (CT)",0,1867,1867,0,4186,4186
27053021602,"Hennepin, MN (CT)",0,2702,2702,0,5567,5567
27053021700,"Hennepin, MN (CT)",0,2152,2152,0,5019,5019
27053021800,"Hennepin, MN (CT)",0,1074,1074,0,2204,2204
27053021900,"Hennepin, MN (CT)",0,1559,1559,0,3401,3401
27053022000,"Hennepin, MN (CT)",0,975,975,0,1431,1431
27053022101,"Hennepin, MN (CT)",0,1330,1330,0,2677,2677
27053022102,"Hennepin, MN (CT)",0,1305,1305,0,2500,2500
27053022200,"Hennepin, MN (CT)",0,2213,2213,0,4528,4528
27053022301,"Hennepin, MN (CT)",0,1115,1115,0,2211,2211
27053022302,"Hennepin, MN (CT)",0,1516,1516,0,2898,2898
27053022400,"Hennepin, MN (CT)",0,1689,1689,0,3747,3747
27053022700,"Hennepin, MN (CT)",0,1830,1830,0,3876,3876
27053022801,"Hennepin, MN (CT)",0,835,835,0,2100,2100
27053022802,"Hennepin, MN (CT)",0,1941,1941,0,3025,3025
27053022901,"Hennepin, MN (CT)",0,2851,2851,0,4689,4689
27053022902,"Hennepin, MN (CT)",0,719,719,0,1771,1771
27053023000,"Hennepin, MN (CT)",0,2252,2252,0,4177,4177
27053023100,"Hennepin, MN (CT)",0,670,670,0,1762,1762
27053023200,"Hennepin, MN (CT)",0,3148,3148,0,6171,6171
27053023300,"Hennepin, MN (CT)",0,2740,2740,0,5372,5372
27053023400,"Hennepin, MN (CT)",0,3099,3099,0,6048,6048
27053023501,"Hennepin, MN (CT)",0,1869,1869,0,3591,3591
27053023502,"Hennepin, MN (CT)",0,2662,2662,0,5782,5782
27053023600,"Hennepin, MN (CT)",0,1377,1377,0,3757,3757
27053023700,"Hennepin, MN (CT)",0,1943,1943,0,4924,4924
27053023801,"Hennepin, MN (CT)",0,1973,1973,0,5023,5023
27053023802,"Hennepin, MN (CT)",0,1136,1136,0,2719,2719
27053023901,"Hennepin, MN (CT)",0,1323,1323,0,3632,3632
27053023902,"Hennepin, MN (CT)",0,709,709,0,1975,1975
27053023903,"Hennepin, MN (CT)",0,1662,1662,0,3137,3137
27053024003,"Hennepin, MN (CT)",0,2266,2266,0,4401,4401
27053024004,"Hennepin, MN (CT)",0,2744,2744,0,3532,3532
27053024005,"Hennepin, MN (CT)",0,1380,1380,0,1728,1728
27053024006,"Hennepin, MN (CT)",0,846,846,0,1978,1978
27053024100,"Hennepin, MN (CT)",0,1552,1552,0,3229,3229
27053024200,"Hennepin, MN (CT)",0,1376,1376,0,3115,3115
27053024300,"Hennepin, MN (CT)",0,2050,2050,0,4254,4254
27053024400,"Hennepin, MN (CT)",0,2376,2376,0,4022,4022
27053024500,"Hennepin, MN (CT)",0,920,920,0,2286,2286
27053024600,"Hennepin, MN (CT)",0,1892,1892,0,3792,3792
27053024700,"Hennepin, MN (CT)",0,1332,1332,0,3261,3261
27053024801,"Hennepin, MN (CT)",0,945,945,0,2439,2439
27053024802,"Hennepin, MN (CT)",0,1194,1194,0,2980,2980
27053024901,"Hennepin, MN (CT)",0,400,400,0,1032,1032
27053024902,"Hennepin, MN (CT)",0,837,837,0,2383,2383
27053024903,"Hennepin, MN (CT)",0,821,821,0,2301,2301
27053025100,"Hennepin, MN (CT)",0,1385,1385,0,2570,2570
27053025201,"Hennepin, MN (CT)",0,1811,1811,0,4638,4638
27053025205,"Hennepin, MN (CT)",0,2023,2023,0,4948,4948
27053025301,"Hennepin, MN (CT)",0,1332,1332,0,2780,2780
27053025302,"Hennepin, MN (CT)",0,1929,1929,0,4305,4305
27053025401,"Hennepin, MN (CT)",0,1629,1629,0,3889,3889
27053025403,"Hennepin, MN (CT)",0,1807,1807,0,3717,3717
27053025601,"Hennepin, MN (CT)",0,1034,1034,0,2221,2221
27053025603,"Hennepin, MN (CT)",0,1582,1582,0,3700,3700
27053025605,"Hennepin, MN (CT)",0,1683,1683,0,3335,3335
27053025701,"Hennepin, MN (CT)",0,3162,3162,0,6733,6733
27053025702,"Hennepin, MN (CT)",0,2113,2113,0,4886,4886
27053025801,"Hennepin, MN (CT)",0,1510,1510,0,3059,3059
27053025802,"Hennepin, MN (CT)",0,957,957,0,2327,2327
27053025803,"Hennepin, MN (CT)",0,1333,1333,0,3021,3021
27053025805,"Hennepin, MN (CT)",0,1072,1072,0,2759,2759
27053025903,"Hennepin, MN (CT)",0,2844,2844,0,6089,6089
27053025905,"Hennepin, MN (CT)",0,1758,1758,0,3696,3696
27053025906,"Hennepin, MN (CT)",0,2818,2818,0,5967,5967
27053025907,"Hennepin, MN (CT)",0,2132,2132,0,4381,4381
27053026005,"Hennepin, MN (CT)",0,1562,1562,0,3961,3961
27053026006,"Hennepin, MN (CT)",0,1387,1387,0,2832,2832
27053026007,"Hennepin, MN (CT)",0,2038,2038,0,4534,4534
27053026013,"Hennepin, MN (CT)",0,1608,1608,0,4555,4555
27053026014,"Hennepin, MN (CT)",0,1982,1982,0,5227,5227
27053026015,"Hennepin, MN (CT)",0,2115,2115,0,5399,5399
27053026016,"Hennepin, MN (CT)",0,2993,2993,0,7058,7058
27053026018,"Hennepin, MN (CT)",284,2283,2567,864,6088,6952
27053026019,"Hennepin, MN (CT)",0,2705,2705,0,4815,4815
27053026020,"Hennepin, MN (CT)",0,2173,2173,0,4181,4181
27053026021,"Hennepin, MN (CT)",0,1644,1644,0,4313,4313
27053026022,"Hennepin, MN (CT)",45,2256,2301,110,6860,6970
27053026101,"Hennepin, MN (CT)",0,1312,1312,0,3204,3204
27053026103,"Hennepin, MN (CT)",0,1143,1143,0,2702,2702
27053026104,"Hennepin, MN (CT)",0,2340,2340,0,3717,3717
27053026201,"Hennepin, MN (CT)",0,1175,1175,0,3113,3113
27053026202,"Hennepin, MN (CT)",0,1170,1170,0,2836,2836
27053026205,"Hennepin, MN (CT)",0,1257,1257,0,3162,3162
27053026206,"Hennepin, MN (CT)",0,1391,1391,0,3118,3118
27053026207,"Hennepin, MN (CT)",0,1811,1811,0,3981,3981
27053026208,"Hennepin, MN (CT)",0,1192,1192,0,3053,3053
27053026301,"Hennepin, MN (CT)",0,1602,1602,0,3458,3458
27053026302,"Hennepin, MN (CT)",0,1375,1375,0,3230,3230
27053026402,"Hennepin, MN (CT)",0,3409,3409,0,5937,5937
27053026403,"Hennepin, MN (CT)",0,1736,1736,0,2930,2930
27053026404,"Hennepin, MN (CT)",0,2381,2381,0,5293,5293
27053026505,"Hennepin, MN (CT)",0,1513,1513,0,3472,3472
27053026507,"Hennepin, MN (CT)",0,2167,2167,0,4748,4748
27053026508,"Hennepin, MN (CT)",0,2284,2284,0,5060,5060
27053026509,"Hennepin, MN (CT)",0,1700,1700,0,4642,4642
27053026510,"Hennepin, MN (CT)",0,1744,1744,0,3515,3515
27053026511,"Hennepin, MN (CT)",0,1573,1573,0,3500,3500
27053026512,"Hennepin, MN (CT)",0,2615,2615,0,6074,6074
27053026514,"Hennepin, MN (CT)",0,2319,2319,0,4587,4587
27053026605,"Hennepin, MN (CT)",0,1328,1328,0,3514,3514
27053026606,"Hennepin, MN (CT)",0,1850,1850,0,4835,4835
27053026609,"Hennepin, MN (CT)",0,1186,1186,0,2961,2961
27053026610,"Hennepin, MN (CT)",0,1703,1703,0,4678,4678
27053026611,"Hennepin, MN (CT)",0,2395,2395,0,4617,4617
27053026612,"Hennepin, MN (CT)",0,3511,3511,0,8568,8568
27053026613,"Hennepin, MN (CT)",0,2268,2268,0,6176,6176
27053026702,"Hennepin, MN (CT)",0,1217,1217,0,2430,2430
27053026706,"Hennepin, MN (CT)",0,1298,1298,0,3476,3476
27053026707,"Hennepin, MN (CT)",120,1657,1777,323,4520,4843
27053026708,"Hennepin, MN (CT)",43,2123,2166,109,5342,5451
27053026710,"Hennepin, MN (CT)",0,3238,3238,0,7749,7749
27053026711,"Hennepin, MN (CT)",0,1300,1300,0,2940,2940
27053026712,"Hennepin, MN (CT)",0,1380,1380,0,3203,3203
27053026713,"Hennepin, MN (CT)",0,1824,1824,0,4171,4171
27053026714,"Hennepin, MN (CT)",51,3724,3775,149,9396,9545
27053026715,"Hennepin, MN (CT)",38,4245,4283,110,12343,12453
27053026716,"Hennepin, MN (CT)",0,2572,2572,0,7713,7713
27053026807,"Hennepin, MN (CT)",0,2326,2326,0,5238,5238
27053026809,"Hennepin, MN (CT)",0,1784,1784,0,5039,5039
27053026810,"Hennepin, MN (CT)",0,2377,2377,0,6098,6098
27053026811,"Hennepin, MN (CT)",0,1875,1875,0,5651,5651
27053026812,"Hennepin, MN (CT)",0,2059,2059,0,5401,5401
27053026814,"Hennepin, MN (CT)",0,2195,2195,0,6475,6475
27053026815,"Hennepin, MN (CT)",0,1802,1802,0,5136,5136
27053026816,"Hennepin, MN (CT)",0,2318,2318,0,6261,6261
27053026818,"Hennepin, MN (CT)",0,1713,1713,0,4566,4566
27053026819,"Hennepin, MN (CT)",0,2062,2062,0,4498,4498
27053026820,"Hennepin, MN (CT)",0,3931,3931,0,12114,12114
27053026822,"Hennepin, MN (CT)",0,1981,1981,0,5053,5053
27053026823,"Hennepin, MN (CT)",0,1418,1418,0,4251,4251
27053026903,"Hennepin, MN (CT)",0,1748,1748,0,4193,4193
27053026906,"Hennepin, MN (CT)",0,2694,2694,0,7195,7195
27053026907,"Hennepin, MN (CT)",0,1977,1977,0,5409,5409
27053026908,"Hennepin, MN (CT)",0,2179,2179,0,6292,6292
27053026909,"Hennepin, MN (CT)",537,3569,4106,1516,10290,11806
27053026910,"Hennepin, MN (CT)",548,1132,1680,1455,3162,4617
27053027001,"Hennepin, MN (CT)",900,266,1166,2622,581,3203
27053027002,"Hennepin, MN (CT)",2080,0,2080,5272,0,5272
27053027101,"Hennepin, MN (CT)",1433,625,2058,3639,1903,5542
27053027102,"Hennepin, MN (CT)",1909,23,1932,5339,63,5402
27053027201,"Hennepin, MN (CT)",665,1904,2569,1743,4423,6166
27053027202,"Hennepin, MN (CT)",0,751,751,0,1723,1723
27053027203,"Hennepin, MN (CT)",0,1957,1957,0,3524,3524
27053027300,"Hennepin, MN (CT)",0,2041,2041,0,3688,3688
27053027400,"Hennepin, MN (CT)",0,1612,1612,0,4079,4079
27053027501,"Hennepin, MN (CT)",0,2253,2253,0,4384,4384
27053027503,"Hennepin, MN (CT)",0,1539,1539,0,4079,4079
27053027504,"Hennepin, MN (CT)",0,1258,1258,0,3195,3195
27053027601,"Hennepin, MN (CT)",0,1824,1824,0,3755,3755
27053027602,"Hennepin, MN (CT)",0,2555,2555,0,5297,5297
27053027700,"Hennepin, MN (CT)",899,2349,3248,2390,6277,8667
27053100200,"Hennepin, MN (CT)",0,1668,1668,0,3543,3543
27053100400,"Hennepin, MN (CT)",0,1130,1130,0,2961,2961
27053100500,"Hennepin, MN (CT)",0,980,980,0,1921,1921
27053100700,"Hennepin, MN (CT)",0,1289,1289,0,3025,3025
27053100800,"Hennepin, MN (CT)",0,1483,1483,0,3846,3846
27053100900,"Hennepin, MN (CT)",0,1749,1749,0,4630,4630
27053101200,"Hennepin, MN (CT)",0,2126,2126,0,4649,4649
27053101300,"Hennepin, MN (CT)",0,608,608,0,1604,1604
27053101600,"Hennepin, MN (CT)",0,947,947,0,2437,2437
27053101800,"Hennepin, MN (CT)",0,1668,1668,0,3828,3828
27053101900,"Hennepin, MN (CT)",0,1540,1540,0,2841,2841
27053102000,"Hennepin, MN (CT)",0,830,830,0,2229,2229
27053102100,"Hennepin, MN (CT)",0,792,792,0,2260,2260
27053102300,"Hennepin, MN (CT)",0,697,697,0,1347,1347
27053102500,"Hennepin, MN (CT)",0,1376,1376,0,2813,2813
27053102600,"Hennepin, MN (CT)",0,817,817,0,1920,1920
27053102800,"Hennepin, MN (CT)",0,983,983,0,2835,2835
27053102900,"Hennepin, MN (CT)",0,452,452,0,1148,1148
27053103000,"Hennepin, MN (CT)",0,756,756,0,1468,1468
27053103100,"Hennepin, MN (CT)",0,1141,1141,0,2038,2038
27053103400,"Hennepin, MN (CT)",0,1086,1086,0,2665,2665
27053103600,"Hennepin, MN (CT)",0,1370,1370,0,2084,2084
27053103700,"Hennepin, MN (CT)",0,1913,1913,0,3015,3015
27053103900,"Hennepin, MN (CT)",0,943,943,0,2232,2232
27053104000,"Hennepin, MN (CT)",0,2642,2642,0,6489,6489
27053104100,"Hennepin, MN (CT)",0,1340,1340,0,3211,3211
27053104400,"Hennepin, MN (CT)",0,1478,1478,0,2097,2097
27053104800,"Hennepin, MN (CT)",0,3116,3116,0,8094,8094
27053104900,"Hennepin, MN (CT)",0,1853,1853,0,9980,9980
27053105100,"Hennepin, MN (CT)",0,1266,1266,0,2651,2651
27053105201,"Hennepin, MN (CT)",0,2280,2280,0,2717,2717
27053105204,"Hennepin, MN (CT)",0,1956,1956,0,2293,2293
27053105400,"Hennepin, MN (CT)",0,1979,1979,0,3527,3527
27053105500,"Hennepin, MN (CT)",0,2390,2390,0,3733,3733
27053105600,"Hennepin, MN (CT)",0,3218,3218,0,3971,3971
27053105700,"Hennepin, MN (CT)",0,2115,2115,0,2725,2725
27053106000,"Hennepin, MN (CT)",0,1373,1373,0,3339,3339
27053106200,"Hennepin, MN (CT)",0,1862,1862,0,3499,3499
27053106400,"Hennepin, MN (CT)",0,987,987,0,1821,1821
27053106500,"Hennepin, MN (CT)",0,2464,2464,0,4366,4366
27053106600,"Hennepin, MN (CT)",0,1319,1319,0,2332,2332
27053106700,"Hennepin, MN (CT)",0,3169,3169,0,4913,4913
27053106900,"Hennepin, MN (CT)",0,1561,1561,0,2724,2724
27053107000,"Hennepin, MN (CT)",0,2088,2088,0,4063,4063
27053107400,"Hennepin, MN (CT)",0,844,844,0,1726,1726
27053107500,"Hennepin, MN (CT)",0,916,916,0,1988,1988
27053107600,"Hennepin, MN (CT)",0,1682,1682,0,3503,3503
27053108000,"Hennepin, MN (CT)",0,2034,2034,0,3294,3294
27053108600,"Hennepin, MN (CT)",0,1107,1107,0,2880,2880
27053108700,"Hennepin, MN (CT)",0,1357,1357,0,3274,3274
27053108800,"Hennepin, MN (CT)",0,1818,1818,0,3786,3786
27053108900,"Hennepin, MN (CT)",0,1079,1079,0,2280,2280
27053109000,"Hennepin, MN (CT)",0,824,824,0,1745,1745
27053109100,"Hennepin, MN (CT)",0,2817,2817,0,4375,4375
27053109200,"Hennepin, MN (CT)",0,2151,2151,0,3414,3414
27053109300,"Hennepin, MN (CT)",0,1977,1977,0,3992,3992
27053109400,"Hennepin, MN (CT)",0,655,655,0,2161,2161
27053109700,"Hennepin, MN (CT)",0,936,936,0,2252,2252
27053109800,"Hennepin, MN (CT)",0,1831,1831,0,4038,4038
27053109900,"Hennepin, MN (CT)",0,1813,1813,0,3784,3784
27053110000,"Hennepin, MN (CT)",0,571,571,0,1673,1673
27053110100,"Hennepin, MN (CT)",0,1304,1304,0,2735,2735
27053110200,"Hennepin, MN (CT)",0,1596,1596,0,3522,3522
27053110400,"Hennepin, MN (CT)",0,1334,1334,0,2733,2733
27053110500,"Hennepin, MN (CT)",0,2362,2362,0,4694,4694
27053110800,"Hennepin, MN (CT)",0,1954,1954,0,4194,4194
27053110900,"Hennepin, MN (CT)",0,1444,1444,0,3374,3374
27053111100,"Hennepin, MN (CT)",0,1453,1453,0,3192,3192
27053111200,"Hennepin, MN (CT)",0,1362,1362,0,2900,2900
27053111300,"Hennepin, MN (CT)",0,2005,2005,0,4732,4732
27053111400,"Hennepin, MN (CT)",0,1553,1553,0,3916,3916
27053111500,"Hennepin, MN (CT)",0,2228,2228,0,5308,5308
27053111600,"Hennepin, MN (CT)",0,1306,1306,0,3014,3014
27053122500,"Hennepin, MN (CT)",0,1669,1669,0,3455,3455
27053122600,"Hennepin, MN (CT)",0,1045,1045,0,2165,2165
27053125500,"Hennepin, MN (CT)",0,1727,1727,0,3872,3872
27053125600,"Hennepin, MN (CT)",0,1296,1296,0,2898,2898
27053125700,"Hennepin, MN (CT)",0,1169,1169,0,3496,3496
27053125800,"Hennepin, MN (CT)",0,1621,1621,0,4782,4782
27053125900,"Hennepin, MN (CT)",0,1284,1284,0,4269,4269
27053126000,"Hennepin, MN (CT)",0,2087,2087,0,4727,4727
27053126100,"Hennepin, MN (CT)",0,3246,3246,0,4938,4938
27053126200,"Hennepin, MN (CT)",0,2464,2464,0,4291,4291
27053980000,"Hennepin, MN (CT)",0,180,180,0,278,278
27055020100,"Houston, MN (CT)",180,2290,2470,360,5358,5718
27055020200,"Houston, MN (CT)",1688,0,1688,3587,0,3587
27055020300,"Houston, MN (CT)",1187,0,1187,2561,0,2561
27055020500,"Houston, MN (CT)",192,1297,1489,529,2749,3278
27055020900,"Houston, MN (CT)",1767,0,1767,3883,0,3883
27057070100,"Hubbard, MN (CT)",2388,0,2388,4711,0,4711
27057070200,"Hubbard, MN (CT)",2618,0,2618,2279,0,2279
27057070300,"Hubbard, MN (CT)",1659,0,1659,1937,0,1937
27057070400,"Hubbard, MN (CT)",2321,0,2321,2822,0,2822
27057070500,"Hubbard, MN (CT)",1552,66,1618,2830,118,2948
27057070600,"Hubbard, MN (CT)",210,1739,1949,396,3217,3613
27057070700,"Hubbard, MN (CT)",2040,29,2069,2055,63,2118
27059130100,"Isanti, MN (CT)",1431,0,1431,3513,0,3513
27059130200,"Isanti, MN (CT)",1432,0,1432,3464,0,3464
27059130301,"Isanti, MN (CT)",436,3031,3467,1158,7284,8442
27059130302,"Isanti, MN (CT)",429,766,1195,1114,1715,2829
27059130400,"Isanti, MN (CT)",1460,0,1460,3914,0,3914
27059130501,"Isanti, MN (CT)",2133,0,2133,5323,0,5323
27059130502,"Isanti, MN (CT)",453,2020,2473,1163,5271,6434
27059130600,"Isanti, MN (CT)",1730,0,1730,3897,0,3897
27061480100,"Itasca, MN (CT)",2353,0,2353,2649,0,2649
27061480300,"Itasca, MN (CT)",2668,98,2766,4105,234,4339
27061480400,"Itasca, MN (CT)",4207,0,4207,3594,0,3594
27061480500,"Itasca, MN (CT)",1432,0,1432,2544,0,2544
27061480600,"Itasca, MN (CT)",1672,0,1672,2864,0,2864
27061480700,"Itasca, MN (CT)",2784,64,2848,4921,145,5066
27061480801,"Itasca, MN (CT)",1211,0,1211,2412,0,2412
27061480802,"Itasca, MN (CT)",732,2085,2817,1726,4320,6046
27061480900,"Itasca, MN (CT)",1038,2018,3056,2336,4514,6850
27061481000,"Itasca, MN (CT)",3096,28,3124,5981,72,6053
27061940000,"Itasca, MN (CT)",1579,0,1579,2641,0,2641
27063480100,"Jackson, MN (CT)",1115,0,1115,2276,0,2276
27063480200,"Jackson, MN (CT)",1027,0,1027,2293,0,2293
27063480300,"Jackson, MN (CT)",1191,0,1191,2351,0,2351
27063480400,"Jackson, MN (CT)",86,1571,1657,177,3169,3346
27065480100,"Kanabec, MN (CT)",2018,0,2018,3578,0,3578
27065480200,"Kanabec, MN (CT)",1904,0,1904,3834,0,3834
27065480300,"Kanabec, MN (CT)",235,1560,1795,574,3223,3797
27065480400,"Kanabec, MN (CT)",1978,154,2132,4583,447,5030
27067770900,"Kandiyohi, MN (CT)",0,1245,1245,0,2819,2819
27067780100,"Kandiyohi, MN (CT)",1370,275,1645,2379,202,2581
27067780200,"Kandiyohi, MN (CT)",1548,0,1548,2327,0,2327
27067780300,"Kandiyohi, MN (CT)",1151,900,2051,2476,1713,4189
27067780400,"Kandiyohi, MN (CT)",990,731,1721,2351,1273,3624
27067780500,"Kandiyohi, MN (CT)",108,1794,1902,278,4803,5081
27067780600,"Kandiyohi, MN (CT)",1246,758,2004,3308,1789,5097
27067780700,"Kandiyohi, MN (CT)",15,1663,1678,47,3978,4025
27067780800,"Kandiyohi, MN (CT)",0,904,904,0,2064,2064
27067781000,"Kandiyohi, MN (CT)",0,2095,2095,0,4791,4791
27067781100,"Kandiyohi, MN (CT)",1482,0,1482,2753,0,2753
27067781200,"Kandiyohi, MN (CT)",1201,0,1201,2888,0,2888
27069090100,"Kittson, MN (CT)",1466,0,1466,2503,0,2503
27069090200,"Kittson, MN (CT)",1139,0,1139,2049,0,2049
27071790100,"Koochiching, MN (CT)",178,839,1017,401,1807,2208
27071790200,"Koochiching, MN (CT)",332,2377,2709,802,4674,5476
27071790300,"Koochiching, MN (CT)",1840,361,2201,2634,574,3208
27071790500,"Koochiching, MN (CT)",1973,0,1973,2419,0,2419
27073180100,"Lac qui Parle, MN (CT)",1247,0,1247,2325,0,2325
27073180200,"Lac qui Parle, MN (CT)",987,0,987,1899,0,1899
27073180300,"Lac qui Parle, MN (CT)",1458,0,1458,3035,0,3035
27075370100,"Lake, MN (CT)",4246,0,4246,4471,0,4471
27075370300,"Lake, MN (CT)",1463,0,1463,2432,0,2432
27075370400,"Lake, MN (CT)",234,1738,1972,375,3588,3963
27075990100,"Lake, MN (CT)",0,0,0,0,0,0
27077460300,"Lake of the Woods, MN (CT)",942,0,942,1694,0,1694
27077460400,"Lake of the Woods, MN (CT)",2730,0,2730,2351,0,2351
27079950100,"Le Sueur, MN (CT)",1328,1321,2649,3436,3565,7001
27079950200,"Le Sueur, MN (CT)",317,1656,1973,763,3763,4526
27079950300,"Le Sueur, MN (CT)",823,1132,1955,1816,2535,4351
27079950400,"Le Sueur, MN (CT)",2048,0,2048,3838,0,3838
27079950500,"Le Sueur, MN (CT)",1967,0,1967,4130,0,4130
27079950600,"Le Sueur, MN (CT)",1552,272,1824,3237,620,3857
27081201001,"Lincoln, MN (CT)",1641,0,1641,3095,0,3095
27081201002,"Lincoln, MN (CT)",1467,0,1467,2801,0,2801
27083360100,"Lyon, MN (CT)",1641,0,1641,3726,0,3726
27083360200,"Lyon, MN (CT)",1266,65,1331,3097,210,3307
27083360300,"Lyon, MN (CT)",11,2114,2125,23,5252,5275
27083360400,"Lyon, MN (CT)",33,1824,1857,94,4001,4095
27083360500,"Lyon, MN (CT)",168,1627,1795,386,4001,4387
27083360600,"Lyon, MN (CT)",1322,0,1322,2933,0,2933
27083360700,"Lyon, MN (CT)",1027,0,1027,2134,0,2134
27085950100,"McLeod, MN (CT)",2288,0,2288,5454,0,5454
27085950200,"McLeod, MN (CT)",1334,319,1653,3449,742,4191
27085950300,"McLeod, MN (CT)",142,2773,2915,362,5558,5920
27085950400,"McLeod, MN (CT)",23,3254,3277,56,7754,7810
27085950500,"McLeod, MN (CT)",1292,0,1292,2926,0,2926
27085950600,"McLeod, MN (CT)",1861,13,1874,4571,38,4609
27085950700,"McLeod, MN (CT)",102,2359,2461,245,5496,5741
27087940100,"Mahnomen, MN (CT)",1295,0,1295,2946,0,2946
27087940300,"Mahnomen, MN (CT)",1491,0,1491,2467,0,2467
27089080100,"Marshall, MN (CT)",1310,0,1310,2325,0,2325
27089080200,"Marshall, MN (CT)",1140,0,1140,2247,0,2247
27089080300,"Marshall, MN (CT)",1154,0,1154,2310,0,2310
27089080400,"Marshall, MN (CT)",1208,0,1208,2557,0,2557
27091790100,"Martin, MN (CT)",1438,0,1438,3108,0,3108
27091790200,"Martin, MN (CT)",1229,0,1229,2587,0,2587
27091790300,"Martin, MN (CT)",1146,0,1146,2430,0,2430
27091790400,"Martin, MN (CT)",897,0,897,1939,0,1939
27091790500,"Martin, MN (CT)",278,2806,3084,548,5869,6417
27091790600,"Martin, MN (CT)",318,1897,2215,650,3709,4359
27093560100,"Meeker, MN (CT)",1580,610,2190,3611,1410,5021
27093560200,"Meeker, MN (CT)",2487,0,2487,5058,0,5058
27093560300,"Meeker, MN (CT)",60,1593,1653,138,3666,3804
27093560400,"Meeker, MN (CT)",99,1301,1400,248,2958,3206
27093560500,"Meeker, MN (CT)",1553,0,1553,3270,0,3270
27093560600,"Meeker, MN (CT)",1391,0,1391,2941,0,2941
27095170400,"Mille Lacs, MN (CT)",1982,0,1982,5221,0,5221
27095170500,"Mille Lacs, MN (CT)",622,1398,2020,1634,2831,4465
27095170600,"Mille Lacs, MN (CT)",1080,0,1080,2826,0,2826
27095170700,"Mille Lacs, MN (CT)",335,2057,2392,892,4783,5675
27095970100,"Mille Lacs, MN (CT)",1859,0,1859,2092,0,2092
27095970200,"Mille Lacs, MN (CT)",1656,0,1656,3123,0,3123
27095970300,"Mille Lacs, MN (CT)",1761,0,1761,2695,0,2695
27097780100,"Morrison, MN (CT)",2597,0,2597,2915,0,2915
27097780200,"Morrison, MN (CT)",1661,37,1698,3972,91,4063
27097780300,"Morrison, MN (CT)",1894,513,2407,4865,1263,6128
27097780400,"Morrison, MN (CT)",1465,0,1465,2580,0,2580
27097780500,"Morrison, MN (CT)",2036,0,2036,5091,0,5091
27097780600,"Morrison, MN (CT)",110,2531,2641,230,5414,5644
27097780700,"Morrison, MN (CT)",99,1042,1141,215,2256,2471
27097780800,"Morrison, MN (CT)",1746,0,1746,4306,0,4306
27099000100,"Mower, MN (CT)",110,818,928,368,1667,2035
27099000200,"Mower, MN (CT)",0,1187,1187,0,2670,2670
27099000300,"Mower, MN (CT)",0,2189,2189,0,4881,4881
27099000410,"Mower, MN (CT)",0,2356,2356,0,4995,4995
27099000600,"Mower, MN (CT)",0,1302,1302,0,3070,3070
27099000800,"Mower, MN (CT)",0,1579,1579,0,3765,3765
27099000900,"Mower, MN (CT)",115,1612,1727,281,3950,4231
27099001000,"Mower, MN (CT)",1562,46,1608,3510,105,3615
27099001200,"Mower, MN (CT)",827,0,827,1960,0,1960
27099001300,"Mower, MN (CT)",1963,0,1963,4577,0,4577
27099001400,"Mower, MN (CT)",1361,0,1361,3364,0,3364
27101900100,"Murray, MN (CT)",1440,0,1440,2119,0,2119
27101900200,"Murray, MN (CT)",1484,0,1484,3246,0,3246
27101900300,"Murray, MN (CT)",1632,0,1632,3360,0,3360
27103480100,"Nicollet, MN (CT)",1451,0,1451,3414,0,3414
27103480200,"Nicollet, MN (CT)",1815,370,2185,4590,922,5512
27103480300,"Nicollet, MN (CT)",18,1829,1847,39,4549,4588
27103480400,"Nicollet, MN (CT)",37,1521,1558,266,5659,5925
27103480501,"Nicollet, MN (CT)",24,2900,2924,55,6504,6559
27103480502,"Nicollet, MN (CT)",2,1270,1272,5,3175,3180
27103480600,"Nicollet, MN (CT)",0,1636,1636,0,3549,3549
27105105100,"Nobles, MN (CT)",1281,0,1281,2889,0,2889
27105105200,"Nobles, MN (CT)",1402,0,1402,3165,0,3165
27105105300,"Nobles, MN (CT)",1073,0,1073,2353,0,2353
27105105400,"Nobles, MN (CT)",47,1422,1469,175,4375,4550
27105105500,"Nobles, MN (CT)",52,1226,1278,126,3454,3580
27105105600,"Nobles, MN (CT)",19,2013,2032,54,4787,4841
27107960100,"Norman, MN (CT)",1371,0,1371,2760,0,2760
27107960200,"Norman, MN (CT)",990,0,990,1901,0,1901
27107960300,"Norman, MN (CT)",1060,0,1060,2191,0,2191
27109000100,"Olmsted, MN (CT)",0,1180,1180,0,1385,1385
27109000200,"Olmsted, MN (CT)",0,2249,2249,0,4916,4916
27109000300,"Olmsted, MN (CT)",0,1369,1369,0,3299,3299
27109000400,"Olmsted, MN (CT)",0,1617,1617,0,3045,3045
27109000500,"Olmsted, MN (CT)",0,1511,1511,0,2804,2804
27109000600,"Olmsted, MN (CT)",0,2161,2161,0,4469,4469
27109000901,"Olmsted, MN (CT)",509,1473,1982,1344,4134,5478
27109000902,"Olmsted, MN (CT)",136,1285,1421,325,3047,3372
27109000903,"Olmsted, MN (CT)",860,381,1241,2182,935,3117
27109001000,"Olmsted, MN (CT)",0,2064,2064,0,4766,4766
27109001100,"Olmsted, MN (CT)",0,1351,1351,0,3200,3200
27109001201,"Olmsted, MN (CT)",0,1925,1925,0,4491,4491
27109001202,"Olmsted, MN (CT)",0,1513,1513,0,3602,3602
27109001203,"Olmsted, MN (CT)",644,1093,1737,1743,3142,4885
27109001301,"Olmsted, MN (CT)",0,1984,1984,0,4426,4426
27109001302,"Olmsted, MN (CT)",0,1715,1715,0,4382,4382
27109001401,"Olmsted, MN (CT)",0,2106,2106,0,4450,4450
27109001402,"Olmsted, MN (CT)",94,3980,4074,261,11274,11535
27109001501,"Olmsted, MN (CT)",0,1268,1268,0,2805,2805
27109001502,"Olmsted, MN (CT)",0,1120,1120,0,2256,2256
27109001503,"Olmsted, MN (CT)",0,1021,1021,0,2299,2299
27109001601,"Olmsted, MN (CT)",0,1990,1990,0,4376,4376
27109001602,"Olmsted, MN (CT)",0,1182,1182,0,2994,2994
27109001603,"Olmsted, MN (CT)",431,965,1396,1125,2414,3539
27109001701,"Olmsted, MN (CT)",0,1831,1831,0,4512,4512
27109001702,"Olmsted, MN (CT)",0,2037,2037,0,4430,4430
27109001703,"Olmsted, MN (CT)",549,1422,1971,1638,3304,4942
27109001800,"Olmsted, MN (CT)",21,1859,1880,57,4834,4891
27109001900,"Olmsted, MN (CT)",2370,423,2793,5904,1044,6948
27109002000,"Olmsted, MN (CT)",2156,493,2649,5443,1202,6645
27109002100,"Olmsted, MN (CT)",98,2404,2502,228,5877,6105
27109002200,"Olmsted, MN (CT)",1331,227,1558,3264,540,3804
27109002300,"Olmsted, MN (CT)",171,1926,2097,421,5659,6080
27111960102,"Otter Tail, MN (CT)",1687,0,1687,2611,0,2611
27111960103,"Otter Tail, MN (CT)",2524,0,2524,2178,0,2178
27111960300,"Otter Tail, MN (CT)",1453,0,1453,3420,0,3420
27111960400,"Otter Tail, MN (CT)",2375,0,2375,2220,0,2220
27111960500,"Otter Tail, MN (CT)",1029,1343,2372,1965,2929,4894
27111960600,"Otter Tail, MN (CT)",2488,0,2488,4327,0,4327
27111960700,"Otter Tail, MN (CT)",1899,0,1899,2587,0,2587
27111960800,"Otter Tail, MN (CT)",1916,0,1916,3087,0,3087
27111960900,"Otter Tail, MN (CT)",224,2339,2563,601,4782,5383
27111961000,"Otter Tail, MN (CT)",311,2077,2388,686,4059,4745
27111961100,"Otter Tail, MN (CT)",463,1466,1929,1163,3240,4403
27111961200,"Otter Tail, MN (CT)",1751,0,1751,2314,0,2314
27111961300,"Otter Tail, MN (CT)",2219,49,2268,3846,124,3970
27111961400,"Otter Tail, MN (CT)",2551,0,2551,2373,0,2373
27111961500,"Otter Tail, MN (CT)",1971,0,1971,3239,0,3239
27111961600,"Otter Tail, MN (CT)",1901,0,1901,2285,0,2285
27111961700,"Otter Tail, MN (CT)",1558,0,1558,3267,0,3267
27113090100,"Pennington, MN (CT)",980,14,994,2356,26,2382
27113090200,"Pennington, MN (CT)",60,1186,1246,135,2463,2598
27113090300,"Pennington, MN (CT)",866,2,868,2071,8,2079
27113090400,"Pennington, MN (CT)",70,1331,1401,180,2860,3040
27113090500,"Pennington, MN (CT)",119,1669,1788,305,3526,3831
27115950100,"Pine, MN (CT)",2280,126,2406,2354,139,2493
27115950200,"Pine, MN (CT)",1676,9,1685,2920,12,2932
27115950300,"Pine, MN (CT)",1821,0,1821,2838,0,2838
27115950400,"Pine, MN (CT)",3226,0,3226,5047,0,5047
27115950500,"Pine, MN (CT)",2443,0,2443,5061,0,5061
27115950600,"Pine, MN (CT)",1989,149,2138,4087,221,4308
27115950700,"Pine, MN (CT)",442,1315,1757,787,2811,3598
27115950800,"Pine, MN (CT)",1800,0,1800,3473,0,3473
27117460100,"Pipestone, MN (CT)",731,0,731,1643,0,1643
27117460200,"Pipestone, MN (CT)",126,802,928,228,1606,1834
27117460300,"Pipestone, MN (CT)",11,1206,1217,18,2492,2510
27117460400,"Pipestone, MN (CT)",770,0,770,1714,0,1714
27117460500,"Pipestone, MN (CT)",837,0,837,1895,0,1895
27119020100,"Polk, MN (CT)",93,1942,2035,249,4486,4735
27119020200,"Polk, MN (CT)",4,668,672,11,1257,1268
27119020300,"Polk, MN (CT)",98,914,1012,260,2575,2835
27119020400,"Polk, MN (CT)",906,0,906,2171,0,2171
27119020500,"Polk, MN (CT)",1175,1,1176,2776,2,2778
27119020600,"Polk, MN (CT)",41,2278,2319,93,5600,5693
27119020700,"Polk, MN (CT)",34,995,1029,84,2362,2446
27119020800,"Polk, MN (CT)",1164,0,1164,2206,0,2206
27119020900,"Polk, MN (CT)",2459,0,2459,3876,0,3876
27119021000,"Polk, MN (CT)",1838,0,1838,3592,0,3592
27121970100,"Pope, MN (CT)",1524,0,1524,2373,0,2373
27121970200,"Pope, MN (CT)",1448,0,1448,2797,0,2797
27121970300,"Pope, MN (CT)",1538,0,1538,2501,0,2501
27121970400,"Pope, MN (CT)",1925,0,1925,3324,0,3324
27123030100,"Ramsey, MN (CT)",0,1931,1931,0,4483,4483
27123030201,"Ramsey, MN (CT)",0,2289,2289,0,5168,5168
27123030202,"Ramsey, MN (CT)",0,1192,1192,0,2039,2039
27123030300,"Ramsey, MN (CT)",0,2500,2500,0,5650,5650
27123030400,"Ramsey, MN (CT)",0,2578,2578,0,5764,5764
27123030500,"Ramsey, MN (CT)",0,1946,1946,0,5877,5877
27123030601,"Ramsey, MN (CT)",0,1898,1898,0,5905,5905
27123030602,"Ramsey, MN (CT)",0,1557,1557,0,4071,4071
27123030702,"Ramsey, MN (CT)",0,1840,1840,0,4797,4797
27123030703,"Ramsey, MN (CT)",0,1359,1359,0,3686,3686
27123030704,"Ramsey, MN (CT)",0,1575,1575,0,4257,4257
27123030800,"Ramsey, MN (CT)",0,1800,1800,0,4848,4848
27123030900,"Ramsey, MN (CT)",0,1170,1170,0,3655,3655
27123031000,"Ramsey, MN (CT)",0,1579,1579,0,4258,4258
27123031100,"Ramsey, MN (CT)",0,1499,1499,0,3750,3750
27123031200,"Ramsey, MN (CT)",0,1396,1396,0,2815,2815
27123031300,"Ramsey, MN (CT)",0,895,895,0,2304,2304
27123031400,"Ramsey, MN (CT)",0,1033,1033,0,2866,2866
27123031500,"Ramsey, MN (CT)",0,969,969,0,2730,2730
27123031600,"Ramsey, MN (CT)",0,1403,1403,0,4011,4011
27123031701,"Ramsey, MN (CT)",0,905,905,0,2754,2754
27123031702,"Ramsey, MN (CT)",0,2189,2189,0,6068,6068
27123031801,"Ramsey, MN (CT)",0,1767,1767,0,4668,4668
27123031802,"Ramsey, MN (CT)",0,1595,1595,0,3730,3730
27123031900,"Ramsey, MN (CT)",0,1066,1066,0,2194,2194
27123032000,"Ramsey, MN (CT)",0,1271,1271,0,2713,2713
27123032100,"Ramsey, MN (CT)",0,1237,1237,0,3053,3053
27123032200,"Ramsey, MN (CT)",0,1075,1075,0,2510,2510
27123032300,"Ramsey, MN (CT)",0,1389,1389,0,3219,3219
27123032400,"Ramsey, MN (CT)",0,1186,1186,0,2817,2817
27123032500,"Ramsey, MN (CT)",0,1372,1372,0,4101,4101
27123032600,"Ramsey, MN (CT)",0,992,992,0,3235,3235
27123032700,"Ramsey, MN (CT)",0,875,875,0,2584,2584
27123033000,"Ramsey, MN (CT)",0,605,605,0,2365,2365
27123033100,"Ramsey, MN (CT)",0,552,552,0,1496,1496
27123033200,"Ramsey, MN (CT)",0,1481,1481,0,2745,2745
27123033300,"Ramsey, MN (CT)",0,1425,1425,0,3183,3183
27123033400,"Ramsey, MN (CT)",0,1370,1370,0,3078,3078
27123033500,"Ramsey, MN (CT)",0,1283,1283,0,3252,3252
27123033600,"Ramsey, MN (CT)",0,594,594,0,1507,1507
27123033700,"Ramsey, MN (CT)",0,657,657,0,1599,1599
27123033800,"Ramsey, MN (CT)",0,682,682,0,1683,1683
27123033900,"Ramsey, MN (CT)",0,641,641,0,1436,1436
27123034000,"Ramsey, MN (CT)",0,936,936,0,1661,1661
27123034201,"Ramsey, MN (CT)",0,1702,1702,0,1818,1818
27123034202,"Ramsey, MN (CT)",0,3499,3499,0,4786,4786
27123034400,"Ramsey, MN (CT)",0,932,932,0,2117,2117
27123034500,"Ramsey, MN (CT)",0,1408,1408,0,3884,3884
27123034601,"Ramsey, MN (CT)",0,1924,1924,0,4595,4595
27123034602,"Ramsey, MN (CT)",0,1445,1445,0,4133,4133
27123034701,"Ramsey, MN (CT)",0,1625,1625,0,3981,3981
27123034702,"Ramsey, MN (CT)",0,1568,1568,0,3889,3889
27123034900,"Ramsey, MN (CT)",0,1313,1313,0,5143,5143
27123035000,"Ramsey, MN (CT)",0,1152,1152,0,2579,2579
27123035100,"Ramsey, MN (CT)",0,1045,1045,0,3440,3440
27123035200,"Ramsey, MN (CT)",0,1560,1560,0,3307,3307
27123035300,"Ramsey, MN (CT)",0,1894,1894,0,3832,3832
27123035500,"Ramsey, MN (CT)",0,1400,1400,0,2228,2228
27123035700,"Ramsey, MN (CT)",0,1120,1120,0,2530,2530
27123035800,"Ramsey, MN (CT)",0,1776,1776,0,2880,2880
27123035900,"Ramsey, MN (CT)",0,553,553,0,1046,1046
27123036000,"Ramsey, MN (CT)",0,1340,1340,0,2350,2350
27123036100,"Ramsey, MN (CT)",0,536,536,0,1671,1671
27123036300,"Ramsey, MN (CT)",0,1249,1249,0,3826,3826
27123036400,"Ramsey, MN (CT)",0,1730,1730,0,3952,3952
27123036500,"Ramsey, MN (CT)",0,1813,1813,0,3804,3804
27123036600,"Ramsey, MN (CT)",0,2120,2120,0,4345,4345
27123036700,"Ramsey, MN (CT)",0,2109,2109,0,4222,4222
27123036800,"Ramsey, MN (CT)",0,1035,1035,0,2304,2304
27123036900,"Ramsey, MN (CT)",0,1057,1057,0,2022,2022
27123037000,"Ramsey, MN (CT)",0,1155,1155,0,2755,2755
27123037100,"Ramsey, MN (CT)",0,1905,1905,0,4760,4760
27123037200,"Ramsey, MN (CT)",0,2191,2191,0,5773,5773
27123037402,"Ramsey, MN (CT)",0,1796,1796,0,3708,3708
27123037403,"Ramsey, MN (CT)",0,2284,2284,0,6285,6285
27123037500,"Ramsey, MN (CT)",0,2186,2186,0,5048,5048
27123037601,"Ramsey, MN (CT)",0,2147,2147,0,3915,3915
27123037602,"Ramsey, MN (CT)",0,2895,2895,0,4857,4857
27123040100,"Ramsey, MN (CT)",3,2625,2628,3,6988,6991
27123040200,"Ramsey, MN (CT)",0,954,954,0,1742,1742
27123040301,"Ramsey, MN (CT)",0,731,731,0,1742,1742
27123040302,"Ramsey, MN (CT)",0,2116,2116,0,5225,5225
27123040401,"Ramsey, MN (CT)",0,1507,1507,0,3373,3373
27123040402,"Ramsey, MN (CT)",0,2231,2231,0,5320,5320
27123040502,"Ramsey, MN (CT)",0,1122,1122,0,2601,2601
27123040503,"Ramsey, MN (CT)",0,1553,1553,0,3249,3249
27123040504,"Ramsey, MN (CT)",0,1717,1717,0,3943,3943
27123040601,"Ramsey, MN (CT)",383,1759,2142,949,4067,5016
27123040603,"Ramsey, MN (CT)",0,2203,2203,0,5252,5252
27123040604,"Ramsey, MN (CT)",0,3042,3042,0,7053,7053
27123040703,"Ramsey, MN (CT)",0,2988,2988,0,6734,6734
27123040704,"Ramsey, MN (CT)",0,2420,2420,0,5410,5410
27123040705,"Ramsey, MN (CT)",0,1803,1803,0,4001,4001
27123040706,"Ramsey, MN (CT)",0,1942,1942,0,4832,4832
27123040707,"Ramsey, MN (CT)",0,1673,1673,0,4066,4066
27123040801,"Ramsey, MN (CT)",0,1234,1234,0,3000,3000
27123040802,"Ramsey, MN (CT)",0,0,0,0,1778,1778
27123040803,"Ramsey, MN (CT)",0,1819,1819,0,4774,4774
27123040901,"Ramsey, MN (CT)",0,881,881,0,2076,2076
27123040902,"Ramsey, MN (CT)",0,1661,1661,0,3860,3860
27123041001,"Ramsey, MN (CT)",0,1334,1334,0,3252,3252
27123041002,"Ramsey, MN (CT)",0,1425,1425,0,3145,3145
27123041103,"Ramsey, MN (CT)",0,1779,1779,0,3070,3070
27123041104,"Ramsey, MN (CT)",0,1333,1333,0,3081,3081
27123041105,"Ramsey, MN (CT)",0,2186,2186,0,5151,5151
27123041106,"Ramsey, MN (CT)",0,1401,1401,0,3697,3697
27123041107,"Ramsey, MN (CT)",0,2720,2720,0,5521,5521
27123041200,"Ramsey, MN (CT)",0,1839,1839,0,4006,4006
27123041301,"Ramsey, MN (CT)",0,1664,1664,0,3357,3357
27123041302,"Ramsey, MN (CT)",0,1574,1574,0,3935,3935
27123041400,"Ramsey, MN (CT)",0,2653,2653,0,5383,5383
27123041500,"Ramsey, MN (CT)",0,2099,2099,0,4859,4859
27123041601,"Ramsey, MN (CT)",0,2755,2755,0,5951,5951
27123041602,"Ramsey, MN (CT)",0,1744,1744,0,3647,3647
27123041700,"Ramsey, MN (CT)",0,1364,1364,0,2862,2862
27123041800,"Ramsey, MN (CT)",0,1637,1637,0,3666,3666
27123041900,"Ramsey, MN (CT)",0,1507,1507,0,3394,3394
27123042001,"Ramsey, MN (CT)",0,747,747,0,1927,1927
27123042002,"Ramsey, MN (CT)",0,1202,1202,0,2379,2379
27123042101,"Ramsey, MN (CT)",0,2936,2936,0,5297,5297
27123042102,"Ramsey, MN (CT)",0,1745,1745,0,4456,4456
27123042201,"Ramsey, MN (CT)",0,538,538,0,1432,1432
27123042202,"Ramsey, MN (CT)",0,1989,1989,0,5162,5162
27123042301,"Ramsey, MN (CT)",0,1178,1178,0,2949,2949
27123042302,"Ramsey, MN (CT)",0,1791,1791,0,4442,4442
27123042401,"Ramsey, MN (CT)",0,2581,2581,0,5767,5767
27123042402,"Ramsey, MN (CT)",0,2288,2288,0,5753,5753
27123042501,"Ramsey, MN (CT)",0,2407,2407,0,4987,4987
27123042503,"Ramsey, MN (CT)",0,1090,1090,0,3198,3198
27123042504,"Ramsey, MN (CT)",0,1672,1672,0,4190,4190
27123042601,"Ramsey, MN (CT)",0,1789,1789,0,4295,4295
27123042602,"Ramsey, MN (CT)",0,945,945,0,2094,2094
27123042700,"Ramsey, MN (CT)",0,2123,2123,0,5229,5229
27123042800,"Ramsey, MN (CT)",0,953,953,0,2446,2446
27123042900,"Ramsey, MN (CT)",0,1876,1876,0,3771,3771
27123043000,"Ramsey, MN (CT)",0,2948,2948,0,6481,6481
27123980000,"Ramsey, MN (CT)",0,0,0,0,0,0
27125010100,"Red Lake, MN (CT)",907,0,907,1868,0,1868
27125010200,"Red Lake, MN (CT)",1041,0,1041,2221,0,2221
27127750100,"Redwood, MN (CT)",1199,0,1199,2783,0,2783
27127750200,"Redwood, MN (CT)",232,1280,1512,495,2805,3300
27127750300,"Redwood, MN (CT)",24,1033,1057,55,2153,2208
27127750400,"Redwood, MN (CT)",1331,0,1331,3022,0,3022
27127750500,"Redwood, MN (CT)",1260,0,1260,2946,0,2946
27127750600,"Redwood, MN (CT)",913,0,913,1800,0,1800
27129790100,"Renville, MN (CT)",1400,0,1400,2908,0,2908
27129790200,"Renville, MN (CT)",960,0,960,1958,0,1958
27129790300,"Renville, MN (CT)",871,0,871,1921,0,1921
27129790400,"Renville, MN (CT)",1257,0,1257,2729,0,2729
27129790500,"Renville, MN (CT)",1508,0,1508,3315,0,3315
27129790600,"Renville, MN (CT)",1359,0,1359,2899,0,2899
27131070100,"Rice, MN (CT)",1200,1294,2494,3148,3466,6614
27131070200,"Rice, MN (CT)",1769,416,2185,4241,1073,5314
27131070300,"Rice, MN (CT)",2207,66,2273,4469,137,4606
27131070400,"Rice, MN (CT)",1530,246,1776,3915,533,4448
27131070501,"Rice, MN (CT)",0,1025,1025,0,3898,3898
27131070503,"Rice, MN (CT)",0,1198,1198,0,3181,3181
27131070504,"Rice, MN (CT)",0,1659,1659,0,3552,3552
27131070601,"Rice, MN (CT)",0,1787,1787,0,4191,4191
27131070602,"Rice, MN (CT)",164,882,1046,404,4450,4854
27131070700,"Rice, MN (CT)",162,2291,2453,296,6898,7194
27131070800,"Rice, MN (CT)",57,2935,2992,151,7145,7296
27131070901,"Rice, MN (CT)",4,2179,2183,11,5530,5541
27131070902,"Rice, MN (CT)",0,1382,1382,0,3453,3453
27133570100,"Rock, MN (CT)",1023,3,1026,2480,10,2490
27133570200,"Rock, MN (CT)",64,1642,1706,150,3815,3965
27133570300,"Rock, MN (CT)",1000,530,1530,2437,795,3232
27135970100,"Roseau, MN (CT)",1972,0,1972,4049,0,4049
27135970200,"Roseau, MN (CT)",1071,0,1071,2160,0,2160
27135970300,"Roseau, MN (CT)",456,1330,1786,1063,2763,3826
27135970400,"Roseau, MN (CT)",1714,0,1714,3755,0,3755
27135970500,"Roseau, MN (CT)",926,0,926,1839,0,1839
27137000100,"St. Louis, MN (CT)",201,1572,1773,517,3911,4428
27137000200,"St. Louis, MN (CT)",220,1633,1853,535,3707,4242
27137000300,"St. Louis, MN (CT)",94,2974,3068,225,7296,7521
27137000400,"St. Louis, MN (CT)",325,1468,1793,829,4626,5455
27137000500,"St. Louis, MN (CT)",0,1328,1328,0,3422,3422
27137000600,"St. Louis, MN (CT)",0,2164,2164,0,5043,5043
27137000700,"St. Louis, MN (CT)",0,1132,1132,0,2825,2825
27137000900,"St. Louis, MN (CT)",0,1731,1731,0,3737,3737
27137001000,"St. Louis, MN (CT)",0,836,836,0,2234,2234
27137001100,"St. Louis, MN (CT)",0,613,613,0,1328,1328
27137001200,"St. Louis, MN (CT)",0,792,792,0,1637,1637
27137001300,"St. Louis, MN (CT)",0,890,890,0,1812,1812
27137001400,"St. Louis, MN (CT)",0,1320,1320,0,2602,2602
27137001600,"St. Louis, MN (CT)",0,843,843,0,1512,1512
27137001700,"St. Louis, MN (CT)",0,1031,1031,0,1454,1454
27137001800,"St. Louis, MN (CT)",0,974,974,0,1839,1839
27137001900,"St. Louis, MN (CT)",0,1463,1463,0,1917,1917
27137002000,"St. Louis, MN (CT)",0,662,662,0,1225,1225
27137002200,"St. Louis, MN (CT)",0,690,690,0,1282,1282
27137002300,"St. Louis, MN (CT)",0,1769,1769,0,4163,4163
27137002400,"St. Louis, MN (CT)",0,496,496,0,1099,1099
27137002600,"St. Louis, MN (CT)",0,928,928,0,2123,2123
27137002900,"St. Louis, MN (CT)",0,796,796,0,1636,1636
27137003000,"St. Louis, MN (CT)",0,624,624,0,1436,1436
27137003300,"St. Louis, MN (CT)",0,1076,1076,0,2540,2540
27137003400,"St. Louis, MN (CT)",0,694,694,0,1450,1450
27137003600,"St. Louis, MN (CT)",0,739,739,0,1737,1737
27137003700,"St. Louis, MN (CT)",0,890,890,0,1852,1852
27137003800,"St. Louis, MN (CT)",146,1231,1377,333,2692,3025
27137010100,"St. Louis, MN (CT)",0,1244,1244,0,2884,2884
27137010200,"St. Louis, MN (CT)",535,155,690,1296,288,1584
27137010300,"St. Louis, MN (CT)",1936,1538,3474,5286,3241,8527
27137010400,"St. Louis, MN (CT)",1171,242,1413,2935,535,3470
27137010500,"St. Louis, MN (CT)",1437,69,1506,3558,118,3676
27137010600,"St. Louis, MN (CT)",3194,132,3326,5911,287,6198
27137011100,"St. Louis, MN (CT)",2896,106,3002,6782,227,7009
27137011200,"St. Louis, MN (CT)",1890,0,1890,3315,0,3315
27137011300,"St. Louis, MN (CT)",1300,0,1300,2151,0,2151
27137011400,"St. Louis, MN (CT)",3677,0,3677,3146,0,3146
27137012100,"St. Louis, MN (CT)",1911,325,2236,4132,705,4837
27137012200,"St. Louis, MN (CT)",46,893,939,83,1790,1873
27137012300,"St. Louis, MN (CT)",0,1405,1405,0,2493,2493
27137012400,"St. Louis, MN (CT)",183,1975,2158,417,3922,4339
27137012500,"St. Louis, MN (CT)",0,1482,1482,0,2856,2856
27137012600,"St. Louis, MN (CT)",256,2268,2524,504,4472,4976
27137012700,"St. Louis, MN (CT)",1163,0,1163,2388,0,2388
27137012800,"St. Louis, MN (CT)",600,862,1462,1211,1701,2912
27137013000,"St. Louis, MN (CT)",0,1322,1322,0,2244,2244
27137013100,"St. Louis, MN (CT)",0,1446,1446,0,2508,2508
27137013200,"St. Louis, MN (CT)",325,1645,1970,564,3396,3960
27137013300,"St. Louis, MN (CT)",353,1589,1942,684,3034,3718
27137013400,"St. Louis, MN (CT)",1504,0,1504,2910,0,2910
27137013500,"St. Louis, MN (CT)",937,0,937,1799,0,1799
27137013600,"St. Louis, MN (CT)",1116,0,1116,1891,0,1891
27137013800,"St. Louis, MN (CT)",887,0,887,1682,0,1682
27137013900,"St. Louis, MN (CT)",1287,0,1287,2396,0,2396
27137014000,"St. Louis, MN (CT)",1016,0,1016,2017,0,2017
27137014100,"St. Louis, MN (CT)",818,0,818,1475,0,1475
27137015100,"St. Louis, MN (CT)",2226,0,2226,2966,0,2966
27137015200,"St. Louis, MN (CT)",1994,0,1994,3521,0,3521
27137015300,"St. Louis, MN (CT)",0,2016,2016,0,3450,3450
27137015400,"St. Louis, MN (CT)",3530,4,3534,3413,9,3422
27137015500,"St. Louis, MN (CT)",5414,0,5414,3441,0,3441
27137015600,"St. Louis, MN (CT)",0,1594,1594,0,3082,3082
27137015700,"St. Louis, MN (CT)",0,896,896,0,4787,4787
27137015800,"St. Louis, MN (CT)",0,1903,1903,0,3747,3747
27137990100,"St. Louis, MN (CT)",0,0,0,0,0,0
27139080100,"Scott, MN (CT)",0,825,825,0,1845,1845
27139080201,"Scott, MN (CT)",0,827,827,0,2328,2328
27139080202,"Scott, MN (CT)",0,1444,1444,0,4623,4623
27139080203,"Scott, MN (CT)",0,2553,2553,0,7542,7542
27139080204,"Scott, MN (CT)",0,1145,1145,0,2621,2621
27139080205,"Scott, MN (CT)",59,2576,2635,143,7809,7952
27139080301,"Scott, MN (CT)",34,4007,4041,98,10749,10847
27139080302,"Scott, MN (CT)",479,4454,4933,1181,13452,14633
27139080400,"Scott, MN (CT)",0,1668,1668,0,3834,3834
27139080500,"Scott, MN (CT)",0,901,901,0,2816,2816
27139080600,"Scott, MN (CT)",0,1622,1622,0,4444,4444
27139080700,"Scott, MN (CT)",393,431,824,1167,1254,2421
27139080800,"Scott, MN (CT)",938,1857,2795,2513,5207,7720
27139080903,"Scott, MN (CT)",213,2386,2599,561,6195,6756
27139080904,"Scott, MN (CT)",0,3104,3104,0,7381,7381
27139080905,"Scott, MN (CT)",0,1787,1787,0,4980,4980
27139080906,"Scott, MN (CT)",0,1864,1864,0,4908,4908
27139081000,"Scott, MN (CT)",2202,408,2610,6457,1123,7580
27139081100,"Scott, MN (CT)",2251,1240,3491,6421,3908,10329
27139081200,"Scott, MN (CT)",562,1725,2287,1592,4336,5928
27139081300,"Scott, MN (CT)",848,2321,3169,2266,6174,8440
27141030101,"Sherburne, MN (CT)",1507,2449,3956,4560,6740,11300
27141030102,"Sherburne, MN (CT)",2225,517,2742,6197,1177,7374
27141030200,"Sherburne, MN (CT)",2387,132,2519,6872,352,7224
27141030300,"Sherburne, MN (CT)",2586,0,2586,5929,0,5929
27141030402,"Sherburne, MN (CT)",933,2651,3584,2625,6667,9292
27141030403,"Sherburne, MN (CT)",1393,1499,2892,4082,4842,8924
27141030404,"Sherburne, MN (CT)",1564,1501,3065,4765,4218,8983
27141030502,"Sherburne, MN (CT)",659,3604,4263,1743,9398,11141
27141030503,"Sherburne, MN (CT)",22,2398,2420,32,6161,6193
27141030504,"Sherburne, MN (CT)",654,1001,1655,1969,3022,4991
27141031500,"Sherburne, MN (CT)",129,2568,2697,336,6812,7148
27143170198,"Sibley, MN (CT)",1795,0,1795,4305,0,4305
27143170200,"Sibley, MN (CT)",1648,0,1648,3640,0,3640
27143170300,"Sibley, MN (CT)",1441,0,1441,3308,0,3308
27143170400,"Sibley, MN (CT)",1698,0,1698,3973,0,3973
27145000301,"Stearns, MN (CT)",0,1470,1470,0,3280,3280
27145000302,"Stearns, MN (CT)",0,2795,2795,0,7397,7397
27145000401,"Stearns, MN (CT)",173,2254,2427,427,4679,5106
27145000402,"Stearns, MN (CT)",54,1794,1848,156,5143,5299
27145000500,"Stearns, MN (CT)",150,3537,3687,328,6804,7132
27145000601,"Stearns, MN (CT)",0,1509,1509,0,3510,3510
27145000602,"Stearns, MN (CT)",0,1298,1298,0,3034,3034
27145000701,"Stearns, MN (CT)",0,1274,1274,0,2857,2857
27145000801,"Stearns, MN (CT)",0,1505,1505,0,3342,3342
27145000901,"Stearns, MN (CT)",0,2376,2376,0,4489,4489
27145001001,"Stearns, MN (CT)",13,3538,3551,28,8805,8833
27145010101,"Stearns, MN (CT)",262,2191,2453,789,6235,7024
27145010102,"Stearns, MN (CT)",63,3287,3350,157,8056,8213
27145010200,"Stearns, MN (CT)",2063,66,2129,5503,184,5687
27145010401,"Stearns, MN (CT)",1503,0,1503,3759,0,3759
27145010402,"Stearns, MN (CT)",486,1070,1556,1383,2564,3947
27145010403,"Stearns, MN (CT)",1239,0,1239,3045,0,3045
27145010500,"Stearns, MN (CT)",1447,128,1575,3426,265,3691
27145010600,"Stearns, MN (CT)",596,1073,1669,1198,2856,4054
27145010900,"Stearns, MN (CT)",1602,0,1602,3821,0,3821
27145011000,"Stearns, MN (CT)",2079,0,2079,3901,0,3901
27145011100,"Stearns, MN (CT)",3628,0,3628,7042,0,7042
27145011200,"Stearns, MN (CT)",2878,0,2878,6487,0,6487
27145011301,"Stearns, MN (CT)",176,2283,2459,405,7441,7846
27145011302,"Stearns, MN (CT)",991,1774,2765,2455,4324,6779
27145011304,"Stearns, MN (CT)",2175,0,2175,6321,0,6321
27145011400,"Stearns, MN (CT)",1070,773,1843,2985,1554,4539
27145011500,"Stearns, MN (CT)",841,1920,2761,2021,4253,6274
27145011600,"Stearns, MN (CT)",0,570,570,0,3933,3933
27147960100,"Steele, MN (CT)",1671,142,1813,4161,545,4706
27147960200,"Steele, MN (CT)",88,2314,2402,199,5852,6051
27147960300,"Steele, MN (CT)",0,2567,2567,0,6704,6704
27147960400,"Steele, MN (CT)",95,1855,1950,248,3864,4112
27147960500,"Steele, MN (CT)",1225,0,1225,2830,0,2830
27147960600,"Steele, MN (CT)",0,1792,1792,0,3607,3607
27147960700,"Steele, MN (CT)",0,1987,1987,0,4822,4822
27147960800,"Steele, MN (CT)",1607,0,1607,3744,0,3744
27149480100,"Stevens, MN (CT)",1184,0,1184,2426,0,2426
27149480200,"Stevens, MN (CT)",181,1361,1542,466,3528,3994
27149480300,"Stevens, MN (CT)",686,748,1434,1711,1595,3306
27151960100,"Swift, MN (CT)",1126,0,1126,2415,0,2415
27151960200,"Swift, MN (CT)",76,1579,1655,141,3181,3322
27151960300,"Swift, MN (CT)",760,3,763,1795,10,1805
27151960400,"Swift, MN (CT)",1291,0,1291,2241,0,2241
27153790100,"Todd, MN (CT)",609,1085,1694,1229,2024,3253
27153790200,"Todd, MN (CT)",1094,0,1094,2686,0,2686
27153790300,"Todd, MN (CT)",1431,0,1431,3182,0,3182
27153790400,"Todd, MN (CT)",1883,0,1883,3468,0,3468
27153790500,"Todd, MN (CT)",1500,5,1505,2646,7,2653
27153790600,"Todd, MN (CT)",227,1339,1566,503,3349,3852
27153790700,"Todd, MN (CT)",2323,0,2323,3904,0,3904
27153790800,"Todd, MN (CT)",1421,0,1421,1897,0,1897
27155460100,"Traverse, MN (CT)",1176,0,1176,2116,0,2116
27155460200,"Traverse, MN (CT)",897,0,897,1442,0,1442
27157490100,"Wabasha, MN (CT)",1451,0,1451,2798,0,2798
27157490200,"Wabasha, MN (CT)",1795,0,1795,3397,0,3397
27157490300,"Wabasha, MN (CT)",0,2058,2058,0,4055,4055
27157490400,"Wabasha, MN (CT)",1890,32,1922,4461,71,4532
27157490500,"Wabasha, MN (CT)",1268,102,1370,3215,231,3446
27157490600,"Wabasha, MN (CT)",51,1350,1401,119,3329,3448
27159480100,"Wadena, MN (CT)",1890,0,1890,3285,0,3285
27159480200,"Wadena, MN (CT)",2406,257,2663,4915,767,5682
27159480300,"Wadena, MN (CT)",462,1884,2346,1073,3803,4876
27161790100,"Waseca, MN (CT)",1449,0,1449,3364,0,3364
27161790200,"Waseca, MN (CT)",1178,0,1178,2666,0,2666
27161790300,"Waseca, MN (CT)",1258,1,1259,3134,3,3137
27161790400,"Waseca, MN (CT)",31,2450,2481,71,5410,5481
27161790500,"Waseca, MN (CT)",137,1399,1536,364,4124,4488
27163070103,"Washington, MN (CT)",116,2024,2140,297,4653,4950
27163070104,"Washington, MN (CT)",0,1277,1277,0,2925,2925
27163070105,"Washington, MN (CT)",182,1520,1702,461,3777,4238
27163070106,"Washington, MN (CT)",690,1699,2389,1911,4351,6262
27163070203,"Washington, MN (CT)",618,2445,3063,1691,6043,7734
27163070204,"Washington, MN (CT)",428,1698,2126,1265,4333,5598
27163070205,"Washington, MN (CT)",1704,0,1704,3936,0,3936
27163070206,"Washington, MN (CT)",1574,0,1574,3465,0,3465
27163070301,"Washington, MN (CT)",303,343,646,833,781,1614
27163070303,"Washington, MN (CT)",0,1878,1878,0,4811,4811
27163070304,"Washington, MN (CT)",0,1846,1846,0,4714,4714
27163070403,"Washington, MN (CT)",1387,41,1428,3775,109,3884
27163070404,"Washington, MN (CT)",722,529,1251,1941,1466,3407
27163070405,"Washington, MN (CT)",301,1175,1476,853,3487,4340
27163070406,"Washington, MN (CT)",518,874,1392,1500,2203,3703
27163070501,"Washington, MN (CT)",0,1332,1332,0,3566,3566
27163070502,"Washington, MN (CT)",0,2003,2003,0,4054,4054
27163070601,"Washington, MN (CT)",0,2596,2596,0,6532,6532
27163070602,"Washington, MN (CT)",0,1268,1268,0,2781,2781
27163070701,"Washington, MN (CT)",1327,1086,2413,3948,2632,6580
27163070703,"Washington, MN (CT)",0,1627,1627,0,3336,3336
27163070704,"Washington, MN (CT)",0,915,915,0,1897,1897
27163070801,"Washington, MN (CT)",0,0,0,0,1587,1587
27163070802,"Washington, MN (CT)",0,0,0,0,448,448
27163070906,"Washington, MN (CT)",0,2022,2022,0,5090,5090
27163070907,"Washington, MN (CT)",0,2234,2234,0,4991,4991
27163070909,"Washington, MN (CT)",0,2074,2074,0,5593,5593
27163070910,"Washington, MN (CT)",0,2050,2050,0,4856,4856
27163070911,"Washington, MN (CT)",0,1968,1968,0,4620,4620
27163070912,"Washington, MN (CT)",0,1327,1327,0,2922,2922
27163071001,"Washington, MN (CT)",0,2154,2154,0,4834,4834
27163071003,"Washington, MN (CT)",29,1437,1466,79,3356,3435
27163071006,"Washington, MN (CT)",0,2056,2056,0,4658,4658
27163071010,"Washington, MN (CT)",0,1989,1989,0,5298,5298
27163071011,"Washington, MN (CT)",0,1006,1006,0,2945,2945
27163071012,"Washington, MN (CT)",0,2283,2283,0,4912,4912
27163071013,"Washington, MN (CT)",0,1967,1967,0,4962,4962
27163071014,"Washington, MN (CT)",0,1399,1399,0,4285,4285
27163071015,"Washington, MN (CT)",0,2552,2552,0,6802,6802
27163071016,"Washington, MN (CT)",0,1467,1467,0,4585,4585
27163071017,"Washington, MN (CT)",9,2354,2363,17,6066,6083
27163071018,"Washington, MN (CT)",515,3817,4332,1372,11225,12597
27163071101,"Washington, MN (CT)",126,1390,1516,332,3194,3526
27163071102,"Washington, MN (CT)",1786,18,1804,4559,71,4630
27163071206,"Washington, MN (CT)",2,3295,3297,7,9602,9609
27163071207,"Washington, MN (CT)",327,2072,2399,825,6393,7218
27163071208,"Washington, MN (CT)",0,1874,1874,0,5100,5100
27163071209,"Washington, MN (CT)",0,1920,1920,0,5951,5951
27163071300,"Washington, MN (CT)",0,2072,2072,0,5269,5269
27163071400,"Washington, MN (CT)",572,2165,2737,1387,5616,7003
27165950100,"Watonwan, MN (CT)",1592,0,1592,3568,0,3568
27165950200,"Watonwan, MN (CT)",41,2028,2069,85,4581,4666
27165950300,"Watonwan, MN (CT)",1385,1,1386,2973,4,2977
27167950100,"Wilkin, MN (CT)",1423,0,1423,3133,117,3250
27167950200,"Wilkin, MN (CT)",99,1556,1655,164,3162,3326
27169670100,"Winona, MN (CT)",1825,1147,2972,4493,2958,7451
27169670200,"Winona, MN (CT)",41,1387,1428,83,2980,3063
27169670300,"Winona, MN (CT)",384,1847,2231,1166,5518,6684
27169670400,"Winona, MN (CT)",0,2015,2015,0,4484,4484
27169670500,"Winona, MN (CT)",0,1934,1934,0,5646,5646
27169670600,"Winona, MN (CT)",250,1490,1740,678,3553,4231
27169670700,"Winona, MN (CT)",0,1870,1870,0,3741,3741
27169670800,"Winona, MN (CT)",2328,836,3164,5461,1832,7293
27169670900,"Winona, MN (CT)",1450,0,1450,3852,0,3852
27169671000,"Winona, MN (CT)",700,1256,1956,2039,2977,5016
27171100100,"Wright, MN (CT)",742,4018,4760,1964,10803,12767
27171100202,"Wright, MN (CT)",550,0,550,1461,0,1461
27171100203,"Wright, MN (CT)",155,2042,2197,452,5116,5568
27171100204,"Wright, MN (CT)",239,3166,3405,600,8326,8926
27171100300,"Wright, MN (CT)",2359,0,2359,5376,0,5376
27171100400,"Wright, MN (CT)",1670,1231,2901,2344,2680,5024
27171100500,"Wright, MN (CT)",2448,229,2677,4093,582,4675
27171100701,"Wright, MN (CT)",0,2479,2479,0,5755,5755
27171100702,"Wright, MN (CT)",62,3029,3091,181,8026,8207
27171100703,"Wright, MN (CT)",2584,648,3232,6481,1989,8470
27171100801,"Wright, MN (CT)",561,3648,4209,1571,11247,12818
27171100802,"Wright, MN (CT)",346,4437,4783,956,12841,13797
27171100900,"Wright, MN (CT)",1175,1623,2798,3082,4239,7321
27171101000,"Wright, MN (CT)",1090,1994,3084,2969,5255,8224
27171101100,"Wright, MN (CT)",1160,1779,2939,2946,4470,7416
27171101200,"Wright, MN (CT)",1672,0,1672,3931,0,3931
27171101300,"Wright, MN (CT)",722,1142,1864,2130,2834,4964
27173970100,"Yellow Medicine, MN (CT)",571,922,1493,1369,2002,3371
27173970200,"Yellow Medicine, MN (CT)",1216,0,1216,2520,0,2520
27173970300,"Yellow Medicine, MN (CT)",1183,0,1183,2517,0,2517
27173970400,"Yellow Medicine, MN (CT)",868,0,868,2030,0,2030
28001000100,"Adams, MS (CT)",2386,297,2683,7059,543,7602
28001000200,"Adams, MS (CT)",1003,880,1883,2071,2055,4126
28001000300,"Adams, MS (CT)",0,1182,1182,0,2087,2087
28001000400,"Adams, MS (CT)",0,1447,1447,0,3208,3208
28001000500,"Adams, MS (CT)",435,1199,1634,938,2669,3607
28001000600,"Adams, MS (CT)",0,1157,1157,0,2211,2211
28001000700,"Adams, MS (CT)",0,1121,1121,0,1783,1783
28001000800,"Adams, MS (CT)",913,672,1585,1928,1528,3456
28001000900,"Adams, MS (CT)",16,1948,1964,27,4190,4217
28003950100,"Alcorn, MS (CT)",2101,435,2536,4605,1001,5606
28003950200,"Alcorn, MS (CT)",535,2801,3336,1164,5747,6911
28003950300,"Alcorn, MS (CT)",777,1002,1779,1700,1943,3643
28003950400,"Alcorn, MS (CT)",2482,0,2482,5559,0,5559
28003950500,"Alcorn, MS (CT)",1269,1857,3126,2808,3778,6586
28003950600,"Alcorn, MS (CT)",1908,0,1908,4477,0,4477
28003950700,"Alcorn, MS (CT)",1910,0,1910,4275,0,4275
28005950100,"Amite, MS (CT)",2148,0,2148,4490,0,4490
28005950200,"Amite, MS (CT)",1967,0,1967,3632,0,3632
28005950300,"Amite, MS (CT)",2520,0,2520,5009,0,5009
28007060100,"Attala, MS (CT)",1583,0,1583,2985,0,2985
28007060200,"Attala, MS (CT)",1242,5,1247,2605,14,2619
28007060300,"Attala, MS (CT)",1601,4,1605,3412,9,3421
28007060400,"Attala, MS (CT)",1439,9,1448,2973,25,2998
28007060500,"Attala, MS (CT)",65,1679,1744,162,3693,3855
28007060600,"Attala, MS (CT)",205,1294,1499,444,3242,3686
28009950100,"Benton, MS (CT)",2995,0,2995,6062,0,6062
28009950200,"Benton, MS (CT)",1191,0,1191,2667,0,2667
28011950100,"Bolivar, MS (CT)",1654,0,1654,3805,0,3805
28011950200,"Bolivar, MS (CT)",1194,0,1194,3110,0,3110
28011950300,"Bolivar, MS (CT)",1371,0,1371,3168,0,3168
28011950400,"Bolivar, MS (CT)",1967,0,1967,4709,0,4709
28011950500,"Bolivar, MS (CT)",1294,842,2136,3150,2028,5178
28011950600,"Bolivar, MS (CT)",180,2658,2838,438,6194,6632
28011950701,"Bolivar, MS (CT)",18,1601,1619,43,4172,4215
28011950702,"Bolivar, MS (CT)",0,1291,1291,0,3328,3328
28013950100,"Calhoun, MS (CT)",1911,0,1911,4098,0,4098
28013950200,"Calhoun, MS (CT)",869,0,869,1724,0,1724
28013950300,"Calhoun, MS (CT)",1490,0,1490,3126,0,3126
28013950400,"Calhoun, MS (CT)",1366,0,1366,3250,0,3250
28013950500,"Calhoun, MS (CT)",1277,0,1277,2764,0,2764
28015950100,"Carroll, MS (CT)",2361,0,2361,4938,0,4938
28015950200,"Carroll, MS (CT)",2691,0,2691,5659,0,5659
28017950100,"Chickasaw, MS (CT)",1812,0,1812,4110,0,4110
28017950200,"Chickasaw, MS (CT)",1505,0,1505,3517,0,3517
28017950300,"Chickasaw, MS (CT)",693,1109,1802,1668,2557,4225
28017950400,"Chickasaw, MS (CT)",2395,0,2395,5540,0,5540
28019950100,"Choctaw, MS (CT)",1402,0,1402,2761,0,2761
28019950200,"Choctaw, MS (CT)",1992,0,1992,4201,0,4201
28019950300,"Choctaw, MS (CT)",756,0,756,1585,0,1585
28021950100,"Claiborne, MS (CT)",1661,0,1661,3330,0,3330
28021950200,"Claiborne, MS (CT)",702,0,702,1463,0,1463
28021950300,"Claiborne, MS (CT)",1860,0,1860,4811,0,4811
28023950100,"Clarke, MS (CT)",2143,0,2143,4359,0,4359
28023950200,"Clarke, MS (CT)",2760,0,2760,5969,0,5969
28023950300,"Clarke, MS (CT)",1649,0,1649,3547,0,3547
28023950400,"Clarke, MS (CT)",1324,0,1324,2857,0,2857
28025950100,"Clay, MS (CT)",1985,357,2342,4720,861,5581
28025950200,"Clay, MS (CT)",1176,0,1176,2537,0,2537
28025950300,"Clay, MS (CT)",0,1523,1523,0,3632,3632
28025950400,"Clay, MS (CT)",0,2029,2029,0,4624,4624
28025950500,"Clay, MS (CT)",2085,25,2110,4204,56,4260
28027950100,"Coahoma, MS (CT)",1809,0,1809,4084,0,4084
28027950200,"Coahoma, MS (CT)",802,242,1044,2004,668,2672
28027950300,"Coahoma, MS (CT)",827,529,1356,1992,1275,3267
28027950400,"Coahoma, MS (CT)",100,1543,1643,288,3808,4096
28027950500,"Coahoma, MS (CT)",0,2150,2150,0,5334,5334
28027950600,"Coahoma, MS (CT)",0,563,563,0,1201,1201
28027950700,"Coahoma, MS (CT)",0,2227,2227,0,5497,5497
28029950100,"Copiah, MS (CT)",332,1996,2328,897,5009,5906
28029950200,"Copiah, MS (CT)",2021,92,2113,4664,260,4924
28029950300,"Copiah, MS (CT)",1895,0,1895,4154,0,4154
28029950400,"Copiah, MS (CT)",224,1746,1970,528,4544,5072
28029950500,"Copiah, MS (CT)",2257,135,2392,5765,322,6087
28029950600,"Copiah, MS (CT)",1485,1,1486,3304,2,3306
28031950100,"Covington, MS (CT)",2154,0,2154,5087,0,5087
28031950200,"Covington, MS (CT)",923,0,923,2221,0,2221
28031950300,"Covington, MS (CT)",2143,0,2143,4701,0,4701
28031950400,"Covington, MS (CT)",3276,0,3276,7559,0,7559
28033070101,"DeSoto, MS (CT)",595,659,1254,1589,1530,3119
28033070102,"DeSoto, MS (CT)",395,1142,1537,1035,3189,4224
28033070210,"DeSoto, MS (CT)",0,2484,2484,0,6453,6453
28033070221,"DeSoto, MS (CT)",702,767,1469,1698,2165,3863
28033070222,"DeSoto, MS (CT)",459,1324,1783,1041,2807,3848
28033070310,"DeSoto, MS (CT)",0,1701,1701,0,3716,3716
28033070322,"DeSoto, MS (CT)",132,1277,1409,380,3342,3722
28033070323,"DeSoto, MS (CT)",0,1977,1977,0,5362,5362
28033070324,"DeSoto, MS (CT)",0,1684,1684,0,4834,4834
28033070325,"DeSoto, MS (CT)",0,1054,1054,0,2917,2917
28033070411,"DeSoto, MS (CT)",0,645,645,0,1539,1539
28033070412,"DeSoto, MS (CT)",0,1751,1751,0,4492,4492
28033070421,"DeSoto, MS (CT)",0,1085,1085,0,2750,2750
28033070422,"DeSoto, MS (CT)",0,976,976,0,2612,2612
28033070520,"DeSoto, MS (CT)",417,3119,3536,1124,8368,9492
28033070521,"DeSoto, MS (CT)",0,1401,1401,0,3847,3847
28033070522,"DeSoto, MS (CT)",0,1791,1791,0,4431,4431
28033070610,"DeSoto, MS (CT)",0,1331,1331,0,3001,3001
28033070620,"DeSoto, MS (CT)",64,2498,2562,183,6948,7131
28033070630,"DeSoto, MS (CT)",650,2977,3627,1807,8272,10079
28033070710,"DeSoto, MS (CT)",200,2129,2329,543,5791,6334
28033070721,"DeSoto, MS (CT)",177,1216,1393,490,3549,4039
28033070722,"DeSoto, MS (CT)",1345,273,1618,3730,867,4597
28033070811,"DeSoto, MS (CT)",0,2223,2223,0,5478,5478
28033070812,"DeSoto, MS (CT)",0,2250,2250,0,5109,5109
28033070821,"DeSoto, MS (CT)",0,1848,1848,0,4670,4670
28033070822,"DeSoto, MS (CT)",0,1825,1825,0,5014,5014
28033070830,"DeSoto, MS (CT)",1032,832,1864,2950,2555,5505
28033070900,"DeSoto, MS (CT)",1640,0,1640,4522,0,4522
28033071000,"DeSoto, MS (CT)",1482,2095,3577,3921,5084,9005
28033071110,"DeSoto, MS (CT)",358,2044,2402,921,5505,6426
28033071120,"DeSoto, MS (CT)",1468,804,2272,3831,2113,5944
28033071200,"DeSoto, MS (CT)",1336,0,1336,3177,0,3177
28035000200,"Forrest, MS (CT)",0,1378,1378,0,2544,2544
28035000300,"Forrest, MS (CT)",0,1454,1454,0,2994,2994
28035000500,"Forrest, MS (CT)",0,541,541,0,1438,1438
28035000600,"Forrest, MS (CT)",11,2875,2886,40,7612,7652
28035000700,"Forrest, MS (CT)",0,1756,1756,0,3212,3212
28035000800,"Forrest, MS (CT)",0,2461,2461,0,5513,5513
28035000900,"Forrest, MS (CT)",0,1039,1039,0,3325,3325
28035001000,"Forrest, MS (CT)",0,2409,2409,0,4344,4344
28035001100,"Forrest, MS (CT)",4,1787,1791,16,3555,3571
28035010101,"Forrest, MS (CT)",1463,681,2144,3740,1882,5622
28035010102,"Forrest, MS (CT)",1812,496,2308,4861,1292,6153
28035010200,"Forrest, MS (CT)",1484,1175,2659,3332,2847,6179
28035010300,"Forrest, MS (CT)",66,1412,1478,175,3335,3510
28035010400,"Forrest, MS (CT)",311,1492,1803,740,3458,4198
28035010500,"Forrest, MS (CT)",555,1142,1697,1300,2932,4232
28035010600,"Forrest, MS (CT)",3449,1,3450,8003,3,8006
28035010700,"Forrest, MS (CT)",0,1035,1035,0,2441,2441
28037950100,"Franklin, MS (CT)",2793,0,2793,5393,0,5393
28037950200,"Franklin, MS (CT)",1361,0,1361,2725,0,2725
28039950101,"George, MS (CT)",2242,78,2320,5620,163,5783
28039950102,"George, MS (CT)",1855,0,1855,4575,0,4575
28039950200,"George, MS (CT)",309,701,1010,684,2089,2773
28039950301,"George, MS (CT)",2727,204,2931,6066,384,6450
28039950302,"George, MS (CT)",1214,0,1214,2997,0,2997
28041950100,"Greene, MS (CT)",2343,0,2343,8092,0,8092
28041950200,"Greene, MS (CT)",2780,0,2780,6308,0,6308
28043950100,"Grenada, MS (CT)",2555,152,2707,5395,377,5772
28043950200,"Grenada, MS (CT)",2305,179,2484,5131,361,5492
28043950300,"Grenada, MS (CT)",163,1183,1346,422,2549,2971
28043950400,"Grenada, MS (CT)",0,1303,1303,0,2751,2751
28043950500,"Grenada, MS (CT)",242,2073,2315,477,4443,4920
28045030100,"Hancock, MS (CT)",0,2501,2501,0,4508,4508
28045030200,"Hancock, MS (CT)",446,2524,2970,834,4934,5768
28045030300,"Hancock, MS (CT)",791,4170,4961,1379,7936,9315
28045030400,"Hancock, MS (CT)",1189,0,1189,2313,0,2313
28045030500,"Hancock, MS (CT)",239,4069,4308,570,7855,8425
28045030601,"Hancock, MS (CT)",3010,0,3010,7143,0,7143
28045030602,"Hancock, MS (CT)",2901,0,2901,6457,0,6457
28045990000,"Hancock, MS (CT)",0,0,0,0,0,0
28047000100,"Harrison, MS (CT)",0,142,142,0,255,255
28047000300,"Harrison, MS (CT)",0,891,891,0,2054,2054
28047000600,"Harrison, MS (CT)",0,926,926,0,1429,1429
28047000900,"Harrison, MS (CT)",0,212,212,0,2927,2927
28047001201,"Harrison, MS (CT)",0,2159,2159,0,5150,5150
28047001202,"Harrison, MS (CT)",0,3259,3259,0,5929,5929
28047001300,"Harrison, MS (CT)",0,2391,2391,0,3056,3056
28047001400,"Harrison, MS (CT)",0,1422,1422,0,1691,1691
28047001501,"Harrison, MS (CT)",0,1667,1667,0,3527,3527
28047001502,"Harrison, MS (CT)",0,2271,2271,0,4573,4573
28047001600,"Harrison, MS (CT)",0,1593,1593,0,3619,3619
28047001700,"Harrison, MS (CT)",0,3032,3032,0,5523,5523
28047001800,"Harrison, MS (CT)",0,1399,1399,0,2808,2808
28047001900,"Harrison, MS (CT)",0,1420,1420,0,2811,2811
28047002000,"Harrison, MS (CT)",0,1809,1809,0,3200,3200
28047002300,"Harrison, MS (CT)",0,1050,1050,0,2153,2153
28047002400,"Harrison, MS (CT)",14,1767,1781,27,4020,4047
28047002500,"Harrison, MS (CT)",0,540,540,0,1812,1812
28047002600,"Harrison, MS (CT)",0,1595,1595,0,3792,3792
28047002700,"Harrison, MS (CT)",0,2625,2625,0,6017,6017
28047002800,"Harrison, MS (CT)",0,1593,1593,0,2773,2773
28047002900,"Harrison, MS (CT)",0,986,986,0,1329,1329
28047003000,"Harrison, MS (CT)",38,1621,1659,36,3219,3255
28047003101,"Harrison, MS (CT)",341,2603,2944,836,6469,7305
28047003102,"Harrison, MS (CT)",2056,694,2750,4722,1673,6395
28047003204,"Harrison, MS (CT)",0,1634,1634,0,3862,3862
28047003205,"Harrison, MS (CT)",0,2619,2619,0,5935,5935
28047003206,"Harrison, MS (CT)",582,2591,3173,1452,6331,7783
28047003207,"Harrison, MS (CT)",64,2270,2334,168,4900,5068
28047003208,"Harrison, MS (CT)",8,1328,1336,16,4043,4059
28047003301,"Harrison, MS (CT)",10,3882,3892,21,8397,8418
28047003303,"Harrison, MS (CT)",81,3099,3180,185,6122,6307
28047003304,"Harrison, MS (CT)",0,1779,1779,0,4233,4233
28047003402,"Harrison, MS (CT)",3311,955,4266,7680,2476,10156
28047003403,"Harrison, MS (CT)",690,145,835,1682,387,2069
28047003404,"Harrison, MS (CT)",2133,0,2133,5402,0,5402
28047003501,"Harrison, MS (CT)",3728,9,3737,9427,24,9451
28047003502,"Harrison, MS (CT)",2293,0,2293,5920,0,5920
28047003504,"Harrison, MS (CT)",1599,871,2470,3762,1917,5679
28047003505,"Harrison, MS (CT)",584,2083,2667,1407,5289,6696
28047003600,"Harrison, MS (CT)",1,645,646,1,1079,1080
28047003700,"Harrison, MS (CT)",0,1574,1574,0,3043,3043
28047003800,"Harrison, MS (CT)",0,733,733,0,1151,1151
28047003900,"Harrison, MS (CT)",0,1764,1764,0,3278,3278
28047980000,"Harrison, MS (CT)",0,0,0,0,85,85
28047990000,"Harrison, MS (CT)",0,0,0,0,0,0
28049000100,"Hinds, MS (CT)",0,2062,2062,0,4584,4584
28049000200,"Hinds, MS (CT)",0,2469,2469,0,5395,5395
28049000301,"Hinds, MS (CT)",0,1020,1020,0,2637,2637
28049000302,"Hinds, MS (CT)",0,2161,2161,0,4050,4050
28049000400,"Hinds, MS (CT)",0,1424,1424,0,3373,3373
28049000500,"Hinds, MS (CT)",0,2490,2490,0,6041,6041
28049000600,"Hinds, MS (CT)",0,1630,1630,0,3442,3442
28049000700,"Hinds, MS (CT)",0,2217,2217,0,5877,5877
28049000800,"Hinds, MS (CT)",0,1765,1765,0,4483,4483
28049000900,"Hinds, MS (CT)",0,960,960,0,2015,2015
28049001000,"Hinds, MS (CT)",0,777,777,0,1509,1509
28049001100,"Hinds, MS (CT)",0,939,939,0,1827,1827
28049001200,"Hinds, MS (CT)",0,931,931,0,1823,1823
28049001300,"Hinds, MS (CT)",0,2244,2244,0,4143,4143
28049001400,"Hinds, MS (CT)",23,1380,1403,70,3006,3076
28049001500,"Hinds, MS (CT)",0,1631,1631,0,3264,3264
28049001600,"Hinds, MS (CT)",0,1992,1992,0,3886,3886
28049001900,"Hinds, MS (CT)",0,913,913,0,1950,1950
28049002000,"Hinds, MS (CT)",0,619,619,0,1047,1047
28049002100,"Hinds, MS (CT)",0,1711,1711,0,3257,3257
28049002200,"Hinds, MS (CT)",0,1108,1108,0,2450,2450
28049002300,"Hinds, MS (CT)",0,1122,1122,0,2518,2518
28049002400,"Hinds, MS (CT)",0,1990,1990,0,4565,4565
28049002500,"Hinds, MS (CT)",0,1244,1244,0,2388,2388
28049002700,"Hinds, MS (CT)",0,534,534,0,1377,1377
28049003000,"Hinds, MS (CT)",0,920,920,0,2104,2104
28049003200,"Hinds, MS (CT)",0,806,806,0,1586,1586
28049003300,"Hinds, MS (CT)",0,2645,2645,0,6508,6508
28049003400,"Hinds, MS (CT)",0,1431,1431,0,3832,3832
28049003500,"Hinds, MS (CT)",0,1580,1580,0,3931,3931
28049003600,"Hinds, MS (CT)",0,1393,1393,0,3952,3952
28049003700,"Hinds, MS (CT)",0,1259,1259,0,2926,2926
28049003800,"Hinds, MS (CT)",0,1303,1303,0,3019,3019
28049010101,"Hinds, MS (CT)",49,3252,3301,108,6013,6121
28049010102,"Hinds, MS (CT)",0,2438,2438,0,5673,5673
28049010201,"Hinds, MS (CT)",0,1442,1442,0,3250,3250
28049010202,"Hinds, MS (CT)",0,2502,2502,0,6137,6137
28049010203,"Hinds, MS (CT)",79,1011,1090,187,2730,2917
28049010301,"Hinds, MS (CT)",18,1176,1194,40,3244,3284
28049010304,"Hinds, MS (CT)",328,2190,2518,933,5216,6149
28049010305,"Hinds, MS (CT)",0,1411,1411,0,3339,3339
28049010400,"Hinds, MS (CT)",12,1720,1732,42,3827,3869
28049010500,"Hinds, MS (CT)",2790,271,3061,7155,657,7812
28049010600,"Hinds, MS (CT)",2082,0,2082,4906,0,4906
28049010700,"Hinds, MS (CT)",1622,693,2315,4049,3178,7227
28049010801,"Hinds, MS (CT)",0,698,698,0,1604,1604
28049010804,"Hinds, MS (CT)",0,781,781,0,1739,1739
28049010805,"Hinds, MS (CT)",0,1497,1497,0,3979,3979
28049010806,"Hinds, MS (CT)",687,703,1390,1668,1768,3436
28049010807,"Hinds, MS (CT)",985,418,1403,2523,1149,3672
28049010808,"Hinds, MS (CT)",115,1676,1791,258,4472,4730
28049010809,"Hinds, MS (CT)",223,889,1112,605,2402,3007
28049010901,"Hinds, MS (CT)",0,1153,1153,0,2797,2797
28049010902,"Hinds, MS (CT)",0,745,745,0,1819,1819
28049011001,"Hinds, MS (CT)",0,2341,2341,0,5718,5718
28049011002,"Hinds, MS (CT)",0,1494,1494,0,4390,4390
28049011101,"Hinds, MS (CT)",0,1040,1040,0,2827,2827
28049011102,"Hinds, MS (CT)",47,3928,3975,115,9751,9866
28049011103,"Hinds, MS (CT)",205,2121,2326,496,5356,5852
28049011201,"Hinds, MS (CT)",1161,0,1161,2889,0,2889
28049011202,"Hinds, MS (CT)",2869,491,3360,7228,1161,8389
28049011300,"Hinds, MS (CT)",1837,0,1837,4199,0,4199
28049011400,"Hinds, MS (CT)",0,661,661,0,1272,1272
28049011500,"Hinds, MS (CT)",0,877,877,0,3581,3581
28051950100,"Holmes, MS (CT)",960,1112,2072,1871,2525,4396
28051950200,"Holmes, MS (CT)",1869,0,1869,4040,0,4040
28051950300,"Holmes, MS (CT)",1160,0,1160,2908,0,2908
28051950400,"Holmes, MS (CT)",1185,0,1185,2239,0,2239
28051950500,"Holmes, MS (CT)",2129,0,2129,5615,0,5615
28053950100,"Humphreys, MS (CT)",799,284,1083,1806,830,2636
28053950200,"Humphreys, MS (CT)",1105,92,1197,2356,218,2574
28053950300,"Humphreys, MS (CT)",180,1395,1575,511,3654,4165
28055950100,"Issaquena, MS (CT)",560,0,560,1406,0,1406
28057950100,"Itawamba, MS (CT)",2151,103,2254,4719,218,4937
28057950200,"Itawamba, MS (CT)",2719,0,2719,6216,0,6216
28057950300,"Itawamba, MS (CT)",346,961,1307,803,2562,3365
28057950400,"Itawamba, MS (CT)",2094,133,2227,4573,437,5010
28057950500,"Itawamba, MS (CT)",1619,0,1619,3873,0,3873
28059040101,"Jackson, MS (CT)",2838,33,2871,7078,80,7158
28059040102,"Jackson, MS (CT)",2843,0,2843,7569,0,7569
28059040201,"Jackson, MS (CT)",3402,0,3402,8613,0,8613
28059040203,"Jackson, MS (CT)",1789,99,1888,4799,303,5102
28059040204,"Jackson, MS (CT)",904,1684,2588,2322,4280,6602
28059040300,"Jackson, MS (CT)",0,3523,3523,0,7730,7730
28059040400,"Jackson, MS (CT)",274,2984,3258,641,6608,7249
28059040500,"Jackson, MS (CT)",0,2041,2041,0,3619,3619
28059040600,"Jackson, MS (CT)",0,2372,2372,0,5505,5505
28059040700,"Jackson, MS (CT)",172,3558,3730,443,8656,9099
28059040800,"Jackson, MS (CT)",742,1952,2694,1580,4406,5986
28059040900,"Jackson, MS (CT)",319,4214,4533,732,10508,11240
28059041000,"Jackson, MS (CT)",276,2233,2509,629,4893,5522
28059041100,"Jackson, MS (CT)",57,2729,2786,115,6585,6700
28059041300,"Jackson, MS (CT)",1139,1751,2890,2685,3819,6504
28059041400,"Jackson, MS (CT)",0,1399,1399,0,2997,2997
28059041500,"Jackson, MS (CT)",0,663,663,0,1318,1318
28059041600,"Jackson, MS (CT)",0,1128,1128,0,2557,2557
28059041700,"Jackson, MS (CT)",0,935,935,0,2319,2319
28059041800,"Jackson, MS (CT)",0,1237,1237,0,2750,2750
28059041900,"Jackson, MS (CT)",0,1176,1176,0,2421,2421
28059042000,"Jackson, MS (CT)",0,2140,2140,0,4808,4808
28059042100,"Jackson, MS (CT)",0,1580,1580,0,3213,3213
28059042200,"Jackson, MS (CT)",0,2104,2104,0,5125,5125
28059042500,"Jackson, MS (CT)",0,1085,1085,0,2217,2217
28059042600,"Jackson, MS (CT)",0,1118,1118,0,2596,2596
28059042700,"Jackson, MS (CT)",415,91,506,847,169,1016
28059042900,"Jackson, MS (CT)",0,1068,1068,21,2112,2133
28059990000,"Jackson, MS (CT)",0,0,0,0,0,0
28061950100,"Jasper, MS (CT)",2576,0,2576,4562,0,4562
28061950200,"Jasper, MS (CT)",984,0,984,2088,0,2088
28061950300,"Jasper, MS (CT)",2257,0,2257,5131,0,5131
28061950400,"Jasper, MS (CT)",2395,0,2395,5281,0,5281
28063950100,"Jefferson, MS (CT)",3148,0,3148,6162,0,6162
28063950200,"Jefferson, MS (CT)",525,0,525,1564,0,1564
28065950100,"Jefferson Davis, MS (CT)",2644,0,2644,5601,0,5601
28065950201,"Jefferson Davis, MS (CT)",1480,0,1480,3393,0,3393
28065950202,"Jefferson Davis, MS (CT)",1752,0,1752,3493,0,3493
28067950100,"Jones, MS (CT)",2390,419,2809,5547,1134,6681
28067950200,"Jones, MS (CT)",2208,156,2364,5130,310,5440
28067950301,"Jones, MS (CT)",1931,110,2041,4567,230,4797
28067950302,"Jones, MS (CT)",1546,2,1548,3550,0,3550
28067950401,"Jones, MS (CT)",283,1270,1553,682,2863,3545
28067950402,"Jones, MS (CT)",82,2251,2333,167,5322,5489
28067950500,"Jones, MS (CT)",125,1757,1882,262,4109,4371
28067950600,"Jones, MS (CT)",195,2540,2735,451,6905,7356
28067950700,"Jones, MS (CT)",653,1015,1668,1452,1997,3449
28067950800,"Jones, MS (CT)",2321,0,2321,5376,0,5376
28067950900,"Jones, MS (CT)",3258,0,3258,7677,0,7677
28067951000,"Jones, MS (CT)",217,1069,1286,610,3168,3778
28067951100,"Jones, MS (CT)",2624,0,2624,6155,93,6248
28067980000,"Jones, MS (CT)",2,0,2,4,0,4
28069030100,"Kemper, MS (CT)",2273,0,2273,5415,0,5415
28069030200,"Kemper, MS (CT)",2449,0,2449,5041,0,5041
28071950100,"Lafayette, MS (CT)",1791,217,2008,3848,577,4425
28071950201,"Lafayette, MS (CT)",225,1413,1638,520,2422,2942
28071950202,"Lafayette, MS (CT)",66,2967,3033,104,4691,4795
28071950301,"Lafayette, MS (CT)",0,966,966,0,5801,5801
28071950302,"Lafayette, MS (CT)",168,2140,2308,303,3601,3904
28071950401,"Lafayette, MS (CT)",1612,1455,3067,3586,3013,6599
28071950402,"Lafayette, MS (CT)",2095,0,2095,3876,0,3876
28071950501,"Lafayette, MS (CT)",2241,735,2976,4989,1615,6604
28071950502,"Lafayette, MS (CT)",1045,0,1045,2253,0,2253
28071950503,"Lafayette, MS (CT)",972,2621,3593,2104,4048,6152
28073020100,"Lamar, MS (CT)",3040,31,3071,7547,88,7635
28073020201,"Lamar, MS (CT)",1118,1453,2571,2900,3653,6553
28073020202,"Lamar, MS (CT)",132,3140,3272,353,7648,8001
28073020301,"Lamar, MS (CT)",370,3165,3535,854,6996,7850
28073020302,"Lamar, MS (CT)",104,4694,4798,180,9028,9208
28073020400,"Lamar, MS (CT)",2631,0,2631,6488,0,6488
28073020500,"Lamar, MS (CT)",2555,76,2631,6152,218,6370
28073020600,"Lamar, MS (CT)",1561,0,1561,3553,0,3553
28075000200,"Lauderdale, MS (CT)",0,1551,1551,0,3210,3210
28075000300,"Lauderdale, MS (CT)",0,1112,1112,0,2405,2405
28075000400,"Lauderdale, MS (CT)",0,2471,2471,0,5223,5223
28075000600,"Lauderdale, MS (CT)",0,993,993,0,2101,2101
28075000700,"Lauderdale, MS (CT)",1,1679,1680,3,4128,4131
28075000800,"Lauderdale, MS (CT)",0,808,808,0,2218,2218
28075000900,"Lauderdale, MS (CT)",2,2094,2096,6,5111,5117
28075001000,"Lauderdale, MS (CT)",105,1835,1940,227,3661,3888
28075001101,"Lauderdale, MS (CT)",0,1828,1828,0,3715,3715
28075001102,"Lauderdale, MS (CT)",20,1967,1987,37,4325,4362
28075010201,"Lauderdale, MS (CT)",2460,315,2775,5354,750,6104
28075010202,"Lauderdale, MS (CT)",1919,1124,3043,5296,2465,7761
28075010301,"Lauderdale, MS (CT)",2229,0,2229,5382,0,5382
28075010302,"Lauderdale, MS (CT)",2630,77,2707,6454,168,6622
28075010400,"Lauderdale, MS (CT)",796,0,796,3028,0,3028
28075010500,"Lauderdale, MS (CT)",2356,180,2536,5428,409,5837
28075010600,"Lauderdale, MS (CT)",3341,62,3403,7515,115,7630
28075010700,"Lauderdale, MS (CT)",0,715,715,0,1464,1464
28075980000,"Lauderdale, MS (CT)",0,28,28,0,63,63
28077960100,"Lawrence, MS (CT)",2001,0,2001,4249,0,4249
28077960200,"Lawrence, MS (CT)",2143,0,2143,4551,0,4551
28077960300,"Lawrence, MS (CT)",1875,0,1875,4129,0,4129
28079040100,"Leake, MS (CT)",1500,0,1500,3297,0,3297
28079040400,"Leake, MS (CT)",2766,0,2766,7943,0,7943
28079040500,"Leake, MS (CT)",1448,0,1448,3201,0,3201
28079040600,"Leake, MS (CT)",615,1518,2133,1512,4478,5990
28079040700,"Leake, MS (CT)",1568,0,1568,3374,0,3374
28081950101,"Lee, MS (CT)",1733,171,1904,4283,413,4696
28081950102,"Lee, MS (CT)",1580,0,1580,3696,0,3696
28081950201,"Lee, MS (CT)",1647,1547,3194,3746,3589,7335
28081950202,"Lee, MS (CT)",1899,488,2387,4455,1158,5613
28081950301,"Lee, MS (CT)",1677,146,1823,4270,355,4625
28081950302,"Lee, MS (CT)",1127,382,1509,2613,905,3518
28081950401,"Lee, MS (CT)",762,878,1640,1619,2369,3988
28081950402,"Lee, MS (CT)",1111,1732,2843,2608,4090,6698
28081950500,"Lee, MS (CT)",68,2436,2504,152,5381,5533
28081950601,"Lee, MS (CT)",0,1743,1743,0,3831,3831
28081950602,"Lee, MS (CT)",0,1984,1984,0,3912,3912
28081950700,"Lee, MS (CT)",94,1553,1647,231,3464,3695
28081950800,"Lee, MS (CT)",0,1597,1597,0,3335,3335
28081950901,"Lee, MS (CT)",0,1256,1256,0,3149,3149
28081950902,"Lee, MS (CT)",0,2164,2164,0,5025,5025
28081951001,"Lee, MS (CT)",1468,195,1663,3408,442,3850
28081951002,"Lee, MS (CT)",160,1504,1664,368,3526,3894
28081951100,"Lee, MS (CT)",2591,179,2770,6163,354,6517
28081980000,"Lee, MS (CT)",0,0,0,0,0,0
28083950100,"Leflore, MS (CT)",488,0,488,1113,0,1113
28083950200,"Leflore, MS (CT)",518,868,1386,913,2117,3030
28083950300,"Leflore, MS (CT)",892,1299,2191,1569,4223,5792
28083950400,"Leflore, MS (CT)",899,1077,1976,2114,3976,6090
28083950600,"Leflore, MS (CT)",2,2485,2487,5,5233,5238
28083950700,"Leflore, MS (CT)",0,932,932,0,2048,2048
28083950800,"Leflore, MS (CT)",0,1879,1879,0,4425,4425
28083950900,"Leflore, MS (CT)",0,1860,1860,0,4581,4581
28085950100,"Lincoln, MS (CT)",1599,202,1801,3548,545,4093
28085950200,"Lincoln, MS (CT)",2621,0,2621,6201,0,6201
28085950300,"Lincoln, MS (CT)",3021,40,3061,6847,100,6947
28085950400,"Lincoln, MS (CT)",2877,0,2877,6616,0,6616
28085950500,"Lincoln, MS (CT)",92,1951,2043,205,4848,5053
28085950600,"Lincoln, MS (CT)",348,2504,2852,817,5142,5959
28087000101,"Lowndes, MS (CT)",2406,0,2406,5807,0,5807
28087000102,"Lowndes, MS (CT)",765,412,1177,1723,734,2457
28087000200,"Lowndes, MS (CT)",2,862,864,6,1373,1379
28087000300,"Lowndes, MS (CT)",1259,2209,3468,2837,4919,7756
28087000401,"Lowndes, MS (CT)",2304,940,3244,5521,2224,7745
28087000403,"Lowndes, MS (CT)",1270,589,1859,2906,1411,4317
28087000404,"Lowndes, MS (CT)",847,737,1584,2109,1953,4062
28087000500,"Lowndes, MS (CT)",0,1680,1680,0,3945,3945
28087000600,"Lowndes, MS (CT)",0,1485,1485,0,3641,3641
28087000700,"Lowndes, MS (CT)",26,2156,2182,46,5140,5186
28087000800,"Lowndes, MS (CT)",0,1540,1540,0,3516,3516
28087000900,"Lowndes, MS (CT)",113,2980,3093,175,5458,5633
28087001000,"Lowndes, MS (CT)",1145,0,1145,2351,0,2351
28087001100,"Lowndes, MS (CT)",829,0,829,1984,0,1984
28089030101,"Madison, MS (CT)",0,2888,2888,0,7285,7285
28089030104,"Madison, MS (CT)",0,1231,1231,0,2590,2590
28089030105,"Madison, MS (CT)",3,1333,1336,140,3562,3702
28089030106,"Madison, MS (CT)",0,2821,2821,0,5070,5070
28089030107,"Madison, MS (CT)",0,1572,1572,0,2721,2721
28089030108,"Madison, MS (CT)",0,2582,2582,0,4930,4930
28089030201,"Madison, MS (CT)",621,2213,2834,1700,5967,7667
28089030202,"Madison, MS (CT)",0,1749,1749,0,4745,4745
28089030203,"Madison, MS (CT)",1,1227,1228,1,2941,2942
28089030204,"Madison, MS (CT)",375,1036,1411,1027,2826,3853
28089030205,"Madison, MS (CT)",293,543,836,692,1497,2189
28089030206,"Madison, MS (CT)",124,642,766,335,1645,1980
28089030301,"Madison, MS (CT)",300,1529,1829,838,4537,5375
28089030302,"Madison, MS (CT)",2524,0,2524,6304,0,6304
28089030400,"Madison, MS (CT)",2699,1995,4694,6758,5237,11995
28089030500,"Madison, MS (CT)",110,2457,2567,320,7137,7457
28089030600,"Madison, MS (CT)",70,1100,1170,172,3267,3439
28089030700,"Madison, MS (CT)",2,352,354,5,844,849
28089030800,"Madison, MS (CT)",207,719,926,474,1763,2237
28089030900,"Madison, MS (CT)",2430,0,2430,5898,0,5898
28089031000,"Madison, MS (CT)",810,0,810,1975,0,1975
28091950100,"Marion, MS (CT)",2713,0,2713,6076,0,6076
28091950200,"Marion, MS (CT)",1509,134,1643,3356,302,3658
28091950300,"Marion, MS (CT)",173,1264,1437,403,3007,3410
28091950400,"Marion, MS (CT)",130,1693,1823,239,3953,4192
28091950500,"Marion, MS (CT)",2128,14,2142,4742,30,4772
28091950600,"Marion, MS (CT)",2079,1,2080,4978,2,4980
28093950100,"Marshall, MS (CT)",2783,0,2783,6699,0,6699
28093950200,"Marshall, MS (CT)",3462,0,3462,8400,0,8400
28093950300,"Marshall, MS (CT)",2924,0,2924,7138,0,7138
28093950401,"Marshall, MS (CT)",487,784,1271,1144,1757,2901
28093950402,"Marshall, MS (CT)",216,1302,1518,599,4403,5002
28093950500,"Marshall, MS (CT)",2923,0,2923,7004,0,7004
28095950100,"Monroe, MS (CT)",2558,0,2558,5835,0,5835
28095950200,"Monroe, MS (CT)",3178,8,3186,7342,24,7366
28095950300,"Monroe, MS (CT)",235,1446,1681,520,2933,3453
28095950400,"Monroe, MS (CT)",74,1569,1643,158,3593,3751
28095950501,"Monroe, MS (CT)",1429,0,1429,3287,0,3287
28095950502,"Monroe, MS (CT)",1892,5,1897,4221,16,4237
28095950600,"Monroe, MS (CT)",1543,0,1543,3301,0,3301
28095950700,"Monroe, MS (CT)",275,815,1090,665,1789,2454
28095950800,"Monroe, MS (CT)",193,1235,1428,428,2877,3305
28097950100,"Montgomery, MS (CT)",1378,0,1378,2773,0,2773
28097950200,"Montgomery, MS (CT)",1381,0,1381,2677,0,2677
28097950300,"Montgomery, MS (CT)",484,1951,2435,1087,4388,5475
28099010100,"Neshoba, MS (CT)",2252,244,2496,5476,555,6031
28099010200,"Neshoba, MS (CT)",1302,0,1302,2878,0,2878
28099010400,"Neshoba, MS (CT)",114,1595,1709,213,3611,3824
28099010500,"Neshoba, MS (CT)",36,1302,1338,83,2830,2913
28099010600,"Neshoba, MS (CT)",2231,8,2239,5195,18,5213
28099010700,"Neshoba, MS (CT)",2028,146,2174,4575,357,4932
28099940100,"Neshoba, MS (CT)",1013,86,1099,3497,388,3885
28101050100,"Newton, MS (CT)",1547,0,1547,3281,0,3281
28101050200,"Newton, MS (CT)",1595,0,1595,3519,0,3519
28101050300,"Newton, MS (CT)",2393,8,2401,6280,29,6309
28101050400,"Newton, MS (CT)",2162,5,2167,4899,8,4907
28101050500,"Newton, MS (CT)",448,1215,1663,931,2773,3704
28103950100,"Noxubee, MS (CT)",2117,205,2322,4945,501,5446
28103950200,"Noxubee, MS (CT)",1831,0,1831,3586,0,3586
28103950300,"Noxubee, MS (CT)",12,1005,1017,16,2497,2513
28105950100,"Oktibbeha, MS (CT)",2003,1226,3229,4353,3258,7611
28105950200,"Oktibbeha, MS (CT)",2250,1038,3288,4735,2289,7024
28105950300,"Oktibbeha, MS (CT)",50,1338,1388,175,3317,3492
28105950400,"Oktibbeha, MS (CT)",99,2926,3025,240,7106,7346
28105950500,"Oktibbeha, MS (CT)",0,2095,2095,0,4012,4012
28105950601,"Oktibbeha, MS (CT)",92,1448,1540,209,4543,4752
28105950602,"Oktibbeha, MS (CT)",192,2749,2941,397,5217,5614
28105950700,"Oktibbeha, MS (CT)",3243,198,3441,7255,565,7820
28107950100,"Panola, MS (CT)",3138,0,3138,7446,0,7446
28107950200,"Panola, MS (CT)",1103,0,1103,2687,0,2687
28107950300,"Panola, MS (CT)",2595,0,2595,5574,0,5574
28107950400,"Panola, MS (CT)",2310,0,2310,5192,0,5192
28107950500,"Panola, MS (CT)",2330,238,2568,6017,753,6770
28107950600,"Panola, MS (CT)",194,2789,2983,482,6556,7038
28109950100,"Pearl River, MS (CT)",2586,0,2586,5668,0,5668
28109950200,"Pearl River, MS (CT)",2645,0,2645,5946,0,5946
28109950300,"Pearl River, MS (CT)",1239,0,1239,3373,0,3373
28109950401,"Pearl River, MS (CT)",3082,143,3225,7096,360,7456
28109950402,"Pearl River, MS (CT)",1915,639,2554,4726,1578,6304
28109950501,"Pearl River, MS (CT)",2944,78,3022,7286,171,7457
28109950502,"Pearl River, MS (CT)",1755,1516,3271,4199,3363,7562
28109950600,"Pearl River, MS (CT)",16,1993,2009,63,4289,4352
28109950700,"Pearl River, MS (CT)",348,3069,3417,685,7031,7716
28111950101,"Perry, MS (CT)",2008,0,2008,4701,0,4701
28111950102,"Perry, MS (CT)",1657,0,1657,3877,0,3877
28111950200,"Perry, MS (CT)",1854,0,1854,3672,0,3672
28113950101,"Pike, MS (CT)",1938,194,2132,4459,518,4977
28113950102,"Pike, MS (CT)",1752,3,1755,4155,11,4166
28113950200,"Pike, MS (CT)",998,999,1997,2431,2447,4878
28113950300,"Pike, MS (CT)",6,2233,2239,8,5438,5446
28113950400,"Pike, MS (CT)",78,1536,1614,135,2844,2979
28113950500,"Pike, MS (CT)",717,2264,2981,1594,5130,6724
28113950600,"Pike, MS (CT)",3177,0,3177,7014,0,7014
28113950700,"Pike, MS (CT)",1966,0,1966,4220,0,4220
28115950101,"Pontotoc, MS (CT)",1753,0,1753,4139,0,4139
28115950102,"Pontotoc, MS (CT)",2221,66,2287,5484,241,5725
28115950200,"Pontotoc, MS (CT)",1897,15,1912,4603,34,4637
28115950300,"Pontotoc, MS (CT)",489,1861,2350,1158,4434,5592
28115950400,"Pontotoc, MS (CT)",2104,15,2119,5036,44,5080
28115950500,"Pontotoc, MS (CT)",1996,23,2019,4730,54,4784
28117950100,"Prentiss, MS (CT)",2516,2,2518,5810,6,5816
28117950200,"Prentiss, MS (CT)",2658,68,2726,6220,173,6393
28117950300,"Prentiss, MS (CT)",267,2495,2762,609,5871,6480
28117950400,"Prentiss, MS (CT)",2149,0,2149,4625,0,4625
28117950500,"Prentiss, MS (CT)",899,0,899,1962,0,1962
28119950100,"Quitman, MS (CT)",1012,0,1012,2278,0,2278
28119950200,"Quitman, MS (CT)",115,686,801,223,1588,1811
28119950300,"Quitman, MS (CT)",999,777,1776,2186,1948,4134
28121020101,"Rankin, MS (CT)",1931,0,1931,4772,0,4772
28121020102,"Rankin, MS (CT)",3361,798,4159,9023,2034,11057
28121020206,"Rankin, MS (CT)",652,2888,3540,1738,6665,8403
28121020207,"Rankin, MS (CT)",196,2683,2879,489,5851,6340
28121020208,"Rankin, MS (CT)",80,2686,2766,205,6392,6597
28121020209,"Rankin, MS (CT)",0,2097,2097,0,4345,4345
28121020210,"Rankin, MS (CT)",876,831,1707,2356,2166,4522
28121020211,"Rankin, MS (CT)",0,3320,3320,0,7670,7670
28121020212,"Rankin, MS (CT)",0,858,858,0,2420,2420
28121020213,"Rankin, MS (CT)",0,626,626,0,1410,1410
28121020301,"Rankin, MS (CT)",0,1264,1264,0,3073,3073
28121020302,"Rankin, MS (CT)",807,2768,3575,1559,5906,7465
28121020401,"Rankin, MS (CT)",161,1542,1703,388,3962,4350
28121020402,"Rankin, MS (CT)",967,1531,2498,2477,3526,6003
28121020500,"Rankin, MS (CT)",33,3,36,76,4515,4591
28121020600,"Rankin, MS (CT)",310,3110,3420,831,7913,8744
28121020701,"Rankin, MS (CT)",0,507,507,0,1165,1165
28121020703,"Rankin, MS (CT)",0,829,829,0,1941,1941
28121020704,"Rankin, MS (CT)",0,2367,2367,0,5870,5870
28121020801,"Rankin, MS (CT)",9,828,837,27,2174,2201
28121020802,"Rankin, MS (CT)",866,3877,4743,2130,9360,11490
28121020803,"Rankin, MS (CT)",879,0,879,2052,0,2052
28121020900,"Rankin, MS (CT)",2749,16,2765,6899,45,6944
28121021001,"Rankin, MS (CT)",1092,1376,2468,2737,3310,6047
28121021002,"Rankin, MS (CT)",1970,689,2659,5116,1872,6988
28121021003,"Rankin, MS (CT)",2023,0,2023,5073,0,5073
28121980000,"Rankin, MS (CT)",27,4,31,70,14,84
28123020100,"Scott, MS (CT)",2524,284,2808,6159,671,6830
28123020200,"Scott, MS (CT)",1984,0,1984,4664,0,4664
28123020300,"Scott, MS (CT)",2158,126,2284,4959,339,5298
28123020400,"Scott, MS (CT)",206,957,1163,545,2640,3185
28123020500,"Scott, MS (CT)",248,1518,1766,598,4210,4808
28123020600,"Scott, MS (CT)",1461,4,1465,3473,6,3479
28125950100,"Sharkey, MS (CT)",1298,0,1298,2897,0,2897
28125950200,"Sharkey, MS (CT)",802,0,802,2019,0,2019
28127950100,"Simpson, MS (CT)",2240,0,2240,5116,0,5116
28127950200,"Simpson, MS (CT)",1560,0,1560,3581,0,3581
28127950300,"Simpson, MS (CT)",2753,0,2753,6181,0,6181
28127950400,"Simpson, MS (CT)",3413,15,3428,7723,36,7759
28127950500,"Simpson, MS (CT)",333,1620,1953,732,4134,4866
28129950100,"Smith, MS (CT)",2352,0,2352,5381,0,5381
28129950200,"Smith, MS (CT)",2666,0,2666,6086,0,6086
28129950300,"Smith, MS (CT)",2219,0,2219,5024,0,5024
28131020100,"Stone, MS (CT)",366,1092,1458,868,2961,3829
28131020201,"Stone, MS (CT)",2952,137,3089,6820,384,7204
28131020202,"Stone, MS (CT)",2448,166,2614,6330,423,6753
28133950100,"Sunflower, MS (CT)",1551,0,1551,7472,0,7472
28133950200,"Sunflower, MS (CT)",686,1073,1759,1604,2998,4602
28133950300,"Sunflower, MS (CT)",825,150,975,2110,383,2493
28133950401,"Sunflower, MS (CT)",95,1281,1376,203,3067,3270
28133950402,"Sunflower, MS (CT)",15,2109,2124,35,6008,6043
28133950500,"Sunflower, MS (CT)",176,747,923,432,2567,2999
28133950600,"Sunflower, MS (CT)",698,279,977,1621,950,2571
28135950100,"Tallahatchie, MS (CT)",1869,41,1910,4203,131,4334
28135950200,"Tallahatchie, MS (CT)",0,1158,1158,0,2799,2799
28135950300,"Tallahatchie, MS (CT)",1249,0,1249,5459,0,5459
28135950400,"Tallahatchie, MS (CT)",1213,0,1213,2786,0,2786
28137950100,"Tate, MS (CT)",2220,0,2220,5636,0,5636
28137950200,"Tate, MS (CT)",2532,155,2687,6232,437,6669
28137950301,"Tate, MS (CT)",1841,0,1841,4648,0,4648
28137950302,"Tate, MS (CT)",1834,312,2146,5075,994,6069
28137950400,"Tate, MS (CT)",344,1709,2053,764,5100,5864
28139950100,"Tippah, MS (CT)",2247,0,2247,5052,0,5052
28139950200,"Tippah, MS (CT)",2623,251,2874,5987,627,6614
28139950300,"Tippah, MS (CT)",137,1128,1265,322,2431,2753
28139950400,"Tippah, MS (CT)",3106,204,3310,7279,534,7813
28141950100,"Tishomingo, MS (CT)",2436,0,2436,3252,0,3252
28141950200,"Tishomingo, MS (CT)",1360,0,1360,2555,0,2555
28141950300,"Tishomingo, MS (CT)",2939,0,2939,6237,0,6237
28141950400,"Tishomingo, MS (CT)",3560,0,3560,7549,0,7549
28143950100,"Tunica, MS (CT)",2740,0,2740,6044,0,6044
28143950200,"Tunica, MS (CT)",692,1371,2063,1072,3662,4734
28143980000,"Tunica, MS (CT)",0,0,0,0,0,0
28145950100,"Union, MS (CT)",1895,4,1899,4434,14,4448
28145950200,"Union, MS (CT)",2115,67,2182,4866,214,5080
28145950300,"Union, MS (CT)",633,1191,1824,1545,3019,4564
28145950400,"Union, MS (CT)",247,1533,1780,619,3385,4004
28145950500,"Union, MS (CT)",2311,0,2311,5428,0,5428
28145950600,"Union, MS (CT)",1524,0,1524,3610,0,3610
28147950100,"Walthall, MS (CT)",3204,0,3204,7063,0,7063
28147950200,"Walthall, MS (CT)",785,0,785,1700,0,1700
28147950300,"Walthall, MS (CT)",3143,0,3143,6680,0,6680
28149950100,"Warren, MS (CT)",2254,636,2890,3960,1498,5458
28149950200,"Warren, MS (CT)",211,1648,1859,449,3772,4221
28149950300,"Warren, MS (CT)",0,1297,1297,0,2623,2623
28149950400,"Warren, MS (CT)",0,1555,1555,0,2935,2935
28149950500,"Warren, MS (CT)",4,1010,1014,10,2348,2358
28149950600,"Warren, MS (CT)",421,2010,2431,1002,4312,5314
28149950700,"Warren, MS (CT)",0,1212,1212,0,2545,2545
28149950800,"Warren, MS (CT)",464,1305,1769,1099,2998,4097
28149950901,"Warren, MS (CT)",946,1156,2102,2370,2840,5210
28149950902,"Warren, MS (CT)",1454,191,1645,3477,516,3993
28149951101,"Warren, MS (CT)",2056,144,2200,5015,257,5272
28149951102,"Warren, MS (CT)",1070,852,1922,2563,2184,4747
28151000100,"Washington, MS (CT)",760,0,760,1648,0,1648
28151000200,"Washington, MS (CT)",550,291,841,1272,706,1978
28151000300,"Washington, MS (CT)",60,1239,1299,227,3356,3583
28151000400,"Washington, MS (CT)",0,1357,1357,0,2919,2919
28151000600,"Washington, MS (CT)",0,1376,1376,0,2986,2986
28151000701,"Washington, MS (CT)",0,1568,1568,0,3732,3732
28151000702,"Washington, MS (CT)",57,1681,1738,121,3748,3869
28151000800,"Washington, MS (CT)",377,1063,1440,885,2508,3393
28151000900,"Washington, MS (CT)",0,1221,1221,0,3081,3081
28151001000,"Washington, MS (CT)",0,605,605,0,1248,1248
28151001100,"Washington, MS (CT)",0,821,821,0,1792,1792
28151001200,"Washington, MS (CT)",0,1101,1101,0,2518,2518
28151001300,"Washington, MS (CT)",0,1035,1035,0,2410,2410
28151001400,"Washington, MS (CT)",103,1463,1566,225,4021,4246
28151001500,"Washington, MS (CT)",1838,1,1839,4315,4,4319
28151001600,"Washington, MS (CT)",53,838,891,108,1909,2017
28151001700,"Washington, MS (CT)",7,1132,1139,20,2626,2646
28151002000,"Washington, MS (CT)",61,503,564,127,1260,1387
28151002100,"Washington, MS (CT)",6,541,547,13,1352,1365
28153950100,"Wayne, MS (CT)",2328,68,2396,5311,127,5438
28153950200,"Wayne, MS (CT)",382,1873,2255,812,4097,4909
28153950300,"Wayne, MS (CT)",2294,0,2294,5185,0,5185
28153950400,"Wayne, MS (CT)",2268,0,2268,5215,0,5215
28155950100,"Webster, MS (CT)",2048,0,2048,4543,0,4543
28155950200,"Webster, MS (CT)",1919,0,1919,3894,0,3894
28155950300,"Webster, MS (CT)",837,0,837,1816,0,1816
28157950100,"Wilkinson, MS (CT)",2056,0,2056,4146,0,4146
28157950200,"Wilkinson, MS (CT)",2981,0,2981,5732,0,5732
28159950100,"Winston, MS (CT)",1512,0,1512,3341,0,3341
28159950200,"Winston, MS (CT)",1926,2,1928,3867,3,3870
28159950300,"Winston, MS (CT)",425,1244,1669,977,2952,3929
28159950400,"Winston, MS (CT)",946,743,1689,2102,1669,3771
28159950500,"Winston, MS (CT)",1947,0,1947,4287,0,4287
28161950100,"Yalobusha, MS (CT)",1815,0,1815,3589,0,3589
28161950200,"Yalobusha, MS (CT)",725,1196,1921,1570,2622,4192
28161950300,"Yalobusha, MS (CT)",2608,0,2608,4897,0,4897
28163950100,"Yazoo, MS (CT)",1758,65,1823,4101,3740,7841
28163950200,"Yazoo, MS (CT)",175,1225,1400,385,2823,3208
28163950300,"Yazoo, MS (CT)",45,1676,1721,102,4510,4612
28163950400,"Yazoo, MS (CT)",889,0,889,1833,0,1833
28163950500,"Yazoo, MS (CT)",62,1589,1651,90,4473,4563
28163950600,"Yazoo, MS (CT)",2590,0,2590,6008,0,6008
29001950100,"Adair, MO (CT)",1679,0,1679,3802,0,3802
29001950200,"Adair, MO (CT)",1613,0,1613,3019,0,3019
29001950300,"Adair, MO (CT)",92,1523,1615,199,2752,2951
29001950400,"Adair, MO (CT)",486,1369,1855,1051,2841,3892
29001950500,"Adair, MO (CT)",676,2634,3310,1622,5457,7079
29001950900,"Adair, MO (CT)",0,1116,1116,0,2277,2277
29001951000,"Adair, MO (CT)",0,75,75,0,2587,2587
29003010100,"Andrew, MO (CT)",1554,643,2197,3882,1557,5439
29003010200,"Andrew, MO (CT)",604,2223,2827,1600,5138,6738
29003010300,"Andrew, MO (CT)",940,0,940,2063,0,2063
29003010400,"Andrew, MO (CT)",1342,0,1342,3051,0,3051
29005950100,"Atchison, MO (CT)",1715,0,1715,3215,0,3215
29005950200,"Atchison, MO (CT)",1270,0,1270,2470,0,2470
29007950100,"Audrain, MO (CT)",225,1166,1391,524,3656,4180
29007950200,"Audrain, MO (CT)",2298,20,2318,4884,33,4917
29007950300,"Audrain, MO (CT)",1217,39,1256,3517,92,3609
29007950400,"Audrain, MO (CT)",176,1053,1229,383,2559,2942
29007950500,"Audrain, MO (CT)",200,1402,1602,410,3172,3582
29007950600,"Audrain, MO (CT)",193,1163,1356,399,2500,2899
29007950700,"Audrain, MO (CT)",226,1474,1700,400,3000,3400
29009960100,"Barry, MO (CT)",3551,0,3551,6127,0,6127
29009960200,"Barry, MO (CT)",2747,5,2752,6405,13,6418
29009960300,"Barry, MO (CT)",389,2389,2778,980,5420,6400
29009960401,"Barry, MO (CT)",1924,0,1924,4190,0,4190
29009960402,"Barry, MO (CT)",1202,338,1540,2888,753,3641
29009960500,"Barry, MO (CT)",1205,1421,2626,2723,3331,6054
29009960600,"Barry, MO (CT)",2352,0,2352,2767,0,2767
29011960100,"Barton, MO (CT)",1391,0,1391,2986,0,2986
29011960200,"Barton, MO (CT)",1766,0,1766,4104,0,4104
29011960300,"Barton, MO (CT)",366,2077,2443,842,4470,5312
29013070100,"Bates, MO (CT)",2286,0,2286,5248,0,5248
29013070200,"Bates, MO (CT)",1971,0,1971,4411,0,4411
29013070300,"Bates, MO (CT)",298,1884,2182,645,3875,4520
29013070400,"Bates, MO (CT)",1403,0,1403,2870,0,2870
29015460100,"Benton, MO (CT)",1512,0,1512,3211,0,3211
29015460200,"Benton, MO (CT)",1128,0,1128,2466,0,2466
29015460300,"Benton, MO (CT)",1488,1093,2581,2249,2129,4378
29015460400,"Benton, MO (CT)",2373,0,2373,2269,0,2269
29015460700,"Benton, MO (CT)",3098,174,3272,2558,263,2821
29015460800,"Benton, MO (CT)",3121,163,3284,3738,173,3911
29017950100,"Bollinger, MO (CT)",2163,0,2163,4691,0,4691
29017950200,"Bollinger, MO (CT)",2086,0,2086,4609,0,4609
29017950300,"Bollinger, MO (CT)",1629,0,1629,3063,0,3063
29019000200,"Boone, MO (CT)",0,858,858,0,1730,1730
29019000300,"Boone, MO (CT)",0,1184,1184,0,3010,3010
29019000500,"Boone, MO (CT)",0,1167,1167,0,2794,2794
29019000600,"Boone, MO (CT)",0,2130,2130,0,4602,4602
29019000700,"Boone, MO (CT)",0,1898,1898,0,3542,3542
29019000900,"Boone, MO (CT)",0,847,847,0,1511,1511
29019001001,"Boone, MO (CT)",0,2265,2265,0,4656,4656
29019001002,"Boone, MO (CT)",264,2587,2851,527,5423,5950
29019001101,"Boone, MO (CT)",150,3657,3807,337,8291,8628
29019001103,"Boone, MO (CT)",0,3331,3331,0,6714,6714
29019001104,"Boone, MO (CT)",207,3978,4185,563,10066,10629
29019001201,"Boone, MO (CT)",0,2382,2382,0,5820,5820
29019001202,"Boone, MO (CT)",0,2183,2183,0,5223,5223
29019001300,"Boone, MO (CT)",0,2290,2290,0,3836,3836
29019001400,"Boone, MO (CT)",318,4462,4780,686,10747,11433
29019001502,"Boone, MO (CT)",78,3084,3162,209,6147,6356
29019001503,"Boone, MO (CT)",137,1416,1553,313,3710,4023
29019001504,"Boone, MO (CT)",0,3939,3939,0,9106,9106
29019001601,"Boone, MO (CT)",489,3311,3800,1184,6868,8052
29019001602,"Boone, MO (CT)",939,493,1432,2183,1089,3272
29019001701,"Boone, MO (CT)",1443,1466,2909,3382,3527,6909
29019001702,"Boone, MO (CT)",1493,299,1792,3553,753,4306
29019001803,"Boone, MO (CT)",1484,326,1810,3590,632,4222
29019001805,"Boone, MO (CT)",650,2733,3383,1511,7509,9020
29019001901,"Boone, MO (CT)",1675,108,1783,4029,241,4270
29019001902,"Boone, MO (CT)",3079,339,3418,7394,855,8249
29019002000,"Boone, MO (CT)",442,1669,2111,1093,3813,4906
29019002100,"Boone, MO (CT)",0,1647,1647,0,3120,3120
29019002200,"Boone, MO (CT)",0,654,654,0,6753,6753
29021000100,"Buchanan, MO (CT)",80,2286,2366,200,5197,5397
29021000200,"Buchanan, MO (CT)",0,1853,1853,0,4415,4415
29021000300,"Buchanan, MO (CT)",360,1081,1441,785,2512,3297
29021000400,"Buchanan, MO (CT)",0,769,769,0,1785,1785
29021000500,"Buchanan, MO (CT)",0,1257,1257,0,2947,2947
29021000600,"Buchanan, MO (CT)",0,1430,1430,0,5432,5432
29021000701,"Buchanan, MO (CT)",1,1625,1626,2,4425,4427
29021000702,"Buchanan, MO (CT)",0,2227,2227,0,4495,4495
29021000900,"Buchanan, MO (CT)",0,2182,2182,0,4725,4725
29021001000,"Buchanan, MO (CT)",0,1360,1360,0,2932,2932
29021001100,"Buchanan, MO (CT)",0,1421,1421,0,2660,2660
29021001200,"Buchanan, MO (CT)",0,1072,1072,0,2065,2065
29021001500,"Buchanan, MO (CT)",0,2290,2290,0,5371,5371
29021001600,"Buchanan, MO (CT)",0,1248,1248,0,2640,2640
29021001700,"Buchanan, MO (CT)",83,1765,1848,200,4141,4341
29021001800,"Buchanan, MO (CT)",0,1629,1629,0,3506,3506
29021002100,"Buchanan, MO (CT)",0,1023,1023,0,2471,2471
29021002200,"Buchanan, MO (CT)",137,605,742,343,1576,1919
29021002300,"Buchanan, MO (CT)",0,971,971,0,2344,2344
29021002400,"Buchanan, MO (CT)",0,886,886,0,1988,1988
29021002500,"Buchanan, MO (CT)",0,1021,1021,0,2305,2305
29021002700,"Buchanan, MO (CT)",1235,214,1449,2909,418,3327
29021002800,"Buchanan, MO (CT)",1912,50,1962,4689,165,4854
29021002900,"Buchanan, MO (CT)",1254,219,1473,2800,450,3250
29021003000,"Buchanan, MO (CT)",0,2881,2881,0,6308,6308
29023950100,"Butler, MO (CT)",2626,65,2691,5283,114,5397
29023950201,"Butler, MO (CT)",1439,603,2042,3496,1561,5057
29023950202,"Butler, MO (CT)",2141,224,2365,4713,539,5252
29023950300,"Butler, MO (CT)",57,3188,3245,118,6928,7046
29023950400,"Butler, MO (CT)",0,1616,1616,0,3323,3323
29023950500,"Butler, MO (CT)",210,1138,1348,455,2143,2598
29023950600,"Butler, MO (CT)",1976,0,1976,4287,0,4287
29023950700,"Butler, MO (CT)",0,1308,1308,0,2917,2917
29023950800,"Butler, MO (CT)",208,1261,1469,492,2547,3039
29023950900,"Butler, MO (CT)",1504,167,1671,3487,391,3878
29025950100,"Caldwell, MO (CT)",1446,0,1446,2939,0,2939
29025950200,"Caldwell, MO (CT)",3159,0,3159,6485,0,6485
29027070100,"Callaway, MO (CT)",2323,2,2325,5101,7,5108
29027070200,"Callaway, MO (CT)",1915,74,1989,3489,144,3633
29027070300,"Callaway, MO (CT)",289,2267,2556,646,6638,7284
29027070400,"Callaway, MO (CT)",424,1916,2340,861,5194,6055
29027070500,"Callaway, MO (CT)",1969,77,2046,4785,214,4999
29027070600,"Callaway, MO (CT)",2647,0,2647,6426,0,6426
29027070700,"Callaway, MO (CT)",1724,895,2619,4236,2058,6294
29027070800,"Callaway, MO (CT)",763,1237,2000,1954,2579,4533
29029950100,"Camden, MO (CT)",282,6360,6642,209,4451,4660
29029950200,"Camden, MO (CT)",4374,3652,8026,2855,3257,6112
29029950300,"Camden, MO (CT)",2681,0,2681,2625,0,2625
29029950400,"Camden, MO (CT)",2352,295,2647,2844,725,3569
29029950500,"Camden, MO (CT)",431,1336,1767,842,2884,3726
29029950600,"Camden, MO (CT)",2529,0,2529,4179,0,4179
29029950700,"Camden, MO (CT)",4506,0,4506,3677,0,3677
29029950800,"Camden, MO (CT)",3692,15,3707,6794,23,6817
29029950900,"Camden, MO (CT)",1494,0,1494,3242,0,3242
29029951100,"Camden, MO (CT)",4110,0,4110,2913,0,2913
29029951200,"Camden, MO (CT)",3074,0,3074,2482,0,2482
29031880100,"Cape Girardeau, MO (CT)",2490,0,2490,5738,0,5738
29031880200,"Cape Girardeau, MO (CT)",1509,0,1509,3822,0,3822
29031880300,"Cape Girardeau, MO (CT)",1971,0,1971,4387,0,4387
29031880400,"Cape Girardeau, MO (CT)",741,2198,2939,1818,5090,6908
29031880500,"Cape Girardeau, MO (CT)",220,3544,3764,607,8433,9040
29031880600,"Cape Girardeau, MO (CT)",1797,745,2542,4628,1719,6347
29031880700,"Cape Girardeau, MO (CT)",19,1926,1945,43,4319,4362
29031880800,"Cape Girardeau, MO (CT)",0,1032,1032,0,4620,4620
29031880900,"Cape Girardeau, MO (CT)",0,1228,1228,0,2618,2618
29031881000,"Cape Girardeau, MO (CT)",0,1149,1149,0,1932,1932
29031881100,"Cape Girardeau, MO (CT)",0,1583,1583,0,3255,3255
29031881200,"Cape Girardeau, MO (CT)",99,2701,2800,271,6090,6361
29031881300,"Cape Girardeau, MO (CT)",0,2983,2983,0,6511,6511
29031881400,"Cape Girardeau, MO (CT)",15,1235,1250,32,2490,2522
29031881500,"Cape Girardeau, MO (CT)",707,1340,2047,1737,2746,4483
29031881600,"Cape Girardeau, MO (CT)",0,1384,1384,0,2768,2768
29033960100,"Carroll, MO (CT)",1267,0,1267,2530,0,2530
29033960200,"Carroll, MO (CT)",1335,0,1335,2645,0,2645
29033960300,"Carroll, MO (CT)",369,1659,2028,824,3296,4120
29035960100,"Carter, MO (CT)",1768,0,1768,3728,0,3728
29035960200,"Carter, MO (CT)",1479,0,1479,2537,0,2537
29037060001,"Cass, MO (CT)",435,1279,1714,967,3221,4188
29037060003,"Cass, MO (CT)",0,1365,1365,0,3354,3354
29037060004,"Cass, MO (CT)",0,2246,2246,0,5799,5799
29037060100,"Cass, MO (CT)",1,634,635,2,1701,1703
29037060202,"Cass, MO (CT)",304,1622,1926,777,3934,4711
29037060301,"Cass, MO (CT)",115,3591,3706,369,8778,9147
29037060302,"Cass, MO (CT)",532,2439,2971,1368,6274,7642
29037060305,"Cass, MO (CT)",98,1494,1592,222,4194,4416
29037060400,"Cass, MO (CT)",631,1159,1790,1605,2837,4442
29037060500,"Cass, MO (CT)",1045,93,1138,2683,284,2967
29037060600,"Cass, MO (CT)",85,3056,3141,207,7765,7972
29037060700,"Cass, MO (CT)",1550,0,1550,3745,0,3745
29037060800,"Cass, MO (CT)",1859,494,2353,4761,1185,5946
29037060904,"Cass, MO (CT)",171,1183,1354,306,2863,3169
29037061001,"Cass, MO (CT)",1755,30,1785,4499,92,4591
29037061002,"Cass, MO (CT)",715,1803,2518,1893,4530,6423
29037061100,"Cass, MO (CT)",1816,0,1816,4133,0,4133
29037061200,"Cass, MO (CT)",1629,0,1629,3983,0,3983
29037061300,"Cass, MO (CT)",382,2256,2638,713,5124,5837
29037061400,"Cass, MO (CT)",0,2163,2163,0,5310,5310
29039870100,"Cedar, MO (CT)",2797,0,2797,5661,0,5661
29039870200,"Cedar, MO (CT)",709,1852,2561,1548,3454,5002
29039870300,"Cedar, MO (CT)",1866,0,1866,3319,0,3319
29041470100,"Chariton, MO (CT)",1404,0,1404,2372,0,2372
29041470200,"Chariton, MO (CT)",1375,0,1375,2534,0,2534
29041470300,"Chariton, MO (CT)",1388,0,1388,2925,0,2925
29043020101,"Christian, MO (CT)",1305,0,1305,3045,0,3045
29043020102,"Christian, MO (CT)",2047,0,2047,5170,0,5170
29043020201,"Christian, MO (CT)",1066,612,1678,2871,1518,4389
29043020202,"Christian, MO (CT)",318,2297,2615,839,5116,5955
29043020203,"Christian, MO (CT)",158,2523,2681,360,6202,6562
29043020204,"Christian, MO (CT)",172,1491,1663,446,3739,4185
29043020205,"Christian, MO (CT)",447,2039,2486,1029,5167,6196
29043020302,"Christian, MO (CT)",306,1996,2302,798,4974,5772
29043020303,"Christian, MO (CT)",968,1008,1976,2476,2598,5074
29043020304,"Christian, MO (CT)",151,1108,1259,361,2677,3038
29043020305,"Christian, MO (CT)",208,2374,2582,455,5556,6011
29043020306,"Christian, MO (CT)",875,2108,2983,2177,5193,7370
29043020400,"Christian, MO (CT)",3110,0,3110,7628,0,7628
29043020500,"Christian, MO (CT)",2889,0,2889,7027,0,7027
29045950100,"Clark, MO (CT)",1025,0,1025,2030,0,2030
29045950200,"Clark, MO (CT)",1072,0,1072,2169,0,2169
29045950300,"Clark, MO (CT)",1376,0,1376,2940,0,2940
29047020201,"Clay, MO (CT)",0,2488,2488,0,5004,5004
29047020202,"Clay, MO (CT)",0,1790,1790,0,3685,3685
29047020300,"Clay, MO (CT)",0,2834,2834,0,5927,5927
29047020400,"Clay, MO (CT)",0,1234,1234,0,2465,2465
29047020500,"Clay, MO (CT)",0,2635,2635,0,5911,5911
29047020602,"Clay, MO (CT)",0,1928,1928,0,4098,4098
29047020603,"Clay, MO (CT)",0,1442,1442,0,3492,3492
29047020604,"Clay, MO (CT)",0,2073,2073,0,4706,4706
29047020801,"Clay, MO (CT)",0,2900,2900,0,6287,6287
29047020901,"Clay, MO (CT)",0,2489,2489,0,5658,5658
29047020902,"Clay, MO (CT)",0,980,980,0,2369,2369
29047021001,"Clay, MO (CT)",0,1825,1825,0,3562,3562
29047021003,"Clay, MO (CT)",0,1815,1815,0,3846,3846
29047021004,"Clay, MO (CT)",0,1408,1408,0,3080,3080
29047021101,"Clay, MO (CT)",0,2209,2209,0,4552,4552
29047021102,"Clay, MO (CT)",0,3181,3181,0,6461,6461
29047021103,"Clay, MO (CT)",0,1590,1590,0,3641,3641
29047021204,"Clay, MO (CT)",0,2310,2310,0,5092,5092
29047021205,"Clay, MO (CT)",30,2764,2794,65,6446,6511
29047021206,"Clay, MO (CT)",0,2870,2870,0,7118,7118
29047021207,"Clay, MO (CT)",0,1222,1222,0,2714,2714
29047021208,"Clay, MO (CT)",0,2840,2840,0,6134,6134
29047021303,"Clay, MO (CT)",314,827,1141,922,2150,3072
29047021305,"Clay, MO (CT)",51,2598,2649,127,7320,7447
29047021306,"Clay, MO (CT)",3,2876,2879,6,6983,6989
29047021307,"Clay, MO (CT)",0,2426,2426,0,5890,5890
29047021309,"Clay, MO (CT)",45,1318,1363,135,3860,3995
29047021310,"Clay, MO (CT)",74,2307,2381,188,6418,6606
29047021401,"Clay, MO (CT)",66,1380,1446,212,4597,4809
29047021403,"Clay, MO (CT)",0,1461,1461,0,3022,3022
29047021404,"Clay, MO (CT)",0,1856,1856,0,4272,4272
29047021600,"Clay, MO (CT)",1283,1744,3027,3038,5216,8254
29047021701,"Clay, MO (CT)",316,1809,2125,757,4546,5303
29047021702,"Clay, MO (CT)",310,2611,2921,726,5720,6446
29047021803,"Clay, MO (CT)",270,2263,2533,753,6377,7130
29047021804,"Clay, MO (CT)",2416,2,2418,6658,5,6663
29047021805,"Clay, MO (CT)",708,2162,2870,1955,6124,8079
29047021806,"Clay, MO (CT)",914,697,1611,2349,1375,3724
29047021900,"Clay, MO (CT)",909,1278,2187,2438,3553,5991
29047022000,"Clay, MO (CT)",413,1562,1975,926,3819,4745
29047022100,"Clay, MO (CT)",0,2744,2744,0,4283,4283
29047022200,"Clay, MO (CT)",68,1490,1558,164,3894,4058
29047022301,"Clay, MO (CT)",126,1179,1305,175,2839,3014
29047022302,"Clay, MO (CT)",89,2096,2185,191,5643,5834
29049960100,"Clinton, MO (CT)",123,2119,2242,317,4935,5252
29049960200,"Clinton, MO (CT)",2896,0,2896,6686,0,6686
29049960300,"Clinton, MO (CT)",1912,0,1912,4348,0,4348
29049960400,"Clinton, MO (CT)",1826,0,1826,4457,0,4457
29051010300,"Cole, MO (CT)",0,2280,2280,0,4927,4927
29051010400,"Cole, MO (CT)",524,2497,3021,1322,5574,6896
29051010500,"Cole, MO (CT)",0,2142,2142,0,4824,4824
29051010600,"Cole, MO (CT)",0,1995,1995,0,3731,3731
29051010701,"Cole, MO (CT)",301,2109,2410,702,4642,5344
29051010702,"Cole, MO (CT)",4,2052,2056,8,4779,4787
29051010800,"Cole, MO (CT)",534,3240,3774,1322,7531,8853
29051010900,"Cole, MO (CT)",51,3027,3078,141,6094,6235
29051020198,"Cole, MO (CT)",1487,51,1538,3695,3629,7324
29051020200,"Cole, MO (CT)",1517,0,1517,4158,0,4158
29051020300,"Cole, MO (CT)",1478,68,1546,3383,155,3538
29051020400,"Cole, MO (CT)",841,1706,2547,2026,4301,6327
29051020500,"Cole, MO (CT)",1202,0,1202,2786,0,2786
29051020600,"Cole, MO (CT)",1121,582,1703,2551,1470,4021
29051020700,"Cole, MO (CT)",0,1515,1515,0,2239,2239
29053950100,"Cooper, MO (CT)",1451,0,1451,3303,0,3303
29053950200,"Cooper, MO (CT)",93,793,886,208,2962,3170
29053950300,"Cooper, MO (CT)",320,1468,1788,739,3113,3852
29053950400,"Cooper, MO (CT)",86,995,1081,219,2162,2381
29053950500,"Cooper, MO (CT)",2257,0,2257,4895,0,4895
29055450101,"Crawford, MO (CT)",970,0,970,2061,0,2061
29055450102,"Crawford, MO (CT)",1268,1445,2713,2868,3319,6187
29055450200,"Crawford, MO (CT)",2220,0,2220,4215,0,4215
29055450301,"Crawford, MO (CT)",1485,0,1485,2414,0,2414
29055450302,"Crawford, MO (CT)",604,1518,2122,1321,3273,4594
29055450400,"Crawford, MO (CT)",2445,0,2445,5225,0,5225
29057480100,"Dade, MO (CT)",2404,0,2404,4736,0,4736
29057480200,"Dade, MO (CT)",1561,0,1561,3147,0,3147
29059480100,"Dallas, MO (CT)",2247,0,2247,4724,0,4724
29059480200,"Dallas, MO (CT)",1017,1481,2498,2167,3031,5198
29059480300,"Dallas, MO (CT)",2917,0,2917,6855,0,6855
29061470100,"Daviess, MO (CT)",1867,0,1867,3443,0,3443
29061470200,"Daviess, MO (CT)",2332,0,2332,4990,0,4990
29063080100,"DeKalb, MO (CT)",1777,731,2508,4053,4847,8900
29063080200,"DeKalb, MO (CT)",1821,0,1821,3992,0,3992
29065960100,"Dent, MO (CT)",2124,95,2219,4811,213,5024
29065960200,"Dent, MO (CT)",2449,12,2461,5128,25,5153
29065960300,"Dent, MO (CT)",0,1179,1179,0,2387,2387
29065960400,"Dent, MO (CT)",327,1099,1426,797,2296,3093
29067950100,"Douglas, MO (CT)",1835,0,1835,3721,0,3721
29067950200,"Douglas, MO (CT)",2561,0,2561,5580,0,5580
29067950500,"Douglas, MO (CT)",699,1424,2123,1526,2857,4383
29069360100,"Dunklin, MO (CT)",142,1180,1322,265,2434,2699
29069360200,"Dunklin, MO (CT)",239,968,1207,541,2156,2697
29069360300,"Dunklin, MO (CT)",1973,0,1973,4382,0,4382
29069360400,"Dunklin, MO (CT)",1859,60,1919,4238,158,4396
29069360500,"Dunklin, MO (CT)",41,1349,1390,124,2887,3011
29069360600,"Dunklin, MO (CT)",113,1988,2101,262,4436,4698
29069360700,"Dunklin, MO (CT)",16,1518,1534,33,3578,3611
29069360800,"Dunklin, MO (CT)",1026,0,1026,2384,0,2384
29069360900,"Dunklin, MO (CT)",842,74,916,1777,182,1959
29069361000,"Dunklin, MO (CT)",1031,0,1031,2116,0,2116
29071800100,"Franklin, MO (CT)",2444,997,3441,5940,2644,8584
29071800201,"Franklin, MO (CT)",18,2479,2497,28,5145,5173
29071800202,"Franklin, MO (CT)",866,1344,2210,2292,3272,5564
29071800300,"Franklin, MO (CT)",630,2630,3260,1577,5899,7476
29071800401,"Franklin, MO (CT)",2154,0,2154,5084,0,5084
29071800402,"Franklin, MO (CT)",3028,0,3028,6905,0,6905
29071800500,"Franklin, MO (CT)",3195,0,3195,7201,0,7201
29071800601,"Franklin, MO (CT)",493,2301,2794,1389,5514,6903
29071800602,"Franklin, MO (CT)",2057,1315,3372,5258,3144,8402
29071800701,"Franklin, MO (CT)",635,2539,3174,1543,5765,7308
29071800702,"Franklin, MO (CT)",469,853,1322,1168,1915,3083
29071800800,"Franklin, MO (CT)",3202,0,3202,7649,0,7649
29071800901,"Franklin, MO (CT)",1024,348,1372,2341,781,3122
29071800902,"Franklin, MO (CT)",678,2305,2983,1537,5190,6727
29071801000,"Franklin, MO (CT)",1690,0,1690,3758,0,3758
29071801101,"Franklin, MO (CT)",335,1743,2078,752,3715,4467
29071801102,"Franklin, MO (CT)",794,853,1647,2006,2080,4086
29073960100,"Gasconade, MO (CT)",1429,0,1429,2715,0,2715
29073960200,"Gasconade, MO (CT)",1298,0,1298,1926,0,1926
29073960300,"Gasconade, MO (CT)",1775,0,1775,2887,0,2887
29073960400,"Gasconade, MO (CT)",339,1255,1594,680,2522,3202
29073960500,"Gasconade, MO (CT)",1992,117,2109,4102,390,4492
29075960100,"Gentry, MO (CT)",1575,0,1575,2992,0,2992
29075960200,"Gentry, MO (CT)",1634,0,1634,3746,0,3746
29077000100,"Greene, MO (CT)",0,919,919,0,1649,1649
29077000200,"Greene, MO (CT)",0,867,867,0,4580,4580
29077000300,"Greene, MO (CT)",0,1652,1652,0,3209,3209
29077000400,"Greene, MO (CT)",0,2181,2181,0,4362,4362
29077000501,"Greene, MO (CT)",0,1077,1077,0,2217,2217
29077000502,"Greene, MO (CT)",0,2066,2066,0,3273,3273
29077000600,"Greene, MO (CT)",0,1270,1270,0,2991,2991
29077000700,"Greene, MO (CT)",0,1442,1442,0,3946,3946
29077000800,"Greene, MO (CT)",0,1200,1200,0,3494,3494
29077000900,"Greene, MO (CT)",0,2486,2486,0,4684,4684
29077001000,"Greene, MO (CT)",0,1144,1144,0,2182,2182
29077001100,"Greene, MO (CT)",0,1783,1783,0,3448,3448
29077001200,"Greene, MO (CT)",0,1906,1906,0,3717,3717
29077001301,"Greene, MO (CT)",0,1062,1062,0,2061,2061
29077001302,"Greene, MO (CT)",0,1463,1463,0,2032,2032
29077001400,"Greene, MO (CT)",0,2716,2716,0,4421,4421
29077001500,"Greene, MO (CT)",0,2312,2312,0,5029,5029
29077001700,"Greene, MO (CT)",0,1554,1554,0,3195,3195
29077001800,"Greene, MO (CT)",0,1617,1617,0,3407,3407
29077001900,"Greene, MO (CT)",0,1415,1415,0,2977,2977
29077002200,"Greene, MO (CT)",0,2175,2175,0,4261,4261
29077002300,"Greene, MO (CT)",0,2790,2790,0,5341,5341
29077002402,"Greene, MO (CT)",0,1908,1908,0,3978,3978
29077002502,"Greene, MO (CT)",0,2749,2749,0,5104,5104
29077002600,"Greene, MO (CT)",0,2306,2306,0,4804,4804
29077002700,"Greene, MO (CT)",0,1574,1574,0,2452,2452
29077002800,"Greene, MO (CT)",0,827,827,0,1699,1699
29077002900,"Greene, MO (CT)",0,1959,1959,0,4080,4080
29077003002,"Greene, MO (CT)",0,2605,2605,0,5057,5057
29077003100,"Greene, MO (CT)",0,1271,1271,0,2904,2904
29077003200,"Greene, MO (CT)",0,1823,1823,0,4044,4044
29077003300,"Greene, MO (CT)",0,1774,1774,0,3897,3897
29077003600,"Greene, MO (CT)",0,1305,1305,0,2728,2728
29077003700,"Greene, MO (CT)",536,2680,3216,1246,6094,7340
29077003800,"Greene, MO (CT)",723,2180,2903,1780,5488,7268
29077003900,"Greene, MO (CT)",0,1271,1271,0,2709,2709
29077004001,"Greene, MO (CT)",0,2853,2853,0,5125,5125
29077004002,"Greene, MO (CT)",0,1583,1583,0,3583,3583
29077004003,"Greene, MO (CT)",36,1891,1927,83,4628,4711
29077004101,"Greene, MO (CT)",104,3177,3281,239,8093,8332
29077004102,"Greene, MO (CT)",22,2957,2979,48,7036,7084
29077004103,"Greene, MO (CT)",0,2700,2700,0,6685,6685
29077004201,"Greene, MO (CT)",0,2091,2091,0,4651,4651
29077004202,"Greene, MO (CT)",11,2679,2690,16,6140,6156
29077004301,"Greene, MO (CT)",108,3007,3115,194,7165,7359
29077004302,"Greene, MO (CT)",359,1149,1508,838,2627,3465
29077004400,"Greene, MO (CT)",53,2989,3042,143,6670,6813
29077004500,"Greene, MO (CT)",203,1170,1373,437,2355,2792
29077004600,"Greene, MO (CT)",2057,876,2933,4870,2254,7124
29077004700,"Greene, MO (CT)",2160,51,2211,4928,141,5069
29077004801,"Greene, MO (CT)",945,1819,2764,2315,4064,6379
29077004802,"Greene, MO (CT)",0,2943,2943,0,7470,7470
29077004803,"Greene, MO (CT)",225,1820,2045,546,4395,4941
29077004900,"Greene, MO (CT)",2171,268,2439,5265,708,5973
29077005001,"Greene, MO (CT)",1584,0,1584,3564,0,3564
29077005002,"Greene, MO (CT)",1024,1549,2573,2580,4157,6737
29077005100,"Greene, MO (CT)",1124,299,1423,2704,636,3340
29077005200,"Greene, MO (CT)",2791,0,2791,6722,0,6722
29077005500,"Greene, MO (CT)",0,1947,1947,0,4458,4458
29077005600,"Greene, MO (CT)",0,1694,1694,0,3299,3299
29077005700,"Greene, MO (CT)",0,2055,2055,0,3488,3488
29077005800,"Greene, MO (CT)",0,2255,2255,0,5314,5314
29079960100,"Grundy, MO (CT)",988,2,990,2120,4,2124
29079960200,"Grundy, MO (CT)",1047,0,1047,2086,0,2086
29079960300,"Grundy, MO (CT)",71,1136,1207,156,2355,2511
29079960400,"Grundy, MO (CT)",133,1646,1779,303,3237,3540
29081950100,"Harrison, MO (CT)",1777,0,1777,3483,0,3483
29081950200,"Harrison, MO (CT)",1070,26,1096,2310,45,2355
29081950300,"Harrison, MO (CT)",228,1306,1534,512,2607,3119
29083950100,"Henry, MO (CT)",190,1206,1396,480,2497,2977
29083950200,"Henry, MO (CT)",1761,0,1761,3809,0,3809
29083950300,"Henry, MO (CT)",1470,31,1501,3197,89,3286
29083950400,"Henry, MO (CT)",1700,0,1700,3027,0,3027
29083950500,"Henry, MO (CT)",99,1878,1977,201,3794,3995
29083950600,"Henry, MO (CT)",128,2423,2551,321,4857,5178
29085470100,"Hickory, MO (CT)",1683,0,1683,3094,0,3094
29085470300,"Hickory, MO (CT)",1928,0,1928,2577,0,2577
29085470500,"Hickory, MO (CT)",3224,0,3224,3956,0,3956
29087960100,"Holt, MO (CT)",727,0,727,1432,0,1432
29087960200,"Holt, MO (CT)",1203,0,1203,1735,0,1735
29087960300,"Holt, MO (CT)",876,0,876,1745,0,1745
29089960100,"Howard, MO (CT)",1416,0,1416,2950,0,2950
29089960200,"Howard, MO (CT)",1113,496,1609,2484,992,3476
29089960300,"Howard, MO (CT)",485,1072,1557,1064,2654,3718
29091090100,"Howell, MO (CT)",2437,0,2437,5377,0,5377
29091090200,"Howell, MO (CT)",1917,0,1917,4174,0,4174
29091090300,"Howell, MO (CT)",2055,0,2055,4680,0,4680
29091090400,"Howell, MO (CT)",2092,0,2092,4849,0,4849
29091090500,"Howell, MO (CT)",1749,281,2030,4065,697,4762
29091090600,"Howell, MO (CT)",2158,60,2218,5079,103,5182
29091090700,"Howell, MO (CT)",279,2189,2468,576,4432,5008
29091090800,"Howell, MO (CT)",161,2643,2804,358,6010,6368
29093950100,"Iron, MO (CT)",1366,0,1366,2841,0,2841
29093950200,"Iron, MO (CT)",949,412,1361,1980,720,2700
29093950300,"Iron, MO (CT)",395,970,1365,932,1953,2885
29093950400,"Iron, MO (CT)",1237,0,1237,2204,0,2204
29095000300,"Jackson, MO (CT)",0,744,744,0,1393,1393
29095000600,"Jackson, MO (CT)",0,1773,1773,0,4674,4674
29095000700,"Jackson, MO (CT)",0,1501,1501,0,4094,4094
29095000800,"Jackson, MO (CT)",0,1577,1577,0,3978,3978
29095000900,"Jackson, MO (CT)",0,1454,1454,0,3052,3052
29095001000,"Jackson, MO (CT)",0,1505,1505,0,3218,3218
29095001100,"Jackson, MO (CT)",0,1342,1342,0,1709,1709
29095001800,"Jackson, MO (CT)",0,1415,1415,0,2966,2966
29095001900,"Jackson, MO (CT)",0,1476,1476,0,3346,3346
29095002000,"Jackson, MO (CT)",0,899,899,0,2336,2336
29095002100,"Jackson, MO (CT)",0,1763,1763,0,4280,4280
29095002200,"Jackson, MO (CT)",0,1486,1486,0,2906,2906
29095002300,"Jackson, MO (CT)",0,907,907,0,2159,2159
29095003400,"Jackson, MO (CT)",0,1448,1448,0,3040,3040
29095003700,"Jackson, MO (CT)",0,595,595,0,1008,1008
29095003800,"Jackson, MO (CT)",0,855,855,0,1689,1689
29095004300,"Jackson, MO (CT)",0,1199,1199,0,2168,2168
29095004400,"Jackson, MO (CT)",0,859,859,0,875,875
29095004600,"Jackson, MO (CT)",0,1427,1427,0,2501,2501
29095005100,"Jackson, MO (CT)",0,879,879,0,1651,1651
29095005200,"Jackson, MO (CT)",0,632,632,0,1192,1192
29095005300,"Jackson, MO (CT)",0,699,699,0,1368,1368
29095005400,"Jackson, MO (CT)",0,588,588,0,903,903
29095005500,"Jackson, MO (CT)",0,494,494,0,886,886
29095005601,"Jackson, MO (CT)",0,908,908,0,1556,1556
29095005602,"Jackson, MO (CT)",0,788,788,0,1457,1457
29095005700,"Jackson, MO (CT)",0,1216,1216,0,2187,2187
29095005801,"Jackson, MO (CT)",0,1040,1040,0,1844,1844
29095006000,"Jackson, MO (CT)",0,821,821,0,1346,1346
29095006100,"Jackson, MO (CT)",0,1397,1397,0,2542,2542
29095006300,"Jackson, MO (CT)",0,1245,1245,0,1676,1676
29095006500,"Jackson, MO (CT)",0,1006,1006,0,1640,1640
29095006600,"Jackson, MO (CT)",0,1218,1218,0,1735,1735
29095006700,"Jackson, MO (CT)",0,1223,1223,0,1795,1795
29095006900,"Jackson, MO (CT)",0,944,944,0,1213,1213
29095007100,"Jackson, MO (CT)",0,2128,2128,0,2847,2847
29095007200,"Jackson, MO (CT)",0,1086,1086,0,1892,1892
29095007300,"Jackson, MO (CT)",0,2713,2713,0,2998,2998
29095007400,"Jackson, MO (CT)",0,1704,1704,0,3538,3538
29095007500,"Jackson, MO (CT)",0,1053,1053,0,2634,2634
29095007600,"Jackson, MO (CT)",0,1164,1164,0,2205,2205
29095007700,"Jackson, MO (CT)",0,901,901,0,1624,1624
29095007802,"Jackson, MO (CT)",0,1164,1164,0,2191,2191
29095007900,"Jackson, MO (CT)",0,1770,1770,0,3681,3681
29095008000,"Jackson, MO (CT)",0,1572,1572,0,2933,2933
29095008100,"Jackson, MO (CT)",0,1014,1014,0,2223,2223
29095008200,"Jackson, MO (CT)",0,1417,1417,0,2765,2765
29095008300,"Jackson, MO (CT)",0,973,973,0,2275,2275
29095008400,"Jackson, MO (CT)",0,1040,1040,0,2751,2751
29095008500,"Jackson, MO (CT)",0,1387,1387,0,3383,3383
29095008600,"Jackson, MO (CT)",0,2451,2451,0,5015,5015
29095008700,"Jackson, MO (CT)",0,1192,1192,0,2501,2501
29095008800,"Jackson, MO (CT)",0,1824,1824,0,3602,3602
29095008900,"Jackson, MO (CT)",0,996,996,0,2139,2139
29095009000,"Jackson, MO (CT)",0,1963,1963,0,4413,4413
29095009100,"Jackson, MO (CT)",0,1860,1860,0,3690,3690
29095009200,"Jackson, MO (CT)",0,1414,1414,0,2795,2795
29095009300,"Jackson, MO (CT)",0,1373,1373,0,2316,2316
29095009400,"Jackson, MO (CT)",0,2595,2595,0,4389,4389
29095009500,"Jackson, MO (CT)",0,1606,1606,0,3145,3145
29095009600,"Jackson, MO (CT)",0,779,779,0,1719,1719
29095009700,"Jackson, MO (CT)",0,868,868,0,1473,1473
29095009800,"Jackson, MO (CT)",0,1791,1791,0,3330,3330
29095009900,"Jackson, MO (CT)",0,1117,1117,0,2187,2187
29095010001,"Jackson, MO (CT)",0,1067,1067,0,1696,1696
29095010002,"Jackson, MO (CT)",0,2202,2202,0,3516,3516
29095010103,"Jackson, MO (CT)",0,1179,1179,0,2080,2080
29095010105,"Jackson, MO (CT)",0,1759,1759,0,3384,3384
29095010201,"Jackson, MO (CT)",0,1134,1134,0,1784,1784
29095010203,"Jackson, MO (CT)",0,1635,1635,0,4251,4251
29095010204,"Jackson, MO (CT)",0,2158,2158,0,4475,4475
29095010500,"Jackson, MO (CT)",0,2201,2201,0,4912,4912
29095010600,"Jackson, MO (CT)",0,1335,1335,0,3221,3221
29095010702,"Jackson, MO (CT)",0,1749,1749,0,3523,3523
29095011000,"Jackson, MO (CT)",0,2404,2404,0,4783,4783
29095011100,"Jackson, MO (CT)",10,1573,1583,24,3209,3233
29095011200,"Jackson, MO (CT)",0,1351,1351,0,3153,3153
29095011300,"Jackson, MO (CT)",0,2096,2096,0,4819,4819
29095011401,"Jackson, MO (CT)",17,3822,3839,57,8361,8418
29095011405,"Jackson, MO (CT)",0,1412,1412,0,3348,3348
29095011406,"Jackson, MO (CT)",0,2095,2095,0,5655,5655
29095011500,"Jackson, MO (CT)",0,2660,2660,0,5859,5859
29095011600,"Jackson, MO (CT)",0,2739,2739,0,4938,4938
29095011700,"Jackson, MO (CT)",0,2156,2156,0,4177,4177
29095011800,"Jackson, MO (CT)",0,2556,2556,0,5127,5127
29095011900,"Jackson, MO (CT)",0,1661,1661,0,3423,3423
29095012000,"Jackson, MO (CT)",0,1662,1662,0,3279,3279
29095012100,"Jackson, MO (CT)",0,2569,2569,0,5480,5480
29095012200,"Jackson, MO (CT)",0,2781,2781,0,6205,6205
29095012300,"Jackson, MO (CT)",0,1593,1593,0,3378,3378
29095012400,"Jackson, MO (CT)",0,1926,1926,0,3927,3927
29095012501,"Jackson, MO (CT)",0,1488,1488,0,3491,3491
29095012502,"Jackson, MO (CT)",0,1307,1307,0,2913,2913
29095012600,"Jackson, MO (CT)",0,2384,2384,0,4587,4587
29095012701,"Jackson, MO (CT)",0,2919,2919,0,6812,6812
29095012802,"Jackson, MO (CT)",0,1683,1683,0,3690,3690
29095012803,"Jackson, MO (CT)",0,1039,1039,0,2086,2086
29095012804,"Jackson, MO (CT)",0,2544,2544,0,6098,6098
29095012903,"Jackson, MO (CT)",0,1466,1466,0,3639,3639
29095012904,"Jackson, MO (CT)",0,1023,1023,0,2404,2404
29095012906,"Jackson, MO (CT)",117,1707,1824,310,4336,4646
29095013003,"Jackson, MO (CT)",0,2220,2220,0,4932,4932
29095013100,"Jackson, MO (CT)",0,1325,1325,0,2889,2889
29095013203,"Jackson, MO (CT)",0,1596,1596,0,3985,3985
29095013208,"Jackson, MO (CT)",0,1293,1293,0,3002,3002
29095013210,"Jackson, MO (CT)",0,1126,1126,0,2685,2685
29095013301,"Jackson, MO (CT)",0,2052,2052,0,4031,4031
29095013307,"Jackson, MO (CT)",0,1207,1207,0,2704,2704
29095013309,"Jackson, MO (CT)",0,1980,1980,0,4827,4827
29095013313,"Jackson, MO (CT)",0,2017,2017,0,4830,4830
29095013401,"Jackson, MO (CT)",11,1352,1363,19,2523,2542
29095013405,"Jackson, MO (CT)",172,779,951,374,1715,2089
29095013407,"Jackson, MO (CT)",0,1145,1145,0,2576,2576
29095013408,"Jackson, MO (CT)",11,2536,2547,17,5575,5592
29095013410,"Jackson, MO (CT)",0,1629,1629,0,3438,3438
29095013416,"Jackson, MO (CT)",0,822,822,0,2103,2103
29095013502,"Jackson, MO (CT)",229,1741,1970,538,5046,5584
29095013504,"Jackson, MO (CT)",258,922,1180,758,2223,2981
29095013606,"Jackson, MO (CT)",0,548,548,0,1429,1429
29095013608,"Jackson, MO (CT)",0,3227,3227,0,5550,5550
29095013612,"Jackson, MO (CT)",0,2062,2062,0,6101,6101
29095013703,"Jackson, MO (CT)",0,2611,2611,0,5527,5527
29095013704,"Jackson, MO (CT)",0,2558,2558,0,6003,6003
29095013801,"Jackson, MO (CT)",0,2182,2182,0,5541,5541
29095013802,"Jackson, MO (CT)",286,2923,3209,639,7782,8421
29095013901,"Jackson, MO (CT)",1737,1248,2985,4525,1812,6337
29095013902,"Jackson, MO (CT)",501,0,501,1282,0,1282
29095013904,"Jackson, MO (CT)",0,2332,2332,0,6843,6843
29095013916,"Jackson, MO (CT)",145,1747,1892,414,4917,5331
29095014002,"Jackson, MO (CT)",708,3,711,1680,3,1683
29095014004,"Jackson, MO (CT)",67,1117,1184,171,2700,2871
29095014005,"Jackson, MO (CT)",190,1753,1943,506,4772,5278
29095014006,"Jackson, MO (CT)",0,2233,2233,0,6096,6096
29095014007,"Jackson, MO (CT)",52,2222,2274,137,5499,5636
29095014101,"Jackson, MO (CT)",0,3166,3166,0,6783,6783
29095014105,"Jackson, MO (CT)",120,2730,2850,308,7520,7828
29095014108,"Jackson, MO (CT)",0,2717,2717,0,6581,6581
29095014111,"Jackson, MO (CT)",216,855,1071,570,2307,2877
29095014112,"Jackson, MO (CT)",226,96,322,565,225,790
29095014114,"Jackson, MO (CT)",0,2790,2790,0,7219,7219
29095014120,"Jackson, MO (CT)",176,872,1048,457,2314,2771
29095014203,"Jackson, MO (CT)",0,1562,1562,0,4085,4085
29095014204,"Jackson, MO (CT)",221,3124,3345,659,7334,7993
29095014300,"Jackson, MO (CT)",327,1810,2137,906,4268,5174
29095014400,"Jackson, MO (CT)",259,738,997,515,1726,2241
29095014501,"Jackson, MO (CT)",0,1983,1983,0,3949,3949
29095014502,"Jackson, MO (CT)",0,2184,2184,0,4546,4546
29095014601,"Jackson, MO (CT)",0,2234,2234,0,5108,5108
29095014603,"Jackson, MO (CT)",0,1483,1483,0,3656,3656
29095014604,"Jackson, MO (CT)",0,2601,2601,0,4737,4737
29095014701,"Jackson, MO (CT)",0,1798,1798,0,3709,3709
29095014702,"Jackson, MO (CT)",5,2013,2018,16,5026,5042
29095014804,"Jackson, MO (CT)",278,715,993,681,1984,2665
29095014806,"Jackson, MO (CT)",0,1702,1702,0,4293,4293
29095014902,"Jackson, MO (CT)",0,822,822,0,2039,2039
29095014903,"Jackson, MO (CT)",1390,328,1718,3581,1045,4626
29095014904,"Jackson, MO (CT)",0,2402,2402,0,6253,6253
29095014905,"Jackson, MO (CT)",71,1608,1679,182,4662,4844
29095015000,"Jackson, MO (CT)",1092,403,1495,2746,995,3741
29095015100,"Jackson, MO (CT)",270,1814,2084,738,4931,5669
29095015200,"Jackson, MO (CT)",0,1110,1110,0,1727,1727
29095015300,"Jackson, MO (CT)",0,1380,1380,0,3149,3149
29095015400,"Jackson, MO (CT)",0,1496,1496,0,3826,3826
29095015500,"Jackson, MO (CT)",0,723,723,0,1415,1415
29095015600,"Jackson, MO (CT)",0,1308,1308,0,2417,2417
29095015700,"Jackson, MO (CT)",0,1625,1625,0,1886,1886
29095015800,"Jackson, MO (CT)",0,942,942,0,1485,1485
29095015900,"Jackson, MO (CT)",0,665,665,0,1683,1683
29095016000,"Jackson, MO (CT)",0,874,874,0,1840,1840
29095016100,"Jackson, MO (CT)",0,1282,1282,0,2046,2046
29095016200,"Jackson, MO (CT)",0,712,712,0,1155,1155
29095016300,"Jackson, MO (CT)",0,1334,1334,0,2450,2450
29095016400,"Jackson, MO (CT)",0,953,953,0,1873,1873
29095016500,"Jackson, MO (CT)",0,1046,1046,0,1931,1931
29095016600,"Jackson, MO (CT)",0,1047,1047,0,1771,1771
29095016700,"Jackson, MO (CT)",0,2618,2618,0,3368,3368
29095016800,"Jackson, MO (CT)",0,2379,2379,0,3556,3556
29095016900,"Jackson, MO (CT)",0,1331,1331,0,2367,2367
29095017000,"Jackson, MO (CT)",0,1178,1178,0,2325,2325
29095017100,"Jackson, MO (CT)",0,1863,1863,0,3856,3856
29095017200,"Jackson, MO (CT)",29,2176,2205,70,4521,4591
29095017300,"Jackson, MO (CT)",0,1588,1588,0,3281,3281
29095017400,"Jackson, MO (CT)",0,1451,1451,0,2708,2708
29095017500,"Jackson, MO (CT)",151,850,1001,290,1738,2028
29095017600,"Jackson, MO (CT)",277,1748,2025,605,4321,4926
29095017700,"Jackson, MO (CT)",400,1434,1834,1049,4052,5101
29095017800,"Jackson, MO (CT)",0,2422,2422,0,2933,2933
29095017900,"Jackson, MO (CT)",4,2209,2213,5,4700,4705
29095018000,"Jackson, MO (CT)",0,1667,1667,0,3644,3644
29095018100,"Jackson, MO (CT)",97,2291,2388,227,6416,6643
29095018200,"Jackson, MO (CT)",39,965,1004,85,3140,3225
29095018500,"Jackson, MO (CT)",32,1208,1240,50,3252,3302
29095018600,"Jackson, MO (CT)",0,1094,1094,0,3043,3043
29095019300,"Jackson, MO (CT)",0,2558,2558,0,6394,6394
29095980101,"Jackson, MO (CT)",0,2,2,0,8,8
29095980802,"Jackson, MO (CT)",0,0,0,0,0,0
29095988300,"Jackson, MO (CT)",49,0,49,102,0,102
29095989100,"Jackson, MO (CT)",4,1,5,9,4,13
29095989200,"Jackson, MO (CT)",0,0,0,0,0,0
29097010100,"Jasper, MO (CT)",0,1617,1617,0,3437,3437
29097010200,"Jasper, MO (CT)",0,2003,2003,0,4444,4444
29097010300,"Jasper, MO (CT)",103,2658,2761,234,6512,6746
29097010400,"Jasper, MO (CT)",20,2342,2362,53,4860,4913
29097010500,"Jasper, MO (CT)",0,2494,2494,0,5205,5205
29097010600,"Jasper, MO (CT)",0,2860,2860,0,5990,5990
29097010700,"Jasper, MO (CT)",0,1316,1316,0,2825,2825
29097010800,"Jasper, MO (CT)",0,2147,2147,0,4444,4444
29097010900,"Jasper, MO (CT)",283,2582,2865,689,5842,6531
29097011000,"Jasper, MO (CT)",0,2220,2220,0,3979,3979
29097011100,"Jasper, MO (CT)",0,786,786,0,1760,1760
29097011200,"Jasper, MO (CT)",1067,1709,2776,2628,4014,6642
29097011300,"Jasper, MO (CT)",476,2740,3216,1189,7368,8557
29097011400,"Jasper, MO (CT)",103,2314,2417,411,5290,5701
29097011500,"Jasper, MO (CT)",1262,2522,3784,3264,6459,9723
29097011600,"Jasper, MO (CT)",267,1668,1935,686,4546,5232
29097011700,"Jasper, MO (CT)",201,2469,2670,520,5947,6467
29097011800,"Jasper, MO (CT)",160,1812,1972,397,4359,4756
29097011900,"Jasper, MO (CT)",837,902,1739,1950,2041,3991
29097012000,"Jasper, MO (CT)",2281,0,2281,5417,0,5417
29097012100,"Jasper, MO (CT)",1555,0,1555,3791,0,3791
29097012200,"Jasper, MO (CT)",2799,93,2892,6586,267,6853
29099700107,"Jefferson, MO (CT)",893,254,1147,2229,607,2836
29099700109,"Jefferson, MO (CT)",429,3945,4374,1249,11471,12720
29099700110,"Jefferson, MO (CT)",0,3148,3148,0,8013,8013
29099700111,"Jefferson, MO (CT)",0,1745,1745,0,3938,3938
29099700113,"Jefferson, MO (CT)",69,1293,1362,149,3430,3579
29099700114,"Jefferson, MO (CT)",113,1686,1799,274,4211,4485
29099700115,"Jefferson, MO (CT)",0,1679,1679,0,4333,4333
29099700116,"Jefferson, MO (CT)",0,1147,1147,0,3125,3125
29099700117,"Jefferson, MO (CT)",0,2719,2719,0,7172,7172
29099700118,"Jefferson, MO (CT)",0,2652,2652,0,6246,6246
29099700119,"Jefferson, MO (CT)",0,859,859,0,2145,2145
29099700203,"Jefferson, MO (CT)",0,2446,2446,0,6005,6005
29099700206,"Jefferson, MO (CT)",485,1515,2000,1244,4068,5312
29099700207,"Jefferson, MO (CT)",401,1005,1406,1056,2603,3659
29099700208,"Jefferson, MO (CT)",0,2559,2559,0,5818,5818
29099700209,"Jefferson, MO (CT)",0,1269,1269,0,3479,3479
29099700210,"Jefferson, MO (CT)",0,1792,1792,0,3923,3923
29099700211,"Jefferson, MO (CT)",210,1877,2087,509,4750,5259
29099700302,"Jefferson, MO (CT)",326,1835,2161,737,4732,5469
29099700303,"Jefferson, MO (CT)",0,1950,1950,0,4806,4806
29099700304,"Jefferson, MO (CT)",535,2427,2962,1329,5820,7149
29099700401,"Jefferson, MO (CT)",1408,465,1873,3378,1368,4746
29099700402,"Jefferson, MO (CT)",2216,1,2217,5545,3,5548
29099700502,"Jefferson, MO (CT)",2009,229,2238,4851,961,5812
29099700503,"Jefferson, MO (CT)",936,465,1401,2296,1120,3416
29099700504,"Jefferson, MO (CT)",598,1136,1734,1534,2859,4393
29099700601,"Jefferson, MO (CT)",124,2255,2379,250,5260,5510
29099700603,"Jefferson, MO (CT)",303,1843,2146,792,5268,6060
29099700604,"Jefferson, MO (CT)",2061,163,2224,5508,456,5964
29099700605,"Jefferson, MO (CT)",462,1975,2437,1035,5114,6149
29099700700,"Jefferson, MO (CT)",46,2041,2087,91,4645,4736
29099700801,"Jefferson, MO (CT)",0,2387,2387,0,5504,5504
29099700802,"Jefferson, MO (CT)",0,1743,1743,0,4371,4371
29099700900,"Jefferson, MO (CT)",367,1950,2317,904,4436,5340
29099701000,"Jefferson, MO (CT)",2499,891,3390,6339,2235,8574
29099701101,"Jefferson, MO (CT)",1599,1,1600,4114,2,4116
29099701102,"Jefferson, MO (CT)",2547,11,2558,5785,7,5792
29099701200,"Jefferson, MO (CT)",279,2353,2632,692,5164,5856
29099701300,"Jefferson, MO (CT)",889,595,1484,2274,1314,3588
29099701401,"Jefferson, MO (CT)",1377,309,1686,3193,725,3918
29099701403,"Jefferson, MO (CT)",1226,290,1516,3083,837,3920
29099701404,"Jefferson, MO (CT)",2198,116,2314,5609,340,5949
29101960100,"Johnson, MO (CT)",3483,0,3483,8677,0,8677
29101960200,"Johnson, MO (CT)",2265,0,2265,5193,0,5193
29101960300,"Johnson, MO (CT)",2413,1226,3639,5756,3154,8910
29101960400,"Johnson, MO (CT)",0,2037,2037,0,6551,6551
29101960500,"Johnson, MO (CT)",17,3169,3186,35,7412,7447
29101960600,"Johnson, MO (CT)",0,1775,1775,0,3560,3560
29101960700,"Johnson, MO (CT)",805,1726,2531,1919,3989,5908
29101960900,"Johnson, MO (CT)",2143,0,2143,4939,0,4939
29101980000,"Johnson, MO (CT)",7,462,469,12,1398,1410
29103960100,"Knox, MO (CT)",1065,0,1065,2024,0,2024
29103960200,"Knox, MO (CT)",1224,0,1224,2107,0,2107
29105960100,"Laclede, MO (CT)",3686,0,3686,8360,0,8360
29105960298,"Laclede, MO (CT)",2599,0,2599,6053,0,6053
29105960300,"Laclede, MO (CT)",2495,418,2913,6035,1115,7150
29105960400,"Laclede, MO (CT)",102,1790,1892,244,3609,3853
29105960500,"Laclede, MO (CT)",205,2328,2533,450,4944,5394
29105960600,"Laclede, MO (CT)",174,1981,2155,383,4378,4761
29107090100,"Lafayette, MO (CT)",2080,346,2426,4386,900,5286
29107090200,"Lafayette, MO (CT)",555,2051,2606,1396,4433,5829
29107090300,"Lafayette, MO (CT)",662,0,662,1517,0,1517
29107090400,"Lafayette, MO (CT)",1339,1799,3138,2999,3795,6794
29107090500,"Lafayette, MO (CT)",1706,0,1706,3849,0,3849
29107090601,"Lafayette, MO (CT)",383,2243,2626,1034,5199,6233
29107090602,"Lafayette, MO (CT)",1539,15,1554,3829,44,3873
29109470100,"Lawrence, MO (CT)",1879,0,1879,4162,0,4162
29109470200,"Lawrence, MO (CT)",1317,2000,3317,3224,4559,7783
29109470300,"Lawrence, MO (CT)",1825,319,2144,4583,862,5445
29109470400,"Lawrence, MO (CT)",1518,1256,2774,3628,3037,6665
29109470500,"Lawrence, MO (CT)",2970,0,2970,6742,0,6742
29109470601,"Lawrence, MO (CT)",76,2221,2297,146,4799,4945
29109470602,"Lawrence, MO (CT)",83,1185,1268,188,2704,2892
29111970100,"Lewis, MO (CT)",1344,0,1344,3410,0,3410
29111970200,"Lewis, MO (CT)",1177,0,1177,2306,0,2306
29111970300,"Lewis, MO (CT)",1139,0,1139,2659,0,2659
29111970400,"Lewis, MO (CT)",875,0,875,1836,0,1836
29113810100,"Lincoln, MO (CT)",2009,0,2009,4269,0,4269
29113810201,"Lincoln, MO (CT)",1992,530,2522,5134,1401,6535
29113810202,"Lincoln, MO (CT)",2415,0,2415,5805,0,5805
29113810301,"Lincoln, MO (CT)",609,3144,3753,1419,7719,9138
29113810303,"Lincoln, MO (CT)",1887,1115,3002,5116,3064,8180
29113810304,"Lincoln, MO (CT)",3405,403,3808,9102,1047,10149
29113810400,"Lincoln, MO (CT)",3502,0,3502,8490,0,8490
29115490100,"Linn, MO (CT)",935,0,935,1741,0,1741
29115490200,"Linn, MO (CT)",1127,0,1127,2300,0,2300
29115490300,"Linn, MO (CT)",678,770,1448,1364,1636,3000
29115490400,"Linn, MO (CT)",181,1383,1564,364,2645,3009
29115490500,"Linn, MO (CT)",1355,0,1355,2711,0,2711
29117480100,"Livingston, MO (CT)",1047,125,1172,2369,1283,3652
29117480200,"Livingston, MO (CT)",1508,0,1508,3193,0,3193
29117480300,"Livingston, MO (CT)",0,1708,1708,0,3577,3577
29117480400,"Livingston, MO (CT)",0,1367,1367,0,2955,2955
29117480500,"Livingston, MO (CT)",0,975,975,0,1818,1818
29119070100,"McDonald, MO (CT)",2765,1,2766,6192,2,6194
29119070200,"McDonald, MO (CT)",1835,0,1835,4567,0,4567
29119070300,"McDonald, MO (CT)",2467,0,2467,5890,0,5890
29119070400,"McDonald, MO (CT)",2857,0,2857,6432,0,6432
29121960100,"Macon, MO (CT)",1186,0,1186,2341,0,2341
29121960200,"Macon, MO (CT)",1367,0,1367,2719,0,2719
29121960300,"Macon, MO (CT)",1827,0,1827,3796,0,3796
29121960400,"Macon, MO (CT)",304,1572,1876,677,3305,3982
29121960500,"Macon, MO (CT)",508,901,1409,1019,1709,2728
29123960100,"Madison, MO (CT)",1858,0,1858,3547,0,3547
29123960200,"Madison, MO (CT)",479,2000,2479,1114,4129,5243
29123960300,"Madison, MO (CT)",1595,38,1633,3348,88,3436
29125880100,"Maries, MO (CT)",1425,0,1425,2927,0,2927
29125880298,"Maries, MO (CT)",1422,0,1422,2732,0,2732
29125880300,"Maries, MO (CT)",1764,0,1764,3517,0,3517
29127960100,"Marion, MO (CT)",1432,434,1866,3313,1026,4339
29127960200,"Marion, MO (CT)",1460,0,1460,3240,0,3240
29127960300,"Marion, MO (CT)",62,1542,1604,164,3467,3631
29127960400,"Marion, MO (CT)",170,1652,1822,260,4250,4510
29127960500,"Marion, MO (CT)",0,1425,1425,0,2861,2861
29127960600,"Marion, MO (CT)",0,1596,1596,0,3543,3543
29127960800,"Marion, MO (CT)",57,1392,1449,151,3080,3231
29127960900,"Marion, MO (CT)",0,1604,1604,0,3426,3426
29129470100,"Mercer, MO (CT)",973,0,973,1432,0,1432
29129470200,"Mercer, MO (CT)",1162,0,1162,2353,0,2353
29131962500,"Miller, MO (CT)",2477,0,2477,5656,0,5656
29131962600,"Miller, MO (CT)",1529,0,1529,3581,0,3581
29131962700,"Miller, MO (CT)",3220,0,3220,4357,0,4357
29131962800,"Miller, MO (CT)",2684,331,3015,5553,449,6002
29131962900,"Miller, MO (CT)",288,2229,2517,597,4555,5152
29133950100,"Mississippi, MO (CT)",1078,8,1086,2263,1624,3887
29133950200,"Mississippi, MO (CT)",116,1846,1962,231,4269,4500
29133950300,"Mississippi, MO (CT)",843,34,877,1873,68,1941
29133950400,"Mississippi, MO (CT)",145,1641,1786,328,3702,4030
29135385100,"Moniteau, MO (CT)",1628,89,1717,3826,184,4010
29135385200,"Moniteau, MO (CT)",113,1782,1895,263,3997,4260
29135385300,"Moniteau, MO (CT)",1299,0,1299,3460,0,3460
29135385400,"Moniteau, MO (CT)",299,966,1265,676,3201,3877
29137960100,"Monroe, MO (CT)",1987,0,1987,3387,0,3387
29137960200,"Monroe, MO (CT)",1546,0,1546,2708,0,2708
29137960300,"Monroe, MO (CT)",1265,0,1265,2745,0,2745
29139970100,"Montgomery, MO (CT)",1319,0,1319,2624,0,2624
29139970200,"Montgomery, MO (CT)",521,1215,1736,1187,2629,3816
29139970300,"Montgomery, MO (CT)",1866,0,1866,3268,0,3268
29139970400,"Montgomery, MO (CT)",1209,0,1209,2528,0,2528
29141470100,"Morgan, MO (CT)",2339,0,2339,6046,0,6046
29141470200,"Morgan, MO (CT)",1705,0,1705,3572,0,3572
29141470300,"Morgan, MO (CT)",1328,0,1328,2762,0,2762
29141470400,"Morgan, MO (CT)",4264,0,4264,2981,0,2981
29141470500,"Morgan, MO (CT)",5881,0,5881,5204,0,5204
29143960100,"New Madrid, MO (CT)",1257,798,2055,2746,1819,4565
29143960200,"New Madrid, MO (CT)",1067,0,1067,2375,0,2375
29143960300,"New Madrid, MO (CT)",161,1505,1666,391,3214,3605
29143960400,"New Madrid, MO (CT)",1174,0,1174,2503,0,2503
29143960500,"New Madrid, MO (CT)",1127,0,1127,2583,0,2583
29143960600,"New Madrid, MO (CT)",75,1367,1442,181,3144,3325
29145020100,"Newton, MO (CT)",0,1800,1800,0,3967,3967
29145020200,"Newton, MO (CT)",248,1779,2027,628,4185,4813
29145020300,"Newton, MO (CT)",331,990,1321,763,2565,3328
29145020400,"Newton, MO (CT)",2910,91,3001,7163,238,7401
29145020501,"Newton, MO (CT)",345,1355,1700,797,3208,4005
29145020502,"Newton, MO (CT)",389,2152,2541,935,4703,5638
29145020601,"Newton, MO (CT)",1880,185,2065,4449,563,5012
29145020602,"Newton, MO (CT)",2143,36,2179,5144,68,5212
29145020700,"Newton, MO (CT)",1905,0,1905,4613,0,4613
29145020800,"Newton, MO (CT)",2056,412,2468,5050,1170,6220
29145020900,"Newton, MO (CT)",1878,0,1878,4526,0,4526
29145021000,"Newton, MO (CT)",1428,0,1428,3379,0,3379
29147470100,"Nodaway, MO (CT)",1285,0,1285,2457,0,2457
29147470200,"Nodaway, MO (CT)",1269,13,1282,2717,45,2762
29147470300,"Nodaway, MO (CT)",77,2705,2782,167,8248,8415
29147470400,"Nodaway, MO (CT)",34,2015,2049,83,4179,4262
29147470500,"Nodaway, MO (CT)",1968,158,2126,4726,748,5474
29149480100,"Oregon, MO (CT)",1893,0,1893,3749,0,3749
29149480200,"Oregon, MO (CT)",1122,1061,2183,2372,2118,4490
29149480300,"Oregon, MO (CT)",1410,0,1410,2642,0,2642
29151490100,"Osage, MO (CT)",1640,0,1640,3381,0,3381
29151490200,"Osage, MO (CT)",2064,0,2064,4433,0,4433
29151490300,"Osage, MO (CT)",1498,0,1498,3536,0,3536
29151490400,"Osage, MO (CT)",1331,0,1331,2528,0,2528
29153470100,"Ozark, MO (CT)",2989,0,2989,4819,0,4819
29153470200,"Ozark, MO (CT)",2663,0,2663,4904,0,4904
29155470100,"Pemiscot, MO (CT)",992,11,1003,2164,25,2189
29155470200,"Pemiscot, MO (CT)",60,1577,1637,142,3471,3613
29155470300,"Pemiscot, MO (CT)",210,1123,1333,414,2643,3057
29155470400,"Pemiscot, MO (CT)",36,1413,1449,62,3143,3205
29155470500,"Pemiscot, MO (CT)",1422,0,1422,3095,0,3095
29155470600,"Pemiscot, MO (CT)",1317,0,1317,3137,0,3137
29157470100,"Perry, MO (CT)",1019,0,1019,2520,0,2520
29157470200,"Perry, MO (CT)",2146,315,2461,4027,793,4820
29157470300,"Perry, MO (CT)",37,1657,1694,85,3937,4022
29157470400,"Perry, MO (CT)",36,1680,1716,91,3689,3780
29157470500,"Perry, MO (CT)",1678,0,1678,3829,0,3829
29159480100,"Pettis, MO (CT)",1577,3,1580,4053,8,4061
29159480200,"Pettis, MO (CT)",1948,400,2348,4851,1016,5867
29159480300,"Pettis, MO (CT)",1510,245,1755,3701,555,4256
29159480400,"Pettis, MO (CT)",1102,681,1783,2672,1882,4554
29159480500,"Pettis, MO (CT)",25,1368,1393,68,2962,3030
29159480600,"Pettis, MO (CT)",73,904,977,170,1942,2112
29159480700,"Pettis, MO (CT)",13,1736,1749,46,3440,3486
29159480800,"Pettis, MO (CT)",0,1634,1634,0,3469,3469
29159480900,"Pettis, MO (CT)",0,1330,1330,0,2846,2846
29159481000,"Pettis, MO (CT)",193,1749,1942,382,4098,4480
29159481100,"Pettis, MO (CT)",0,1758,1758,0,4040,4040
29161890100,"Phelps, MO (CT)",1912,0,1912,4475,0,4475
29161890200,"Phelps, MO (CT)",405,1727,2132,966,4123,5089
29161890300,"Phelps, MO (CT)",60,3493,3553,137,6965,7102
29161890400,"Phelps, MO (CT)",227,1730,1957,478,5077,5555
29161890500,"Phelps, MO (CT)",1741,6,1747,3837,15,3852
29161890600,"Phelps, MO (CT)",1447,0,1447,3029,0,3029
29161890700,"Phelps, MO (CT)",1274,77,1351,2943,184,3127
29161890800,"Phelps, MO (CT)",0,1282,1282,0,3211,3211
29161890900,"Phelps, MO (CT)",0,1834,1834,0,4307,4307
29161891000,"Phelps, MO (CT)",2121,197,2318,5008,401,5409
29163460100,"Pike, MO (CT)",157,1504,1661,384,2853,3237
29163460200,"Pike, MO (CT)",1493,121,1614,3023,238,3261
29163460300,"Pike, MO (CT)",1685,16,1701,4036,1948,5984
29163460400,"Pike, MO (CT)",114,1477,1591,275,3408,3683
29163460500,"Pike, MO (CT)",1308,0,1308,2351,0,2351
29165030001,"Platte, MO (CT)",0,3307,3307,0,7735,7735
29165030002,"Platte, MO (CT)",0,1461,1461,0,2828,2828
29165030101,"Platte, MO (CT)",0,1294,1294,0,3194,3194
29165030102,"Platte, MO (CT)",0,1284,1284,0,3047,3047
29165030103,"Platte, MO (CT)",0,2185,2185,0,5365,5365
29165030201,"Platte, MO (CT)",351,396,747,826,991,1817
29165030205,"Platte, MO (CT)",0,3481,3481,0,6689,6689
29165030207,"Platte, MO (CT)",0,2684,2684,0,5283,5283
29165030208,"Platte, MO (CT)",0,1011,1011,0,2470,2470
29165030209,"Platte, MO (CT)",0,3148,3148,0,7799,7799
29165030210,"Platte, MO (CT)",0,622,622,0,1720,1720
29165030211,"Platte, MO (CT)",0,1454,1454,0,2899,2899
29165030305,"Platte, MO (CT)",8,3629,3637,16,8205,8221
29165030306,"Platte, MO (CT)",160,992,1152,395,3109,3504
29165030307,"Platte, MO (CT)",2,2,4,4,7,11
29165030308,"Platte, MO (CT)",55,2437,2492,113,4910,5023
29165030401,"Platte, MO (CT)",893,1012,1905,2208,3020,5228
29165030500,"Platte, MO (CT)",9,2708,2717,22,5931,5953
29165030600,"Platte, MO (CT)",3093,0,3093,7154,0,7154
29165030700,"Platte, MO (CT)",1545,0,1545,3382,0,3382
29167960100,"Polk, MO (CT)",2210,526,2736,5129,1161,6290
29167960200,"Polk, MO (CT)",2071,1147,3218,4532,2477,7009
29167960300,"Polk, MO (CT)",2586,971,3557,6370,2068,8438
29167960400,"Polk, MO (CT)",2253,1540,3793,5413,3987,9400
29169470101,"Pulaski, MO (CT)",2045,0,2045,4547,0,4547
29169470102,"Pulaski, MO (CT)",1561,0,1561,3489,0,3489
29169470286,"Pulaski, MO (CT)",1391,311,1702,3433,805,4238
29169470287,"Pulaski, MO (CT)",348,2986,3334,724,6983,7707
29169470389,"Pulaski, MO (CT)",0,729,729,0,8245,8245
29169470390,"Pulaski, MO (CT)",0,456,456,0,1472,1472
29169470400,"Pulaski, MO (CT)",1700,2986,4686,4394,7057,11451
29169470500,"Pulaski, MO (CT)",2546,0,2546,5754,0,5754
29169470600,"Pulaski, MO (CT)",222,623,845,676,4695,5371
29171960100,"Putnam, MO (CT)",1771,0,1771,2725,0,2725
29171960200,"Putnam, MO (CT)",1211,0,1211,2254,0,2254
29173470100,"Ralls, MO (CT)",1420,6,1426,3224,19,3243
29173470200,"Ralls, MO (CT)",1513,166,1679,3424,377,3801
29173470300,"Ralls, MO (CT)",2078,0,2078,3123,0,3123
29175490100,"Randolph, MO (CT)",1695,0,1695,3783,0,3783
29175490200,"Randolph, MO (CT)",1480,19,1499,3424,32,3456
29175490300,"Randolph, MO (CT)",27,2359,2386,58,4716,4774
29175490400,"Randolph, MO (CT)",51,1396,1447,120,3043,3163
29175490500,"Randolph, MO (CT)",55,1906,1961,124,4416,4540
29175490600,"Randolph, MO (CT)",1718,8,1726,3972,1726,5698
29177080000,"Ray, MO (CT)",2931,0,2931,7396,0,7396
29177080100,"Ray, MO (CT)",1338,129,1467,3101,349,3450
29177080200,"Ray, MO (CT)",635,2403,3038,1475,4958,6433
29177080300,"Ray, MO (CT)",2329,219,2548,5700,515,6215
29179380100,"Reynolds, MO (CT)",1712,0,1712,3058,0,3058
29179380200,"Reynolds, MO (CT)",2321,0,2321,3638,0,3638
29181870100,"Ripley, MO (CT)",1868,0,1868,4291,0,4291
29181870200,"Ripley, MO (CT)",1493,0,1493,2958,0,2958
29181870300,"Ripley, MO (CT)",2095,0,2095,4329,0,4329
29181870400,"Ripley, MO (CT)",1141,0,1141,2522,0,2522
29183310100,"St. Charles, MO (CT)",1133,27,1160,2261,81,2342
29183310201,"St. Charles, MO (CT)",0,1298,1298,0,2679,2679
29183310202,"St. Charles, MO (CT)",0,1612,1612,0,3747,3747
29183310301,"St. Charles, MO (CT)",0,1760,1760,0,4142,4142
29183310302,"St. Charles, MO (CT)",0,1673,1673,0,3666,3666
29183310400,"St. Charles, MO (CT)",0,1117,1117,0,2117,2117
29183310501,"St. Charles, MO (CT)",0,1777,1777,0,6750,6750
29183310502,"St. Charles, MO (CT)",0,1296,1296,0,2865,2865
29183310601,"St. Charles, MO (CT)",0,689,689,0,2060,2060
29183310602,"St. Charles, MO (CT)",0,2400,2400,0,5787,5787
29183310700,"St. Charles, MO (CT)",0,2730,2730,0,5261,5261
29183310801,"St. Charles, MO (CT)",0,1041,1041,0,2187,2187
29183310802,"St. Charles, MO (CT)",0,2616,2616,0,5775,5775
29183310901,"St. Charles, MO (CT)",0,1147,1147,0,2263,2263
29183310902,"St. Charles, MO (CT)",0,2327,2327,0,5144,5144
29183310903,"St. Charles, MO (CT)",0,1801,1801,0,4086,4086
29183311001,"St. Charles, MO (CT)",0,1805,1805,0,4049,4049
29183311003,"St. Charles, MO (CT)",0,1633,1633,0,3207,3207
29183311004,"St. Charles, MO (CT)",0,2472,2472,0,5144,5144
29183311103,"St. Charles, MO (CT)",198,2361,2559,536,6086,6622
29183311114,"St. Charles, MO (CT)",0,1603,1603,0,4550,4550
29183311122,"St. Charles, MO (CT)",0,2585,2585,0,6773,6773
29183311124,"St. Charles, MO (CT)",0,2423,2423,0,6581,6581
29183311132,"St. Charles, MO (CT)",6,1136,1142,12,3435,3447
29183311145,"St. Charles, MO (CT)",0,1646,1646,0,4256,4256
29183311146,"St. Charles, MO (CT)",0,2021,2021,0,4416,4416
29183311147,"St. Charles, MO (CT)",0,1664,1664,0,4039,4039
29183311148,"St. Charles, MO (CT)",1,1646,1647,2,4515,4517
29183311149,"St. Charles, MO (CT)",0,1474,1474,0,3737,3737
29183311150,"St. Charles, MO (CT)",0,1629,1629,0,4749,4749
29183311151,"St. Charles, MO (CT)",0,2067,2067,0,5722,5722
29183311152,"St. Charles, MO (CT)",0,1601,1601,0,4753,4753
29183311153,"St. Charles, MO (CT)",0,2569,2569,0,6437,6437
29183311154,"St. Charles, MO (CT)",0,1616,1616,0,4970,4970
29183311203,"St. Charles, MO (CT)",0,2530,2530,0,6135,6135
29183311211,"St. Charles, MO (CT)",0,2090,2090,0,4386,4386
29183311212,"St. Charles, MO (CT)",0,1494,1494,0,3625,3625
29183311221,"St. Charles, MO (CT)",0,1411,1411,0,3683,3683
29183311294,"St. Charles, MO (CT)",0,1439,1439,0,3980,3980
29183311296,"St. Charles, MO (CT)",0,1601,1601,0,4239,4239
29183311311,"St. Charles, MO (CT)",0,2076,2076,0,5156,5156
29183311312,"St. Charles, MO (CT)",0,2138,2138,0,5724,5724
29183311322,"St. Charles, MO (CT)",0,2018,2018,0,5786,5786
29183311331,"St. Charles, MO (CT)",0,1715,1715,0,4631,4631
29183311391,"St. Charles, MO (CT)",0,1733,1733,0,4786,4786
29183311422,"St. Charles, MO (CT)",0,2199,2199,0,5653,5653
29183311500,"St. Charles, MO (CT)",191,708,899,302,1603,1905
29183311601,"St. Charles, MO (CT)",0,2205,2205,0,5648,5648
29183311602,"St. Charles, MO (CT)",0,2080,2080,0,5259,5259
29183311712,"St. Charles, MO (CT)",0,1907,1907,0,4603,4603
29183311721,"St. Charles, MO (CT)",0,1276,1276,0,3818,3818
29183311722,"St. Charles, MO (CT)",0,2612,2612,0,7439,7439
29183311732,"St. Charles, MO (CT)",0,2436,2436,0,7277,7277
29183311733,"St. Charles, MO (CT)",0,898,898,0,2480,2480
29183311734,"St. Charles, MO (CT)",0,1286,1286,0,3693,3693
29183311735,"St. Charles, MO (CT)",0,2005,2005,0,6052,6052
29183311736,"St. Charles, MO (CT)",0,2050,2050,0,6379,6379
29183311801,"St. Charles, MO (CT)",300,1494,1794,768,4054,4822
29183311802,"St. Charles, MO (CT)",0,2639,2639,0,6143,6143
29183311903,"St. Charles, MO (CT)",0,2625,2625,0,5882,5882
29183311904,"St. Charles, MO (CT)",0,2338,2338,0,6016,6016
29183311907,"St. Charles, MO (CT)",0,2389,2389,0,6270,6270
29183311908,"St. Charles, MO (CT)",4,1169,1173,4,2827,2831
29183311909,"St. Charles, MO (CT)",0,1867,1867,0,5022,5022
29183312001,"St. Charles, MO (CT)",825,1,826,2309,3,2312
29183312094,"St. Charles, MO (CT)",63,1454,1517,153,4219,4372
29183312095,"St. Charles, MO (CT)",613,711,1324,1723,1819,3542
29183312096,"St. Charles, MO (CT)",0,2031,2031,0,6241,6241
29183312097,"St. Charles, MO (CT)",1064,1297,2361,2699,3940,6639
29183312192,"St. Charles, MO (CT)",58,1186,1244,148,3228,3376
29183312193,"St. Charles, MO (CT)",182,1837,2019,528,5683,6211
29183312194,"St. Charles, MO (CT)",0,1136,1136,0,2947,2947
29183312195,"St. Charles, MO (CT)",0,1452,1452,0,3300,3300
29183312204,"St. Charles, MO (CT)",1990,0,1990,4813,0,4813
29183312205,"St. Charles, MO (CT)",177,2348,2525,437,5901,6338
29183312206,"St. Charles, MO (CT)",1628,0,1628,4322,0,4322
29183312300,"St. Charles, MO (CT)",0,1045,1045,0,2892,2892
29183312400,"St. Charles, MO (CT)",0,2393,2393,0,5016,5016
29183980000,"St. Charles, MO (CT)",2,0,2,1,0,1
29185480100,"St. Clair, MO (CT)",1978,0,1978,3671,0,3671
29185480200,"St. Clair, MO (CT)",1671,0,1671,2952,0,2952
29185480300,"St. Clair, MO (CT)",1991,0,1991,3182,0,3182
29186960100,"Ste. Genevieve, MO (CT)",3239,0,3239,6342,0,6342
29186960200,"Ste. Genevieve, MO (CT)",294,1952,2246,660,4329,4989
29186960300,"Ste. Genevieve, MO (CT)",1745,0,1745,4064,0,4064
29186960400,"Ste. Genevieve, MO (CT)",1407,0,1407,2750,0,2750
29187950101,"St. Francois, MO (CT)",2958,157,3115,4137,298,4435
29187950102,"St. Francois, MO (CT)",2687,54,2741,4608,157,4765
29187950300,"St. Francois, MO (CT)",469,1832,2301,1117,6749,7866
29187950400,"St. Francois, MO (CT)",1867,1030,2897,4321,2545,6866
29187950600,"St. Francois, MO (CT)",1564,0,1564,3336,0,3336
29187950700,"St. Francois, MO (CT)",3059,390,3449,7079,978,8057
29187950800,"St. Francois, MO (CT)",180,2642,2822,407,5677,6084
29187950901,"St. Francois, MO (CT)",0,1094,1094,0,2215,2215
29187950902,"St. Francois, MO (CT)",0,1977,1977,0,7134,7134
29187951000,"St. Francois, MO (CT)",318,2682,3000,754,6066,6820
29187951100,"St. Francois, MO (CT)",100,3398,3498,230,7551,7781
29189210100,"St. Louis, MO (CT)",329,2265,2594,742,5275,6017
29189210200,"St. Louis, MO (CT)",0,2460,2460,0,6441,6441
29189210300,"St. Louis, MO (CT)",0,1622,1622,0,3466,3466
29189210400,"St. Louis, MO (CT)",0,2051,2051,0,4363,4363
29189210501,"St. Louis, MO (CT)",0,1354,1354,0,3667,3667
29189210502,"St. Louis, MO (CT)",0,1646,1646,0,4049,4049
29189210600,"St. Louis, MO (CT)",0,2802,2802,0,6740,6740
29189210702,"St. Louis, MO (CT)",0,2792,2792,0,6111,6111
29189210703,"St. Louis, MO (CT)",0,1771,1771,0,3914,3914
29189210704,"St. Louis, MO (CT)",0,1926,1926,0,4133,4133
29189210803,"St. Louis, MO (CT)",0,2250,2250,0,4881,4881
29189210804,"St. Louis, MO (CT)",0,3736,3736,0,9297,9297
29189210805,"St. Louis, MO (CT)",0,2767,2767,0,6364,6364
29189210806,"St. Louis, MO (CT)",0,2471,2471,0,6004,6004
29189210912,"St. Louis, MO (CT)",424,2388,2812,1040,5982,7022
29189210921,"St. Louis, MO (CT)",0,1575,1575,0,4141,4141
29189210923,"St. Louis, MO (CT)",0,2039,2039,0,5300,5300
29189210924,"St. Louis, MO (CT)",0,1823,1823,0,4576,4576
29189210925,"St. Louis, MO (CT)",0,2269,2269,0,5333,5333
29189210926,"St. Louis, MO (CT)",0,1012,1012,0,2688,2688
29189210927,"St. Louis, MO (CT)",0,1766,1766,0,4665,4665
29189210928,"St. Louis, MO (CT)",0,1543,1543,0,4333,4333
29189211000,"St. Louis, MO (CT)",0,3192,3192,0,7414,7414
29189211101,"St. Louis, MO (CT)",0,3090,3090,0,6959,6959
29189211102,"St. Louis, MO (CT)",0,2360,2360,0,5006,5006
29189211201,"St. Louis, MO (CT)",0,2698,2698,0,5109,5109
29189211202,"St. Louis, MO (CT)",0,1569,1569,0,3421,3421
29189211301,"St. Louis, MO (CT)",0,2572,2572,0,6114,6114
29189211331,"St. Louis, MO (CT)",0,2555,2555,0,6352,6352
29189211332,"St. Louis, MO (CT)",0,2646,2646,0,6483,6483
29189211333,"St. Louis, MO (CT)",0,2295,2295,0,5148,5148
29189211334,"St. Louis, MO (CT)",35,1675,1710,80,4031,4111
29189211401,"St. Louis, MO (CT)",218,2488,2706,496,4833,5329
29189211402,"St. Louis, MO (CT)",0,1281,1281,0,2211,2211
29189211500,"St. Louis, MO (CT)",0,1339,1339,0,3494,3494
29189211600,"St. Louis, MO (CT)",0,2549,2549,0,6200,6200
29189211700,"St. Louis, MO (CT)",0,1701,1701,0,3985,3985
29189211801,"St. Louis, MO (CT)",0,1786,1786,0,3965,3965
29189211802,"St. Louis, MO (CT)",0,1616,1616,0,3843,3843
29189211900,"St. Louis, MO (CT)",0,2413,2413,0,5454,5454
29189212001,"St. Louis, MO (CT)",0,3510,3510,0,7506,7506
29189212002,"St. Louis, MO (CT)",0,1803,1803,0,3850,3850
29189212101,"St. Louis, MO (CT)",0,2097,2097,0,4401,4401
29189212102,"St. Louis, MO (CT)",0,1288,1288,0,3101,3101
29189212200,"St. Louis, MO (CT)",0,3065,3065,0,6778,6778
29189212300,"St. Louis, MO (CT)",0,2744,2744,0,5037,5037
29189212400,"St. Louis, MO (CT)",0,927,927,0,2349,2349
29189212500,"St. Louis, MO (CT)",0,2160,2160,0,5071,5071
29189212600,"St. Louis, MO (CT)",0,2011,2011,0,4671,4671
29189212700,"St. Louis, MO (CT)",0,2408,2408,0,5670,5670
29189213101,"St. Louis, MO (CT)",0,2042,2042,0,4606,4606
29189213102,"St. Louis, MO (CT)",0,236,236,0,411,411
29189213202,"St. Louis, MO (CT)",0,2874,2874,0,6811,6811
29189213203,"St. Louis, MO (CT)",0,2060,2060,0,4759,4759
29189213204,"St. Louis, MO (CT)",0,1625,1625,0,3869,3869
29189213300,"St. Louis, MO (CT)",0,3573,3573,0,7213,7213
29189213400,"St. Louis, MO (CT)",0,2995,2995,0,6669,6669
29189213500,"St. Louis, MO (CT)",0,2242,2242,0,4983,4983
29189213600,"St. Louis, MO (CT)",0,2021,2021,0,4446,4446
29189213700,"St. Louis, MO (CT)",0,2492,2492,0,5484,5484
29189213800,"St. Louis, MO (CT)",0,2696,2696,0,5778,5778
29189213900,"St. Louis, MO (CT)",0,922,922,0,2189,2189
29189214100,"St. Louis, MO (CT)",0,634,634,0,1458,1458
29189214200,"St. Louis, MO (CT)",0,1487,1487,0,3370,3370
29189214300,"St. Louis, MO (CT)",0,1815,1815,0,4052,4052
29189214400,"St. Louis, MO (CT)",0,2324,2324,0,5082,5082
29189214500,"St. Louis, MO (CT)",0,1481,1481,0,3089,3089
29189214601,"St. Louis, MO (CT)",0,1827,1827,0,3958,3958
29189214602,"St. Louis, MO (CT)",0,1867,1867,0,4141,4141
29189214700,"St. Louis, MO (CT)",0,3071,3071,0,6881,6881
29189214800,"St. Louis, MO (CT)",0,2733,2733,0,5571,5571
29189214900,"St. Louis, MO (CT)",0,3095,3095,0,6172,6172
29189215001,"St. Louis, MO (CT)",0,1373,1373,0,2645,2645
29189215003,"St. Louis, MO (CT)",0,2108,2108,0,4308,4308
29189215004,"St. Louis, MO (CT)",0,1796,1796,0,2761,2761
29189215005,"St. Louis, MO (CT)",0,2918,2918,0,5491,5491
29189215102,"St. Louis, MO (CT)",0,2379,2379,0,4746,4746
29189215103,"St. Louis, MO (CT)",0,1124,1124,0,2549,2549
29189215105,"St. Louis, MO (CT)",7,1181,1188,12,2337,2349
29189215141,"St. Louis, MO (CT)",0,2018,2018,0,4193,4193
29189215142,"St. Louis, MO (CT)",0,3612,3612,0,6855,6855
29189215143,"St. Louis, MO (CT)",3,1251,1254,5,2970,2975
29189215144,"St. Louis, MO (CT)",0,2770,2770,0,5727,5727
29189215201,"St. Louis, MO (CT)",0,2657,2657,0,6430,6430
29189215202,"St. Louis, MO (CT)",0,2967,2967,0,7020,7020
29189215231,"St. Louis, MO (CT)",0,1891,1891,0,4504,4504
29189215232,"St. Louis, MO (CT)",0,3323,3323,0,7936,7936
29189215301,"St. Louis, MO (CT)",0,2101,2101,0,4264,4264
29189215302,"St. Louis, MO (CT)",0,1324,1324,0,3289,3289
29189215400,"St. Louis, MO (CT)",0,2043,2043,0,5159,5159
29189215500,"St. Louis, MO (CT)",0,1942,1942,0,4759,4759
29189215600,"St. Louis, MO (CT)",0,2102,2102,0,4889,4889
29189215700,"St. Louis, MO (CT)",0,2785,2785,0,5747,5747
29189215800,"St. Louis, MO (CT)",0,4612,4612,0,7801,7801
29189215900,"St. Louis, MO (CT)",0,3080,3080,0,7005,7005
29189216000,"St. Louis, MO (CT)",0,781,781,0,1753,1753
29189216100,"St. Louis, MO (CT)",0,3135,3135,0,5479,5479
29189216200,"St. Louis, MO (CT)",0,3629,3629,0,7589,7589
29189216300,"St. Louis, MO (CT)",0,1345,1345,0,6924,6924
29189216400,"St. Louis, MO (CT)",0,2915,2915,0,5537,5537
29189216500,"St. Louis, MO (CT)",0,2061,2061,0,4450,4450
29189216600,"St. Louis, MO (CT)",0,903,903,0,1889,1889
29189216700,"St. Louis, MO (CT)",0,1968,1968,0,3512,3512
29189216800,"St. Louis, MO (CT)",0,1810,1810,0,3205,3205
29189216900,"St. Louis, MO (CT)",0,1497,1497,0,2327,2327
29189217000,"St. Louis, MO (CT)",0,2320,2320,0,3942,3942
29189217200,"St. Louis, MO (CT)",0,1072,1072,0,1777,1777
29189217300,"St. Louis, MO (CT)",0,1608,1608,0,2972,2972
29189217400,"St. Louis, MO (CT)",0,2607,2607,0,4705,4705
29189217500,"St. Louis, MO (CT)",0,2157,2157,0,5382,5382
29189217600,"St. Louis, MO (CT)",0,2890,2890,0,7115,7115
29189217701,"St. Louis, MO (CT)",0,1745,1745,0,4808,4808
29189217702,"St. Louis, MO (CT)",0,2732,2732,0,7561,7561
29189217802,"St. Louis, MO (CT)",0,2842,2842,0,6944,6944
29189217806,"St. Louis, MO (CT)",0,2473,2473,0,5360,5360
29189217807,"St. Louis, MO (CT)",0,2630,2630,0,6089,6089
29189217841,"St. Louis, MO (CT)",0,2119,2119,0,5187,5187
29189217842,"St. Louis, MO (CT)",0,3155,3155,0,6965,6965
29189217851,"St. Louis, MO (CT)",0,1186,1186,0,3229,3229
29189217852,"St. Louis, MO (CT)",0,2478,2478,0,6391,6391
29189217921,"St. Louis, MO (CT)",301,1469,1770,724,4234,4958
29189217923,"St. Louis, MO (CT)",0,2895,2895,0,7269,7269
29189217931,"St. Louis, MO (CT)",0,2535,2535,0,6600,6600
29189217932,"St. Louis, MO (CT)",0,1913,1913,0,4890,4890
29189217941,"St. Louis, MO (CT)",0,2330,2330,0,5829,5829
29189217942,"St. Louis, MO (CT)",0,2379,2379,0,5287,5287
29189217943,"St. Louis, MO (CT)",0,1214,1214,0,3203,3203
29189217944,"St. Louis, MO (CT)",0,2105,2105,0,5967,5967
29189218003,"St. Louis, MO (CT)",0,3030,3030,0,7204,7204
29189218011,"St. Louis, MO (CT)",0,3034,3034,0,6930,6930
29189218012,"St. Louis, MO (CT)",0,1674,1674,0,4495,4495
29189218102,"St. Louis, MO (CT)",0,1336,1336,0,2984,2984
29189218103,"St. Louis, MO (CT)",0,3028,3028,0,5493,5493
29189218201,"St. Louis, MO (CT)",0,1314,1314,0,2788,2788
29189218300,"St. Louis, MO (CT)",0,2138,2138,0,4146,4146
29189218401,"St. Louis, MO (CT)",0,1687,1687,0,3820,3820
29189218402,"St. Louis, MO (CT)",0,2034,2034,0,4689,4689
29189218500,"St. Louis, MO (CT)",0,2082,2082,0,4746,4746
29189218600,"St. Louis, MO (CT)",0,1451,1451,0,2723,2723
29189218800,"St. Louis, MO (CT)",0,2348,2348,0,5925,5925
29189218900,"St. Louis, MO (CT)",0,2965,2965,0,6269,6269
29189219100,"St. Louis, MO (CT)",0,1789,1789,0,4032,4032
29189219200,"St. Louis, MO (CT)",0,933,933,0,2366,2366
29189219300,"St. Louis, MO (CT)",0,863,863,0,2039,2039
29189219400,"St. Louis, MO (CT)",0,2373,2373,0,5964,5964
29189219500,"St. Louis, MO (CT)",0,3103,3103,0,7047,7047
29189219600,"St. Louis, MO (CT)",0,3628,3628,0,6607,6607
29189219700,"St. Louis, MO (CT)",0,2821,2821,0,5964,5964
29189219800,"St. Louis, MO (CT)",0,3463,3463,0,7435,7435
29189219900,"St. Louis, MO (CT)",0,2621,2621,0,5951,5951
29189220001,"St. Louis, MO (CT)",0,2360,2360,0,4991,4991
29189220002,"St. Louis, MO (CT)",0,1625,1625,0,3279,3279
29189220100,"St. Louis, MO (CT)",0,3435,3435,0,7542,7542
29189220200,"St. Louis, MO (CT)",0,2454,2454,0,5702,5702
29189220300,"St. Louis, MO (CT)",0,872,872,0,1862,1862
29189220431,"St. Louis, MO (CT)",0,3944,3944,0,8129,8129
29189220432,"St. Louis, MO (CT)",0,3112,3112,0,8049,8049
29189220441,"St. Louis, MO (CT)",0,2721,2721,0,5898,5898
29189220442,"St. Louis, MO (CT)",0,1844,1844,0,4412,4412
29189220443,"St. Louis, MO (CT)",0,1955,1955,0,4255,4255
29189220444,"St. Louis, MO (CT)",100,2649,2749,250,7454,7704
29189220445,"St. Louis, MO (CT)",0,1823,1823,0,4947,4947
29189220446,"St. Louis, MO (CT)",0,1690,1690,0,4584,4584
29189220501,"St. Louis, MO (CT)",0,2935,2935,0,6117,6117
29189220502,"St. Louis, MO (CT)",0,3125,3125,0,6741,6741
29189220601,"St. Louis, MO (CT)",0,2820,2820,0,6477,6477
29189220602,"St. Louis, MO (CT)",0,2651,2651,0,5365,5365
29189220701,"St. Louis, MO (CT)",0,1324,1324,0,2573,2573
29189220702,"St. Louis, MO (CT)",0,1701,1701,0,3653,3653
29189220703,"St. Louis, MO (CT)",0,1140,1140,0,2589,2589
29189220801,"St. Louis, MO (CT)",0,2888,2888,0,5348,5348
29189220802,"St. Louis, MO (CT)",0,2331,2331,0,4738,4738
29189220803,"St. Louis, MO (CT)",0,1973,1973,0,4761,4761
29189221000,"St. Louis, MO (CT)",0,1434,1434,0,3354,3354
29189221100,"St. Louis, MO (CT)",0,759,759,0,1833,1833
29189221201,"St. Louis, MO (CT)",0,1523,1523,0,3303,3303
29189221202,"St. Louis, MO (CT)",0,2866,2866,0,6067,6067
29189221301,"St. Louis, MO (CT)",0,3292,3292,0,7345,7345
29189221302,"St. Louis, MO (CT)",0,3143,3143,0,6619,6619
29189221332,"St. Louis, MO (CT)",0,1844,1844,0,4433,4433
29189221335,"St. Louis, MO (CT)",0,2572,2572,0,5830,5830
29189221421,"St. Louis, MO (CT)",158,2209,2367,377,6302,6679
29189221422,"St. Louis, MO (CT)",0,3342,3342,0,8870,8870
29189221423,"St. Louis, MO (CT)",0,1619,1619,0,4035,4035
29189221424,"St. Louis, MO (CT)",0,1810,1810,0,4996,4996
29189221502,"St. Louis, MO (CT)",766,1599,2365,2062,4475,6537
29189221503,"St. Louis, MO (CT)",183,2100,2283,447,6788,7235
29189221506,"St. Louis, MO (CT)",0,1754,1754,0,5028,5028
29189221621,"St. Louis, MO (CT)",1425,242,1667,3674,702,4376
29189221624,"St. Louis, MO (CT)",0,1367,1367,0,3393,3393
29189221625,"St. Louis, MO (CT)",0,2569,2569,0,6762,6762
29189221626,"St. Louis, MO (CT)",0,1998,1998,0,5978,5978
29189221627,"St. Louis, MO (CT)",24,1986,2010,52,6461,6513
29189221628,"St. Louis, MO (CT)",92,3694,3786,154,6563,6717
29189221629,"St. Louis, MO (CT)",36,1840,1876,79,5508,5587
29189221800,"St. Louis, MO (CT)",0,1545,1545,0,3565,3565
29189221900,"St. Louis, MO (CT)",0,1611,1611,0,3744,3744
29189222000,"St. Louis, MO (CT)",0,1712,1712,0,3818,3818
29189222100,"St. Louis, MO (CT)",491,1390,1881,1174,3804,4978
29195090100,"Saline, MO (CT)",1326,0,1326,2483,0,2483
29195090200,"Saline, MO (CT)",1026,3,1029,2433,92,2525
29195090300,"Saline, MO (CT)",118,1253,1371,342,2731,3073
29195090400,"Saline, MO (CT)",0,1221,1221,0,2939,2939
29195090500,"Saline, MO (CT)",61,1413,1474,157,4061,4218
29195090600,"Saline, MO (CT)",0,1254,1254,0,2842,2842
29195090700,"Saline, MO (CT)",1269,0,1269,2715,0,2715
29195090800,"Saline, MO (CT)",1173,0,1173,2575,0,2575
29197470100,"Schuyler, MO (CT)",985,0,985,2075,0,2075
29197470200,"Schuyler, MO (CT)",1117,0,1117,2356,0,2356
29199480100,"Scotland, MO (CT)",1319,0,1319,2896,0,2896
29199480200,"Scotland, MO (CT)",1050,0,1050,1947,0,1947
29201780100,"Scott, MO (CT)",81,1381,1462,196,3179,3375
29201780200,"Scott, MO (CT)",474,1342,1816,1191,2973,4164
29201780300,"Scott, MO (CT)",1226,0,1226,2729,0,2729
29201780400,"Scott, MO (CT)",2158,0,2158,5335,0,5335
29201780600,"Scott, MO (CT)",550,1323,1873,1276,3030,4306
29201780700,"Scott, MO (CT)",132,1172,1304,227,2887,3114
29201781000,"Scott, MO (CT)",1621,0,1621,3935,0,3935
29201781100,"Scott, MO (CT)",503,890,1393,1214,2037,3251
29201781200,"Scott, MO (CT)",28,2653,2681,47,5797,5844
29201781300,"Scott, MO (CT)",48,1405,1453,135,3003,3138
29203470100,"Shannon, MO (CT)",1871,0,1871,3393,0,3393
29203470200,"Shannon, MO (CT)",2293,0,2293,5048,0,5048
29205450100,"Shelby, MO (CT)",936,0,936,1880,0,1880
29205450200,"Shelby, MO (CT)",1339,0,1339,2672,0,2672
29205450300,"Shelby, MO (CT)",931,0,931,1821,0,1821
29207470100,"Stoddard, MO (CT)",1760,0,1760,3826,0,3826
29207470200,"Stoddard, MO (CT)",2021,0,2021,4573,0,4573
29207470300,"Stoddard, MO (CT)",1749,147,1896,3875,373,4248
29207470400,"Stoddard, MO (CT)",1331,47,1378,3004,98,3102
29207470500,"Stoddard, MO (CT)",79,1603,1682,176,3318,3494
29207470600,"Stoddard, MO (CT)",198,2090,2288,475,4493,4968
29207470700,"Stoddard, MO (CT)",1279,0,1279,2724,0,2724
29207470800,"Stoddard, MO (CT)",1000,305,1305,2262,771,3033
29209090100,"Stone, MO (CT)",3176,0,3176,7480,0,7480
29209090200,"Stone, MO (CT)",3559,0,3559,4950,0,4950
29209090400,"Stone, MO (CT)",3886,260,4146,5152,247,5399
29209090500,"Stone, MO (CT)",1851,1792,3643,2857,2921,5778
29209090601,"Stone, MO (CT)",2562,396,2958,2910,471,3381
29209090602,"Stone, MO (CT)",2889,2,2891,5210,4,5214
29211480100,"Sullivan, MO (CT)",1187,0,1187,2124,0,2124
29211480200,"Sullivan, MO (CT)",869,0,869,1579,0,1579
29211480300,"Sullivan, MO (CT)",1302,0,1302,3011,0,3011
29213480105,"Taney, MO (CT)",15,5979,5994,23,6506,6529
29213480106,"Taney, MO (CT)",513,873,1386,361,1582,1943
29213480201,"Taney, MO (CT)",1607,2870,4477,3968,5162,9130
29213480202,"Taney, MO (CT)",1179,2093,3272,2747,4185,6932
29213480301,"Taney, MO (CT)",1179,1016,2195,2385,2514,4899
29213480302,"Taney, MO (CT)",2068,345,2413,3664,529,4193
29213480401,"Taney, MO (CT)",1690,1255,2945,3343,2404,5747
29213480402,"Taney, MO (CT)",1309,0,1309,2495,0,2495
29213480501,"Taney, MO (CT)",1981,0,1981,2301,0,2301
29213480502,"Taney, MO (CT)",611,2672,3283,1378,6128,7506
29215480100,"Texas, MO (CT)",2863,0,2863,7828,0,7828
29215480200,"Texas, MO (CT)",2664,0,2664,5289,0,5289
29215480300,"Texas, MO (CT)",3146,0,3146,6522,0,6522
29215480400,"Texas, MO (CT)",2928,84,3012,6164,205,6369
29217950100,"Vernon, MO (CT)",1525,21,1546,3370,52,3422
29217950200,"Vernon, MO (CT)",933,0,933,2215,0,2215
29217950300,"Vernon, MO (CT)",202,2489,2691,475,5574,6049
29217950400,"Vernon, MO (CT)",88,1570,1658,193,3004,3197
29217950500,"Vernon, MO (CT)",1219,87,1306,2982,202,3184
29217950600,"Vernon, MO (CT)",1361,0,1361,3092,0,3092
29219820101,"Warren, MO (CT)",1639,1347,2986,3895,3341,7236
29219820102,"Warren, MO (CT)",1172,2454,3626,2674,5738,8412
29219820103,"Warren, MO (CT)",1660,1210,2870,4203,2938,7141
29219820201,"Warren, MO (CT)",1914,0,1914,2216,0,2216
29219820202,"Warren, MO (CT)",3289,0,3289,7508,0,7508
29221460100,"Washington, MO (CT)",2524,219,2743,6054,471,6525
29221460200,"Washington, MO (CT)",2454,0,2454,4785,0,4785
29221460300,"Washington, MO (CT)",411,1345,1756,960,3704,4664
29221460400,"Washington, MO (CT)",1842,253,2095,4318,744,5062
29221460500,"Washington, MO (CT)",1969,0,1969,4159,0,4159
29223690100,"Wayne, MO (CT)",2545,0,2545,3603,0,3603
29223690200,"Wayne, MO (CT)",1821,0,1821,3456,0,3456
29223690300,"Wayne, MO (CT)",2191,0,2191,4040,0,4040
29223690400,"Wayne, MO (CT)",1526,0,1526,2422,0,2422
29225470101,"Webster, MO (CT)",1835,128,1963,4362,351,4713
29225470102,"Webster, MO (CT)",2281,40,2321,5534,82,5616
29225470201,"Webster, MO (CT)",701,1447,2148,1797,3316,5113
29225470202,"Webster, MO (CT)",504,1318,1822,1159,2952,4111
29225470301,"Webster, MO (CT)",1016,1097,2113,2515,2737,5252
29225470302,"Webster, MO (CT)",1536,0,1536,4635,0,4635
29225470401,"Webster, MO (CT)",1489,0,1489,3773,0,3773
29225470402,"Webster, MO (CT)",1025,0,1025,2989,0,2989
29227960100,"Worth, MO (CT)",1281,0,1281,2171,0,2171
29229490100,"Wright, MO (CT)",1803,17,1820,3773,47,3820
29229490200,"Wright, MO (CT)",1826,0,1826,3917,0,3917
29229490300,"Wright, MO (CT)",2382,16,2398,5389,42,5431
29229490400,"Wright, MO (CT)",560,2096,2656,1338,4309,5647
29510101100,"St. Louis city, MO (CT)",0,1220,1220,0,2600,2600
29510101200,"St. Louis city, MO (CT)",0,1562,1562,0,3100,3100
29510101300,"St. Louis city, MO (CT)",0,2188,2188,0,4336,4336
29510101400,"St. Louis city, MO (CT)",0,1432,1432,0,2703,2703
29510101500,"St. Louis city, MO (CT)",0,1625,1625,0,3126,3126
29510101800,"St. Louis city, MO (CT)",0,1600,1600,0,3092,3092
29510102100,"St. Louis city, MO (CT)",0,1764,1764,0,2780,2780
29510102200,"St. Louis city, MO (CT)",0,3135,3135,0,6028,6028
29510102300,"St. Louis city, MO (CT)",0,927,927,0,1846,1846
29510102400,"St. Louis city, MO (CT)",0,1209,1209,0,2478,2478
29510102500,"St. Louis city, MO (CT)",0,1030,1030,0,1918,1918
29510103100,"St. Louis city, MO (CT)",0,1970,1970,0,3299,3299
29510103400,"St. Louis city, MO (CT)",0,970,970,0,1968,1968
29510103600,"St. Louis city, MO (CT)",0,696,696,0,1329,1329
29510103700,"St. Louis city, MO (CT)",0,1458,1458,0,2531,2531
29510103800,"St. Louis city, MO (CT)",0,1902,1902,0,3819,3819
29510104200,"St. Louis city, MO (CT)",0,2080,2080,0,3401,3401
29510104500,"St. Louis city, MO (CT)",0,1227,1227,0,1846,1846
29510105198,"St. Louis city, MO (CT)",0,2111,2111,0,3463,3463
29510105200,"St. Louis city, MO (CT)",0,1647,1647,0,2675,2675
29510105300,"St. Louis city, MO (CT)",0,1539,1539,0,2203,2203
29510105400,"St. Louis city, MO (CT)",0,1213,1213,0,2507,2507
29510105500,"St. Louis city, MO (CT)",0,1561,1561,0,2922,2922
29510106100,"St. Louis city, MO (CT)",0,1347,1347,0,2427,2427
29510106200,"St. Louis city, MO (CT)",0,943,943,0,1738,1738
29510106300,"St. Louis city, MO (CT)",0,1257,1257,0,1966,1966
29510106400,"St. Louis city, MO (CT)",0,1547,1547,0,2392,2392
29510106500,"St. Louis city, MO (CT)",0,1555,1555,0,3267,3267
29510106600,"St. Louis city, MO (CT)",0,1004,1004,0,1783,1783
29510106700,"St. Louis city, MO (CT)",0,1948,1948,0,3515,3515
29510107200,"St. Louis city, MO (CT)",0,649,649,0,1342,1342
29510107300,"St. Louis city, MO (CT)",0,2217,2217,0,4983,4983
29510107400,"St. Louis city, MO (CT)",0,1292,1292,0,2788,2788
29510107500,"St. Louis city, MO (CT)",0,1317,1317,0,2711,2711
29510107600,"St. Louis city, MO (CT)",0,1115,1115,0,2225,2225
29510108100,"St. Louis city, MO (CT)",0,1454,1454,0,3403,3403
29510108200,"St. Louis city, MO (CT)",0,1237,1237,0,2698,2698
29510108300,"St. Louis city, MO (CT)",0,1043,1043,0,2267,2267
29510109600,"St. Louis city, MO (CT)",0,1699,1699,0,3316,3316
29510109700,"St. Louis city, MO (CT)",0,1547,1547,0,2487,2487
29510110100,"St. Louis city, MO (CT)",0,1657,1657,0,2984,2984
29510110200,"St. Louis city, MO (CT)",0,1475,1475,0,2654,2654
29510110300,"St. Louis city, MO (CT)",0,1573,1573,0,2483,2483
29510110400,"St. Louis city, MO (CT)",0,1357,1357,0,2539,2539
29510110500,"St. Louis city, MO (CT)",0,902,902,0,1562,1562
29510111100,"St. Louis city, MO (CT)",0,811,811,0,1556,1556
29510111200,"St. Louis city, MO (CT)",0,730,730,0,1276,1276
29510111300,"St. Louis city, MO (CT)",0,1241,1241,0,1554,1554
29510111400,"St. Louis city, MO (CT)",0,915,915,0,1643,1643
29510111500,"St. Louis city, MO (CT)",0,452,452,0,1010,1010
29510112100,"St. Louis city, MO (CT)",0,2942,2942,0,4285,4285
29510112200,"St. Louis city, MO (CT)",0,887,887,0,1586,1586
29510112300,"St. Louis city, MO (CT)",0,1313,1313,0,2415,2415
29510112400,"St. Louis city, MO (CT)",0,2748,2748,0,4023,4023
29510113500,"St. Louis city, MO (CT)",0,1409,1409,0,2331,2331
29510114101,"St. Louis city, MO (CT)",0,2590,2590,0,4281,4281
29510114102,"St. Louis city, MO (CT)",0,2302,2302,0,4128,4128
29510114200,"St. Louis city, MO (CT)",0,2684,2684,0,4721,4721
29510114300,"St. Louis city, MO (CT)",0,2755,2755,0,5485,5485
29510115100,"St. Louis city, MO (CT)",0,2005,2005,0,4287,4287
29510115200,"St. Louis city, MO (CT)",0,1681,1681,0,3149,3149
29510115300,"St. Louis city, MO (CT)",0,2325,2325,0,4958,4958
29510115400,"St. Louis city, MO (CT)",0,1396,1396,0,3122,3122
29510115500,"St. Louis city, MO (CT)",0,2915,2915,0,5625,5625
29510115600,"St. Louis city, MO (CT)",0,2846,2846,0,5279,5279
29510115700,"St. Louis city, MO (CT)",0,1834,1834,0,3567,3567
29510116100,"St. Louis city, MO (CT)",0,1750,1750,0,3274,3274
29510116200,"St. Louis city, MO (CT)",0,2412,2412,0,4325,4325
29510116301,"St. Louis city, MO (CT)",0,1599,1599,0,2999,2999
29510116302,"St. Louis city, MO (CT)",0,1517,1517,0,3007,3007
29510116400,"St. Louis city, MO (CT)",0,2482,2482,0,4891,4891
29510116500,"St. Louis city, MO (CT)",0,2164,2164,0,3844,3844
29510117100,"St. Louis city, MO (CT)",0,1167,1167,0,1537,1537
29510117200,"St. Louis city, MO (CT)",0,2855,2855,0,5359,5359
29510117400,"St. Louis city, MO (CT)",0,2308,2308,0,4235,4235
29510118100,"St. Louis city, MO (CT)",0,843,843,0,1324,1324
29510118400,"St. Louis city, MO (CT)",0,564,564,0,1159,1159
29510118600,"St. Louis city, MO (CT)",0,1756,1756,0,3421,3421
29510119101,"St. Louis city, MO (CT)",0,2020,2020,0,2584,2584
29510119102,"St. Louis city, MO (CT)",0,2146,2146,0,2994,2994
29510119200,"St. Louis city, MO (CT)",0,1070,1070,0,1703,1703
29510119300,"St. Louis city, MO (CT)",0,1967,1967,0,5454,5454
29510120200,"St. Louis city, MO (CT)",0,628,628,0,1271,1271
29510121100,"St. Louis city, MO (CT)",0,1139,1139,0,1941,1941
29510121200,"St. Louis city, MO (CT)",0,1167,1167,0,2474,2474
29510123100,"St. Louis city, MO (CT)",0,1819,1819,0,3351,3351
29510123200,"St. Louis city, MO (CT)",0,1501,1501,0,2298,2298
29510123300,"St. Louis city, MO (CT)",0,1698,1698,0,2586,2586
29510124100,"St. Louis city, MO (CT)",0,2393,2393,0,4644,4644
29510124200,"St. Louis city, MO (CT)",0,1811,1811,0,3201,3201
29510124300,"St. Louis city, MO (CT)",0,2004,2004,0,3131,3131
29510124600,"St. Louis city, MO (CT)",0,944,944,0,1845,1845
29510125500,"St. Louis city, MO (CT)",0,3067,3067,0,2885,2885
29510125600,"St. Louis city, MO (CT)",0,3149,3149,0,4113,4113
29510125700,"St. Louis city, MO (CT)",0,1710,1710,0,3329,3329
29510126600,"St. Louis city, MO (CT)",0,1467,1467,0,3543,3543
29510126700,"St. Louis city, MO (CT)",0,1016,1016,0,1258,1258
29510126800,"St. Louis city, MO (CT)",0,1962,1962,0,3698,3698
29510126900,"St. Louis city, MO (CT)",0,2275,2275,0,5016,5016
29510127000,"St. Louis city, MO (CT)",2,846,848,1,2469,2470
29510127100,"St. Louis city, MO (CT)",0,1336,1336,0,2234,2234
29510127200,"St. Louis city, MO (CT)",0,2393,2393,0,4075,4075
29510127300,"St. Louis city, MO (CT)",0,1940,1940,0,3769,3769
29510127400,"St. Louis city, MO (CT)",0,2233,2233,0,4795,4795
29510127500,"St. Louis city, MO (CT)",0,1599,1599,0,2237,2237
29510127600,"St. Louis city, MO (CT)",0,2301,2301,0,3239,3239
30001000100,"Beaverhead, MT (CT)",1335,0,1335,1366,0,1366
30001000200,"Beaverhead, MT (CT)",1621,257,1878,2921,549,3470
30001000300,"Beaverhead, MT (CT)",170,1890,2060,350,4060,4410
30003000100,"Big Horn, MT (CT)",458,1425,1883,950,3572,4522
30003940400,"Big Horn, MT (CT)",582,0,582,1790,0,1790
30003940500,"Big Horn, MT (CT)",711,0,711,1436,0,1436
30003940600,"Big Horn, MT (CT)",794,15,809,2881,42,2923
30003940700,"Big Horn, MT (CT)",710,0,710,2194,0,2194
30005000100,"Blaine, MT (CT)",635,0,635,1353,0,1353
30005000200,"Blaine, MT (CT)",1279,0,1279,2410,0,2410
30005940100,"Blaine, MT (CT)",459,0,459,1398,0,1398
30005940200,"Blaine, MT (CT)",470,0,470,1330,0,1330
30007000100,"Broadwater, MT (CT)",972,0,972,2077,0,2077
30007000200,"Broadwater, MT (CT)",1723,0,1723,3535,0,3535
30009000100,"Carbon, MT (CT)",1152,0,1152,2487,0,2487
30009000200,"Carbon, MT (CT)",874,0,874,1756,0,1756
30009000300,"Carbon, MT (CT)",1730,0,1730,2222,0,2222
30009000400,"Carbon, MT (CT)",1887,0,1887,2259,0,2259
30009000500,"Carbon, MT (CT)",798,0,798,1354,0,1354
30011000300,"Carter, MT (CT)",810,0,810,1160,0,1160
30013000100,"Cascade, MT (CT)",5,1188,1193,17,2604,2621
30013000200,"Cascade, MT (CT)",0,1746,1746,0,3846,3846
30013000300,"Cascade, MT (CT)",0,1488,1488,0,3432,3432
30013000400,"Cascade, MT (CT)",0,984,984,0,1910,1910
30013000700,"Cascade, MT (CT)",0,1004,1004,0,2053,2053
30013000800,"Cascade, MT (CT)",0,926,926,0,1810,1810
30013000900,"Cascade, MT (CT)",0,1491,1491,0,3328,3328
30013001000,"Cascade, MT (CT)",0,1463,1463,0,3372,3372
30013001100,"Cascade, MT (CT)",0,1888,1888,0,4343,4343
30013001200,"Cascade, MT (CT)",6,1165,1171,15,3457,3472
30013001600,"Cascade, MT (CT)",0,2086,2086,0,4377,4377
30013001700,"Cascade, MT (CT)",87,891,978,206,2034,2240
30013001800,"Cascade, MT (CT)",0,1534,1534,0,3694,3694
30013001900,"Cascade, MT (CT)",31,2222,2253,93,5656,5749
30013002100,"Cascade, MT (CT)",161,2106,2267,402,4435,4837
30013002200,"Cascade, MT (CT)",224,3093,3317,502,5965,6467
30013002300,"Cascade, MT (CT)",851,1994,2845,2257,4900,7157
30013010100,"Cascade, MT (CT)",1240,431,1671,2927,819,3746
30013010400,"Cascade, MT (CT)",1268,0,1268,1764,0,1764
30013010600,"Cascade, MT (CT)",2185,0,2185,3734,0,3734
30013010700,"Cascade, MT (CT)",1783,4,1787,4203,252,4455
30013010800,"Cascade, MT (CT)",0,1731,1731,0,2920,2920
30015010200,"Chouteau, MT (CT)",1157,0,1157,2125,0,2125
30015010300,"Chouteau, MT (CT)",1722,0,1722,3688,0,3688
30017961300,"Custer, MT (CT)",930,1,931,1904,1,1905
30017961500,"Custer, MT (CT)",0,868,868,0,1794,1794
30017961600,"Custer, MT (CT)",88,902,990,191,2100,2291
30017961800,"Custer, MT (CT)",0,683,683,0,1456,1456
30017961900,"Custer, MT (CT)",0,825,825,0,1990,1990
30017962000,"Custer, MT (CT)",0,1263,1263,0,2263,2263
30019020300,"Daniels, MT (CT)",1111,0,1111,1751,0,1751
30021000100,"Dawson, MT (CT)",818,0,818,1456,0,1456
30021000200,"Dawson, MT (CT)",384,792,1176,795,1795,2590
30021000300,"Dawson, MT (CT)",88,2151,2239,221,4699,4920
30023000300,"Deer Lodge, MT (CT)",77,1578,1655,158,2809,2967
30023000400,"Deer Lodge, MT (CT)",139,1637,1776,199,2961,3160
30023000500,"Deer Lodge, MT (CT)",1495,196,1691,2771,400,3171
30025000100,"Fallon, MT (CT)",1470,0,1470,2890,0,2890
30027030100,"Fergus, MT (CT)",2505,27,2532,4965,46,5011
30027030200,"Fergus, MT (CT)",221,3083,3304,531,6044,6575
30029000100,"Flathead, MT (CT)",3237,0,3237,3255,0,3255
30029000201,"Flathead, MT (CT)",1425,762,2187,2600,1943,4543
30029000202,"Flathead, MT (CT)",1139,0,1139,2736,0,2736
30029000203,"Flathead, MT (CT)",72,1789,1861,175,4086,4261
30029000300,"Flathead, MT (CT)",1825,1746,3571,1937,2432,4369
30029000401,"Flathead, MT (CT)",1234,1365,2599,2792,2508,5300
30029000402,"Flathead, MT (CT)",632,836,1468,1329,1360,2689
30029000601,"Flathead, MT (CT)",1254,405,1659,3130,966,4096
30029000602,"Flathead, MT (CT)",1504,91,1595,3275,248,3523
30029000700,"Flathead, MT (CT)",306,2042,2348,738,5052,5790
30029000800,"Flathead, MT (CT)",951,2150,3101,2267,4827,7094
30029000900,"Flathead, MT (CT)",0,3217,3217,0,6855,6855
30029001000,"Flathead, MT (CT)",0,1103,1103,0,1912,1912
30029001100,"Flathead, MT (CT)",0,2703,2703,0,5755,5755
30029001200,"Flathead, MT (CT)",437,2519,2956,1017,6008,7025
30029001301,"Flathead, MT (CT)",2521,0,2521,3228,0,3228
30029001302,"Flathead, MT (CT)",2434,0,2434,4788,0,4788
30029001400,"Flathead, MT (CT)",3079,0,3079,5594,0,5594
30029001700,"Flathead, MT (CT)",4122,63,4185,7953,162,8115
30031000101,"Gallatin, MT (CT)",1245,654,1899,2999,1704,4703
30031000102,"Gallatin, MT (CT)",1002,0,1002,1980,0,1980
30031000103,"Gallatin, MT (CT)",0,3154,3154,0,7355,7355
30031000200,"Gallatin, MT (CT)",889,2702,3591,2135,7027,9162
30031000300,"Gallatin, MT (CT)",1513,0,1513,3098,0,3098
30031000400,"Gallatin, MT (CT)",2100,18,2118,4803,45,4848
30031000501,"Gallatin, MT (CT)",969,0,969,1940,0,1940
30031000502,"Gallatin, MT (CT)",1680,340,2020,3995,913,4908
30031000503,"Gallatin, MT (CT)",238,3989,4227,544,8314,8858
30031000504,"Gallatin, MT (CT)",543,414,957,1203,803,2006
30031000600,"Gallatin, MT (CT)",0,1326,1326,0,2406,2406
30031000701,"Gallatin, MT (CT)",0,1829,1829,0,3274,3274
30031000702,"Gallatin, MT (CT)",0,2707,2707,0,5869,5869
30031000800,"Gallatin, MT (CT)",0,1370,1370,0,2351,2351
30031000900,"Gallatin, MT (CT)",0,1942,1942,0,3665,3665
30031001001,"Gallatin, MT (CT)",0,1352,1352,0,3235,3235
30031001002,"Gallatin, MT (CT)",10,2097,2107,17,4277,4294
30031001101,"Gallatin, MT (CT)",0,1140,1140,0,4505,4505
30031001102,"Gallatin, MT (CT)",88,813,901,222,2027,2249
30031001200,"Gallatin, MT (CT)",1459,691,2150,3121,1718,4839
30031001500,"Gallatin, MT (CT)",1751,0,1751,1773,0,1773
30031001600,"Gallatin, MT (CT)",2264,0,2264,2195,0,2195
30033000100,"Garfield, MT (CT)",844,0,844,1206,0,1206
30035940200,"Glacier, MT (CT)",208,1460,1668,619,4624,5243
30035940400,"Glacier, MT (CT)",1810,0,1810,4330,0,4330
30035976000,"Glacier, MT (CT)",354,1443,1797,924,2878,3802
30035980000,"Glacier, MT (CT)",73,0,73,24,0,24
30037000100,"Golden Valley, MT (CT)",476,0,476,884,0,884
30039961700,"Granite, MT (CT)",2822,0,2822,3079,0,3079
30041040100,"Hill, MT (CT)",768,0,768,1336,0,1336
30041040200,"Hill, MT (CT)",890,0,890,1810,0,1810
30041040300,"Hill, MT (CT)",390,1708,2098,734,3136,3870
30041040400,"Hill, MT (CT)",142,1710,1852,380,4100,4480
30041040500,"Hill, MT (CT)",0,1034,1034,0,2421,2421
30041940300,"Hill, MT (CT)",608,0,608,2179,0,2179
30043962201,"Jefferson, MT (CT)",1487,0,1487,3899,0,3899
30043962202,"Jefferson, MT (CT)",1846,0,1846,3977,0,3977
30043962300,"Jefferson, MT (CT)",1722,0,1722,3530,0,3530
30045000100,"Judith Basin, MT (CT)",1336,0,1336,2072,0,2072
30047000100,"Lake, MT (CT)",1246,0,1246,1463,0,1463
30047000200,"Lake, MT (CT)",1675,0,1675,1703,0,1703
30047940301,"Lake, MT (CT)",1905,1450,3355,2226,2687,4913
30047940303,"Lake, MT (CT)",2984,1092,4076,3515,2076,5591
30047940400,"Lake, MT (CT)",1527,0,1527,3847,0,3847
30047940500,"Lake, MT (CT)",2043,0,2043,5102,0,5102
30047940600,"Lake, MT (CT)",1820,0,1820,4131,0,4131
30047940700,"Lake, MT (CT)",846,0,846,1996,0,1996
30049000100,"Lewis and Clark, MT (CT)",1840,0,1840,2132,0,2132
30049000200,"Lewis and Clark, MT (CT)",1980,10,1990,4636,19,4655
30049000300,"Lewis and Clark, MT (CT)",2081,0,2081,2513,0,2513
30049000400,"Lewis and Clark, MT (CT)",552,1996,2548,1325,4633,5958
30049000501,"Lewis and Clark, MT (CT)",527,1025,1552,1370,2549,3919
30049000502,"Lewis and Clark, MT (CT)",104,2435,2539,225,5673,5898
30049000600,"Lewis and Clark, MT (CT)",966,65,1031,2119,149,2268
30049000700,"Lewis and Clark, MT (CT)",175,2944,3119,376,6440,6816
30049000800,"Lewis and Clark, MT (CT)",148,1888,2036,305,4000,4305
30049000900,"Lewis and Clark, MT (CT)",0,2030,2030,0,3895,3895
30049001000,"Lewis and Clark, MT (CT)",63,1984,2047,152,3812,3964
30049001100,"Lewis and Clark, MT (CT)",60,2538,2598,161,5387,5548
30049001201,"Lewis and Clark, MT (CT)",263,2406,2669,697,6012,6709
30049001202,"Lewis and Clark, MT (CT)",1176,924,2100,2329,2486,4815
30051050100,"Liberty, MT (CT)",1043,0,1043,2339,0,2339
30053000100,"Lincoln, MT (CT)",1900,120,2020,3364,225,3589
30053000200,"Lincoln, MT (CT)",0,1274,1274,0,2379,2379
30053000300,"Lincoln, MT (CT)",1351,667,2018,2548,1374,3922
30053000400,"Lincoln, MT (CT)",3771,0,3771,6221,0,6221
30053000500,"Lincoln, MT (CT)",2330,0,2330,3576,0,3576
30055954000,"McCone, MT (CT)",1008,0,1008,1734,0,1734
30057000100,"Madison, MT (CT)",3881,0,3881,3108,0,3108
30057000200,"Madison, MT (CT)",1688,0,1688,2580,0,2580
30057000300,"Madison, MT (CT)",1371,0,1371,2003,0,2003
30059000100,"Meagher, MT (CT)",1432,0,1432,1891,0,1891
30061964500,"Mineral, MT (CT)",1187,0,1187,2087,0,2087
30061964600,"Mineral, MT (CT)",1259,0,1259,2136,0,2136
30063000100,"Missoula, MT (CT)",221,2408,2629,456,5256,5712
30063000201,"Missoula, MT (CT)",0,4122,4122,0,8056,8056
30063000202,"Missoula, MT (CT)",544,4108,4652,1371,9368,10739
30063000300,"Missoula, MT (CT)",0,1386,1386,0,2022,2022
30063000400,"Missoula, MT (CT)",129,1122,1251,263,2519,2782
30063000500,"Missoula, MT (CT)",0,2398,2398,0,7416,7416
30063000700,"Missoula, MT (CT)",0,1416,1416,0,2614,2614
30063000800,"Missoula, MT (CT)",0,2960,2960,0,6026,6026
30063000901,"Missoula, MT (CT)",0,2455,2455,0,5735,5735
30063000902,"Missoula, MT (CT)",1008,59,1067,2206,131,2337
30063001000,"Missoula, MT (CT)",0,2430,2430,0,4972,4972
30063001100,"Missoula, MT (CT)",0,1559,1559,0,2954,2954
30063001200,"Missoula, MT (CT)",0,2339,2339,0,4728,4728
30063001302,"Missoula, MT (CT)",279,2340,2619,663,5578,6241
30063001303,"Missoula, MT (CT)",0,2077,2077,0,4850,4850
30063001304,"Missoula, MT (CT)",50,2468,2518,166,6572,6738
30063001400,"Missoula, MT (CT)",1724,1237,2961,3906,2844,6750
30063001500,"Missoula, MT (CT)",1501,1099,2600,3790,2749,6539
30063001600,"Missoula, MT (CT)",2805,182,2987,6942,506,7448
30063001800,"Missoula, MT (CT)",3680,0,3680,4640,0,4640
30065000100,"Musselshell, MT (CT)",1547,0,1547,2539,0,2539
30065000200,"Musselshell, MT (CT)",1107,0,1107,1999,0,1999
30067000100,"Park, MT (CT)",1027,0,1027,1785,0,1785
30067000200,"Park, MT (CT)",2399,219,2618,3526,541,4067
30067000300,"Park, MT (CT)",97,1625,1722,223,2987,3210
30067000400,"Park, MT (CT)",216,2472,2688,404,4644,5048
30067000500,"Park, MT (CT)",1305,0,1305,1493,0,1493
30067980600,"Park, MT (CT)",15,0,15,33,0,33
30069000100,"Petroleum, MT (CT)",324,0,324,494,0,494
30071060200,"Phillips, MT (CT)",2335,0,2335,4253,0,4253
30073977000,"Pondera, MT (CT)",567,1271,1838,1191,2578,3769
30073977200,"Pondera, MT (CT)",821,0,821,2384,0,2384
30075000100,"Powder River, MT (CT)",1022,0,1022,1743,0,1743
30077000100,"Powell, MT (CT)",1050,0,1050,1431,0,1431
30077000200,"Powell, MT (CT)",462,1593,2055,2379,3217,5596
30079000100,"Prairie, MT (CT)",673,0,673,1179,0,1179
30081000100,"Ravalli, MT (CT)",1657,0,1657,3963,0,3963
30081000201,"Ravalli, MT (CT)",1800,0,1800,3529,0,3529
30081000202,"Ravalli, MT (CT)",2844,0,2844,6666,0,6666
30081000300,"Ravalli, MT (CT)",1460,0,1460,2889,0,2889
30081000401,"Ravalli, MT (CT)",1016,0,1016,2657,0,2657
30081000402,"Ravalli, MT (CT)",2477,0,2477,5423,0,5423
30081000500,"Ravalli, MT (CT)",1296,1744,3040,2546,3015,5561
30081000600,"Ravalli, MT (CT)",1394,1608,3002,2977,3167,6144
30081000700,"Ravalli, MT (CT)",1162,0,1162,2018,0,2018
30081000800,"Ravalli, MT (CT)",1125,0,1125,1362,0,1362
30083070100,"Richland, MT (CT)",705,0,705,1476,0,1476
30083070200,"Richland, MT (CT)",743,0,743,1573,0,1573
30083070300,"Richland, MT (CT)",246,1521,1767,553,3376,3929
30083070400,"Richland, MT (CT)",302,1033,1335,706,2062,2768
30085080100,"Roosevelt, MT (CT)",812,0,812,1578,0,1578
30085940001,"Roosevelt, MT (CT)",425,1346,1771,1009,3540,4549
30085940002,"Roosevelt, MT (CT)",623,857,1480,1555,2743,4298
30087000100,"Rosebud, MT (CT)",1372,0,1372,2520,0,2520
30087000200,"Rosebud, MT (CT)",748,0,748,1376,0,1376
30087000300,"Rosebud, MT (CT)",989,0,989,2219,0,2219
30087940400,"Rosebud, MT (CT)",948,0,948,3118,0,3118
30089000100,"Sanders, MT (CT)",2054,0,2054,3544,0,3544
30089000200,"Sanders, MT (CT)",3547,0,3547,5988,0,5988
30089940300,"Sanders, MT (CT)",1077,0,1077,1881,0,1881
30091090200,"Sheridan, MT (CT)",1408,0,1408,2378,0,2378
30091090400,"Sheridan, MT (CT)",681,0,681,1006,0,1006
30093000100,"Silver Bow, MT (CT)",0,2740,2740,0,4919,4919
30093000200,"Silver Bow, MT (CT)",0,2382,2382,0,4644,4644
30093000300,"Silver Bow, MT (CT)",0,1184,1184,0,2380,2380
30093000400,"Silver Bow, MT (CT)",0,1882,1882,0,3968,3968
30093000500,"Silver Bow, MT (CT)",0,2051,2051,0,4538,4538
30093000600,"Silver Bow, MT (CT)",143,2093,2236,324,4451,4775
30093000700,"Silver Bow, MT (CT)",0,1724,1724,0,3422,3422
30093000800,"Silver Bow, MT (CT)",1651,867,2518,3589,1965,5554
30095966400,"Stillwater, MT (CT)",1855,0,1855,3797,0,3797
30095966500,"Stillwater, MT (CT)",1598,0,1598,2222,0,2222
30095966600,"Stillwater, MT (CT)",1350,0,1350,3098,0,3098
30097967000,"Sweet Grass, MT (CT)",2148,0,2148,3651,0,3651
30099000100,"Teton, MT (CT)",819,0,819,1819,0,1819
30099000200,"Teton, MT (CT)",821,0,821,1809,0,1809
30099000300,"Teton, MT (CT)",1252,0,1252,2445,0,2445
30101000100,"Toole, MT (CT)",636,0,636,1249,0,1249
30101000200,"Toole, MT (CT)",466,1234,1700,1038,2418,3456
30101980000,"Toole, MT (CT)",0,0,0,0,619,619
30103963500,"Treasure, MT (CT)",422,0,422,718,0,718
30105100100,"Valley, MT (CT)",1058,0,1058,1513,0,1513
30105100500,"Valley, MT (CT)",82,1393,1475,161,2632,2793
30105940600,"Valley, MT (CT)",2051,295,2346,2394,669,3063
30107000100,"Wheatland, MT (CT)",1197,0,1197,2168,0,2168
30109000100,"Wibaux, MT (CT)",538,0,538,1017,0,1017
30111000200,"Yellowstone, MT (CT)",0,2054,2054,0,3751,3751
30111000300,"Yellowstone, MT (CT)",0,1684,1684,0,4011,4011
30111000401,"Yellowstone, MT (CT)",0,1567,1567,0,2997,2997
30111000402,"Yellowstone, MT (CT)",0,1726,1726,0,3323,3323
30111000500,"Yellowstone, MT (CT)",0,2181,2181,0,4116,4116
30111000600,"Yellowstone, MT (CT)",0,1071,1071,0,3145,3145
30111000701,"Yellowstone, MT (CT)",0,1993,1993,0,5057,5057
30111000702,"Yellowstone, MT (CT)",144,2726,2870,372,7028,7400
30111000704,"Yellowstone, MT (CT)",63,1375,1438,175,3569,3744
30111000705,"Yellowstone, MT (CT)",0,1545,1545,0,3805,3805
30111000706,"Yellowstone, MT (CT)",0,2045,2045,0,4178,4178
30111000800,"Yellowstone, MT (CT)",44,1779,1823,78,4383,4461
30111000901,"Yellowstone, MT (CT)",48,1418,1466,108,3133,3241
30111000902,"Yellowstone, MT (CT)",0,2015,2015,0,5389,5389
30111001000,"Yellowstone, MT (CT)",0,2294,2294,0,4772,4772
30111001100,"Yellowstone, MT (CT)",0,2595,2595,0,5315,5315
30111001200,"Yellowstone, MT (CT)",0,1328,1328,0,2778,2778
30111001300,"Yellowstone, MT (CT)",0,2688,2688,0,6124,6124
30111001401,"Yellowstone, MT (CT)",2587,1118,3705,6712,2515,9227
30111001402,"Yellowstone, MT (CT)",1081,962,2043,2890,2744,5634
30111001501,"Yellowstone, MT (CT)",1664,73,1737,4310,230,4540
30111001502,"Yellowstone, MT (CT)",1986,0,1986,4440,0,4440
30111001702,"Yellowstone, MT (CT)",0,1780,1780,0,4287,4287
30111001703,"Yellowstone, MT (CT)",0,2548,2548,0,5275,5275
30111001704,"Yellowstone, MT (CT)",36,2161,2197,95,4300,4395
30111001801,"Yellowstone, MT (CT)",74,1870,1944,251,5070,5321
30111001802,"Yellowstone, MT (CT)",0,2828,2828,0,5952,5952
30111001803,"Yellowstone, MT (CT)",0,910,910,0,2061,2061
30111001804,"Yellowstone, MT (CT)",0,1282,1282,0,3036,3036
30111001901,"Yellowstone, MT (CT)",0,1986,1986,0,4725,4725
30111001902,"Yellowstone, MT (CT)",142,1492,1634,408,3411,3819
30111940000,"Yellowstone, MT (CT)",1975,1005,2980,4855,2798,7653
31001965400,"Adams, NE (CT)",1331,290,1621,3289,880,4169
31001965500,"Adams, NE (CT)",35,1679,1714,100,4029,4129
31001965600,"Adams, NE (CT)",89,2110,2199,172,5364,5536
31001965700,"Adams, NE (CT)",0,695,695,0,1288,1288
31001965800,"Adams, NE (CT)",0,1057,1057,0,2421,2421
31001965900,"Adams, NE (CT)",28,1876,1904,70,4289,4359
31001966000,"Adams, NE (CT)",270,1772,2042,678,4098,4776
31001966100,"Adams, NE (CT)",43,1104,1147,403,1943,2346
31001966200,"Adams, NE (CT)",971,0,971,2340,0,2340
31003979600,"Antelope, NE (CT)",1057,0,1057,2146,0,2146
31003979700,"Antelope, NE (CT)",855,0,855,1758,0,1758
31003979800,"Antelope, NE (CT)",1372,0,1372,2781,0,2781
31005958300,"Arthur, NE (CT)",254,0,254,460,0,460
31007954000,"Banner, NE (CT)",369,0,369,690,0,690
31009972400,"Blaine, NE (CT)",326,0,326,478,0,478
31011960100,"Boone, NE (CT)",1719,0,1719,3626,0,3626
31011960200,"Boone, NE (CT)",930,0,930,1879,0,1879
31013951100,"Box Butte, NE (CT)",1159,0,1159,2259,0,2259
31013951200,"Box Butte, NE (CT)",142,2165,2307,336,4496,4832
31013951300,"Box Butte, NE (CT)",104,1908,2012,227,3990,4217
31015975800,"Boyd, NE (CT)",1390,0,1390,2099,0,2099
31017975000,"Brown, NE (CT)",1865,0,1865,3145,0,3145
31019968900,"Buffalo, NE (CT)",1644,0,1644,3555,0,3555
31019969000,"Buffalo, NE (CT)",1675,0,1675,4103,0,4103
31019969100,"Buffalo, NE (CT)",1906,0,1906,4782,0,4782
31019969202,"Buffalo, NE (CT)",0,1474,1474,0,3274,3274
31019969203,"Buffalo, NE (CT)",132,2139,2271,368,4979,5347
31019969204,"Buffalo, NE (CT)",678,1369,2047,1685,3310,4995
31019969300,"Buffalo, NE (CT)",20,938,958,39,2235,2274
31019969400,"Buffalo, NE (CT)",0,1875,1875,0,3992,3992
31019969500,"Buffalo, NE (CT)",0,1093,1093,0,2349,2349
31019969600,"Buffalo, NE (CT)",0,1772,1772,0,5475,5475
31019969700,"Buffalo, NE (CT)",165,2184,2349,341,5615,5956
31021963200,"Burt, NE (CT)",1047,0,1047,2158,0,2158
31021963300,"Burt, NE (CT)",1334,0,1334,2668,0,2668
31021963400,"Burt, NE (CT)",1086,0,1086,2032,0,2032
31023967600,"Butler, NE (CT)",1746,0,1746,3327,0,3327
31023967700,"Butler, NE (CT)",91,1265,1356,231,2879,3110
31023967800,"Butler, NE (CT)",951,0,951,1958,0,1958
31025965600,"Cass, NE (CT)",335,1355,1690,776,2930,3706
31025965700,"Cass, NE (CT)",2132,0,2132,4778,0,4778
31025965800,"Cass, NE (CT)",1386,48,1434,2836,117,2953
31025965900,"Cass, NE (CT)",2030,0,2030,4998,0,4998
31025966000,"Cass, NE (CT)",1956,0,1956,4301,0,4301
31025966100,"Cass, NE (CT)",285,1590,1875,726,3779,4505
31027977100,"Cedar, NE (CT)",2118,0,2118,4656,0,4656
31027977200,"Cedar, NE (CT)",2030,0,2030,4196,0,4196
31029961900,"Chase, NE (CT)",1946,0,1946,3966,0,3966
31031955800,"Cherry, NE (CT)",854,1420,2274,1574,2713,4287
31031955900,"Cherry, NE (CT)",883,0,883,1426,0,1426
31033954800,"Cheyenne, NE (CT)",1664,1,1665,3151,6,3157
31033954900,"Cheyenne, NE (CT)",32,1888,1920,71,4026,4097
31033955000,"Cheyenne, NE (CT)",188,1115,1303,403,2341,2744
31035962100,"Clay, NE (CT)",1600,0,1600,3638,0,3638
31035962200,"Clay, NE (CT)",1401,0,1401,2904,0,2904
31037964600,"Colfax, NE (CT)",1116,0,1116,2225,0,2225
31037964700,"Colfax, NE (CT)",765,30,795,1685,89,1774
31037964800,"Colfax, NE (CT)",240,1946,2186,350,6166,6516
31039972700,"Cuming, NE (CT)",1221,0,1221,2616,0,2616
31039972800,"Cuming, NE (CT)",446,1504,1950,1071,3180,4251
31039972900,"Cuming, NE (CT)",1033,0,1033,2272,0,2272
31041971700,"Custer, NE (CT)",1443,0,1443,2721,0,2721
31041971800,"Custer, NE (CT)",1479,0,1479,2827,0,2827
31041971900,"Custer, NE (CT)",178,1723,1901,412,3537,3949
31041972000,"Custer, NE (CT)",756,0,756,1442,0,1442
31043010100,"Dakota, NE (CT)",0,2332,2332,0,6571,6571
31043010200,"Dakota, NE (CT)",0,2346,2346,0,6621,6621
31043010300,"Dakota, NE (CT)",420,1135,1555,997,3384,4381
31043010400,"Dakota, NE (CT)",1398,0,1398,3433,0,3433
31045950600,"Dawes, NE (CT)",1560,0,1560,3013,0,3013
31045950700,"Dawes, NE (CT)",312,2380,2692,654,5515,6169
31047968000,"Dawson, NE (CT)",1099,0,1099,2584,0,2584
31047968100,"Dawson, NE (CT)",652,0,652,1494,0,1494
31047968200,"Dawson, NE (CT)",119,1632,1751,283,3515,3798
31047968300,"Dawson, NE (CT)",95,1827,1922,225,3863,4088
31047968400,"Dawson, NE (CT)",87,1649,1736,266,5099,5365
31047968500,"Dawson, NE (CT)",22,1849,1871,59,5365,5424
31047968600,"Dawson, NE (CT)",1092,0,1092,1573,0,1573
31049955400,"Deuel, NE (CT)",1044,0,1044,1941,0,1941
31051977600,"Dixon, NE (CT)",1210,0,1210,2587,0,2587
31051977800,"Dixon, NE (CT)",1478,0,1478,3413,0,3413
31053963600,"Dodge, NE (CT)",2331,0,2331,5026,0,5026
31053963700,"Dodge, NE (CT)",1310,0,1310,2588,0,2588
31053963800,"Dodge, NE (CT)",587,1884,2471,1225,4297,5522
31053963900,"Dodge, NE (CT)",0,1795,1795,0,3819,3819
31053964000,"Dodge, NE (CT)",0,1481,1481,0,3366,3366
31053964100,"Dodge, NE (CT)",0,1885,1885,0,4413,4413
31053964200,"Dodge, NE (CT)",0,1678,1678,0,4027,4027
31053964300,"Dodge, NE (CT)",17,2108,2125,44,4850,4894
31053964400,"Dodge, NE (CT)",442,1066,1508,337,2699,3036
31055000200,"Douglas, NE (CT)",0,1524,1524,0,3759,3759
31055000300,"Douglas, NE (CT)",0,892,892,0,2250,2250
31055000400,"Douglas, NE (CT)",0,936,936,0,2176,2176
31055000500,"Douglas, NE (CT)",0,656,656,0,2328,2328
31055000600,"Douglas, NE (CT)",0,623,623,0,1422,1422
31055000700,"Douglas, NE (CT)",0,628,628,0,1237,1237
31055000800,"Douglas, NE (CT)",0,791,791,0,1861,1861
31055001100,"Douglas, NE (CT)",0,1138,1138,0,2708,2708
31055001200,"Douglas, NE (CT)",0,1053,1053,0,2903,2903
31055001600,"Douglas, NE (CT)",0,163,163,0,2577,2577
31055001800,"Douglas, NE (CT)",0,2132,2132,0,3970,3970
31055001900,"Douglas, NE (CT)",0,1093,1093,0,1178,1178
31055002000,"Douglas, NE (CT)",0,1181,1181,0,3512,3512
31055002100,"Douglas, NE (CT)",0,1056,1056,0,2367,2367
31055002200,"Douglas, NE (CT)",0,575,575,0,1245,1245
31055002300,"Douglas, NE (CT)",0,974,974,0,2454,2454
31055002400,"Douglas, NE (CT)",0,1293,1293,0,3581,3581
31055002500,"Douglas, NE (CT)",0,951,951,0,2557,2557
31055002600,"Douglas, NE (CT)",0,706,706,0,2364,2364
31055002700,"Douglas, NE (CT)",0,822,822,0,2521,2521
31055002800,"Douglas, NE (CT)",0,1140,1140,0,3584,3584
31055002900,"Douglas, NE (CT)",0,1614,1614,0,5345,5345
31055003000,"Douglas, NE (CT)",0,2469,2469,0,7061,7061
31055003100,"Douglas, NE (CT)",0,1427,1427,0,3722,3722
31055003200,"Douglas, NE (CT)",0,1022,1022,0,2657,2657
31055003300,"Douglas, NE (CT)",0,755,755,0,2267,2267
31055003401,"Douglas, NE (CT)",0,1658,1658,0,3943,3943
31055003402,"Douglas, NE (CT)",0,1053,1053,0,2470,2470
31055003500,"Douglas, NE (CT)",0,2106,2106,0,4262,4262
31055003600,"Douglas, NE (CT)",0,2080,2080,0,4179,4179
31055003700,"Douglas, NE (CT)",0,1071,1071,0,2444,2444
31055003800,"Douglas, NE (CT)",0,1735,1735,0,4203,4203
31055003900,"Douglas, NE (CT)",0,1174,1174,0,2859,2859
31055004000,"Douglas, NE (CT)",0,1924,1924,0,2731,2731
31055004200,"Douglas, NE (CT)",0,858,858,0,1718,1718
31055004300,"Douglas, NE (CT)",0,1776,1776,0,2851,2851
31055004400,"Douglas, NE (CT)",0,665,665,0,1296,1296
31055004500,"Douglas, NE (CT)",0,1563,1563,0,2844,2844
31055004600,"Douglas, NE (CT)",0,1088,1088,0,2318,2318
31055004700,"Douglas, NE (CT)",0,837,837,0,3086,3086
31055004800,"Douglas, NE (CT)",0,2382,2382,0,4438,4438
31055004900,"Douglas, NE (CT)",0,2325,2325,0,4480,4480
31055005000,"Douglas, NE (CT)",0,2083,2083,0,3905,3905
31055005100,"Douglas, NE (CT)",0,1178,1178,0,2538,2538
31055005200,"Douglas, NE (CT)",0,549,549,0,1424,1424
31055005300,"Douglas, NE (CT)",0,957,957,0,2121,2121
31055005400,"Douglas, NE (CT)",0,1277,1277,0,3110,3110
31055005500,"Douglas, NE (CT)",0,2293,2293,0,5228,5228
31055005600,"Douglas, NE (CT)",0,1829,1829,0,4117,4117
31055005700,"Douglas, NE (CT)",0,1962,1962,0,4466,4466
31055005800,"Douglas, NE (CT)",0,1889,1889,0,4314,4314
31055005901,"Douglas, NE (CT)",0,1060,1060,0,2302,2302
31055005902,"Douglas, NE (CT)",0,945,945,0,2136,2136
31055006000,"Douglas, NE (CT)",0,1658,1658,0,4155,4155
31055006101,"Douglas, NE (CT)",0,961,961,0,2378,2378
31055006102,"Douglas, NE (CT)",0,1593,1593,0,4145,4145
31055006202,"Douglas, NE (CT)",0,1950,1950,0,4920,4920
31055006301,"Douglas, NE (CT)",0,1048,1048,0,2263,2263
31055006302,"Douglas, NE (CT)",0,1708,1708,0,4106,4106
31055006303,"Douglas, NE (CT)",0,1188,1188,0,2783,2783
31055006400,"Douglas, NE (CT)",0,2246,2246,0,4895,4895
31055006503,"Douglas, NE (CT)",0,1068,1068,0,2524,2524
31055006504,"Douglas, NE (CT)",0,1738,1738,0,3466,3466
31055006505,"Douglas, NE (CT)",0,904,904,0,1856,1856
31055006506,"Douglas, NE (CT)",0,1374,1374,0,3366,3366
31055006602,"Douglas, NE (CT)",0,3460,3460,0,5613,5613
31055006603,"Douglas, NE (CT)",0,1395,1395,0,2434,2434
31055006604,"Douglas, NE (CT)",0,1726,1726,0,3888,3888
31055006701,"Douglas, NE (CT)",0,1851,1851,0,3698,3698
31055006703,"Douglas, NE (CT)",0,1397,1397,0,3033,3033
31055006704,"Douglas, NE (CT)",0,812,812,0,1576,1576
31055006803,"Douglas, NE (CT)",0,946,946,0,2012,2012
31055006804,"Douglas, NE (CT)",0,592,592,0,1538,1538
31055006805,"Douglas, NE (CT)",0,1438,1438,0,3239,3239
31055006806,"Douglas, NE (CT)",0,1262,1262,0,2585,2585
31055006903,"Douglas, NE (CT)",0,991,991,0,2460,2460
31055006904,"Douglas, NE (CT)",0,1665,1665,0,3861,3861
31055006905,"Douglas, NE (CT)",0,768,768,0,1789,1789
31055006906,"Douglas, NE (CT)",0,1640,1640,0,3241,3241
31055007001,"Douglas, NE (CT)",0,1968,1968,0,3944,3944
31055007002,"Douglas, NE (CT)",0,1499,1499,0,3400,3400
31055007003,"Douglas, NE (CT)",0,952,952,0,2403,2403
31055007101,"Douglas, NE (CT)",0,1308,1308,0,3122,3122
31055007102,"Douglas, NE (CT)",0,1378,1378,0,3627,3627
31055007303,"Douglas, NE (CT)",800,391,1191,1956,878,2834
31055007304,"Douglas, NE (CT)",0,655,655,0,1528,1528
31055007309,"Douglas, NE (CT)",0,1679,1679,0,4231,4231
31055007310,"Douglas, NE (CT)",0,1152,1152,0,2818,2818
31055007311,"Douglas, NE (CT)",0,1326,1326,0,3509,3509
31055007312,"Douglas, NE (CT)",0,916,916,0,1930,1930
31055007313,"Douglas, NE (CT)",0,2532,2532,0,6270,6270
31055007314,"Douglas, NE (CT)",0,999,999,0,3061,3061
31055007315,"Douglas, NE (CT)",65,1325,1390,164,3153,3317
31055007316,"Douglas, NE (CT)",0,934,934,0,2797,2797
31055007317,"Douglas, NE (CT)",515,1161,1676,1111,2929,4040
31055007318,"Douglas, NE (CT)",255,1153,1408,681,3204,3885
31055007405,"Douglas, NE (CT)",0,518,518,0,2192,2192
31055007406,"Douglas, NE (CT)",0,2303,2303,0,5124,5124
31055007407,"Douglas, NE (CT)",0,1421,1421,0,3078,3078
31055007408,"Douglas, NE (CT)",0,1865,1865,0,4124,4124
31055007409,"Douglas, NE (CT)",0,978,978,0,2314,2314
31055007424,"Douglas, NE (CT)",0,1488,1488,0,2867,2867
31055007429,"Douglas, NE (CT)",0,1280,1280,0,3372,3372
31055007431,"Douglas, NE (CT)",0,1788,1788,0,4494,4494
31055007432,"Douglas, NE (CT)",0,1344,1344,0,3170,3170
31055007433,"Douglas, NE (CT)",0,1893,1893,0,4240,4240
31055007434,"Douglas, NE (CT)",0,1633,1633,0,3429,3429
31055007435,"Douglas, NE (CT)",0,1357,1357,0,3435,3435
31055007436,"Douglas, NE (CT)",0,2055,2055,0,4236,4236
31055007438,"Douglas, NE (CT)",0,894,894,0,2010,2010
31055007439,"Douglas, NE (CT)",0,1946,1946,0,4605,4605
31055007440,"Douglas, NE (CT)",0,1080,1080,0,1794,1794
31055007441,"Douglas, NE (CT)",0,891,891,0,2733,2733
31055007442,"Douglas, NE (CT)",0,1781,1781,0,5003,5003
31055007443,"Douglas, NE (CT)",0,1654,1654,0,3386,3386
31055007444,"Douglas, NE (CT)",0,2900,2900,0,4184,4184
31055007445,"Douglas, NE (CT)",0,1143,1143,0,2406,2406
31055007446,"Douglas, NE (CT)",0,1390,1390,0,3997,3997
31055007447,"Douglas, NE (CT)",0,1140,1140,0,2835,2835
31055007448,"Douglas, NE (CT)",0,1101,1101,0,2804,2804
31055007449,"Douglas, NE (CT)",0,1385,1385,0,3180,3180
31055007450,"Douglas, NE (CT)",0,1297,1297,0,3494,3494
31055007451,"Douglas, NE (CT)",0,2149,2149,0,5146,5146
31055007452,"Douglas, NE (CT)",0,1668,1668,0,5277,5277
31055007453,"Douglas, NE (CT)",0,1154,1154,0,3445,3445
31055007454,"Douglas, NE (CT)",0,1986,1986,0,4548,4548
31055007455,"Douglas, NE (CT)",0,689,689,0,1488,1488
31055007456,"Douglas, NE (CT)",0,1049,1049,0,2310,2310
31055007457,"Douglas, NE (CT)",0,1434,1434,0,2661,2661
31055007458,"Douglas, NE (CT)",0,1383,1383,0,2981,2981
31055007459,"Douglas, NE (CT)",0,1389,1389,0,2853,2853
31055007460,"Douglas, NE (CT)",0,1157,1157,0,3944,3944
31055007461,"Douglas, NE (CT)",0,1939,1939,0,6133,6133
31055007462,"Douglas, NE (CT)",0,1822,1822,0,4764,4764
31055007463,"Douglas, NE (CT)",0,1743,1743,0,4512,4512
31055007464,"Douglas, NE (CT)",0,1143,1143,0,2618,2618
31055007465,"Douglas, NE (CT)",0,2032,2032,0,4497,4497
31055007466,"Douglas, NE (CT)",0,2736,2736,0,5510,5510
31055007467,"Douglas, NE (CT)",0,2290,2290,0,4712,4712
31055007468,"Douglas, NE (CT)",0,1049,1049,0,2398,2398
31055007469,"Douglas, NE (CT)",0,1197,1197,0,3242,3242
31055007470,"Douglas, NE (CT)",0,2510,2510,0,5571,5571
31055007471,"Douglas, NE (CT)",0,1355,1355,0,3595,3595
31055007472,"Douglas, NE (CT)",0,1696,1696,0,4486,4486
31055007504,"Douglas, NE (CT)",1595,0,1595,3161,0,3161
31055007505,"Douglas, NE (CT)",492,608,1100,1321,1717,3038
31055007506,"Douglas, NE (CT)",0,893,893,0,2169,2169
31055007508,"Douglas, NE (CT)",717,560,1277,1198,1281,2479
31055007509,"Douglas, NE (CT)",403,906,1309,1073,2661,3734
31055007511,"Douglas, NE (CT)",174,1567,1741,518,4136,4654
31055007512,"Douglas, NE (CT)",17,2509,2526,41,5621,5662
31055007513,"Douglas, NE (CT)",0,1797,1797,0,4828,4828
31055007514,"Douglas, NE (CT)",0,1079,1079,0,3258,3258
31055007515,"Douglas, NE (CT)",0,1265,1265,0,3618,3618
31055007516,"Douglas, NE (CT)",0,1056,1056,0,3043,3043
31055007517,"Douglas, NE (CT)",0,1574,1574,0,4340,4340
31057962300,"Dundy, NE (CT)",1125,0,1125,2008,0,2008
31059091600,"Fillmore, NE (CT)",1203,0,1203,2319,0,2319
31059091700,"Fillmore, NE (CT)",1710,0,1710,3571,0,3571
31061964600,"Franklin, NE (CT)",701,0,701,1422,0,1422
31061964700,"Franklin, NE (CT)",1033,0,1033,1803,0,1803
31063961100,"Frontier, NE (CT)",1574,0,1574,2756,0,2756
31065963900,"Furnas, NE (CT)",2721,0,2721,4959,0,4959
31067964600,"Gage, NE (CT)",1119,0,1119,2725,0,2725
31067964700,"Gage, NE (CT)",1546,0,1546,3521,0,3521
31067964800,"Gage, NE (CT)",282,1520,1802,606,3323,3929
31067964900,"Gage, NE (CT)",150,1625,1775,283,3520,3803
31067965000,"Gage, NE (CT)",0,1664,1664,0,3494,3494
31067965100,"Gage, NE (CT)",0,1134,1134,0,2068,2068
31067965200,"Gage, NE (CT)",1406,0,1406,2771,0,2771
31069952100,"Garden, NE (CT)",1314,0,1314,2057,0,2057
31071973200,"Garfield, NE (CT)",1178,0,1178,2049,0,2049
31073967600,"Gosper, NE (CT)",1267,0,1267,2044,0,2044
31075956300,"Grant, NE (CT)",391,0,391,614,0,614
31077970900,"Greeley, NE (CT)",1300,0,1300,2538,0,2538
31079000100,"Hall, NE (CT)",1034,5,1039,2501,16,2517
31079000200,"Hall, NE (CT)",66,1574,1640,160,4910,5070
31079000300,"Hall, NE (CT)",0,2368,2368,0,6385,6385
31079000400,"Hall, NE (CT)",0,2323,2323,0,5389,5389
31079000500,"Hall, NE (CT)",64,1789,1853,143,4609,4752
31079000600,"Hall, NE (CT)",349,1550,1899,564,3966,4530
31079000700,"Hall, NE (CT)",0,2005,2005,0,4504,4504
31079000800,"Hall, NE (CT)",0,1347,1347,0,2979,2979
31079000900,"Hall, NE (CT)",0,1994,1994,0,5042,5042
31079001000,"Hall, NE (CT)",27,1792,1819,62,4692,4754
31079001100,"Hall, NE (CT)",153,1399,1552,413,3669,4082
31079001200,"Hall, NE (CT)",26,1632,1658,70,3520,3590
31079001300,"Hall, NE (CT)",1071,147,1218,2530,355,2885
31079001400,"Hall, NE (CT)",834,0,834,2128,0,2128
31081969100,"Hamilton, NE (CT)",876,0,876,1934,0,1934
31081969200,"Hamilton, NE (CT)",1064,0,1064,2482,0,2482
31081969300,"Hamilton, NE (CT)",95,1933,2028,242,4466,4708
31083964200,"Harlan, NE (CT)",2375,0,2375,3423,0,3423
31085961500,"Hayes, NE (CT)",511,0,511,967,0,967
31087962700,"Hitchcock, NE (CT)",1763,0,1763,2908,0,2908
31089974000,"Holt, NE (CT)",863,0,863,1645,0,1645
31089974100,"Holt, NE (CT)",1380,0,1380,2564,0,2564
31089974200,"Holt, NE (CT)",939,0,939,1910,0,1910
31089974300,"Holt, NE (CT)",259,1774,2033,634,3682,4316
31091956700,"Hooker, NE (CT)",431,0,431,736,0,736
31093970500,"Howard, NE (CT)",752,0,752,1694,0,1694
31093970600,"Howard, NE (CT)",2199,0,2199,4580,0,4580
31095963600,"Jefferson, NE (CT)",1628,0,1628,3294,0,3294
31095963700,"Jefferson, NE (CT)",155,1329,1484,338,2597,2935
31095963800,"Jefferson, NE (CT)",2,804,806,3,1315,1318
31097967500,"Johnson, NE (CT)",985,0,985,2011,0,2011
31097967600,"Johnson, NE (CT)",1206,0,1206,3206,0,3206
31099966600,"Kearney, NE (CT)",1480,24,1504,3400,58,3458
31099966700,"Kearney, NE (CT)",56,1326,1382,140,2891,3031
31101000100,"Keith, NE (CT)",0,736,736,0,1449,1449
31101000200,"Keith, NE (CT)",169,1487,1656,369,2975,3344
31101000300,"Keith, NE (CT)",3032,0,3032,3575,0,3575
31103975400,"Keya Paha, NE (CT)",549,0,549,824,0,824
31105954500,"Kimball, NE (CT)",1963,0,1963,3821,0,3821
31107976200,"Knox, NE (CT)",1827,0,1827,3106,0,3106
31107976300,"Knox, NE (CT)",1213,0,1213,2472,0,2472
31107976400,"Knox, NE (CT)",1748,0,1748,3123,0,3123
31109000100,"Lancaster, NE (CT)",0,1704,1704,0,3364,3364
31109000201,"Lancaster, NE (CT)",0,2225,2225,0,4654,4654
31109000202,"Lancaster, NE (CT)",0,1820,1820,0,4351,4351
31109000300,"Lancaster, NE (CT)",0,1731,1731,0,3352,3352
31109000400,"Lancaster, NE (CT)",0,2064,2064,0,5145,5145
31109000500,"Lancaster, NE (CT)",0,703,703,0,1648,1648
31109000600,"Lancaster, NE (CT)",0,2,2,0,6413,6413
31109000700,"Lancaster, NE (CT)",0,1179,1179,0,2570,2570
31109000800,"Lancaster, NE (CT)",0,1459,1459,0,3497,3497
31109000900,"Lancaster, NE (CT)",0,1737,1737,0,3749,3749
31109001001,"Lancaster, NE (CT)",0,1320,1320,0,2997,2997
31109001002,"Lancaster, NE (CT)",0,946,946,0,1569,1569
31109001003,"Lancaster, NE (CT)",0,1680,1680,0,3278,3278
31109001101,"Lancaster, NE (CT)",0,1803,1803,0,4555,4555
31109001102,"Lancaster, NE (CT)",0,1469,1469,0,3456,3456
31109001200,"Lancaster, NE (CT)",0,2624,2624,0,6155,6155
31109001301,"Lancaster, NE (CT)",0,1930,1930,0,3669,3669
31109001302,"Lancaster, NE (CT)",0,1320,1320,0,2900,2900
31109001400,"Lancaster, NE (CT)",0,2178,2178,0,4694,4694
31109001500,"Lancaster, NE (CT)",0,2040,2040,0,4612,4612
31109001600,"Lancaster, NE (CT)",0,2655,2655,0,5712,5712
31109001700,"Lancaster, NE (CT)",0,2911,2911,0,4949,4949
31109001800,"Lancaster, NE (CT)",0,926,926,0,1715,1715
31109001900,"Lancaster, NE (CT)",0,567,567,0,993,993
31109002001,"Lancaster, NE (CT)",0,1722,1722,0,2326,2326
31109002002,"Lancaster, NE (CT)",0,1739,1739,0,2940,2940
31109002100,"Lancaster, NE (CT)",0,916,916,0,2148,2148
31109002200,"Lancaster, NE (CT)",0,2605,2605,0,5504,5504
31109002300,"Lancaster, NE (CT)",0,2759,2759,0,6013,6013
31109002400,"Lancaster, NE (CT)",0,1278,1278,0,3098,3098
31109002500,"Lancaster, NE (CT)",0,2548,2548,0,5311,5311
31109002701,"Lancaster, NE (CT)",0,1421,1421,0,3168,3168
31109002702,"Lancaster, NE (CT)",0,2342,2342,0,5394,5394
31109002800,"Lancaster, NE (CT)",0,2530,2530,0,5131,5131
31109002900,"Lancaster, NE (CT)",14,2764,2778,25,4943,4968
31109003001,"Lancaster, NE (CT)",0,2696,2696,0,6748,6748
31109003002,"Lancaster, NE (CT)",0,1535,1535,0,3345,3345
31109003003,"Lancaster, NE (CT)",0,1977,1977,0,4947,4947
31109003102,"Lancaster, NE (CT)",0,2150,2150,0,5900,5900
31109003103,"Lancaster, NE (CT)",0,892,892,0,2446,2446
31109003104,"Lancaster, NE (CT)",0,2145,2145,0,5062,5062
31109003202,"Lancaster, NE (CT)",0,1083,1083,0,3156,3156
31109003301,"Lancaster, NE (CT)",0,1960,1960,0,4119,4119
31109003302,"Lancaster, NE (CT)",25,1278,1303,39,3791,3830
31109003401,"Lancaster, NE (CT)",183,1474,1657,484,5321,5805
31109003402,"Lancaster, NE (CT)",0,2391,2391,0,6216,6216
31109003500,"Lancaster, NE (CT)",0,0,0,0,212,212
31109003601,"Lancaster, NE (CT)",0,0,0,0,1125,1125
31109003604,"Lancaster, NE (CT)",647,475,1122,1741,1046,2787
31109003605,"Lancaster, NE (CT)",0,1482,1482,0,3553,3553
31109003607,"Lancaster, NE (CT)",0,1292,1292,0,3581,3581
31109003608,"Lancaster, NE (CT)",0,561,561,0,1114,1114
31109003609,"Lancaster, NE (CT)",0,924,924,0,2369,2369
31109003704,"Lancaster, NE (CT)",0,2458,2458,0,5254,5254
31109003706,"Lancaster, NE (CT)",0,2934,2934,0,5864,5864
31109003707,"Lancaster, NE (CT)",0,3261,3261,0,7660,7660
31109003708,"Lancaster, NE (CT)",0,1851,1851,0,4121,4121
31109003709,"Lancaster, NE (CT)",0,1905,1905,0,5008,5008
31109003713,"Lancaster, NE (CT)",0,833,833,0,2392,2392
31109003714,"Lancaster, NE (CT)",0,821,821,0,2147,2147
31109003715,"Lancaster, NE (CT)",0,904,904,0,2500,2500
31109003716,"Lancaster, NE (CT)",0,1878,1878,0,5105,5105
31109003717,"Lancaster, NE (CT)",242,887,1129,558,1985,2543
31109003718,"Lancaster, NE (CT)",150,703,853,366,1760,2126
31109003719,"Lancaster, NE (CT)",138,1169,1307,357,3350,3707
31109003720,"Lancaster, NE (CT)",357,178,535,892,488,1380
31109003801,"Lancaster, NE (CT)",0,2235,2235,0,4684,4684
31109003802,"Lancaster, NE (CT)",0,1280,1280,0,2990,2990
31109010100,"Lancaster, NE (CT)",1143,1104,2247,2897,3133,6030
31109010201,"Lancaster, NE (CT)",151,1333,1484,383,2971,3354
31109010202,"Lancaster, NE (CT)",1637,80,1717,4133,255,4388
31109010300,"Lancaster, NE (CT)",1529,0,1529,3855,0,3855
31109010400,"Lancaster, NE (CT)",2911,0,2911,7821,0,7821
31109983200,"Lancaster, NE (CT)",1,1,2,4,161,165
31111959700,"Lincoln, NE (CT)",1646,0,1646,3669,0,3669
31111959800,"Lincoln, NE (CT)",1433,0,1433,3311,0,3311
31111959900,"Lincoln, NE (CT)",152,2432,2584,312,5331,5643
31111960200,"Lincoln, NE (CT)",0,2163,2163,0,4555,4555
31111960300,"Lincoln, NE (CT)",0,2000,2000,0,4576,4576
31111960400,"Lincoln, NE (CT)",0,2507,2507,0,5523,5523
31111960500,"Lincoln, NE (CT)",122,2407,2529,262,4888,5150
31111960600,"Lincoln, NE (CT)",1594,127,1721,3521,340,3861
31113957500,"Logan, NE (CT)",395,0,395,763,0,763
31115972800,"Loup, NE (CT)",426,0,426,632,0,632
31117957900,"McPherson, NE (CT)",283,0,283,539,0,539
31119960600,"Madison, NE (CT)",33,2187,2220,56,5438,5494
31119960700,"Madison, NE (CT)",49,1639,1688,121,3116,3237
31119960801,"Madison, NE (CT)",0,1890,1890,0,4787,4787
31119960802,"Madison, NE (CT)",184,1158,1342,493,2796,3289
31119960900,"Madison, NE (CT)",0,2103,2103,0,4487,4487
31119961000,"Madison, NE (CT)",0,1445,1445,0,3191,3191
31119961100,"Madison, NE (CT)",272,562,834,540,1329,1869
31119961200,"Madison, NE (CT)",1520,0,1520,3513,0,3513
31119961300,"Madison, NE (CT)",1972,0,1972,5009,0,5009
31121966600,"Merrick, NE (CT)",1017,0,1017,1947,0,1947
31121966700,"Merrick, NE (CT)",940,166,1106,2211,404,2615
31121966800,"Merrick, NE (CT)",238,1337,1575,462,2821,3283
31123952500,"Morrill, NE (CT)",2442,0,2442,5042,0,5042
31125966100,"Nance, NE (CT)",1801,0,1801,3735,0,3735
31127968100,"Nemaha, NE (CT)",1678,0,1678,3595,0,3595
31127968200,"Nemaha, NE (CT)",78,1742,1820,179,3474,3653
31129960000,"Nuckolls, NE (CT)",1291,0,1291,2394,0,2394
31129960100,"Nuckolls, NE (CT)",1174,0,1174,2106,0,2106
31131966600,"Otoe, NE (CT)",927,0,927,2128,0,2128
31131966700,"Otoe, NE (CT)",1408,0,1408,3113,0,3113
31131966800,"Otoe, NE (CT)",1293,0,1293,2893,0,2893
31131966900,"Otoe, NE (CT)",219,1731,1950,540,4058,4598
31131967000,"Otoe, NE (CT)",0,1447,1447,0,3008,3008
31133967800,"Pawnee, NE (CT)",1588,0,1588,2773,0,2773
31135959300,"Perkins, NE (CT)",1450,0,1450,2970,0,2970
31137967000,"Phelps, NE (CT)",48,1213,1261,128,2543,2671
31137967100,"Phelps, NE (CT)",182,1316,1498,449,2797,3246
31137967200,"Phelps, NE (CT)",1416,0,1416,3271,0,3271
31139979100,"Pierce, NE (CT)",1610,0,1610,3826,0,3826
31139979200,"Pierce, NE (CT)",1612,0,1612,3440,0,3440
31141965100,"Platte, NE (CT)",1572,0,1572,3737,0,3737
31141965298,"Platte, NE (CT)",1295,0,1295,3208,0,3208
31141965300,"Platte, NE (CT)",558,2723,3281,1489,5990,7479
31141965400,"Platte, NE (CT)",406,1358,1764,1127,3679,4806
31141965500,"Platte, NE (CT)",177,1988,2165,430,4997,5427
31141965600,"Platte, NE (CT)",0,1890,1890,0,4392,4392
31141965700,"Platte, NE (CT)",64,1347,1411,140,3048,3188
31143960000,"Polk, NE (CT)",1245,0,1245,2167,0,2167
31143960100,"Polk, NE (CT)",1486,0,1486,3239,0,3239
31145963100,"Red Willow, NE (CT)",1340,0,1340,2708,0,2708
31145963200,"Red Willow, NE (CT)",114,2116,2230,404,4614,5018
31145963300,"Red Willow, NE (CT)",160,1537,1697,380,2949,3329
31147964500,"Richardson, NE (CT)",999,0,999,1775,0,1775
31147968500,"Richardson, NE (CT)",1086,0,1086,2008,0,2008
31147968600,"Richardson, NE (CT)",181,2127,2308,447,4133,4580
31149974600,"Rock, NE (CT)",912,0,912,1526,0,1526
31151960600,"Saline, NE (CT)",262,2383,2645,570,6948,7518
31151960700,"Saline, NE (CT)",967,0,967,2110,0,2110
31151960800,"Saline, NE (CT)",828,0,828,1496,0,1496
31151960900,"Saline, NE (CT)",1322,0,1322,3076,0,3076
31153010103,"Sarpy, NE (CT)",19,1856,1875,44,4310,4354
31153010104,"Sarpy, NE (CT)",0,726,726,0,1801,1801
31153010105,"Sarpy, NE (CT)",0,1310,1310,0,2942,2942
31153010106,"Sarpy, NE (CT)",0,1973,1973,0,4045,4045
31153010107,"Sarpy, NE (CT)",0,1309,1309,0,3372,3372
31153010108,"Sarpy, NE (CT)",0,1506,1506,0,3600,3600
31153010203,"Sarpy, NE (CT)",33,1736,1769,204,4564,4768
31153010204,"Sarpy, NE (CT)",0,1421,1421,0,3481,3481
31153010205,"Sarpy, NE (CT)",42,1718,1760,80,5356,5436
31153010206,"Sarpy, NE (CT)",0,1474,1474,0,4082,4082
31153010207,"Sarpy, NE (CT)",0,1035,1035,0,2361,2361
31153010208,"Sarpy, NE (CT)",196,1068,1264,444,2477,2921
31153010302,"Sarpy, NE (CT)",0,242,242,0,994,994
31153010305,"Sarpy, NE (CT)",0,819,819,0,1778,1778
31153010306,"Sarpy, NE (CT)",0,1010,1010,0,1878,1878
31153010401,"Sarpy, NE (CT)",0,1154,1154,0,2692,2692
31153010402,"Sarpy, NE (CT)",0,1886,1886,0,4185,4185
31153010501,"Sarpy, NE (CT)",0,2532,2532,0,6724,6724
31153010502,"Sarpy, NE (CT)",0,1713,1713,0,4287,4287
31153010503,"Sarpy, NE (CT)",0,1263,1263,0,3404,3404
31153010614,"Sarpy, NE (CT)",0,1868,1868,0,5076,5076
31153010615,"Sarpy, NE (CT)",0,807,807,0,2073,2073
31153010616,"Sarpy, NE (CT)",0,1343,1343,0,3648,3648
31153010617,"Sarpy, NE (CT)",0,1903,1903,0,5412,5412
31153010618,"Sarpy, NE (CT)",0,2005,2005,0,5774,5774
31153010619,"Sarpy, NE (CT)",0,1780,1780,0,4332,4332
31153010620,"Sarpy, NE (CT)",81,1221,1302,180,3005,3185
31153010621,"Sarpy, NE (CT)",0,2680,2680,0,5931,5931
31153010622,"Sarpy, NE (CT)",0,1076,1076,0,2837,2837
31153010623,"Sarpy, NE (CT)",169,1474,1643,350,4089,4439
31153010624,"Sarpy, NE (CT)",14,1627,1641,36,5212,5248
31153010625,"Sarpy, NE (CT)",0,2128,2128,0,5056,5056
31153010626,"Sarpy, NE (CT)",0,1839,1839,0,5091,5091
31153010627,"Sarpy, NE (CT)",0,997,997,0,2784,2784
31153010628,"Sarpy, NE (CT)",46,1550,1596,138,4301,4439
31153010629,"Sarpy, NE (CT)",111,834,945,269,1534,1803
31153010630,"Sarpy, NE (CT)",0,816,816,0,2459,2459
31153010631,"Sarpy, NE (CT)",296,1253,1549,774,3647,4421
31153010632,"Sarpy, NE (CT)",96,1311,1407,281,3617,3898
31153010633,"Sarpy, NE (CT)",0,1168,1168,0,3042,3042
31153010634,"Sarpy, NE (CT)",0,1034,1034,0,2896,2896
31153010701,"Sarpy, NE (CT)",754,96,850,1974,314,2288
31153010702,"Sarpy, NE (CT)",1520,0,1520,3603,0,3603
31155968100,"Saunders, NE (CT)",1660,0,1660,3210,0,3210
31155968200,"Saunders, NE (CT)",2364,0,2364,5485,0,5485
31155968300,"Saunders, NE (CT)",147,1933,2080,441,4450,4891
31155968400,"Saunders, NE (CT)",1817,0,1817,4221,0,4221
31155968500,"Saunders, NE (CT)",220,1080,1300,459,2514,2973
31157952900,"Scotts Bluff, NE (CT)",1331,0,1331,2781,0,2781
31157953000,"Scotts Bluff, NE (CT)",1414,0,1414,3176,0,3176
31157953100,"Scotts Bluff, NE (CT)",1091,0,1091,2318,0,2318
31157953200,"Scotts Bluff, NE (CT)",730,0,730,1524,0,1524
31157953300,"Scotts Bluff, NE (CT)",180,1490,1670,437,2897,3334
31157953400,"Scotts Bluff, NE (CT)",196,1132,1328,469,2544,3013
31157953500,"Scotts Bluff, NE (CT)",0,1426,1426,0,2996,2996
31157953600,"Scotts Bluff, NE (CT)",0,1358,1358,0,3070,3070
31157953700,"Scotts Bluff, NE (CT)",0,1709,1709,0,4425,4425
31157953800,"Scotts Bluff, NE (CT)",95,1954,2049,207,4647,4854
31157953900,"Scotts Bluff, NE (CT)",50,2252,2302,112,5367,5479
31159960100,"Seward, NE (CT)",1881,0,1881,4378,0,4378
31159960200,"Seward, NE (CT)",220,863,1083,580,1705,2285
31159960300,"Seward, NE (CT)",59,1814,1873,168,4931,5099
31159960400,"Seward, NE (CT)",2038,0,2038,4988,0,4988
31161951600,"Sheridan, NE (CT)",1130,0,1130,2215,0,2215
31161951700,"Sheridan, NE (CT)",1806,0,1806,3254,0,3254
31163970100,"Sherman, NE (CT)",1941,0,1941,3152,0,3152
31165950100,"Sioux, NE (CT)",815,0,815,1311,0,1311
31167962100,"Stanton, NE (CT)",800,0,800,1593,0,1593
31167962200,"Stanton, NE (CT)",1241,592,1833,2911,1625,4536
31169963100,"Thayer, NE (CT)",1456,0,1456,2771,0,2771
31169963200,"Thayer, NE (CT)",1275,0,1275,2457,0,2457
31171957100,"Thomas, NE (CT)",402,0,402,647,0,647
31173940100,"Thurston, NE (CT)",1574,0,1574,4400,0,4400
31173940200,"Thurston, NE (CT)",834,0,834,2540,0,2540
31175971300,"Valley, NE (CT)",1026,0,1026,1895,0,1895
31175971400,"Valley, NE (CT)",1247,0,1247,2365,0,2365
31177050101,"Washington, NE (CT)",147,1136,1283,440,3052,3492
31177050102,"Washington, NE (CT)",205,2145,2350,474,4703,5177
31177050201,"Washington, NE (CT)",1449,31,1480,3876,89,3965
31177050202,"Washington, NE (CT)",1346,0,1346,3165,0,3165
31177050300,"Washington, NE (CT)",1842,0,1842,4435,0,4435
31179978600,"Wayne, NE (CT)",1594,0,1594,3683,0,3683
31179978700,"Wayne, NE (CT)",146,2036,2182,355,5557,5912
31181965000,"Webster, NE (CT)",853,0,853,1974,0,1974
31181965100,"Webster, NE (CT)",1059,0,1059,1838,0,1838
31183973600,"Wheeler, NE (CT)",576,0,576,818,0,818
31185969600,"York, NE (CT)",1274,0,1274,2711,0,2711
31185969700,"York, NE (CT)",66,1696,1762,162,3722,3884
31185969800,"York, NE (CT)",177,1887,2064,723,3911,4634
31185969900,"York, NE (CT)",1131,0,1131,2436,0,2436
32001950100,"Churchill, NV (CT)",729,342,1071,1768,795,2563
32001950301,"Churchill, NV (CT)",0,1883,1883,0,3884,3884
32001950302,"Churchill, NV (CT)",0,2360,2360,0,5268,5268
32001950400,"Churchill, NV (CT)",231,0,231,711,0,711
32001950500,"Churchill, NV (CT)",627,4,631,1380,11,1391
32001950600,"Churchill, NV (CT)",737,1457,2194,1749,3610,5359
32001950700,"Churchill, NV (CT)",1404,1052,2456,3028,2673,5701
32003000101,"Clark, NV (CT)",0,2013,2013,0,6851,6851
32003000103,"Clark, NV (CT)",0,1965,1965,0,5645,5645
32003000105,"Clark, NV (CT)",0,1310,1310,0,3998,3998
32003000106,"Clark, NV (CT)",0,2105,2105,0,4263,4263
32003000107,"Clark, NV (CT)",0,1579,1579,0,3856,3856
32003000108,"Clark, NV (CT)",0,1156,1156,0,3681,3681
32003000109,"Clark, NV (CT)",0,1389,1389,0,3567,3567
32003000201,"Clark, NV (CT)",0,1777,1777,0,4533,4533
32003000203,"Clark, NV (CT)",0,1932,1932,0,3582,3582
32003000204,"Clark, NV (CT)",0,412,412,0,1157,1157
32003000301,"Clark, NV (CT)",0,1207,1207,0,3103,3103
32003000302,"Clark, NV (CT)",0,1694,1694,0,4673,4673
32003000401,"Clark, NV (CT)",0,750,750,0,2865,2865
32003000402,"Clark, NV (CT)",0,1389,1389,0,3491,3491
32003000403,"Clark, NV (CT)",0,1345,1345,0,2753,2753
32003000510,"Clark, NV (CT)",0,1379,1379,0,5503,5503
32003000513,"Clark, NV (CT)",0,1290,1290,0,3874,3874
32003000514,"Clark, NV (CT)",0,2091,2091,0,6235,6235
32003000515,"Clark, NV (CT)",0,1486,1486,0,5104,5104
32003000516,"Clark, NV (CT)",0,1356,1356,0,5326,5326
32003000517,"Clark, NV (CT)",0,1649,1649,0,5103,5103
32003000518,"Clark, NV (CT)",0,1876,1876,0,5297,5297
32003000519,"Clark, NV (CT)",0,1409,1409,0,4649,4649
32003000520,"Clark, NV (CT)",0,572,572,0,1995,1995
32003000521,"Clark, NV (CT)",0,1808,1808,0,4127,4127
32003000522,"Clark, NV (CT)",0,1249,1249,0,3438,3438
32003000523,"Clark, NV (CT)",0,1172,1172,0,2194,2194
32003000524,"Clark, NV (CT)",0,831,831,0,2288,2288
32003000525,"Clark, NV (CT)",0,916,916,0,2758,2758
32003000526,"Clark, NV (CT)",0,779,779,0,2695,2695
32003000527,"Clark, NV (CT)",0,987,987,0,3788,3788
32003000528,"Clark, NV (CT)",0,1164,1164,0,3255,3255
32003000600,"Clark, NV (CT)",0,1590,1590,0,2824,2824
32003000700,"Clark, NV (CT)",0,1827,1827,0,5186,5186
32003000800,"Clark, NV (CT)",0,1622,1622,0,2233,2233
32003000900,"Clark, NV (CT)",0,1173,1173,0,942,942
32003001003,"Clark, NV (CT)",0,1617,1617,0,4025,4025
32003001004,"Clark, NV (CT)",0,3205,3205,0,6368,6368
32003001005,"Clark, NV (CT)",0,647,647,0,1554,1554
32003001006,"Clark, NV (CT)",0,1976,1976,0,4172,4172
32003001100,"Clark, NV (CT)",0,2126,2126,0,2611,2611
32003001200,"Clark, NV (CT)",0,1815,1815,0,4146,4146
32003001300,"Clark, NV (CT)",0,1684,1684,0,4694,4694
32003001401,"Clark, NV (CT)",0,1404,1404,0,3181,3181
32003001402,"Clark, NV (CT)",0,1132,1132,0,4162,4162
32003001501,"Clark, NV (CT)",0,1872,1872,0,2877,2877
32003001502,"Clark, NV (CT)",0,2226,2226,0,3852,3852
32003001607,"Clark, NV (CT)",0,2722,2722,0,5512,5512
32003001608,"Clark, NV (CT)",0,892,892,0,1861,1861
32003001609,"Clark, NV (CT)",0,1206,1206,0,4239,4239
32003001610,"Clark, NV (CT)",0,836,836,0,2894,2894
32003001611,"Clark, NV (CT)",0,1488,1488,0,4769,4769
32003001612,"Clark, NV (CT)",0,3576,3576,0,7336,7336
32003001613,"Clark, NV (CT)",0,1336,1336,0,3999,3999
32003001706,"Clark, NV (CT)",0,1763,1763,0,3012,3012
32003001707,"Clark, NV (CT)",0,876,876,0,1510,1510
32003001708,"Clark, NV (CT)",0,1387,1387,0,3015,3015
32003001709,"Clark, NV (CT)",0,637,637,0,1547,1547
32003001710,"Clark, NV (CT)",0,1725,1725,0,4186,4186
32003001711,"Clark, NV (CT)",0,2242,2242,0,3619,3619
32003001712,"Clark, NV (CT)",0,1908,1908,0,3847,3847
32003001713,"Clark, NV (CT)",0,1070,1070,0,2924,2924
32003001714,"Clark, NV (CT)",0,1164,1164,0,3344,3344
32003001715,"Clark, NV (CT)",0,863,863,0,2635,2635
32003001716,"Clark, NV (CT)",0,516,516,0,1579,1579
32003001717,"Clark, NV (CT)",0,569,569,0,1331,1331
32003001718,"Clark, NV (CT)",0,1053,1053,0,3191,3191
32003001801,"Clark, NV (CT)",0,2862,2862,0,6091,6091
32003001803,"Clark, NV (CT)",0,1175,1175,0,2631,2631
32003001804,"Clark, NV (CT)",0,1602,1602,0,3555,3555
32003001901,"Clark, NV (CT)",0,2258,2258,0,5887,5887
32003001902,"Clark, NV (CT)",0,1677,1677,0,4188,4188
32003002000,"Clark, NV (CT)",0,3698,3698,0,3942,3942
32003002201,"Clark, NV (CT)",0,2205,2205,0,3950,3950
32003002203,"Clark, NV (CT)",0,1576,1576,0,4763,4763
32003002204,"Clark, NV (CT)",0,1584,1584,0,4400,4400
32003002206,"Clark, NV (CT)",0,1466,1466,0,3395,3395
32003002207,"Clark, NV (CT)",0,1557,1557,0,4123,4123
32003002302,"Clark, NV (CT)",0,2196,2196,0,857,857
32003002303,"Clark, NV (CT)",0,777,777,0,836,836
32003002403,"Clark, NV (CT)",0,3199,3199,0,4531,4531
32003002404,"Clark, NV (CT)",0,2520,2520,0,4804,4804
32003002405,"Clark, NV (CT)",0,2256,2256,0,4164,4164
32003002406,"Clark, NV (CT)",0,2241,2241,0,3241,3241
32003002501,"Clark, NV (CT)",0,2900,2900,0,6398,6398
32003002504,"Clark, NV (CT)",0,2194,2194,0,3848,3848
32003002505,"Clark, NV (CT)",0,953,953,0,2034,2034
32003002506,"Clark, NV (CT)",0,2226,2226,0,3349,3349
32003002603,"Clark, NV (CT)",0,2033,2033,0,4087,4087
32003002604,"Clark, NV (CT)",0,1560,1560,0,2285,2285
32003002605,"Clark, NV (CT)",0,1248,1248,0,909,909
32003002706,"Clark, NV (CT)",0,2183,2183,0,4283,4283
32003002707,"Clark, NV (CT)",0,1531,1531,0,3942,3942
32003002708,"Clark, NV (CT)",0,1243,1243,0,2888,2888
32003002808,"Clark, NV (CT)",0,860,860,0,1827,1827
32003002810,"Clark, NV (CT)",0,2833,2833,0,3217,3217
32003002811,"Clark, NV (CT)",0,1677,1677,0,4036,4036
32003002814,"Clark, NV (CT)",0,2198,2198,0,5080,5080
32003002821,"Clark, NV (CT)",0,2385,2385,0,4589,4589
32003002822,"Clark, NV (CT)",0,1179,1179,0,3708,3708
32003002823,"Clark, NV (CT)",0,1984,1984,0,3586,3586
32003002824,"Clark, NV (CT)",0,664,664,0,1615,1615
32003002825,"Clark, NV (CT)",0,1230,1230,0,3053,3053
32003002826,"Clark, NV (CT)",0,1073,1073,0,2900,2900
32003002827,"Clark, NV (CT)",0,1210,1210,0,2847,2847
32003002828,"Clark, NV (CT)",0,1829,1829,0,3329,3329
32003002829,"Clark, NV (CT)",0,1521,1521,0,3914,3914
32003002830,"Clark, NV (CT)",0,2961,2961,0,6152,6152
32003002831,"Clark, NV (CT)",0,2389,2389,0,3533,3533
32003002832,"Clark, NV (CT)",0,3591,3591,0,6051,6051
32003002833,"Clark, NV (CT)",0,1977,1977,0,5256,5256
32003002834,"Clark, NV (CT)",0,2442,2442,0,5931,5931
32003002835,"Clark, NV (CT)",0,1190,1190,0,2519,2519
32003002836,"Clark, NV (CT)",0,1431,1431,0,3341,3341
32003002837,"Clark, NV (CT)",0,2383,2383,0,5790,5790
32003002838,"Clark, NV (CT)",0,2304,2304,0,5488,5488
32003002841,"Clark, NV (CT)",0,1080,1080,0,2849,2849
32003002842,"Clark, NV (CT)",0,2184,2184,0,5890,5890
32003002843,"Clark, NV (CT)",0,2435,2435,0,6365,6365
32003002844,"Clark, NV (CT)",0,2463,2463,0,5530,5530
32003002845,"Clark, NV (CT)",0,1992,1992,0,4611,4611
32003002846,"Clark, NV (CT)",0,2849,2849,0,6853,6853
32003002847,"Clark, NV (CT)",0,2876,2876,0,3727,3727
32003002848,"Clark, NV (CT)",0,1717,1717,0,3762,3762
32003002905,"Clark, NV (CT)",0,2289,2289,0,5445,5445
32003002915,"Clark, NV (CT)",0,2311,2311,0,4922,4922
32003002916,"Clark, NV (CT)",0,1288,1288,0,2766,2766
32003002919,"Clark, NV (CT)",0,1794,1794,0,4161,4161
32003002935,"Clark, NV (CT)",0,645,645,0,1529,1529
32003002936,"Clark, NV (CT)",0,1419,1419,0,3217,3217
32003002937,"Clark, NV (CT)",0,2309,2309,0,4583,4583
32003002938,"Clark, NV (CT)",0,677,677,0,1485,1485
32003002939,"Clark, NV (CT)",0,733,733,0,1771,1771
32003002940,"Clark, NV (CT)",0,1428,1428,0,3467,3467
32003002941,"Clark, NV (CT)",0,1976,1976,0,5215,5215
32003002942,"Clark, NV (CT)",0,2105,2105,0,4435,4435
32003002944,"Clark, NV (CT)",0,1271,1271,0,2950,2950
32003002946,"Clark, NV (CT)",0,1025,1025,0,2187,2187
32003002947,"Clark, NV (CT)",0,1107,1107,0,2706,2706
32003002948,"Clark, NV (CT)",0,1285,1285,0,3505,3505
32003002949,"Clark, NV (CT)",0,1238,1238,0,3200,3200
32003002950,"Clark, NV (CT)",0,2209,2209,0,4692,4692
32003002951,"Clark, NV (CT)",0,3865,3865,0,8296,8296
32003002952,"Clark, NV (CT)",0,1325,1325,0,2540,2540
32003002953,"Clark, NV (CT)",0,1549,1549,0,4159,4159
32003002954,"Clark, NV (CT)",0,2157,2157,0,4250,4250
32003002956,"Clark, NV (CT)",0,3090,3090,0,2697,2697
32003002957,"Clark, NV (CT)",0,1236,1236,0,1908,1908
32003002958,"Clark, NV (CT)",0,3037,3037,0,6033,6033
32003002961,"Clark, NV (CT)",0,902,902,0,2013,2013
32003002962,"Clark, NV (CT)",0,1188,1188,0,2010,2010
32003002964,"Clark, NV (CT)",0,2648,2648,0,4922,4922
32003002965,"Clark, NV (CT)",0,1856,1856,0,3314,3314
32003002966,"Clark, NV (CT)",0,3196,3196,0,5308,5308
32003002967,"Clark, NV (CT)",0,2088,2088,0,3668,3668
32003002968,"Clark, NV (CT)",0,970,970,0,2299,2299
32003002969,"Clark, NV (CT)",0,803,803,0,1337,1337
32003002970,"Clark, NV (CT)",0,2635,2635,0,3434,3434
32003002974,"Clark, NV (CT)",0,2293,2293,0,5014,5014
32003002975,"Clark, NV (CT)",0,2196,2196,0,5116,5116
32003002976,"Clark, NV (CT)",0,2004,2004,0,3919,3919
32003002977,"Clark, NV (CT)",0,1233,1233,0,3101,3101
32003002978,"Clark, NV (CT)",0,1093,1093,0,2556,2556
32003002979,"Clark, NV (CT)",0,1179,1179,0,2442,2442
32003002980,"Clark, NV (CT)",0,2383,2383,0,5661,5661
32003002981,"Clark, NV (CT)",0,1747,1747,0,4119,4119
32003002982,"Clark, NV (CT)",0,2662,2662,0,6955,6955
32003002983,"Clark, NV (CT)",0,859,859,0,2096,2096
32003002984,"Clark, NV (CT)",0,1465,1465,0,3684,3684
32003002985,"Clark, NV (CT)",0,1585,1585,0,4160,4160
32003002995,"Clark, NV (CT)",0,1391,1391,0,2706,2706
32003002996,"Clark, NV (CT)",0,2337,2337,0,4750,4750
32003003001,"Clark, NV (CT)",0,1307,1307,0,3698,3698
32003003003,"Clark, NV (CT)",0,2269,2269,0,5301,5301
32003003004,"Clark, NV (CT)",0,1259,1259,0,2127,2127
32003003005,"Clark, NV (CT)",0,1228,1228,0,3480,3480
32003003006,"Clark, NV (CT)",0,1165,1165,0,3397,3397
32003003102,"Clark, NV (CT)",0,1928,1928,0,5265,5265
32003003103,"Clark, NV (CT)",0,1220,1220,0,3625,3625
32003003104,"Clark, NV (CT)",0,1786,1786,0,4258,4258
32003003204,"Clark, NV (CT)",0,2773,2773,0,5823,5823
32003003208,"Clark, NV (CT)",0,1047,1047,0,2899,2899
32003003210,"Clark, NV (CT)",0,1573,1573,0,2446,2446
32003003211,"Clark, NV (CT)",0,2048,2048,0,2997,2997
32003003213,"Clark, NV (CT)",0,1316,1316,0,1951,1951
32003003214,"Clark, NV (CT)",0,1262,1262,0,1951,1951
32003003215,"Clark, NV (CT)",0,1759,1759,0,4213,4213
32003003218,"Clark, NV (CT)",0,2178,2178,0,5352,5352
32003003219,"Clark, NV (CT)",0,3005,3005,0,6137,6137
32003003220,"Clark, NV (CT)",0,2999,2999,0,6066,6066
32003003222,"Clark, NV (CT)",0,2240,2240,0,4622,4622
32003003223,"Clark, NV (CT)",0,1560,1560,0,2972,2972
32003003226,"Clark, NV (CT)",0,1192,1192,0,2290,2290
32003003227,"Clark, NV (CT)",0,1783,1783,0,3856,3856
32003003228,"Clark, NV (CT)",0,1713,1713,0,3684,3684
32003003229,"Clark, NV (CT)",43,976,1019,114,1956,2070
32003003230,"Clark, NV (CT)",0,2584,2584,0,6112,6112
32003003231,"Clark, NV (CT)",0,2464,2464,0,4456,4456
32003003232,"Clark, NV (CT)",0,1853,1853,0,5249,5249
32003003233,"Clark, NV (CT)",0,1530,1530,0,3648,3648
32003003234,"Clark, NV (CT)",0,1643,1643,0,3690,3690
32003003235,"Clark, NV (CT)",0,1501,1501,0,2401,2401
32003003236,"Clark, NV (CT)",0,925,925,0,2172,2172
32003003237,"Clark, NV (CT)",0,1736,1736,0,3669,3669
32003003238,"Clark, NV (CT)",0,2522,2522,0,5306,5306
32003003239,"Clark, NV (CT)",0,1446,1446,0,3290,3290
32003003240,"Clark, NV (CT)",0,1304,1304,0,3612,3612
32003003241,"Clark, NV (CT)",0,1693,1693,0,3728,3728
32003003242,"Clark, NV (CT)",0,565,565,0,1792,1792
32003003243,"Clark, NV (CT)",0,1734,1734,0,5016,5016
32003003244,"Clark, NV (CT)",0,1469,1469,0,3734,3734
32003003245,"Clark, NV (CT)",0,1900,1900,0,5159,5159
32003003246,"Clark, NV (CT)",0,1708,1708,0,3882,3882
32003003247,"Clark, NV (CT)",0,1817,1817,0,3628,3628
32003003248,"Clark, NV (CT)",0,1402,1402,0,2902,2902
32003003249,"Clark, NV (CT)",0,1287,1287,0,3406,3406
32003003250,"Clark, NV (CT)",0,2047,2047,0,4994,4994
32003003251,"Clark, NV (CT)",0,901,901,0,2300,2300
32003003252,"Clark, NV (CT)",0,1839,1839,0,4246,4246
32003003253,"Clark, NV (CT)",0,1429,1429,0,3542,3542
32003003254,"Clark, NV (CT)",0,1467,1467,0,3371,3371
32003003260,"Clark, NV (CT)",0,1869,1869,0,3454,3454
32003003261,"Clark, NV (CT)",0,1334,1334,0,2489,2489
32003003262,"Clark, NV (CT)",0,1767,1767,0,2797,2797
32003003303,"Clark, NV (CT)",0,1937,1937,0,4769,4769
32003003305,"Clark, NV (CT)",0,2085,2085,0,5377,5377
32003003306,"Clark, NV (CT)",0,1968,1968,0,4018,4018
32003003307,"Clark, NV (CT)",0,2240,2240,0,6242,6242
32003003308,"Clark, NV (CT)",0,983,983,0,2911,2911
32003003309,"Clark, NV (CT)",0,1512,1512,0,3898,3898
32003003310,"Clark, NV (CT)",0,1808,1808,0,4724,4724
32003003311,"Clark, NV (CT)",0,1239,1239,0,3288,3288
32003003312,"Clark, NV (CT)",0,1183,1183,0,3919,3919
32003003313,"Clark, NV (CT)",0,1041,1041,0,3010,3010
32003003314,"Clark, NV (CT)",18,2504,2522,43,6504,6547
32003003315,"Clark, NV (CT)",0,1480,1480,0,4155,4155
32003003316,"Clark, NV (CT)",0,1854,1854,0,5594,5594
32003003317,"Clark, NV (CT)",0,1142,1142,0,3068,3068
32003003318,"Clark, NV (CT)",0,1962,1962,0,5112,5112
32003003319,"Clark, NV (CT)",0,2059,2059,0,5729,5729
32003003320,"Clark, NV (CT)",0,1872,1872,0,4263,4263
32003003321,"Clark, NV (CT)",0,890,890,0,2551,2551
32003003408,"Clark, NV (CT)",0,1877,1877,0,4883,4883
32003003409,"Clark, NV (CT)",0,2053,2053,0,5109,5109
32003003410,"Clark, NV (CT)",0,2120,2120,0,5019,5019
32003003411,"Clark, NV (CT)",0,1906,1906,0,4037,4037
32003003412,"Clark, NV (CT)",0,1934,1934,0,4420,4420
32003003413,"Clark, NV (CT)",0,2095,2095,0,5001,5001
32003003414,"Clark, NV (CT)",0,786,786,0,2412,2412
32003003415,"Clark, NV (CT)",0,2846,2846,0,6384,6384
32003003416,"Clark, NV (CT)",0,1171,1171,0,3041,3041
32003003418,"Clark, NV (CT)",0,1724,1724,0,4121,4121
32003003419,"Clark, NV (CT)",0,2671,2671,0,6588,6588
32003003420,"Clark, NV (CT)",0,1633,1633,0,4080,4080
32003003421,"Clark, NV (CT)",0,1382,1382,0,3301,3301
32003003422,"Clark, NV (CT)",0,2212,2212,0,5327,5327
32003003423,"Clark, NV (CT)",0,2468,2468,0,6220,6220
32003003426,"Clark, NV (CT)",0,1303,1303,0,3140,3140
32003003427,"Clark, NV (CT)",0,1661,1661,0,3908,3908
32003003428,"Clark, NV (CT)",0,742,742,0,1919,1919
32003003429,"Clark, NV (CT)",0,2246,2246,0,5076,5076
32003003430,"Clark, NV (CT)",0,1156,1156,0,2517,2517
32003003431,"Clark, NV (CT)",0,1058,1058,0,3292,3292
32003003500,"Clark, NV (CT)",0,1003,1003,0,2595,2595
32003003607,"Clark, NV (CT)",0,2473,2473,0,7220,7220
32003003609,"Clark, NV (CT)",0,1622,1622,0,4295,4295
32003003610,"Clark, NV (CT)",0,1933,1933,0,5504,5504
32003003612,"Clark, NV (CT)",0,2815,2815,0,6777,6777
32003003613,"Clark, NV (CT)",0,2239,2239,0,6475,6475
32003003615,"Clark, NV (CT)",0,1071,1071,0,2684,2684
32003003616,"Clark, NV (CT)",0,1726,1726,0,5430,5430
32003003617,"Clark, NV (CT)",0,561,561,0,1837,1837
32003003618,"Clark, NV (CT)",0,3207,3207,0,7510,7510
32003003619,"Clark, NV (CT)",0,1087,1087,0,3006,3006
32003003620,"Clark, NV (CT)",0,1833,1833,0,5019,5019
32003003621,"Clark, NV (CT)",0,1984,1984,0,3002,3002
32003003622,"Clark, NV (CT)",0,1968,1968,0,5752,5752
32003003623,"Clark, NV (CT)",79,1725,1804,208,4538,4746
32003003624,"Clark, NV (CT)",0,2136,2136,0,5728,5728
32003003625,"Clark, NV (CT)",0,2282,2282,0,6727,6727
32003003626,"Clark, NV (CT)",0,1321,1321,0,3789,3789
32003003627,"Clark, NV (CT)",0,1689,1689,0,4443,4443
32003003628,"Clark, NV (CT)",70,2833,2903,99,7742,7841
32003003629,"Clark, NV (CT)",0,2231,2231,0,5789,5789
32003003630,"Clark, NV (CT)",0,2189,2189,0,5978,5978
32003003631,"Clark, NV (CT)",0,1229,1229,0,3385,3385
32003003632,"Clark, NV (CT)",0,1029,1029,0,2830,2830
32003003633,"Clark, NV (CT)",0,1242,1242,0,3707,3707
32003003634,"Clark, NV (CT)",0,1434,1434,0,4159,4159
32003003635,"Clark, NV (CT)",0,1893,1893,0,5577,5577
32003003636,"Clark, NV (CT)",0,841,841,0,2614,2614
32003003637,"Clark, NV (CT)",0,1641,1641,0,4308,4308
32003003638,"Clark, NV (CT)",0,1099,1099,0,3076,3076
32003003639,"Clark, NV (CT)",0,1303,1303,0,3678,3678
32003003640,"Clark, NV (CT)",0,1560,1560,0,4389,4389
32003003641,"Clark, NV (CT)",0,1987,1987,0,5385,5385
32003003642,"Clark, NV (CT)",0,1140,1140,0,3782,3782
32003003643,"Clark, NV (CT)",0,1871,1871,0,4781,4781
32003003644,"Clark, NV (CT)",0,1719,1719,0,4517,4517
32003003700,"Clark, NV (CT)",0,1165,1165,0,3527,3527
32003003800,"Clark, NV (CT)",0,1763,1763,0,4574,4574
32003004000,"Clark, NV (CT)",0,944,944,0,3634,3634
32003004100,"Clark, NV (CT)",0,1483,1483,0,5840,5840
32003004200,"Clark, NV (CT)",0,1514,1514,0,5309,5309
32003004301,"Clark, NV (CT)",0,641,641,0,1922,1922
32003004302,"Clark, NV (CT)",0,1280,1280,0,4175,4175
32003004401,"Clark, NV (CT)",0,856,856,0,3060,3060
32003004402,"Clark, NV (CT)",0,1088,1088,0,4653,4653
32003004500,"Clark, NV (CT)",0,1272,1272,0,4798,4798
32003004601,"Clark, NV (CT)",0,1500,1500,0,4747,4747
32003004602,"Clark, NV (CT)",0,939,939,0,3232,3232
32003004703,"Clark, NV (CT)",0,1887,1887,0,5200,5200
32003004707,"Clark, NV (CT)",0,909,909,0,3037,3037
32003004709,"Clark, NV (CT)",0,1655,1655,0,5513,5513
32003004710,"Clark, NV (CT)",0,2201,2201,0,6351,6351
32003004712,"Clark, NV (CT)",0,2567,2567,0,5911,5911
32003004713,"Clark, NV (CT)",0,2028,2028,0,3958,3958
32003004714,"Clark, NV (CT)",0,1819,1819,0,6367,6367
32003004715,"Clark, NV (CT)",0,2193,2193,0,6027,6027
32003004716,"Clark, NV (CT)",0,952,952,0,3293,3293
32003004717,"Clark, NV (CT)",0,872,872,0,3364,3364
32003004907,"Clark, NV (CT)",0,1074,1074,0,3684,3684
32003004910,"Clark, NV (CT)",0,965,965,0,3105,3105
32003004911,"Clark, NV (CT)",0,1795,1795,0,4220,4220
32003004912,"Clark, NV (CT)",0,1975,1975,0,6023,6023
32003004914,"Clark, NV (CT)",0,741,741,0,2635,2635
32003004915,"Clark, NV (CT)",0,986,986,0,3204,3204
32003004916,"Clark, NV (CT)",0,820,820,0,2550,2550
32003004917,"Clark, NV (CT)",0,1138,1138,0,3114,3114
32003004918,"Clark, NV (CT)",0,1267,1267,0,4104,4104
32003004919,"Clark, NV (CT)",0,1453,1453,0,4590,4590
32003004920,"Clark, NV (CT)",0,1673,1673,0,5205,5205
32003004921,"Clark, NV (CT)",0,2228,2228,0,6160,6160
32003004923,"Clark, NV (CT)",0,1448,1448,0,4339,4339
32003004924,"Clark, NV (CT)",0,1324,1324,0,3958,3958
32003004925,"Clark, NV (CT)",0,2095,2095,0,6274,6274
32003004926,"Clark, NV (CT)",0,1146,1146,0,3819,3819
32003005005,"Clark, NV (CT)",0,2205,2205,0,3880,3880
32003005006,"Clark, NV (CT)",0,2250,2250,0,4771,4771
32003005007,"Clark, NV (CT)",0,1296,1296,0,2517,2517
32003005010,"Clark, NV (CT)",0,2338,2338,0,4962,4962
32003005011,"Clark, NV (CT)",0,1188,1188,0,3527,3527
32003005012,"Clark, NV (CT)",0,1124,1124,0,2858,2858
32003005013,"Clark, NV (CT)",0,1334,1334,0,3616,3616
32003005014,"Clark, NV (CT)",0,2553,2553,0,5255,5255
32003005015,"Clark, NV (CT)",0,1753,1753,0,3977,3977
32003005016,"Clark, NV (CT)",0,2199,2199,0,5118,5118
32003005017,"Clark, NV (CT)",0,1783,1783,0,4392,4392
32003005101,"Clark, NV (CT)",0,3272,3272,0,7647,7647
32003005102,"Clark, NV (CT)",0,2058,2058,0,4678,4678
32003005103,"Clark, NV (CT)",0,2485,2485,0,5017,5017
32003005104,"Clark, NV (CT)",0,1453,1453,0,3182,3182
32003005105,"Clark, NV (CT)",0,3513,3513,0,8423,8423
32003005106,"Clark, NV (CT)",0,1266,1266,0,2956,2956
32003005107,"Clark, NV (CT)",0,1689,1689,0,4245,4245
32003005108,"Clark, NV (CT)",0,1714,1714,0,3293,3293
32003005109,"Clark, NV (CT)",0,2948,2948,0,7123,7123
32003005200,"Clark, NV (CT)",0,1729,1729,0,3908,3908
32003005311,"Clark, NV (CT)",0,1047,1047,0,2681,2681
32003005312,"Clark, NV (CT)",0,1125,1125,0,2755,2755
32003005313,"Clark, NV (CT)",0,2421,2421,0,6329,6329
32003005314,"Clark, NV (CT)",0,1075,1075,0,2672,2672
32003005315,"Clark, NV (CT)",0,2368,2368,0,5059,5059
32003005316,"Clark, NV (CT)",0,1749,1749,0,4092,4092
32003005317,"Clark, NV (CT)",0,2628,2628,0,5035,5035
32003005318,"Clark, NV (CT)",0,1387,1387,0,3199,3199
32003005319,"Clark, NV (CT)",0,1118,1118,0,2636,2636
32003005320,"Clark, NV (CT)",0,1228,1228,0,2754,2754
32003005321,"Clark, NV (CT)",0,1389,1389,0,3568,3568
32003005322,"Clark, NV (CT)",0,530,530,0,1319,1319
32003005333,"Clark, NV (CT)",0,1083,1083,0,2504,2504
32003005335,"Clark, NV (CT)",0,1801,1801,0,4704,4704
32003005336,"Clark, NV (CT)",0,1786,1786,0,4007,4007
32003005337,"Clark, NV (CT)",0,1240,1240,0,2975,2975
32003005338,"Clark, NV (CT)",0,1305,1305,0,1971,1971
32003005341,"Clark, NV (CT)",0,856,856,0,2357,2357
32003005342,"Clark, NV (CT)",0,1203,1203,0,3152,3152
32003005343,"Clark, NV (CT)",0,1592,1592,0,4170,4170
32003005346,"Clark, NV (CT)",0,2089,2089,0,4186,4186
32003005347,"Clark, NV (CT)",0,2383,2383,0,5009,5009
32003005348,"Clark, NV (CT)",0,1783,1783,0,4607,4607
32003005349,"Clark, NV (CT)",0,1836,1836,0,4130,4130
32003005350,"Clark, NV (CT)",0,1590,1590,0,3297,3297
32003005351,"Clark, NV (CT)",0,2159,2159,0,4400,4400
32003005352,"Clark, NV (CT)",0,1163,1163,0,3145,3145
32003005353,"Clark, NV (CT)",0,1563,1563,0,3815,3815
32003005354,"Clark, NV (CT)",0,2238,2238,0,5062,5062
32003005355,"Clark, NV (CT)",0,2401,2401,0,4919,4919
32003005356,"Clark, NV (CT)",0,983,983,0,2342,2342
32003005357,"Clark, NV (CT)",386,2359,2745,758,5453,6211
32003005358,"Clark, NV (CT)",0,944,944,0,3021,3021
32003005359,"Clark, NV (CT)",0,2337,2337,0,6977,6977
32003005360,"Clark, NV (CT)",0,1727,1727,0,4111,4111
32003005421,"Clark, NV (CT)",0,1300,1300,0,3370,3370
32003005422,"Clark, NV (CT)",0,1525,1525,0,4144,4144
32003005423,"Clark, NV (CT)",0,1813,1813,0,4354,4354
32003005432,"Clark, NV (CT)",0,2271,2271,0,5586,5586
32003005433,"Clark, NV (CT)",0,1739,1739,0,4697,4697
32003005434,"Clark, NV (CT)",0,1700,1700,0,4809,4809
32003005435,"Clark, NV (CT)",12,1387,1399,35,3380,3415
32003005436,"Clark, NV (CT)",4,3223,3227,6,7260,7266
32003005437,"Clark, NV (CT)",1602,743,2345,1359,1622,2981
32003005438,"Clark, NV (CT)",0,1119,1119,0,2599,2599
32003005439,"Clark, NV (CT)",0,1601,1601,0,3864,3864
32003005501,"Clark, NV (CT)",14,2498,2512,189,4070,4259
32003005502,"Clark, NV (CT)",413,1485,1898,963,3348,4311
32003005503,"Clark, NV (CT)",0,1554,1554,0,3054,3054
32003005504,"Clark, NV (CT)",0,1444,1444,0,3394,3394
32003005607,"Clark, NV (CT)",0,1717,1717,0,3762,3762
32003005612,"Clark, NV (CT)",0,820,820,0,1488,1488
32003005613,"Clark, NV (CT)",822,1277,2099,1101,3556,4657
32003005614,"Clark, NV (CT)",0,973,973,0,1845,1845
32003005615,"Clark, NV (CT)",0,1019,1019,0,1645,1645
32003005702,"Clark, NV (CT)",213,2027,2240,208,3018,3226
32003005703,"Clark, NV (CT)",1223,0,1223,1440,0,1440
32003005704,"Clark, NV (CT)",0,1402,1402,0,2114,2114
32003005705,"Clark, NV (CT)",862,666,1528,1209,997,2206
32003005711,"Clark, NV (CT)",14,1605,1619,28,4320,4348
32003005712,"Clark, NV (CT)",153,3547,3700,281,7420,7701
32003005713,"Clark, NV (CT)",0,2473,2473,0,4880,4880
32003005714,"Clark, NV (CT)",0,3697,3697,0,5946,5946
32003005715,"Clark, NV (CT)",0,1971,1971,0,4291,4291
32003005716,"Clark, NV (CT)",0,2430,2430,0,3585,3585
32003005803,"Clark, NV (CT)",0,2184,2184,0,4637,4637
32003005804,"Clark, NV (CT)",0,2345,2345,0,4742,4742
32003005805,"Clark, NV (CT)",0,1566,1566,0,2961,2961
32003005806,"Clark, NV (CT)",0,1963,1963,0,4039,4039
32003005807,"Clark, NV (CT)",0,1798,1798,0,4275,4275
32003005808,"Clark, NV (CT)",0,1636,1636,0,3385,3385
32003005809,"Clark, NV (CT)",0,2067,2067,0,3905,3905
32003005811,"Clark, NV (CT)",0,3235,3235,0,8046,8046
32003005813,"Clark, NV (CT)",0,2160,2160,0,4019,4019
32003005818,"Clark, NV (CT)",559,0,559,990,0,990
32003005822,"Clark, NV (CT)",0,1961,1961,0,5191,5191
32003005823,"Clark, NV (CT)",92,1376,1468,236,3239,3475
32003005824,"Clark, NV (CT)",0,1573,1573,0,3673,3673
32003005825,"Clark, NV (CT)",0,2985,2985,0,5606,5606
32003005826,"Clark, NV (CT)",0,1638,1638,0,3845,3845
32003005827,"Clark, NV (CT)",1339,1313,2652,2733,3392,6125
32003005828,"Clark, NV (CT)",0,2651,2651,0,6704,6704
32003005829,"Clark, NV (CT)",0,2804,2804,0,6350,6350
32003005830,"Clark, NV (CT)",0,1794,1794,0,3206,3206
32003005831,"Clark, NV (CT)",0,1285,1285,0,3259,3259
32003005832,"Clark, NV (CT)",0,1083,1083,0,2916,2916
32003005833,"Clark, NV (CT)",0,2060,2060,0,5171,5171
32003005834,"Clark, NV (CT)",0,1174,1174,0,3113,3113
32003005835,"Clark, NV (CT)",0,1404,1404,0,3769,3769
32003005836,"Clark, NV (CT)",0,1540,1540,0,3692,3692
32003005837,"Clark, NV (CT)",0,1551,1551,0,4004,4004
32003005838,"Clark, NV (CT)",0,2152,2152,0,5581,5581
32003005839,"Clark, NV (CT)",645,906,1551,1468,2255,3723
32003005840,"Clark, NV (CT)",65,3457,3522,98,8430,8528
32003005841,"Clark, NV (CT)",0,1928,1928,0,4153,4153
32003005842,"Clark, NV (CT)",0,780,780,0,1792,1792
32003005843,"Clark, NV (CT)",0,1340,1340,0,2732,2732
32003005844,"Clark, NV (CT)",0,2917,2917,0,6462,6462
32003005845,"Clark, NV (CT)",0,1881,1881,0,4192,4192
32003005846,"Clark, NV (CT)",0,2627,2627,0,4572,4572
32003005847,"Clark, NV (CT)",0,905,905,0,1675,1675
32003005848,"Clark, NV (CT)",0,1929,1929,0,4191,4191
32003005849,"Clark, NV (CT)",0,1406,1406,0,3417,3417
32003005850,"Clark, NV (CT)",0,1387,1387,0,4050,4050
32003005851,"Clark, NV (CT)",0,2382,2382,0,5444,5444
32003005852,"Clark, NV (CT)",0,1948,1948,0,4469,4469
32003005853,"Clark, NV (CT)",0,3139,3139,0,7757,7757
32003005854,"Clark, NV (CT)",0,4222,4222,0,7988,7988
32003005855,"Clark, NV (CT)",0,2437,2437,0,5480,5480
32003005856,"Clark, NV (CT)",0,1458,1458,0,3264,3264
32003005902,"Clark, NV (CT)",567,0,567,1433,0,1433
32003005903,"Clark, NV (CT)",110,1342,1452,151,2000,2151
32003005904,"Clark, NV (CT)",957,336,1293,1172,566,1738
32003005905,"Clark, NV (CT)",0,1819,1819,0,2484,2484
32003006001,"Clark, NV (CT)",14,2143,2157,45,4244,4289
32003006103,"Clark, NV (CT)",0,1474,1474,0,2913,2913
32003006104,"Clark, NV (CT)",323,902,1225,712,2687,3399
32003006201,"Clark, NV (CT)",0,1546,1546,0,4074,4074
32003006202,"Clark, NV (CT)",0,1349,1349,0,3771,3771
32003006203,"Clark, NV (CT)",0,949,949,0,2740,2740
32003006204,"Clark, NV (CT)",0,1570,1570,0,4690,4690
32003006700,"Clark, NV (CT)",0,7580,7580,0,719,719
32003006800,"Clark, NV (CT)",0,2041,2041,0,4543,4543
32003006900,"Clark, NV (CT)",0,872,872,0,1645,1645
32003007100,"Clark, NV (CT)",0,1000,1000,0,3130,3130
32003007200,"Clark, NV (CT)",19,1882,1901,52,4296,4348
32003007500,"Clark, NV (CT)",1105,0,1105,6314,0,6314
32003007600,"Clark, NV (CT)",597,889,1486,1815,2432,4247
32003007800,"Clark, NV (CT)",0,933,933,225,2532,2757
32005001000,"Douglas, NV (CT)",0,1103,1103,0,2748,2748
32005001100,"Douglas, NV (CT)",0,2165,2165,0,5398,5398
32005001200,"Douglas, NV (CT)",256,1143,1399,463,2507,2970
32005001300,"Douglas, NV (CT)",849,0,849,1725,0,1725
32005001400,"Douglas, NV (CT)",0,1463,1463,0,2975,2975
32005001500,"Douglas, NV (CT)",207,2480,2687,446,5210,5656
32005001600,"Douglas, NV (CT)",1721,0,1721,1591,0,1591
32005001700,"Douglas, NV (CT)",645,591,1236,690,911,1601
32005001800,"Douglas, NV (CT)",1177,690,1867,1065,1087,2152
32005001900,"Douglas, NV (CT)",912,0,912,1343,0,1343
32005002000,"Douglas, NV (CT)",56,1315,1371,122,3232,3354
32005002100,"Douglas, NV (CT)",239,623,862,468,1494,1962
32005002200,"Douglas, NV (CT)",559,2164,2723,1320,5337,6657
32005002300,"Douglas, NV (CT)",1184,405,1589,2701,914,3615
32005002400,"Douglas, NV (CT)",582,138,720,1198,355,1553
32005002500,"Douglas, NV (CT)",1004,0,1004,1697,0,1697
32005990000,"Douglas, NV (CT)",0,0,0,0,0,0
32007950200,"Elko, NV (CT)",1010,0,1010,2027,0,2027
32007950701,"Elko, NV (CT)",51,1858,1909,139,5203,5342
32007950702,"Elko, NV (CT)",1126,887,2013,2882,2529,5411
32007950800,"Elko, NV (CT)",0,781,781,0,1599,1599
32007950900,"Elko, NV (CT)",0,1082,1082,0,2343,2343
32007951000,"Elko, NV (CT)",0,667,667,0,1485,1485
32007951201,"Elko, NV (CT)",1111,350,1461,3129,1056,4185
32007951202,"Elko, NV (CT)",706,724,1430,1595,2027,3622
32007951300,"Elko, NV (CT)",3,1081,1084,7,2860,2867
32007951401,"Elko, NV (CT)",255,1318,1573,685,3553,4238
32007951402,"Elko, NV (CT)",977,1172,2149,2411,3441,5852
32007951500,"Elko, NV (CT)",351,1439,1790,538,4244,4782
32007951600,"Elko, NV (CT)",1057,0,1057,2396,0,2396
32007951700,"Elko, NV (CT)",1560,0,1560,2669,0,2669
32009950100,"Esmeralda, NV (CT)",850,0,850,783,0,783
32011000100,"Eureka, NV (CT)",1076,0,1076,1987,0,1987
32013010500,"Humboldt, NV (CT)",1567,1201,2768,3205,2911,6116
32013010600,"Humboldt, NV (CT)",919,146,1065,2010,268,2278
32013010701,"Humboldt, NV (CT)",0,1983,1983,0,4588,4588
32013010702,"Humboldt, NV (CT)",412,895,1307,1045,2501,3546
32015000300,"Lander, NV (CT)",1109,1466,2575,2255,3520,5775
32017950100,"Lincoln, NV (CT)",1511,0,1511,2684,0,2684
32017950200,"Lincoln, NV (CT)",1219,0,1219,2661,0,2661
32019960101,"Lyon, NV (CT)",493,3750,4243,1223,9430,10653
32019960102,"Lyon, NV (CT)",0,3052,3052,0,7143,7143
32019960103,"Lyon, NV (CT)",2,733,735,6,1710,1716
32019960201,"Lyon, NV (CT)",1932,0,1932,4221,0,4221
32019960202,"Lyon, NV (CT)",1576,0,1576,3415,0,3415
32019960301,"Lyon, NV (CT)",468,309,777,1015,754,1769
32019960302,"Lyon, NV (CT)",801,2994,3795,1816,7705,9521
32019960303,"Lyon, NV (CT)",391,1449,1840,859,3127,3986
32019960800,"Lyon, NV (CT)",1923,117,2040,3831,257,4088
32019960900,"Lyon, NV (CT)",1237,1320,2557,2814,2654,5468
32021970700,"Mineral, NV (CT)",85,1863,1948,186,3249,3435
32021970800,"Mineral, NV (CT)",882,0,882,1337,0,1337
32023960100,"Nye, NV (CT)",1371,0,1371,2330,0,2330
32023960200,"Nye, NV (CT)",1636,0,1636,2545,0,2545
32023960300,"Nye, NV (CT)",1425,0,1425,2488,0,2488
32023960401,"Nye, NV (CT)",1376,1597,2973,2748,3410,6158
32023960402,"Nye, NV (CT)",526,2230,2756,1008,4184,5192
32023960403,"Nye, NV (CT)",596,2011,2607,1207,4198,5405
32023960404,"Nye, NV (CT)",255,3517,3772,571,6951,7522
32023960405,"Nye, NV (CT)",280,1588,1868,568,3361,3929
32023960406,"Nye, NV (CT)",1051,2891,3942,2035,6342,8377
32023980500,"Nye, NV (CT)",0,0,0,0,0,0
32027960100,"Pershing, NV (CT)",2464,0,2464,6753,0,6753
32029970200,"Storey, NV (CT)",1864,126,1990,3715,295,4010
32031000101,"Washoe, NV (CT)",0,3066,3066,0,3236,3236
32031000102,"Washoe, NV (CT)",0,2559,2559,0,3945,3945
32031000201,"Washoe, NV (CT)",0,1347,1347,0,3270,3270
32031000202,"Washoe, NV (CT)",0,1669,1669,0,2503,2503
32031000300,"Washoe, NV (CT)",0,2349,2349,0,3598,3598
32031000400,"Washoe, NV (CT)",0,2700,2700,0,4987,4987
32031000700,"Washoe, NV (CT)",0,2810,2810,0,5689,5689
32031000900,"Washoe, NV (CT)",0,1986,1986,0,4772,4772
32031001005,"Washoe, NV (CT)",0,1537,1537,0,3028,3028
32031001008,"Washoe, NV (CT)",0,2193,2193,0,4562,4562
32031001009,"Washoe, NV (CT)",0,1555,1555,0,2577,2577
32031001010,"Washoe, NV (CT)",0,1217,1217,0,2672,2672
32031001011,"Washoe, NV (CT)",0,1476,1476,0,3726,3726
32031001012,"Washoe, NV (CT)",0,1327,1327,0,3376,3376
32031001013,"Washoe, NV (CT)",192,2318,2510,447,5759,6206
32031001014,"Washoe, NV (CT)",0,1355,1355,0,2338,2338
32031001015,"Washoe, NV (CT)",0,2197,2197,0,4465,4465
32031001101,"Washoe, NV (CT)",0,1399,1399,0,2713,2713
32031001103,"Washoe, NV (CT)",12,2176,2188,33,5256,5289
32031001104,"Washoe, NV (CT)",0,1942,1942,0,4237,4237
32031001105,"Washoe, NV (CT)",0,1663,1663,0,3762,3762
32031001201,"Washoe, NV (CT)",0,1547,1547,0,2467,2467
32031001202,"Washoe, NV (CT)",0,2783,2783,0,4494,4494
32031001300,"Washoe, NV (CT)",0,1621,1621,0,3738,3738
32031001400,"Washoe, NV (CT)",0,1512,1512,0,3002,3002
32031001501,"Washoe, NV (CT)",0,1861,1861,0,4444,4444
32031001502,"Washoe, NV (CT)",0,2452,2452,0,6522,6522
32031001701,"Washoe, NV (CT)",0,1371,1371,0,3128,3128
32031001702,"Washoe, NV (CT)",0,2284,2284,0,4883,4883
32031001801,"Washoe, NV (CT)",0,1212,1212,0,3778,3778
32031001802,"Washoe, NV (CT)",0,1208,1208,0,3103,3103
32031001901,"Washoe, NV (CT)",0,2031,2031,0,4606,4606
32031001902,"Washoe, NV (CT)",0,2371,2371,0,4782,4782
32031002103,"Washoe, NV (CT)",315,820,1135,723,1936,2659
32031002104,"Washoe, NV (CT)",0,1484,1484,0,3113,3113
32031002105,"Washoe, NV (CT)",0,2154,2154,0,4291,4291
32031002106,"Washoe, NV (CT)",0,1254,1254,0,3316,3316
32031002107,"Washoe, NV (CT)",0,739,739,0,1621,1621
32031002204,"Washoe, NV (CT)",0,2124,2124,0,4519,4519
32031002205,"Washoe, NV (CT)",0,2446,2446,0,4818,4818
32031002206,"Washoe, NV (CT)",0,2973,2973,0,6400,6400
32031002207,"Washoe, NV (CT)",0,1575,1575,0,3688,3688
32031002208,"Washoe, NV (CT)",0,1477,1477,0,2595,2595
32031002209,"Washoe, NV (CT)",0,2230,2230,0,6051,6051
32031002210,"Washoe, NV (CT)",66,779,845,159,1978,2137
32031002211,"Washoe, NV (CT)",0,1503,1503,0,3745,3745
32031002212,"Washoe, NV (CT)",0,1612,1612,0,4256,4256
32031002301,"Washoe, NV (CT)",230,1914,2144,387,4278,4665
32031002302,"Washoe, NV (CT)",109,929,1038,224,2003,2227
32031002401,"Washoe, NV (CT)",0,1339,1339,0,3445,3445
32031002406,"Washoe, NV (CT)",0,2080,2080,0,4798,4798
32031002407,"Washoe, NV (CT)",0,1663,1663,0,3938,3938
32031002408,"Washoe, NV (CT)",0,1223,1223,0,3027,3027
32031002409,"Washoe, NV (CT)",0,1672,1672,0,4382,4382
32031002410,"Washoe, NV (CT)",0,2002,2002,0,3960,3960
32031002411,"Washoe, NV (CT)",0,1626,1626,0,3737,3737
32031002412,"Washoe, NV (CT)",0,887,887,0,2597,2597
32031002500,"Washoe, NV (CT)",0,2219,2219,0,5009,5009
32031002603,"Washoe, NV (CT)",234,349,583,558,866,1424
32031002610,"Washoe, NV (CT)",0,1873,1873,0,5243,5243
32031002611,"Washoe, NV (CT)",42,1694,1736,97,5373,5470
32031002612,"Washoe, NV (CT)",20,1545,1565,42,3751,3793
32031002613,"Washoe, NV (CT)",294,1551,1845,790,4383,5173
32031002614,"Washoe, NV (CT)",0,1445,1445,0,3498,3498
32031002615,"Washoe, NV (CT)",0,1305,1305,0,3442,3442
32031002616,"Washoe, NV (CT)",0,1559,1559,0,4275,4275
32031002617,"Washoe, NV (CT)",0,1932,1932,0,6461,6461
32031002618,"Washoe, NV (CT)",442,1694,2136,1200,4409,5609
32031002619,"Washoe, NV (CT)",201,2227,2428,433,5344,5777
32031002703,"Washoe, NV (CT)",0,1080,1080,0,2767,2767
32031002704,"Washoe, NV (CT)",0,1695,1695,0,4716,4716
32031002705,"Washoe, NV (CT)",81,1564,1645,198,4410,4608
32031002706,"Washoe, NV (CT)",0,1657,1657,0,4928,4928
32031002707,"Washoe, NV (CT)",0,1567,1567,0,4628,4628
32031002801,"Washoe, NV (CT)",0,1716,1716,0,4368,4368
32031002802,"Washoe, NV (CT)",0,1892,1892,0,5258,5258
32031002901,"Washoe, NV (CT)",0,1293,1293,0,3552,3552
32031002902,"Washoe, NV (CT)",0,1520,1520,0,4356,4356
32031003000,"Washoe, NV (CT)",0,3103,3103,0,6653,6653
32031003101,"Washoe, NV (CT)",0,2196,2196,0,4395,4395
32031003105,"Washoe, NV (CT)",0,912,912,0,2144,2144
32031003106,"Washoe, NV (CT)",0,2653,2653,0,7191,7191
32031003108,"Washoe, NV (CT)",0,1110,1110,0,3302,3302
32031003109,"Washoe, NV (CT)",0,1304,1304,0,2911,2911
32031003110,"Washoe, NV (CT)",0,2178,2178,0,5098,5098
32031003202,"Washoe, NV (CT)",460,2026,2486,1068,4602,5670
32031003203,"Washoe, NV (CT)",383,1436,1819,893,3656,4549
32031003204,"Washoe, NV (CT)",756,378,1134,1669,853,2522
32031003305,"Washoe, NV (CT)",0,765,765,0,1247,1247
32031003306,"Washoe, NV (CT)",0,1357,1357,0,1730,1730
32031003307,"Washoe, NV (CT)",0,1245,1245,0,1231,1231
32031003308,"Washoe, NV (CT)",472,1501,1973,678,1655,2333
32031003309,"Washoe, NV (CT)",411,2203,2614,456,2090,2546
32031003501,"Washoe, NV (CT)",1928,0,1928,4205,0,4205
32031003503,"Washoe, NV (CT)",171,1481,1652,468,3949,4417
32031003504,"Washoe, NV (CT)",342,2387,2729,1048,6307,7355
32031003507,"Washoe, NV (CT)",0,1498,1498,0,4210,4210
32031003508,"Washoe, NV (CT)",0,1031,1031,0,2714,2714
32031003509,"Washoe, NV (CT)",0,1756,1756,0,4225,4225
32031003510,"Washoe, NV (CT)",0,1361,1361,0,3531,3531
32031003511,"Washoe, NV (CT)",0,1972,1972,0,5207,5207
32031003512,"Washoe, NV (CT)",54,1622,1676,204,4154,4358
32031003513,"Washoe, NV (CT)",71,1209,1280,182,2483,2665
32031003514,"Washoe, NV (CT)",0,1080,1080,0,2852,2852
32031003515,"Washoe, NV (CT)",309,1807,2116,857,5176,6033
32031940200,"Washoe, NV (CT)",398,294,692,954,696,1650
32031980000,"Washoe, NV (CT)",0,5,5,0,217,217
32031980100,"Washoe, NV (CT)",0,0,0,0,0,0
32031980200,"Washoe, NV (CT)",0,0,0,0,0,0
32031980300,"Washoe, NV (CT)",2,0,2,8,0,8
32031990000,"Washoe, NV (CT)",0,0,0,0,0,0
32031990100,"Washoe, NV (CT)",0,0,0,0,0,0
32033970100,"White Pine, NV (CT)",1065,0,1065,1882,0,1882
32033970200,"White Pine, NV (CT)",982,1243,2225,3207,2712,5919
32033970300,"White Pine, NV (CT)",120,1088,1208,260,1969,2229
32510000100,"Carson City, NV (CT)",0,1771,1771,0,3034,3034
32510000200,"Carson City, NV (CT)",0,1763,1763,0,3526,3526
32510000300,"Carson City, NV (CT)",643,1069,1712,1458,2348,3806
32510000400,"Carson City, NV (CT)",157,1585,1742,353,3458,3811
32510000501,"Carson City, NV (CT)",0,2568,2568,0,6102,6102
32510000502,"Carson City, NV (CT)",0,1816,1816,0,3140,3140
32510000600,"Carson City, NV (CT)",0,2435,2435,0,6382,6382
32510000701,"Carson City, NV (CT)",0,1618,1618,0,3901,3901
32510000702,"Carson City, NV (CT)",0,1463,1463,0,3469,3469
32510000800,"Carson City, NV (CT)",156,1050,1206,405,4376,4781
32510000900,"Carson City, NV (CT)",0,2275,2275,0,5178,5178
32510001001,"Carson City, NV (CT)",0,1624,1624,0,4387,4387
32510001002,"Carson City, NV (CT)",203,1338,1541,459,3298,3757
32510990000,"Carson City, NV (CT)",0,0,0,0,0,0
33001965100,"Belknap, NH (CT)",1878,0,1878,3261,0,3261
33001965200,"Belknap, NH (CT)",2653,0,2653,2920,0,2920
33001965300,"Belknap, NH (CT)",2075,0,2075,3321,0,3321
33001965400,"Belknap, NH (CT)",1557,55,1612,2902,64,2966
33001965598,"Belknap, NH (CT)",824,1021,1845,1478,2089,3567
33001965600,"Belknap, NH (CT)",2118,0,2118,3777,0,3777
33001965700,"Belknap, NH (CT)",2319,0,2319,4593,0,4593
33001965800,"Belknap, NH (CT)",2689,926,3615,6079,1277,7356
33001965900,"Belknap, NH (CT)",0,1847,1847,0,3855,3855
33001966000,"Belknap, NH (CT)",405,1928,2333,662,4414,5076
33001966100,"Belknap, NH (CT)",567,2091,2658,502,3613,4115
33001966200,"Belknap, NH (CT)",1694,1347,3041,898,2007,2905
33001966401,"Belknap, NH (CT)",1817,347,2164,798,310,1108
33001966402,"Belknap, NH (CT)",1702,1245,2947,3385,2633,6018
33001966500,"Belknap, NH (CT)",4281,0,4281,5250,0,5250
33003955100,"Carroll, NH (CT)",5168,112,5280,3662,103,3765
33003955300,"Carroll, NH (CT)",2312,2270,4582,2872,3160,6032
33003955400,"Carroll, NH (CT)",1831,778,2609,3048,1372,4420
33003955500,"Carroll, NH (CT)",2168,0,2168,2895,0,2895
33003955600,"Carroll, NH (CT)",3563,23,3586,4867,50,4917
33003955800,"Carroll, NH (CT)",2543,0,2543,2954,0,2954
33003955900,"Carroll, NH (CT)",3057,0,3057,4345,0,4345
33003956000,"Carroll, NH (CT)",4170,0,4170,5790,0,5790
33003956100,"Carroll, NH (CT)",4443,0,4443,6269,0,6269
33003956300,"Carroll, NH (CT)",4940,0,4940,4044,0,4044
33003956400,"Carroll, NH (CT)",2435,0,2435,2387,0,2387
33005970100,"Cheshire, NH (CT)",2101,0,2101,4224,0,4224
33005970200,"Cheshire, NH (CT)",979,736,1715,2277,1457,3734
33005970400,"Cheshire, NH (CT)",3374,20,3394,5380,45,5425
33005970500,"Cheshire, NH (CT)",1183,1364,2547,2556,2901,5457
33005970600,"Cheshire, NH (CT)",2141,83,2224,5912,102,6014
33005970700,"Cheshire, NH (CT)",1749,0,1749,3551,0,3551
33005970800,"Cheshire, NH (CT)",1449,429,1878,3272,936,4208
33005970900,"Cheshire, NH (CT)",2749,456,3205,6447,783,7230
33005971000,"Cheshire, NH (CT)",463,2019,2482,1097,4505,5602
33005971100,"Cheshire, NH (CT)",345,2178,2523,854,4307,5161
33005971300,"Cheshire, NH (CT)",0,1702,1702,0,3321,3321
33005971401,"Cheshire, NH (CT)",142,1087,1229,359,5005,5364
33005971402,"Cheshire, NH (CT)",146,1637,1783,353,3608,3961
33005971500,"Cheshire, NH (CT)",2482,0,2482,5478,0,5478
33005971600,"Cheshire, NH (CT)",1819,8,1827,4037,9,4046
33005971700,"Cheshire, NH (CT)",1932,0,1932,4341,0,4341
33007950100,"Coos, NH (CT)",3111,0,3111,2138,0,2138
33007950200,"Coos, NH (CT)",1947,0,1947,3058,0,3058
33007950300,"Coos, NH (CT)",1938,0,1938,2009,0,2009
33007950400,"Coos, NH (CT)",2213,0,2213,3594,0,3594
33007950500,"Coos, NH (CT)",1689,0,1689,3507,0,3507
33007950600,"Coos, NH (CT)",82,1836,1918,188,4140,4328
33007950700,"Coos, NH (CT)",273,1307,1580,560,2646,3206
33007950800,"Coos, NH (CT)",209,1203,1412,415,2102,2517
33007950900,"Coos, NH (CT)",486,1224,1710,959,2271,3230
33007951000,"Coos, NH (CT)",1887,0,1887,2183,0,2183
33007951100,"Coos, NH (CT)",1916,0,1916,3285,0,3285
33009960100,"Grafton, NH (CT)",1225,1840,3065,2410,3518,5928
33009960200,"Grafton, NH (CT)",2805,0,2805,4193,0,4193
33009960300,"Grafton, NH (CT)",2565,0,2565,4662,0,4662
33009960400,"Grafton, NH (CT)",6039,0,6039,4399,0,4399
33009960500,"Grafton, NH (CT)",2197,0,2197,2642,0,2642
33009960600,"Grafton, NH (CT)",2379,0,2379,4697,0,4697
33009960700,"Grafton, NH (CT)",1663,0,1663,2938,0,2938
33009960800,"Grafton, NH (CT)",3172,65,3237,4759,137,4896
33009960900,"Grafton, NH (CT)",2086,0,2086,3266,0,3266
33009961000,"Grafton, NH (CT)",1275,956,2231,2466,4524,6990
33009961100,"Grafton, NH (CT)",2739,126,2865,3886,298,4184
33009961200,"Grafton, NH (CT)",3483,0,3483,4137,0,4137
33009961300,"Grafton, NH (CT)",1973,0,1973,3284,0,3284
33009961400,"Grafton, NH (CT)",1930,0,1930,3909,0,3909
33009961500,"Grafton, NH (CT)",2237,271,2508,4164,418,4582
33009961601,"Grafton, NH (CT)",1082,87,1169,2443,181,2624
33009961602,"Grafton, NH (CT)",55,2221,2276,172,8464,8636
33009961700,"Grafton, NH (CT)",737,3192,3929,1397,6175,7572
33009961800,"Grafton, NH (CT)",572,2148,2720,1414,4165,5579
33011000101,"Hillsborough, NH (CT)",0,1328,1328,0,2916,2916
33011000102,"Hillsborough, NH (CT)",0,1987,1987,0,5024,5024
33011000202,"Hillsborough, NH (CT)",0,1015,1015,0,2297,2297
33011000203,"Hillsborough, NH (CT)",0,1998,1998,0,3054,3054
33011000204,"Hillsborough, NH (CT)",0,2466,2466,0,4793,4793
33011000300,"Hillsborough, NH (CT)",0,1410,1410,0,2881,2881
33011000600,"Hillsborough, NH (CT)",0,1254,1254,0,2248,2248
33011000700,"Hillsborough, NH (CT)",0,1386,1386,0,3109,3109
33011000800,"Hillsborough, NH (CT)",0,1018,1018,0,2378,2378
33011000901,"Hillsborough, NH (CT)",0,1540,1540,0,3523,3523
33011000902,"Hillsborough, NH (CT)",0,2428,2428,0,5416,5416
33011001000,"Hillsborough, NH (CT)",128,2325,2453,468,5559,6027
33011001100,"Hillsborough, NH (CT)",0,2143,2143,0,5313,5313
33011001200,"Hillsborough, NH (CT)",0,856,856,0,1919,1919
33011001300,"Hillsborough, NH (CT)",0,1586,1586,0,3151,3151
33011001400,"Hillsborough, NH (CT)",0,1161,1161,0,2257,2257
33011001500,"Hillsborough, NH (CT)",0,1141,1141,0,2987,2987
33011001600,"Hillsborough, NH (CT)",0,1710,1710,0,4010,4010
33011001700,"Hillsborough, NH (CT)",0,1096,1096,0,2226,2226
33011001800,"Hillsborough, NH (CT)",0,2484,2484,0,5730,5730
33011001900,"Hillsborough, NH (CT)",0,1133,1133,0,3390,3390
33011002000,"Hillsborough, NH (CT)",0,1029,1029,0,2208,2208
33011002100,"Hillsborough, NH (CT)",0,2091,2091,0,4782,4782
33011002200,"Hillsborough, NH (CT)",0,1557,1557,0,3232,3232
33011002300,"Hillsborough, NH (CT)",0,1707,1707,0,3758,3758
33011002400,"Hillsborough, NH (CT)",0,2888,2888,0,7118,7118
33011002500,"Hillsborough, NH (CT)",0,2305,2305,0,5205,5205
33011002600,"Hillsborough, NH (CT)",24,2193,2217,65,5681,5746
33011002701,"Hillsborough, NH (CT)",768,727,1495,1953,1854,3807
33011002702,"Hillsborough, NH (CT)",878,1516,2394,2571,3458,6029
33011002800,"Hillsborough, NH (CT)",179,2273,2452,749,7066,7815
33011002901,"Hillsborough, NH (CT)",0,2881,2881,0,7086,7086
33011002902,"Hillsborough, NH (CT)",193,2024,2217,572,5685,6257
33011002903,"Hillsborough, NH (CT)",253,2283,2536,735,7125,7860
33011010100,"Hillsborough, NH (CT)",0,2054,2054,0,5345,5345
33011010200,"Hillsborough, NH (CT)",7,3248,3255,19,7127,7146
33011010301,"Hillsborough, NH (CT)",0,2026,2026,0,4833,4833
33011010302,"Hillsborough, NH (CT)",0,1757,1757,0,4237,4237
33011010400,"Hillsborough, NH (CT)",0,2113,2113,0,4979,4979
33011010500,"Hillsborough, NH (CT)",0,1934,1934,0,3903,3903
33011010600,"Hillsborough, NH (CT)",0,2574,2574,0,5560,5560
33011010700,"Hillsborough, NH (CT)",0,975,975,0,1570,1570
33011010800,"Hillsborough, NH (CT)",0,3298,3298,0,7583,7583
33011010900,"Hillsborough, NH (CT)",0,2406,2406,0,6183,6183
33011011000,"Hillsborough, NH (CT)",0,1829,1829,0,5103,5103
33011011101,"Hillsborough, NH (CT)",0,1760,1760,0,3139,3139
33011011102,"Hillsborough, NH (CT)",0,1927,1927,0,3358,3358
33011011200,"Hillsborough, NH (CT)",0,2507,2507,0,6360,6360
33011011300,"Hillsborough, NH (CT)",0,1516,1516,0,4524,4524
33011011401,"Hillsborough, NH (CT)",255,1911,2166,727,4456,5183
33011011402,"Hillsborough, NH (CT)",0,1915,1915,0,5058,5058
33011011500,"Hillsborough, NH (CT)",0,1156,1156,0,2430,2430
33011012100,"Hillsborough, NH (CT)",0,3005,3005,0,8201,8201
33011012200,"Hillsborough, NH (CT)",0,3055,3055,0,7336,7336
33011012300,"Hillsborough, NH (CT)",442,2710,3152,1276,7654,8930
33011013100,"Hillsborough, NH (CT)",974,1938,2912,2611,5660,8271
33011014100,"Hillsborough, NH (CT)",0,2719,2719,0,5631,5631
33011014201,"Hillsborough, NH (CT)",443,1588,2031,1344,4532,5876
33011014202,"Hillsborough, NH (CT)",25,2268,2293,62,6200,6262
33011014300,"Hillsborough, NH (CT)",576,2199,2775,1597,6128,7725
33011015100,"Hillsborough, NH (CT)",1103,852,1955,3047,2218,5265
33011015200,"Hillsborough, NH (CT)",663,1662,2325,1868,4068,5936
33011016100,"Hillsborough, NH (CT)",69,1119,1188,233,2756,2989
33011016201,"Hillsborough, NH (CT)",0,3283,3283,0,7017,7017
33011016202,"Hillsborough, NH (CT)",924,900,1824,2689,2420,5109
33011017100,"Hillsborough, NH (CT)",2493,436,2929,6625,1059,7684
33011018000,"Hillsborough, NH (CT)",1700,0,1700,4991,0,4991
33011018501,"Hillsborough, NH (CT)",933,0,933,2105,0,2105
33011018502,"Hillsborough, NH (CT)",571,0,571,1382,0,1382
33011019000,"Hillsborough, NH (CT)",1016,514,1530,2480,1197,3677
33011019501,"Hillsborough, NH (CT)",687,0,687,1683,0,1683
33011019502,"Hillsborough, NH (CT)",805,63,868,2252,157,2409
33011020000,"Hillsborough, NH (CT)",1967,0,1967,5321,0,5321
33011021000,"Hillsborough, NH (CT)",3466,0,3466,8785,0,8785
33011021500,"Hillsborough, NH (CT)",2284,69,2353,4818,132,4950
33011022000,"Hillsborough, NH (CT)",699,0,699,1749,0,1749
33011022500,"Hillsborough, NH (CT)",2622,0,2622,6817,0,6817
33011023000,"Hillsborough, NH (CT)",1386,1570,2956,3119,3165,6284
33011024000,"Hillsborough, NH (CT)",864,0,864,1654,0,1654
33011025000,"Hillsborough, NH (CT)",1329,0,1329,2637,0,2637
33011025500,"Hillsborough, NH (CT)",1301,1732,3033,2483,3752,6235
33011200100,"Hillsborough, NH (CT)",752,844,1596,2191,2331,4522
33011200200,"Hillsborough, NH (CT)",169,1252,1421,498,3594,4092
33011200300,"Hillsborough, NH (CT)",292,1289,1581,742,3541,4283
33011200400,"Hillsborough, NH (CT)",0,1901,1901,0,2867,2867
33011980101,"Hillsborough, NH (CT)",0,0,0,0,0,0
33013003001,"Merrimack, NH (CT)",425,1130,1555,1194,2974,4168
33013003006,"Merrimack, NH (CT)",0,1346,1346,0,3637,3637
33013003100,"Merrimack, NH (CT)",810,1071,1881,2012,2310,4322
33013003200,"Merrimack, NH (CT)",1204,1668,2872,3156,3959,7115
33013030000,"Merrimack, NH (CT)",1077,0,1077,2758,0,2758
33013031001,"Merrimack, NH (CT)",1184,205,1389,3289,585,3874
33013031002,"Merrimack, NH (CT)",564,854,1418,1569,2076,3645
33013032100,"Merrimack, NH (CT)",0,1621,1621,0,3880,3880
33013032200,"Merrimack, NH (CT)",0,1385,1385,0,2806,2806
33013032300,"Merrimack, NH (CT)",0,1040,1040,0,1756,1756
33013032400,"Merrimack, NH (CT)",0,1740,1740,0,3593,3593
33013032500,"Merrimack, NH (CT)",416,1115,1531,1196,2712,3908
33013032600,"Merrimack, NH (CT)",0,1093,1093,0,4129,4129
33013032701,"Merrimack, NH (CT)",239,453,692,535,1048,1583
33013032706,"Merrimack, NH (CT)",0,1633,1633,0,3887,3887
33013032800,"Merrimack, NH (CT)",548,1580,2128,1464,3636,5100
33013032900,"Merrimack, NH (CT)",0,2194,2194,0,4254,4254
33013033000,"Merrimack, NH (CT)",963,0,963,2523,0,2523
33013034000,"Merrimack, NH (CT)",1839,0,1839,4566,0,4566
33013035000,"Merrimack, NH (CT)",1769,0,1769,4106,0,4106
33013036000,"Merrimack, NH (CT)",2081,0,2081,5317,0,5317
33013037000,"Merrimack, NH (CT)",1002,0,1002,2352,0,2352
33013038000,"Merrimack, NH (CT)",903,550,1453,2710,1255,3965
33013038500,"Merrimack, NH (CT)",2207,0,2207,4705,0,4705
33013039000,"Merrimack, NH (CT)",2381,0,2381,5589,0,5589
33013040000,"Merrimack, NH (CT)",1928,0,1928,4836,0,4836
33013040500,"Merrimack, NH (CT)",3461,0,3461,5559,0,5559
33013041000,"Merrimack, NH (CT)",2303,0,2303,4397,0,4397
33013041500,"Merrimack, NH (CT)",1855,0,1855,3611,0,3611
33013042500,"Merrimack, NH (CT)",1719,0,1719,3753,0,3753
33013043001,"Merrimack, NH (CT)",485,1374,1859,1154,3046,4200
33013043002,"Merrimack, NH (CT)",590,1489,2079,1028,3249,4277
33013044000,"Merrimack, NH (CT)",1235,734,1969,3168,1661,4829
33013044100,"Merrimack, NH (CT)",100,1667,1767,196,3374,3570
33013044200,"Merrimack, NH (CT)",1007,1276,2283,2572,3074,5646
33013044300,"Merrimack, NH (CT)",246,1782,2028,663,3566,4229
33015003301,"Rockingham, NH (CT)",246,1353,1599,772,3795,4567
33015003302,"Rockingham, NH (CT)",6,1902,1908,15,4980,4995
33015003400,"Rockingham, NH (CT)",0,2528,2528,0,5355,5355
33015003500,"Rockingham, NH (CT)",0,2785,2785,0,5782,5782
33015003601,"Rockingham, NH (CT)",0,2427,2427,0,6817,6817
33015003602,"Rockingham, NH (CT)",836,1194,2030,2385,3208,5593
33015003701,"Rockingham, NH (CT)",0,1407,1407,0,3587,3587
33015003703,"Rockingham, NH (CT)",468,1570,2038,1304,3800,5104
33015003801,"Rockingham, NH (CT)",0,1307,1307,0,3931,3931
33015003802,"Rockingham, NH (CT)",350,971,1321,1178,2879,4057
33015003901,"Rockingham, NH (CT)",0,1551,1551,0,4076,4076
33015003902,"Rockingham, NH (CT)",0,1147,1147,0,3374,3374
33015004000,"Rockingham, NH (CT)",1316,498,1814,3585,1368,4953
33015050000,"Rockingham, NH (CT)",1487,7,1494,3894,15,3909
33015051000,"Rockingham, NH (CT)",1378,218,1596,4038,730,4768
33015052000,"Rockingham, NH (CT)",607,1607,2214,1759,4227,5986
33015053000,"Rockingham, NH (CT)",701,983,1684,1922,2465,4387
33015054000,"Rockingham, NH (CT)",1318,255,1573,3618,665,4283
33015055001,"Rockingham, NH (CT)",1317,991,2308,3640,2304,5944
33015055002,"Rockingham, NH (CT)",979,967,1946,1887,2307,4194
33015056000,"Rockingham, NH (CT)",1743,0,1743,4280,0,4280
33015057000,"Rockingham, NH (CT)",2129,0,2129,4241,0,4241
33015058000,"Rockingham, NH (CT)",1986,0,1986,4785,0,4785
33015059000,"Rockingham, NH (CT)",1362,1361,2723,3183,3228,6411
33015060000,"Rockingham, NH (CT)",1102,248,1350,3375,1111,4486
33015061001,"Rockingham, NH (CT)",913,1701,2614,2349,3604,5953
33015062000,"Rockingham, NH (CT)",499,408,907,1360,997,2357
33015062500,"Rockingham, NH (CT)",1304,6,1310,2921,17,2938
33015063001,"Rockingham, NH (CT)",37,1708,1745,84,3644,3728
33015063002,"Rockingham, NH (CT)",0,2799,2799,0,4965,4965
33015064000,"Rockingham, NH (CT)",582,318,900,1535,701,2236
33015065001,"Rockingham, NH (CT)",217,3422,3639,539,7335,7874
33015065005,"Rockingham, NH (CT)",0,1551,1551,0,2469,2469
33015065006,"Rockingham, NH (CT)",0,1066,1066,0,1527,1527
33015065007,"Rockingham, NH (CT)",0,1280,1280,0,1842,1842
33015065008,"Rockingham, NH (CT)",0,2385,2385,0,1718,1718
33015066000,"Rockingham, NH (CT)",771,1143,1914,1803,2498,4301
33015067000,"Rockingham, NH (CT)",781,2083,2864,1894,5361,7255
33015067501,"Rockingham, NH (CT)",925,2110,3035,2551,4701,7252
33015067502,"Rockingham, NH (CT)",0,1695,1695,0,3364,3364
33015069100,"Rockingham, NH (CT)",0,2324,2324,0,3867,3867
33015069200,"Rockingham, NH (CT)",0,1561,1561,0,2638,2638
33015069300,"Rockingham, NH (CT)",0,1114,1114,0,2065,2065
33015069700,"Rockingham, NH (CT)",0,1640,1640,0,3519,3519
33015071000,"Rockingham, NH (CT)",239,2613,2852,445,4853,5298
33015100100,"Rockingham, NH (CT)",80,2593,2673,275,6383,6658
33015100200,"Rockingham, NH (CT)",0,2228,2228,0,5606,5606
33015100301,"Rockingham, NH (CT)",17,1816,1833,51,4470,4521
33015100302,"Rockingham, NH (CT)",0,1862,1862,0,4262,4262
33015100400,"Rockingham, NH (CT)",0,3214,3214,0,7729,7729
33015101100,"Rockingham, NH (CT)",2,3014,3016,2,7607,7609
33015102100,"Rockingham, NH (CT)",439,1312,1751,1143,3460,4603
33015103100,"Rockingham, NH (CT)",0,2788,2788,0,6751,6751
33015104101,"Rockingham, NH (CT)",3,2109,2112,4,4777,4781
33015104102,"Rockingham, NH (CT)",0,1615,1615,0,3742,3742
33015105100,"Rockingham, NH (CT)",776,1704,2480,2002,4023,6025
33015106101,"Rockingham, NH (CT)",526,2053,2579,1332,5932,7264
33015106102,"Rockingham, NH (CT)",550,2035,2585,1749,4579,6328
33015106200,"Rockingham, NH (CT)",0,2029,2029,0,4331,4331
33015106400,"Rockingham, NH (CT)",52,1801,1853,155,3867,4022
33015107100,"Rockingham, NH (CT)",0,1176,1176,0,2465,2465
33015107200,"Rockingham, NH (CT)",0,2837,2837,0,6024,6024
33015107400,"Rockingham, NH (CT)",0,510,510,0,1169,1169
33015107500,"Rockingham, NH (CT)",614,1151,1765,1450,2852,4302
33015980011,"Rockingham, NH (CT)",0,0,0,0,0,0
33015990000,"Rockingham, NH (CT)",0,0,0,0,0,0
33017080100,"Strafford, NH (CT)",887,204,1091,2118,587,2705
33017080202,"Strafford, NH (CT)",197,892,1089,467,2163,2630
33017080203,"Strafford, NH (CT)",0,536,536,0,5159,5159
33017080204,"Strafford, NH (CT)",0,376,376,0,4144,4144
33017080500,"Strafford, NH (CT)",2356,62,2418,5952,149,6101
33017081100,"Strafford, NH (CT)",97,3026,3123,271,6127,6398
33017081200,"Strafford, NH (CT)",0,2094,2094,0,4492,4492
33017081300,"Strafford, NH (CT)",0,2400,2400,0,4531,4531
33017081400,"Strafford, NH (CT)",0,939,939,0,1831,1831
33017081500,"Strafford, NH (CT)",0,2715,2715,0,5721,5721
33017081600,"Strafford, NH (CT)",48,2366,2414,118,6896,7014
33017082000,"Strafford, NH (CT)",420,679,1099,991,1536,2527
33017083001,"Strafford, NH (CT)",131,2847,2978,288,6514,6802
33017083002,"Strafford, NH (CT)",29,2192,2221,58,4906,4964
33017084100,"Strafford, NH (CT)",482,1668,2150,1219,3653,4872
33017084200,"Strafford, NH (CT)",580,2813,3393,1264,6393,7657
33017084300,"Strafford, NH (CT)",0,3077,3077,0,6534,6534
33017084400,"Strafford, NH (CT)",0,1817,1817,0,4081,4081
33017084500,"Strafford, NH (CT)",556,1131,1687,1370,2565,3935
33017084600,"Strafford, NH (CT)",841,407,1248,2056,617,2673
33017085000,"Strafford, NH (CT)",3594,67,3661,8417,159,8576
33017086000,"Strafford, NH (CT)",1784,0,1784,3991,0,3991
33017087000,"Strafford, NH (CT)",1564,1268,2832,3829,2957,6786
33017088000,"Strafford, NH (CT)",1343,838,2181,3070,1528,4598
33017088500,"Strafford, NH (CT)",2374,0,2374,4421,0,4421
33019975100,"Sullivan, NH (CT)",1719,12,1731,3975,29,4004
33019975200,"Sullivan, NH (CT)",2871,0,2871,5060,0,5060
33019975300,"Sullivan, NH (CT)",2431,0,2431,3365,0,3365
33019975400,"Sullivan, NH (CT)",1437,1501,2938,3365,3142,6507
33019975500,"Sullivan, NH (CT)",2216,0,2216,3087,0,3087
33019975600,"Sullivan, NH (CT)",1598,0,1598,3250,0,3250
33019975700,"Sullivan, NH (CT)",978,1285,2263,2207,2907,5114
33019975800,"Sullivan, NH (CT)",495,1647,2142,1143,3569,4712
33019975901,"Sullivan, NH (CT)",699,1574,2273,1632,3063,4695
33019975902,"Sullivan, NH (CT)",440,1438,1878,982,2966,3948
34001000100,"Atlantic, NJ (CT)",0,936,936,0,2417,2417
34001000200,"Atlantic, NJ (CT)",0,1929,1929,0,3202,3202
34001000300,"Atlantic, NJ (CT)",0,1699,1699,0,4373,4373
34001000400,"Atlantic, NJ (CT)",0,2302,2302,0,2606,2606
34001000500,"Atlantic, NJ (CT)",0,1064,1064,0,3503,3503
34001001100,"Atlantic, NJ (CT)",0,1026,1026,0,2027,2027
34001001200,"Atlantic, NJ (CT)",0,1406,1406,0,3174,3174
34001001300,"Atlantic, NJ (CT)",4,903,907,4,1980,1984
34001001400,"Atlantic, NJ (CT)",0,1608,1608,0,3623,3623
34001001500,"Atlantic, NJ (CT)",0,810,810,0,1438,1438
34001001900,"Atlantic, NJ (CT)",0,1064,1064,0,1568,1568
34001002300,"Atlantic, NJ (CT)",0,1106,1106,0,2861,2861
34001002400,"Atlantic, NJ (CT)",0,1800,1800,0,2752,2752
34001002500,"Atlantic, NJ (CT)",0,2356,2356,0,4030,4030
34001010101,"Atlantic, NJ (CT)",1,2722,2723,0,3497,3497
34001010102,"Atlantic, NJ (CT)",0,2247,2247,0,1702,1702
34001010104,"Atlantic, NJ (CT)",0,2051,2051,0,1491,1491
34001010105,"Atlantic, NJ (CT)",0,2201,2201,0,2760,2760
34001010200,"Atlantic, NJ (CT)",106,2237,2343,272,5618,5890
34001010300,"Atlantic, NJ (CT)",0,1022,1022,0,2521,2521
34001010401,"Atlantic, NJ (CT)",1131,1277,2408,3037,2499,5536
34001010403,"Atlantic, NJ (CT)",32,2124,2156,52,6940,6992
34001010501,"Atlantic, NJ (CT)",540,2935,3475,1232,6067,7299
34001010503,"Atlantic, NJ (CT)",4,3332,3336,12,7706,7718
34001010505,"Atlantic, NJ (CT)",490,766,1256,859,2185,3044
34001010506,"Atlantic, NJ (CT)",0,1927,1927,0,5458,5458
34001010600,"Atlantic, NJ (CT)",69,1667,1736,184,4059,4243
34001010700,"Atlantic, NJ (CT)",1908,452,2360,4953,1194,6147
34001010800,"Atlantic, NJ (CT)",181,1039,1220,584,2522,3106
34001010900,"Atlantic, NJ (CT)",249,2110,2359,629,5251,5880
34001011000,"Atlantic, NJ (CT)",235,759,994,658,2008,2666
34001011100,"Atlantic, NJ (CT)",214,928,1142,623,2516,3139
34001011201,"Atlantic, NJ (CT)",305,412,717,823,1062,1885
34001011202,"Atlantic, NJ (CT)",2097,911,3008,5450,2120,7570
34001011300,"Atlantic, NJ (CT)",254,1601,1855,624,3979,4603
34001011401,"Atlantic, NJ (CT)",753,1057,1810,1940,2819,4759
34001011403,"Atlantic, NJ (CT)",244,2107,2351,681,5112,5793
34001011404,"Atlantic, NJ (CT)",585,3087,3672,1356,8003,9359
34001011500,"Atlantic, NJ (CT)",1327,1036,2363,3550,3042,6592
34001011600,"Atlantic, NJ (CT)",1455,650,2105,3803,1139,4942
34001011701,"Atlantic, NJ (CT)",8,3272,3280,14,9357,9371
34001011702,"Atlantic, NJ (CT)",91,1218,1309,264,2972,3236
34001011802,"Atlantic, NJ (CT)",81,5383,5464,220,15545,15765
34001011803,"Atlantic, NJ (CT)",0,2183,2183,0,4688,4688
34001011804,"Atlantic, NJ (CT)",370,2358,2728,783,6406,7189
34001011805,"Atlantic, NJ (CT)",769,111,880,2029,254,2283
34001011900,"Atlantic, NJ (CT)",0,2993,2993,0,8031,8031
34001012000,"Atlantic, NJ (CT)",0,1764,1764,0,4519,4519
34001012100,"Atlantic, NJ (CT)",0,1010,1010,0,3138,3138
34001012200,"Atlantic, NJ (CT)",0,1737,1737,0,5161,5161
34001012302,"Atlantic, NJ (CT)",0,1237,1237,0,3437,3437
34001012401,"Atlantic, NJ (CT)",0,1153,1153,0,3014,3014
34001012402,"Atlantic, NJ (CT)",0,870,870,0,2173,2173
34001012501,"Atlantic, NJ (CT)",0,1048,1048,0,2461,2461
34001012502,"Atlantic, NJ (CT)",0,647,647,0,1621,1621
34001012602,"Atlantic, NJ (CT)",0,536,536,0,1418,1418
34001012701,"Atlantic, NJ (CT)",0,1533,1533,0,3408,3408
34001012702,"Atlantic, NJ (CT)",0,891,891,0,1786,1786
34001012801,"Atlantic, NJ (CT)",0,2002,2002,0,3892,3892
34001012802,"Atlantic, NJ (CT)",0,1130,1130,0,1709,1709
34001013000,"Atlantic, NJ (CT)",0,3064,3064,0,3616,3616
34001013101,"Atlantic, NJ (CT)",0,1182,1182,0,1192,1192
34001013102,"Atlantic, NJ (CT)",0,2868,2868,0,1546,1546
34001013201,"Atlantic, NJ (CT)",0,2109,2109,0,2642,2642
34001013202,"Atlantic, NJ (CT)",0,1464,1464,0,2607,2607
34001013301,"Atlantic, NJ (CT)",0,2264,2264,0,2674,2674
34001013302,"Atlantic, NJ (CT)",0,1992,1992,0,2727,2727
34001013500,"Atlantic, NJ (CT)",176,2265,2441,225,2453,2678
34001983400,"Atlantic, NJ (CT)",16,2,18,44,2373,2417
34001990000,"Atlantic, NJ (CT)",0,0,0,0,0,0
34003001000,"Bergen, NJ (CT)",0,2388,2388,0,6505,6505
34003002100,"Bergen, NJ (CT)",0,670,670,0,1849,1849
34003002200,"Bergen, NJ (CT)",0,1721,1721,0,5171,5171
34003002300,"Bergen, NJ (CT)",0,2007,2007,0,5711,5711
34003003100,"Bergen, NJ (CT)",0,1775,1775,0,5043,5043
34003003200,"Bergen, NJ (CT)",0,1795,1795,0,4604,4604
34003003300,"Bergen, NJ (CT)",0,2195,2195,0,6616,6616
34003003401,"Bergen, NJ (CT)",0,856,856,0,2766,2766
34003003402,"Bergen, NJ (CT)",0,1072,1072,0,3686,3686
34003003500,"Bergen, NJ (CT)",0,1507,1507,0,4049,4049
34003004001,"Bergen, NJ (CT)",0,1117,1117,0,3215,3215
34003004002,"Bergen, NJ (CT)",0,1771,1771,0,4972,4972
34003005000,"Bergen, NJ (CT)",0,2495,2495,0,6127,6127
34003006100,"Bergen, NJ (CT)",0,2864,2864,0,6538,6538
34003006201,"Bergen, NJ (CT)",0,2046,2046,0,4493,4493
34003006202,"Bergen, NJ (CT)",0,2423,2423,0,4470,4470
34003006300,"Bergen, NJ (CT)",0,3332,3332,0,8093,8093
34003007001,"Bergen, NJ (CT)",0,1322,1322,0,3817,3817
34003007002,"Bergen, NJ (CT)",0,1538,1538,0,4556,4556
34003008000,"Bergen, NJ (CT)",0,3114,3114,0,8573,8573
34003009100,"Bergen, NJ (CT)",0,1659,1659,0,4881,4881
34003009200,"Bergen, NJ (CT)",0,1136,1136,0,3382,3382
34003010100,"Bergen, NJ (CT)",0,2283,2283,0,6224,6224
34003010200,"Bergen, NJ (CT)",0,1677,1677,0,4100,4100
34003010300,"Bergen, NJ (CT)",0,2582,2582,0,7155,7155
34003011100,"Bergen, NJ (CT)",0,1664,1664,0,4249,4249
34003011200,"Bergen, NJ (CT)",0,1811,1811,0,4807,4807
34003011300,"Bergen, NJ (CT)",0,1595,1595,0,4282,4282
34003011400,"Bergen, NJ (CT)",0,2315,2315,0,6065,6065
34003012001,"Bergen, NJ (CT)",0,2506,2506,0,5504,5504
34003012002,"Bergen, NJ (CT)",0,1512,1512,0,3409,3409
34003013001,"Bergen, NJ (CT)",0,3227,3227,0,5626,5626
34003013002,"Bergen, NJ (CT)",0,3055,3055,0,5887,5887
34003014000,"Bergen, NJ (CT)",0,2552,2552,0,7401,7401
34003015100,"Bergen, NJ (CT)",0,1018,1018,0,2445,2445
34003015200,"Bergen, NJ (CT)",0,2295,2295,0,6070,6070
34003015300,"Bergen, NJ (CT)",0,2081,2081,0,6124,6124
34003015400,"Bergen, NJ (CT)",0,2782,2782,0,6570,6570
34003015500,"Bergen, NJ (CT)",0,2519,2519,0,5938,5938
34003016000,"Bergen, NJ (CT)",0,1924,1924,0,5281,5281
34003017100,"Bergen, NJ (CT)",0,2760,2760,0,7049,7049
34003017200,"Bergen, NJ (CT)",0,2543,2543,0,6021,6021
34003017300,"Bergen, NJ (CT)",0,2143,2143,0,6056,6056
34003017400,"Bergen, NJ (CT)",0,1914,1914,0,5366,5366
34003017500,"Bergen, NJ (CT)",0,2906,2906,0,7965,7965
34003018100,"Bergen, NJ (CT)",0,2665,2665,0,7284,7284
34003018200,"Bergen, NJ (CT)",0,2485,2485,0,6551,6551
34003019102,"Bergen, NJ (CT)",0,1478,1478,0,2859,2859
34003019103,"Bergen, NJ (CT)",0,2011,2011,0,3662,3662
34003019104,"Bergen, NJ (CT)",0,1816,1816,0,3935,3935
34003019202,"Bergen, NJ (CT)",0,703,703,0,1483,1483
34003019203,"Bergen, NJ (CT)",0,1784,1784,0,2862,2862
34003019204,"Bergen, NJ (CT)",0,1818,1818,0,3697,3697
34003019303,"Bergen, NJ (CT)",0,2417,2417,0,5516,5516
34003019304,"Bergen, NJ (CT)",0,910,910,0,2537,2537
34003019305,"Bergen, NJ (CT)",0,3946,3946,0,6654,6654
34003019306,"Bergen, NJ (CT)",0,935,935,0,2140,2140
34003020100,"Bergen, NJ (CT)",0,1523,1523,0,4078,4078
34003020200,"Bergen, NJ (CT)",0,2169,2169,0,6512,6512
34003021100,"Bergen, NJ (CT)",0,2649,2649,0,6685,6685
34003021200,"Bergen, NJ (CT)",0,1947,1947,0,5224,5224
34003021300,"Bergen, NJ (CT)",0,1721,1721,0,4599,4599
34003021400,"Bergen, NJ (CT)",0,1854,1854,0,4515,4515
34003021500,"Bergen, NJ (CT)",0,1940,1940,0,4854,4854
34003021600,"Bergen, NJ (CT)",0,1677,1677,0,4610,4610
34003022100,"Bergen, NJ (CT)",0,1413,1413,0,4007,4007
34003022200,"Bergen, NJ (CT)",0,2603,2603,0,7594,7594
34003023100,"Bergen, NJ (CT)",0,1253,1253,0,2991,2991
34003023200,"Bergen, NJ (CT)",0,3263,3263,0,6768,6768
34003023301,"Bergen, NJ (CT)",0,1048,1048,0,2724,2724
34003023302,"Bergen, NJ (CT)",0,3031,3031,0,4937,4937
34003023401,"Bergen, NJ (CT)",0,1812,1812,0,3649,3649
34003023402,"Bergen, NJ (CT)",0,2406,2406,0,5562,5562
34003023501,"Bergen, NJ (CT)",0,1443,1443,0,3646,3646
34003023502,"Bergen, NJ (CT)",0,2273,2273,0,4254,4254
34003023601,"Bergen, NJ (CT)",0,1309,1309,0,3195,3195
34003023602,"Bergen, NJ (CT)",0,1537,1537,0,5284,5284
34003024100,"Bergen, NJ (CT)",0,1995,1995,0,5750,5750
34003024200,"Bergen, NJ (CT)",0,1624,1624,0,4664,4664
34003025100,"Bergen, NJ (CT)",0,2495,2495,0,6074,6074
34003025200,"Bergen, NJ (CT)",0,2132,2132,0,5768,5768
34003026100,"Bergen, NJ (CT)",0,1629,1629,0,4625,4625
34003026200,"Bergen, NJ (CT)",0,1938,1938,0,5594,5594
34003027000,"Bergen, NJ (CT)",0,1462,1462,0,4078,4078
34003028001,"Bergen, NJ (CT)",0,1980,1980,0,5166,5166
34003028002,"Bergen, NJ (CT)",0,1448,1448,0,3771,3771
34003029100,"Bergen, NJ (CT)",0,1922,1922,0,4184,4184
34003029200,"Bergen, NJ (CT)",0,2517,2517,0,6442,6442
34003030100,"Bergen, NJ (CT)",0,2229,2229,0,5142,5142
34003030200,"Bergen, NJ (CT)",0,3025,3025,0,7252,7252
34003030300,"Bergen, NJ (CT)",0,1782,1782,0,4460,4460
34003030400,"Bergen, NJ (CT)",0,3091,3091,0,7282,7282
34003031100,"Bergen, NJ (CT)",0,2254,2254,0,4985,4985
34003031200,"Bergen, NJ (CT)",0,1990,1990,0,4689,4689
34003031300,"Bergen, NJ (CT)",0,2260,2260,0,5341,5341
34003031400,"Bergen, NJ (CT)",0,2283,2283,0,5539,5539
34003032102,"Bergen, NJ (CT)",101,2136,2237,328,5686,6014
34003032103,"Bergen, NJ (CT)",0,2523,2523,0,4721,4721
34003032104,"Bergen, NJ (CT)",220,484,704,591,4288,4879
34003032201,"Bergen, NJ (CT)",0,2348,2348,0,5366,5366
34003032202,"Bergen, NJ (CT)",0,2056,2056,0,4910,4910
34003033100,"Bergen, NJ (CT)",0,1396,1396,0,3615,3615
34003033200,"Bergen, NJ (CT)",0,960,960,0,2502,2502
34003033300,"Bergen, NJ (CT)",0,1413,1413,0,3438,3438
34003034000,"Bergen, NJ (CT)",0,2861,2861,0,7128,7128
34003035100,"Bergen, NJ (CT)",0,2872,2872,0,7844,7844
34003035200,"Bergen, NJ (CT)",0,1980,1980,0,5730,5730
34003036100,"Bergen, NJ (CT)",0,880,880,0,2377,2377
34003036200,"Bergen, NJ (CT)",0,1053,1053,0,2708,2708
34003037100,"Bergen, NJ (CT)",0,1967,1967,0,5505,5505
34003037201,"Bergen, NJ (CT)",0,1355,1355,0,4111,4111
34003037202,"Bergen, NJ (CT)",0,3040,3040,0,6725,6725
34003038100,"Bergen, NJ (CT)",0,2390,2390,0,5455,5455
34003038200,"Bergen, NJ (CT)",0,1861,1861,0,4104,4104
34003038300,"Bergen, NJ (CT)",0,2322,2322,0,5833,5833
34003039100,"Bergen, NJ (CT)",0,1545,1545,0,4118,4118
34003039200,"Bergen, NJ (CT)",0,1962,1962,0,5790,5790
34003039300,"Bergen, NJ (CT)",0,963,963,0,2846,2846
34003040001,"Bergen, NJ (CT)",0,1178,1178,0,3514,3514
34003040002,"Bergen, NJ (CT)",0,1653,1653,0,4464,4464
34003041100,"Bergen, NJ (CT)",0,2045,2045,0,5282,5282
34003041200,"Bergen, NJ (CT)",0,1602,1602,0,4679,4679
34003041301,"Bergen, NJ (CT)",0,1927,1927,0,5269,5269
34003041302,"Bergen, NJ (CT)",0,1788,1788,0,4392,4392
34003042100,"Bergen, NJ (CT)",0,2568,2568,0,7402,7402
34003042301,"Bergen, NJ (CT)",0,1610,1610,0,4312,4312
34003042302,"Bergen, NJ (CT)",0,1490,1490,0,5559,5559
34003042400,"Bergen, NJ (CT)",0,1526,1526,0,4472,4472
34003042500,"Bergen, NJ (CT)",0,1721,1721,0,4597,4597
34003043001,"Bergen, NJ (CT)",0,1522,1522,0,3955,3955
34003043002,"Bergen, NJ (CT)",0,1906,1906,0,4690,4690
34003044100,"Bergen, NJ (CT)",0,2054,2054,0,6007,6007
34003044201,"Bergen, NJ (CT)",0,1288,1288,0,3641,3641
34003044202,"Bergen, NJ (CT)",0,2208,2208,0,4825,4825
34003045100,"Bergen, NJ (CT)",0,3009,3009,0,8170,8170
34003045200,"Bergen, NJ (CT)",0,1136,1136,0,2862,2862
34003046100,"Bergen, NJ (CT)",0,1761,1761,0,4036,4036
34003046200,"Bergen, NJ (CT)",0,1516,1516,0,4256,4256
34003046300,"Bergen, NJ (CT)",0,1887,1887,0,4437,4437
34003047100,"Bergen, NJ (CT)",0,1980,1980,0,6005,6005
34003047200,"Bergen, NJ (CT)",0,1458,1458,0,4286,4286
34003047300,"Bergen, NJ (CT)",0,1014,1014,0,3205,3205
34003047400,"Bergen, NJ (CT)",0,2073,2073,0,4883,4883
34003047500,"Bergen, NJ (CT)",0,2218,2218,0,6579,6579
34003048100,"Bergen, NJ (CT)",0,1682,1682,0,4049,4049
34003048200,"Bergen, NJ (CT)",0,2579,2579,0,7291,7291
34003049001,"Bergen, NJ (CT)",0,1524,1524,0,4546,4546
34003049002,"Bergen, NJ (CT)",0,1997,1997,0,5113,5113
34003050000,"Bergen, NJ (CT)",0,2170,2170,0,5530,5530
34003051100,"Bergen, NJ (CT)",0,2437,2437,0,5908,5908
34003051200,"Bergen, NJ (CT)",0,971,971,0,2660,2660
34003051300,"Bergen, NJ (CT)",0,2004,2004,0,4551,4551
34003051400,"Bergen, NJ (CT)",0,1866,1866,0,4942,4942
34003052100,"Bergen, NJ (CT)",0,2821,2821,0,7450,7450
34003052200,"Bergen, NJ (CT)",0,2664,2664,0,6209,6209
34003053100,"Bergen, NJ (CT)",0,1341,1341,0,3152,3152
34003053200,"Bergen, NJ (CT)",0,2776,2776,0,8208,8208
34003054100,"Bergen, NJ (CT)",0,2649,2649,0,7946,7946
34003054200,"Bergen, NJ (CT)",0,1733,1733,0,4429,4429
34003054300,"Bergen, NJ (CT)",0,2182,2182,0,7093,7093
34003054400,"Bergen, NJ (CT)",0,2635,2635,0,7434,7434
34003054500,"Bergen, NJ (CT)",0,1664,1664,0,4715,4715
34003054600,"Bergen, NJ (CT)",0,3161,3161,0,8159,8159
34003055100,"Bergen, NJ (CT)",0,2265,2265,0,6695,6695
34003055200,"Bergen, NJ (CT)",0,2715,2715,0,7793,7793
34003056100,"Bergen, NJ (CT)",0,1668,1668,0,4656,4656
34003056200,"Bergen, NJ (CT)",0,1869,1869,0,4969,4969
34003057101,"Bergen, NJ (CT)",0,1934,1934,0,4168,4168
34003057102,"Bergen, NJ (CT)",0,1627,1627,0,4044,4044
34003057200,"Bergen, NJ (CT)",0,1385,1385,0,3123,3123
34003058100,"Bergen, NJ (CT)",0,1391,1391,0,3713,3713
34003058200,"Bergen, NJ (CT)",0,1950,1950,0,5389,5389
34003059100,"Bergen, NJ (CT)",0,2263,2263,0,5045,5045
34003059200,"Bergen, NJ (CT)",0,2373,2373,0,5863,5863
34003060000,"Bergen, NJ (CT)",0,3077,3077,0,7694,7694
34003061100,"Bergen, NJ (CT)",0,1631,1631,0,4447,4447
34003061200,"Bergen, NJ (CT)",0,1229,1229,0,3425,3425
34003061300,"Bergen, NJ (CT)",0,1228,1228,0,3703,3703
34003061400,"Bergen, NJ (CT)",0,1739,1739,0,5121,5121
34005700102,"Burlington, NJ (CT)",0,1118,1118,0,2638,2638
34005700103,"Burlington, NJ (CT)",0,1519,1519,0,2839,2839
34005700104,"Burlington, NJ (CT)",0,755,755,0,1921,1921
34005700200,"Burlington, NJ (CT)",0,1112,1112,0,2779,2779
34005700303,"Burlington, NJ (CT)",0,1187,1187,0,2897,2897
34005700304,"Burlington, NJ (CT)",0,907,907,0,2454,2454
34005700305,"Burlington, NJ (CT)",0,1832,1832,0,4894,4894
34005700306,"Burlington, NJ (CT)",0,892,892,0,2542,2542
34005700307,"Burlington, NJ (CT)",0,940,940,0,2782,2782
34005700401,"Burlington, NJ (CT)",0,816,816,0,2051,2051
34005700402,"Burlington, NJ (CT)",0,1323,1323,0,3345,3345
34005700403,"Burlington, NJ (CT)",0,1763,1763,0,4438,4438
34005700405,"Burlington, NJ (CT)",0,694,694,0,1643,1643
34005700407,"Burlington, NJ (CT)",0,3139,3139,0,5529,5529
34005700408,"Burlington, NJ (CT)",0,1451,1451,0,2125,2125
34005700501,"Burlington, NJ (CT)",0,2228,2228,0,5483,5483
34005700502,"Burlington, NJ (CT)",0,860,860,0,2215,2215
34005700503,"Burlington, NJ (CT)",0,1402,1402,0,3713,3713
34005700504,"Burlington, NJ (CT)",0,1219,1219,0,3136,3136
34005700505,"Burlington, NJ (CT)",0,2153,2153,0,6179,6179
34005700602,"Burlington, NJ (CT)",0,2389,2389,0,6505,6505
34005700603,"Burlington, NJ (CT)",0,2296,2296,0,5621,5621
34005700605,"Burlington, NJ (CT)",0,1757,1757,0,4770,4770
34005700701,"Burlington, NJ (CT)",0,1259,1259,0,3205,3205
34005700702,"Burlington, NJ (CT)",0,961,961,0,2451,2451
34005700703,"Burlington, NJ (CT)",0,927,927,0,2423,2423
34005700800,"Burlington, NJ (CT)",0,1853,1853,0,4283,4283
34005700900,"Burlington, NJ (CT)",0,1086,1086,0,2577,2577
34005701001,"Burlington, NJ (CT)",0,2484,2484,0,4862,4862
34005701002,"Burlington, NJ (CT)",0,1442,1442,0,4019,4019
34005701102,"Burlington, NJ (CT)",6,1982,1988,13,5503,5516
34005701103,"Burlington, NJ (CT)",0,2125,2125,0,6371,6371
34005701104,"Burlington, NJ (CT)",0,1785,1785,0,4556,4556
34005701105,"Burlington, NJ (CT)",1,2206,2207,1,6150,6151
34005701201,"Burlington, NJ (CT)",0,1193,1193,0,2967,2967
34005701203,"Burlington, NJ (CT)",0,788,788,0,1857,1857
34005701204,"Burlington, NJ (CT)",0,1203,1203,0,2818,2818
34005701205,"Burlington, NJ (CT)",0,1039,1039,0,2278,2278
34005701301,"Burlington, NJ (CT)",0,1998,1998,0,4426,4426
34005701302,"Burlington, NJ (CT)",0,1091,1091,0,2649,2649
34005701303,"Burlington, NJ (CT)",94,1870,1964,262,4772,5034
34005701401,"Burlington, NJ (CT)",739,1566,2305,2034,4461,6495
34005701402,"Burlington, NJ (CT)",0,1224,1224,0,2049,2049
34005701502,"Burlington, NJ (CT)",0,1664,1664,0,3724,3724
34005701700,"Burlington, NJ (CT)",0,2014,2014,0,3924,3924
34005702101,"Burlington, NJ (CT)",0,1391,1391,0,2887,2887
34005702203,"Burlington, NJ (CT)",388,1077,1465,991,2318,3309
34005702204,"Burlington, NJ (CT)",348,352,700,1319,970,2289
34005702206,"Burlington, NJ (CT)",188,584,772,420,1455,1875
34005702207,"Burlington, NJ (CT)",208,1387,1595,491,3191,3682
34005702208,"Burlington, NJ (CT)",238,2336,2574,662,6402,7064
34005702209,"Burlington, NJ (CT)",0,1139,1139,0,3065,3065
34005702210,"Burlington, NJ (CT)",0,1859,1859,0,4863,4863
34005702300,"Burlington, NJ (CT)",0,642,642,0,1409,1409
34005702400,"Burlington, NJ (CT)",1146,71,1217,3182,232,3414
34005702500,"Burlington, NJ (CT)",167,2213,2380,363,5706,6069
34005702601,"Burlington, NJ (CT)",0,1655,1655,0,4058,4058
34005702603,"Burlington, NJ (CT)",0,968,968,0,2316,2316
34005702700,"Burlington, NJ (CT)",147,3144,3291,365,8448,8813
34005702801,"Burlington, NJ (CT)",0,746,746,0,2077,2077
34005702802,"Burlington, NJ (CT)",0,1177,1177,0,3390,3390
34005702803,"Burlington, NJ (CT)",0,1406,1406,0,3936,3936
34005702804,"Burlington, NJ (CT)",0,1004,1004,0,2647,2647
34005702805,"Burlington, NJ (CT)",0,1314,1314,0,3812,3812
34005702806,"Burlington, NJ (CT)",0,1269,1269,0,3792,3792
34005702807,"Burlington, NJ (CT)",0,1292,1292,0,3184,3184
34005702808,"Burlington, NJ (CT)",0,1154,1154,0,3356,3356
34005702809,"Burlington, NJ (CT)",0,653,653,0,1402,1402
34005702810,"Burlington, NJ (CT)",0,486,486,0,1405,1405
34005702811,"Burlington, NJ (CT)",0,941,941,0,2628,2628
34005702905,"Burlington, NJ (CT)",0,1834,1834,0,4120,4120
34005702906,"Burlington, NJ (CT)",0,671,671,0,2140,2140
34005702907,"Burlington, NJ (CT)",0,1267,1267,0,2935,2935
34005702908,"Burlington, NJ (CT)",0,2076,2076,0,4423,4423
34005702909,"Burlington, NJ (CT)",0,2565,2565,0,6191,6191
34005702910,"Burlington, NJ (CT)",0,2167,2167,0,5585,5585
34005702913,"Burlington, NJ (CT)",0,2571,2571,0,4401,4401
34005702914,"Burlington, NJ (CT)",0,1558,1558,0,4205,4205
34005702915,"Burlington, NJ (CT)",0,1811,1811,0,4262,4262
34005702917,"Burlington, NJ (CT)",0,834,834,0,1911,1911
34005702918,"Burlington, NJ (CT)",0,895,895,0,1691,1691
34005703000,"Burlington, NJ (CT)",245,2060,2305,630,5480,6110
34005703102,"Burlington, NJ (CT)",187,731,918,510,2163,2673
34005703103,"Burlington, NJ (CT)",53,1990,2043,137,4631,4768
34005703104,"Burlington, NJ (CT)",0,1758,1758,0,5118,5118
34005703201,"Burlington, NJ (CT)",686,807,1493,1782,1905,3687
34005703202,"Burlington, NJ (CT)",525,450,975,1389,1276,2665
34005703203,"Burlington, NJ (CT)",320,2236,2556,702,3410,4112
34005703600,"Burlington, NJ (CT)",643,1801,2444,1808,5138,6946
34005703700,"Burlington, NJ (CT)",829,1399,2228,2252,4241,6493
34005703801,"Burlington, NJ (CT)",317,2320,2637,805,6193,6998
34005703802,"Burlington, NJ (CT)",99,1656,1755,293,3601,3894
34005703803,"Burlington, NJ (CT)",0,1796,1796,0,4897,4897
34005703804,"Burlington, NJ (CT)",145,2319,2464,477,6767,7244
34005703900,"Burlington, NJ (CT)",0,1543,1543,0,4146,4146
34005704004,"Burlington, NJ (CT)",0,1787,1787,0,3701,3701
34005704005,"Burlington, NJ (CT)",0,1575,1575,0,3757,3757
34005704006,"Burlington, NJ (CT)",0,948,948,0,2228,2228
34005704007,"Burlington, NJ (CT)",0,1463,1463,0,3722,3722
34005704008,"Burlington, NJ (CT)",57,2001,2058,140,5143,5283
34005704009,"Burlington, NJ (CT)",10,1993,2003,19,4550,4569
34005704011,"Burlington, NJ (CT)",283,780,1063,831,2306,3137
34005704012,"Burlington, NJ (CT)",121,2537,2658,349,5539,5888
34005704013,"Burlington, NJ (CT)",0,1776,1776,0,5398,5398
34005704014,"Burlington, NJ (CT)",0,2972,2972,0,7855,7855
34005704200,"Burlington, NJ (CT)",19,2898,2917,49,8134,8183
34005704302,"Burlington, NJ (CT)",786,792,1578,2184,2432,4616
34005704500,"Burlington, NJ (CT)",661,1626,2287,1807,3673,5480
34005704600,"Burlington, NJ (CT)",0,1238,1238,0,3162,3162
34005704700,"Burlington, NJ (CT)",1310,55,1365,3341,577,3918
34005704801,"Burlington, NJ (CT)",112,775,887,287,2835,3122
34005704802,"Burlington, NJ (CT)",1,266,267,5,5313,5318
34005981802,"Burlington, NJ (CT)",0,23,23,0,3083,3083
34005982111,"Burlington, NJ (CT)",0,144,144,0,823,823
34007600200,"Camden, NJ (CT)",0,972,972,0,2131,2131
34007600400,"Camden, NJ (CT)",0,1425,1425,0,3237,3237
34007600700,"Camden, NJ (CT)",0,531,531,0,1475,1475
34007600800,"Camden, NJ (CT)",0,1940,1940,0,5053,5053
34007600900,"Camden, NJ (CT)",0,1392,1392,0,4456,4456
34007601000,"Camden, NJ (CT)",0,1830,1830,0,5624,5624
34007601101,"Camden, NJ (CT)",0,955,955,0,3268,3268
34007601102,"Camden, NJ (CT)",0,1732,1732,0,5567,5567
34007601200,"Camden, NJ (CT)",0,2112,2112,0,6660,6660
34007601300,"Camden, NJ (CT)",0,1873,1873,0,5184,5184
34007601400,"Camden, NJ (CT)",0,1815,1815,0,4494,4494
34007601500,"Camden, NJ (CT)",0,2589,2589,0,6058,6058
34007601600,"Camden, NJ (CT)",0,936,936,0,2316,2316
34007601700,"Camden, NJ (CT)",0,1303,1303,0,2951,2951
34007601800,"Camden, NJ (CT)",0,608,608,0,1291,1291
34007601900,"Camden, NJ (CT)",0,1100,1100,0,2879,2879
34007602000,"Camden, NJ (CT)",0,2565,2565,0,6799,6799
34007602503,"Camden, NJ (CT)",0,872,872,0,2567,2567
34007602601,"Camden, NJ (CT)",0,966,966,0,2684,2684
34007602602,"Camden, NJ (CT)",0,1039,1039,0,2883,2883
34007602901,"Camden, NJ (CT)",0,1963,1963,0,4806,4806
34007602902,"Camden, NJ (CT)",0,1259,1259,0,3220,3220
34007603001,"Camden, NJ (CT)",0,1385,1385,0,3726,3726
34007603002,"Camden, NJ (CT)",0,1581,1581,0,5012,5012
34007603100,"Camden, NJ (CT)",0,1688,1688,0,3821,3821
34007603200,"Camden, NJ (CT)",0,3073,3073,0,7055,7055
34007603301,"Camden, NJ (CT)",0,2476,2476,0,5660,5660
34007603302,"Camden, NJ (CT)",0,2411,2411,0,6072,6072
34007603303,"Camden, NJ (CT)",0,1367,1367,0,2703,2703
34007603400,"Camden, NJ (CT)",0,2967,2967,0,6920,6920
34007603501,"Camden, NJ (CT)",0,2388,2388,0,6237,6237
34007603503,"Camden, NJ (CT)",0,1653,1653,0,4747,4747
34007603504,"Camden, NJ (CT)",0,990,990,0,2690,2690
34007603505,"Camden, NJ (CT)",0,1234,1234,0,3459,3459
34007603506,"Camden, NJ (CT)",0,2198,2198,0,6379,6379
34007603507,"Camden, NJ (CT)",0,2827,2827,0,7081,7081
34007603601,"Camden, NJ (CT)",0,1501,1501,0,3616,3616
34007603602,"Camden, NJ (CT)",0,925,925,0,2498,2498
34007603603,"Camden, NJ (CT)",0,894,894,0,2387,2387
34007603700,"Camden, NJ (CT)",0,1548,1548,0,3541,3541
34007603800,"Camden, NJ (CT)",0,2034,2034,0,5173,5173
34007603901,"Camden, NJ (CT)",0,2241,2241,0,4874,4874
34007603902,"Camden, NJ (CT)",0,1506,1506,0,2940,2940
34007604100,"Camden, NJ (CT)",0,1016,1016,0,2978,2978
34007604200,"Camden, NJ (CT)",0,1596,1596,0,3387,3387
34007604300,"Camden, NJ (CT)",0,1832,1832,0,3687,3687
34007604400,"Camden, NJ (CT)",0,1384,1384,0,3207,3207
34007604600,"Camden, NJ (CT)",0,1055,1055,0,2107,2107
34007604700,"Camden, NJ (CT)",0,792,792,0,1931,1931
34007605100,"Camden, NJ (CT)",0,959,959,0,2394,2394
34007605200,"Camden, NJ (CT)",0,1184,1184,0,2617,2617
34007605300,"Camden, NJ (CT)",0,806,806,0,1955,1955
34007605400,"Camden, NJ (CT)",0,1160,1160,0,2652,2652
34007605602,"Camden, NJ (CT)",0,1157,1157,0,2827,2827
34007605700,"Camden, NJ (CT)",0,1542,1542,0,3582,3582
34007605800,"Camden, NJ (CT)",0,1195,1195,0,2897,2897
34007605900,"Camden, NJ (CT)",0,1039,1039,0,2573,2573
34007606000,"Camden, NJ (CT)",0,925,925,0,2003,2003
34007606100,"Camden, NJ (CT)",0,883,883,0,2339,2339
34007606200,"Camden, NJ (CT)",0,1604,1604,0,3965,3965
34007606300,"Camden, NJ (CT)",0,1018,1018,0,2237,2237
34007606400,"Camden, NJ (CT)",0,1132,1132,0,3057,3057
34007606500,"Camden, NJ (CT)",0,1174,1174,0,2945,2945
34007606600,"Camden, NJ (CT)",0,1051,1051,0,2288,2288
34007606700,"Camden, NJ (CT)",0,2107,2107,0,4695,4695
34007606800,"Camden, NJ (CT)",0,1524,1524,0,3942,3942
34007607000,"Camden, NJ (CT)",0,2016,2016,0,4677,4677
34007607100,"Camden, NJ (CT)",0,1490,1490,0,3902,3902
34007607200,"Camden, NJ (CT)",0,2058,2058,0,4566,4566
34007607300,"Camden, NJ (CT)",0,1849,1849,0,4339,4339
34007607401,"Camden, NJ (CT)",0,1228,1228,0,2947,2947
34007607402,"Camden, NJ (CT)",0,930,930,0,2204,2204
34007607502,"Camden, NJ (CT)",0,2456,2456,0,6017,6017
34007607503,"Camden, NJ (CT)",0,2444,2444,0,6540,6540
34007607504,"Camden, NJ (CT)",0,1207,1207,0,3692,3692
34007607505,"Camden, NJ (CT)",0,1582,1582,0,4749,4749
34007607506,"Camden, NJ (CT)",0,1444,1444,0,3030,3030
34007607507,"Camden, NJ (CT)",0,3127,3127,0,5103,5103
34007607600,"Camden, NJ (CT)",0,809,809,0,2274,2274
34007607701,"Camden, NJ (CT)",0,2790,2790,0,6030,6030
34007607702,"Camden, NJ (CT)",0,1783,1783,0,3910,3910
34007607801,"Camden, NJ (CT)",0,2760,2760,0,5368,5368
34007607802,"Camden, NJ (CT)",0,918,918,0,2305,2305
34007607900,"Camden, NJ (CT)",0,771,771,0,1908,1908
34007608001,"Camden, NJ (CT)",0,1469,1469,0,3507,3507
34007608202,"Camden, NJ (CT)",0,1457,1457,0,4101,4101
34007608205,"Camden, NJ (CT)",0,1404,1404,0,4117,4117
34007608206,"Camden, NJ (CT)",0,1340,1340,0,3569,3569
34007608209,"Camden, NJ (CT)",0,1493,1493,0,3544,3544
34007608210,"Camden, NJ (CT)",0,1570,1570,0,3523,3523
34007608211,"Camden, NJ (CT)",0,2323,2323,0,5615,5615
34007608302,"Camden, NJ (CT)",0,2108,2108,0,4786,4786
34007608303,"Camden, NJ (CT)",0,1200,1200,0,3077,3077
34007608304,"Camden, NJ (CT)",0,2879,2879,0,6047,6047
34007608401,"Camden, NJ (CT)",0,1353,1353,0,4149,4149
34007608402,"Camden, NJ (CT)",0,1303,1303,0,3683,3683
34007608403,"Camden, NJ (CT)",0,2222,2222,0,7504,7504
34007608404,"Camden, NJ (CT)",0,2497,2497,0,6593,6593
34007608503,"Camden, NJ (CT)",0,1237,1237,0,2780,2780
34007608504,"Camden, NJ (CT)",0,1495,1495,0,2897,2897
34007608600,"Camden, NJ (CT)",0,2235,2235,0,5000,5000
34007608700,"Camden, NJ (CT)",0,2949,2949,0,7588,7588
34007608800,"Camden, NJ (CT)",0,2069,2069,0,5357,5357
34007608901,"Camden, NJ (CT)",20,2116,2136,49,5671,5720
34007608903,"Camden, NJ (CT)",40,1121,1161,106,3337,3443
34007608904,"Camden, NJ (CT)",468,74,542,1281,205,1486
34007609000,"Camden, NJ (CT)",28,593,621,61,1573,1634
34007609103,"Camden, NJ (CT)",409,1582,1991,968,4471,5439
34007609201,"Camden, NJ (CT)",0,1811,1811,0,4494,4494
34007609202,"Camden, NJ (CT)",0,1803,1803,0,4773,4773
34007609203,"Camden, NJ (CT)",633,2607,3240,1515,7586,9101
34007609204,"Camden, NJ (CT)",0,1538,1538,0,4033,4033
34007609205,"Camden, NJ (CT)",1110,1272,2382,2919,3800,6719
34007610300,"Camden, NJ (CT)",0,1126,1126,0,2328,2328
34007610400,"Camden, NJ (CT)",0,1554,1554,0,5573,5573
34007610500,"Camden, NJ (CT)",0,2193,2193,0,6603,6603
34007610600,"Camden, NJ (CT)",0,765,765,0,1254,1254
34007610800,"Camden, NJ (CT)",0,1252,1252,0,3130,3130
34007610900,"Camden, NJ (CT)",0,1579,1579,0,3433,3433
34007611000,"Camden, NJ (CT)",0,2569,2569,0,6445,6445
34007611100,"Camden, NJ (CT)",0,1343,1343,0,2964,2964
34007611200,"Camden, NJ (CT)",0,1712,1712,0,4403,4403
34007611300,"Camden, NJ (CT)",0,1563,1563,0,4328,4328
34007611400,"Camden, NJ (CT)",0,1647,1647,0,4568,4568
34007611500,"Camden, NJ (CT)",664,1131,1795,1409,3531,4940
34007611600,"Camden, NJ (CT)",0,2334,2334,0,4397,4397
34007611700,"Camden, NJ (CT)",0,1222,1222,0,2992,2992
34009020101,"Cape May, NJ (CT)",0,5115,5115,0,3856,3856
34009020102,"Cape May, NJ (CT)",0,4039,4039,0,2371,2371
34009020201,"Cape May, NJ (CT)",0,1562,1562,0,1328,1328
34009020203,"Cape May, NJ (CT)",0,4448,4448,0,2290,2290
34009020205,"Cape May, NJ (CT)",82,3270,3352,16,921,937
34009020206,"Cape May, NJ (CT)",0,2355,2355,0,919,919
34009020301,"Cape May, NJ (CT)",156,2310,2466,352,4087,4439
34009020302,"Cape May, NJ (CT)",767,1965,2732,1052,3662,4714
34009020400,"Cape May, NJ (CT)",1143,0,1143,3220,0,3220
34009020500,"Cape May, NJ (CT)",559,520,1079,666,1806,2472
34009020600,"Cape May, NJ (CT)",717,114,831,1808,275,2083
34009020700,"Cape May, NJ (CT)",542,1299,1841,1109,3275,4384
34009020800,"Cape May, NJ (CT)",451,6449,6900,117,1997,2114
34009020901,"Cape May, NJ (CT)",0,3247,3247,0,866,866
34009020902,"Cape May, NJ (CT)",64,5370,5434,19,1315,1334
34009021001,"Cape May, NJ (CT)",887,310,1197,1381,870,2251
34009021002,"Cape May, NJ (CT)",1449,120,1569,3145,327,3472
34009021100,"Cape May, NJ (CT)",414,2189,2603,712,4626,5338
34009021300,"Cape May, NJ (CT)",0,8840,8840,0,4041,4041
34009021400,"Cape May, NJ (CT)",0,5614,5614,0,3765,3765
34009021500,"Cape May, NJ (CT)",0,2122,2122,0,2163,2163
34009021600,"Cape May, NJ (CT)",0,5569,5569,0,3270,3270
34009021701,"Cape May, NJ (CT)",192,1060,1252,444,2223,2667
34009021702,"Cape May, NJ (CT)",366,2207,2573,431,2093,2524
34009021803,"Cape May, NJ (CT)",0,2715,2715,0,3926,3926
34009021804,"Cape May, NJ (CT)",0,3134,3134,0,5557,5557
34009021805,"Cape May, NJ (CT)",0,2180,2180,0,4360,4360
34009021806,"Cape May, NJ (CT)",0,2118,2118,0,2828,2828
34009021900,"Cape May, NJ (CT)",92,2105,2197,134,2185,2319
34009022000,"Cape May, NJ (CT)",0,4155,4155,0,3607,3607
34009022101,"Cape May, NJ (CT)",293,435,728,744,858,1602
34009022102,"Cape May, NJ (CT)",756,2443,3199,1627,4621,6248
34009990100,"Cape May, NJ (CT)",0,0,0,0,0,0
34011010101,"Cumberland, NJ (CT)",1506,0,1506,3571,0,3571
34011010103,"Cumberland, NJ (CT)",0,0,0,4405,0,4405
34011010200,"Cumberland, NJ (CT)",898,1217,2115,2208,2970,5178
34011010301,"Cumberland, NJ (CT)",1221,0,1221,3290,0,3290
34011010302,"Cumberland, NJ (CT)",996,0,996,1585,0,1585
34011010401,"Cumberland, NJ (CT)",1035,1022,2057,2412,2627,5039
34011010402,"Cumberland, NJ (CT)",1,0,1,1256,0,1256
34011010500,"Cumberland, NJ (CT)",937,0,937,2235,0,2235
34011010600,"Cumberland, NJ (CT)",955,1000,1955,2645,2442,5087
34011010700,"Cumberland, NJ (CT)",1200,1825,3025,3060,4600,7660
34011010800,"Cumberland, NJ (CT)",877,266,1143,2367,752,3119
34011020100,"Cumberland, NJ (CT)",0,379,379,0,1222,1222
34011020200,"Cumberland, NJ (CT)",0,818,818,0,3168,3168
34011020300,"Cumberland, NJ (CT)",0,1660,1660,0,6804,6804
34011020400,"Cumberland, NJ (CT)",0,1095,1095,0,2830,2830
34011020502,"Cumberland, NJ (CT)",0,0,0,0,0,0
34011020503,"Cumberland, NJ (CT)",0,1253,1253,0,7289,7289
34011020600,"Cumberland, NJ (CT)",0,1577,1577,0,4036,4036
34011030100,"Cumberland, NJ (CT)",0,525,525,0,996,996
34011030200,"Cumberland, NJ (CT)",0,2230,2230,0,5578,5578
34011030300,"Cumberland, NJ (CT)",0,1554,1554,0,3899,3899
34011030400,"Cumberland, NJ (CT)",374,2863,3237,1091,6716,7807
34011030501,"Cumberland, NJ (CT)",680,1690,2370,1743,4318,6061
34011030502,"Cumberland, NJ (CT)",211,1308,1519,538,3521,4059
34011040300,"Cumberland, NJ (CT)",0,1550,1550,0,3437,3437
34011040400,"Cumberland, NJ (CT)",0,2265,2265,0,6489,6489
34011040500,"Cumberland, NJ (CT)",0,2173,2173,0,6076,6076
34011040600,"Cumberland, NJ (CT)",0,2703,2703,0,7409,7409
34011040700,"Cumberland, NJ (CT)",25,3091,3116,56,8026,8082
34011040800,"Cumberland, NJ (CT)",139,1753,1892,383,4752,5135
34011040901,"Cumberland, NJ (CT)",302,852,1154,747,2235,2982
34011040902,"Cumberland, NJ (CT)",11,2609,2620,22,6453,6475
34011041000,"Cumberland, NJ (CT)",959,2053,3012,2515,5022,7537
34011041100,"Cumberland, NJ (CT)",0,2176,2176,0,7102,7102
34011990000,"Cumberland, NJ (CT)",0,0,0,0,0,0
34013000100,"Essex, NJ (CT)",0,2478,2478,0,5899,5899
34013000200,"Essex, NJ (CT)",0,1311,1311,0,2911,2911
34013000300,"Essex, NJ (CT)",0,1642,1642,0,3346,3346
34013000400,"Essex, NJ (CT)",0,857,857,0,2333,2333
34013000500,"Essex, NJ (CT)",0,591,591,0,1741,1741
34013000600,"Essex, NJ (CT)",0,1398,1398,0,4271,4271
34013000700,"Essex, NJ (CT)",0,2478,2478,0,6612,6612
34013000800,"Essex, NJ (CT)",0,1473,1473,0,4539,4539
34013000900,"Essex, NJ (CT)",0,1554,1554,0,4011,4011
34013001000,"Essex, NJ (CT)",0,1075,1075,0,3311,3311
34013001100,"Essex, NJ (CT)",0,779,779,0,3750,3750
34013001300,"Essex, NJ (CT)",0,685,685,0,1646,1646
34013001400,"Essex, NJ (CT)",0,1197,1197,0,2601,2601
34013001500,"Essex, NJ (CT)",0,697,697,0,1787,1787
34013001600,"Essex, NJ (CT)",0,718,718,0,1756,1756
34013001700,"Essex, NJ (CT)",0,972,972,0,2030,2030
34013001800,"Essex, NJ (CT)",0,920,920,0,1947,1947
34013001900,"Essex, NJ (CT)",0,831,831,0,1936,1936
34013002000,"Essex, NJ (CT)",0,1855,1855,0,4124,4124
34013002100,"Essex, NJ (CT)",0,1155,1155,0,3017,3017
34013002201,"Essex, NJ (CT)",0,3885,3885,0,7989,7989
34013002202,"Essex, NJ (CT)",0,1155,1155,0,3135,3135
34013002300,"Essex, NJ (CT)",0,1684,1684,0,4250,4250
34013002400,"Essex, NJ (CT)",0,1419,1419,0,3456,3456
34013002500,"Essex, NJ (CT)",0,1518,1518,0,3664,3664
34013002600,"Essex, NJ (CT)",0,787,787,0,1754,1754
34013002800,"Essex, NJ (CT)",0,624,624,0,1726,1726
34013003100,"Essex, NJ (CT)",0,699,699,0,2065,2065
34013003500,"Essex, NJ (CT)",0,901,901,0,2328,2328
34013003700,"Essex, NJ (CT)",0,848,848,0,2050,2050
34013003800,"Essex, NJ (CT)",0,854,854,0,2073,2073
34013003900,"Essex, NJ (CT)",0,645,645,0,1466,1466
34013004100,"Essex, NJ (CT)",0,1264,1264,0,3411,3411
34013004200,"Essex, NJ (CT)",0,1324,1324,0,2831,2831
34013004300,"Essex, NJ (CT)",0,1094,1094,0,2560,2560
34013004400,"Essex, NJ (CT)",0,753,753,0,1708,1708
34013004500,"Essex, NJ (CT)",0,1430,1430,0,3282,3282
34013004600,"Essex, NJ (CT)",0,1408,1408,0,3198,3198
34013004700,"Essex, NJ (CT)",0,2009,2009,0,4624,4624
34013004801,"Essex, NJ (CT)",0,1025,1025,0,2236,2236
34013004802,"Essex, NJ (CT)",0,2189,2189,0,3207,3207
34013004900,"Essex, NJ (CT)",0,1742,1742,0,3652,3652
34013005000,"Essex, NJ (CT)",0,1306,1306,0,3440,3440
34013005100,"Essex, NJ (CT)",0,1010,1010,0,2214,2214
34013005200,"Essex, NJ (CT)",0,524,524,0,1294,1294
34013005300,"Essex, NJ (CT)",0,1021,1021,0,2623,2623
34013005400,"Essex, NJ (CT)",0,1676,1676,0,3684,3684
34013005700,"Essex, NJ (CT)",0,936,936,0,2664,2664
34013006200,"Essex, NJ (CT)",0,603,603,0,1386,1386
34013006400,"Essex, NJ (CT)",0,507,507,0,987,987
34013006600,"Essex, NJ (CT)",0,707,707,0,1300,1300
34013006700,"Essex, NJ (CT)",0,1693,1693,0,3653,3653
34013006800,"Essex, NJ (CT)",0,1841,1841,0,4954,4954
34013006900,"Essex, NJ (CT)",0,1625,1625,0,4129,4129
34013007000,"Essex, NJ (CT)",0,1391,1391,0,3490,3490
34013007100,"Essex, NJ (CT)",0,1361,1361,0,3585,3585
34013007200,"Essex, NJ (CT)",0,1329,1329,0,3532,3532
34013007300,"Essex, NJ (CT)",0,1888,1888,0,5276,5276
34013007400,"Essex, NJ (CT)",0,1035,1035,0,5143,5143
34013007501,"Essex, NJ (CT)",0,1699,1699,0,4240,4240
34013007502,"Essex, NJ (CT)",0,1085,1085,0,2746,2746
34013007600,"Essex, NJ (CT)",0,1204,1204,0,3090,3090
34013007700,"Essex, NJ (CT)",0,1044,1044,0,2511,2511
34013007800,"Essex, NJ (CT)",0,1246,1246,0,3385,3385
34013007900,"Essex, NJ (CT)",0,1692,1692,0,3699,3699
34013008000,"Essex, NJ (CT)",0,1093,1093,0,1986,1986
34013008100,"Essex, NJ (CT)",0,1911,1911,0,3486,3486
34013008200,"Essex, NJ (CT)",0,871,871,0,2128,2128
34013008700,"Essex, NJ (CT)",0,1362,1362,0,4107,4107
34013008800,"Essex, NJ (CT)",0,656,656,0,1998,1998
34013008900,"Essex, NJ (CT)",0,843,843,0,2019,2019
34013009000,"Essex, NJ (CT)",0,881,881,0,1904,1904
34013009100,"Essex, NJ (CT)",0,1167,1167,0,3331,3331
34013009200,"Essex, NJ (CT)",0,996,996,0,3228,3228
34013009300,"Essex, NJ (CT)",0,1757,1757,0,4793,4793
34013009400,"Essex, NJ (CT)",0,2472,2472,0,5827,5827
34013009500,"Essex, NJ (CT)",0,2343,2343,0,6020,6020
34013009600,"Essex, NJ (CT)",0,1560,1560,0,4496,4496
34013009700,"Essex, NJ (CT)",0,1804,1804,0,4866,4866
34013009900,"Essex, NJ (CT)",0,1111,1111,0,2353,2353
34013010000,"Essex, NJ (CT)",0,1273,1273,0,3010,3010
34013010100,"Essex, NJ (CT)",0,1064,1064,0,2679,2679
34013010200,"Essex, NJ (CT)",0,1888,1888,0,4624,4624
34013010300,"Essex, NJ (CT)",0,1662,1662,0,3937,3937
34013010400,"Essex, NJ (CT)",0,2309,2309,0,4536,4536
34013010500,"Essex, NJ (CT)",0,2137,2137,0,4726,4726
34013010600,"Essex, NJ (CT)",0,1919,1919,0,4240,4240
34013010700,"Essex, NJ (CT)",0,1355,1355,0,3311,3311
34013010800,"Essex, NJ (CT)",0,1000,1000,0,2256,2256
34013010900,"Essex, NJ (CT)",0,1271,1271,0,2826,2826
34013011100,"Essex, NJ (CT)",0,2045,2045,0,3646,3646
34013011200,"Essex, NJ (CT)",0,1453,1453,0,3270,3270
34013011300,"Essex, NJ (CT)",0,1632,1632,0,3537,3537
34013011400,"Essex, NJ (CT)",0,2076,2076,0,4285,4285
34013011500,"Essex, NJ (CT)",0,919,919,0,2380,2380
34013011600,"Essex, NJ (CT)",0,1157,1157,0,2868,2868
34013011700,"Essex, NJ (CT)",0,1557,1557,0,3403,3403
34013011800,"Essex, NJ (CT)",0,975,975,0,2383,2383
34013011900,"Essex, NJ (CT)",0,848,848,0,1701,1701
34013012000,"Essex, NJ (CT)",0,2423,2423,0,5812,5812
34013012100,"Essex, NJ (CT)",0,1478,1478,0,4242,4242
34013012200,"Essex, NJ (CT)",0,2253,2253,0,6231,6231
34013012300,"Essex, NJ (CT)",0,1940,1940,0,4815,4815
34013012400,"Essex, NJ (CT)",0,1947,1947,0,4379,4379
34013012500,"Essex, NJ (CT)",0,1612,1612,0,3779,3779
34013012600,"Essex, NJ (CT)",0,1302,1302,0,2964,2964
34013012700,"Essex, NJ (CT)",0,1610,1610,0,3904,3904
34013012800,"Essex, NJ (CT)",0,1436,1436,0,3427,3427
34013012900,"Essex, NJ (CT)",0,1326,1326,0,3044,3044
34013013000,"Essex, NJ (CT)",0,1215,1215,0,1954,1954
34013013100,"Essex, NJ (CT)",0,847,847,0,1683,1683
34013013200,"Essex, NJ (CT)",0,1286,1286,0,2658,2658
34013013300,"Essex, NJ (CT)",0,1673,1673,0,3333,3333
34013013400,"Essex, NJ (CT)",0,1530,1530,0,4156,4156
34013013500,"Essex, NJ (CT)",0,1787,1787,0,4491,4491
34013013600,"Essex, NJ (CT)",0,2635,2635,0,5842,5842
34013013700,"Essex, NJ (CT)",0,2191,2191,0,4654,4654
34013013800,"Essex, NJ (CT)",0,1727,1727,0,4335,4335
34013013900,"Essex, NJ (CT)",0,1919,1919,0,4892,4892
34013014000,"Essex, NJ (CT)",0,1663,1663,0,3933,3933
34013014100,"Essex, NJ (CT)",0,1390,1390,0,3575,3575
34013014200,"Essex, NJ (CT)",0,1424,1424,0,3793,3793
34013014300,"Essex, NJ (CT)",0,1935,1935,0,5372,5372
34013014400,"Essex, NJ (CT)",0,1685,1685,0,3975,3975
34013014500,"Essex, NJ (CT)",0,1628,1628,0,4189,4189
34013014600,"Essex, NJ (CT)",0,1735,1735,0,4561,4561
34013014700,"Essex, NJ (CT)",0,2867,2867,0,6528,6528
34013014800,"Essex, NJ (CT)",0,1261,1261,0,3328,3328
34013014900,"Essex, NJ (CT)",0,1633,1633,0,4497,4497
34013015000,"Essex, NJ (CT)",0,1496,1496,0,3368,3368
34013015100,"Essex, NJ (CT)",0,1786,1786,0,4567,4567
34013015200,"Essex, NJ (CT)",0,1799,1799,0,3962,3962
34013015300,"Essex, NJ (CT)",0,1358,1358,0,2744,2744
34013015400,"Essex, NJ (CT)",0,2213,2213,0,4818,4818
34013015500,"Essex, NJ (CT)",0,1521,1521,0,3886,3886
34013015600,"Essex, NJ (CT)",0,1994,1994,0,4330,4330
34013015700,"Essex, NJ (CT)",0,859,859,0,2218,2218
34013015800,"Essex, NJ (CT)",0,1691,1691,0,4256,4256
34013015900,"Essex, NJ (CT)",0,1859,1859,0,5341,5341
34013016000,"Essex, NJ (CT)",0,2541,2541,0,7527,7527
34013016100,"Essex, NJ (CT)",0,1122,1122,0,3143,3143
34013016200,"Essex, NJ (CT)",0,1159,1159,0,3462,3462
34013016300,"Essex, NJ (CT)",0,1515,1515,0,3657,3657
34013016400,"Essex, NJ (CT)",0,1438,1438,0,3724,3724
34013016500,"Essex, NJ (CT)",0,1480,1480,0,3942,3942
34013016600,"Essex, NJ (CT)",0,1382,1382,0,2915,2915
34013016700,"Essex, NJ (CT)",0,1396,1396,0,2362,2362
34013016800,"Essex, NJ (CT)",0,1895,1895,0,3293,3293
34013016900,"Essex, NJ (CT)",0,1164,1164,0,2942,2942
34013017000,"Essex, NJ (CT)",0,1371,1371,0,3032,3032
34013017100,"Essex, NJ (CT)",0,861,861,0,2211,2211
34013017200,"Essex, NJ (CT)",0,1128,1128,0,2986,2986
34013017301,"Essex, NJ (CT)",0,1954,1954,0,5105,5105
34013017302,"Essex, NJ (CT)",0,2922,2922,0,6970,6970
34013017400,"Essex, NJ (CT)",0,2097,2097,0,5620,5620
34013017500,"Essex, NJ (CT)",0,2823,2823,0,5996,5996
34013017600,"Essex, NJ (CT)",0,1724,1724,0,4740,4740
34013017700,"Essex, NJ (CT)",0,1523,1523,0,4691,4691
34013017800,"Essex, NJ (CT)",0,1297,1297,0,3719,3719
34013017900,"Essex, NJ (CT)",0,1171,1171,0,3481,3481
34013018000,"Essex, NJ (CT)",0,2101,2101,0,5885,5885
34013018100,"Essex, NJ (CT)",0,817,817,0,2008,2008
34013018200,"Essex, NJ (CT)",0,1789,1789,0,4312,4312
34013018300,"Essex, NJ (CT)",0,1830,1830,0,4604,4604
34013018400,"Essex, NJ (CT)",0,862,862,0,2043,2043
34013018600,"Essex, NJ (CT)",0,1253,1253,0,3737,3737
34013018700,"Essex, NJ (CT)",0,2381,2381,0,5156,5156
34013018800,"Essex, NJ (CT)",0,1810,1810,0,4727,4727
34013018900,"Essex, NJ (CT)",0,1480,1480,0,3547,3547
34013019000,"Essex, NJ (CT)",0,1610,1610,0,4535,4535
34013019100,"Essex, NJ (CT)",0,1311,1311,0,4092,4092
34013019200,"Essex, NJ (CT)",0,1251,1251,0,4164,4164
34013019300,"Essex, NJ (CT)",0,1643,1643,0,3407,3407
34013019400,"Essex, NJ (CT)",0,1025,1025,0,2971,2971
34013019500,"Essex, NJ (CT)",0,1366,1366,0,3967,3967
34013019600,"Essex, NJ (CT)",0,2351,2351,0,5859,5859
34013019700,"Essex, NJ (CT)",0,2057,2057,0,5949,5949
34013019800,"Essex, NJ (CT)",0,902,902,0,2639,2639
34013019900,"Essex, NJ (CT)",0,907,907,0,2482,2482
34013020000,"Essex, NJ (CT)",0,1888,1888,0,5960,5960
34013020100,"Essex, NJ (CT)",0,1619,1619,0,4942,4942
34013020200,"Essex, NJ (CT)",0,1719,1719,0,4747,4747
34013020300,"Essex, NJ (CT)",0,1880,1880,0,4500,4500
34013020400,"Essex, NJ (CT)",0,1760,1760,0,5030,5030
34013020500,"Essex, NJ (CT)",0,2555,2555,0,7429,7429
34013020600,"Essex, NJ (CT)",0,1790,1790,0,4912,4912
34013020700,"Essex, NJ (CT)",0,1490,1490,0,4444,4444
34013020800,"Essex, NJ (CT)",0,2689,2689,0,7551,7551
34013020901,"Essex, NJ (CT)",0,758,758,0,2113,2113
34013020902,"Essex, NJ (CT)",0,2432,2432,0,5819,5819
34013021000,"Essex, NJ (CT)",0,1972,1972,0,4961,4961
34013021100,"Essex, NJ (CT)",0,2147,2147,0,4802,4802
34013021200,"Essex, NJ (CT)",0,1404,1404,0,3569,3569
34013021300,"Essex, NJ (CT)",0,2020,2020,0,5642,5642
34013021400,"Essex, NJ (CT)",0,2641,2641,0,6769,6769
34013021601,"Essex, NJ (CT)",55,2668,2723,114,7352,7466
34013021602,"Essex, NJ (CT)",0,2134,2134,0,6183,6183
34013021701,"Essex, NJ (CT)",0,1599,1599,0,3567,3567
34013021702,"Essex, NJ (CT)",0,1911,1911,0,4255,4255
34013021801,"Essex, NJ (CT)",0,910,910,0,2678,2678
34013021802,"Essex, NJ (CT)",0,1381,1381,0,3505,3505
34013021803,"Essex, NJ (CT)",0,1718,1718,0,4576,4576
34013022700,"Essex, NJ (CT)",0,1489,1489,0,3192,3192
34013022800,"Essex, NJ (CT)",0,1034,1034,0,2367,2367
34013022900,"Essex, NJ (CT)",0,1439,1439,0,4170,4170
34013023000,"Essex, NJ (CT)",0,1250,1250,0,3262,3262
34013023100,"Essex, NJ (CT)",0,907,907,0,2519,2519
34013023200,"Essex, NJ (CT)",0,1335,1335,0,3453,3453
34013980100,"Essex, NJ (CT)",0,0,0,0,3557,3557
34013980200,"Essex, NJ (CT)",0,4,4,0,1173,1173
34015500100,"Gloucester, NJ (CT)",0,1912,1912,0,4288,4288
34015500201,"Gloucester, NJ (CT)",0,1017,1017,0,2537,2537
34015500202,"Gloucester, NJ (CT)",0,1909,1909,0,4943,4943
34015500203,"Gloucester, NJ (CT)",0,2061,2061,0,4727,4727
34015500204,"Gloucester, NJ (CT)",0,2782,2782,0,6070,6070
34015500205,"Gloucester, NJ (CT)",524,1148,1672,607,2793,3400
34015500300,"Gloucester, NJ (CT)",0,1153,1153,0,3036,3036
34015500400,"Gloucester, NJ (CT)",0,2533,2533,0,6097,6097
34015500500,"Gloucester, NJ (CT)",96,1952,2048,213,4686,4899
34015500600,"Gloucester, NJ (CT)",309,3096,3405,936,8619,9555
34015500701,"Gloucester, NJ (CT)",53,3235,3288,139,7849,7988
34015500702,"Gloucester, NJ (CT)",193,1975,2168,253,5528,5781
34015500703,"Gloucester, NJ (CT)",402,122,524,1089,359,1448
34015500800,"Gloucester, NJ (CT)",0,860,860,0,2278,2278
34015500900,"Gloucester, NJ (CT)",0,1125,1125,0,3055,3055
34015501001,"Gloucester, NJ (CT)",0,869,869,0,2175,2175
34015501002,"Gloucester, NJ (CT)",0,2014,2014,0,4244,4244
34015501003,"Gloucester, NJ (CT)",0,1573,1573,0,3755,3755
34015501101,"Gloucester, NJ (CT)",0,1958,1958,0,4052,4052
34015501102,"Gloucester, NJ (CT)",0,2857,2857,0,6697,6697
34015501103,"Gloucester, NJ (CT)",0,1934,1934,0,5517,5517
34015501104,"Gloucester, NJ (CT)",0,1128,1128,0,3193,3193
34015501105,"Gloucester, NJ (CT)",0,1365,1365,0,2739,2739
34015501106,"Gloucester, NJ (CT)",10,1376,1386,19,3723,3742
34015501107,"Gloucester, NJ (CT)",0,1733,1733,0,4621,4621
34015501201,"Gloucester, NJ (CT)",0,2010,2010,0,6254,6254
34015501202,"Gloucester, NJ (CT)",0,1549,1549,0,4787,4787
34015501203,"Gloucester, NJ (CT)",0,1304,1304,0,3369,3369
34015501204,"Gloucester, NJ (CT)",0,1330,1330,0,3857,3857
34015501205,"Gloucester, NJ (CT)",0,1023,1023,0,2958,2958
34015501206,"Gloucester, NJ (CT)",0,1578,1578,0,3940,3940
34015501208,"Gloucester, NJ (CT)",0,1776,1776,0,3984,3984
34015501209,"Gloucester, NJ (CT)",41,2821,2862,111,6911,7022
34015501210,"Gloucester, NJ (CT)",0,1187,1187,0,3698,3698
34015501212,"Gloucester, NJ (CT)",0,1429,1429,0,3927,3927
34015501213,"Gloucester, NJ (CT)",0,1762,1762,0,4763,4763
34015501301,"Gloucester, NJ (CT)",0,1409,1409,0,3503,3503
34015501302,"Gloucester, NJ (CT)",0,1229,1229,0,2780,2780
34015501303,"Gloucester, NJ (CT)",0,1067,1067,0,2728,2728
34015501402,"Gloucester, NJ (CT)",38,1204,1242,159,3405,3564
34015501403,"Gloucester, NJ (CT)",0,1488,1488,0,3742,3742
34015501404,"Gloucester, NJ (CT)",0,578,578,0,2895,2895
34015501405,"Gloucester, NJ (CT)",0,1392,1392,0,3870,3870
34015501406,"Gloucester, NJ (CT)",0,1890,1890,0,4508,4508
34015501500,"Gloucester, NJ (CT)",126,3002,3128,321,7858,8179
34015501603,"Gloucester, NJ (CT)",0,2740,2740,0,6545,6545
34015501604,"Gloucester, NJ (CT)",47,2680,2727,130,7524,7654
34015501605,"Gloucester, NJ (CT)",726,1121,1847,1909,2610,4519
34015501606,"Gloucester, NJ (CT)",299,2046,2345,781,6130,6911
34015501608,"Gloucester, NJ (CT)",0,2065,2065,0,5126,5126
34015501609,"Gloucester, NJ (CT)",420,1243,1663,1107,4267,5374
34015501701,"Gloucester, NJ (CT)",500,1336,1836,1401,3980,5381
34015501702,"Gloucester, NJ (CT)",910,45,955,2496,120,2616
34015501703,"Gloucester, NJ (CT)",778,946,1724,2203,2447,4650
34015501704,"Gloucester, NJ (CT)",614,975,1589,1580,2593,4173
34015501800,"Gloucester, NJ (CT)",85,541,626,208,1345,1553
34015501900,"Gloucester, NJ (CT)",767,810,1577,2053,2164,4217
34015502001,"Gloucester, NJ (CT)",174,1589,1763,563,5078,5641
34015502002,"Gloucester, NJ (CT)",282,2044,2326,798,5978,6776
34015502100,"Gloucester, NJ (CT)",785,270,1055,2254,907,3161
34015502200,"Gloucester, NJ (CT)",679,2596,3275,2060,8140,10200
34015502300,"Gloucester, NJ (CT)",0,1004,1004,0,2584,2584
34015502400,"Gloucester, NJ (CT)",292,1880,2172,670,5372,6042
34017000100,"Hudson, NJ (CT)",0,2192,2192,0,6025,6025
34017000200,"Hudson, NJ (CT)",0,2121,2121,0,5409,5409
34017000300,"Hudson, NJ (CT)",0,1750,1750,0,4220,4220
34017000400,"Hudson, NJ (CT)",0,1479,1479,0,3991,3991
34017000500,"Hudson, NJ (CT)",0,1617,1617,0,4311,4311
34017000600,"Hudson, NJ (CT)",0,2303,2303,0,5750,5750
34017000700,"Hudson, NJ (CT)",0,1487,1487,0,3486,3486
34017000800,"Hudson, NJ (CT)",0,1756,1756,0,3900,3900
34017000902,"Hudson, NJ (CT)",0,2917,2917,0,6100,6100
34017001000,"Hudson, NJ (CT)",0,805,805,0,1986,1986
34017001100,"Hudson, NJ (CT)",0,2107,2107,0,5409,5409
34017001201,"Hudson, NJ (CT)",0,842,842,0,2158,2158
34017001202,"Hudson, NJ (CT)",0,605,605,0,1357,1357
34017001300,"Hudson, NJ (CT)",0,1180,1180,0,2913,2913
34017001400,"Hudson, NJ (CT)",0,1547,1547,0,3738,3738
34017001701,"Hudson, NJ (CT)",0,2149,2149,0,4257,4257
34017001800,"Hudson, NJ (CT)",0,1649,1649,0,4031,4031
34017001900,"Hudson, NJ (CT)",0,741,741,0,1518,1518
34017002000,"Hudson, NJ (CT)",0,1989,1989,0,4340,4340
34017002200,"Hudson, NJ (CT)",0,923,923,0,1681,1681
34017002300,"Hudson, NJ (CT)",0,1210,1210,0,2133,2133
34017002400,"Hudson, NJ (CT)",0,1361,1361,0,2309,2309
34017002700,"Hudson, NJ (CT)",0,1707,1707,0,4815,4815
34017002800,"Hudson, NJ (CT)",0,2401,2401,0,5671,5671
34017002900,"Hudson, NJ (CT)",0,1549,1549,0,3923,3923
34017003000,"Hudson, NJ (CT)",0,1341,1341,0,3165,3165
34017003100,"Hudson, NJ (CT)",0,1813,1813,0,4094,4094
34017003500,"Hudson, NJ (CT)",0,1067,1067,0,1937,1937
34017004000,"Hudson, NJ (CT)",0,1946,1946,0,5286,5286
34017004101,"Hudson, NJ (CT)",0,2774,2774,0,6576,6576
34017004102,"Hudson, NJ (CT)",0,1230,1230,0,2874,2874
34017004200,"Hudson, NJ (CT)",0,1745,1745,0,4632,4632
34017004300,"Hudson, NJ (CT)",0,1083,1083,0,2214,2214
34017004400,"Hudson, NJ (CT)",0,1103,1103,0,2406,2406
34017004500,"Hudson, NJ (CT)",0,1588,1588,0,3922,3922
34017004600,"Hudson, NJ (CT)",0,888,888,0,2229,2229
34017004700,"Hudson, NJ (CT)",0,1125,1125,0,2591,2591
34017004800,"Hudson, NJ (CT)",0,1639,1639,0,4208,4208
34017004900,"Hudson, NJ (CT)",0,1476,1476,0,3995,3995
34017005200,"Hudson, NJ (CT)",0,1863,1863,0,4369,4369
34017005300,"Hudson, NJ (CT)",0,1188,1188,0,3053,3053
34017005400,"Hudson, NJ (CT)",0,2566,2566,0,6161,6161
34017005500,"Hudson, NJ (CT)",0,972,972,0,2484,2484
34017005600,"Hudson, NJ (CT)",0,1399,1399,0,3704,3704
34017005801,"Hudson, NJ (CT)",0,2029,2029,0,4833,4833
34017005802,"Hudson, NJ (CT)",0,809,809,0,1577,1577
34017005900,"Hudson, NJ (CT)",0,2833,2833,0,7257,7257
34017006000,"Hudson, NJ (CT)",0,1705,1705,0,4308,4308
34017006100,"Hudson, NJ (CT)",0,2571,2571,0,6745,6745
34017006200,"Hudson, NJ (CT)",0,1541,1541,0,3649,3649
34017006300,"Hudson, NJ (CT)",0,1828,1828,0,4293,4293
34017006400,"Hudson, NJ (CT)",0,1692,1692,0,3101,3101
34017006500,"Hudson, NJ (CT)",0,1057,1057,0,1843,1843
34017006600,"Hudson, NJ (CT)",0,467,467,0,1446,1446
34017006700,"Hudson, NJ (CT)",0,1547,1547,0,3519,3519
34017006800,"Hudson, NJ (CT)",0,1427,1427,0,3343,3343
34017006900,"Hudson, NJ (CT)",0,41,41,0,81,81
34017007000,"Hudson, NJ (CT)",0,2156,2156,0,3944,3944
34017007100,"Hudson, NJ (CT)",0,1524,1524,0,3280,3280
34017007200,"Hudson, NJ (CT)",0,971,971,0,2160,2160
34017007300,"Hudson, NJ (CT)",0,675,675,0,1034,1034
34017007400,"Hudson, NJ (CT)",0,2871,2871,0,4141,4141
34017007500,"Hudson, NJ (CT)",0,2861,2861,0,5044,5044
34017007600,"Hudson, NJ (CT)",0,3463,3463,0,5690,5690
34017007700,"Hudson, NJ (CT)",0,4791,4791,0,9618,9618
34017007800,"Hudson, NJ (CT)",0,668,668,0,1360,1360
34017010100,"Hudson, NJ (CT)",0,2445,2445,0,5614,5614
34017010200,"Hudson, NJ (CT)",0,1315,1315,0,3151,3151
34017010300,"Hudson, NJ (CT)",0,1211,1211,0,2774,2774
34017010400,"Hudson, NJ (CT)",0,2082,2082,0,3780,3780
34017010500,"Hudson, NJ (CT)",0,2289,2289,0,5208,5208
34017010600,"Hudson, NJ (CT)",0,3129,3129,0,6544,6544
34017010700,"Hudson, NJ (CT)",0,1563,1563,0,3693,3693
34017010800,"Hudson, NJ (CT)",0,1326,1326,0,3143,3143
34017010900,"Hudson, NJ (CT)",0,984,984,0,2144,2144
34017011000,"Hudson, NJ (CT)",0,949,949,0,2287,2287
34017011100,"Hudson, NJ (CT)",0,1837,1837,0,4593,4593
34017011200,"Hudson, NJ (CT)",0,2691,2691,0,6432,6432
34017011300,"Hudson, NJ (CT)",0,1291,1291,0,2920,2920
34017011400,"Hudson, NJ (CT)",0,1473,1473,0,3388,3388
34017011500,"Hudson, NJ (CT)",0,1328,1328,0,3173,3173
34017011600,"Hudson, NJ (CT)",0,1886,1886,0,4180,4180
34017012300,"Hudson, NJ (CT)",0,936,936,0,2206,2206
34017012400,"Hudson, NJ (CT)",0,1162,1162,0,3191,3191
34017012500,"Hudson, NJ (CT)",0,1406,1406,0,3754,3754
34017012600,"Hudson, NJ (CT)",0,1363,1363,0,3472,3472
34017012700,"Hudson, NJ (CT)",0,1972,1972,0,7186,7186
34017012800,"Hudson, NJ (CT)",0,1502,1502,0,4118,4118
34017012900,"Hudson, NJ (CT)",0,1301,1301,0,3919,3919
34017013000,"Hudson, NJ (CT)",0,1153,1153,0,3393,3393
34017013100,"Hudson, NJ (CT)",0,747,747,0,2043,2043
34017013200,"Hudson, NJ (CT)",0,1497,1497,0,4201,4201
34017013300,"Hudson, NJ (CT)",0,1141,1141,0,3201,3201
34017013400,"Hudson, NJ (CT)",0,794,794,0,2406,2406
34017013500,"Hudson, NJ (CT)",0,1761,1761,0,4531,4531
34017013600,"Hudson, NJ (CT)",0,763,763,0,2144,2144
34017013700,"Hudson, NJ (CT)",0,911,911,0,2448,2448
34017013800,"Hudson, NJ (CT)",0,731,731,0,1763,1763
34017013900,"Hudson, NJ (CT)",0,1062,1062,0,2734,2734
34017014000,"Hudson, NJ (CT)",0,1940,1940,0,5020,5020
34017014101,"Hudson, NJ (CT)",0,2072,2072,0,3577,3577
34017014102,"Hudson, NJ (CT)",0,2394,2394,0,5060,5060
34017014200,"Hudson, NJ (CT)",0,2164,2164,0,5776,5776
34017014300,"Hudson, NJ (CT)",0,1967,1967,0,5741,5741
34017014400,"Hudson, NJ (CT)",0,2686,2686,0,8161,8161
34017014501,"Hudson, NJ (CT)",0,2230,2230,0,6249,6249
34017014502,"Hudson, NJ (CT)",0,1797,1797,0,3458,3458
34017014600,"Hudson, NJ (CT)",0,1249,1249,0,3757,3757
34017014700,"Hudson, NJ (CT)",0,1816,1816,0,4863,4863
34017014800,"Hudson, NJ (CT)",0,2483,2483,0,5995,5995
34017014900,"Hudson, NJ (CT)",0,1114,1114,0,3116,3116
34017015001,"Hudson, NJ (CT)",0,1333,1333,0,2185,2185
34017015002,"Hudson, NJ (CT)",0,2451,2451,0,5977,5977
34017015100,"Hudson, NJ (CT)",0,1055,1055,0,3014,3014
34017015201,"Hudson, NJ (CT)",0,1604,1604,0,2734,2734
34017015202,"Hudson, NJ (CT)",0,2683,2683,0,5980,5980
34017015300,"Hudson, NJ (CT)",0,1728,1728,0,4417,4417
34017015500,"Hudson, NJ (CT)",0,1695,1695,0,4705,4705
34017015600,"Hudson, NJ (CT)",0,1400,1400,0,3928,3928
34017015700,"Hudson, NJ (CT)",0,1246,1246,0,3861,3861
34017015801,"Hudson, NJ (CT)",0,1672,1672,0,2972,2972
34017015802,"Hudson, NJ (CT)",0,2613,2613,0,5813,5813
34017015900,"Hudson, NJ (CT)",0,1861,1861,0,5607,5607
34017016000,"Hudson, NJ (CT)",0,1182,1182,0,3284,3284
34017016100,"Hudson, NJ (CT)",0,1259,1259,0,3539,3539
34017016200,"Hudson, NJ (CT)",0,1684,1684,0,4895,4895
34017016300,"Hudson, NJ (CT)",0,1697,1697,0,4441,4441
34017016400,"Hudson, NJ (CT)",0,1489,1489,0,3805,3805
34017016500,"Hudson, NJ (CT)",0,1619,1619,0,4172,4172
34017016600,"Hudson, NJ (CT)",0,1354,1354,0,3737,3737
34017016700,"Hudson, NJ (CT)",0,566,566,0,1529,1529
34017016800,"Hudson, NJ (CT)",0,1175,1175,0,3321,3321
34017016900,"Hudson, NJ (CT)",0,1304,1304,0,3404,3404
34017017000,"Hudson, NJ (CT)",0,1656,1656,0,4707,4707
34017017100,"Hudson, NJ (CT)",0,1861,1861,0,5137,5137
34017017200,"Hudson, NJ (CT)",0,1164,1164,0,3208,3208
34017017300,"Hudson, NJ (CT)",0,1120,1120,0,2379,2379
34017017400,"Hudson, NJ (CT)",0,1021,1021,0,2663,2663
34017017500,"Hudson, NJ (CT)",0,1376,1376,0,4089,4089
34017017600,"Hudson, NJ (CT)",0,1129,1129,0,3075,3075
34017017700,"Hudson, NJ (CT)",0,871,871,0,1959,1959
34017017800,"Hudson, NJ (CT)",0,2586,2586,0,6395,6395
34017017900,"Hudson, NJ (CT)",0,830,830,0,1550,1550
34017018000,"Hudson, NJ (CT)",0,1922,1922,0,3961,3961
34017018100,"Hudson, NJ (CT)",0,1315,1315,0,2854,2854
34017018200,"Hudson, NJ (CT)",0,2146,2146,0,4189,4189
34017018301,"Hudson, NJ (CT)",0,1130,1130,0,1802,1802
34017018302,"Hudson, NJ (CT)",0,1802,1802,0,3124,3124
34017018400,"Hudson, NJ (CT)",0,2477,2477,0,4948,4948
34017018500,"Hudson, NJ (CT)",0,3313,3313,0,6153,6153
34017018600,"Hudson, NJ (CT)",0,1307,1307,0,2365,2365
34017018701,"Hudson, NJ (CT)",0,843,843,0,2936,2936
34017018702,"Hudson, NJ (CT)",0,2312,2312,0,4273,4273
34017018800,"Hudson, NJ (CT)",0,1917,1917,0,3258,3258
34017018900,"Hudson, NJ (CT)",0,1954,1954,0,3554,3554
34017019000,"Hudson, NJ (CT)",0,2354,2354,0,4614,4614
34017019100,"Hudson, NJ (CT)",0,2024,2024,0,3392,3392
34017019200,"Hudson, NJ (CT)",0,2050,2050,0,3928,3928
34017019300,"Hudson, NJ (CT)",0,1692,1692,0,2813,2813
34017019400,"Hudson, NJ (CT)",0,1680,1680,0,2845,2845
34017019800,"Hudson, NJ (CT)",0,2321,2321,0,5669,5669
34017019900,"Hudson, NJ (CT)",0,2208,2208,0,4725,4725
34017020000,"Hudson, NJ (CT)",0,1785,1785,0,5157,5157
34017020100,"Hudson, NJ (CT)",0,532,532,0,713,713
34017032400,"Hudson, NJ (CT)",0,2334,2334,0,6407,6407
34017980100,"Hudson, NJ (CT)",0,0,0,0,0,0
34019010100,"Hunterdon, NJ (CT)",2309,14,2323,5951,42,5993
34019010200,"Hunterdon, NJ (CT)",2673,185,2858,6920,744,7664
34019010300,"Hunterdon, NJ (CT)",90,1347,1437,224,2881,3105
34019010400,"Hunterdon, NJ (CT)",1294,450,1744,3691,1158,4849
34019010500,"Hunterdon, NJ (CT)",2066,0,2066,5291,0,5291
34019010600,"Hunterdon, NJ (CT)",1841,576,2417,4891,1280,6171
34019010701,"Hunterdon, NJ (CT)",1284,546,1830,3647,2261,5908
34019010702,"Hunterdon, NJ (CT)",1174,30,1204,3100,95,3195
34019010801,"Hunterdon, NJ (CT)",0,1098,1098,0,2719,2719
34019010802,"Hunterdon, NJ (CT)",0,664,664,0,1358,1358
34019010900,"Hunterdon, NJ (CT)",0,1481,1481,0,3648,3648
34019011001,"Hunterdon, NJ (CT)",784,1137,1921,3332,3011,6343
34019011002,"Hunterdon, NJ (CT)",594,2222,2816,1642,5493,7135
34019011100,"Hunterdon, NJ (CT)",300,2022,2322,779,4637,5416
34019011201,"Hunterdon, NJ (CT)",1506,956,2462,4369,2866,7235
34019011202,"Hunterdon, NJ (CT)",558,849,1407,1535,1940,3475
34019011301,"Hunterdon, NJ (CT)",796,1569,2365,2113,4441,6554
34019011302,"Hunterdon, NJ (CT)",336,2361,2697,957,6306,7263
34019011303,"Hunterdon, NJ (CT)",0,2057,2057,0,4736,4736
34019011304,"Hunterdon, NJ (CT)",112,1066,1178,328,3324,3652
34019011400,"Hunterdon, NJ (CT)",0,1926,1926,0,4581,4581
34019011500,"Hunterdon, NJ (CT)",1711,514,2225,4110,1108,5218
34019011600,"Hunterdon, NJ (CT)",1947,230,2177,4612,469,5081
34019011700,"Hunterdon, NJ (CT)",1385,195,1580,3510,503,4013
34019011800,"Hunterdon, NJ (CT)",1065,92,1157,2620,1220,3840
34019011900,"Hunterdon, NJ (CT)",0,2075,2075,0,3906,3906
34021000100,"Mercer, NJ (CT)",0,1217,1217,0,2788,2788
34021000200,"Mercer, NJ (CT)",0,1317,1317,0,3965,3965
34021000300,"Mercer, NJ (CT)",0,1551,1551,0,4493,4493
34021000400,"Mercer, NJ (CT)",0,1808,1808,0,5507,5507
34021000500,"Mercer, NJ (CT)",0,1444,1444,0,4464,4464
34021000600,"Mercer, NJ (CT)",0,1511,1511,0,4530,4530
34021000700,"Mercer, NJ (CT)",0,1058,1058,0,3148,3148
34021000800,"Mercer, NJ (CT)",0,892,892,0,2442,2442
34021000900,"Mercer, NJ (CT)",0,1966,1966,0,3990,3990
34021001000,"Mercer, NJ (CT)",0,1288,1288,0,2750,2750
34021001101,"Mercer, NJ (CT)",0,1231,1231,0,2192,2192
34021001102,"Mercer, NJ (CT)",0,1700,1700,0,3382,3382
34021001200,"Mercer, NJ (CT)",0,1691,1691,0,3668,3668
34021001300,"Mercer, NJ (CT)",0,1319,1319,0,4216,4216
34021001401,"Mercer, NJ (CT)",0,1818,1818,0,3852,3852
34021001402,"Mercer, NJ (CT)",0,851,851,0,1995,1995
34021001500,"Mercer, NJ (CT)",0,1354,1354,0,2798,2798
34021001600,"Mercer, NJ (CT)",0,590,590,0,1302,1302
34021001700,"Mercer, NJ (CT)",0,1759,1759,0,3858,3858
34021001800,"Mercer, NJ (CT)",0,1388,1388,0,4332,4332
34021001900,"Mercer, NJ (CT)",0,580,580,0,1651,1651
34021002000,"Mercer, NJ (CT)",0,452,452,0,1205,1205
34021002100,"Mercer, NJ (CT)",0,2255,2255,0,4798,4798
34021002200,"Mercer, NJ (CT)",0,1994,1994,0,5688,5688
34021002400,"Mercer, NJ (CT)",0,1,1,0,1899,1899
34021002500,"Mercer, NJ (CT)",0,2752,2752,0,6983,6983
34021002601,"Mercer, NJ (CT)",0,1636,1636,0,4164,4164
34021002602,"Mercer, NJ (CT)",0,1754,1754,0,4039,4039
34021002701,"Mercer, NJ (CT)",0,1595,1595,0,3716,3716
34021002702,"Mercer, NJ (CT)",0,3195,3195,0,6426,6426
34021002800,"Mercer, NJ (CT)",0,2234,2234,0,6588,6588
34021002902,"Mercer, NJ (CT)",0,1940,1940,0,4740,4740
34021002903,"Mercer, NJ (CT)",0,1040,1040,0,2663,2663
34021002904,"Mercer, NJ (CT)",0,2092,2092,0,5415,5415
34021003001,"Mercer, NJ (CT)",509,1800,2309,1445,4636,6081
34021003002,"Mercer, NJ (CT)",0,1932,1932,0,5717,5717
34021003003,"Mercer, NJ (CT)",0,2643,2643,0,6293,6293
34021003004,"Mercer, NJ (CT)",0,2506,2506,0,5757,5757
34021003006,"Mercer, NJ (CT)",0,2230,2230,0,5909,5909
34021003007,"Mercer, NJ (CT)",0,1298,1298,0,3444,3444
34021003008,"Mercer, NJ (CT)",0,2079,2079,0,5088,5088
34021003009,"Mercer, NJ (CT)",0,2935,2935,0,5441,5441
34021003100,"Mercer, NJ (CT)",0,1834,1834,0,4328,4328
34021003201,"Mercer, NJ (CT)",0,2498,2498,0,7932,7932
34021003202,"Mercer, NJ (CT)",0,2482,2482,0,5481,5481
34021003301,"Mercer, NJ (CT)",40,3022,3062,99,7251,7350
34021003302,"Mercer, NJ (CT)",366,2997,3363,920,7461,8381
34021003400,"Mercer, NJ (CT)",0,1107,1107,0,2836,2836
34021003500,"Mercer, NJ (CT)",0,3067,3067,0,7154,7154
34021003601,"Mercer, NJ (CT)",0,1431,1431,0,3310,3310
34021003602,"Mercer, NJ (CT)",0,1352,1352,0,3279,3279
34021003703,"Mercer, NJ (CT)",0,1434,1434,0,7026,7026
34021003704,"Mercer, NJ (CT)",0,1035,1035,0,2270,2270
34021003705,"Mercer, NJ (CT)",0,2950,2950,0,6260,6260
34021003706,"Mercer, NJ (CT)",0,1550,1550,0,3655,3655
34021003800,"Mercer, NJ (CT)",1273,1318,2591,3361,3385,6746
34021003902,"Mercer, NJ (CT)",0,817,817,0,1922,1922
34021003903,"Mercer, NJ (CT)",0,1083,1083,0,2585,2585
34021003904,"Mercer, NJ (CT)",245,2021,2266,715,5189,5904
34021003905,"Mercer, NJ (CT)",1048,646,1694,2753,1901,4654
34021004000,"Mercer, NJ (CT)",0,2132,2132,0,4481,4481
34021004201,"Mercer, NJ (CT)",84,2420,2504,212,6234,6446
34021004203,"Mercer, NJ (CT)",247,1289,1536,685,3329,4014
34021004204,"Mercer, NJ (CT)",77,2698,2775,153,5656,5809
34021004301,"Mercer, NJ (CT)",0,3094,3094,0,7730,7730
34021004304,"Mercer, NJ (CT)",91,2800,2891,188,8056,8244
34021004306,"Mercer, NJ (CT)",100,1449,1549,269,4842,5111
34021004307,"Mercer, NJ (CT)",0,2275,2275,0,6078,6078
34021004309,"Mercer, NJ (CT)",308,1188,1496,915,3439,4354
34021004310,"Mercer, NJ (CT)",95,3686,3781,226,9062,9288
34021004403,"Mercer, NJ (CT)",0,2108,2108,0,5494,5494
34021004404,"Mercer, NJ (CT)",0,2808,2808,0,7443,7443
34021004405,"Mercer, NJ (CT)",295,2918,3213,801,7680,8481
34021004406,"Mercer, NJ (CT)",10,2256,2266,22,4660,4682
34021004407,"Mercer, NJ (CT)",0,2565,2565,0,6586,6586
34021004501,"Mercer, NJ (CT)",0,786,786,0,6675,6675
34021004502,"Mercer, NJ (CT)",0,569,569,0,1147,1147
34023000100,"Middlesex, NJ (CT)",0,2730,2730,0,7225,7225
34023000200,"Middlesex, NJ (CT)",0,2418,2418,0,6410,6410
34023000300,"Middlesex, NJ (CT)",0,2683,2683,0,7227,7227
34023000401,"Middlesex, NJ (CT)",0,1238,1238,0,3767,3767
34023000403,"Middlesex, NJ (CT)",0,2010,2010,0,5493,5493
34023000404,"Middlesex, NJ (CT)",0,2070,2070,0,5241,5241
34023000501,"Middlesex, NJ (CT)",0,1560,1560,0,4815,4815
34023000502,"Middlesex, NJ (CT)",0,2708,2708,0,7326,7326
34023000603,"Middlesex, NJ (CT)",0,751,751,0,2254,2254
34023000606,"Middlesex, NJ (CT)",0,2496,2496,0,7631,7631
34023000608,"Middlesex, NJ (CT)",0,647,647,0,1629,1629
34023000701,"Middlesex, NJ (CT)",0,1422,1422,0,3462,3462
34023000702,"Middlesex, NJ (CT)",0,1983,1983,0,5692,5692
34023000801,"Middlesex, NJ (CT)",0,1283,1283,0,3719,3719
34023000802,"Middlesex, NJ (CT)",0,943,943,0,2767,2767
34023000901,"Middlesex, NJ (CT)",0,778,778,0,2262,2262
34023000902,"Middlesex, NJ (CT)",0,1690,1690,0,4618,4618
34023001001,"Middlesex, NJ (CT)",0,889,889,0,2529,2529
34023001002,"Middlesex, NJ (CT)",0,2510,2510,0,7490,7490
34023001100,"Middlesex, NJ (CT)",0,2043,2043,0,4513,4513
34023001200,"Middlesex, NJ (CT)",0,2248,2248,0,5381,5381
34023001300,"Middlesex, NJ (CT)",0,1912,1912,0,4088,4088
34023001409,"Middlesex, NJ (CT)",0,1148,1148,0,3507,3507
34023001410,"Middlesex, NJ (CT)",0,1543,1543,0,4513,4513
34023001411,"Middlesex, NJ (CT)",0,1134,1134,0,3631,3631
34023001412,"Middlesex, NJ (CT)",0,1198,1198,0,3284,3284
34023001413,"Middlesex, NJ (CT)",0,1805,1805,0,5373,5373
34023001414,"Middlesex, NJ (CT)",0,2043,2043,0,5490,5490
34023001415,"Middlesex, NJ (CT)",0,1823,1823,0,5420,5420
34023001416,"Middlesex, NJ (CT)",0,2921,2921,0,8140,8140
34023001417,"Middlesex, NJ (CT)",0,818,818,0,2122,2122
34023001502,"Middlesex, NJ (CT)",0,2007,2007,0,5644,5644
34023001504,"Middlesex, NJ (CT)",0,2001,2001,0,5620,5620
34023001505,"Middlesex, NJ (CT)",0,784,784,0,2223,2223
34023001506,"Middlesex, NJ (CT)",0,1882,1882,0,6085,6085
34023001600,"Middlesex, NJ (CT)",0,1916,1916,0,4859,4859
34023001701,"Middlesex, NJ (CT)",0,1812,1812,0,5379,5379
34023001702,"Middlesex, NJ (CT)",0,1304,1304,0,3417,3417
34023001803,"Middlesex, NJ (CT)",0,1120,1120,0,3255,3255
34023001804,"Middlesex, NJ (CT)",0,1634,1634,0,4076,4076
34023001805,"Middlesex, NJ (CT)",0,2004,2004,0,4986,4986
34023001901,"Middlesex, NJ (CT)",0,1956,1956,0,4982,4982
34023001902,"Middlesex, NJ (CT)",0,883,883,0,2131,2131
34023001903,"Middlesex, NJ (CT)",0,1388,1388,0,3131,3131
34023002000,"Middlesex, NJ (CT)",0,1529,1529,0,3939,3939
34023002101,"Middlesex, NJ (CT)",0,865,865,0,2290,2290
34023002102,"Middlesex, NJ (CT)",0,1545,1545,0,3766,3766
34023002200,"Middlesex, NJ (CT)",0,1501,1501,0,3579,3579
34023002301,"Middlesex, NJ (CT)",0,1376,1376,0,4032,4032
34023002302,"Middlesex, NJ (CT)",0,1236,1236,0,3583,3583
34023002401,"Middlesex, NJ (CT)",0,1912,1912,0,5424,5424
34023002402,"Middlesex, NJ (CT)",0,543,543,0,1487,1487
34023002500,"Middlesex, NJ (CT)",0,2269,2269,0,6975,6975
34023002603,"Middlesex, NJ (CT)",0,2136,2136,0,5101,5101
34023002604,"Middlesex, NJ (CT)",0,2291,2291,0,6579,6579
34023002605,"Middlesex, NJ (CT)",0,1088,1088,0,2819,2819
34023002701,"Middlesex, NJ (CT)",0,1954,1954,0,5357,5357
34023002703,"Middlesex, NJ (CT)",0,2282,2282,0,5778,5778
34023002805,"Middlesex, NJ (CT)",0,987,987,0,2692,2692
34023002901,"Middlesex, NJ (CT)",0,1256,1256,0,3262,3262
34023002902,"Middlesex, NJ (CT)",0,1204,1204,0,2763,2763
34023003001,"Middlesex, NJ (CT)",0,1700,1700,0,4292,4292
34023003002,"Middlesex, NJ (CT)",0,2513,2513,0,6403,6403
34023003101,"Middlesex, NJ (CT)",0,976,976,0,2984,2984
34023003102,"Middlesex, NJ (CT)",0,1865,1865,0,4915,4915
34023003201,"Middlesex, NJ (CT)",0,1209,1209,0,3174,3174
34023003203,"Middlesex, NJ (CT)",0,1318,1318,0,3352,3352
34023003300,"Middlesex, NJ (CT)",0,2080,2080,0,5318,5318
34023003401,"Middlesex, NJ (CT)",0,1411,1411,0,3840,3840
34023003500,"Middlesex, NJ (CT)",0,1293,1293,0,3495,3495
34023003600,"Middlesex, NJ (CT)",0,2604,2604,0,7127,7127
34023003700,"Middlesex, NJ (CT)",0,1267,1267,0,3715,3715
34023003800,"Middlesex, NJ (CT)",0,2542,2542,0,7450,7450
34023004000,"Middlesex, NJ (CT)",0,1698,1698,0,3972,3972
34023004100,"Middlesex, NJ (CT)",0,886,886,0,2543,2543
34023004200,"Middlesex, NJ (CT)",0,1056,1056,0,3356,3356
34023004300,"Middlesex, NJ (CT)",0,1161,1161,0,3732,3732
34023004400,"Middlesex, NJ (CT)",0,1329,1329,0,4414,4414
34023004500,"Middlesex, NJ (CT)",0,2163,2163,0,6951,6951
34023004600,"Middlesex, NJ (CT)",0,1835,1835,0,5948,5948
34023004700,"Middlesex, NJ (CT)",0,1200,1200,0,3482,3482
34023004800,"Middlesex, NJ (CT)",0,1791,1791,0,6028,6028
34023004900,"Middlesex, NJ (CT)",0,1900,1900,0,5109,5109
34023005000,"Middlesex, NJ (CT)",0,1537,1537,0,5279,5279
34023005100,"Middlesex, NJ (CT)",0,1396,1396,0,6922,6922
34023005200,"Middlesex, NJ (CT)",0,1888,1888,0,5812,5812
34023005300,"Middlesex, NJ (CT)",0,764,764,0,3910,3910
34023005500,"Middlesex, NJ (CT)",0,1148,1148,0,3551,3551
34023005601,"Middlesex, NJ (CT)",0,870,870,0,2980,2980
34023005602,"Middlesex, NJ (CT)",0,1674,1674,0,7686,7686
34023005700,"Middlesex, NJ (CT)",0,1608,1608,0,5072,5072
34023005800,"Middlesex, NJ (CT)",0,1472,1472,0,6062,6062
34023006001,"Middlesex, NJ (CT)",0,837,837,0,2138,2138
34023006002,"Middlesex, NJ (CT)",0,1177,1177,0,5496,5496
34023006101,"Middlesex, NJ (CT)",0,1562,1562,0,4560,4560
34023006103,"Middlesex, NJ (CT)",0,1965,1965,0,5037,5037
34023006104,"Middlesex, NJ (CT)",0,1535,1535,0,4283,4283
34023006203,"Middlesex, NJ (CT)",0,3323,3323,0,10203,10203
34023006204,"Middlesex, NJ (CT)",0,745,745,0,1728,1728
34023006205,"Middlesex, NJ (CT)",0,2789,2789,0,6502,6502
34023006206,"Middlesex, NJ (CT)",0,638,638,0,1841,1841
34023006207,"Middlesex, NJ (CT)",0,2488,2488,0,6588,6588
34023006300,"Middlesex, NJ (CT)",0,2698,2698,0,6893,6893
34023006403,"Middlesex, NJ (CT)",0,871,871,0,2554,2554
34023006500,"Middlesex, NJ (CT)",0,2407,2407,0,7043,7043
34023006601,"Middlesex, NJ (CT)",152,667,819,412,1890,2302
34023006604,"Middlesex, NJ (CT)",0,2791,2791,0,6692,6692
34023006605,"Middlesex, NJ (CT)",0,1505,1505,0,4008,4008
34023006606,"Middlesex, NJ (CT)",0,967,967,0,3001,3001
34023006607,"Middlesex, NJ (CT)",0,948,948,0,2918,2918
34023006608,"Middlesex, NJ (CT)",0,1550,1550,0,3737,3737
34023006701,"Middlesex, NJ (CT)",0,1317,1317,0,4110,4110
34023006703,"Middlesex, NJ (CT)",0,1952,1952,0,5916,5916
34023006800,"Middlesex, NJ (CT)",0,1755,1755,0,4725,4725
34023006900,"Middlesex, NJ (CT)",0,1318,1318,0,3592,3592
34023007000,"Middlesex, NJ (CT)",0,2884,2884,0,7691,7691
34023007101,"Middlesex, NJ (CT)",0,1416,1416,0,3740,3740
34023007102,"Middlesex, NJ (CT)",0,1623,1623,0,4417,4417
34023007103,"Middlesex, NJ (CT)",0,1871,1871,0,4559,4559
34023007202,"Middlesex, NJ (CT)",0,1637,1637,0,4693,4693
34023007203,"Middlesex, NJ (CT)",0,1850,1850,0,4823,4823
34023007301,"Middlesex, NJ (CT)",0,1085,1085,0,3253,3253
34023007303,"Middlesex, NJ (CT)",0,640,640,0,1939,1939
34023007304,"Middlesex, NJ (CT)",0,2627,2627,0,6120,6120
34023007402,"Middlesex, NJ (CT)",0,1892,1892,0,4827,4827
34023007500,"Middlesex, NJ (CT)",0,1291,1291,0,3217,3217
34023007600,"Middlesex, NJ (CT)",0,2285,2285,0,5414,5414
34023007702,"Middlesex, NJ (CT)",212,1830,2042,539,4872,5411
34023007703,"Middlesex, NJ (CT)",0,1030,1030,0,3156,3156
34023007704,"Middlesex, NJ (CT)",0,955,955,0,2748,2748
34023007801,"Middlesex, NJ (CT)",148,1368,1516,372,2630,3002
34023007804,"Middlesex, NJ (CT)",0,1843,1843,0,5400,5400
34023007805,"Middlesex, NJ (CT)",0,1460,1460,0,4655,4655
34023007806,"Middlesex, NJ (CT)",0,1473,1473,0,3949,3949
34023007905,"Middlesex, NJ (CT)",0,801,801,0,2368,2368
34023007906,"Middlesex, NJ (CT)",0,561,561,0,1627,1627
34023007907,"Middlesex, NJ (CT)",0,1345,1345,0,3059,3059
34023007908,"Middlesex, NJ (CT)",0,1933,1933,0,4776,4776
34023007909,"Middlesex, NJ (CT)",0,1382,1382,0,4046,4046
34023007910,"Middlesex, NJ (CT)",0,1503,1503,0,3228,3228
34023007911,"Middlesex, NJ (CT)",0,1075,1075,0,3588,3588
34023007912,"Middlesex, NJ (CT)",0,3073,3073,0,7838,7838
34023008001,"Middlesex, NJ (CT)",0,2650,2650,0,6536,6536
34023008101,"Middlesex, NJ (CT)",0,1933,1933,0,4497,4497
34023008102,"Middlesex, NJ (CT)",0,1309,1309,0,3760,3760
34023008103,"Middlesex, NJ (CT)",0,920,920,0,2178,2178
34023008202,"Middlesex, NJ (CT)",681,3189,3870,1779,8747,10526
34023008204,"Middlesex, NJ (CT)",0,2601,2601,0,3802,3802
34023008205,"Middlesex, NJ (CT)",0,2261,2261,0,3092,3092
34023008206,"Middlesex, NJ (CT)",0,2744,2744,0,3441,3441
34023008207,"Middlesex, NJ (CT)",0,1564,1564,0,2476,2476
34023008208,"Middlesex, NJ (CT)",47,3641,3688,172,11863,12035
34023008209,"Middlesex, NJ (CT)",0,1270,1270,0,3748,3748
34023008300,"Middlesex, NJ (CT)",0,2267,2267,0,5915,5915
34023008403,"Middlesex, NJ (CT)",0,2560,2560,0,7142,7142
34023008404,"Middlesex, NJ (CT)",0,1538,1538,0,3876,3876
34023008405,"Middlesex, NJ (CT)",0,1551,1551,0,5116,5116
34023008406,"Middlesex, NJ (CT)",0,733,733,0,2067,2067
34023008501,"Middlesex, NJ (CT)",0,2280,2280,0,5281,5281
34023008502,"Middlesex, NJ (CT)",409,1321,1730,1132,4294,5426
34023008503,"Middlesex, NJ (CT)",0,2780,2780,0,8375,8375
34023008504,"Middlesex, NJ (CT)",0,2536,2536,0,6134,6134
34023008601,"Middlesex, NJ (CT)",0,2048,2048,0,4871,4871
34023008602,"Middlesex, NJ (CT)",30,2084,2114,101,5140,5241
34023008604,"Middlesex, NJ (CT)",33,2524,2557,103,5855,5958
34023008605,"Middlesex, NJ (CT)",0,1139,1139,0,2506,2506
34023008606,"Middlesex, NJ (CT)",0,2231,2231,0,4423,4423
34023008700,"Middlesex, NJ (CT)",285,1086,1371,851,3006,3857
34023008800,"Middlesex, NJ (CT)",0,892,892,0,8734,8734
34023008900,"Middlesex, NJ (CT)",0,1629,1629,0,3683,3683
34023009000,"Middlesex, NJ (CT)",0,1143,1143,0,5876,5876
34023009100,"Middlesex, NJ (CT)",0,1366,1366,0,3652,3652
34023009200,"Middlesex, NJ (CT)",0,1752,1752,0,4333,4333
34023009300,"Middlesex, NJ (CT)",0,2219,2219,0,5552,5552
34023009400,"Middlesex, NJ (CT)",0,2240,2240,0,5231,5231
34025800100,"Monmouth, NJ (CT)",0,3146,3146,0,5005,5005
34025800200,"Monmouth, NJ (CT)",0,2002,2002,0,4385,4385
34025800400,"Monmouth, NJ (CT)",0,1393,1393,0,3787,3787
34025800500,"Monmouth, NJ (CT)",0,1623,1623,0,4477,4477
34025800601,"Monmouth, NJ (CT)",0,2035,2035,0,5472,5472
34025800602,"Monmouth, NJ (CT)",0,1223,1223,0,3540,3540
34025800701,"Monmouth, NJ (CT)",0,1648,1648,0,4949,4949
34025800702,"Monmouth, NJ (CT)",0,1238,1238,0,3354,3354
34025800800,"Monmouth, NJ (CT)",0,2430,2430,0,6460,6460
34025800900,"Monmouth, NJ (CT)",0,2486,2486,0,5996,5996
34025801000,"Monmouth, NJ (CT)",0,1710,1710,0,4172,4172
34025801100,"Monmouth, NJ (CT)",0,1611,1611,0,4538,4538
34025801200,"Monmouth, NJ (CT)",0,1205,1205,0,3632,3632
34025801300,"Monmouth, NJ (CT)",0,2753,2753,0,5988,5988
34025801400,"Monmouth, NJ (CT)",0,1403,1403,0,3964,3964
34025801500,"Monmouth, NJ (CT)",23,2136,2159,107,6028,6135
34025801600,"Monmouth, NJ (CT)",0,2343,2343,0,5522,5522
34025801700,"Monmouth, NJ (CT)",0,1975,1975,0,4583,4583
34025801800,"Monmouth, NJ (CT)",0,2269,2269,0,6245,6245
34025801900,"Monmouth, NJ (CT)",0,1476,1476,0,3508,3508
34025802000,"Monmouth, NJ (CT)",0,1796,1796,0,3732,3732
34025802100,"Monmouth, NJ (CT)",0,2288,2288,0,6228,6228
34025802200,"Monmouth, NJ (CT)",0,1503,1503,0,3764,3764
34025802300,"Monmouth, NJ (CT)",0,1649,1649,0,4572,4572
34025802400,"Monmouth, NJ (CT)",0,1977,1977,0,5770,5770
34025802500,"Monmouth, NJ (CT)",0,1165,1165,0,3194,3194
34025802600,"Monmouth, NJ (CT)",0,1858,1858,0,4591,4591
34025802700,"Monmouth, NJ (CT)",0,1537,1537,0,4063,4063
34025802800,"Monmouth, NJ (CT)",0,1790,1790,0,4339,4339
34025802900,"Monmouth, NJ (CT)",0,752,752,0,2023,2023
34025803000,"Monmouth, NJ (CT)",0,2140,2140,0,5175,5175
34025803100,"Monmouth, NJ (CT)",0,1466,1466,0,3635,3635
34025803201,"Monmouth, NJ (CT)",0,1612,1612,0,3971,3971
34025803202,"Monmouth, NJ (CT)",0,2111,2111,0,6202,6202
34025803300,"Monmouth, NJ (CT)",23,2046,2069,85,6515,6600
34025803400,"Monmouth, NJ (CT)",0,1590,1590,0,5246,5246
34025803500,"Monmouth, NJ (CT)",0,1257,1257,0,2453,2453
34025803600,"Monmouth, NJ (CT)",0,2534,2534,0,4507,4507
34025803700,"Monmouth, NJ (CT)",0,2065,2065,0,6121,6121
34025803800,"Monmouth, NJ (CT)",0,1166,1166,0,3412,3412
34025803900,"Monmouth, NJ (CT)",0,1419,1419,0,3710,3710
34025804100,"Monmouth, NJ (CT)",0,1981,1981,0,3279,3279
34025804200,"Monmouth, NJ (CT)",0,2278,2278,0,5950,5950
34025804500,"Monmouth, NJ (CT)",0,2229,2229,0,5278,5278
34025804600,"Monmouth, NJ (CT)",0,988,988,0,2881,2881
34025804700,"Monmouth, NJ (CT)",0,95,95,0,16,16
34025804800,"Monmouth, NJ (CT)",79,5461,5540,280,9447,9727
34025805001,"Monmouth, NJ (CT)",0,2578,2578,0,5004,5004
34025805100,"Monmouth, NJ (CT)",0,1505,1505,0,4108,4108
34025805300,"Monmouth, NJ (CT)",0,2157,2157,0,5335,5335
34025805400,"Monmouth, NJ (CT)",0,2330,2330,0,4115,4115
34025805500,"Monmouth, NJ (CT)",0,1487,1487,0,4165,4165
34025805600,"Monmouth, NJ (CT)",0,765,765,0,2310,2310
34025805700,"Monmouth, NJ (CT)",0,1113,1113,0,3331,3331
34025805800,"Monmouth, NJ (CT)",0,1804,1804,0,3581,3581
34025805900,"Monmouth, NJ (CT)",0,2032,2032,0,5497,5497
34025806000,"Monmouth, NJ (CT)",0,2866,2866,0,4170,4170
34025806100,"Monmouth, NJ (CT)",0,1773,1773,0,3550,3550
34025806201,"Monmouth, NJ (CT)",0,901,901,0,4011,4011
34025806202,"Monmouth, NJ (CT)",0,1627,1627,0,4086,4086
34025806300,"Monmouth, NJ (CT)",0,1283,1283,0,2502,2502
34025806400,"Monmouth, NJ (CT)",0,1843,1843,0,5041,5041
34025806501,"Monmouth, NJ (CT)",0,1840,1840,0,4120,4120
34025806502,"Monmouth, NJ (CT)",0,1806,1806,0,3518,3518
34025806503,"Monmouth, NJ (CT)",0,1448,1448,0,3885,3885
34025806504,"Monmouth, NJ (CT)",0,1204,1204,0,2664,2664
34025806600,"Monmouth, NJ (CT)",0,2117,2117,0,5561,5561
34025807003,"Monmouth, NJ (CT)",0,2547,2547,0,4998,4998
34025807004,"Monmouth, NJ (CT)",0,2177,2177,0,3091,3091
34025807100,"Monmouth, NJ (CT)",0,1297,1297,0,2736,2736
34025807200,"Monmouth, NJ (CT)",0,942,942,0,2316,2316
34025807300,"Monmouth, NJ (CT)",0,1113,1113,0,2975,2975
34025807400,"Monmouth, NJ (CT)",0,3132,3132,0,3342,3342
34025807500,"Monmouth, NJ (CT)",0,1126,1126,0,2980,2980
34025807600,"Monmouth, NJ (CT)",0,1245,1245,0,3225,3225
34025807700,"Monmouth, NJ (CT)",0,1655,1655,0,4013,4013
34025807800,"Monmouth, NJ (CT)",0,1585,1585,0,4432,4432
34025807900,"Monmouth, NJ (CT)",0,1491,1491,0,3609,3609
34025808001,"Monmouth, NJ (CT)",0,1873,1873,0,4157,4157
34025808002,"Monmouth, NJ (CT)",0,884,884,0,2177,2177
34025808100,"Monmouth, NJ (CT)",0,2312,2312,0,4869,4869
34025808200,"Monmouth, NJ (CT)",0,3180,3180,0,4298,4298
34025808300,"Monmouth, NJ (CT)",0,1321,1321,0,1901,1901
34025808401,"Monmouth, NJ (CT)",0,1590,1590,0,2181,2181
34025808402,"Monmouth, NJ (CT)",0,2338,2338,0,3605,3605
34025808500,"Monmouth, NJ (CT)",0,2941,2941,0,6516,6516
34025808600,"Monmouth, NJ (CT)",112,2028,2140,316,5897,6213
34025808701,"Monmouth, NJ (CT)",0,2102,2102,0,4908,4908
34025808702,"Monmouth, NJ (CT)",64,1573,1637,165,3812,3977
34025808800,"Monmouth, NJ (CT)",0,2063,2063,0,4550,4550
34025808900,"Monmouth, NJ (CT)",0,2972,2972,0,4713,4713
34025809000,"Monmouth, NJ (CT)",0,1118,1118,0,1767,1767
34025809100,"Monmouth, NJ (CT)",0,2048,2048,0,2993,2993
34025809200,"Monmouth, NJ (CT)",0,1291,1291,0,1828,1828
34025809301,"Monmouth, NJ (CT)",0,1299,1299,0,3226,3226
34025809302,"Monmouth, NJ (CT)",0,2201,2201,0,2671,2671
34025809400,"Monmouth, NJ (CT)",0,2034,2034,0,4774,4774
34025809501,"Monmouth, NJ (CT)",0,2605,2605,0,8677,8677
34025809502,"Monmouth, NJ (CT)",0,2851,2851,0,8345,8345
34025809600,"Monmouth, NJ (CT)",0,2489,2489,0,6948,6948
34025809701,"Monmouth, NJ (CT)",0,1729,1729,0,5578,5578
34025809703,"Monmouth, NJ (CT)",0,1846,1846,0,4501,4501
34025809704,"Monmouth, NJ (CT)",0,1916,1916,0,6142,6142
34025809901,"Monmouth, NJ (CT)",72,1673,1745,230,4997,5227
34025809902,"Monmouth, NJ (CT)",743,861,1604,2097,2593,4690
34025809903,"Monmouth, NJ (CT)",386,0,386,225,0,225
34025810001,"Monmouth, NJ (CT)",0,1713,1713,0,5629,5629
34025810002,"Monmouth, NJ (CT)",0,2232,2232,0,3634,3634
34025810003,"Monmouth, NJ (CT)",0,1645,1645,0,5404,5404
34025810004,"Monmouth, NJ (CT)",0,1235,1235,0,4050,4050
34025810101,"Monmouth, NJ (CT)",0,1310,1310,0,4163,4163
34025810102,"Monmouth, NJ (CT)",0,1499,1499,0,4322,4322
34025810200,"Monmouth, NJ (CT)",463,3638,4101,1366,10304,11670
34025810300,"Monmouth, NJ (CT)",0,647,647,0,1847,1847
34025810401,"Monmouth, NJ (CT)",0,1199,1199,0,4799,4799
34025810402,"Monmouth, NJ (CT)",0,2610,2610,0,7823,7823
34025810501,"Monmouth, NJ (CT)",0,1673,1673,0,4497,4497
34025810502,"Monmouth, NJ (CT)",11,2653,2664,22,7996,8018
34025810503,"Monmouth, NJ (CT)",0,2237,2237,0,4096,4096
34025810600,"Monmouth, NJ (CT)",698,2059,2757,1869,5082,6951
34025810700,"Monmouth, NJ (CT)",0,696,696,0,2043,2043
34025810800,"Monmouth, NJ (CT)",0,1259,1259,0,3606,3606
34025810900,"Monmouth, NJ (CT)",0,1019,1019,0,2879,2879
34025811000,"Monmouth, NJ (CT)",0,1275,1275,0,3524,3524
34025811101,"Monmouth, NJ (CT)",0,2639,2639,0,5696,5696
34025811102,"Monmouth, NJ (CT)",497,1640,2137,1278,4937,6215
34025811200,"Monmouth, NJ (CT)",414,1527,1941,1048,4465,5513
34025811301,"Monmouth, NJ (CT)",175,2207,2382,413,5745,6158
34025811303,"Monmouth, NJ (CT)",0,1415,1415,0,4400,4400
34025811304,"Monmouth, NJ (CT)",0,1151,1151,0,3396,3396
34025811401,"Monmouth, NJ (CT)",0,1764,1764,0,5864,5864
34025811402,"Monmouth, NJ (CT)",0,1289,1289,0,3807,3807
34025811501,"Monmouth, NJ (CT)",0,2011,2011,0,6406,6406
34025811502,"Monmouth, NJ (CT)",354,896,1250,1007,2613,3620
34025811600,"Monmouth, NJ (CT)",0,578,578,0,1329,1329
34025811900,"Monmouth, NJ (CT)",1852,606,2458,5333,1569,6902
34025812000,"Monmouth, NJ (CT)",0,735,735,0,1828,1828
34025812100,"Monmouth, NJ (CT)",0,1253,1253,0,1470,1470
34025812200,"Monmouth, NJ (CT)",0,1787,1787,0,4084,4084
34025812300,"Monmouth, NJ (CT)",0,1958,1958,0,4950,4950
34025812400,"Monmouth, NJ (CT)",0,1843,1843,0,2260,2260
34025812501,"Monmouth, NJ (CT)",1239,848,2087,3734,2619,6353
34025812502,"Monmouth, NJ (CT)",1335,339,1674,3935,1160,5095
34025990000,"Monmouth, NJ (CT)",0,0,0,0,0,0
34027040101,"Morris, NJ (CT)",0,1512,1512,0,4010,4010
34027040102,"Morris, NJ (CT)",0,2633,2633,0,6511,6511
34027040200,"Morris, NJ (CT)",0,2629,2629,0,7087,7087
34027040300,"Morris, NJ (CT)",9,4156,4165,25,8428,8453
34027040400,"Morris, NJ (CT)",0,1657,1657,0,3559,3559
34027040500,"Morris, NJ (CT)",0,1477,1477,0,3620,3620
34027040600,"Morris, NJ (CT)",0,1692,1692,0,3919,3919
34027040701,"Morris, NJ (CT)",515,1530,2045,1494,4510,6004
34027040702,"Morris, NJ (CT)",610,945,1555,1832,2412,4244
34027040801,"Morris, NJ (CT)",344,1369,1713,970,3978,4948
34027040803,"Morris, NJ (CT)",18,2472,2490,55,6851,6906
34027040804,"Morris, NJ (CT)",0,1496,1496,0,3581,3581
34027040805,"Morris, NJ (CT)",0,2124,2124,0,6093,6093
34027040900,"Morris, NJ (CT)",530,1117,1647,1465,2798,4263
34027041000,"Morris, NJ (CT)",0,1973,1973,0,4869,4869
34027041100,"Morris, NJ (CT)",0,1425,1425,0,3478,3478
34027041200,"Morris, NJ (CT)",0,1363,1363,0,4160,4160
34027041300,"Morris, NJ (CT)",0,2176,2176,0,4840,4840
34027041400,"Morris, NJ (CT)",0,2256,2256,0,5654,5654
34027041500,"Morris, NJ (CT)",0,2302,2302,0,6141,6141
34027041601,"Morris, NJ (CT)",0,3111,3111,0,7358,7358
34027041602,"Morris, NJ (CT)",0,1160,1160,0,2930,2930
34027041603,"Morris, NJ (CT)",0,1867,1867,0,4486,4486
34027041604,"Morris, NJ (CT)",0,1620,1620,0,4729,4729
34027041701,"Morris, NJ (CT)",0,2465,2465,0,5665,5665
34027041702,"Morris, NJ (CT)",0,1239,1239,0,3503,3503
34027041704,"Morris, NJ (CT)",0,1917,1917,0,4730,4730
34027041705,"Morris, NJ (CT)",0,677,677,0,1604,1604
34027041706,"Morris, NJ (CT)",0,2715,2715,0,5262,5262
34027041801,"Morris, NJ (CT)",0,1177,1177,0,2707,2707
34027041802,"Morris, NJ (CT)",0,1773,1773,0,5121,5121
34027041803,"Morris, NJ (CT)",0,1553,1553,0,5143,5143
34027041901,"Morris, NJ (CT)",0,2048,2048,0,5943,5943
34027041902,"Morris, NJ (CT)",0,1928,1928,0,5214,5214
34027042000,"Morris, NJ (CT)",0,1798,1798,0,4474,4474
34027042100,"Morris, NJ (CT)",0,1679,1679,0,4121,4121
34027042200,"Morris, NJ (CT)",0,2049,2049,0,5117,5117
34027042301,"Morris, NJ (CT)",0,972,972,0,2538,2538
34027042302,"Morris, NJ (CT)",0,1225,1225,0,2994,2994
34027042500,"Morris, NJ (CT)",0,1178,1178,0,3313,3313
34027042600,"Morris, NJ (CT)",0,3023,3023,0,8383,8383
34027042700,"Morris, NJ (CT)",0,1586,1586,0,4156,4156
34027042800,"Morris, NJ (CT)",0,1624,1624,0,4806,4806
34027042900,"Morris, NJ (CT)",0,1665,1665,0,3700,3700
34027043000,"Morris, NJ (CT)",0,1749,1749,0,4250,4250
34027043100,"Morris, NJ (CT)",0,1262,1262,0,3599,3599
34027043200,"Morris, NJ (CT)",0,1099,1099,0,4296,4296
34027043301,"Morris, NJ (CT)",0,1038,1038,0,3091,3091
34027043302,"Morris, NJ (CT)",0,1313,1313,0,2935,2935
34027043303,"Morris, NJ (CT)",0,1463,1463,0,3511,3511
34027043401,"Morris, NJ (CT)",0,2739,2739,0,7126,7126
34027043402,"Morris, NJ (CT)",319,1630,1949,919,4724,5643
34027043500,"Morris, NJ (CT)",0,1209,1209,0,3672,3672
34027043600,"Morris, NJ (CT)",0,2824,2824,0,5262,5262
34027043700,"Morris, NJ (CT)",0,1448,1448,0,3054,3054
34027043800,"Morris, NJ (CT)",0,2691,2691,0,6423,6423
34027043900,"Morris, NJ (CT)",0,2013,2013,0,4754,4754
34027044000,"Morris, NJ (CT)",170,1945,2115,634,5064,5698
34027044101,"Morris, NJ (CT)",0,1102,1102,0,3096,3096
34027044102,"Morris, NJ (CT)",118,2006,2124,336,5270,5606
34027044200,"Morris, NJ (CT)",1217,393,1610,3003,835,3838
34027044300,"Morris, NJ (CT)",0,2521,2521,0,6438,6438
34027044401,"Morris, NJ (CT)",959,1091,2050,2371,2577,4948
34027044403,"Morris, NJ (CT)",0,1693,1693,0,4779,4779
34027044404,"Morris, NJ (CT)",0,1459,1459,0,4057,4057
34027044501,"Morris, NJ (CT)",0,2875,2875,0,6102,6102
34027044502,"Morris, NJ (CT)",0,1510,1510,0,4270,4270
34027044601,"Morris, NJ (CT)",251,1581,1832,703,4191,4894
34027044602,"Morris, NJ (CT)",163,2014,2177,490,5244,5734
34027044701,"Morris, NJ (CT)",0,2236,2236,0,4682,4682
34027044702,"Morris, NJ (CT)",271,2081,2352,455,5549,6004
34027044800,"Morris, NJ (CT)",0,2180,2180,0,7239,7239
34027044900,"Morris, NJ (CT)",0,1823,1823,0,5739,5739
34027045000,"Morris, NJ (CT)",0,1780,1780,0,5179,5179
34027045100,"Morris, NJ (CT)",0,2426,2426,0,6522,6522
34027045200,"Morris, NJ (CT)",0,1380,1380,0,3651,3651
34027045300,"Morris, NJ (CT)",179,1606,1785,507,4034,4541
34027045401,"Morris, NJ (CT)",0,2545,2545,0,5050,5050
34027045402,"Morris, NJ (CT)",0,2030,2030,0,5266,5266
34027045501,"Morris, NJ (CT)",0,1765,1765,0,5227,5227
34027045502,"Morris, NJ (CT)",86,2917,3003,249,8047,8296
34027045602,"Morris, NJ (CT)",0,566,566,0,1520,1520
34027045603,"Morris, NJ (CT)",0,2235,2235,0,4859,4859
34027045701,"Morris, NJ (CT)",109,1905,2014,367,5636,6003
34027045703,"Morris, NJ (CT)",0,1269,1269,0,3787,3787
34027045704,"Morris, NJ (CT)",0,1845,1845,0,5511,5511
34027045804,"Morris, NJ (CT)",892,1170,2062,2518,3351,5869
34027045901,"Morris, NJ (CT)",0,647,647,0,1649,1649
34027045902,"Morris, NJ (CT)",1556,1141,2697,4586,3252,7838
34027046000,"Morris, NJ (CT)",0,1449,1449,0,3232,3232
34027046103,"Morris, NJ (CT)",0,2720,2720,0,6251,6251
34027046104,"Morris, NJ (CT)",180,2245,2425,466,6141,6607
34027046105,"Morris, NJ (CT)",0,3494,3494,0,7637,7637
34027046106,"Morris, NJ (CT)",703,1901,2604,2117,5499,7616
34027046201,"Morris, NJ (CT)",0,2215,2215,0,6129,6129
34027046202,"Morris, NJ (CT)",469,793,1262,1390,2397,3787
34027046297,"Morris, NJ (CT)",776,460,1236,2239,1410,3649
34027046298,"Morris, NJ (CT)",1268,507,1775,3518,1450,4968
34027046300,"Morris, NJ (CT)",0,1980,1980,0,5574,5574
34027046400,"Morris, NJ (CT)",210,1588,1798,615,4366,4981
34029710100,"Ocean, NJ (CT)",0,3373,3373,0,4665,4665
34029711100,"Ocean, NJ (CT)",0,2158,2158,0,4551,4551
34029711200,"Ocean, NJ (CT)",0,1759,1759,0,4199,4199
34029711300,"Ocean, NJ (CT)",0,1702,1702,0,4136,4136
34029711400,"Ocean, NJ (CT)",0,2712,2712,0,5506,5506
34029712000,"Ocean, NJ (CT)",0,1558,1558,0,1264,1264
34029713000,"Ocean, NJ (CT)",0,1889,1889,0,4333,4333
34029713100,"Ocean, NJ (CT)",0,2582,2582,0,6817,6817
34029713201,"Ocean, NJ (CT)",0,1039,1039,0,2512,2512
34029713202,"Ocean, NJ (CT)",0,1457,1457,0,3904,3904
34029713203,"Ocean, NJ (CT)",0,2261,2261,0,4930,4930
34029713300,"Ocean, NJ (CT)",0,2320,2320,0,4250,4250
34029713401,"Ocean, NJ (CT)",0,1987,1987,0,5197,5197
34029713402,"Ocean, NJ (CT)",0,1693,1693,0,3642,3642
34029713500,"Ocean, NJ (CT)",0,1433,1433,0,3116,3116
34029713600,"Ocean, NJ (CT)",0,1328,1328,0,3762,3762
34029713700,"Ocean, NJ (CT)",0,1300,1300,0,2590,2590
34029713800,"Ocean, NJ (CT)",0,1583,1583,0,3549,3549
34029713900,"Ocean, NJ (CT)",0,2615,2615,0,6421,6421
34029714000,"Ocean, NJ (CT)",0,2404,2404,0,6228,6228
34029714100,"Ocean, NJ (CT)",0,1683,1683,0,3221,3221
34029714200,"Ocean, NJ (CT)",0,2910,2910,0,6409,6409
34029714300,"Ocean, NJ (CT)",0,1758,1758,0,3445,3445
34029714400,"Ocean, NJ (CT)",0,1435,1435,0,746,746
34029715000,"Ocean, NJ (CT)",0,2555,2555,0,8890,8890
34029715200,"Ocean, NJ (CT)",0,2413,2413,0,12765,12765
34029715301,"Ocean, NJ (CT)",0,1966,1966,0,9272,9272
34029715302,"Ocean, NJ (CT)",0,1282,1282,0,5830,5830
34029715401,"Ocean, NJ (CT)",0,1199,1199,0,6474,6474
34029715402,"Ocean, NJ (CT)",0,1371,1371,0,6285,6285
34029715500,"Ocean, NJ (CT)",0,2485,2485,0,11736,11736
34029715600,"Ocean, NJ (CT)",0,1319,1319,0,6338,6338
34029715700,"Ocean, NJ (CT)",102,2812,2914,180,8677,8857
34029715800,"Ocean, NJ (CT)",0,1397,1397,0,5547,5547
34029715901,"Ocean, NJ (CT)",0,1299,1299,0,2232,2232
34029715902,"Ocean, NJ (CT)",0,3080,3080,0,4400,4400
34029716000,"Ocean, NJ (CT)",0,3057,3057,0,4217,4217
34029717001,"Ocean, NJ (CT)",0,899,899,0,2882,2882
34029717002,"Ocean, NJ (CT)",0,1767,1767,0,4614,4614
34029717101,"Ocean, NJ (CT)",118,2505,2623,372,8406,8778
34029717102,"Ocean, NJ (CT)",100,1777,1877,213,4122,4335
34029717200,"Ocean, NJ (CT)",435,2690,3125,1153,7242,8395
34029717300,"Ocean, NJ (CT)",225,1629,1854,573,5275,5848
34029717400,"Ocean, NJ (CT)",772,1380,2152,2173,3409,5582
34029717501,"Ocean, NJ (CT)",0,3058,3058,0,7510,7510
34029717502,"Ocean, NJ (CT)",423,2550,2973,1290,5572,6862
34029718000,"Ocean, NJ (CT)",1049,2018,3067,2987,5434,8421
34029720001,"Ocean, NJ (CT)",125,2240,2365,265,4157,4422
34029720101,"Ocean, NJ (CT)",199,3644,3843,453,5393,5846
34029720102,"Ocean, NJ (CT)",0,2866,2866,0,3389,3389
34029720103,"Ocean, NJ (CT)",29,3544,3573,199,4613,4812
34029720202,"Ocean, NJ (CT)",0,2576,2576,0,3686,3686
34029720203,"Ocean, NJ (CT)",0,2009,2009,0,4251,4251
34029720204,"Ocean, NJ (CT)",0,2054,2054,0,5819,5819
34029720205,"Ocean, NJ (CT)",0,1828,1828,0,2925,2925
34029720206,"Ocean, NJ (CT)",0,3515,3515,0,6407,6407
34029721000,"Ocean, NJ (CT)",0,943,943,0,2654,2654
34029722001,"Ocean, NJ (CT)",0,2440,2440,0,5022,5022
34029722002,"Ocean, NJ (CT)",0,3376,3376,0,8206,8206
34029722100,"Ocean, NJ (CT)",0,2744,2744,0,6666,6666
34029722200,"Ocean, NJ (CT)",0,1706,1706,0,2474,2474
34029722300,"Ocean, NJ (CT)",0,1289,1289,0,4032,4032
34029722401,"Ocean, NJ (CT)",0,2260,2260,0,5515,5515
34029722402,"Ocean, NJ (CT)",0,1904,1904,0,3955,3955
34029722500,"Ocean, NJ (CT)",0,4127,4127,0,1261,1261
34029722600,"Ocean, NJ (CT)",0,1283,1283,0,3063,3063
34029722701,"Ocean, NJ (CT)",0,1656,1656,0,4685,4685
34029722702,"Ocean, NJ (CT)",0,1522,1522,0,4474,4474
34029722800,"Ocean, NJ (CT)",0,1859,1859,0,4812,4812
34029722900,"Ocean, NJ (CT)",0,1997,1997,0,5061,5061
34029723000,"Ocean, NJ (CT)",0,1966,1966,0,5408,5408
34029723100,"Ocean, NJ (CT)",0,1665,1665,0,4212,4212
34029723200,"Ocean, NJ (CT)",0,2097,2097,0,6352,6352
34029723300,"Ocean, NJ (CT)",0,2477,2477,0,6681,6681
34029723400,"Ocean, NJ (CT)",0,1878,1878,0,3238,3238
34029723500,"Ocean, NJ (CT)",0,1383,1383,0,2560,2560
34029723600,"Ocean, NJ (CT)",0,1103,1103,0,2375,2375
34029724000,"Ocean, NJ (CT)",0,1160,1160,0,3684,3684
34029725001,"Ocean, NJ (CT)",0,1023,1023,0,2883,2883
34029725002,"Ocean, NJ (CT)",0,1964,1964,0,5885,5885
34029725100,"Ocean, NJ (CT)",0,839,839,0,2277,2277
34029726000,"Ocean, NJ (CT)",0,831,831,0,1673,1673
34029727001,"Ocean, NJ (CT)",0,3151,3151,0,1853,1853
34029727002,"Ocean, NJ (CT)",0,2658,2658,0,1209,1209
34029728000,"Ocean, NJ (CT)",0,7215,7215,0,5072,5072
34029729000,"Ocean, NJ (CT)",0,1202,1202,0,2010,2010
34029730000,"Ocean, NJ (CT)",0,903,903,0,2127,2127
34029731001,"Ocean, NJ (CT)",0,1865,1865,0,3559,3559
34029731002,"Ocean, NJ (CT)",17,1738,1755,21,3770,3791
34029731101,"Ocean, NJ (CT)",0,1230,1230,0,3059,3059
34029731102,"Ocean, NJ (CT)",0,2372,2372,0,6199,6199
34029731103,"Ocean, NJ (CT)",8,1341,1349,23,4242,4265
34029731201,"Ocean, NJ (CT)",0,3104,3104,0,4337,4337
34029731202,"Ocean, NJ (CT)",0,3190,3190,0,4509,4509
34029731203,"Ocean, NJ (CT)",0,1311,1311,0,1905,1905
34029731204,"Ocean, NJ (CT)",66,2388,2454,111,3515,3626
34029731205,"Ocean, NJ (CT)",0,2038,2038,0,3013,3013
34029731206,"Ocean, NJ (CT)",0,1640,1640,0,2384,2384
34029732001,"Ocean, NJ (CT)",394,1537,1931,1118,4689,5807
34029732002,"Ocean, NJ (CT)",36,3333,3369,50,8500,8550
34029732101,"Ocean, NJ (CT)",294,2424,2718,650,5811,6461
34029732103,"Ocean, NJ (CT)",0,1353,1353,0,2656,2656
34029732104,"Ocean, NJ (CT)",0,2202,2202,0,4170,4170
34029733000,"Ocean, NJ (CT)",109,4181,4290,273,8057,8330
34029734001,"Ocean, NJ (CT)",384,3400,3784,557,6628,7185
34029734002,"Ocean, NJ (CT)",160,2537,2697,295,6006,6301
34029734003,"Ocean, NJ (CT)",76,2528,2604,175,7275,7450
34029735001,"Ocean, NJ (CT)",0,2659,2659,0,6712,6712
34029735002,"Ocean, NJ (CT)",74,3062,3136,201,8765,8966
34029735101,"Ocean, NJ (CT)",46,1224,1270,141,2486,2627
34029735103,"Ocean, NJ (CT)",114,4669,4783,257,4070,4327
34029735104,"Ocean, NJ (CT)",55,1701,1756,88,3815,3903
34029736001,"Ocean, NJ (CT)",306,976,1282,674,2187,2861
34029736002,"Ocean, NJ (CT)",388,372,760,760,843,1603
34029736101,"Ocean, NJ (CT)",293,2003,2296,806,4890,5696
34029736102,"Ocean, NJ (CT)",86,3379,3465,206,7510,7716
34029736105,"Ocean, NJ (CT)",0,3272,3272,0,3791,3791
34029737000,"Ocean, NJ (CT)",175,1727,1902,241,3106,3347
34029738001,"Ocean, NJ (CT)",0,6214,6214,0,2235,2235
34029738002,"Ocean, NJ (CT)",2,3812,3814,2,1369,1371
34029738100,"Ocean, NJ (CT)",313,4038,4351,70,1456,1526
34029739000,"Ocean, NJ (CT)",0,4632,4632,0,2361,2361
34029739100,"Ocean, NJ (CT)",88,1183,1271,128,1435,1563
34029980000,"Ocean, NJ (CT)",3,0,3,5,0,5
34029980100,"Ocean, NJ (CT)",9,0,9,1,0,1
34029990000,"Ocean, NJ (CT)",0,0,0,0,0,0
34031116500,"Passaic, NJ (CT)",259,2830,3089,631,7025,7656
34031124200,"Passaic, NJ (CT)",0,2815,2815,0,7591,7591
34031124311,"Passaic, NJ (CT)",0,1836,1836,0,4851,4851
34031124312,"Passaic, NJ (CT)",0,1705,1705,0,3917,3917
34031124321,"Passaic, NJ (CT)",0,2587,2587,0,5900,5900
34031124322,"Passaic, NJ (CT)",0,1847,1847,0,4344,4344
34031124323,"Passaic, NJ (CT)",0,1569,1569,0,2846,2846
34031124401,"Passaic, NJ (CT)",0,2589,2589,0,6828,6828
34031124402,"Passaic, NJ (CT)",0,2058,2058,0,5330,5330
34031124500,"Passaic, NJ (CT)",0,2618,2618,0,6789,6789
34031124601,"Passaic, NJ (CT)",0,1592,1592,0,4384,4384
34031124602,"Passaic, NJ (CT)",0,1938,1938,0,4985,4985
34031124700,"Passaic, NJ (CT)",0,2233,2233,0,6652,6652
34031124800,"Passaic, NJ (CT)",0,1576,1576,0,4478,4478
34031124900,"Passaic, NJ (CT)",0,1544,1544,0,5062,5062
34031125000,"Passaic, NJ (CT)",0,2121,2121,0,6405,6405
34031125100,"Passaic, NJ (CT)",0,1318,1318,0,3774,3774
34031133701,"Passaic, NJ (CT)",0,1804,1804,0,5341,5341
34031133702,"Passaic, NJ (CT)",0,1128,1128,0,2977,2977
34031143200,"Passaic, NJ (CT)",0,2702,2702,0,6738,6738
34031143300,"Passaic, NJ (CT)",0,2368,2368,0,5694,5694
34031143400,"Passaic, NJ (CT)",0,2686,2686,0,6359,6359
34031154001,"Passaic, NJ (CT)",0,1967,1967,0,7792,7792
34031154002,"Passaic, NJ (CT)",0,2958,2958,0,6640,6640
34031163500,"Passaic, NJ (CT)",0,3213,3213,0,8417,8417
34031175200,"Passaic, NJ (CT)",0,1516,1516,0,5419,5419
34031175301,"Passaic, NJ (CT)",0,903,903,0,3623,3623
34031175302,"Passaic, NJ (CT)",0,1244,1244,0,4597,4597
34031175401,"Passaic, NJ (CT)",0,1570,1570,0,5572,5572
34031175402,"Passaic, NJ (CT)",0,1365,1365,0,4908,4908
34031175500,"Passaic, NJ (CT)",0,2016,2016,0,7439,7439
34031175601,"Passaic, NJ (CT)",0,624,624,0,2551,2551
34031175602,"Passaic, NJ (CT)",0,2071,2071,0,6482,6482
34031175701,"Passaic, NJ (CT)",0,1672,1672,0,5251,5251
34031175703,"Passaic, NJ (CT)",0,1673,1673,0,4388,4388
34031175704,"Passaic, NJ (CT)",0,1334,1334,0,4167,4167
34031175801,"Passaic, NJ (CT)",0,1381,1381,0,4181,4181
34031175802,"Passaic, NJ (CT)",0,1897,1897,0,7410,7410
34031175900,"Passaic, NJ (CT)",0,1166,1166,0,3793,3793
34031180100,"Passaic, NJ (CT)",0,2328,2328,0,7540,7540
34031180201,"Passaic, NJ (CT)",0,1219,1219,0,3448,3448
34031180202,"Passaic, NJ (CT)",0,1940,1940,0,7241,7241
34031180300,"Passaic, NJ (CT)",0,2169,2169,0,6827,6827
34031180600,"Passaic, NJ (CT)",0,1415,1415,0,4319,4319
34031180700,"Passaic, NJ (CT)",0,925,925,0,2715,2715
34031180800,"Passaic, NJ (CT)",0,924,924,0,2505,2505
34031180900,"Passaic, NJ (CT)",0,1193,1193,0,3507,3507
34031181000,"Passaic, NJ (CT)",0,1633,1633,0,5239,5239
34031181100,"Passaic, NJ (CT)",0,2176,2176,0,6947,6947
34031181200,"Passaic, NJ (CT)",0,1441,1441,0,4177,4177
34031181300,"Passaic, NJ (CT)",0,1843,1843,0,5181,5181
34031181400,"Passaic, NJ (CT)",0,1307,1307,0,3270,3270
34031181500,"Passaic, NJ (CT)",0,1070,1070,0,2682,2682
34031181702,"Passaic, NJ (CT)",0,1029,1029,0,2927,2927
34031181800,"Passaic, NJ (CT)",0,997,997,0,3850,3850
34031181900,"Passaic, NJ (CT)",0,1741,1741,0,4854,4854
34031182000,"Passaic, NJ (CT)",0,487,487,0,1706,1706
34031182100,"Passaic, NJ (CT)",0,1267,1267,0,3557,3557
34031182200,"Passaic, NJ (CT)",0,1008,1008,0,3399,3399
34031182301,"Passaic, NJ (CT)",0,498,498,0,1649,1649
34031182302,"Passaic, NJ (CT)",0,1899,1899,0,6151,6151
34031182400,"Passaic, NJ (CT)",0,1609,1609,0,5660,5660
34031182500,"Passaic, NJ (CT)",0,2725,2725,0,7498,7498
34031182600,"Passaic, NJ (CT)",0,1736,1736,0,5422,5422
34031182700,"Passaic, NJ (CT)",0,1901,1901,0,6680,6680
34031182800,"Passaic, NJ (CT)",0,1424,1424,0,3691,3691
34031182900,"Passaic, NJ (CT)",0,669,669,0,2071,2071
34031183000,"Passaic, NJ (CT)",0,2287,2287,0,7452,7452
34031183101,"Passaic, NJ (CT)",0,954,954,0,3031,3031
34031183102,"Passaic, NJ (CT)",0,1428,1428,0,4455,4455
34031183200,"Passaic, NJ (CT)",0,1072,1072,0,2349,2349
34031196401,"Passaic, NJ (CT)",0,1401,1401,0,4165,4165
34031196402,"Passaic, NJ (CT)",0,2940,2940,0,6932,6932
34031203600,"Passaic, NJ (CT)",0,1931,1931,0,5865,5865
34031216701,"Passaic, NJ (CT)",299,2024,2323,1120,5458,6578
34031216702,"Passaic, NJ (CT)",581,1427,2008,1552,4098,5650
34031223801,"Passaic, NJ (CT)",0,1100,1100,0,2852,2852
34031223802,"Passaic, NJ (CT)",0,2816,2816,0,7547,7547
34031223900,"Passaic, NJ (CT)",0,2,2,0,405,405
34031236601,"Passaic, NJ (CT)",0,1445,1445,0,4358,4358
34031236602,"Passaic, NJ (CT)",93,2646,2739,271,6487,6758
34031246001,"Passaic, NJ (CT)",0,2072,2072,0,6635,6635
34031246002,"Passaic, NJ (CT)",0,1123,1123,0,3088,3088
34031246003,"Passaic, NJ (CT)",0,1944,1944,0,5719,5719
34031246101,"Passaic, NJ (CT)",0,2406,2406,0,6438,6438
34031246102,"Passaic, NJ (CT)",0,1483,1483,0,2752,2752
34031246103,"Passaic, NJ (CT)",0,2238,2238,0,6610,6610
34031246104,"Passaic, NJ (CT)",0,1327,1327,0,3105,3105
34031246201,"Passaic, NJ (CT)",0,1996,1996,0,6241,6241
34031246202,"Passaic, NJ (CT)",0,1809,1809,0,5280,5280
34031246203,"Passaic, NJ (CT)",0,1360,1360,0,3980,3980
34031246300,"Passaic, NJ (CT)",0,2010,2010,0,4869,4869
34031256801,"Passaic, NJ (CT)",390,1639,2029,1062,3796,4858
34031256802,"Passaic, NJ (CT)",576,1153,1729,1316,2781,4097
34031256803,"Passaic, NJ (CT)",485,1811,2296,1130,3614,4744
34031256804,"Passaic, NJ (CT)",823,1668,2491,2186,4797,6983
34031256805,"Passaic, NJ (CT)",1032,842,1874,2812,2356,5168
34031264101,"Passaic, NJ (CT)",0,1915,1915,0,5000,5000
34031264102,"Passaic, NJ (CT)",0,2920,2920,0,6819,6819
34031264200,"Passaic, NJ (CT)",0,1632,1632,0,4199,4199
34033020100,"Salem, NJ (CT)",699,0,699,1773,0,1773
34033020200,"Salem, NJ (CT)",0,831,831,0,2176,2176
34033020300,"Salem, NJ (CT)",0,1173,1173,0,2971,2971
34033020400,"Salem, NJ (CT)",0,1185,1185,0,2729,2729
34033020500,"Salem, NJ (CT)",0,1245,1245,0,2746,2746
34033020600,"Salem, NJ (CT)",412,660,1072,928,1646,2574
34033020700,"Salem, NJ (CT)",1229,365,1594,3326,690,4016
34033020800,"Salem, NJ (CT)",0,1529,1529,0,3505,3505
34033020900,"Salem, NJ (CT)",1124,186,1310,3059,446,3505
34033021000,"Salem, NJ (CT)",0,577,577,0,1395,1395
34033021101,"Salem, NJ (CT)",1716,83,1799,4506,293,4799
34033021102,"Salem, NJ (CT)",1514,132,1646,4162,432,4594
34033021201,"Salem, NJ (CT)",1261,0,1261,3450,0,3450
34033021202,"Salem, NJ (CT)",1028,71,1099,2516,150,2666
34033021300,"Salem, NJ (CT)",599,0,599,1823,0,1823
34033021400,"Salem, NJ (CT)",291,1296,1587,674,2713,3387
34033021500,"Salem, NJ (CT)",0,815,815,0,1807,1807
34033021600,"Salem, NJ (CT)",253,2278,2531,541,5602,6143
34033021700,"Salem, NJ (CT)",359,622,981,800,1272,2072
34033021900,"Salem, NJ (CT)",0,895,895,0,1800,1800
34033022000,"Salem, NJ (CT)",0,964,964,0,1805,1805
34033022100,"Salem, NJ (CT)",0,774,774,0,1541,1541
34033022201,"Salem, NJ (CT)",723,4,727,1762,8,1770
34033022202,"Salem, NJ (CT)",286,238,524,616,420,1036
34033990000,"Salem, NJ (CT)",0,0,0,0,0,0
34035050100,"Somerset, NJ (CT)",0,1304,1304,0,3055,3055
34035050200,"Somerset, NJ (CT)",0,1248,1248,0,2832,2832
34035050300,"Somerset, NJ (CT)",0,1344,1344,0,3398,3398
34035050400,"Somerset, NJ (CT)",0,1055,1055,0,2813,2813
34035050500,"Somerset, NJ (CT)",0,1475,1475,0,3204,3204
34035050600,"Somerset, NJ (CT)",0,1372,1372,0,3677,3677
34035050701,"Somerset, NJ (CT)",0,1450,1450,0,4273,4273
34035050703,"Somerset, NJ (CT)",0,1861,1861,0,4950,4950
34035050704,"Somerset, NJ (CT)",0,2659,2659,0,6674,6674
34035050801,"Somerset, NJ (CT)",2,1257,1259,7,3834,3841
34035050802,"Somerset, NJ (CT)",0,1647,1647,0,4406,4406
34035050901,"Somerset, NJ (CT)",76,1724,1800,209,4656,4865
34035050902,"Somerset, NJ (CT)",0,1409,1409,0,3677,3677
34035050903,"Somerset, NJ (CT)",109,1762,1871,284,4986,5270
34035051000,"Somerset, NJ (CT)",0,2701,2701,0,6508,6508
34035051100,"Somerset, NJ (CT)",0,1302,1302,0,3695,3695
34035051200,"Somerset, NJ (CT)",0,1663,1663,0,4644,4644
34035051300,"Somerset, NJ (CT)",0,851,851,0,2063,2063
34035051400,"Somerset, NJ (CT)",0,1713,1713,0,4457,4457
34035051500,"Somerset, NJ (CT)",0,1312,1312,0,2882,2882
34035051600,"Somerset, NJ (CT)",0,1252,1252,0,3005,3005
34035051700,"Somerset, NJ (CT)",0,1526,1526,0,5152,5152
34035051800,"Somerset, NJ (CT)",0,1349,1349,0,4150,4150
34035051900,"Somerset, NJ (CT)",0,1393,1393,0,4122,4122
34035052001,"Somerset, NJ (CT)",0,1324,1324,0,3797,3797
34035052002,"Somerset, NJ (CT)",0,2256,2256,0,4715,4715
34035052100,"Somerset, NJ (CT)",0,2448,2448,0,7203,7203
34035052201,"Somerset, NJ (CT)",126,1831,1957,257,5188,5445
34035052203,"Somerset, NJ (CT)",0,1697,1697,0,4901,4901
34035052204,"Somerset, NJ (CT)",236,1368,1604,671,4294,4965
34035052300,"Somerset, NJ (CT)",0,2234,2234,0,5801,5801
34035052400,"Somerset, NJ (CT)",430,1550,1980,725,4603,5328
34035052601,"Somerset, NJ (CT)",415,2775,3190,1323,8155,9478
34035052603,"Somerset, NJ (CT)",0,2113,2113,0,4104,4104
34035052700,"Somerset, NJ (CT)",728,2143,2871,1770,5937,7707
34035052800,"Somerset, NJ (CT)",260,689,949,845,1737,2582
34035052901,"Somerset, NJ (CT)",235,183,418,534,385,919
34035052903,"Somerset, NJ (CT)",0,3374,3374,0,5810,5810
34035052904,"Somerset, NJ (CT)",754,221,975,1777,578,2355
34035053000,"Somerset, NJ (CT)",0,1865,1865,0,4563,4563
34035053102,"Somerset, NJ (CT)",0,1612,1612,0,3658,3658
34035053103,"Somerset, NJ (CT)",0,1660,1660,0,4901,4901
34035053105,"Somerset, NJ (CT)",0,2841,2841,0,6814,6814
34035053200,"Somerset, NJ (CT)",0,2231,2231,0,7427,7427
34035053300,"Somerset, NJ (CT)",0,1487,1487,0,4703,4703
34035053402,"Somerset, NJ (CT)",377,2296,2673,908,6479,7387
34035053403,"Somerset, NJ (CT)",0,2178,2178,0,4699,4699
34035053404,"Somerset, NJ (CT)",285,3722,4007,858,9671,10529
34035053501,"Somerset, NJ (CT)",81,1448,1529,214,2787,3001
34035053602,"Somerset, NJ (CT)",380,1763,2143,1119,4978,6097
34035053603,"Somerset, NJ (CT)",0,1774,1774,0,4790,4790
34035053604,"Somerset, NJ (CT)",175,1327,1502,407,3165,3572
34035053703,"Somerset, NJ (CT)",1050,224,1274,2694,616,3310
34035053704,"Somerset, NJ (CT)",0,999,999,0,3004,3004
34035053705,"Somerset, NJ (CT)",0,2986,2986,0,6551,6551
34035053706,"Somerset, NJ (CT)",33,1633,1666,103,4917,5020
34035053707,"Somerset, NJ (CT)",238,950,1188,791,2990,3781
34035053801,"Somerset, NJ (CT)",4,163,167,11,407,418
34035053803,"Somerset, NJ (CT)",3,2556,2559,9,8176,8185
34035053804,"Somerset, NJ (CT)",4,1933,1937,15,4686,4701
34035053805,"Somerset, NJ (CT)",91,1330,1421,241,3510,3751
34035053901,"Somerset, NJ (CT)",0,292,292,0,682,682
34035053904,"Somerset, NJ (CT)",21,1044,1065,57,3459,3516
34035053905,"Somerset, NJ (CT)",6,2314,2320,14,6638,6652
34035054100,"Somerset, NJ (CT)",0,2820,2820,0,7742,7742
34035054201,"Somerset, NJ (CT)",295,2612,2907,844,6429,7273
34035054202,"Somerset, NJ (CT)",734,876,1610,2049,2764,4813
34035054300,"Somerset, NJ (CT)",0,4208,4208,0,9181,9181
34037371000,"Sussex, NJ (CT)",1802,0,1802,3847,0,3847
34037371100,"Sussex, NJ (CT)",1463,17,1480,3920,31,3951
34037371200,"Sussex, NJ (CT)",0,1005,1005,0,2130,2130
34037371300,"Sussex, NJ (CT)",688,1603,2291,1927,1837,3764
34037371400,"Sussex, NJ (CT)",472,671,1143,1273,1986,3259
34037371502,"Sussex, NJ (CT)",356,2167,2523,893,4506,5399
34037371503,"Sussex, NJ (CT)",455,715,1170,1227,1973,3200
34037371600,"Sussex, NJ (CT)",492,1469,1961,592,2427,3019
34037371700,"Sussex, NJ (CT)",6,1864,1870,14,5288,5302
34037371800,"Sussex, NJ (CT)",2016,677,2693,5638,1769,7407
34037371900,"Sussex, NJ (CT)",1003,0,1003,2014,0,2014
34037372000,"Sussex, NJ (CT)",1260,47,1307,3056,111,3167
34037372100,"Sussex, NJ (CT)",353,540,893,986,1043,2029
34037372200,"Sussex, NJ (CT)",1264,0,1264,2107,0,2107
34037372300,"Sussex, NJ (CT)",1642,0,1642,4299,0,4299
34037372400,"Sussex, NJ (CT)",919,0,919,2538,0,2538
34037372500,"Sussex, NJ (CT)",244,1131,1375,625,2550,3175
34037372600,"Sussex, NJ (CT)",1183,1225,2408,2464,2574,5038
34037372700,"Sussex, NJ (CT)",0,1476,1476,0,3277,3277
34037372800,"Sussex, NJ (CT)",0,688,688,0,1637,1637
34037372900,"Sussex, NJ (CT)",0,1448,1448,0,3408,3408
34037373000,"Sussex, NJ (CT)",0,905,905,0,2410,2410
34037373100,"Sussex, NJ (CT)",1092,972,2064,3220,2986,6206
34037373200,"Sussex, NJ (CT)",513,768,1281,1482,2320,3802
34037373300,"Sussex, NJ (CT)",69,999,1068,207,2776,2983
34037373400,"Sussex, NJ (CT)",0,3010,3010,0,6731,6731
34037373500,"Sussex, NJ (CT)",799,495,1294,1906,2042,3948
34037373600,"Sussex, NJ (CT)",516,634,1150,1442,1535,2977
34037373700,"Sussex, NJ (CT)",0,1760,1760,0,3976,3976
34037373800,"Sussex, NJ (CT)",0,1719,1719,0,4021,4021
34037373900,"Sussex, NJ (CT)",1503,427,1930,3102,997,4099
34037374000,"Sussex, NJ (CT)",1173,116,1289,3179,258,3437
34037374100,"Sussex, NJ (CT)",1251,0,1251,3601,0,3601
34037374200,"Sussex, NJ (CT)",549,470,1019,989,1383,2372
34037374300,"Sussex, NJ (CT)",792,510,1302,2105,1440,3545
34037374400,"Sussex, NJ (CT)",154,732,886,365,2068,2433
34037374500,"Sussex, NJ (CT)",221,761,982,464,1552,2016
34037374600,"Sussex, NJ (CT)",0,1472,1472,0,3610,3610
34037374700,"Sussex, NJ (CT)",0,1918,1918,0,4307,4307
34037374800,"Sussex, NJ (CT)",0,1659,1659,0,4505,4505
34037374900,"Sussex, NJ (CT)",0,1737,1737,0,4319,4319
34039030200,"Union, NJ (CT)",0,1085,1085,0,3011,3011
34039030400,"Union, NJ (CT)",0,1994,1994,0,5674,5674
34039030500,"Union, NJ (CT)",0,1745,1745,0,5324,5324
34039030600,"Union, NJ (CT)",0,1386,1386,0,3685,3685
34039030701,"Union, NJ (CT)",0,679,679,0,1935,1935
34039030702,"Union, NJ (CT)",0,2739,2739,0,7384,7384
34039030802,"Union, NJ (CT)",0,1014,1014,0,3087,3087
34039030900,"Union, NJ (CT)",0,2010,2010,0,6072,6072
34039031000,"Union, NJ (CT)",0,1329,1329,0,4190,4190
34039031100,"Union, NJ (CT)",0,2034,2034,0,5578,5578
34039031200,"Union, NJ (CT)",0,1992,1992,0,5851,5851
34039031300,"Union, NJ (CT)",0,2333,2333,0,6685,6685
34039031400,"Union, NJ (CT)",0,1830,1830,0,5077,5077
34039031500,"Union, NJ (CT)",0,1994,1994,0,5583,5583
34039031601,"Union, NJ (CT)",0,1650,1650,0,3800,3800
34039031602,"Union, NJ (CT)",0,2121,2121,0,5517,5517
34039031700,"Union, NJ (CT)",0,2440,2440,0,5762,5762
34039031801,"Union, NJ (CT)",0,1791,1791,0,5033,5033
34039031802,"Union, NJ (CT)",0,1225,1225,0,3164,3164
34039031903,"Union, NJ (CT)",0,2469,2469,0,5867,5867
34039031904,"Union, NJ (CT)",0,1475,1475,0,2953,2953
34039032001,"Union, NJ (CT)",0,2394,2394,0,6612,6612
34039032002,"Union, NJ (CT)",0,1289,1289,0,3862,3862
34039032100,"Union, NJ (CT)",0,2259,2259,0,6500,6500
34039032200,"Union, NJ (CT)",0,2095,2095,0,5813,5813
34039032300,"Union, NJ (CT)",0,849,849,0,2265,2265
34039032400,"Union, NJ (CT)",0,2696,2696,0,7531,7531
34039032500,"Union, NJ (CT)",0,1896,1896,0,5795,5795
34039032600,"Union, NJ (CT)",0,1893,1893,0,5129,5129
34039032700,"Union, NJ (CT)",0,2652,2652,0,7715,7715
34039032800,"Union, NJ (CT)",0,1967,1967,0,5134,5134
34039032901,"Union, NJ (CT)",0,1363,1363,0,4031,4031
34039032902,"Union, NJ (CT)",0,1851,1851,0,5046,5046
34039033000,"Union, NJ (CT)",0,1653,1653,0,4141,4141
34039033100,"Union, NJ (CT)",0,1986,1986,0,5718,5718
34039033200,"Union, NJ (CT)",0,1460,1460,0,4236,4236
34039033300,"Union, NJ (CT)",0,1379,1379,0,3919,3919
34039033400,"Union, NJ (CT)",0,1295,1295,0,3672,3672
34039033500,"Union, NJ (CT)",0,2751,2751,0,7901,7901
34039033600,"Union, NJ (CT)",0,2924,2924,0,7914,7914
34039033700,"Union, NJ (CT)",0,1683,1683,0,4753,4753
34039033800,"Union, NJ (CT)",0,2307,2307,0,5425,5425
34039033900,"Union, NJ (CT)",0,1241,1241,0,3119,3119
34039034000,"Union, NJ (CT)",0,2293,2293,0,5943,5943
34039034100,"Union, NJ (CT)",0,1381,1381,0,3654,3654
34039034200,"Union, NJ (CT)",0,1280,1280,0,3722,3722
34039034300,"Union, NJ (CT)",0,1427,1427,0,3548,3548
34039034400,"Union, NJ (CT)",0,1558,1558,0,4218,4218
34039034500,"Union, NJ (CT)",0,1859,1859,0,4483,4483
34039034600,"Union, NJ (CT)",0,1498,1498,0,4182,4182
34039034700,"Union, NJ (CT)",0,1595,1595,0,3951,3951
34039034800,"Union, NJ (CT)",0,1751,1751,0,4536,4536
34039034900,"Union, NJ (CT)",0,2507,2507,0,6241,6241
34039035000,"Union, NJ (CT)",0,1022,1022,0,2668,2668
34039035100,"Union, NJ (CT)",0,1632,1632,0,3825,3825
34039035200,"Union, NJ (CT)",0,893,893,0,2465,2465
34039035300,"Union, NJ (CT)",0,2069,2069,0,5410,5410
34039035400,"Union, NJ (CT)",0,1046,1046,0,2738,2738
34039035500,"Union, NJ (CT)",0,2904,2904,0,6967,6967
34039035600,"Union, NJ (CT)",0,1363,1363,0,3557,3557
34039035700,"Union, NJ (CT)",0,2075,2075,0,5317,5317
34039035800,"Union, NJ (CT)",0,1272,1272,0,3300,3300
34039035900,"Union, NJ (CT)",0,1635,1635,0,3352,3352
34039036000,"Union, NJ (CT)",0,2051,2051,0,4853,4853
34039036100,"Union, NJ (CT)",0,714,714,0,1471,1471
34039036200,"Union, NJ (CT)",0,2404,2404,0,6246,6246
34039036301,"Union, NJ (CT)",0,2014,2014,0,4730,4730
34039036302,"Union, NJ (CT)",0,1333,1333,0,3780,3780
34039036400,"Union, NJ (CT)",0,2501,2501,0,7369,7369
34039036500,"Union, NJ (CT)",0,1802,1802,0,5554,5554
34039036600,"Union, NJ (CT)",0,1710,1710,0,3894,3894
34039036700,"Union, NJ (CT)",0,2236,2236,0,5948,5948
34039036800,"Union, NJ (CT)",0,2701,2701,0,7551,7551
34039036900,"Union, NJ (CT)",0,1870,1870,0,4226,4226
34039037000,"Union, NJ (CT)",0,2172,2172,0,5886,5886
34039037100,"Union, NJ (CT)",0,1496,1496,0,4302,4302
34039037200,"Union, NJ (CT)",0,1663,1663,0,3544,3544
34039037300,"Union, NJ (CT)",0,1821,1821,0,4580,4580
34039037400,"Union, NJ (CT)",0,1664,1664,0,4313,4313
34039037500,"Union, NJ (CT)",0,2350,2350,0,5462,5462
34039037601,"Union, NJ (CT)",0,1971,1971,0,4506,4506
34039037602,"Union, NJ (CT)",0,2415,2415,0,5849,5849
34039037700,"Union, NJ (CT)",0,1723,1723,0,4635,4635
34039037800,"Union, NJ (CT)",0,2466,2466,0,5537,5537
34039037900,"Union, NJ (CT)",0,1918,1918,0,5842,5842
34039038000,"Union, NJ (CT)",0,2083,2083,0,5443,5443
34039038101,"Union, NJ (CT)",0,1415,1415,0,4000,4000
34039038102,"Union, NJ (CT)",0,3122,3122,0,8171,8171
34039038201,"Union, NJ (CT)",0,2038,2038,0,6283,6283
34039038202,"Union, NJ (CT)",0,2558,2558,0,6900,6900
34039038300,"Union, NJ (CT)",0,2558,2558,0,6685,6685
34039038400,"Union, NJ (CT)",0,2279,2279,0,5850,5850
34039038500,"Union, NJ (CT)",0,2050,2050,0,5813,5813
34039038601,"Union, NJ (CT)",0,3261,3261,0,7845,7845
34039038602,"Union, NJ (CT)",0,1306,1306,0,4002,4002
34039038700,"Union, NJ (CT)",0,2686,2686,0,7318,7318
34039038800,"Union, NJ (CT)",0,1685,1685,0,4657,4657
34039038900,"Union, NJ (CT)",0,1872,1872,0,5288,5288
34039039000,"Union, NJ (CT)",0,1317,1317,0,3910,3910
34039039100,"Union, NJ (CT)",0,1311,1311,0,3391,3391
34039039200,"Union, NJ (CT)",0,1830,1830,0,5245,5245
34039039300,"Union, NJ (CT)",0,1717,1717,0,6207,6207
34039039400,"Union, NJ (CT)",0,1582,1582,0,5323,5323
34039039500,"Union, NJ (CT)",0,1810,1810,0,6329,6329
34039039600,"Union, NJ (CT)",0,1566,1566,0,4126,4126
34039039700,"Union, NJ (CT)",0,1931,1931,0,5332,5332
34039039800,"Union, NJ (CT)",0,1572,1572,0,4475,4475
34039039900,"Union, NJ (CT)",0,667,667,0,2288,2288
34041030600,"Warren, NJ (CT)",0,1858,1858,0,3930,3930
34041030700,"Warren, NJ (CT)",0,2120,2120,0,5021,5021
34041030800,"Warren, NJ (CT)",0,1296,1296,0,3017,3017
34041030900,"Warren, NJ (CT)",0,1333,1333,0,2982,2982
34041031101,"Warren, NJ (CT)",2277,1,2278,5974,2,5976
34041031102,"Warren, NJ (CT)",1439,0,1439,3917,0,3917
34041031200,"Warren, NJ (CT)",3074,98,3172,7702,247,7949
34041031301,"Warren, NJ (CT)",836,1489,2325,2254,3408,5662
34041031302,"Warren, NJ (CT)",421,1675,2096,1062,3261,4323
34041031401,"Warren, NJ (CT)",0,1847,1847,0,4590,4590
34041031402,"Warren, NJ (CT)",0,1908,1908,0,5134,5134
34041031500,"Warren, NJ (CT)",1316,2000,3316,3450,4275,7725
34041031601,"Warren, NJ (CT)",1610,694,2304,3744,1138,4882
34041031602,"Warren, NJ (CT)",490,543,1033,1339,1175,2514
34041031700,"Warren, NJ (CT)",0,1140,1140,0,2681,2681
34041031800,"Warren, NJ (CT)",1094,15,1109,2630,37,2667
34041031900,"Warren, NJ (CT)",1184,1309,2493,3179,3472,6651
34041032000,"Warren, NJ (CT)",0,2897,2897,0,6461,6461
34041032101,"Warren, NJ (CT)",1055,164,1219,2747,429,3176
34041032102,"Warren, NJ (CT)",319,1551,1870,888,4824,5712
34041032200,"Warren, NJ (CT)",243,3177,3420,615,7399,8014
34041032300,"Warren, NJ (CT)",594,826,1420,1329,2010,3339
34041032400,"Warren, NJ (CT)",0,1032,1032,0,2369,2369
35001000107,"Bernalillo, NM (CT)",0,1310,1310,0,2715,2715
35001000108,"Bernalillo, NM (CT)",0,1282,1282,0,2683,2683
35001000109,"Bernalillo, NM (CT)",0,1061,1061,0,2577,2577
35001000110,"Bernalillo, NM (CT)",0,1828,1828,0,3561,3561
35001000111,"Bernalillo, NM (CT)",0,1180,1180,0,2807,2807
35001000112,"Bernalillo, NM (CT)",0,1019,1019,0,2080,2080
35001000113,"Bernalillo, NM (CT)",0,1432,1432,0,3157,3157
35001000114,"Bernalillo, NM (CT)",0,1387,1387,0,3197,3197
35001000115,"Bernalillo, NM (CT)",0,1577,1577,0,3269,3269
35001000116,"Bernalillo, NM (CT)",0,1291,1291,0,2908,2908
35001000117,"Bernalillo, NM (CT)",0,1014,1014,0,2326,2326
35001000118,"Bernalillo, NM (CT)",0,1260,1260,0,2828,2828
35001000119,"Bernalillo, NM (CT)",0,797,797,0,1836,1836
35001000120,"Bernalillo, NM (CT)",0,1225,1225,0,2666,2666
35001000121,"Bernalillo, NM (CT)",0,2924,2924,0,5770,5770
35001000122,"Bernalillo, NM (CT)",0,2061,2061,0,4088,4088
35001000123,"Bernalillo, NM (CT)",0,2162,2162,0,5064,5064
35001000124,"Bernalillo, NM (CT)",0,2243,2243,0,3642,3642
35001000125,"Bernalillo, NM (CT)",0,1835,1835,0,4204,4204
35001000126,"Bernalillo, NM (CT)",0,1421,1421,0,2866,2866
35001000127,"Bernalillo, NM (CT)",0,1189,1189,0,2801,2801
35001000128,"Bernalillo, NM (CT)",0,1323,1323,0,3228,3228
35001000129,"Bernalillo, NM (CT)",0,2429,2429,0,4692,4692
35001000203,"Bernalillo, NM (CT)",0,1068,1068,0,1953,1953
35001000204,"Bernalillo, NM (CT)",0,1476,1476,0,3285,3285
35001000205,"Bernalillo, NM (CT)",0,1630,1630,0,3229,3229
35001000206,"Bernalillo, NM (CT)",0,1310,1310,0,2991,2991
35001000207,"Bernalillo, NM (CT)",0,1537,1537,0,3383,3383
35001000208,"Bernalillo, NM (CT)",0,1248,1248,0,2736,2736
35001000300,"Bernalillo, NM (CT)",0,3043,3043,0,5952,5952
35001000401,"Bernalillo, NM (CT)",0,2147,2147,0,4379,4379
35001000402,"Bernalillo, NM (CT)",0,1770,1770,0,3415,3415
35001000501,"Bernalillo, NM (CT)",0,1584,1584,0,2645,2645
35001000502,"Bernalillo, NM (CT)",0,2868,2868,0,4754,4754
35001000601,"Bernalillo, NM (CT)",0,1893,1893,0,3846,3846
35001000603,"Bernalillo, NM (CT)",0,2039,2039,0,5150,5150
35001000604,"Bernalillo, NM (CT)",0,1903,1903,0,4361,4361
35001000704,"Bernalillo, NM (CT)",0,1550,1550,0,3715,3715
35001000707,"Bernalillo, NM (CT)",0,2471,2471,0,6152,6152
35001000708,"Bernalillo, NM (CT)",0,2926,2926,0,5858,5858
35001000710,"Bernalillo, NM (CT)",113,2367,2480,262,5278,5540
35001000711,"Bernalillo, NM (CT)",0,2024,2024,0,4445,4445
35001000712,"Bernalillo, NM (CT)",0,1811,1811,0,4204,4204
35001000713,"Bernalillo, NM (CT)",0,2686,2686,0,5961,5961
35001000714,"Bernalillo, NM (CT)",0,2093,2093,0,4669,4669
35001000801,"Bernalillo, NM (CT)",0,1075,1075,0,3860,3860
35001000901,"Bernalillo, NM (CT)",0,3141,3141,0,7471,7471
35001000903,"Bernalillo, NM (CT)",0,3411,3411,0,5987,5987
35001000904,"Bernalillo, NM (CT)",0,1889,1889,0,4311,4311
35001001101,"Bernalillo, NM (CT)",0,2648,2648,0,5113,5113
35001001102,"Bernalillo, NM (CT)",0,1496,1496,0,3118,3118
35001001200,"Bernalillo, NM (CT)",0,3219,3219,0,7164,7164
35001001300,"Bernalillo, NM (CT)",0,1537,1537,0,4595,4595
35001001400,"Bernalillo, NM (CT)",0,1312,1312,0,3173,3173
35001001500,"Bernalillo, NM (CT)",0,1444,1444,0,2646,2646
35001001600,"Bernalillo, NM (CT)",0,1863,1863,0,2529,2529
35001001700,"Bernalillo, NM (CT)",0,3036,3036,0,4932,4932
35001001800,"Bernalillo, NM (CT)",0,429,429,0,2931,2931
35001001900,"Bernalillo, NM (CT)",0,585,585,0,1055,1055
35001002000,"Bernalillo, NM (CT)",0,1284,1284,0,2287,2287
35001002100,"Bernalillo, NM (CT)",0,645,645,0,1887,1887
35001002200,"Bernalillo, NM (CT)",0,2078,2078,0,3259,3259
35001002300,"Bernalillo, NM (CT)",0,3260,3260,0,8842,8842
35001002401,"Bernalillo, NM (CT)",0,2027,2027,0,5272,5272
35001002402,"Bernalillo, NM (CT)",0,2883,2883,0,8270,8270
35001002500,"Bernalillo, NM (CT)",0,1078,1078,0,2361,2361
35001002600,"Bernalillo, NM (CT)",0,637,637,0,1024,1024
35001002700,"Bernalillo, NM (CT)",0,2119,2119,0,3598,3598
35001002900,"Bernalillo, NM (CT)",0,1788,1788,0,3934,3934
35001003001,"Bernalillo, NM (CT)",0,2062,2062,0,4890,4890
35001003002,"Bernalillo, NM (CT)",0,1946,1946,0,4144,4144
35001003100,"Bernalillo, NM (CT)",0,1344,1344,0,2918,2918
35001003201,"Bernalillo, NM (CT)",0,1237,1237,0,2909,2909
35001003202,"Bernalillo, NM (CT)",0,2402,2402,0,5402,5402
35001003400,"Bernalillo, NM (CT)",0,2035,2035,0,4533,4533
35001003501,"Bernalillo, NM (CT)",0,2550,2550,0,5616,5616
35001003502,"Bernalillo, NM (CT)",0,2329,2329,0,5236,5236
35001003600,"Bernalillo, NM (CT)",0,2614,2614,0,6186,6186
35001003707,"Bernalillo, NM (CT)",0,2428,2428,0,4975,4975
35001003712,"Bernalillo, NM (CT)",0,2223,2223,0,5067,5067
35001003714,"Bernalillo, NM (CT)",0,3944,3944,0,6941,6941
35001003715,"Bernalillo, NM (CT)",0,2090,2090,0,4236,4236
35001003717,"Bernalillo, NM (CT)",0,2659,2659,0,5374,5374
35001003718,"Bernalillo, NM (CT)",0,1135,1135,0,2456,2456
35001003719,"Bernalillo, NM (CT)",0,2831,2831,0,5278,5278
35001003721,"Bernalillo, NM (CT)",8,3019,3027,23,6249,6272
35001003722,"Bernalillo, NM (CT)",0,2414,2414,0,6335,6335
35001003723,"Bernalillo, NM (CT)",0,2910,2910,0,5717,5717
35001003724,"Bernalillo, NM (CT)",0,1657,1657,0,3320,3320
35001003725,"Bernalillo, NM (CT)",0,2113,2113,0,4672,4672
35001003726,"Bernalillo, NM (CT)",0,1110,1110,0,2378,2378
35001003728,"Bernalillo, NM (CT)",0,2371,2371,0,4481,4481
35001003729,"Bernalillo, NM (CT)",0,742,742,0,1812,1812
35001003730,"Bernalillo, NM (CT)",0,1864,1864,0,4903,4903
35001003731,"Bernalillo, NM (CT)",0,1297,1297,0,3593,3593
35001003732,"Bernalillo, NM (CT)",0,2730,2730,0,7228,7228
35001003733,"Bernalillo, NM (CT)",0,1487,1487,0,3585,3585
35001003735,"Bernalillo, NM (CT)",0,2930,2930,0,6323,6323
35001003736,"Bernalillo, NM (CT)",0,965,965,0,1970,1970
35001003737,"Bernalillo, NM (CT)",0,1223,1223,0,2785,2785
35001003738,"Bernalillo, NM (CT)",0,2677,2677,0,4883,4883
35001003803,"Bernalillo, NM (CT)",1489,0,1489,3180,0,3180
35001003804,"Bernalillo, NM (CT)",2406,0,2406,5473,0,5473
35001003805,"Bernalillo, NM (CT)",950,267,1217,1873,553,2426
35001003806,"Bernalillo, NM (CT)",1599,0,1599,3480,0,3480
35001003807,"Bernalillo, NM (CT)",2304,0,2304,4497,0,4497
35001004001,"Bernalillo, NM (CT)",158,1440,1598,418,4518,4936
35001004300,"Bernalillo, NM (CT)",0,2010,2010,0,5085,5085
35001004401,"Bernalillo, NM (CT)",0,1123,1123,0,3176,3176
35001004402,"Bernalillo, NM (CT)",0,1520,1520,0,4056,4056
35001004501,"Bernalillo, NM (CT)",0,1211,1211,0,3522,3522
35001004502,"Bernalillo, NM (CT)",0,1333,1333,0,3568,3568
35001004602,"Bernalillo, NM (CT)",39,1614,1653,88,4319,4407
35001004603,"Bernalillo, NM (CT)",0,1292,1292,0,3653,3653
35001004604,"Bernalillo, NM (CT)",4,1810,1814,10,5552,5562
35001004712,"Bernalillo, NM (CT)",0,2285,2285,0,7147,7147
35001004713,"Bernalillo, NM (CT)",0,2100,2100,0,6894,6894
35001004715,"Bernalillo, NM (CT)",693,1089,1782,2084,3163,5247
35001004716,"Bernalillo, NM (CT)",0,1225,1225,0,2018,2018
35001004717,"Bernalillo, NM (CT)",0,3225,3225,0,7552,7552
35001004720,"Bernalillo, NM (CT)",0,1516,1516,0,3521,3521
35001004722,"Bernalillo, NM (CT)",0,2378,2378,0,5049,5049
35001004723,"Bernalillo, NM (CT)",0,2727,2727,0,7278,7278
35001004724,"Bernalillo, NM (CT)",0,1155,1155,0,3189,3189
35001004725,"Bernalillo, NM (CT)",0,1459,1459,0,3716,3716
35001004726,"Bernalillo, NM (CT)",0,1020,1020,0,2456,2456
35001004727,"Bernalillo, NM (CT)",0,732,732,0,1888,1888
35001004728,"Bernalillo, NM (CT)",0,2045,2045,0,5045,5045
35001004729,"Bernalillo, NM (CT)",0,1658,1658,0,3606,3606
35001004733,"Bernalillo, NM (CT)",0,2109,2109,0,7218,7218
35001004734,"Bernalillo, NM (CT)",0,2078,2078,0,7279,7279
35001004735,"Bernalillo, NM (CT)",0,659,659,0,2239,2239
35001004736,"Bernalillo, NM (CT)",113,300,413,373,709,1082
35001004737,"Bernalillo, NM (CT)",0,1886,1886,0,5593,5593
35001004738,"Bernalillo, NM (CT)",0,1706,1706,0,5350,5350
35001004739,"Bernalillo, NM (CT)",0,2063,2063,0,6745,6745
35001004740,"Bernalillo, NM (CT)",0,2490,2490,0,7313,7313
35001004741,"Bernalillo, NM (CT)",0,2643,2643,0,7156,7156
35001004742,"Bernalillo, NM (CT)",0,2648,2648,0,6284,6284
35001004743,"Bernalillo, NM (CT)",0,1114,1114,0,3070,3070
35001004744,"Bernalillo, NM (CT)",3,1888,1891,0,5075,5075
35001004745,"Bernalillo, NM (CT)",0,2253,2253,0,6396,6396
35001004746,"Bernalillo, NM (CT)",0,2675,2675,0,7037,7037
35001004747,"Bernalillo, NM (CT)",0,1864,1864,0,4970,4970
35001004748,"Bernalillo, NM (CT)",0,3188,3188,0,9190,9190
35001004749,"Bernalillo, NM (CT)",0,2132,2132,0,4261,4261
35001004750,"Bernalillo, NM (CT)",0,2534,2534,0,6522,6522
35001004751,"Bernalillo, NM (CT)",0,1011,1011,0,2458,2458
35001004752,"Bernalillo, NM (CT)",0,1664,1664,0,3756,3756
35001004753,"Bernalillo, NM (CT)",0,1490,1490,0,3585,3585
35001940500,"Bernalillo, NM (CT)",160,1268,1428,335,2524,2859
35001940600,"Bernalillo, NM (CT)",943,1416,2359,5166,4219,9385
35001940700,"Bernalillo, NM (CT)",215,808,1023,536,1953,2489
35003976400,"Catron, NM (CT)",3289,0,3289,3725,0,3725
35005000201,"Chaves, NM (CT)",0,1751,1751,0,3818,3818
35005000202,"Chaves, NM (CT)",0,1626,1626,0,3814,3814
35005000300,"Chaves, NM (CT)",45,2862,2907,80,6449,6529
35005000400,"Chaves, NM (CT)",193,1709,1902,407,4353,4760
35005000500,"Chaves, NM (CT)",0,883,883,0,2022,2022
35005000600,"Chaves, NM (CT)",176,1626,1802,393,4574,4967
35005000700,"Chaves, NM (CT)",130,1602,1732,267,4202,4469
35005000800,"Chaves, NM (CT)",0,2287,2287,0,5732,5732
35005000900,"Chaves, NM (CT)",182,941,1123,448,2327,2775
35005001001,"Chaves, NM (CT)",89,1806,1895,210,4629,4839
35005001002,"Chaves, NM (CT)",178,2083,2261,449,3969,4418
35005001101,"Chaves, NM (CT)",878,1081,1959,2318,3781,6099
35005001102,"Chaves, NM (CT)",1723,31,1754,3870,57,3927
35005001200,"Chaves, NM (CT)",696,0,696,1627,0,1627
35005001300,"Chaves, NM (CT)",1020,0,1020,3021,0,3021
35005001400,"Chaves, NM (CT)",1099,0,1099,2828,0,2828
35006941500,"Cibola, NM (CT)",1178,0,1178,3019,0,3019
35006945800,"Cibola, NM (CT)",981,0,981,2083,0,2083
35006946100,"Cibola, NM (CT)",1375,0,1375,4093,0,4093
35006974201,"Cibola, NM (CT)",92,1869,1961,276,4912,5188
35006974202,"Cibola, NM (CT)",0,1328,1328,0,2921,2921
35006974400,"Cibola, NM (CT)",212,1254,1466,430,2819,3249
35006974700,"Cibola, NM (CT)",2735,77,2812,5160,1500,6660
35007950500,"Colfax, NM (CT)",555,1636,2191,1081,3234,4315
35007950600,"Colfax, NM (CT)",225,1721,1946,430,3317,3747
35007950700,"Colfax, NM (CT)",5886,0,5886,5688,0,5688
35009000100,"Curry, NM (CT)",0,1825,1825,0,4966,4966
35009000201,"Curry, NM (CT)",0,1684,1684,0,4235,4235
35009000202,"Curry, NM (CT)",0,1726,1726,0,4243,4243
35009000301,"Curry, NM (CT)",0,2762,2762,0,6279,6279
35009000303,"Curry, NM (CT)",0,1488,1488,0,3427,3427
35009000304,"Curry, NM (CT)",0,2705,2705,0,6392,6392
35009000400,"Curry, NM (CT)",0,2113,2113,0,4726,4726
35009000500,"Curry, NM (CT)",135,748,883,348,1949,2297
35009000601,"Curry, NM (CT)",648,0,648,1240,0,1240
35009000602,"Curry, NM (CT)",982,627,1609,2339,1839,4178
35009000603,"Curry, NM (CT)",1104,528,1632,2879,1269,4148
35009000900,"Curry, NM (CT)",0,987,987,0,2245,2245
35011960100,"De Baca, NM (CT)",1344,0,1344,2022,0,2022
35013000102,"Dona Ana, NM (CT)",0,1602,1602,0,3969,3969
35013000103,"Doña Ana, NM (CT)",0,1839,1839,0,4863,4863
35013000104,"Doña Ana, NM (CT)",0,1951,1951,0,4826,4826
35013000201,"Doña Ana, NM (CT)",1,1987,1988,1,5741,5742
35013000202,"Doña Ana, NM (CT)",142,2150,2292,378,5525,5903
35013000300,"Doña Ana, NM (CT)",0,1620,1620,0,3685,3685
35013000401,"Doña Ana, NM (CT)",0,1387,1387,0,3011,3011
35013000402,"Doña Ana, NM (CT)",0,2363,2363,0,5712,5712
35013000500,"Dona Ana, NM (CT)",0,1306,1306,0,2888,2888
35013000600,"Doña Ana, NM (CT)",0,1347,1347,0,2801,2801
35013000700,"Dona Ana, NM (CT)",0,2530,2530,0,6112,6112
35013000800,"Doña Ana, NM (CT)",0,1570,1570,0,3400,3400
35013000900,"Dona Ana, NM (CT)",0,3473,3473,0,6952,6952
35013001000,"Doña Ana, NM (CT)",0,1237,1237,0,4209,4209
35013001102,"Dona Ana, NM (CT)",157,1163,1320,341,2470,2811
35013001103,"Doña Ana, NM (CT)",286,1463,1749,683,3392,4075
35013001104,"Doña Ana, NM (CT)",133,1812,1945,351,4506,4857
35013001201,"Dona Ana, NM (CT)",1057,6173,7230,2303,12688,14991
35013001203,"Doña Ana, NM (CT)",0,2223,2223,0,4336,4336
35013001204,"Doña Ana, NM (CT)",865,802,1667,1907,1908,3815
35013001205,"Doña Ana, NM (CT)",0,2141,2141,0,4534,4534
35013001303,"Dona Ana, NM (CT)",288,2461,2749,870,6389,7259
35013001304,"Doña Ana, NM (CT)",239,2337,2576,823,6901,7724
35013001305,"Doña Ana, NM (CT)",620,1269,1889,1577,3501,5078
35013001306,"Doña Ana, NM (CT)",112,3868,3980,276,9511,9787
35013001307,"Doña Ana, NM (CT)",1471,866,2337,3806,2563,6369
35013001400,"Dona Ana, NM (CT)",1960,0,1960,5719,0,5719
35013001500,"Dona Ana, NM (CT)",1466,1040,2506,3979,2140,6119
35013001600,"Dona Ana, NM (CT)",1144,0,1144,2910,0,2910
35013001701,"Doña Ana, NM (CT)",276,1885,2161,600,5242,5842
35013001702,"Dona Ana, NM (CT)",678,0,678,1691,0,1691
35013001703,"Doña Ana, NM (CT)",1057,93,1150,2774,255,3029
35013001705,"Doña Ana, NM (CT)",0,890,890,0,3192,3192
35013001706,"Doña Ana, NM (CT)",0,1086,1086,0,3749,3749
35013001707,"Doña Ana, NM (CT)",0,1535,1535,0,5749,5749
35013001801,"Dona Ana, NM (CT)",891,1291,2182,2421,4294,6715
35013001802,"Doña Ana, NM (CT)",955,997,1952,2851,3503,6354
35013001804,"Doña Ana, NM (CT)",685,1743,2428,1903,5062,6965
35013001805,"Doña Ana, NM (CT)",0,1185,1185,0,3958,3958
35013001806,"Doña Ana, NM (CT)",146,1594,1740,496,5334,5830
35013001900,"Dona Ana, NM (CT)",584,0,584,1702,0,1702
35015000100,"Eddy, NM (CT)",0,708,708,0,1630,1630
35015000200,"Eddy, NM (CT)",97,1927,2024,245,4248,4493
35015000300,"Eddy, NM (CT)",0,2558,2558,0,5810,5810
35015000401,"Eddy, NM (CT)",242,1262,1504,548,2879,3427
35015000402,"Eddy, NM (CT)",0,1838,1838,0,4437,4437
35015000500,"Eddy, NM (CT)",0,1425,1425,0,3220,3220
35015000600,"Eddy, NM (CT)",184,1995,2179,411,5019,5430
35015000700,"Eddy, NM (CT)",1166,1014,2180,2583,2596,5179
35015000800,"Eddy, NM (CT)",848,0,848,2179,0,2179
35015000900,"Eddy, NM (CT)",1765,254,2019,4229,688,4917
35015001000,"Eddy, NM (CT)",168,2393,2561,766,5785,6551
35015001100,"Eddy, NM (CT)",119,2622,2741,265,6291,6556
35017964100,"Grant, NM (CT)",1667,0,1667,2515,0,2515
35017964200,"Grant, NM (CT)",1184,0,1184,2153,0,2153
35017964300,"Grant, NM (CT)",268,2899,3167,549,6228,6777
35017964400,"Grant, NM (CT)",122,1972,2094,269,4011,4280
35017964500,"Grant, NM (CT)",426,977,1403,1004,2070,3074
35017964600,"Grant, NM (CT)",339,1155,1494,589,2471,3060
35017964700,"Grant, NM (CT)",1762,1001,2763,3706,2185,5891
35017964800,"Grant, NM (CT)",900,21,921,1715,49,1764
35019961600,"Guadalupe, NM (CT)",1351,1042,2393,2066,2621,4687
35021000100,"Harding, NM (CT)",526,0,526,695,0,695
35023970000,"Hidalgo, NM (CT)",1162,0,1162,2195,0,2195
35023970200,"Hidalgo, NM (CT)",1231,0,1231,2699,0,2699
35025000100,"Lea, NM (CT)",0,1188,1188,0,2812,2812
35025000200,"Lea, NM (CT)",79,1190,1269,173,3258,3431
35025000300,"Lea, NM (CT)",0,1394,1394,0,3909,3909
35025000400,"Lea, NM (CT)",0,1324,1324,0,3406,3406
35025000502,"Lea, NM (CT)",198,2334,2532,428,5816,6244
35025000503,"Lea, NM (CT)",0,1659,1659,0,3743,3743
35025000504,"Lea, NM (CT)",0,1591,1591,0,3635,3635
35025000600,"Lea, NM (CT)",136,2169,2305,389,6098,6487
35025000701,"Lea, NM (CT)",503,49,552,1336,153,1489
35025000702,"Lea, NM (CT)",687,44,731,2859,404,3263
35025000703,"Lea, NM (CT)",280,523,803,807,1514,2321
35025000704,"Lea, NM (CT)",257,789,1046,617,1948,2565
35025000800,"Lea, NM (CT)",180,1222,1402,394,2826,3220
35025000900,"Lea, NM (CT)",1090,0,1090,2175,0,2175
35025001003,"Lea, NM (CT)",0,1516,1516,0,4340,4340
35025001004,"Lea, NM (CT)",0,1297,1297,0,3617,3617
35025001005,"Lea, NM (CT)",85,1245,1330,221,3292,3513
35025001100,"Lea, NM (CT)",1776,114,1890,4214,343,4557
35027960200,"Lincoln, NM (CT)",1158,0,1158,1826,0,1826
35027960300,"Lincoln, NM (CT)",1790,0,1790,3052,0,3052
35027960400,"Lincoln, NM (CT)",3903,1292,5195,4227,2544,6771
35027960600,"Lincoln, NM (CT)",1880,5127,7007,1365,4935,6300
35027960800,"Lincoln, NM (CT)",559,1810,2369,431,2117,2548
35028000100,"Los Alamos, NM (CT)",401,1230,1631,951,2888,3839
35028000200,"Los Alamos, NM (CT)",5,2179,2184,15,5042,5057
35028000400,"Los Alamos, NM (CT)",181,1956,2137,354,2963,3317
35028000500,"Los Alamos, NM (CT)",318,2084,2402,698,5039,5737
35029000100,"Luna, NM (CT)",443,2005,2448,935,4450,5385
35029000200,"Luna, NM (CT)",257,1445,1702,587,3663,4250
35029000300,"Luna, NM (CT)",0,1052,1052,0,2411,2411
35029000400,"Luna, NM (CT)",2765,1,2766,5931,5,5936
35029000500,"Luna, NM (CT)",1310,683,1993,2739,1599,4338
35029000600,"Luna, NM (CT)",0,1038,1038,0,2775,2775
35031940300,"McKinley, NM (CT)",275,1427,1702,1020,5439,6459
35031940500,"McKinley, NM (CT)",72,385,457,117,1305,1422
35031943500,"McKinley, NM (CT)",1325,0,1325,3423,0,3423
35031943600,"McKinley, NM (CT)",2046,0,2046,5846,0,5846
35031943700,"McKinley, NM (CT)",1537,0,1537,3854,0,3854
35031943800,"McKinley, NM (CT)",1946,106,2052,5821,432,6253
35031943901,"McKinley, NM (CT)",1569,185,1754,4175,670,4845
35031943902,"McKinley, NM (CT)",1336,102,1438,3970,268,4238
35031944000,"McKinley, NM (CT)",934,0,934,2186,0,2186
35031945200,"McKinley, NM (CT)",429,1782,2211,1028,5471,6499
35031945300,"McKinley, NM (CT)",51,1088,1139,163,3023,3186
35031945400,"McKinley, NM (CT)",0,1452,1452,0,3241,3241
35031945500,"McKinley, NM (CT)",130,2373,2503,353,5485,5838
35031945600,"McKinley, NM (CT)",39,1595,1634,111,5137,5248
35031945700,"McKinley, NM (CT)",889,0,889,2197,0,2197
35031946000,"McKinley, NM (CT)",2124,0,2124,5677,0,5677
35031973100,"McKinley, NM (CT)",616,0,616,1080,0,1080
35033955200,"Mora, NM (CT)",3232,0,3232,4881,0,4881
35035000100,"Otero, NM (CT)",0,873,873,0,1593,1593
35035000200,"Otero, NM (CT)",0,1031,1031,0,1885,1885
35035000303,"Otero, NM (CT)",0,1081,1081,0,2328,2328
35035000304,"Otero, NM (CT)",133,1329,1462,253,3106,3359
35035000305,"Otero, NM (CT)",0,1766,1766,0,3770,3770
35035000306,"Otero, NM (CT)",0,1362,1362,0,3248,3248
35035000401,"Otero, NM (CT)",0,2259,2259,0,5052,5052
35035000402,"Otero, NM (CT)",410,2777,3187,872,6016,6888
35035000500,"Otero, NM (CT)",636,1761,2397,1252,3685,4937
35035000601,"Otero, NM (CT)",48,1006,1054,59,3054,3113
35035000602,"Otero, NM (CT)",1076,0,1076,2132,0,2132
35035000603,"Otero, NM (CT)",709,554,1263,1449,1179,2628
35035000700,"Otero, NM (CT)",1687,1351,3038,3408,2735,6143
35035000901,"Otero, NM (CT)",4181,0,4181,3167,0,3167
35035000902,"Otero, NM (CT)",1739,2111,3850,2675,7266,9941
35035940000,"Otero, NM (CT)",1112,0,1112,3613,0,3613
35037958601,"Quay, NM (CT)",148,1476,1624,233,2847,3080
35037958602,"Quay, NM (CT)",269,1452,1721,518,2425,2943
35037958900,"Quay, NM (CT)",2220,4,2224,3007,11,3018
35039000100,"Rio Arriba, NM (CT)",694,1013,1707,1283,2105,3388
35039000200,"Rio Arriba, NM (CT)",1076,756,1832,1948,1766,3714
35039000300,"Rio Arriba, NM (CT)",1308,1664,2972,2736,4221,6957
35039000400,"Rio Arriba, NM (CT)",2686,0,2686,4766,0,4766
35039000500,"Rio Arriba, NM (CT)",2972,0,2972,3711,0,3711
35039940700,"Rio Arriba, NM (CT)",0,1583,1583,0,3454,3454
35039940800,"Rio Arriba, NM (CT)",430,1530,1960,941,3507,4448
35039941000,"Rio Arriba, NM (CT)",1327,0,1327,3499,0,3499
35039944100,"Rio Arriba, NM (CT)",498,2101,2599,1144,5165,6309
35041000100,"Roosevelt, NM (CT)",0,2157,2157,0,4754,4754
35041000200,"Roosevelt, NM (CT)",139,1327,1466,278,3423,3701
35041000300,"Roosevelt, NM (CT)",69,1500,1569,149,4151,4300
35041000401,"Roosevelt, NM (CT)",1394,1,1395,3399,2,3401
35041000402,"Roosevelt, NM (CT)",1468,108,1576,3410,280,3690
35043010503,"Sandoval, NM (CT)",0,1426,1426,0,3425,3425
35043010601,"Sandoval, NM (CT)",0,1975,1975,0,4331,4331
35043010602,"Sandoval, NM (CT)",0,1834,1834,0,3998,3998
35043010702,"Sandoval, NM (CT)",21,2527,2548,56,6466,6522
35043010703,"Sandoval, NM (CT)",32,3060,3092,85,8234,8319
35043010705,"Sandoval, NM (CT)",0,2257,2257,0,5997,5997
35043010712,"Sandoval, NM (CT)",0,1954,1954,0,5173,5173
35043010713,"Sandoval, NM (CT)",0,2093,2093,0,5357,5357
35043010714,"Sandoval, NM (CT)",0,2041,2041,0,4698,4698
35043010715,"Sandoval, NM (CT)",0,1855,1855,0,3581,3581
35043010716,"Sandoval, NM (CT)",0,2998,2998,0,6048,6048
35043010717,"Sandoval, NM (CT)",3,3253,3256,7,8989,8996
35043010718,"Sandoval, NM (CT)",154,1626,1780,358,4445,4803
35043010719,"Sandoval, NM (CT)",0,1557,1557,0,3912,3912
35043010720,"Sandoval, NM (CT)",46,2486,2532,122,7388,7510
35043010721,"Sandoval, NM (CT)",0,1802,1802,0,4331,4331
35043010722,"Sandoval, NM (CT)",247,1437,1684,631,4277,4908
35043010723,"Sandoval, NM (CT)",122,3367,3489,204,9750,9954
35043010900,"Sandoval, NM (CT)",1442,63,1505,2092,226,2318
35043011000,"Sandoval, NM (CT)",941,18,959,1939,24,1963
35043011100,"Sandoval, NM (CT)",2828,504,3332,5608,1204,6812
35043011200,"Sandoval, NM (CT)",1754,0,1754,2729,0,2729
35043940200,"Sandoval, NM (CT)",256,509,765,999,2567,3566
35043940300,"Sandoval, NM (CT)",0,0,0,0,0,0
35043940500,"Sandoval, NM (CT)",0,1509,1509,0,4249,4249
35043940600,"Sandoval, NM (CT)",522,0,522,1815,0,1815
35043940700,"Sandoval, NM (CT)",663,172,835,3129,449,3578
35043940900,"Sandoval, NM (CT)",933,0,933,2668,0,2668
35045000100,"San Juan, NM (CT)",6,1943,1949,5,5106,5111
35045000201,"San Juan, NM (CT)",214,1523,1737,556,3789,4345
35045000202,"San Juan, NM (CT)",94,1811,1905,354,4653,5007
35045000204,"San Juan, NM (CT)",0,852,852,0,2304,2304
35045000205,"San Juan, NM (CT)",0,2639,2639,0,6698,6698
35045000301,"San Juan, NM (CT)",0,2205,2205,0,5172,5172
35045000302,"San Juan, NM (CT)",0,1531,1531,0,3479,3479
35045000401,"San Juan, NM (CT)",43,2092,2135,85,5250,5335
35045000402,"San Juan, NM (CT)",0,1410,1410,0,3671,3671
35045000503,"San Juan, NM (CT)",108,822,930,275,2869,3144
35045000504,"San Juan, NM (CT)",488,244,732,1390,698,2088
35045000505,"San Juan, NM (CT)",129,2382,2511,355,7146,7501
35045000607,"San Juan, NM (CT)",38,1020,1058,109,3523,3632
35045000608,"San Juan, NM (CT)",1566,583,2149,4292,1838,6130
35045000609,"San Juan, NM (CT)",84,575,659,181,1235,1416
35045000610,"San Juan, NM (CT)",233,1693,1926,557,3959,4516
35045000611,"San Juan, NM (CT)",1183,356,1539,2648,908,3556
35045000612,"San Juan, NM (CT)",123,691,814,335,1745,2080
35045000613,"San Juan, NM (CT)",684,1072,1756,1688,2509,4197
35045000702,"San Juan, NM (CT)",572,15,587,1162,70,1232
35045000705,"San Juan, NM (CT)",74,1429,1503,177,3654,3831
35045000706,"San Juan, NM (CT)",1165,243,1408,2554,698,3252
35045000707,"San Juan, NM (CT)",135,1500,1635,302,4007,4309
35045000708,"San Juan, NM (CT)",544,1179,1723,1308,3280,4588
35045000900,"San Juan, NM (CT)",751,14,765,2032,29,2061
35045942801,"San Juan, NM (CT)",972,20,992,2800,59,2859
35045942802,"San Juan, NM (CT)",558,1574,2132,1687,4500,6187
35045942803,"San Juan, NM (CT)",175,579,754,550,2110,2660
35045942900,"San Juan, NM (CT)",2075,0,2075,4929,0,4929
35045943000,"San Juan, NM (CT)",1375,99,1474,4483,340,4823
35045943100,"San Juan, NM (CT)",898,0,898,1943,0,1943
35045943201,"San Juan, NM (CT)",1825,261,2086,4916,786,5702
35045943300,"San Juan, NM (CT)",810,62,872,2105,181,2286
35047957200,"San Miguel, NM (CT)",270,1581,1851,643,3154,3797
35047957300,"San Miguel, NM (CT)",0,1567,1567,0,3257,3257
35047957400,"San Miguel, NM (CT)",77,2138,2215,150,4382,4532
35047957500,"San Miguel, NM (CT)",2760,226,2986,3828,567,4395
35047957600,"San Miguel, NM (CT)",3794,0,3794,6445,0,6445
35047957700,"San Miguel, NM (CT)",1313,0,1313,2457,0,2457
35047957800,"San Miguel, NM (CT)",111,1758,1869,261,4249,4510
35049000101,"Santa Fe, NM (CT)",362,2879,3241,531,3413,3944
35049000200,"Santa Fe, NM (CT)",6,2242,2248,7,3520,3527
35049000300,"Santa Fe, NM (CT)",0,1111,1111,0,1441,1441
35049000400,"Santa Fe, NM (CT)",0,339,339,0,336,336
35049000500,"Santa Fe, NM (CT)",0,2005,2005,0,2294,2294
35049000600,"Santa Fe, NM (CT)",0,1621,1621,0,2062,2062
35049000700,"Santa Fe, NM (CT)",0,1231,1231,0,2099,2099
35049000800,"Santa Fe, NM (CT)",0,1544,1544,0,2987,2987
35049000900,"Santa Fe, NM (CT)",0,1728,1728,0,3578,3578
35049001001,"Santa Fe, NM (CT)",0,1117,1117,0,2011,2011
35049001002,"Santa Fe, NM (CT)",0,1850,1850,0,3468,3468
35049001102,"Santa Fe, NM (CT)",0,1955,1955,0,3206,3206
35049001103,"Santa Fe, NM (CT)",0,838,838,0,1889,1889
35049001105,"Santa Fe, NM (CT)",0,1282,1282,0,2437,2437
35049001106,"Santa Fe, NM (CT)",0,1379,1379,0,2674,2674
35049001107,"Santa Fe, NM (CT)",0,2330,2330,0,5143,5143
35049001202,"Santa Fe, NM (CT)",0,2315,2315,0,5100,5100
35049001203,"Santa Fe, NM (CT)",104,923,1027,256,2609,2865
35049001204,"Santa Fe, NM (CT)",0,2107,2107,0,5556,5556
35049001205,"Santa Fe, NM (CT)",0,1652,1652,0,5290,5290
35049001301,"Santa Fe, NM (CT)",0,767,767,0,1661,1661
35049001302,"Santa Fe, NM (CT)",0,959,959,0,2852,2852
35049001303,"Santa Fe, NM (CT)",0,2523,2523,0,6888,6888
35049001304,"Santa Fe, NM (CT)",4,300,304,3,899,902
35049010102,"Santa Fe, NM (CT)",836,1364,2200,1782,3098,4880
35049010203,"Santa Fe, NM (CT)",855,0,855,1286,0,1286
35049010204,"Santa Fe, NM (CT)",1306,48,1354,2045,110,2155
35049010304,"Santa Fe, NM (CT)",863,832,1695,1655,2074,3729
35049010308,"Santa Fe, NM (CT)",507,468,975,1010,1339,2349
35049010309,"Santa Fe, NM (CT)",1244,0,1244,1765,0,1765
35049010310,"Santa Fe, NM (CT)",671,0,671,1291,0,1291
35049010311,"Santa Fe, NM (CT)",1482,303,1785,3473,770,4243
35049010312,"Santa Fe, NM (CT)",884,1073,1957,2038,2537,4575
35049010314,"Santa Fe, NM (CT)",0,704,704,0,1497,1497
35049010315,"Santa Fe, NM (CT)",0,1391,1391,0,2594,2594
35049010316,"Santa Fe, NM (CT)",0,822,822,0,1584,1584
35049010400,"Santa Fe, NM (CT)",516,1181,1697,1106,1960,3066
35049010500,"Santa Fe, NM (CT)",614,562,1176,864,907,1771
35049010601,"Santa Fe, NM (CT)",783,1127,1910,2252,2377,4629
35049010602,"Santa Fe, NM (CT)",435,1152,1587,818,2312,3130
35049010603,"Santa Fe, NM (CT)",1095,0,1095,2368,0,2368
35049010700,"Santa Fe, NM (CT)",1704,1038,2742,3311,2060,5371
35049010800,"Santa Fe, NM (CT)",1527,0,1527,2798,0,2798
35049010900,"Santa Fe, NM (CT)",711,568,1279,1242,1539,2781
35049940300,"Santa Fe, NM (CT)",331,410,741,793,959,1752
35049940400,"Santa Fe, NM (CT)",690,31,721,1333,71,1404
35049940500,"Santa Fe, NM (CT)",252,478,730,605,1006,1611
35049940600,"Santa Fe, NM (CT)",321,1214,1535,696,2587,3283
35049940900,"Santa Fe, NM (CT)",6,1357,1363,17,3102,3119
35049980000,"Santa Fe, NM (CT)",38,0,38,929,0,929
35051962200,"Sierra, NM (CT)",0,2281,2281,0,3456,3456
35051962300,"Sierra, NM (CT)",282,1951,2233,429,3031,3460
35051962401,"Sierra, NM (CT)",792,1411,2203,1052,1431,2483
35051962402,"Sierra, NM (CT)",1639,0,1639,2589,0,2589
35053940000,"Socorro, NM (CT)",498,0,498,1564,0,1564
35053978100,"Socorro, NM (CT)",1959,0,1959,4253,0,4253
35053978200,"Socorro, NM (CT)",998,0,998,1851,0,1851
35053978301,"Socorro, NM (CT)",108,1192,1300,322,2592,2914
35053978302,"Socorro, NM (CT)",0,1694,1694,0,3708,3708
35053978303,"Socorro, NM (CT)",424,1186,1610,885,2691,3576
35055940000,"Taos, NM (CT)",975,0,975,1886,0,1886
35055940100,"Taos, NM (CT)",2003,2251,4254,3924,3785,7709
35055952100,"Taos, NM (CT)",4982,330,5312,6087,296,6383
35055952300,"Taos, NM (CT)",2046,0,2046,2925,0,2925
35055952600,"Taos, NM (CT)",973,3043,4016,1803,6036,7839
35055952700,"Taos, NM (CT)",1858,1804,3662,2626,3569,6195
35057963201,"Torrance, NM (CT)",1800,89,1889,3879,199,4078
35057963202,"Torrance, NM (CT)",1448,0,1448,3157,0,3157
35057963600,"Torrance, NM (CT)",3063,0,3063,6854,0,6854
35057963700,"Torrance, NM (CT)",1398,0,1398,2294,0,2294
35059950200,"Union, NM (CT)",2305,0,2305,4549,0,4549
35061940300,"Valencia, NM (CT)",317,0,317,847,0,847
35061970101,"Valencia, NM (CT)",59,1496,1555,113,4595,4708
35061970102,"Valencia, NM (CT)",65,2647,2712,179,6451,6630
35061970200,"Valencia, NM (CT)",67,1541,1608,155,3748,3903
35061970301,"Valencia, NM (CT)",356,2037,2393,1002,6332,7334
35061970302,"Valencia, NM (CT)",426,611,1037,1143,1628,2771
35061970303,"Valencia, NM (CT)",441,2226,2667,1063,5494,6557
35061970401,"Valencia, NM (CT)",0,2053,2053,0,5087,5087
35061970404,"Valencia, NM (CT)",0,1978,1978,0,4814,4814
35061970405,"Valencia, NM (CT)",105,1047,1152,276,2697,2973
35061970700,"Valencia, NM (CT)",244,2000,2244,588,6253,6841
35061970800,"Valencia, NM (CT)",216,1988,2204,546,4509,5055
35061970901,"Valencia, NM (CT)",63,2043,2106,148,4522,4670
35061970902,"Valencia, NM (CT)",854,238,1092,2122,564,2686
35061971000,"Valencia, NM (CT)",281,1859,2140,755,3968,4723
35061971100,"Valencia, NM (CT)",638,0,638,1595,0,1595
35061971300,"Valencia, NM (CT)",929,5,934,2065,12,2077
35061971400,"Valencia, NM (CT)",92,1163,1255,214,3084,3298
36001000100,"Albany, NY (CT)",0,910,910,0,2139,2139
36001000200,"Albany, NY (CT)",0,3103,3103,0,6046,6046
36001000300,"Albany, NY (CT)",0,3041,3041,0,5888,5888
36001000401,"Albany, NY (CT)",0,1074,1074,0,2227,2227
36001000403,"Albany, NY (CT)",0,2306,2306,0,4415,4415
36001000404,"Albany, NY (CT)",0,13,13,0,5203,5203
36001000501,"Albany, NY (CT)",0,1652,1652,0,3412,3412
36001000502,"Albany, NY (CT)",0,943,943,0,3448,3448
36001000600,"Albany, NY (CT)",0,1708,1708,0,3676,3676
36001000700,"Albany, NY (CT)",0,1896,1896,0,3821,3821
36001000800,"Albany, NY (CT)",0,1302,1302,0,2393,2393
36001001100,"Albany, NY (CT)",0,812,812,0,1169,1169
36001001400,"Albany, NY (CT)",0,2693,2693,0,3560,3560
36001001500,"Albany, NY (CT)",0,2454,2454,0,4606,4606
36001001600,"Albany, NY (CT)",0,1882,1882,0,4273,4273
36001001700,"Albany, NY (CT)",0,1962,1962,0,4021,4021
36001001801,"Albany, NY (CT)",0,3394,3394,0,6579,6579
36001001802,"Albany, NY (CT)",0,2071,2071,0,3816,3816
36001001901,"Albany, NY (CT)",0,1191,1191,0,2607,2607
36001001902,"Albany, NY (CT)",0,1170,1170,0,2581,2581
36001002000,"Albany, NY (CT)",0,2601,2601,0,5771,5771
36001002100,"Albany, NY (CT)",0,1469,1469,0,3773,3773
36001002200,"Albany, NY (CT)",0,1528,1528,0,2344,2344
36001002300,"Albany, NY (CT)",0,1237,1237,0,2051,2051
36001002500,"Albany, NY (CT)",0,1665,1665,0,2872,2872
36001002600,"Albany, NY (CT)",0,2285,2285,0,5165,5165
36001012700,"Albany, NY (CT)",0,1265,1265,0,2342,2342
36001012800,"Albany, NY (CT)",0,2094,2094,0,3836,3836
36001012900,"Albany, NY (CT)",0,1949,1949,0,3445,3445
36001013000,"Albany, NY (CT)",0,3086,3086,0,6545,6545
36001013100,"Albany, NY (CT)",0,1408,1408,0,2620,2620
36001013200,"Albany, NY (CT)",0,1781,1781,0,3397,3397
36001013300,"Albany, NY (CT)",0,2315,2315,0,4427,4427
36001013400,"Albany, NY (CT)",0,1210,1210,0,2430,2430
36001013503,"Albany, NY (CT)",35,1850,1885,88,4189,4277
36001013505,"Albany, NY (CT)",0,1067,1067,0,2712,2712
36001013506,"Albany, NY (CT)",0,2864,2864,0,6361,6361
36001013507,"Albany, NY (CT)",0,1092,1092,0,2594,2594
36001013508,"Albany, NY (CT)",157,2462,2619,282,6265,6547
36001013601,"Albany, NY (CT)",0,3311,3311,0,9372,9372
36001013602,"Albany, NY (CT)",0,2355,2355,0,4409,4409
36001013703,"Albany, NY (CT)",0,628,628,0,2500,2500
36001013705,"Albany, NY (CT)",0,2956,2956,0,6628,6628
36001013706,"Albany, NY (CT)",0,839,839,0,2124,2124
36001013707,"Albany, NY (CT)",0,2653,2653,0,6061,6061
36001013801,"Albany, NY (CT)",250,2946,3196,544,6734,7278
36001013802,"Albany, NY (CT)",0,1618,1618,0,4390,4390
36001013901,"Albany, NY (CT)",0,1016,1016,0,2460,2460
36001013902,"Albany, NY (CT)",0,2316,2316,0,5333,5333
36001014001,"Albany, NY (CT)",0,2144,2144,0,4003,4003
36001014002,"Albany, NY (CT)",0,2061,2061,0,4542,4542
36001014100,"Albany, NY (CT)",173,2223,2396,453,4851,5304
36001014201,"Albany, NY (CT)",137,2127,2264,378,5390,5768
36001014202,"Albany, NY (CT)",70,2571,2641,196,5742,5938
36001014203,"Albany, NY (CT)",63,2489,2552,158,5844,6002
36001014301,"Albany, NY (CT)",1023,141,1164,2525,327,2852
36001014302,"Albany, NY (CT)",548,2464,3012,1254,6538,7792
36001014401,"Albany, NY (CT)",1278,524,1802,3064,1087,4151
36001014402,"Albany, NY (CT)",0,1513,1513,0,3267,3267
36001014501,"Albany, NY (CT)",887,142,1029,2014,366,2380
36001014502,"Albany, NY (CT)",1418,35,1453,3370,109,3479
36001014503,"Albany, NY (CT)",0,1158,1158,0,2789,2789
36001014606,"Albany, NY (CT)",316,1192,1508,772,2903,3675
36001014607,"Albany, NY (CT)",539,2693,3232,1357,6905,8262
36001014608,"Albany, NY (CT)",0,1188,1188,0,4358,4358
36001014609,"Albany, NY (CT)",0,2538,2538,0,4645,4645
36001014611,"Albany, NY (CT)",188,646,834,457,1361,1818
36001014612,"Albany, NY (CT)",0,713,713,0,1720,1720
36001014613,"Albany, NY (CT)",799,458,1257,1894,969,2863
36001014614,"Albany, NY (CT)",0,2423,2423,0,5588,5588
36001014615,"Albany, NY (CT)",0,1336,1336,0,2374,2374
36001014700,"Albany, NY (CT)",1131,0,1131,2692,0,2692
36001014801,"Albany, NY (CT)",1634,0,1634,2794,0,2794
36001014802,"Albany, NY (CT)",1271,0,1271,1843,0,1843
36001014803,"Albany, NY (CT)",1600,0,1600,3361,0,3361
36003940200,"Allegany, NY (CT)",6,0,6,1,0,1
36003950100,"Allegany, NY (CT)",1732,0,1732,2555,0,2555
36003950300,"Allegany, NY (CT)",1901,0,1901,4927,0,4927
36003950400,"Allegany, NY (CT)",3166,0,3166,3649,0,3649
36003950500,"Allegany, NY (CT)",2350,0,2350,3799,0,3799
36003950600,"Allegany, NY (CT)",2006,0,2006,3960,0,3960
36003950700,"Allegany, NY (CT)",863,1181,2044,1613,2208,3821
36003950800,"Allegany, NY (CT)",1223,658,1881,2065,4319,6384
36003950900,"Allegany, NY (CT)",1554,397,1951,3187,751,3938
36003951000,"Allegany, NY (CT)",1128,632,1760,1990,1259,3249
36003951100,"Allegany, NY (CT)",1156,821,1977,2069,1869,3938
36003951200,"Allegany, NY (CT)",2719,0,2719,5086,0,5086
36003951300,"Allegany, NY (CT)",2647,0,2647,3639,0,3639
36005000100,"Bronx, NY (CT)",0,0,0,0,11091,11091
36005000200,"Bronx, NY (CT)",0,1449,1449,0,4334,4334
36005000400,"Bronx, NY (CT)",0,1903,1903,0,5503,5503
36005001600,"Bronx, NY (CT)",0,2001,2001,0,5643,5643
36005001900,"Bronx, NY (CT)",0,606,606,0,1917,1917
36005002000,"Bronx, NY (CT)",0,3135,3135,0,8731,8731
36005002300,"Bronx, NY (CT)",0,1783,1783,0,4933,4933
36005002400,"Bronx, NY (CT)",0,3,3,0,4,4
36005002500,"Bronx, NY (CT)",0,1999,1999,0,5491,5491
36005002701,"Bronx, NY (CT)",0,1075,1075,0,3113,3113
36005002702,"Bronx, NY (CT)",0,1382,1382,0,4475,4475
36005002800,"Bronx, NY (CT)",0,2406,2406,0,5586,5586
36005003100,"Bronx, NY (CT)",0,551,551,0,1597,1597
36005003300,"Bronx, NY (CT)",0,1186,1186,0,3413,3413
36005003500,"Bronx, NY (CT)",0,1352,1352,0,3761,3761
36005003700,"Bronx, NY (CT)",0,136,136,0,245,245
36005003800,"Bronx, NY (CT)",0,432,432,0,1264,1264
36005003900,"Bronx, NY (CT)",0,2157,2157,0,6475,6475
36005004001,"Bronx, NY (CT)",0,576,576,0,1420,1420
36005004100,"Bronx, NY (CT)",0,2083,2083,0,6127,6127
36005004200,"Bronx, NY (CT)",0,2762,2762,0,7143,7143
36005004300,"Bronx, NY (CT)",0,1843,1843,0,5056,5056
36005004400,"Bronx, NY (CT)",0,1682,1682,0,4797,4797
36005004600,"Bronx, NY (CT)",0,648,648,0,1555,1555
36005004800,"Bronx, NY (CT)",0,1389,1389,0,3883,3883
36005005001,"Bronx, NY (CT)",0,1581,1581,0,4767,4767
36005005002,"Bronx, NY (CT)",0,1987,1987,0,5823,5823
36005005100,"Bronx, NY (CT)",0,1991,1991,0,5810,5810
36005005200,"Bronx, NY (CT)",0,797,797,0,2031,2031
36005005300,"Bronx, NY (CT)",0,1909,1909,0,4669,4669
36005005400,"Bronx, NY (CT)",0,1931,1931,0,5853,5853
36005005600,"Bronx, NY (CT)",0,1022,1022,0,2711,2711
36005005902,"Bronx, NY (CT)",0,1100,1100,0,2582,2582
36005006000,"Bronx, NY (CT)",0,385,385,0,1129,1129
36005006100,"Bronx, NY (CT)",0,2232,2232,0,3713,3713
36005006200,"Bronx, NY (CT)",0,2455,2455,0,6585,6585
36005006300,"Bronx, NY (CT)",0,1983,1983,0,5280,5280
36005006400,"Bronx, NY (CT)",0,1407,1407,0,3967,3967
36005006500,"Bronx, NY (CT)",0,1920,1920,0,5337,5337
36005006700,"Bronx, NY (CT)",0,2372,2372,0,6984,6984
36005006800,"Bronx, NY (CT)",0,1099,1099,0,2897,2897
36005006900,"Bronx, NY (CT)",0,2634,2634,0,7564,7564
36005007000,"Bronx, NY (CT)",0,1570,1570,0,4584,4584
36005007100,"Bronx, NY (CT)",0,630,630,0,1907,1907
36005007200,"Bronx, NY (CT)",0,1856,1856,0,5432,5432
36005007300,"Bronx, NY (CT)",0,1340,1340,0,3893,3893
36005007400,"Bronx, NY (CT)",0,1414,1414,0,3710,3710
36005007500,"Bronx, NY (CT)",0,1670,1670,0,4869,4869
36005007600,"Bronx, NY (CT)",0,1818,1818,0,5190,5190
36005007700,"Bronx, NY (CT)",0,600,600,0,1927,1927
36005007800,"Bronx, NY (CT)",0,2216,2216,0,6418,6418
36005007900,"Bronx, NY (CT)",0,2366,2366,0,6733,6733
36005008300,"Bronx, NY (CT)",0,2147,2147,0,6155,6155
36005008400,"Bronx, NY (CT)",0,749,749,0,2374,2374
36005008500,"Bronx, NY (CT)",0,1826,1826,0,5457,5457
36005008600,"Bronx, NY (CT)",0,1481,1481,0,4176,4176
36005008700,"Bronx, NY (CT)",0,1820,1820,0,5466,5466
36005008900,"Bronx, NY (CT)",0,1207,1207,0,3177,3177
36005009000,"Bronx, NY (CT)",0,1209,1209,0,3667,3667
36005009200,"Bronx, NY (CT)",0,1893,1893,0,5017,5017
36005009300,"Bronx, NY (CT)",0,1910,1910,0,6356,6356
36005009600,"Bronx, NY (CT)",0,809,809,0,2594,2594
36005009800,"Bronx, NY (CT)",0,1806,1806,0,5038,5038
36005011000,"Bronx, NY (CT)",0,48,48,0,151,151
36005011502,"Bronx, NY (CT)",0,1474,1474,0,4340,4340
36005011700,"Bronx, NY (CT)",0,601,601,0,1585,1585
36005011800,"Bronx, NY (CT)",0,1695,1695,0,5089,5089
36005011900,"Bronx, NY (CT)",0,2027,2027,0,5698,5698
36005012101,"Bronx, NY (CT)",0,999,999,0,3090,3090
36005012102,"Bronx, NY (CT)",0,520,520,0,1631,1631
36005012300,"Bronx, NY (CT)",0,1492,1492,0,4152,4152
36005012500,"Bronx, NY (CT)",0,1298,1298,0,3905,3905
36005012701,"Bronx, NY (CT)",0,819,819,0,2253,2253
36005012901,"Bronx, NY (CT)",0,1519,1519,0,4015,4015
36005013000,"Bronx, NY (CT)",0,482,482,0,1032,1032
36005013100,"Bronx, NY (CT)",0,1763,1763,0,5103,5103
36005013200,"Bronx, NY (CT)",0,2373,2373,0,5890,5890
36005013300,"Bronx, NY (CT)",0,2339,2339,0,6384,6384
36005013500,"Bronx, NY (CT)",0,1323,1323,0,3583,3583
36005013800,"Bronx, NY (CT)",0,1385,1385,0,3042,3042
36005014100,"Bronx, NY (CT)",0,1271,1271,0,3437,3437
36005014300,"Bronx, NY (CT)",0,393,393,0,1003,1003
36005014400,"Bronx, NY (CT)",0,2268,2268,0,5880,5880
36005014500,"Bronx, NY (CT)",0,2027,2027,0,5816,5816
36005014701,"Bronx, NY (CT)",0,2033,2033,0,6461,6461
36005014702,"Bronx, NY (CT)",0,1646,1646,0,5110,5110
36005014900,"Bronx, NY (CT)",0,1563,1563,0,4591,4591
36005015100,"Bronx, NY (CT)",0,1938,1938,0,5409,5409
36005015200,"Bronx, NY (CT)",0,987,987,0,2341,2341
36005015300,"Bronx, NY (CT)",0,1494,1494,0,4031,4031
36005015500,"Bronx, NY (CT)",0,1034,1034,0,3005,3005
36005015700,"Bronx, NY (CT)",0,1321,1321,0,3580,3580
36005015800,"Bronx, NY (CT)",0,480,480,0,1206,1206
36005015900,"Bronx, NY (CT)",0,686,686,0,2164,2164
36005016000,"Bronx, NY (CT)",0,1655,1655,0,3767,3767
36005016100,"Bronx, NY (CT)",0,1772,1772,0,4380,4380
36005016200,"Bronx, NY (CT)",0,626,626,0,1769,1769
36005016300,"Bronx, NY (CT)",0,0,0,0,0,0
36005016400,"Bronx, NY (CT)",0,481,481,0,1141,1141
36005016500,"Bronx, NY (CT)",0,386,386,0,1077,1077
36005016600,"Bronx, NY (CT)",0,814,814,0,2166,2166
36005016700,"Bronx, NY (CT)",0,711,711,0,2047,2047
36005016900,"Bronx, NY (CT)",0,489,489,0,1663,1663
36005017100,"Bronx, NY (CT)",0,0,0,0,0,0
36005017300,"Bronx, NY (CT)",0,2101,2101,0,5987,5987
36005017500,"Bronx, NY (CT)",0,2598,2598,0,6911,6911
36005017701,"Bronx, NY (CT)",0,1375,1375,0,4294,4294
36005017702,"Bronx, NY (CT)",0,1760,1760,0,4805,4805
36005017901,"Bronx, NY (CT)",0,1530,1530,0,4677,4677
36005017902,"Bronx, NY (CT)",0,1132,1132,0,3587,3587
36005018101,"Bronx, NY (CT)",0,1103,1103,0,3300,3300
36005018102,"Bronx, NY (CT)",0,1665,1665,0,5555,5555
36005018301,"Bronx, NY (CT)",0,2000,2000,0,4525,4525
36005018302,"Bronx, NY (CT)",0,1312,1312,0,3647,3647
36005018400,"Bronx, NY (CT)",0,1672,1672,0,3855,3855
36005018500,"Bronx, NY (CT)",0,2761,2761,0,7466,7466
36005018900,"Bronx, NY (CT)",0,2782,2782,0,7752,7752
36005019300,"Bronx, NY (CT)",0,2029,2029,0,5461,5461
36005019400,"Bronx, NY (CT)",0,746,746,0,1903,1903
36005019500,"Bronx, NY (CT)",0,2694,2694,0,7756,7756
36005019700,"Bronx, NY (CT)",0,2230,2230,0,7501,7501
36005019900,"Bronx, NY (CT)",0,2814,2814,0,8154,8154
36005020000,"Bronx, NY (CT)",0,1663,1663,0,4878,4878
36005020100,"Bronx, NY (CT)",0,1326,1326,0,4013,4013
36005020200,"Bronx, NY (CT)",0,907,907,0,2155,2155
36005020400,"Bronx, NY (CT)",0,1103,1103,0,2976,2976
36005020501,"Bronx, NY (CT)",0,2688,2688,0,6996,6996
36005020502,"Bronx, NY (CT)",0,699,699,0,1764,1764
36005020601,"Bronx, NY (CT)",0,1179,1179,0,3050,3050
36005020900,"Bronx, NY (CT)",0,1677,1677,0,4361,4361
36005021001,"Bronx, NY (CT)",0,4069,4069,0,8521,8521
36005021002,"Bronx, NY (CT)",0,3136,3136,0,6839,6839
36005021100,"Bronx, NY (CT)",0,1960,1960,0,5565,5565
36005021200,"Bronx, NY (CT)",0,2318,2318,0,5267,5267
36005021301,"Bronx, NY (CT)",0,410,410,0,1201,1201
36005021302,"Bronx, NY (CT)",0,1935,1935,0,5415,5415
36005021501,"Bronx, NY (CT)",0,1102,1102,0,3506,3506
36005021502,"Bronx, NY (CT)",0,2062,2062,0,6051,6051
36005021601,"Bronx, NY (CT)",0,1707,1707,0,4206,4206
36005021602,"Bronx, NY (CT)",0,2560,2560,0,5769,5769
36005021700,"Bronx, NY (CT)",0,1876,1876,0,5334,5334
36005021800,"Bronx, NY (CT)",0,2409,2409,0,6499,6499
36005021900,"Bronx, NY (CT)",0,429,429,0,1367,1367
36005022000,"Bronx, NY (CT)",0,459,459,0,1487,1487
36005022101,"Bronx, NY (CT)",0,1177,1177,0,3849,3849
36005022102,"Bronx, NY (CT)",0,1691,1691,0,5488,5488
36005022200,"Bronx, NY (CT)",0,1244,1244,0,3425,3425
36005022300,"Bronx, NY (CT)",0,1802,1802,0,5047,5047
36005022401,"Bronx, NY (CT)",0,1146,1146,0,2708,2708
36005022403,"Bronx, NY (CT)",0,1340,1340,0,3188,3188
36005022404,"Bronx, NY (CT)",0,1863,1863,0,4509,4509
36005022500,"Bronx, NY (CT)",0,2294,2294,0,7698,7698
36005022701,"Bronx, NY (CT)",0,1784,1784,0,5196,5196
36005022702,"Bronx, NY (CT)",0,634,634,0,1699,1699
36005022703,"Bronx, NY (CT)",0,567,567,0,1556,1556
36005022800,"Bronx, NY (CT)",0,2537,2537,0,6218,6218
36005022901,"Bronx, NY (CT)",0,1849,1849,0,5370,5370
36005022902,"Bronx, NY (CT)",0,1130,1130,0,3273,3273
36005023000,"Bronx, NY (CT)",0,1071,1071,0,2950,2950
36005023100,"Bronx, NY (CT)",0,445,445,0,1537,1537
36005023200,"Bronx, NY (CT)",0,968,968,0,2661,2661
36005023301,"Bronx, NY (CT)",0,1560,1560,0,4377,4377
36005023302,"Bronx, NY (CT)",0,1020,1020,0,3415,3415
36005023501,"Bronx, NY (CT)",0,1061,1061,0,3341,3341
36005023502,"Bronx, NY (CT)",0,1662,1662,0,4386,4386
36005023600,"Bronx, NY (CT)",0,673,673,0,1907,1907
36005023702,"Bronx, NY (CT)",0,344,344,0,1241,1241
36005023703,"Bronx, NY (CT)",0,1546,1546,0,5253,5253
36005023704,"Bronx, NY (CT)",0,1372,1372,0,3758,3758
36005023800,"Bronx, NY (CT)",0,911,911,0,2615,2615
36005023900,"Bronx, NY (CT)",0,2619,2619,0,8348,8348
36005024000,"Bronx, NY (CT)",0,1398,1398,0,3882,3882
36005024100,"Bronx, NY (CT)",0,2029,2029,0,6182,6182
36005024300,"Bronx, NY (CT)",0,1987,1987,0,5685,5685
36005024400,"Bronx, NY (CT)",0,878,878,0,2120,2120
36005024501,"Bronx, NY (CT)",0,1583,1583,0,4864,4864
36005024502,"Bronx, NY (CT)",0,1169,1169,0,3640,3640
36005024600,"Bronx, NY (CT)",0,805,805,0,2058,2058
36005024700,"Bronx, NY (CT)",0,651,651,0,1764,1764
36005024800,"Bronx, NY (CT)",0,1294,1294,0,3363,3363
36005024900,"Bronx, NY (CT)",0,0,0,0,0,0
36005025000,"Bronx, NY (CT)",0,1085,1085,0,2383,2383
36005025100,"Bronx, NY (CT)",0,2141,2141,0,6802,6802
36005025200,"Bronx, NY (CT)",0,1032,1032,0,2530,2530
36005025300,"Bronx, NY (CT)",0,1989,1989,0,6332,6332
36005025400,"Bronx, NY (CT)",0,876,876,0,1959,1959
36005025500,"Bronx, NY (CT)",0,2194,2194,0,6529,6529
36005025600,"Bronx, NY (CT)",0,702,702,0,1663,1663
36005025700,"Bronx, NY (CT)",0,684,684,0,1912,1912
36005026100,"Bronx, NY (CT)",0,1049,1049,0,1932,1932
36005026300,"Bronx, NY (CT)",0,2339,2339,0,6984,6984
36005026400,"Bronx, NY (CT)",0,2162,2162,0,4935,4935
36005026500,"Bronx, NY (CT)",0,2114,2114,0,6942,6942
36005026601,"Bronx, NY (CT)",0,1450,1450,0,2911,2911
36005026602,"Bronx, NY (CT)",0,2696,2696,0,5301,5301
36005026701,"Bronx, NY (CT)",0,1388,1388,0,4037,4037
36005026702,"Bronx, NY (CT)",0,2489,2489,0,7040,7040
36005026900,"Bronx, NY (CT)",0,1427,1427,0,3777,3777
36005027300,"Bronx, NY (CT)",0,2670,2670,0,7942,7942
36005027401,"Bronx, NY (CT)",0,1950,1950,0,4785,4785
36005027402,"Bronx, NY (CT)",0,1413,1413,0,3386,3386
36005027600,"Bronx, NY (CT)",0,218,218,0,473,473
36005027700,"Bronx, NY (CT)",0,1844,1844,0,5065,5065
36005027900,"Bronx, NY (CT)",0,2972,2972,0,6966,6966
36005028100,"Bronx, NY (CT)",0,1790,1790,0,3794,3794
36005028300,"Bronx, NY (CT)",0,1357,1357,0,3149,3149
36005028400,"Bronx, NY (CT)",0,67,67,0,894,894
36005028500,"Bronx, NY (CT)",0,1698,1698,0,3307,3307
36005028600,"Bronx, NY (CT)",0,540,540,0,1191,1191
36005028700,"Bronx, NY (CT)",0,1265,1265,0,3178,3178
36005028800,"Bronx, NY (CT)",0,1273,1273,0,3097,3097
36005028900,"Bronx, NY (CT)",0,1823,1823,0,4502,4502
36005029301,"Bronx, NY (CT)",0,994,994,0,1875,1875
36005029302,"Bronx, NY (CT)",0,2884,2884,0,5052,5052
36005029500,"Bronx, NY (CT)",0,2181,2181,0,4240,4240
36005029600,"Bronx, NY (CT)",0,773,773,0,2549,2549
36005029700,"Bronx, NY (CT)",0,1884,1884,0,3554,3554
36005030000,"Bronx, NY (CT)",0,2759,2759,0,5838,5838
36005030100,"Bronx, NY (CT)",0,621,621,0,1304,1304
36005030200,"Bronx, NY (CT)",0,4258,4258,0,8887,8887
36005030701,"Bronx, NY (CT)",0,2898,2898,0,5378,5378
36005030900,"Bronx, NY (CT)",0,1461,1461,0,3891,3891
36005031000,"Bronx, NY (CT)",0,1339,1339,0,4415,4415
36005031200,"Bronx, NY (CT)",0,614,614,0,1524,1524
36005031400,"Bronx, NY (CT)",0,689,689,0,1966,1966
36005031600,"Bronx, NY (CT)",0,658,658,0,1863,1863
36005031800,"Bronx, NY (CT)",0,646,646,0,1810,1810
36005031900,"Bronx, NY (CT)",0,0,0,0,751,751
36005032300,"Bronx, NY (CT)",0,2866,2866,0,4904,4904
36005032400,"Bronx, NY (CT)",0,1293,1293,0,2957,2957
36005032600,"Bronx, NY (CT)",0,1169,1169,0,3154,3154
36005032800,"Bronx, NY (CT)",0,1479,1479,0,3979,3979
36005033000,"Bronx, NY (CT)",0,2200,2200,0,5696,5696
36005033201,"Bronx, NY (CT)",0,1946,1946,0,4115,4115
36005033202,"Bronx, NY (CT)",0,1672,1672,0,4167,4167
36005033400,"Bronx, NY (CT)",0,624,624,0,1351,1351
36005033500,"Bronx, NY (CT)",0,810,810,0,2178,2178
36005033600,"Bronx, NY (CT)",0,2639,2639,0,6188,6188
36005033700,"Bronx, NY (CT)",0,1015,1015,0,2357,2357
36005033800,"Bronx, NY (CT)",0,1452,1452,0,3818,3818
36005034000,"Bronx, NY (CT)",0,1814,1814,0,4618,4618
36005034200,"Bronx, NY (CT)",0,640,640,0,1675,1675
36005034300,"Bronx, NY (CT)",0,642,642,0,1649,1649
36005034400,"Bronx, NY (CT)",0,642,642,0,1736,1736
36005034500,"Bronx, NY (CT)",0,1764,1764,0,3566,3566
36005034800,"Bronx, NY (CT)",0,2180,2180,0,6129,6129
36005035000,"Bronx, NY (CT)",0,701,701,0,1925,1925
36005035100,"Bronx, NY (CT)",0,1170,1170,0,3186,3186
36005035600,"Bronx, NY (CT)",0,702,702,0,2027,2027
36005035800,"Bronx, NY (CT)",0,2576,2576,0,7166,7166
36005035900,"Bronx, NY (CT)",0,705,705,0,2061,2061
36005036000,"Bronx, NY (CT)",0,959,959,0,2706,2706
36005036100,"Bronx, NY (CT)",0,2191,2191,0,6019,6019
36005036300,"Bronx, NY (CT)",0,2613,2613,0,7509,7509
36005036400,"Bronx, NY (CT)",0,935,935,0,2557,2557
36005036501,"Bronx, NY (CT)",0,1399,1399,0,3965,3965
36005036502,"Bronx, NY (CT)",0,790,790,0,2423,2423
36005036700,"Bronx, NY (CT)",0,690,690,0,2599,2599
36005036800,"Bronx, NY (CT)",0,666,666,0,2011,2011
36005036901,"Bronx, NY (CT)",0,791,791,0,2005,2005
36005036902,"Bronx, NY (CT)",0,762,762,0,2119,2119
36005037000,"Bronx, NY (CT)",0,856,856,0,2303,2303
36005037100,"Bronx, NY (CT)",0,1791,1791,0,4241,4241
36005037200,"Bronx, NY (CT)",0,872,872,0,2222,2222
36005037300,"Bronx, NY (CT)",0,1905,1905,0,5318,5318
36005037400,"Bronx, NY (CT)",0,1453,1453,0,3441,3441
36005037504,"Bronx, NY (CT)",0,1320,1320,0,3677,3677
36005037600,"Bronx, NY (CT)",0,850,850,0,2148,2148
36005037800,"Bronx, NY (CT)",0,1105,1105,0,3048,3048
36005037900,"Bronx, NY (CT)",0,1654,1654,0,5093,5093
36005038000,"Bronx, NY (CT)",0,1869,1869,0,4585,4585
36005038100,"Bronx, NY (CT)",0,2193,2193,0,6382,6382
36005038200,"Bronx, NY (CT)",0,963,963,0,2596,2596
36005038301,"Bronx, NY (CT)",0,1588,1588,0,4797,4797
36005038302,"Bronx, NY (CT)",0,2009,2009,0,6106,6106
36005038500,"Bronx, NY (CT)",0,1600,1600,0,4758,4758
36005038600,"Bronx, NY (CT)",0,2818,2818,0,7409,7409
36005038700,"Bronx, NY (CT)",0,1310,1310,0,3216,3216
36005038800,"Bronx, NY (CT)",0,930,930,0,2606,2606
36005038900,"Bronx, NY (CT)",0,1946,1946,0,5325,5325
36005039000,"Bronx, NY (CT)",0,1055,1055,0,2975,2975
36005039100,"Bronx, NY (CT)",0,2564,2564,0,6992,6992
36005039200,"Bronx, NY (CT)",0,631,631,0,1781,1781
36005039300,"Bronx, NY (CT)",0,3282,3282,0,8143,8143
36005039400,"Bronx, NY (CT)",0,1686,1686,0,4573,4573
36005039500,"Bronx, NY (CT)",0,1531,1531,0,4146,4146
36005039600,"Bronx, NY (CT)",0,1508,1508,0,3756,3756
36005039700,"Bronx, NY (CT)",0,573,573,0,3702,3702
36005039800,"Bronx, NY (CT)",0,1130,1130,0,3090,3090
36005039901,"Bronx, NY (CT)",0,1734,1734,0,5228,5228
36005039902,"Bronx, NY (CT)",0,1693,1693,0,5279,5279
36005040100,"Bronx, NY (CT)",0,1547,1547,0,4593,4593
36005040302,"Bronx, NY (CT)",0,1413,1413,0,4386,4386
36005040303,"Bronx, NY (CT)",0,1557,1557,0,4478,4478
36005040304,"Bronx, NY (CT)",0,1264,1264,0,3794,3794
36005040400,"Bronx, NY (CT)",0,1140,1140,0,3016,3016
36005040501,"Bronx, NY (CT)",0,1426,1426,0,4397,4397
36005040502,"Bronx, NY (CT)",0,2363,2363,0,6863,6863
36005040600,"Bronx, NY (CT)",0,1312,1312,0,3490,3490
36005040701,"Bronx, NY (CT)",0,1221,1221,0,3347,3347
36005040702,"Bronx, NY (CT)",0,2509,2509,0,6652,6652
36005040800,"Bronx, NY (CT)",0,1618,1618,0,4263,4263
36005040900,"Bronx, NY (CT)",0,1475,1475,0,3637,3637
36005041100,"Bronx, NY (CT)",0,1227,1227,0,2931,2931
36005041300,"Bronx, NY (CT)",0,2983,2983,0,7384,7384
36005041400,"Bronx, NY (CT)",0,1851,1851,0,5027,5027
36005041500,"Bronx, NY (CT)",0,2279,2279,0,5461,5461
36005041800,"Bronx, NY (CT)",0,1325,1325,0,3598,3598
36005041900,"Bronx, NY (CT)",0,2584,2584,0,6734,6734
36005042000,"Bronx, NY (CT)",0,1467,1467,0,3850,3850
36005042100,"Bronx, NY (CT)",0,2390,2390,0,5922,5922
36005042200,"Bronx, NY (CT)",0,1204,1204,0,3086,3086
36005042300,"Bronx, NY (CT)",0,1489,1489,0,4100,4100
36005042400,"Bronx, NY (CT)",0,870,870,0,2481,2481
36005042500,"Bronx, NY (CT)",0,2291,2291,0,6793,6793
36005042600,"Bronx, NY (CT)",0,2253,2253,0,6387,6387
36005042800,"Bronx, NY (CT)",0,753,753,0,2173,2173
36005042901,"Bronx, NY (CT)",0,1256,1256,0,3420,3420
36005042902,"Bronx, NY (CT)",0,1465,1465,0,3845,3845
36005043000,"Bronx, NY (CT)",0,1080,1080,0,2898,2898
36005043100,"Bronx, NY (CT)",0,3551,3551,0,9680,9680
36005043400,"Bronx, NY (CT)",0,1374,1374,0,3592,3592
36005043500,"Bronx, NY (CT)",0,12,12,0,39,39
36005043600,"Bronx, NY (CT)",0,731,731,0,2032,2032
36005044200,"Bronx, NY (CT)",0,1368,1368,0,3555,3555
36005044400,"Bronx, NY (CT)",0,1396,1396,0,3878,3878
36005044800,"Bronx, NY (CT)",0,706,706,0,2026,2026
36005044901,"Bronx, NY (CT)",0,938,938,0,1818,1818
36005044902,"Bronx, NY (CT)",0,985,985,0,1949,1949
36005045101,"Bronx, NY (CT)",0,919,919,0,1656,1656
36005045102,"Bronx, NY (CT)",0,998,998,0,1894,1894
36005045600,"Bronx, NY (CT)",0,1132,1132,0,2896,2896
36005045800,"Bronx, NY (CT)",0,2037,2037,0,6123,6123
36005046000,"Bronx, NY (CT)",0,1020,1020,0,2741,2741
36005046201,"Bronx, NY (CT)",0,12651,12651,0,26588,26588
36005046202,"Bronx, NY (CT)",0,2681,2681,0,8277,8277
36005048400,"Bronx, NY (CT)",0,1294,1294,0,3598,3598
36005050400,"Bronx, NY (CT)",19,0,19,39,0,39
36005051600,"Bronx, NY (CT)",0,2205,2205,0,4362,4362
36007000100,"Broome, NY (CT)",0,1606,1606,0,3220,3220
36007000200,"Broome, NY (CT)",0,1713,1713,0,3188,3188
36007000300,"Broome, NY (CT)",0,1496,1496,0,2975,2975
36007000400,"Broome, NY (CT)",0,1095,1095,0,2356,2356
36007000500,"Broome, NY (CT)",0,991,991,0,1969,1969
36007000600,"Broome, NY (CT)",0,1079,1079,0,2296,2296
36007000700,"Broome, NY (CT)",0,1649,1649,0,3684,3684
36007000900,"Broome, NY (CT)",0,824,824,0,1762,1762
36007001100,"Broome, NY (CT)",0,1070,1070,0,1689,1689
36007001200,"Broome, NY (CT)",0,984,984,0,1173,1173
36007001300,"Broome, NY (CT)",0,1358,1358,0,2762,2762
36007001400,"Broome, NY (CT)",0,2603,2603,0,5074,5074
36007001500,"Broome, NY (CT)",0,2203,2203,0,4672,4672
36007001600,"Broome, NY (CT)",0,1150,1150,0,2389,2389
36007001700,"Broome, NY (CT)",0,2125,2125,0,4081,4081
36007001800,"Broome, NY (CT)",0,1896,1896,0,4086,4086
36007010200,"Broome, NY (CT)",2061,162,2223,5011,366,5377
36007011901,"Broome, NY (CT)",1263,0,1263,2946,0,2946
36007011902,"Broome, NY (CT)",1114,0,1114,2732,0,2732
36007011903,"Broome, NY (CT)",1185,0,1185,2751,0,2751
36007012000,"Broome, NY (CT)",651,0,651,1672,0,1672
36007012101,"Broome, NY (CT)",465,1189,1654,1107,2710,3817
36007012102,"Broome, NY (CT)",8,1691,1699,24,4000,4024
36007012103,"Broome, NY (CT)",838,666,1504,1939,1472,3411
36007012201,"Broome, NY (CT)",254,881,1135,600,1921,2521
36007012202,"Broome, NY (CT)",1563,242,1805,3621,532,4153
36007012300,"Broome, NY (CT)",2302,0,2302,5232,0,5232
36007012400,"Broome, NY (CT)",1739,0,1739,2407,0,2407
36007012500,"Broome, NY (CT)",2829,112,2941,5992,282,6274
36007012600,"Broome, NY (CT)",1221,1299,2520,3073,2784,5857
36007012701,"Broome, NY (CT)",1156,1181,2337,2774,2667,5441
36007012702,"Broome, NY (CT)",1272,713,1985,3158,1784,4942
36007012800,"Broome, NY (CT)",162,2016,2178,336,4942,5278
36007012900,"Broome, NY (CT)",244,567,811,585,947,1532
36007013000,"Broome, NY (CT)",71,1839,1910,113,4278,4391
36007013100,"Broome, NY (CT)",0,1429,1429,0,2617,2617
36007013201,"Broome, NY (CT)",0,1030,1030,0,2269,2269
36007013202,"Broome, NY (CT)",0,1605,1605,0,3189,3189
36007013301,"Broome, NY (CT)",18,2454,2472,31,4948,4979
36007013303,"Broome, NY (CT)",505,640,1145,1195,1573,2768
36007013304,"Broome, NY (CT)",34,2457,2491,81,5958,6039
36007013400,"Broome, NY (CT)",0,2056,2056,0,4337,4337
36007013500,"Broome, NY (CT)",0,1043,1043,0,2018,2018
36007013600,"Broome, NY (CT)",0,1967,1967,0,3738,3738
36007013700,"Broome, NY (CT)",0,1653,1653,0,3299,3299
36007013800,"Broome, NY (CT)",0,1730,1730,0,3475,3475
36007013900,"Broome, NY (CT)",0,1240,1240,0,2352,2352
36007014000,"Broome, NY (CT)",0,1491,1491,0,3118,3118
36007014100,"Broome, NY (CT)",0,1550,1550,0,3449,3449
36007014200,"Broome, NY (CT)",0,1431,1431,0,2776,2776
36007014301,"Broome, NY (CT)",166,2097,2263,409,4896,5305
36007014302,"Broome, NY (CT)",0,1332,1332,0,9094,9094
36007014400,"Broome, NY (CT)",79,2115,2194,206,4858,5064
36007014500,"Broome, NY (CT)",479,1060,1539,1177,2138,3315
36007014600,"Broome, NY (CT)",1220,884,2104,3098,2167,5265
36009940000,"Cattaraugus, NY (CT)",108,0,108,314,0,314
36009940200,"Cattaraugus, NY (CT)",5,0,5,0,0,0
36009940300,"Cattaraugus, NY (CT)",577,2551,3128,1233,5257,6490
36009960100,"Cattaraugus, NY (CT)",1610,91,1701,3297,223,3520
36009960200,"Cattaraugus, NY (CT)",2118,240,2358,4177,452,4629
36009960300,"Cattaraugus, NY (CT)",2451,0,2451,4625,0,4625
36009960400,"Cattaraugus, NY (CT)",1106,846,1952,2430,1972,4402
36009960500,"Cattaraugus, NY (CT)",2115,0,2115,5253,0,5253
36009960600,"Cattaraugus, NY (CT)",1814,8,1822,3411,16,3427
36009960702,"Cattaraugus, NY (CT)",3325,196,3521,2714,420,3134
36009960800,"Cattaraugus, NY (CT)",2516,0,2516,4296,0,4296
36009961000,"Cattaraugus, NY (CT)",1526,738,2264,2991,1567,4558
36009961100,"Cattaraugus, NY (CT)",821,1092,1913,1682,2440,4122
36009961200,"Cattaraugus, NY (CT)",881,812,1693,1824,1811,3635
36009961300,"Cattaraugus, NY (CT)",1497,334,1831,3192,2095,5287
36009961400,"Cattaraugus, NY (CT)",2493,0,2493,5189,0,5189
36009961500,"Cattaraugus, NY (CT)",0,1108,1108,0,2279,2279
36009961600,"Cattaraugus, NY (CT)",0,1852,1852,0,3955,3955
36009961700,"Cattaraugus, NY (CT)",0,1957,1957,0,3545,3545
36009961800,"Cattaraugus, NY (CT)",0,2237,2237,0,4673,4673
36009962200,"Cattaraugus, NY (CT)",2075,11,2086,2970,14,2984
36011040100,"Cayuga, NY (CT)",2474,0,2474,4700,0,4700
36011040200,"Cayuga, NY (CT)",2154,0,2154,4743,0,4743
36011040300,"Cayuga, NY (CT)",1321,539,1860,2924,1273,4197
36011040400,"Cayuga, NY (CT)",1099,817,1916,2625,1839,4464
36011040500,"Cayuga, NY (CT)",1314,0,1314,3267,0,3267
36011040600,"Cayuga, NY (CT)",961,353,1314,2737,858,3595
36011040700,"Cayuga, NY (CT)",528,1237,1765,1296,2497,3793
36011040800,"Cayuga, NY (CT)",2141,0,2141,4820,0,4820
36011040900,"Cayuga, NY (CT)",1828,0,1828,4063,0,4063
36011041000,"Cayuga, NY (CT)",2528,0,2528,5189,0,5189
36011041100,"Cayuga, NY (CT)",1575,453,2028,3534,815,4349
36011041200,"Cayuga, NY (CT)",2340,188,2528,4742,417,5159
36011041300,"Cayuga, NY (CT)",0,1833,1833,0,3898,3898
36011041400,"Cayuga, NY (CT)",0,2606,2606,0,4879,4879
36011041500,"Cayuga, NY (CT)",0,1353,1353,0,2890,2890
36011041600,"Cayuga, NY (CT)",0,1136,1136,0,2544,2544
36011041700,"Cayuga, NY (CT)",0,1945,1945,0,3987,3987
36011041800,"Cayuga, NY (CT)",0,2251,2251,0,4677,4677
36011042100,"Cayuga, NY (CT)",0,1515,1515,0,4812,4812
36011990200,"Cayuga, NY (CT)",0,0,0,0,0,0
36013030100,"Chautauqua, NY (CT)",0,1774,1774,0,4024,4024
36013030200,"Chautauqua, NY (CT)",0,1910,1910,0,4235,4235
36013030300,"Chautauqua, NY (CT)",0,1092,1092,0,2132,2132
36013030400,"Chautauqua, NY (CT)",0,2021,2021,0,4152,4152
36013030500,"Chautauqua, NY (CT)",0,2011,2011,0,3519,3519
36013030600,"Chautauqua, NY (CT)",0,1684,1684,0,3964,3964
36013030700,"Chautauqua, NY (CT)",0,2094,2094,0,4582,4582
36013030800,"Chautauqua, NY (CT)",0,2152,2152,0,4538,4538
36013035100,"Chautauqua, NY (CT)",306,2013,2319,668,3799,4467
36013035300,"Chautauqua, NY (CT)",1169,0,1169,2673,0,2673
36013035400,"Chautauqua, NY (CT)",0,1395,1395,0,2963,2963
36013035500,"Chautauqua, NY (CT)",0,1464,1464,0,2924,2924
36013035600,"Chautauqua, NY (CT)",0,1652,1652,0,3554,3554
36013035700,"Chautauqua, NY (CT)",0,1482,1482,0,3122,3122
36013035800,"Chautauqua, NY (CT)",0,1888,1888,0,3907,3907
36013035901,"Chautauqua, NY (CT)",150,2151,2301,386,4639,5025
36013035902,"Chautauqua, NY (CT)",0,94,94,0,2770,2770
36013036000,"Chautauqua, NY (CT)",1488,695,2183,3153,1428,4581
36013036100,"Chautauqua, NY (CT)",2458,0,2458,5018,0,5018
36013036300,"Chautauqua, NY (CT)",1806,318,2124,4620,207,4827
36013036401,"Chautauqua, NY (CT)",3223,0,3223,2979,0,2979
36013036402,"Chautauqua, NY (CT)",2425,0,2425,3733,0,3733
36013036500,"Chautauqua, NY (CT)",1079,1460,2539,1881,3015,4896
36013036600,"Chautauqua, NY (CT)",2050,0,2050,3521,0,3521
36013036700,"Chautauqua, NY (CT)",1900,0,1900,4257,0,4257
36013036800,"Chautauqua, NY (CT)",2458,96,2554,4239,234,4473
36013036901,"Chautauqua, NY (CT)",1339,0,1339,2989,0,2989
36013036902,"Chautauqua, NY (CT)",1246,1209,2455,1814,1630,3444
36013037000,"Chautauqua, NY (CT)",1421,91,1512,3234,233,3467
36013037100,"Chautauqua, NY (CT)",246,2173,2419,360,3524,3884
36013037200,"Chautauqua, NY (CT)",129,1523,1652,301,3219,3520
36013037300,"Chautauqua, NY (CT)",805,1646,2451,1927,3267,5194
36013037400,"Chautauqua, NY (CT)",1757,0,1757,3999,0,3999
36013037500,"Chautauqua, NY (CT)",2082,68,2150,4723,151,4874
36013037600,"Chautauqua, NY (CT)",1227,0,1227,2698,0,2698
36013990000,"Chautauqua, NY (CT)",0,0,0,0,0,0
36015000100,"Chemung, NY (CT)",0,1214,1214,0,2943,2943
36015000200,"Chemung, NY (CT)",0,1307,1307,0,2807,2807
36015000300,"Chemung, NY (CT)",0,3,3,0,1788,1788
36015000400,"Chemung, NY (CT)",0,1055,1055,0,2208,2208
36015000500,"Chemung, NY (CT)",0,1523,1523,0,3090,3090
36015000600,"Chemung, NY (CT)",0,1493,1493,0,3732,3732
36015000700,"Chemung, NY (CT)",0,1218,1218,0,2439,2439
36015000900,"Chemung, NY (CT)",0,1570,1570,0,3730,3730
36015001000,"Chemung, NY (CT)",0,1423,1423,0,2922,2922
36015001100,"Chemung, NY (CT)",0,1507,1507,0,3541,3541
36015010100,"Chemung, NY (CT)",1566,0,1566,3519,0,3519
36015010200,"Chemung, NY (CT)",2110,418,2528,5005,926,5931
36015010300,"Chemung, NY (CT)",927,2340,3267,2286,5445,7731
36015010400,"Chemung, NY (CT)",0,1767,1767,0,3599,3599
36015010500,"Chemung, NY (CT)",0,1429,1429,0,2817,2817
36015010600,"Chemung, NY (CT)",191,1191,1382,454,2614,3068
36015010700,"Chemung, NY (CT)",721,2170,2891,1788,5638,7426
36015010800,"Chemung, NY (CT)",0,1842,1842,0,3742,3742
36015010900,"Chemung, NY (CT)",153,2185,2338,331,4781,5112
36015011000,"Chemung, NY (CT)",1762,0,1762,4050,0,4050
36015011100,"Chemung, NY (CT)",203,3159,3362,430,6811,7241
36015011200,"Chemung, NY (CT)",1496,426,1922,3615,1779,5394
36017970100,"Chenango, NY (CT)",2772,0,2772,6077,0,6077
36017970200,"Chenango, NY (CT)",2776,0,2776,4622,0,4622
36017970300,"Chenango, NY (CT)",0,1871,1871,0,4067,4067
36017970400,"Chenango, NY (CT)",0,1538,1538,0,3123,3123
36017970500,"Chenango, NY (CT)",2521,144,2665,5356,327,5683
36017970601,"Chenango, NY (CT)",1516,322,1838,3491,734,4225
36017970602,"Chenango, NY (CT)",1956,9,1965,3934,14,3948
36017970700,"Chenango, NY (CT)",1345,0,1345,2397,0,2397
36017970801,"Chenango, NY (CT)",1842,59,1901,3813,108,3921
36017970802,"Chenango, NY (CT)",1789,0,1789,3721,0,3721
36017970900,"Chenango, NY (CT)",2482,0,2482,5058,0,5058
36017971000,"Chenango, NY (CT)",1768,0,1768,3635,0,3635
36019100100,"Clinton, NY (CT)",2878,0,2878,5754,0,5754
36019100200,"Clinton, NY (CT)",2016,0,2016,4284,0,4284
36019100300,"Clinton, NY (CT)",2790,0,2790,6479,0,6479
36019100400,"Clinton, NY (CT)",2704,0,2704,7378,0,7378
36019100600,"Clinton, NY (CT)",2469,0,2469,5545,0,5545
36019100700,"Clinton, NY (CT)",687,865,1552,1594,1881,3475
36019100800,"Clinton, NY (CT)",851,1223,2074,1969,2762,4731
36019100900,"Clinton, NY (CT)",0,2875,2875,0,5128,5128
36019101000,"Clinton, NY (CT)",0,1783,1783,0,4128,4128
36019101100,"Clinton, NY (CT)",0,13,13,0,2608,2608
36019101300,"Clinton, NY (CT)",0,1407,1407,0,3008,3008
36019101400,"Clinton, NY (CT)",0,1095,1095,0,1919,1919
36019101600,"Clinton, NY (CT)",0,685,685,0,1544,1544
36019101700,"Clinton, NY (CT)",1608,512,2120,3850,1331,5181
36019101800,"Clinton, NY (CT)",2751,0,2751,5504,0,5504
36019101900,"Clinton, NY (CT)",2804,27,2831,6961,37,6998
36019102000,"Clinton, NY (CT)",1473,0,1473,3146,0,3146
36019102100,"Clinton, NY (CT)",101,753,854,226,1894,2120
36019102200,"Clinton, NY (CT)",0,1518,1518,0,3198,3198
36021000100,"Columbia, NY (CT)",1316,0,1316,2305,0,2305
36021000200,"Columbia, NY (CT)",1120,0,1120,1710,0,1710
36021000300,"Columbia, NY (CT)",2137,125,2262,3976,152,4128
36021000401,"Columbia, NY (CT)",533,616,1149,1137,1219,2356
36021000402,"Columbia, NY (CT)",995,1576,2571,2404,3738,6142
36021000500,"Columbia, NY (CT)",822,95,917,1800,227,2027
36021000600,"Columbia, NY (CT)",526,698,1224,1069,1746,2815
36021000700,"Columbia, NY (CT)",2558,0,2558,5402,0,5402
36021000800,"Columbia, NY (CT)",1082,0,1082,1654,0,1654
36021000900,"Columbia, NY (CT)",1254,0,1254,1927,0,1927
36021001000,"Columbia, NY (CT)",2878,82,2960,5906,115,6021
36021001100,"Columbia, NY (CT)",687,1392,2079,1227,2938,4165
36021001200,"Columbia, NY (CT)",0,1700,1700,0,3475,3475
36021001300,"Columbia, NY (CT)",0,1615,1615,0,3238,3238
36021001400,"Columbia, NY (CT)",1811,0,1811,3646,0,3646
36021001500,"Columbia, NY (CT)",814,0,814,1310,0,1310
36021001600,"Columbia, NY (CT)",2382,0,2382,3615,0,3615
36021001700,"Columbia, NY (CT)",1010,0,1010,1573,0,1573
36021001800,"Columbia, NY (CT)",1035,0,1035,1668,0,1668
36021001900,"Columbia, NY (CT)",866,0,866,1965,0,1965
36021002000,"Columbia, NY (CT)",1050,0,1050,1954,0,1954
36023970100,"Cortland, NY (CT)",1619,0,1619,3715,0,3715
36023970200,"Cortland, NY (CT)",2373,107,2480,5559,271,5830
36023970300,"Cortland, NY (CT)",0,1377,1377,0,3144,3144
36023970400,"Cortland, NY (CT)",687,538,1225,1700,1272,2972
36023970500,"Cortland, NY (CT)",0,1727,1727,0,3862,3862
36023970600,"Cortland, NY (CT)",0,1673,1673,0,3125,3125
36023970700,"Cortland, NY (CT)",0,1994,1994,0,4590,4590
36023970800,"Cortland, NY (CT)",0,91,91,0,2717,2717
36023970900,"Cortland, NY (CT)",0,1948,1948,0,4910,4910
36023971000,"Cortland, NY (CT)",816,1546,2362,1935,3602,5537
36023971100,"Cortland, NY (CT)",2260,0,2260,4823,0,4823
36023971200,"Cortland, NY (CT)",1821,0,1821,4111,0,4111
36025970100,"Delaware, NY (CT)",2416,218,2634,4090,452,4542
36025970200,"Delaware, NY (CT)",2006,0,2006,3204,0,3204
36025970300,"Delaware, NY (CT)",1465,0,1465,2411,0,2411
36025970400,"Delaware, NY (CT)",1087,1905,2992,1865,3909,5774
36025970500,"Delaware, NY (CT)",2865,0,2865,4279,0,4279
36025970600,"Delaware, NY (CT)",1550,1556,3106,2509,3067,5576
36025970700,"Delaware, NY (CT)",2405,0,2405,2624,0,2624
36025970800,"Delaware, NY (CT)",1138,731,1869,2164,1598,3762
36025970900,"Delaware, NY (CT)",0,1,1,0,1355,1355
36025971000,"Delaware, NY (CT)",1894,0,1894,2900,0,2900
36025971100,"Delaware, NY (CT)",2191,0,2191,2502,0,2502
36025971200,"Delaware, NY (CT)",3229,0,3229,3750,0,3750
36025971300,"Delaware, NY (CT)",1822,0,1822,2077,0,2077
36025971400,"Delaware, NY (CT)",2743,0,2743,3224,0,3224
36027010000,"Dutchess, NY (CT)",2045,0,2045,4436,0,4436
36027020003,"Dutchess, NY (CT)",149,1734,1883,414,3839,4253
36027020004,"Dutchess, NY (CT)",260,716,976,675,2191,2866
36027020005,"Dutchess, NY (CT)",750,1181,1931,2039,3386,5425
36027030000,"Dutchess, NY (CT)",1915,0,1915,4312,0,4312
36027040001,"Dutchess, NY (CT)",2051,0,2051,4836,0,4836
36027040003,"Dutchess, NY (CT)",1373,213,1586,3434,429,3863
36027050102,"Dutchess, NY (CT)",2,1240,1242,5,3583,3588
36027050103,"Dutchess, NY (CT)",119,1723,1842,358,5214,5572
36027050104,"Dutchess, NY (CT)",0,2256,2256,0,6471,6471
36027050203,"Dutchess, NY (CT)",276,1512,1788,794,4177,4971
36027050204,"Dutchess, NY (CT)",798,214,1012,2265,713,2978
36027050205,"Dutchess, NY (CT)",816,1083,1899,2180,3269,5449
36027060100,"Dutchess, NY (CT)",0,2129,2129,0,4799,4799
36027060201,"Dutchess, NY (CT)",17,1501,1518,46,4381,4427
36027060202,"Dutchess, NY (CT)",196,1625,1821,458,3539,3997
36027060301,"Dutchess, NY (CT)",0,1635,1635,0,4531,4531
36027060302,"Dutchess, NY (CT)",106,899,1005,268,1914,2182
36027060400,"Dutchess, NY (CT)",0,1138,1138,0,2171,2171
36027070101,"Dutchess, NY (CT)",1315,533,1848,3098,1275,4373
36027070102,"Dutchess, NY (CT)",892,495,1387,2313,1159,3472
36027070201,"Dutchess, NY (CT)",12,1374,1386,22,2838,2860
36027070301,"Dutchess, NY (CT)",426,2142,2568,1080,5163,6243
36027070401,"Dutchess, NY (CT)",0,1227,1227,0,4623,4623
36027080103,"Dutchess, NY (CT)",522,1111,1633,1371,3264,4635
36027080104,"Dutchess, NY (CT)",942,436,1378,2583,1255,3838
36027080201,"Dutchess, NY (CT)",0,1698,1698,0,4640,4640
36027080202,"Dutchess, NY (CT)",183,776,959,502,2115,2617
36027090000,"Dutchess, NY (CT)",1279,0,1279,2370,0,2370
36027100000,"Dutchess, NY (CT)",1627,0,1627,3031,0,3031
36027110003,"Dutchess, NY (CT)",870,800,1670,2174,1889,4063
36027110004,"Dutchess, NY (CT)",694,233,927,1424,629,2053
36027110005,"Dutchess, NY (CT)",0,996,996,0,2347,2347
36027120000,"Dutchess, NY (CT)",1284,0,1284,2473,0,2473
36027130003,"Dutchess, NY (CT)",527,1740,2267,1302,3817,5119
36027130004,"Dutchess, NY (CT)",564,136,700,1374,361,1735
36027130005,"Dutchess, NY (CT)",765,317,1082,1936,882,2818
36027140101,"Dutchess, NY (CT)",0,1376,1376,0,5126,5126
36027140200,"Dutchess, NY (CT)",0,2977,2977,0,7124,7124
36027140300,"Dutchess, NY (CT)",0,2802,2802,0,6169,6169
36027140400,"Dutchess, NY (CT)",0,1828,1828,0,5218,5218
36027140500,"Dutchess, NY (CT)",0,1280,1280,0,2588,2588
36027140602,"Dutchess, NY (CT)",0,1057,1057,0,2840,2840
36027140700,"Dutchess, NY (CT)",0,2543,2543,0,6612,6612
36027140801,"Dutchess, NY (CT)",0,1063,1063,0,2804,2804
36027150003,"Dutchess, NY (CT)",380,450,830,946,2081,3027
36027150004,"Dutchess, NY (CT)",573,878,1451,1369,2244,3613
36027150005,"Dutchess, NY (CT)",1006,150,1156,2343,375,2718
36027150006,"Dutchess, NY (CT)",0,947,947,0,1961,1961
36027160003,"Dutchess, NY (CT)",982,97,1079,2250,111,2361
36027160004,"Dutchess, NY (CT)",1034,116,1150,2266,264,2530
36027160005,"Dutchess, NY (CT)",0,1424,1424,0,2657,2657
36027170000,"Dutchess, NY (CT)",1913,0,1913,3823,0,3823
36027180001,"Dutchess, NY (CT)",1435,476,1911,3375,1502,4877
36027190101,"Dutchess, NY (CT)",0,1415,1415,0,4063,4063
36027190102,"Dutchess, NY (CT)",286,477,763,874,1098,1972
36027190203,"Dutchess, NY (CT)",0,1014,1014,0,2540,2540
36027190204,"Dutchess, NY (CT)",0,1793,1793,0,5149,5149
36027190301,"Dutchess, NY (CT)",0,1723,1723,0,3439,3439
36027190401,"Dutchess, NY (CT)",0,803,803,0,2085,2085
36027190402,"Dutchess, NY (CT)",0,1375,1375,0,3220,3220
36027200001,"Dutchess, NY (CT)",1661,0,1661,3289,0,3289
36027200002,"Dutchess, NY (CT)",798,0,798,1452,0,1452
36027210101,"Dutchess, NY (CT)",0,2146,2146,0,5328,5328
36027210201,"Dutchess, NY (CT)",0,1810,1810,0,4129,4129
36027210301,"Dutchess, NY (CT)",0,1688,1688,0,4182,4182
36027220100,"Dutchess, NY (CT)",0,2292,2292,0,6011,6011
36027220201,"Dutchess, NY (CT)",0,1330,1330,0,3659,3659
36027220300,"Dutchess, NY (CT)",0,1872,1872,0,4674,4674
36027220700,"Dutchess, NY (CT)",0,1108,1108,0,2517,2517
36027220801,"Dutchess, NY (CT)",0,2141,2141,0,4077,4077
36027220901,"Dutchess, NY (CT)",0,1747,1747,0,4276,4276
36027221001,"Dutchess, NY (CT)",0,1802,1802,0,3654,3654
36027221100,"Dutchess, NY (CT)",0,1692,1692,0,3868,3868
36027300000,"Dutchess, NY (CT)",0,2443,2443,0,5522,5522
36027410000,"Dutchess, NY (CT)",0,769,769,0,3918,3918
36027610000,"Dutchess, NY (CT)",0,7,7,0,2077,2077
36027640001,"Dutchess, NY (CT)",0,0,0,0,0,0
36027640002,"Dutchess, NY (CT)",0,71,71,0,1902,1902
36029000110,"Erie, NY (CT)",0,1253,1253,0,2761,2761
36029000200,"Erie, NY (CT)",0,1922,1922,0,4076,4076
36029000500,"Erie, NY (CT)",0,1072,1072,0,1961,1961
36029000600,"Erie, NY (CT)",0,2227,2227,0,4752,4752
36029000700,"Erie, NY (CT)",0,1680,1680,0,3766,3766
36029000800,"Erie, NY (CT)",0,2114,2114,0,4704,4704
36029000900,"Erie, NY (CT)",0,1141,1141,0,2373,2373
36029001000,"Erie, NY (CT)",0,2738,2738,0,5730,5730
36029001100,"Erie, NY (CT)",0,1575,1575,0,3154,3154
36029001402,"Erie, NY (CT)",0,1822,1822,0,3253,3253
36029001500,"Erie, NY (CT)",0,934,934,0,1485,1485
36029001600,"Erie, NY (CT)",0,1704,1704,0,2283,2283
36029001700,"Erie, NY (CT)",0,1031,1031,0,1777,1777
36029001900,"Erie, NY (CT)",0,1625,1625,0,3089,3089
36029002300,"Erie, NY (CT)",0,1716,1716,0,3336,3336
36029002400,"Erie, NY (CT)",0,2446,2446,0,4257,4257
36029002502,"Erie, NY (CT)",0,1092,1092,0,2187,2187
36029002702,"Erie, NY (CT)",0,1473,1473,0,2425,2425
36029002800,"Erie, NY (CT)",0,1387,1387,0,2346,2346
36029002900,"Erie, NY (CT)",0,1260,1260,0,1997,1997
36029003000,"Erie, NY (CT)",0,1381,1381,0,2654,2654
36029003100,"Erie, NY (CT)",0,1309,1309,0,2294,2294
36029003301,"Erie, NY (CT)",0,1806,1806,0,3565,3565
36029003302,"Erie, NY (CT)",0,1836,1836,0,3119,3119
36029003400,"Erie, NY (CT)",0,1618,1618,0,2757,2757
36029003500,"Erie, NY (CT)",0,1983,1983,0,3311,3311
36029003600,"Erie, NY (CT)",0,1403,1403,0,2608,2608
36029003700,"Erie, NY (CT)",0,1989,1989,0,4468,4468
36029003800,"Erie, NY (CT)",0,1323,1323,0,3108,3108
36029003901,"Erie, NY (CT)",0,583,583,0,1150,1150
36029004001,"Erie, NY (CT)",0,2160,2160,0,4013,4013
36029004100,"Erie, NY (CT)",0,2215,2215,0,4497,4497
36029004200,"Erie, NY (CT)",0,1605,1605,0,3520,3520
36029004300,"Erie, NY (CT)",0,2615,2615,0,5975,5975
36029004401,"Erie, NY (CT)",0,2059,2059,0,4165,4165
36029004402,"Erie, NY (CT)",0,1275,1275,0,2682,2682
36029004500,"Erie, NY (CT)",0,2641,2641,0,5469,5469
36029004601,"Erie, NY (CT)",0,1515,1515,0,3514,3514
36029004602,"Erie, NY (CT)",0,1,1,0,1374,1374
36029004700,"Erie, NY (CT)",0,2912,2912,0,6709,6709
36029004800,"Erie, NY (CT)",0,1914,1914,0,3819,3819
36029004900,"Erie, NY (CT)",0,3139,3139,0,5983,5983
36029005000,"Erie, NY (CT)",0,1247,1247,0,2409,2409
36029005100,"Erie, NY (CT)",0,2487,2487,0,4416,4416
36029005201,"Erie, NY (CT)",0,1518,1518,0,3027,3027
36029005202,"Erie, NY (CT)",0,1081,1081,0,2917,2917
36029005300,"Erie, NY (CT)",0,540,540,0,1458,1458
36029005400,"Erie, NY (CT)",0,2053,2053,0,3850,3850
36029005500,"Erie, NY (CT)",0,2083,2083,0,4054,4054
36029005600,"Erie, NY (CT)",0,2022,2022,0,4182,4182
36029005700,"Erie, NY (CT)",0,1345,1345,0,2923,2923
36029005801,"Erie, NY (CT)",0,1525,1525,0,3366,3366
36029005802,"Erie, NY (CT)",0,2039,2039,0,4881,4881
36029005900,"Erie, NY (CT)",0,1928,1928,0,3957,3957
36029006100,"Erie, NY (CT)",0,2281,2281,0,4986,4986
36029006201,"Erie, NY (CT)",0,0,0,0,1549,1549
36029006301,"Erie, NY (CT)",0,2451,2451,0,4709,4709
36029006302,"Erie, NY (CT)",0,1338,1338,0,2589,2589
36029006501,"Erie, NY (CT)",0,1578,1578,0,2883,2883
36029006601,"Erie, NY (CT)",0,1417,1417,0,2441,2441
36029006602,"Erie, NY (CT)",0,1463,1463,0,2262,2262
36029006701,"Erie, NY (CT)",0,2352,2352,0,3354,3354
36029006702,"Erie, NY (CT)",0,2516,2516,0,3224,3224
36029006800,"Erie, NY (CT)",0,2406,2406,0,3380,3380
36029006901,"Erie, NY (CT)",0,1729,1729,0,3773,3773
36029006902,"Erie, NY (CT)",0,2219,2219,0,3948,3948
36029007000,"Erie, NY (CT)",0,1534,1534,0,3133,3133
36029007101,"Erie, NY (CT)",0,1926,1926,0,3642,3642
36029007102,"Erie, NY (CT)",0,1638,1638,0,2681,2681
36029007202,"Erie, NY (CT)",0,1000,1000,0,1639,1639
36029007302,"Erie, NY (CT)",804,2371,3175,2083,5820,7903
36029007303,"Erie, NY (CT)",6,3007,3013,13,7094,7107
36029007304,"Erie, NY (CT)",0,2085,2085,0,5364,5364
36029007600,"Erie, NY (CT)",0,1311,1311,0,2955,2955
36029007700,"Erie, NY (CT)",0,2251,2251,0,4712,4712
36029007800,"Erie, NY (CT)",0,2442,2442,0,5206,5206
36029007901,"Erie, NY (CT)",0,1530,1530,0,2941,2941
36029007902,"Erie, NY (CT)",0,2760,2760,0,6018,6018
36029007903,"Erie, NY (CT)",0,1508,1508,0,3377,3377
36029007904,"Erie, NY (CT)",0,1355,1355,0,3081,3081
36029007905,"Erie, NY (CT)",0,2191,2191,0,4541,4541
36029008001,"Erie, NY (CT)",0,2372,2372,0,5730,5730
36029008002,"Erie, NY (CT)",0,2591,2591,0,5393,5393
36029008003,"Erie, NY (CT)",0,2349,2349,0,5234,5234
36029008101,"Erie, NY (CT)",0,3003,3003,0,5984,5984
36029008102,"Erie, NY (CT)",0,2044,2044,0,4487,4487
36029008201,"Erie, NY (CT)",0,1177,1177,0,2580,2580
36029008202,"Erie, NY (CT)",0,2052,2052,0,3788,3788
36029008300,"Erie, NY (CT)",0,1225,1225,0,2584,2584
36029008400,"Erie, NY (CT)",0,1146,1146,0,2406,2406
36029008500,"Erie, NY (CT)",0,1231,1231,0,2588,2588
36029008600,"Erie, NY (CT)",0,2285,2285,0,4805,4805
36029008700,"Erie, NY (CT)",0,2222,2222,0,4675,4675
36029008800,"Erie, NY (CT)",0,1649,1649,0,3355,3355
36029008900,"Erie, NY (CT)",0,2064,2064,0,4213,4213
36029009004,"Erie, NY (CT)",0,1520,1520,0,3468,3468
36029009006,"Erie, NY (CT)",0,3121,3121,0,7299,7299
36029009007,"Erie, NY (CT)",0,2712,2712,0,7641,7641
36029009008,"Erie, NY (CT)",0,2513,2513,0,4979,4979
36029009009,"Erie, NY (CT)",520,1578,2098,1052,3836,4888
36029009010,"Erie, NY (CT)",0,2046,2046,0,5689,5689
36029009104,"Erie, NY (CT)",0,1699,1699,0,4149,4149
36029009106,"Erie, NY (CT)",293,910,1203,734,2282,3016
36029009107,"Erie, NY (CT)",0,2073,2073,0,5260,5260
36029009109,"Erie, NY (CT)",0,1360,1360,0,3149,3149
36029009110,"Erie, NY (CT)",0,2,2,0,5737,5737
36029009112,"Erie, NY (CT)",0,1661,1661,0,2922,2922
36029009113,"Erie, NY (CT)",0,2571,2571,0,6858,6858
36029009114,"Erie, NY (CT)",0,1790,1790,0,4166,4166
36029009115,"Erie, NY (CT)",0,1739,1739,0,3308,3308
36029009116,"Erie, NY (CT)",0,2240,2240,0,5225,5225
36029009200,"Erie, NY (CT)",0,2290,2290,0,4294,4294
36029009301,"Erie, NY (CT)",0,2472,2472,0,5293,5293
36029009302,"Erie, NY (CT)",0,1177,1177,0,2637,2637
36029009401,"Erie, NY (CT)",0,2354,2354,0,5811,5811
36029009402,"Erie, NY (CT)",0,1956,1956,0,4324,4324
36029009501,"Erie, NY (CT)",0,2157,2157,0,5111,5111
36029009502,"Erie, NY (CT)",0,2995,2995,0,6684,6684
36029009600,"Erie, NY (CT)",0,3366,3366,0,6245,6245
36029009701,"Erie, NY (CT)",0,1444,1444,0,3147,3147
36029009702,"Erie, NY (CT)",0,1980,1980,0,4480,4480
36029009800,"Erie, NY (CT)",0,807,807,0,1742,1742
36029009900,"Erie, NY (CT)",0,1811,1811,0,3661,3661
36029010001,"Erie, NY (CT)",0,1324,1324,0,2883,2883
36029010002,"Erie, NY (CT)",0,2268,2268,0,4252,4252
36029010003,"Erie, NY (CT)",0,1747,1747,0,3807,3807
36029010101,"Erie, NY (CT)",0,2124,2124,0,4649,4649
36029010102,"Erie, NY (CT)",0,1926,1926,0,3497,3497
36029010103,"Erie, NY (CT)",0,1846,1846,0,3863,3863
36029010201,"Erie, NY (CT)",0,1304,1304,0,2801,2801
36029010202,"Erie, NY (CT)",0,1556,1556,0,3375,3375
36029010300,"Erie, NY (CT)",0,601,601,0,1336,1336
36029010400,"Erie, NY (CT)",0,1089,1089,0,2283,2283
36029010500,"Erie, NY (CT)",0,1117,1117,0,2332,2332
36029010600,"Erie, NY (CT)",0,1216,1216,0,2597,2597
36029010700,"Erie, NY (CT)",0,1288,1288,0,2693,2693
36029010803,"Erie, NY (CT)",0,917,917,0,2047,2047
36029010804,"Erie, NY (CT)",0,1914,1914,0,4081,4081
36029010805,"Erie, NY (CT)",0,2178,2178,0,5334,5334
36029010807,"Erie, NY (CT)",0,2494,2494,0,5170,5170
36029010808,"Erie, NY (CT)",0,1932,1932,0,4052,4052
36029010809,"Erie, NY (CT)",0,1363,1363,0,3422,3422
36029010901,"Erie, NY (CT)",0,1174,1174,0,2377,2377
36029010902,"Erie, NY (CT)",0,2558,2558,0,4387,4387
36029011000,"Erie, NY (CT)",0,902,902,0,1822,1822
36029011100,"Erie, NY (CT)",0,1012,1012,0,2136,2136
36029011200,"Erie, NY (CT)",0,3105,3105,0,6770,6770
36029011300,"Erie, NY (CT)",0,2319,2319,0,4770,4770
36029011400,"Erie, NY (CT)",0,1033,1033,0,2248,2248
36029011500,"Erie, NY (CT)",0,665,665,0,1503,1503
36029011600,"Erie, NY (CT)",0,1073,1073,0,1952,1952
36029011700,"Erie, NY (CT)",0,1934,1934,0,4112,4112
36029011800,"Erie, NY (CT)",0,1671,1671,0,3754,3754
36029012001,"Erie, NY (CT)",0,1807,1807,0,4118,4118
36029012002,"Erie, NY (CT)",0,1460,1460,0,3479,3479
36029012003,"Erie, NY (CT)",0,1992,1992,0,4844,4844
36029012300,"Erie, NY (CT)",0,1768,1768,0,3382,3382
36029012400,"Erie, NY (CT)",0,1240,1240,0,2160,2160
36029012501,"Erie, NY (CT)",0,2389,2389,0,4585,4585
36029012502,"Erie, NY (CT)",0,900,900,0,1879,1879
36029012800,"Erie, NY (CT)",0,1253,1253,0,2553,2553
36029012901,"Erie, NY (CT)",0,3182,3182,0,6759,6759
36029012902,"Erie, NY (CT)",0,1707,1707,0,3556,3556
36029013001,"Erie, NY (CT)",0,1441,1441,0,3079,3079
36029013002,"Erie, NY (CT)",0,2358,2358,0,5386,5386
36029013101,"Erie, NY (CT)",0,2863,2863,0,6498,6498
36029013102,"Erie, NY (CT)",26,3031,3057,72,8262,8334
36029013201,"Erie, NY (CT)",416,2099,2515,1045,4895,5940
36029013202,"Erie, NY (CT)",95,1878,1973,265,4758,5023
36029013300,"Erie, NY (CT)",0,1577,1577,0,3538,3538
36029013400,"Erie, NY (CT)",0,2766,2766,0,6270,6270
36029013501,"Erie, NY (CT)",403,2490,2893,1050,6114,7164
36029013502,"Erie, NY (CT)",589,1821,2410,1642,5217,6859
36029013600,"Erie, NY (CT)",0,1379,1379,0,3077,3077
36029013701,"Erie, NY (CT)",0,2897,2897,0,6284,6284
36029013702,"Erie, NY (CT)",380,2145,2525,1001,4669,5670
36029013800,"Erie, NY (CT)",2256,1077,3333,5459,2359,7818
36029013900,"Erie, NY (CT)",0,945,945,0,2225,2225
36029014000,"Erie, NY (CT)",0,1565,1565,0,3739,3739
36029014101,"Erie, NY (CT)",1118,1401,2519,2751,3428,6179
36029014102,"Erie, NY (CT)",1452,686,2138,3565,1573,5138
36029014204,"Erie, NY (CT)",286,1492,1778,714,3230,3944
36029014206,"Erie, NY (CT)",366,1949,2315,975,6027,7002
36029014207,"Erie, NY (CT)",0,2283,2283,0,5338,5338
36029014208,"Erie, NY (CT)",562,1165,1727,1475,3349,4824
36029014209,"Erie, NY (CT)",0,1593,1593,0,4210,4210
36029014300,"Erie, NY (CT)",0,2676,2676,0,6141,6141
36029014400,"Erie, NY (CT)",0,2132,2132,0,4211,4211
36029014501,"Erie, NY (CT)",0,1549,1549,0,3555,3555
36029014502,"Erie, NY (CT)",0,1237,1237,0,2379,2379
36029014601,"Erie, NY (CT)",61,2153,2214,148,4767,4915
36029014603,"Erie, NY (CT)",0,1667,1667,0,4487,4487
36029014604,"Erie, NY (CT)",239,2491,2730,605,7006,7611
36029014701,"Erie, NY (CT)",1315,654,1969,3731,1865,5596
36029014702,"Erie, NY (CT)",449,2759,3208,1192,6872,8064
36029014801,"Erie, NY (CT)",0,1249,1249,0,2566,2566
36029014803,"Erie, NY (CT)",2474,177,2651,5612,416,6028
36029014901,"Erie, NY (CT)",1173,0,1173,2605,0,2605
36029014903,"Erie, NY (CT)",1592,742,2334,3942,1931,5873
36029014904,"Erie, NY (CT)",0,0,0,2387,0,2387
36029015001,"Erie, NY (CT)",1860,304,2164,4682,645,5327
36029015002,"Erie, NY (CT)",1295,0,1295,3005,0,3005
36029015003,"Erie, NY (CT)",1495,0,1495,3401,0,3401
36029015101,"Erie, NY (CT)",1402,2,1404,3262,3,3265
36029015102,"Erie, NY (CT)",1182,0,1182,2775,0,2775
36029015201,"Erie, NY (CT)",808,433,1241,1986,1096,3082
36029015202,"Erie, NY (CT)",702,1445,2147,1638,3303,4941
36029015301,"Erie, NY (CT)",862,1068,1930,2139,2785,4924
36029015302,"Erie, NY (CT)",977,213,1190,2219,545,2764
36029015401,"Erie, NY (CT)",0,1114,1114,0,2667,2667
36029015402,"Erie, NY (CT)",529,1718,2247,1337,3732,5069
36029015501,"Erie, NY (CT)",0,909,909,0,2127,2127
36029015503,"Erie, NY (CT)",533,772,1305,1187,1441,2628
36029015504,"Erie, NY (CT)",174,1947,2121,374,3491,3865
36029015600,"Erie, NY (CT)",952,0,952,2065,0,2065
36029015700,"Erie, NY (CT)",1508,0,1508,3523,0,3523
36029015800,"Erie, NY (CT)",1815,21,1836,4138,60,4198
36029015900,"Erie, NY (CT)",189,1652,1841,459,3837,4296
36029016100,"Erie, NY (CT)",0,33,33,0,2676,2676
36029016200,"Erie, NY (CT)",0,1141,1141,0,2352,2352
36029016300,"Erie, NY (CT)",0,1315,1315,0,2466,2466
36029016400,"Erie, NY (CT)",0,1807,1807,0,3035,3035
36029016500,"Erie, NY (CT)",0,822,822,0,1798,1798
36029016600,"Erie, NY (CT)",0,1493,1493,0,2451,2451
36029016700,"Erie, NY (CT)",0,1303,1303,0,2460,2460
36029016800,"Erie, NY (CT)",0,2245,2245,0,3718,3718
36029016900,"Erie, NY (CT)",0,1971,1971,0,3634,3634
36029017000,"Erie, NY (CT)",0,1327,1327,0,3072,3072
36029017100,"Erie, NY (CT)",0,1951,1951,0,4577,4577
36029017200,"Erie, NY (CT)",0,1137,1137,0,2257,2257
36029017300,"Erie, NY (CT)",0,2913,2913,0,7161,7161
36029017400,"Erie, NY (CT)",0,1644,1644,0,3783,3783
36029017501,"Erie, NY (CT)",0,769,769,0,1518,1518
36029017502,"Erie, NY (CT)",1020,66,1086,2247,157,2404
36029940000,"Erie, NY (CT)",741,0,741,1836,0,1836
36029940100,"Erie, NY (CT)",10,0,10,34,0,34
36029990000,"Erie, NY (CT)",0,0,0,0,0,0
36031960100,"Essex, NY (CT)",1443,0,1443,2445,0,2445
36031960200,"Essex, NY (CT)",1547,0,1547,2506,0,2506
36031960300,"Essex, NY (CT)",1457,152,1609,2512,289,2801
36031960498,"Essex, NY (CT)",793,1270,2063,534,2036,2570
36031960598,"Essex, NY (CT)",846,1877,2723,1663,4724,6387
36031960700,"Essex, NY (CT)",1278,0,1278,2053,0,2053
36031960800,"Essex, NY (CT)",1621,0,1621,2025,0,2025
36031960900,"Essex, NY (CT)",2958,0,2958,3580,0,3580
36031961000,"Essex, NY (CT)",2373,0,2373,4798,0,4798
36031961100,"Essex, NY (CT)",1126,0,1126,2024,0,2024
36031961200,"Essex, NY (CT)",1535,1376,2911,2192,2850,5042
36031961300,"Essex, NY (CT)",2258,0,2258,1654,0,1654
36031961400,"Essex, NY (CT)",1693,0,1693,1485,0,1485
36033940000,"Franklin, NY (CT)",1222,0,1222,3228,0,3228
36033950100,"Franklin, NY (CT)",2276,0,2276,5186,0,5186
36033950200,"Franklin, NY (CT)",2167,0,2167,4852,0,4852
36033950300,"Franklin, NY (CT)",2581,0,2581,5735,0,5735
36033950400,"Franklin, NY (CT)",1138,1407,2545,2169,2874,5043
36033950501,"Franklin, NY (CT)",0,1638,1638,0,3373,3373
36033950502,"Franklin, NY (CT)",662,54,716,1551,4578,6129
36033950600,"Franklin, NY (CT)",1465,0,1465,1608,0,1608
36033950700,"Franklin, NY (CT)",2157,0,2157,2190,0,2190
36033950800,"Franklin, NY (CT)",1814,0,1814,2575,0,2575
36033950900,"Franklin, NY (CT)",657,1417,2074,801,2735,3536
36033951000,"Franklin, NY (CT)",617,830,1447,678,1495,2173
36033951100,"Franklin, NY (CT)",711,1355,2066,1016,2968,3984
36033951200,"Franklin, NY (CT)",528,610,1138,751,1236,1987
36035970100,"Fulton, NY (CT)",2026,0,2026,2670,0,2670
36035970200,"Fulton, NY (CT)",1030,431,1461,1750,964,2714
36035970300,"Fulton, NY (CT)",1851,124,1975,3566,215,3781
36035970400,"Fulton, NY (CT)",2195,0,2195,1738,0,1738
36035970500,"Fulton, NY (CT)",2202,0,2202,4216,0,4216
36035970600,"Fulton, NY (CT)",2301,622,2923,5192,1925,7117
36035970700,"Fulton, NY (CT)",0,1803,1803,0,3639,3639
36035970800,"Fulton, NY (CT)",0,1420,1420,0,3043,3043
36035970900,"Fulton, NY (CT)",0,1733,1733,0,3657,3657
36035971000,"Fulton, NY (CT)",0,1203,1203,0,2570,2570
36035971100,"Fulton, NY (CT)",0,1318,1318,0,2756,2756
36035971200,"Fulton, NY (CT)",0,1837,1837,0,4022,4022
36035971300,"Fulton, NY (CT)",0,2201,2201,0,4702,4702
36035971400,"Fulton, NY (CT)",1498,31,1529,3581,65,3646
36035971500,"Fulton, NY (CT)",2736,0,2736,5260,0,5260
36037940100,"Genesee, NY (CT)",207,0,207,483,0,483
36037950100,"Genesee, NY (CT)",1751,508,2259,4263,1226,5489
36037950200,"Genesee, NY (CT)",2218,0,2218,5620,0,5620
36037950300,"Genesee, NY (CT)",2627,0,2627,6161,0,6161
36037950400,"Genesee, NY (CT)",1920,662,2582,4563,2246,6809
36037950500,"Genesee, NY (CT)",0,1342,1342,0,3027,3027
36037950600,"Genesee, NY (CT)",0,1040,1040,0,2288,2288
36037950700,"Genesee, NY (CT)",0,1135,1135,0,2453,2453
36037950800,"Genesee, NY (CT)",0,1250,1250,0,2897,2897
36037950900,"Genesee, NY (CT)",0,1242,1242,0,2403,2403
36037951000,"Genesee, NY (CT)",0,1210,1210,0,2397,2397
36037951100,"Genesee, NY (CT)",2198,142,2340,5062,299,5361
36037951200,"Genesee, NY (CT)",258,1898,2156,640,4099,4739
36037951300,"Genesee, NY (CT)",1715,0,1715,4260,0,4260
36037951400,"Genesee, NY (CT)",1974,292,2266,4927,765,5692
36039080100,"Greene, NY (CT)",1360,148,1508,3084,286,3370
36039080201,"Greene, NY (CT)",1901,0,1901,3739,0,3739
36039080202,"Greene, NY (CT)",1807,0,1807,2725,0,2725
36039080300,"Greene, NY (CT)",3642,0,3642,3187,0,3187
36039080401,"Greene, NY (CT)",2952,0,2952,2732,0,2732
36039080402,"Greene, NY (CT)",2389,0,2389,2016,0,2016
36039080501,"Greene, NY (CT)",1248,169,1417,2351,330,2681
36039080502,"Greene, NY (CT)",2038,199,2237,3611,378,3989
36039080600,"Greene, NY (CT)",1196,392,1588,2513,643,3156
36039080700,"Greene, NY (CT)",84,1323,1407,208,2780,2988
36039080800,"Greene, NY (CT)",0,2,2,0,2774,2774
36039080900,"Greene, NY (CT)",2102,146,2248,3850,239,4089
36039081000,"Greene, NY (CT)",363,1986,2349,598,3970,4568
36039081101,"Greene, NY (CT)",2091,174,2265,3928,286,4214
36039081102,"Greene, NY (CT)",815,683,1498,1459,1534,2993
36041950100,"Hamilton, NY (CT)",2896,0,2896,1044,0,1044
36041950300,"Hamilton, NY (CT)",1973,0,1973,1352,0,1352
36041950400,"Hamilton, NY (CT)",1298,0,1298,1269,0,1269
36041950500,"Hamilton, NY (CT)",2527,0,2527,1171,0,1171
36043010100,"Herkimer, NY (CT)",2723,0,2723,6322,0,6322
36043010201,"Herkimer, NY (CT)",0,1621,1621,0,3625,3625
36043010202,"Herkimer, NY (CT)",1180,465,1645,3047,964,4011
36043010300,"Herkimer, NY (CT)",0,2145,2145,0,5221,5221
36043010400,"Herkimer, NY (CT)",0,1714,1714,0,3528,3528
36043010501,"Herkimer, NY (CT)",0,1276,1276,0,2731,2731
36043010502,"Herkimer, NY (CT)",719,61,780,1644,134,1778
36043010701,"Herkimer, NY (CT)",0,1393,1393,0,2726,2726
36043010702,"Herkimer, NY (CT)",0,1272,1272,0,2220,2220
36043010900,"Herkimer, NY (CT)",1451,5,1456,3373,10,3383
36043011001,"Herkimer, NY (CT)",986,0,986,2075,0,2075
36043011002,"Herkimer, NY (CT)",1571,0,1571,3217,0,3217
36043011100,"Herkimer, NY (CT)",0,1136,1136,0,2044,2044
36043011200,"Herkimer, NY (CT)",317,2390,2707,795,5685,6480
36043011301,"Herkimer, NY (CT)",412,351,763,899,752,1651
36043011302,"Herkimer, NY (CT)",800,790,1590,1968,1452,3420
36043011400,"Herkimer, NY (CT)",2024,0,2024,4691,0,4691
36043011501,"Herkimer, NY (CT)",1813,0,1813,3138,0,3138
36043011502,"Herkimer, NY (CT)",4766,0,4766,2258,0,2258
36045060100,"Jefferson, NY (CT)",3859,0,3859,4309,0,4309
36045060200,"Jefferson, NY (CT)",5284,0,5284,6930,0,6930
36045060300,"Jefferson, NY (CT)",4475,0,4475,3821,0,3821
36045060400,"Jefferson, NY (CT)",3433,492,3925,5430,1133,6563
36045060500,"Jefferson, NY (CT)",1556,532,2088,4060,1285,5345
36045060600,"Jefferson, NY (CT)",2141,666,2807,5200,1574,6774
36045060700,"Jefferson, NY (CT)",2461,0,2461,4653,0,4653
36045060803,"Jefferson, NY (CT)",0,1729,1729,0,5831,5831
36045060804,"Jefferson, NY (CT)",50,1622,1672,84,7811,7895
36045060900,"Jefferson, NY (CT)",774,1844,2618,1901,4268,6169
36045061000,"Jefferson, NY (CT)",642,986,1628,1439,2246,3685
36045061100,"Jefferson, NY (CT)",844,1638,2482,2126,3650,5776
36045061200,"Jefferson, NY (CT)",0,1416,1416,0,3226,3226
36045061300,"Jefferson, NY (CT)",0,1307,1307,0,2920,2920
36045061400,"Jefferson, NY (CT)",0,1768,1768,0,3570,3570
36045061500,"Jefferson, NY (CT)",0,1940,1940,0,4255,4255
36045061600,"Jefferson, NY (CT)",1107,694,1801,2740,1704,4444
36045061700,"Jefferson, NY (CT)",2188,0,2188,2066,0,2066
36045061800,"Jefferson, NY (CT)",1582,1326,2908,3945,3009,6954
36045061900,"Jefferson, NY (CT)",0,1831,1831,0,3985,3985
36045062100,"Jefferson, NY (CT)",0,2396,2396,0,4695,4695
36045062200,"Jefferson, NY (CT)",0,1904,1904,0,4372,4372
36045062400,"Jefferson, NY (CT)",1501,142,1643,3631,848,4479
36045062500,"Jefferson, NY (CT)",1825,0,1825,3494,0,3494
36045980000,"Jefferson, NY (CT)",11,0,11,18,0,18
36045990001,"Jefferson, NY (CT)",0,0,0,0,0,0
36047000100,"Kings, NY (CT)",0,2348,2348,0,4338,4338
36047000200,"Kings, NY (CT)",0,386,386,0,1470,1470
36047000301,"Kings, NY (CT)",0,2180,2180,0,4259,4259
36047000501,"Kings, NY (CT)",0,2004,2004,0,4247,4247
36047000502,"Kings, NY (CT)",0,1623,1623,0,2512,2512
36047000700,"Kings, NY (CT)",0,2128,2128,0,3359,3359
36047000900,"Kings, NY (CT)",0,2091,2091,0,4172,4172
36047001100,"Kings, NY (CT)",0,53,53,0,84,84
36047001300,"Kings, NY (CT)",0,1036,1036,0,2275,2275
36047001500,"Kings, NY (CT)",0,2796,2796,0,3521,3521
36047001800,"Kings, NY (CT)",0,4,4,0,2105,2105
36047002000,"Kings, NY (CT)",0,480,480,0,1672,1672
36047002100,"Kings, NY (CT)",0,1708,1708,0,3604,3604
36047002200,"Kings, NY (CT)",0,1630,1630,0,4613,4613
36047002300,"Kings, NY (CT)",0,1513,1513,0,4247,4247
36047002901,"Kings, NY (CT)",0,1265,1265,0,3218,3218
36047003000,"Kings, NY (CT)",0,786,786,0,1730,1730
36047003100,"Kings, NY (CT)",0,979,979,0,2472,2472
36047003300,"Kings, NY (CT)",0,1402,1402,0,2327,2327
36047003400,"Kings, NY (CT)",0,1538,1538,0,3047,3047
36047003500,"Kings, NY (CT)",0,905,905,0,1554,1554
36047003600,"Kings, NY (CT)",0,1962,1962,0,3804,3804
36047003700,"Kings, NY (CT)",0,201,201,0,390,390
36047003800,"Kings, NY (CT)",0,775,775,0,1498,1498
36047003900,"Kings, NY (CT)",0,1040,1040,0,2229,2229
36047004100,"Kings, NY (CT)",0,1631,1631,0,3598,3598
36047004300,"Kings, NY (CT)",0,1581,1581,0,3008,3008
36047004400,"Kings, NY (CT)",0,1070,1070,0,2359,2359
36047004500,"Kings, NY (CT)",0,1740,1740,0,3325,3325
36047004600,"Kings, NY (CT)",0,604,604,0,1199,1199
36047004700,"Kings, NY (CT)",0,704,704,0,1445,1445
36047004900,"Kings, NY (CT)",0,1070,1070,0,2516,2516
36047005000,"Kings, NY (CT)",0,1181,1181,0,2276,2276
36047005100,"Kings, NY (CT)",0,1079,1079,0,2171,2171
36047005201,"Kings, NY (CT)",0,1191,1191,0,1829,1829
36047005202,"Kings, NY (CT)",0,1522,1522,0,2481,2481
36047005300,"Kings, NY (CT)",0,988,988,0,1888,1888
36047005400,"Kings, NY (CT)",0,1876,1876,0,3139,3139
36047005601,"Kings, NY (CT)",0,1546,1546,0,2505,2505
36047005602,"Kings, NY (CT)",0,1004,1004,0,1586,1586
36047005800,"Kings, NY (CT)",0,1747,1747,0,3152,3152
36047005900,"Kings, NY (CT)",0,687,687,0,1384,1384
36047006000,"Kings, NY (CT)",0,1265,1265,0,2826,2826
36047006200,"Kings, NY (CT)",0,1332,1332,0,2853,2853
36047006300,"Kings, NY (CT)",0,980,980,0,1892,1892
36047006400,"Kings, NY (CT)",0,1642,1642,0,3478,3478
36047006500,"Kings, NY (CT)",0,2712,2712,0,5191,5191
36047006600,"Kings, NY (CT)",0,1781,1781,0,3663,3663
36047006700,"Kings, NY (CT)",0,1590,1590,0,3301,3301
36047006800,"Kings, NY (CT)",0,1999,1999,0,4870,4870
36047006900,"Kings, NY (CT)",0,1720,1720,0,3537,3537
36047007000,"Kings, NY (CT)",0,1142,1142,0,2344,2344
36047007100,"Kings, NY (CT)",0,1729,1729,0,4495,4495
36047007200,"Kings, NY (CT)",0,613,613,0,1946,1946
36047007400,"Kings, NY (CT)",0,1541,1541,0,5451,5451
36047007500,"Kings, NY (CT)",0,2196,2196,0,4383,4383
36047007600,"Kings, NY (CT)",0,1430,1430,0,4412,4412
36047007700,"Kings, NY (CT)",0,1970,1970,0,3901,3901
36047007800,"Kings, NY (CT)",0,1552,1552,0,5068,5068
36047008000,"Kings, NY (CT)",0,1299,1299,0,4169,4169
36047008200,"Kings, NY (CT)",0,1390,1390,0,4141,4141
36047008400,"Kings, NY (CT)",0,1098,1098,0,3299,3299
36047008500,"Kings, NY (CT)",0,2850,2850,0,6956,6956
36047008600,"Kings, NY (CT)",0,0,0,0,0,0
36047008800,"Kings, NY (CT)",0,1172,1172,0,3207,3207
36047009000,"Kings, NY (CT)",0,887,887,0,2994,2994
36047009200,"Kings, NY (CT)",0,1643,1643,0,5388,5388
36047009400,"Kings, NY (CT)",0,1676,1676,0,5805,5805
36047009600,"Kings, NY (CT)",0,1881,1881,0,6126,6126
36047009800,"Kings, NY (CT)",0,1839,1839,0,7024,7024
36047010000,"Kings, NY (CT)",0,1880,1880,0,6737,6737
36047010100,"Kings, NY (CT)",0,1497,1497,0,4093,4093
36047010200,"Kings, NY (CT)",0,1509,1509,0,5622,5622
36047010400,"Kings, NY (CT)",0,1744,1744,0,5908,5908
36047010600,"Kings, NY (CT)",0,1619,1619,0,5851,5851
36047010800,"Kings, NY (CT)",0,1551,1551,0,5280,5280
36047011000,"Kings, NY (CT)",0,710,710,0,2441,2441
36047011200,"Kings, NY (CT)",0,2001,2001,0,6436,6436
36047011400,"Kings, NY (CT)",0,1249,1249,0,3976,3976
36047011600,"Kings, NY (CT)",0,1351,1351,0,4816,4816
36047011700,"Kings, NY (CT)",0,1250,1250,0,2364,2364
36047011800,"Kings, NY (CT)",0,643,643,0,2253,2253
36047011900,"Kings, NY (CT)",0,751,751,0,1530,1530
36047012000,"Kings, NY (CT)",0,380,380,0,1268,1268
36047012100,"Kings, NY (CT)",0,766,766,0,1619,1619
36047012200,"Kings, NY (CT)",0,1630,1630,0,5339,5339
36047012600,"Kings, NY (CT)",0,995,995,0,2652,2652
36047012700,"Kings, NY (CT)",0,1492,1492,0,3507,3507
36047012801,"Kings, NY (CT)",0,832,832,0,2117,2117
36047012901,"Kings, NY (CT)",0,1038,1038,0,2159,2159
36047012902,"Kings, NY (CT)",0,1032,1032,0,1964,1964
36047013000,"Kings, NY (CT)",0,2100,2100,0,4792,4792
36047013100,"Kings, NY (CT)",0,1886,1886,0,3828,3828
36047013200,"Kings, NY (CT)",0,852,852,0,2239,2239
36047013300,"Kings, NY (CT)",0,1849,1849,0,3730,3730
36047013400,"Kings, NY (CT)",0,1778,1778,0,3907,3907
36047013500,"Kings, NY (CT)",0,1614,1614,0,3596,3596
36047013600,"Kings, NY (CT)",0,1767,1767,0,3927,3927
36047013700,"Kings, NY (CT)",0,1486,1486,0,3057,3057
36047013800,"Kings, NY (CT)",0,1516,1516,0,3168,3168
36047013900,"Kings, NY (CT)",0,1612,1612,0,3481,3481
36047014000,"Kings, NY (CT)",0,920,920,0,1826,1826
36047014100,"Kings, NY (CT)",0,1385,1385,0,3017,3017
36047014200,"Kings, NY (CT)",0,1521,1521,0,3223,3223
36047014300,"Kings, NY (CT)",0,1535,1535,0,3487,3487
36047014500,"Kings, NY (CT)",0,1793,1793,0,4179,4179
36047014700,"Kings, NY (CT)",0,895,895,0,2084,2084
36047014800,"Kings, NY (CT)",0,571,571,0,1209,1209
36047014900,"Kings, NY (CT)",0,2325,2325,0,4976,4976
36047015000,"Kings, NY (CT)",0,823,823,0,1574,1574
36047015100,"Kings, NY (CT)",0,1666,1666,0,3578,3578
36047015200,"Kings, NY (CT)",0,1036,1036,0,2309,2309
36047015300,"Kings, NY (CT)",0,1298,1298,0,3041,3041
36047015400,"Kings, NY (CT)",0,0,0,0,0,0
36047015500,"Kings, NY (CT)",0,1572,1572,0,3272,3272
36047015700,"Kings, NY (CT)",0,2128,2128,0,4135,4135
36047015900,"Kings, NY (CT)",0,2835,2835,0,5036,5036
36047016000,"Kings, NY (CT)",0,1995,1995,0,4217,4217
36047016100,"Kings, NY (CT)",0,1521,1521,0,3075,3075
36047016200,"Kings, NY (CT)",0,1146,1146,0,2082,2082
36047016300,"Kings, NY (CT)",0,1523,1523,0,2991,2991
36047016400,"Kings, NY (CT)",0,288,288,0,764,764
36047016500,"Kings, NY (CT)",0,2543,2543,0,5141,5141
36047016600,"Kings, NY (CT)",0,885,885,0,2059,2059
36047016700,"Kings, NY (CT)",0,2199,2199,0,4638,4638
36047016800,"Kings, NY (CT)",0,806,806,0,1510,1510
36047016900,"Kings, NY (CT)",0,2151,2151,0,4497,4497
36047017000,"Kings, NY (CT)",0,1405,1405,0,3254,3254
36047017100,"Kings, NY (CT)",0,1702,1702,0,3749,3749
36047017200,"Kings, NY (CT)",0,1245,1245,0,2931,2931
36047017400,"Kings, NY (CT)",0,832,832,0,1793,1793
36047017500,"Kings, NY (CT)",0,2,2,0,5,5
36047017600,"Kings, NY (CT)",0,996,996,0,2295,2295
36047017700,"Kings, NY (CT)",0,0,0,0,0,0
36047017800,"Kings, NY (CT)",0,1013,1013,0,2898,2898
36047017900,"Kings, NY (CT)",0,1590,1590,0,3624,3624
36047018000,"Kings, NY (CT)",0,1272,1272,0,3193,3193
36047018100,"Kings, NY (CT)",0,2288,2288,0,3936,3936
36047018200,"Kings, NY (CT)",0,1295,1295,0,3163,3163
36047018300,"Kings, NY (CT)",0,1316,1316,0,2500,2500
36047018400,"Kings, NY (CT)",0,956,956,0,2002,2002
36047018501,"Kings, NY (CT)",0,1687,1687,0,3827,3827
36047018600,"Kings, NY (CT)",0,816,816,0,2124,2124
36047018700,"Kings, NY (CT)",0,621,621,0,1411,1411
36047018800,"Kings, NY (CT)",0,1137,1137,0,2640,2640
36047019000,"Kings, NY (CT)",0,1793,1793,0,4782,4782
36047019100,"Kings, NY (CT)",0,1154,1154,0,2332,2332
36047019200,"Kings, NY (CT)",0,990,990,0,2772,2772
36047019300,"Kings, NY (CT)",0,2350,2350,0,5628,5628
36047019400,"Kings, NY (CT)",0,1272,1272,0,3305,3305
36047019500,"Kings, NY (CT)",0,1838,1838,0,3366,3366
36047019600,"Kings, NY (CT)",0,1694,1694,0,4353,4353
36047019700,"Kings, NY (CT)",0,1824,1824,0,3313,3313
36047019800,"Kings, NY (CT)",0,782,782,0,1702,1702
36047019900,"Kings, NY (CT)",0,1616,1616,0,2929,2929
36047020000,"Kings, NY (CT)",0,878,878,0,2265,2265
36047020100,"Kings, NY (CT)",0,1822,1822,0,3421,3421
36047020200,"Kings, NY (CT)",0,820,820,0,1874,1874
36047020300,"Kings, NY (CT)",0,740,740,0,1697,1697
36047020400,"Kings, NY (CT)",0,745,745,0,1708,1708
36047020500,"Kings, NY (CT)",0,1310,1310,0,2469,2469
36047020600,"Kings, NY (CT)",0,951,951,0,2220,2220
36047020700,"Kings, NY (CT)",0,2180,2180,0,4310,4310
36047020800,"Kings, NY (CT)",0,1283,1283,0,3048,3048
36047021000,"Kings, NY (CT)",0,1561,1561,0,3968,3968
36047021100,"Kings, NY (CT)",0,587,587,0,1210,1210
36047021200,"Kings, NY (CT)",0,1657,1657,0,4643,4643
36047021300,"Kings, NY (CT)",0,1866,1866,0,4205,4205
36047021400,"Kings, NY (CT)",0,619,619,0,2152,2152
36047021500,"Kings, NY (CT)",0,2573,2573,0,5307,5307
36047021600,"Kings, NY (CT)",0,1046,1046,0,4015,4015
36047021700,"Kings, NY (CT)",0,1615,1615,0,3597,3597
36047021800,"Kings, NY (CT)",0,1041,1041,0,3761,3761
36047021900,"Kings, NY (CT)",0,1615,1615,0,3595,3595
36047022000,"Kings, NY (CT)",0,1419,1419,0,4939,4939
36047022100,"Kings, NY (CT)",0,1640,1640,0,3609,3609
36047022200,"Kings, NY (CT)",0,1308,1308,0,4693,4693
36047022400,"Kings, NY (CT)",0,1451,1451,0,5486,5486
36047022600,"Kings, NY (CT)",0,664,664,0,2516,2516
36047022700,"Kings, NY (CT)",0,1731,1731,0,3454,3454
36047022800,"Kings, NY (CT)",0,861,861,0,3306,3306
36047022900,"Kings, NY (CT)",0,1716,1716,0,3395,3395
36047023000,"Kings, NY (CT)",0,1184,1184,0,4515,4515
36047023100,"Kings, NY (CT)",0,1566,1566,0,3025,3025
36047023200,"Kings, NY (CT)",0,1571,1571,0,5699,5699
36047023300,"Kings, NY (CT)",0,1927,1927,0,5061,5061
36047023400,"Kings, NY (CT)",0,1531,1531,0,5059,5059
36047023500,"Kings, NY (CT)",0,1380,1380,0,3928,3928
36047023600,"Kings, NY (CT)",0,1775,1775,0,5600,5600
36047023800,"Kings, NY (CT)",0,1452,1452,0,4590,4590
36047024000,"Kings, NY (CT)",0,1470,1470,0,4693,4693
36047024100,"Kings, NY (CT)",0,1052,1052,0,2229,2229
36047024200,"Kings, NY (CT)",0,1120,1120,0,2984,2984
36047024300,"Kings, NY (CT)",0,1928,1928,0,3786,3786
36047024400,"Kings, NY (CT)",0,1144,1144,0,3238,3238
36047024500,"Kings, NY (CT)",0,1937,1937,0,3946,3946
36047024600,"Kings, NY (CT)",0,1151,1151,0,3256,3256
36047024700,"Kings, NY (CT)",0,1088,1088,0,2316,2316
36047024800,"Kings, NY (CT)",0,973,973,0,2698,2698
36047024900,"Kings, NY (CT)",0,1948,1948,0,3823,3823
36047025000,"Kings, NY (CT)",0,634,634,0,1722,1722
36047025100,"Kings, NY (CT)",0,1522,1522,0,3816,3816
36047025200,"Kings, NY (CT)",0,1989,1989,0,4786,4786
36047025300,"Kings, NY (CT)",0,1405,1405,0,2754,2754
36047025400,"Kings, NY (CT)",0,1284,1284,0,3500,3500
36047025500,"Kings, NY (CT)",0,1715,1715,0,5102,5102
36047025600,"Kings, NY (CT)",0,1126,1126,0,3058,3058
36047025700,"Kings, NY (CT)",0,707,707,0,2131,2131
36047025800,"Kings, NY (CT)",0,1713,1713,0,4597,4597
36047025901,"Kings, NY (CT)",0,738,738,0,2010,2010
36047025902,"Kings, NY (CT)",0,1057,1057,0,3419,3419
36047026000,"Kings, NY (CT)",0,1347,1347,0,3649,3649
36047026100,"Kings, NY (CT)",0,2255,2255,0,4917,4917
36047026200,"Kings, NY (CT)",0,926,926,0,2374,2374
36047026300,"Kings, NY (CT)",0,892,892,0,1868,1868
36047026400,"Kings, NY (CT)",0,1764,1764,0,4592,4592
36047026500,"Kings, NY (CT)",0,1677,1677,0,3838,3838
36047026600,"Kings, NY (CT)",0,1371,1371,0,3733,3733
36047026700,"Kings, NY (CT)",0,2038,2038,0,3920,3920
36047026800,"Kings, NY (CT)",0,1582,1582,0,4188,4188
36047026900,"Kings, NY (CT)",0,1344,1344,0,2770,2770
36047027000,"Kings, NY (CT)",0,996,996,0,2449,2449
36047027100,"Kings, NY (CT)",0,1011,1011,0,2471,2471
36047027200,"Kings, NY (CT)",0,1260,1260,0,3480,3480
36047027300,"Kings, NY (CT)",0,1368,1368,0,2813,2813
36047027400,"Kings, NY (CT)",0,1137,1137,0,3028,3028
36047027500,"Kings, NY (CT)",0,1924,1924,0,4180,4180
36047027600,"Kings, NY (CT)",0,1313,1313,0,3694,3694
36047027700,"Kings, NY (CT)",0,1735,1735,0,3945,3945
36047027800,"Kings, NY (CT)",0,1283,1283,0,3220,3220
36047027900,"Kings, NY (CT)",0,1700,1700,0,3674,3674
36047028000,"Kings, NY (CT)",0,728,728,0,1761,1761
36047028100,"Kings, NY (CT)",0,1635,1635,0,4193,4193
36047028200,"Kings, NY (CT)",0,1330,1330,0,2943,2943
36047028300,"Kings, NY (CT)",0,1540,1540,0,4097,4097
36047028400,"Kings, NY (CT)",0,1483,1483,0,4003,4003
36047028501,"Kings, NY (CT)",0,138,138,0,428,428
36047028502,"Kings, NY (CT)",0,1104,1104,0,2802,2802
36047028600,"Kings, NY (CT)",0,2125,2125,0,4814,4814
36047028700,"Kings, NY (CT)",0,1154,1154,0,2991,2991
36047028800,"Kings, NY (CT)",0,1273,1273,0,3458,3458
36047028900,"Kings, NY (CT)",0,1392,1392,0,3538,3538
36047029000,"Kings, NY (CT)",0,1632,1632,0,3920,3920
36047029100,"Kings, NY (CT)",0,1389,1389,0,3101,3101
36047029200,"Kings, NY (CT)",0,992,992,0,2539,2539
36047029300,"Kings, NY (CT)",0,1448,1448,0,3106,3106
36047029400,"Kings, NY (CT)",0,628,628,0,2321,2321
36047029500,"Kings, NY (CT)",0,1818,1818,0,3425,3425
36047029600,"Kings, NY (CT)",0,2228,2228,0,5546,5546
36047029700,"Kings, NY (CT)",0,1685,1685,0,3344,3344
36047029800,"Kings, NY (CT)",0,1477,1477,0,3717,3717
36047029900,"Kings, NY (CT)",0,972,972,0,2579,2579
36047030000,"Kings, NY (CT)",0,1496,1496,0,4120,4120
36047030100,"Kings, NY (CT)",0,1150,1150,0,2750,2750
36047030200,"Kings, NY (CT)",0,1669,1669,0,4214,4214
36047030300,"Kings, NY (CT)",0,1732,1732,0,4458,4458
36047030400,"Kings, NY (CT)",0,1747,1747,0,4281,4281
36047030500,"Kings, NY (CT)",0,2465,2465,0,5549,5549
36047030600,"Kings, NY (CT)",0,777,777,0,2005,2005
36047030700,"Kings, NY (CT)",0,2088,2088,0,4544,4544
36047030800,"Kings, NY (CT)",0,837,837,0,1949,1949
36047030900,"Kings, NY (CT)",0,677,677,0,1754,1754
36047031100,"Kings, NY (CT)",0,1253,1253,0,2833,2833
36047031300,"Kings, NY (CT)",0,2285,2285,0,4648,4648
36047031400,"Kings, NY (CT)",0,2101,2101,0,4544,4544
36047031500,"Kings, NY (CT)",0,2569,2569,0,5175,5175
36047031701,"Kings, NY (CT)",0,1598,1598,0,3433,3433
36047031702,"Kings, NY (CT)",0,1629,1629,0,3363,3363
36047031900,"Kings, NY (CT)",0,1397,1397,0,3508,3508
36047032100,"Kings, NY (CT)",0,2046,2046,0,5001,5001
36047032300,"Kings, NY (CT)",0,1470,1470,0,3554,3554
36047032500,"Kings, NY (CT)",0,2511,2511,0,6405,6405
36047032600,"Kings, NY (CT)",0,2451,2451,0,6948,6948
36047032700,"Kings, NY (CT)",0,1312,1312,0,2924,2924
36047032800,"Kings, NY (CT)",0,1072,1072,0,3138,3138
36047032900,"Kings, NY (CT)",0,2301,2301,0,5582,5582
36047033000,"Kings, NY (CT)",0,1752,1752,0,4587,4587
36047033100,"Kings, NY (CT)",0,1546,1546,0,4520,4520
36047033300,"Kings, NY (CT)",0,1310,1310,0,4085,4085
36047033500,"Kings, NY (CT)",0,904,904,0,3139,3139
36047033600,"Kings, NY (CT)",0,2232,2232,0,4759,4759
36047033700,"Kings, NY (CT)",0,1536,1536,0,4105,4105
36047033900,"Kings, NY (CT)",0,1950,1950,0,4376,4376
36047034000,"Kings, NY (CT)",0,649,649,0,2248,2248
36047034100,"Kings, NY (CT)",0,1058,1058,0,2607,2607
36047034200,"Kings, NY (CT)",0,2892,2892,0,6502,6502
36047034300,"Kings, NY (CT)",0,2101,2101,0,5281,5281
36047034500,"Kings, NY (CT)",0,1149,1149,0,2647,2647
36047034700,"Kings, NY (CT)",0,1500,1500,0,3228,3228
36047034800,"Kings, NY (CT)",0,872,872,0,2537,2537
36047034900,"Kings, NY (CT)",0,2084,2084,0,5403,5403
36047035000,"Kings, NY (CT)",0,1573,1573,0,3296,3296
36047035100,"Kings, NY (CT)",0,1756,1756,0,4597,4597
36047035200,"Kings, NY (CT)",0,524,524,0,1246,1246
36047035300,"Kings, NY (CT)",0,2008,2008,0,5161,5161
36047035400,"Kings, NY (CT)",0,3384,3384,0,6271,6271
36047035500,"Kings, NY (CT)",0,2016,2016,0,5253,5253
36047035601,"Kings, NY (CT)",0,1545,1545,0,2912,2912
36047035602,"Kings, NY (CT)",0,2906,2906,0,5271,5271
36047035700,"Kings, NY (CT)",0,932,932,0,2506,2506
36047035900,"Kings, NY (CT)",0,2227,2227,0,5685,5685
36047036001,"Kings, NY (CT)",0,1870,1870,0,3217,3217
36047036002,"Kings, NY (CT)",0,2233,2233,0,3930,3930
36047036100,"Kings, NY (CT)",0,1106,1106,0,2608,2608
36047036200,"Kings, NY (CT)",0,1677,1677,0,4204,4204
36047036300,"Kings, NY (CT)",0,1727,1727,0,4108,4108
36047036400,"Kings, NY (CT)",0,1089,1089,0,2405,2405
36047036501,"Kings, NY (CT)",0,1202,1202,0,2624,2624
36047036502,"Kings, NY (CT)",0,505,505,0,1255,1255
36047036600,"Kings, NY (CT)",0,1641,1641,0,4767,4767
36047036700,"Kings, NY (CT)",0,524,524,0,1305,1305
36047036900,"Kings, NY (CT)",0,1983,1983,0,4923,4923
36047037000,"Kings, NY (CT)",0,1837,1837,0,4085,4085
36047037100,"Kings, NY (CT)",0,1696,1696,0,4120,4120
36047037300,"Kings, NY (CT)",0,1641,1641,0,3784,3784
36047037401,"Kings, NY (CT)",0,2032,2032,0,4301,4301
36047037402,"Kings, NY (CT)",0,2261,2261,0,4573,4573
36047037500,"Kings, NY (CT)",0,1259,1259,0,2910,2910
36047037700,"Kings, NY (CT)",0,1717,1717,0,3660,3660
36047037900,"Kings, NY (CT)",0,1566,1566,0,3706,3706
36047038100,"Kings, NY (CT)",0,2092,2092,0,4763,4763
36047038200,"Kings, NY (CT)",0,2106,2106,0,5943,5943
36047038300,"Kings, NY (CT)",0,1861,1861,0,3931,3931
36047038500,"Kings, NY (CT)",0,1605,1605,0,3422,3422
36047038600,"Kings, NY (CT)",0,1357,1357,0,3477,3477
36047038700,"Kings, NY (CT)",0,1627,1627,0,4010,4010
36047038800,"Kings, NY (CT)",0,1638,1638,0,3841,3841
36047038900,"Kings, NY (CT)",0,1141,1141,0,2773,2773
36047039000,"Kings, NY (CT)",0,988,988,0,2282,2282
36047039100,"Kings, NY (CT)",0,887,887,0,2303,2303
36047039200,"Kings, NY (CT)",0,1207,1207,0,2756,2756
36047039300,"Kings, NY (CT)",0,1360,1360,0,3549,3549
36047039400,"Kings, NY (CT)",0,966,966,0,2441,2441
36047039500,"Kings, NY (CT)",0,1351,1351,0,3380,3380
36047039600,"Kings, NY (CT)",0,947,947,0,2126,2126
36047039700,"Kings, NY (CT)",0,1401,1401,0,3389,3389
36047039800,"Kings, NY (CT)",0,1043,1043,0,2644,2644
36047039900,"Kings, NY (CT)",0,1449,1449,0,3823,3823
36047040000,"Kings, NY (CT)",0,1267,1267,0,3069,3069
36047040100,"Kings, NY (CT)",0,1324,1324,0,3518,3518
36047040200,"Kings, NY (CT)",0,1045,1045,0,2740,2740
36047040300,"Kings, NY (CT)",0,1353,1353,0,3538,3538
36047040400,"Kings, NY (CT)",0,1026,1026,0,2551,2551
36047040500,"Kings, NY (CT)",0,602,602,0,1480,1480
36047040600,"Kings, NY (CT)",0,1372,1372,0,3184,3184
36047040700,"Kings, NY (CT)",0,5,5,0,14,14
36047040800,"Kings, NY (CT)",0,1316,1316,0,3566,3566
36047040900,"Kings, NY (CT)",0,1285,1285,0,3752,3752
36047041000,"Kings, NY (CT)",0,844,844,0,1773,1773
36047041100,"Kings, NY (CT)",0,1296,1296,0,3302,3302
36047041200,"Kings, NY (CT)",0,1250,1250,0,2929,2929
36047041300,"Kings, NY (CT)",0,1383,1383,0,3822,3822
36047041401,"Kings, NY (CT)",0,578,578,0,1351,1351
36047041402,"Kings, NY (CT)",0,765,765,0,1612,1612
36047041500,"Kings, NY (CT)",0,1424,1424,0,4064,4064
36047041600,"Kings, NY (CT)",0,891,891,0,2324,2324
36047041700,"Kings, NY (CT)",0,1392,1392,0,3609,3609
36047041800,"Kings, NY (CT)",0,984,984,0,2359,2359
36047041900,"Kings, NY (CT)",0,1279,1279,0,3770,3770
36047042000,"Kings, NY (CT)",0,626,626,0,1896,1896
36047042100,"Kings, NY (CT)",0,1359,1359,0,3920,3920
36047042200,"Kings, NY (CT)",0,1336,1336,0,3568,3568
36047042300,"Kings, NY (CT)",0,1318,1318,0,4217,4217
36047042400,"Kings, NY (CT)",0,1493,1493,0,3666,3666
36047042500,"Kings, NY (CT)",0,1027,1027,0,3042,3042
36047042600,"Kings, NY (CT)",0,1615,1615,0,4135,4135
36047042700,"Kings, NY (CT)",0,1671,1671,0,5074,5074
36047042800,"Kings, NY (CT)",0,1780,1780,0,3857,3857
36047042900,"Kings, NY (CT)",0,1829,1829,0,5630,5630
36047043000,"Kings, NY (CT)",0,1434,1434,0,3333,3333
36047043100,"Kings, NY (CT)",0,1768,1768,0,5113,5113
36047043200,"Kings, NY (CT)",0,1656,1656,0,4250,4250
36047043300,"Kings, NY (CT)",0,1347,1347,0,4064,4064
36047043400,"Kings, NY (CT)",0,1392,1392,0,3433,3433
36047043500,"Kings, NY (CT)",0,1481,1481,0,4463,4463
36047043600,"Kings, NY (CT)",0,1726,1726,0,4160,4160
36047043700,"Kings, NY (CT)",0,1761,1761,0,5240,5240
36047043800,"Kings, NY (CT)",0,1070,1070,0,2481,2481
36047043900,"Kings, NY (CT)",0,1269,1269,0,3829,3829
36047044000,"Kings, NY (CT)",0,1047,1047,0,2880,2880
36047044100,"Kings, NY (CT)",0,1917,1917,0,5643,5643
36047044200,"Kings, NY (CT)",0,1041,1041,0,2658,2658
36047044300,"Kings, NY (CT)",0,1938,1938,0,5557,5557
36047044400,"Kings, NY (CT)",0,1371,1371,0,3336,3336
36047044500,"Kings, NY (CT)",0,1575,1575,0,4446,4446
36047044600,"Kings, NY (CT)",0,754,754,0,1909,1909
36047044700,"Kings, NY (CT)",0,800,800,0,2310,2310
36047044800,"Kings, NY (CT)",0,882,882,0,1915,1915
36047044900,"Kings, NY (CT)",0,1125,1125,0,2932,2932
36047045000,"Kings, NY (CT)",0,224,224,0,673,673
36047045200,"Kings, NY (CT)",0,1053,1053,0,2701,2701
36047045300,"Kings, NY (CT)",0,626,626,0,2017,2017
36047045400,"Kings, NY (CT)",0,693,693,0,1852,1852
36047045600,"Kings, NY (CT)",0,960,960,0,2357,2357
36047045800,"Kings, NY (CT)",0,585,585,0,1490,1490
36047046000,"Kings, NY (CT)",0,1323,1323,0,3729,3729
36047046201,"Kings, NY (CT)",0,1145,1145,0,2632,2632
36047046202,"Kings, NY (CT)",0,684,684,0,1803,1803
36047046400,"Kings, NY (CT)",0,795,795,0,2838,2838
36047046800,"Kings, NY (CT)",0,598,598,0,2054,2054
36047047000,"Kings, NY (CT)",0,797,797,0,2886,2886
36047047200,"Kings, NY (CT)",0,881,881,0,3141,3141
36047047400,"Kings, NY (CT)",0,844,844,0,2969,2969
36047047600,"Kings, NY (CT)",0,1058,1058,0,3646,3646
36047047700,"Kings, NY (CT)",0,1727,1727,0,3318,3318
36047047800,"Kings, NY (CT)",0,1285,1285,0,4848,4848
36047048000,"Kings, NY (CT)",0,1126,1126,0,3769,3769
36047048100,"Kings, NY (CT)",0,1398,1398,0,2778,2778
36047048200,"Kings, NY (CT)",0,2111,2111,0,5331,5331
36047048400,"Kings, NY (CT)",0,1682,1682,0,5481,5481
36047048500,"Kings, NY (CT)",0,961,961,0,2510,2510
36047048600,"Kings, NY (CT)",0,956,956,0,3568,3568
36047048800,"Kings, NY (CT)",0,1475,1475,0,4395,4395
36047048900,"Kings, NY (CT)",0,1433,1433,0,4039,4039
36047049000,"Kings, NY (CT)",0,2275,2275,0,5899,5899
36047049100,"Kings, NY (CT)",0,2660,2660,0,6418,6418
36047049200,"Kings, NY (CT)",0,1163,1163,0,3495,3495
36047049300,"Kings, NY (CT)",0,3068,3068,0,7625,7625
36047049400,"Kings, NY (CT)",0,2092,2092,0,5308,5308
36047049500,"Kings, NY (CT)",0,1237,1237,0,2603,2603
36047049600,"Kings, NY (CT)",0,1492,1492,0,4513,4513
36047049700,"Kings, NY (CT)",0,1455,1455,0,2645,2645
36047049800,"Kings, NY (CT)",0,1654,1654,0,4232,4232
36047049900,"Kings, NY (CT)",0,971,971,0,1753,1753
36047050000,"Kings, NY (CT)",0,1580,1580,0,3474,3474
36047050100,"Kings, NY (CT)",0,1437,1437,0,2786,2786
36047050202,"Kings, NY (CT)",0,1096,1096,0,2201,2201
36047050300,"Kings, NY (CT)",0,1283,1283,0,2582,2582
36047050400,"Kings, NY (CT)",0,2047,2047,0,4527,4527
36047050500,"Kings, NY (CT)",0,1830,1830,0,4163,4163
36047050600,"Kings, NY (CT)",0,1957,1957,0,6016,6016
36047050700,"Kings, NY (CT)",0,532,532,0,2288,2288
36047050801,"Kings, NY (CT)",0,1375,1375,0,4080,4080
36047050803,"Kings, NY (CT)",0,942,942,0,2464,2464
36047050804,"Kings, NY (CT)",0,2394,2394,0,6250,6250
36047050900,"Kings, NY (CT)",0,700,700,0,3694,3694
36047051001,"Kings, NY (CT)",0,1405,1405,0,3926,3926
36047051002,"Kings, NY (CT)",0,1795,1795,0,4725,4725
36047051100,"Kings, NY (CT)",0,1709,1709,0,3933,3933
36047051200,"Kings, NY (CT)",0,2376,2376,0,6398,6398
36047051300,"Kings, NY (CT)",0,2011,2011,0,4332,4332
36047051400,"Kings, NY (CT)",0,2674,2674,0,7366,7366
36047051500,"Kings, NY (CT)",0,744,744,0,1372,1372
36047051601,"Kings, NY (CT)",0,1928,1928,0,5732,5732
36047051602,"Kings, NY (CT)",0,1359,1359,0,4028,4028
36047051700,"Kings, NY (CT)",0,1078,1078,0,1735,1735
36047051800,"Kings, NY (CT)",0,1378,1378,0,3415,3415
36047051900,"Kings, NY (CT)",0,2103,2103,0,3564,3564
36047052000,"Kings, NY (CT)",0,1440,1440,0,4228,4228
36047052300,"Kings, NY (CT)",0,2276,2276,0,5469,5469
36047052500,"Kings, NY (CT)",0,1272,1272,0,3499,3499
36047052600,"Kings, NY (CT)",0,1746,1746,0,4357,4357
36047052700,"Kings, NY (CT)",0,2438,2438,0,6629,6629
36047052800,"Kings, NY (CT)",0,729,729,0,1818,1818
36047052900,"Kings, NY (CT)",0,1095,1095,0,3979,3979
36047053000,"Kings, NY (CT)",0,1232,1232,0,3465,3465
36047053100,"Kings, NY (CT)",0,1656,1656,0,7027,7027
36047053200,"Kings, NY (CT)",0,1073,1073,0,2579,2579
36047053300,"Kings, NY (CT)",0,1886,1886,0,6566,6566
36047053400,"Kings, NY (CT)",0,1479,1479,0,4383,4383
36047053500,"Kings, NY (CT)",0,1191,1191,0,4348,4348
36047053700,"Kings, NY (CT)",0,728,728,0,3575,3575
36047053800,"Kings, NY (CT)",0,2126,2126,0,4473,4473
36047053900,"Kings, NY (CT)",0,829,829,0,2756,2756
36047054200,"Kings, NY (CT)",0,1745,1745,0,4450,4450
36047054300,"Kings, NY (CT)",0,208,208,0,327,327
36047054400,"Kings, NY (CT)",0,1411,1411,0,3406,3406
36047054500,"Kings, NY (CT)",0,2378,2378,0,8008,8008
36047054600,"Kings, NY (CT)",0,2082,2082,0,4346,4346
36047054700,"Kings, NY (CT)",0,1602,1602,0,5245,5245
36047054800,"Kings, NY (CT)",0,827,827,0,1989,1989
36047054900,"Kings, NY (CT)",0,1209,1209,0,3122,3122
36047055000,"Kings, NY (CT)",0,1584,1584,0,3551,3551
36047055100,"Kings, NY (CT)",0,2125,2125,0,4597,4597
36047055200,"Kings, NY (CT)",0,1566,1566,0,3498,3498
36047055300,"Kings, NY (CT)",0,1413,1413,0,2596,2596
36047055400,"Kings, NY (CT)",0,1856,1856,0,4216,4216
36047055500,"Kings, NY (CT)",0,2290,2290,0,1959,1959
36047055600,"Kings, NY (CT)",0,1539,1539,0,3712,3712
36047055700,"Kings, NY (CT)",0,1006,1006,0,1655,1655
36047055800,"Kings, NY (CT)",0,1045,1045,0,2390,2390
36047056000,"Kings, NY (CT)",0,1571,1571,0,3493,3493
36047056100,"Kings, NY (CT)",0,1606,1606,0,3295,3295
36047056200,"Kings, NY (CT)",0,677,677,0,1654,1654
36047056300,"Kings, NY (CT)",0,2251,2251,0,4360,4360
36047056400,"Kings, NY (CT)",0,1153,1153,0,2451,2451
36047056500,"Kings, NY (CT)",0,1855,1855,0,3255,3255
36047056600,"Kings, NY (CT)",0,1113,1113,0,2419,2419
36047056800,"Kings, NY (CT)",0,612,612,0,1314,1314
36047056900,"Kings, NY (CT)",0,840,840,0,1630,1630
36047057000,"Kings, NY (CT)",0,1547,1547,0,3384,3384
36047057100,"Kings, NY (CT)",0,2250,2250,0,4400,4400
36047057200,"Kings, NY (CT)",0,2203,2203,0,5443,5443
36047057300,"Kings, NY (CT)",0,1284,1284,0,2608,2608
36047057400,"Kings, NY (CT)",0,1143,1143,0,2657,2657
36047057500,"Kings, NY (CT)",0,2175,2175,0,4249,4249
36047057600,"Kings, NY (CT)",0,1194,1194,0,2918,2918
36047057800,"Kings, NY (CT)",0,1262,1262,0,3176,3176
36047057900,"Kings, NY (CT)",0,532,532,0,1117,1117
36047058000,"Kings, NY (CT)",0,1335,1335,0,3365,3365
36047058200,"Kings, NY (CT)",0,1149,1149,0,2967,2967
36047058400,"Kings, NY (CT)",0,1600,1600,0,3620,3620
36047058600,"Kings, NY (CT)",0,967,967,0,2519,2519
36047058800,"Kings, NY (CT)",0,1497,1497,0,3245,3245
36047058900,"Kings, NY (CT)",0,862,862,0,1904,1904
36047059000,"Kings, NY (CT)",0,744,744,0,1899,1899
36047059100,"Kings, NY (CT)",0,1992,1992,0,3920,3920
36047059200,"Kings, NY (CT)",0,1808,1808,0,3870,3870
36047059300,"Kings, NY (CT)",0,976,976,0,2228,2228
36047059401,"Kings, NY (CT)",0,3472,3472,0,7628,7628
36047059402,"Kings, NY (CT)",0,2319,2319,0,4551,4551
36047059600,"Kings, NY (CT)",0,1222,1222,0,2306,2306
36047059800,"Kings, NY (CT)",0,1556,1556,0,3427,3427
36047060000,"Kings, NY (CT)",0,3008,3008,0,6067,6067
36047060600,"Kings, NY (CT)",0,1201,1201,0,2555,2555
36047060800,"Kings, NY (CT)",0,1842,1842,0,3574,3574
36047061002,"Kings, NY (CT)",0,2286,2286,0,4508,4508
36047061003,"Kings, NY (CT)",0,665,665,0,1984,1984
36047061004,"Kings, NY (CT)",0,3409,3409,0,6447,6447
36047061200,"Kings, NY (CT)",0,496,496,0,1076,1076
36047061600,"Kings, NY (CT)",0,628,628,0,1656,1656
36047062000,"Kings, NY (CT)",0,845,845,0,1850,1850
36047062200,"Kings, NY (CT)",0,1725,1725,0,3252,3252
36047062600,"Kings, NY (CT)",0,1201,1201,0,2788,2788
36047062800,"Kings, NY (CT)",0,2182,2182,0,5226,5226
36047063200,"Kings, NY (CT)",0,741,741,0,1447,1447
36047063600,"Kings, NY (CT)",0,550,550,0,1236,1236
36047063800,"Kings, NY (CT)",0,822,822,0,1524,1524
36047064000,"Kings, NY (CT)",0,658,658,0,1599,1599
36047064200,"Kings, NY (CT)",0,1042,1042,0,2518,2518
36047064400,"Kings, NY (CT)",0,1034,1034,0,2528,2528
36047064600,"Kings, NY (CT)",0,753,753,0,2189,2189
36047064800,"Kings, NY (CT)",0,728,728,0,1945,1945
36047065000,"Kings, NY (CT)",0,508,508,0,1389,1389
36047065200,"Kings, NY (CT)",0,546,546,0,1232,1232
36047065400,"Kings, NY (CT)",0,636,636,0,1607,1607
36047065600,"Kings, NY (CT)",0,644,644,0,1708,1708
36047065800,"Kings, NY (CT)",0,818,818,0,1762,1762
36047066000,"Kings, NY (CT)",0,787,787,0,1773,1773
36047066200,"Kings, NY (CT)",0,647,647,0,1411,1411
36047066600,"Kings, NY (CT)",0,0,0,0,0,0
36047067000,"Kings, NY (CT)",0,1035,1035,0,2680,2680
36047067200,"Kings, NY (CT)",0,463,463,0,1422,1422
36047067400,"Kings, NY (CT)",0,638,638,0,1964,1964
36047067600,"Kings, NY (CT)",0,585,585,0,1657,1657
36047067800,"Kings, NY (CT)",0,952,952,0,2660,2660
36047068000,"Kings, NY (CT)",0,593,593,0,1809,1809
36047068200,"Kings, NY (CT)",0,861,861,0,2432,2432
36047068600,"Kings, NY (CT)",0,721,721,0,1533,1533
36047068800,"Kings, NY (CT)",0,601,601,0,1614,1614
36047069000,"Kings, NY (CT)",0,628,628,0,1791,1791
36047069200,"Kings, NY (CT)",0,821,821,0,2392,2392
36047069601,"Kings, NY (CT)",0,1581,1581,0,3780,3780
36047069602,"Kings, NY (CT)",0,2306,2306,0,5995,5995
36047069800,"Kings, NY (CT)",0,509,509,0,1277,1277
36047070000,"Kings, NY (CT)",0,702,702,0,1703,1703
36047070201,"Kings, NY (CT)",0,2591,2591,0,6573,6573
36047070202,"Kings, NY (CT)",22,0,22,37,0,37
36047070203,"Kings, NY (CT)",0,0,0,0,0,0
36047070600,"Kings, NY (CT)",0,1078,1078,0,2700,2700
36047072000,"Kings, NY (CT)",0,681,681,0,2167,2167
36047072200,"Kings, NY (CT)",0,967,967,0,2655,2655
36047072400,"Kings, NY (CT)",0,676,676,0,1755,1755
36047072600,"Kings, NY (CT)",0,708,708,0,2093,2093
36047072800,"Kings, NY (CT)",0,1378,1378,0,3193,3193
36047073000,"Kings, NY (CT)",0,677,677,0,1979,1979
36047073200,"Kings, NY (CT)",0,736,736,0,2096,2096
36047073400,"Kings, NY (CT)",0,622,622,0,1889,1889
36047073600,"Kings, NY (CT)",0,1208,1208,0,3368,3368
36047073800,"Kings, NY (CT)",0,1231,1231,0,3225,3225
36047074000,"Kings, NY (CT)",0,1146,1146,0,3531,3531
36047074200,"Kings, NY (CT)",0,998,998,0,3292,3292
36047074400,"Kings, NY (CT)",0,730,730,0,2492,2492
36047074600,"Kings, NY (CT)",0,778,778,0,2003,2003
36047074800,"Kings, NY (CT)",0,721,721,0,2012,2012
36047075000,"Kings, NY (CT)",0,1068,1068,0,3029,3029
36047075200,"Kings, NY (CT)",0,358,358,0,1130,1130
36047075400,"Kings, NY (CT)",0,499,499,0,1488,1488
36047075600,"Kings, NY (CT)",0,758,758,0,1993,1993
36047075800,"Kings, NY (CT)",0,698,698,0,1816,1816
36047076000,"Kings, NY (CT)",0,1119,1119,0,2776,2776
36047076200,"Kings, NY (CT)",0,1695,1695,0,4235,4235
36047076400,"Kings, NY (CT)",0,1290,1290,0,3487,3487
36047076600,"Kings, NY (CT)",0,735,735,0,2061,2061
36047076800,"Kings, NY (CT)",0,1309,1309,0,3407,3407
36047077000,"Kings, NY (CT)",0,1073,1073,0,2722,2722
36047077200,"Kings, NY (CT)",0,1215,1215,0,3394,3394
36047077400,"Kings, NY (CT)",0,1135,1135,0,2881,2881
36047077600,"Kings, NY (CT)",0,1703,1703,0,3806,3806
36047078000,"Kings, NY (CT)",0,650,650,0,2092,2092
36047078200,"Kings, NY (CT)",0,1530,1530,0,3864,3864
36047078400,"Kings, NY (CT)",0,814,814,0,2348,2348
36047078600,"Kings, NY (CT)",0,1797,1797,0,4256,4256
36047078800,"Kings, NY (CT)",0,1242,1242,0,3422,3422
36047079000,"Kings, NY (CT)",0,1942,1942,0,5094,5094
36047079200,"Kings, NY (CT)",0,1516,1516,0,4372,4372
36047079400,"Kings, NY (CT)",0,691,691,0,1864,1864
36047079601,"Kings, NY (CT)",0,1874,1874,0,4413,4413
36047079602,"Kings, NY (CT)",0,1930,1930,0,4814,4814
36047079801,"Kings, NY (CT)",0,1343,1343,0,3037,3037
36047079802,"Kings, NY (CT)",0,2382,2382,0,5451,5451
36047080000,"Kings, NY (CT)",0,1438,1438,0,3487,3487
36047080200,"Kings, NY (CT)",0,1784,1784,0,4304,4304
36047080400,"Kings, NY (CT)",0,1372,1372,0,3250,3250
36047080600,"Kings, NY (CT)",0,1221,1221,0,3386,3386
36047080800,"Kings, NY (CT)",0,172,172,0,1197,1197
36047081000,"Kings, NY (CT)",0,960,960,0,2300,2300
36047081400,"Kings, NY (CT)",0,1002,1002,0,2635,2635
36047081600,"Kings, NY (CT)",0,980,980,0,2791,2791
36047081800,"Kings, NY (CT)",0,1791,1791,0,4551,4551
36047082000,"Kings, NY (CT)",0,1981,1981,0,5281,5281
36047082200,"Kings, NY (CT)",0,2860,2860,0,7280,7280
36047082400,"Kings, NY (CT)",0,1782,1782,0,4730,4730
36047082600,"Kings, NY (CT)",0,2069,2069,0,5513,5513
36047082800,"Kings, NY (CT)",0,1440,1440,0,3814,3814
36047083000,"Kings, NY (CT)",0,2241,2241,0,5997,5997
36047083200,"Kings, NY (CT)",0,753,753,0,2289,2289
36047083400,"Kings, NY (CT)",0,572,572,0,1701,1701
36047083600,"Kings, NY (CT)",0,727,727,0,1929,1929
36047083800,"Kings, NY (CT)",0,735,735,0,2189,2189
36047084000,"Kings, NY (CT)",0,777,777,0,2412,2412
36047084600,"Kings, NY (CT)",0,711,711,0,1963,1963
36047084800,"Kings, NY (CT)",0,564,564,0,1750,1750
36047085000,"Kings, NY (CT)",0,449,449,0,1374,1374
36047085200,"Kings, NY (CT)",0,10,10,0,29,29
36047085400,"Kings, NY (CT)",0,720,720,0,2052,2052
36047085600,"Kings, NY (CT)",0,1476,1476,0,3608,3608
36047085800,"Kings, NY (CT)",0,860,860,0,2434,2434
36047086000,"Kings, NY (CT)",0,1271,1271,0,3426,3426
36047086200,"Kings, NY (CT)",0,1154,1154,0,2996,2996
36047086400,"Kings, NY (CT)",0,780,780,0,2231,2231
36047086600,"Kings, NY (CT)",0,1285,1285,0,3149,3149
36047086800,"Kings, NY (CT)",0,1239,1239,0,3156,3156
36047087000,"Kings, NY (CT)",0,1226,1226,0,3204,3204
36047087200,"Kings, NY (CT)",0,1107,1107,0,2868,2868
36047087401,"Kings, NY (CT)",0,1428,1428,0,3142,3142
36047087600,"Kings, NY (CT)",0,634,634,0,1742,1742
36047087800,"Kings, NY (CT)",0,1012,1012,0,3006,3006
36047088000,"Kings, NY (CT)",0,1176,1176,0,2863,2863
36047088200,"Kings, NY (CT)",0,2674,2674,0,6740,6740
36047088400,"Kings, NY (CT)",0,2106,2106,0,5236,5236
36047088600,"Kings, NY (CT)",0,1843,1843,0,4427,4427
36047088800,"Kings, NY (CT)",0,1551,1551,0,3923,3923
36047089000,"Kings, NY (CT)",0,2387,2387,0,6319,6319
36047089200,"Kings, NY (CT)",0,1548,1548,0,3651,3651
36047089400,"Kings, NY (CT)",0,1261,1261,0,3430,3430
36047089600,"Kings, NY (CT)",0,1458,1458,0,3546,3546
36047089800,"Kings, NY (CT)",0,754,754,0,2089,2089
36047090000,"Kings, NY (CT)",0,2021,2021,0,5508,5508
36047090200,"Kings, NY (CT)",0,975,975,0,3451,3451
36047090600,"Kings, NY (CT)",0,1595,1595,0,4581,4581
36047090800,"Kings, NY (CT)",0,1315,1315,0,3990,3990
36047091000,"Kings, NY (CT)",0,2249,2249,0,5610,5610
36047091200,"Kings, NY (CT)",0,2333,2333,0,6814,6814
36047091600,"Kings, NY (CT)",0,1593,1593,0,4325,4325
36047091800,"Kings, NY (CT)",0,998,998,0,2804,2804
36047092000,"Kings, NY (CT)",0,1070,1070,0,3154,3154
36047092200,"Kings, NY (CT)",0,1276,1276,0,2691,2691
36047092400,"Kings, NY (CT)",0,917,917,0,2656,2656
36047092800,"Kings, NY (CT)",0,1090,1090,0,2656,2656
36047093000,"Kings, NY (CT)",0,1016,1016,0,2547,2547
36047093200,"Kings, NY (CT)",0,420,420,0,1142,1142
36047093400,"Kings, NY (CT)",0,991,991,0,2401,2401
36047093600,"Kings, NY (CT)",0,621,621,0,1628,1628
36047093800,"Kings, NY (CT)",0,919,919,0,2374,2374
36047094401,"Kings, NY (CT)",0,1182,1182,0,3202,3202
36047094402,"Kings, NY (CT)",0,1187,1187,0,2886,2886
36047094600,"Kings, NY (CT)",0,708,708,0,1830,1830
36047095000,"Kings, NY (CT)",0,976,976,0,2906,2906
36047095400,"Kings, NY (CT)",0,1572,1572,0,4607,4607
36047095600,"Kings, NY (CT)",0,1330,1330,0,4042,4042
36047095800,"Kings, NY (CT)",0,1189,1189,0,3456,3456
36047096000,"Kings, NY (CT)",0,0,0,0,0,0
36047096200,"Kings, NY (CT)",0,560,560,0,1717,1717
36047096400,"Kings, NY (CT)",0,821,821,0,2361,2361
36047096600,"Kings, NY (CT)",0,759,759,0,2164,2164
36047096800,"Kings, NY (CT)",0,452,452,0,1471,1471
36047097000,"Kings, NY (CT)",0,781,781,0,2105,2105
36047097400,"Kings, NY (CT)",0,760,760,0,2724,2724
36047098200,"Kings, NY (CT)",0,1592,1592,0,4305,4305
36047098400,"Kings, NY (CT)",0,687,687,0,1978,1978
36047098600,"Kings, NY (CT)",0,1035,1035,0,2862,2862
36047098800,"Kings, NY (CT)",0,1086,1086,0,3054,3054
36047099000,"Kings, NY (CT)",0,503,503,0,1422,1422
36047099200,"Kings, NY (CT)",0,643,643,0,1833,1833
36047099400,"Kings, NY (CT)",0,653,653,0,1978,1978
36047099600,"Kings, NY (CT)",0,1180,1180,0,3631,3631
36047099800,"Kings, NY (CT)",0,1356,1356,0,3784,3784
36047100400,"Kings, NY (CT)",0,963,963,0,2567,2567
36047100600,"Kings, NY (CT)",0,880,880,0,2489,2489
36047100800,"Kings, NY (CT)",0,702,702,0,2124,2124
36047101000,"Kings, NY (CT)",0,780,780,0,2318,2318
36047101200,"Kings, NY (CT)",0,756,756,0,1932,1932
36047101400,"Kings, NY (CT)",0,827,827,0,2160,2160
36047101600,"Kings, NY (CT)",0,496,496,0,1464,1464
36047101800,"Kings, NY (CT)",0,803,803,0,1851,1851
36047102000,"Kings, NY (CT)",0,624,624,0,1922,1922
36047102200,"Kings, NY (CT)",0,777,777,0,2075,2075
36047102400,"Kings, NY (CT)",0,677,677,0,2123,2123
36047102600,"Kings, NY (CT)",0,935,935,0,2771,2771
36047102800,"Kings, NY (CT)",0,525,525,0,1579,1579
36047103400,"Kings, NY (CT)",0,1601,1601,0,3918,3918
36047105801,"Kings, NY (CT)",0,3251,3251,0,6928,6928
36047105804,"Kings, NY (CT)",0,3062,3062,0,6426,6426
36047107000,"Kings, NY (CT)",0,187,187,0,322,322
36047107800,"Kings, NY (CT)",0,1943,1943,0,3849,3849
36047109800,"Kings, NY (CT)",0,621,621,0,1917,1917
36047110400,"Kings, NY (CT)",0,1797,1797,0,4358,4358
36047110600,"Kings, NY (CT)",0,1587,1587,0,4311,4311
36047111000,"Kings, NY (CT)",0,1425,1425,0,3216,3216
36047111600,"Kings, NY (CT)",0,1076,1076,0,3484,3484
36047111800,"Kings, NY (CT)",0,1142,1142,0,3053,3053
36047112000,"Kings, NY (CT)",0,1219,1219,0,3155,3155
36047112200,"Kings, NY (CT)",0,1182,1182,0,3371,3371
36047112400,"Kings, NY (CT)",0,1232,1232,0,3416,3416
36047112600,"Kings, NY (CT)",0,1407,1407,0,3783,3783
36047112800,"Kings, NY (CT)",0,1579,1579,0,3822,3822
36047113000,"Kings, NY (CT)",0,1442,1442,0,3891,3891
36047113200,"Kings, NY (CT)",0,666,666,0,1937,1937
36047113400,"Kings, NY (CT)",0,786,786,0,2838,2838
36047114201,"Kings, NY (CT)",0,557,557,0,1578,1578
36047114202,"Kings, NY (CT)",0,938,938,0,2766,2766
36047114400,"Kings, NY (CT)",0,804,804,0,2403,2403
36047114600,"Kings, NY (CT)",0,962,962,0,2998,2998
36047115000,"Kings, NY (CT)",0,902,902,0,2595,2595
36047115200,"Kings, NY (CT)",0,1030,1030,0,3094,3094
36047115600,"Kings, NY (CT)",0,1577,1577,0,4315,4315
36047115800,"Kings, NY (CT)",0,1065,1065,0,2983,2983
36047116000,"Kings, NY (CT)",0,890,890,0,2543,2543
36047116200,"Kings, NY (CT)",0,830,830,0,2157,2157
36047116400,"Kings, NY (CT)",0,1003,1003,0,2921,2921
36047116600,"Kings, NY (CT)",0,995,995,0,2907,2907
36047116800,"Kings, NY (CT)",0,690,690,0,2057,2057
36047117000,"Kings, NY (CT)",0,575,575,0,1880,1880
36047117201,"Kings, NY (CT)",0,816,816,0,2713,2713
36047117202,"Kings, NY (CT)",0,1276,1276,0,3907,3907
36047117400,"Kings, NY (CT)",0,1273,1273,0,4329,4329
36047117601,"Kings, NY (CT)",0,896,896,0,2750,2750
36047117602,"Kings, NY (CT)",0,1082,1082,0,3313,3313
36047117800,"Kings, NY (CT)",0,531,531,0,1717,1717
36047118000,"Kings, NY (CT)",0,2,2,0,6,6
36047118201,"Kings, NY (CT)",0,956,956,0,3002,3002
36047118202,"Kings, NY (CT)",0,991,991,0,3083,3083
36047118400,"Kings, NY (CT)",0,1641,1641,0,5420,5420
36047118600,"Kings, NY (CT)",0,901,901,0,2969,2969
36047118800,"Kings, NY (CT)",0,1376,1376,0,4651,4651
36047119000,"Kings, NY (CT)",0,661,661,0,2127,2127
36047119200,"Kings, NY (CT)",0,1173,1173,0,3013,3013
36047119400,"Kings, NY (CT)",0,1396,1396,0,3914,3914
36047119600,"Kings, NY (CT)",0,1860,1860,0,5403,5403
36047119800,"Kings, NY (CT)",0,1124,1124,0,3426,3426
36047120000,"Kings, NY (CT)",0,646,646,0,2148,2148
36047120200,"Kings, NY (CT)",0,527,527,0,1900,1900
36047120800,"Kings, NY (CT)",0,3279,3279,0,8938,8938
36047121000,"Kings, NY (CT)",0,1440,1440,0,4035,4035
36047121400,"Kings, NY (CT)",0,1501,1501,0,4351,4351
36047122000,"Kings, NY (CT)",0,2209,2209,0,5495,5495
36047123700,"Kings, NY (CT)",0,1392,1392,0,6008,6008
36047150200,"Kings, NY (CT)",0,1108,1108,0,2540,2540
36047152200,"Kings, NY (CT)",0,1126,1126,0,3317,3317
36047990100,"Kings, NY (CT)",0,0,0,0,0,0
36049950100,"Lewis, NY (CT)",1750,0,1750,2675,0,2675
36049950200,"Lewis, NY (CT)",2247,0,2247,4463,0,4463
36049950300,"Lewis, NY (CT)",1955,1426,3381,4834,2964,7798
36049950400,"Lewis, NY (CT)",1817,0,1817,2859,0,2859
36049950500,"Lewis, NY (CT)",1094,259,1353,1876,598,2474
36049950600,"Lewis, NY (CT)",1476,0,1476,1818,0,1818
36049950700,"Lewis, NY (CT)",3088,0,3088,5000,0,5000
36051030100,"Livingston, NY (CT)",1802,0,1802,4255,0,4255
36051030201,"Livingston, NY (CT)",1582,400,1982,3922,1315,5237
36051030202,"Livingston, NY (CT)",1283,1526,2809,3232,2611,5843
36051030300,"Livingston, NY (CT)",61,1426,1487,171,3214,3385
36051030400,"Livingston, NY (CT)",0,1496,1496,0,3538,3538
36051030500,"Livingston, NY (CT)",0,3,3,0,3041,3041
36051030600,"Livingston, NY (CT)",869,937,1806,1980,2325,4305
36051030700,"Livingston, NY (CT)",1479,2058,3537,3785,4024,7809
36051030800,"Livingston, NY (CT)",1717,581,2298,4691,1231,5922
36051030900,"Livingston, NY (CT)",0,1463,1463,0,2986,2986
36051031000,"Livingston, NY (CT)",1,0,1,1008,0,1008
36051031100,"Livingston, NY (CT)",2239,260,2499,4684,228,4912
36051031200,"Livingston, NY (CT)",1761,0,1761,3948,0,3948
36051031300,"Livingston, NY (CT)",1790,224,2014,4063,423,4486
36051031400,"Livingston, NY (CT)",0,2165,2165,0,4718,4718
36053030501,"Madison, NY (CT)",228,1042,1270,392,2780,3172
36053030502,"Madison, NY (CT)",1478,146,1624,3580,334,3914
36053030700,"Madison, NY (CT)",3076,0,3076,7235,0,7235
36053030800,"Madison, NY (CT)",2037,0,2037,3895,0,3895
36053030900,"Madison, NY (CT)",124,981,1105,227,4152,4379
36053031000,"Madison, NY (CT)",2471,138,2609,5044,275,5319
36053031100,"Madison, NY (CT)",1160,0,1160,2545,0,2545
36053940101,"Madison, NY (CT)",0,1231,1231,0,2736,2736
36053940102,"Madison, NY (CT)",0,2347,2347,0,4977,4977
36053940103,"Madison, NY (CT)",847,630,1477,2031,1649,3680
36053940200,"Madison, NY (CT)",938,791,1729,2234,1291,3525
36053940300,"Madison, NY (CT)",255,2212,2467,609,4988,5597
36053940401,"Madison, NY (CT)",2604,826,3430,5669,1640,7309
36053940403,"Madison, NY (CT)",75,1945,2020,142,4807,4949
36053940600,"Madison, NY (CT)",2810,92,2902,6883,246,7129
36053940700,"Madison, NY (CT)",1134,139,1273,2805,276,3081
36055000200,"Monroe, NY (CT)",0,1241,1241,0,2589,2589
36055000700,"Monroe, NY (CT)",0,891,891,0,2087,2087
36055001000,"Monroe, NY (CT)",0,2245,2245,0,3668,3668
36055001300,"Monroe, NY (CT)",0,642,642,0,1843,1843
36055001500,"Monroe, NY (CT)",0,459,459,0,1021,1021
36055001800,"Monroe, NY (CT)",0,2491,2491,0,5182,5182
36055001900,"Monroe, NY (CT)",0,1050,1050,0,2530,2530
36055002000,"Monroe, NY (CT)",0,2088,2088,0,4812,4812
36055002100,"Monroe, NY (CT)",0,1424,1424,0,3577,3577
36055002200,"Monroe, NY (CT)",0,1214,1214,0,3039,3039
36055002300,"Monroe, NY (CT)",0,2041,2041,0,4254,4254
36055002400,"Monroe, NY (CT)",0,1462,1462,0,3573,3573
36055002700,"Monroe, NY (CT)",0,609,609,0,1432,1432
36055002900,"Monroe, NY (CT)",0,2579,2579,0,3740,3740
36055003000,"Monroe, NY (CT)",0,1226,1226,0,1924,1924
36055003100,"Monroe, NY (CT)",0,2743,2743,0,4626,4626
36055003200,"Monroe, NY (CT)",0,1133,1133,0,1827,1827
36055003300,"Monroe, NY (CT)",0,1088,1088,0,1657,1657
36055003400,"Monroe, NY (CT)",0,1288,1288,0,2506,2506
36055003500,"Monroe, NY (CT)",0,542,542,0,1514,1514
36055003600,"Monroe, NY (CT)",0,1351,1351,0,2703,2703
36055003700,"Monroe, NY (CT)",0,1522,1522,0,3074,3074
36055003802,"Monroe, NY (CT)",0,0,0,0,2320,2320
36055003805,"Monroe, NY (CT)",0,2652,2652,0,7253,7253
36055003900,"Monroe, NY (CT)",0,868,868,0,2042,2042
36055004000,"Monroe, NY (CT)",0,561,561,0,1327,1327
36055004100,"Monroe, NY (CT)",0,523,523,0,1227,1227
36055004602,"Monroe, NY (CT)",0,1404,1404,0,2446,2446
36055004701,"Monroe, NY (CT)",0,1640,1640,0,3033,3033
36055004702,"Monroe, NY (CT)",0,1036,1036,0,2189,2189
36055004800,"Monroe, NY (CT)",0,977,977,0,2428,2428
36055004900,"Monroe, NY (CT)",0,746,746,0,1898,1898
36055005000,"Monroe, NY (CT)",0,757,757,0,1777,1777
36055005100,"Monroe, NY (CT)",0,581,581,0,1441,1441
36055005200,"Monroe, NY (CT)",0,708,708,0,1594,1594
36055005300,"Monroe, NY (CT)",0,756,756,0,1987,1987
36055005400,"Monroe, NY (CT)",0,1602,1602,0,3869,3869
36055005500,"Monroe, NY (CT)",0,806,806,0,1981,1981
36055005600,"Monroe, NY (CT)",0,951,951,0,2345,2345
36055005700,"Monroe, NY (CT)",0,794,794,0,1932,1932
36055005800,"Monroe, NY (CT)",0,1615,1615,0,3981,3981
36055005900,"Monroe, NY (CT)",0,751,751,0,1752,1752
36055006000,"Monroe, NY (CT)",0,1750,1750,0,3415,3415
36055006100,"Monroe, NY (CT)",0,1210,1210,0,2353,2353
36055006200,"Monroe, NY (CT)",0,1408,1408,0,3084,3084
36055006300,"Monroe, NY (CT)",0,1310,1310,0,3071,3071
36055006400,"Monroe, NY (CT)",0,1148,1148,0,2591,2591
36055006500,"Monroe, NY (CT)",0,728,728,0,1616,1616
36055006600,"Monroe, NY (CT)",0,813,813,0,1968,1968
36055006700,"Monroe, NY (CT)",0,1255,1255,0,3066,3066
36055006800,"Monroe, NY (CT)",0,1220,1220,0,2828,2828
36055006900,"Monroe, NY (CT)",0,956,956,0,1907,1907
36055007000,"Monroe, NY (CT)",0,1270,1270,0,2963,2963
36055007100,"Monroe, NY (CT)",0,1326,1326,0,3177,3177
36055007500,"Monroe, NY (CT)",0,1319,1319,0,2925,2925
36055007600,"Monroe, NY (CT)",0,1462,1462,0,2938,2938
36055007700,"Monroe, NY (CT)",0,1466,1466,0,2790,2790
36055007801,"Monroe, NY (CT)",0,1597,1597,0,2458,2458
36055007802,"Monroe, NY (CT)",0,801,801,0,1495,1495
36055007900,"Monroe, NY (CT)",0,772,772,0,1915,1915
36055008000,"Monroe, NY (CT)",0,917,917,0,2399,2399
36055008100,"Monroe, NY (CT)",0,1760,1760,0,4390,4390
36055008200,"Monroe, NY (CT)",0,1208,1208,0,3073,3073
36055008301,"Monroe, NY (CT)",0,1827,1827,0,4048,4048
36055008400,"Monroe, NY (CT)",0,1080,1080,0,2912,2912
36055008500,"Monroe, NY (CT)",0,2020,2020,0,3678,3678
36055008600,"Monroe, NY (CT)",0,2298,2298,0,4575,4575
36055008701,"Monroe, NY (CT)",0,1579,1579,0,3696,3696
36055008702,"Monroe, NY (CT)",0,623,623,0,1499,1499
36055008800,"Monroe, NY (CT)",0,1068,1068,0,2580,2580
36055009200,"Monroe, NY (CT)",0,645,645,0,1303,1303
36055009301,"Monroe, NY (CT)",0,1123,1123,0,2379,2379
36055009302,"Monroe, NY (CT)",0,1153,1153,0,1452,1452
36055009400,"Monroe, NY (CT)",0,2377,2377,0,4430,4430
36055009500,"Monroe, NY (CT)",0,1615,1615,0,2963,2963
36055009601,"Monroe, NY (CT)",0,740,740,0,1543,1543
36055009602,"Monroe, NY (CT)",0,751,751,0,1640,1640
36055009603,"Monroe, NY (CT)",0,983,983,0,2272,2272
36055009604,"Monroe, NY (CT)",0,497,497,0,1116,1116
36055010100,"Monroe, NY (CT)",0,1858,1858,0,3799,3799
36055010200,"Monroe, NY (CT)",0,1549,1549,0,3929,3929
36055010300,"Monroe, NY (CT)",0,1582,1582,0,3788,3788
36055010400,"Monroe, NY (CT)",0,2292,2292,0,5051,5051
36055010500,"Monroe, NY (CT)",0,1836,1836,0,4501,4501
36055010601,"Monroe, NY (CT)",0,1233,1233,0,2643,2643
36055010602,"Monroe, NY (CT)",0,1766,1766,0,3687,3687
36055010700,"Monroe, NY (CT)",0,1657,1657,0,3447,3447
36055010800,"Monroe, NY (CT)",0,1406,1406,0,3014,3014
36055010901,"Monroe, NY (CT)",0,2405,2405,0,5280,5280
36055010902,"Monroe, NY (CT)",0,1704,1704,0,3313,3313
36055011000,"Monroe, NY (CT)",0,2417,2417,0,5160,5160
36055011100,"Monroe, NY (CT)",0,1917,1917,0,4103,4103
36055011201,"Monroe, NY (CT)",0,1631,1631,0,3649,3649
36055011203,"Monroe, NY (CT)",0,887,887,0,2076,2076
36055011205,"Monroe, NY (CT)",0,1888,1888,0,5371,5371
36055011207,"Monroe, NY (CT)",0,2178,2178,0,4954,4954
36055011208,"Monroe, NY (CT)",0,2818,2818,0,4887,4887
36055011301,"Monroe, NY (CT)",493,2252,2745,1267,6611,7878
36055011302,"Monroe, NY (CT)",0,2149,2149,0,5576,5576
36055011400,"Monroe, NY (CT)",132,3432,3564,381,7869,8250
36055011501,"Monroe, NY (CT)",162,2625,2787,455,6212,6667
36055011503,"Monroe, NY (CT)",0,2169,2169,0,6060,6060
36055011504,"Monroe, NY (CT)",45,2332,2377,115,6202,6317
36055011505,"Monroe, NY (CT)",708,1473,2181,1954,3762,5716
36055011601,"Monroe, NY (CT)",0,2755,2755,0,5785,5785
36055011603,"Monroe, NY (CT)",0,895,895,0,1314,1314
36055011604,"Monroe, NY (CT)",0,1201,1201,0,2285,2285
36055011605,"Monroe, NY (CT)",0,925,925,0,2098,2098
36055011703,"Monroe, NY (CT)",107,3272,3379,282,8323,8605
36055011705,"Monroe, NY (CT)",0,2570,2570,0,5152,5152
36055011706,"Monroe, NY (CT)",0,2047,2047,0,4764,4764
36055011707,"Monroe, NY (CT)",0,2479,2479,0,6776,6776
36055011708,"Monroe, NY (CT)",462,930,1392,1171,2432,3603
36055011800,"Monroe, NY (CT)",0,2426,2426,0,5214,5214
36055011901,"Monroe, NY (CT)",0,2727,2727,0,6211,6211
36055011902,"Monroe, NY (CT)",0,2689,2689,0,6137,6137
36055012000,"Monroe, NY (CT)",0,1292,1292,0,2854,2854
36055012100,"Monroe, NY (CT)",0,1700,1700,0,3733,3733
36055012201,"Monroe, NY (CT)",0,1537,1537,0,6011,6011
36055012202,"Monroe, NY (CT)",0,1660,1660,0,3616,3616
36055012301,"Monroe, NY (CT)",0,2569,2569,0,5948,5948
36055012304,"Monroe, NY (CT)",0,1586,1586,0,4226,4226
36055012305,"Monroe, NY (CT)",97,1305,1402,275,3914,4189
36055012306,"Monroe, NY (CT)",253,1737,1990,768,4647,5415
36055012401,"Monroe, NY (CT)",181,1218,1399,404,2613,3017
36055012402,"Monroe, NY (CT)",1831,383,2214,5036,1099,6135
36055012500,"Monroe, NY (CT)",0,2179,2179,0,4450,4450
36055012600,"Monroe, NY (CT)",0,2468,2468,0,4929,4929
36055012700,"Monroe, NY (CT)",0,1575,1575,0,3855,3855
36055012800,"Monroe, NY (CT)",0,2329,2329,0,4431,4431
36055012900,"Monroe, NY (CT)",0,2412,2412,0,5272,5272
36055013001,"Monroe, NY (CT)",0,2967,2967,0,7089,7089
36055013002,"Monroe, NY (CT)",0,3157,3157,0,6583,6583
36055013101,"Monroe, NY (CT)",0,2903,2903,0,6467,6467
36055013103,"Monroe, NY (CT)",0,1422,1422,0,7367,7367
36055013104,"Monroe, NY (CT)",0,2281,2281,0,5157,5157
36055013203,"Monroe, NY (CT)",0,2205,2205,0,5519,5519
36055013204,"Monroe, NY (CT)",149,3117,3266,324,7628,7952
36055013205,"Monroe, NY (CT)",0,1707,1707,0,4601,4601
36055013206,"Monroe, NY (CT)",141,2153,2294,347,5171,5518
36055013300,"Monroe, NY (CT)",1406,6,1412,3462,16,3478
36055013401,"Monroe, NY (CT)",0,2106,2106,0,4043,4043
36055013402,"Monroe, NY (CT)",124,1486,1610,248,3208,3456
36055013503,"Monroe, NY (CT)",216,1866,2082,542,5043,5585
36055013505,"Monroe, NY (CT)",0,1741,1741,0,3707,3707
36055013506,"Monroe, NY (CT)",70,3321,3391,172,8510,8682
36055013507,"Monroe, NY (CT)",0,2198,2198,0,5879,5879
36055013508,"Monroe, NY (CT)",68,1363,1431,142,3775,3917
36055013601,"Monroe, NY (CT)",0,2084,2084,0,4741,4741
36055013603,"Monroe, NY (CT)",0,2039,2039,0,5471,5471
36055013604,"Monroe, NY (CT)",0,2071,2071,0,5360,5360
36055013701,"Monroe, NY (CT)",0,974,974,0,2191,2191
36055013702,"Monroe, NY (CT)",0,1663,1663,0,3412,3412
36055013800,"Monroe, NY (CT)",0,2486,2486,0,5906,5906
36055013901,"Monroe, NY (CT)",0,1904,1904,0,4305,4305
36055013902,"Monroe, NY (CT)",0,2198,2198,0,4189,4189
36055014001,"Monroe, NY (CT)",0,2202,2202,0,5042,5042
36055014003,"Monroe, NY (CT)",0,2197,2197,0,4658,4658
36055014004,"Monroe, NY (CT)",0,1803,1803,0,3641,3641
36055014102,"Monroe, NY (CT)",0,1587,1587,0,3757,3757
36055014103,"Monroe, NY (CT)",0,1813,1813,0,4448,4448
36055014104,"Monroe, NY (CT)",100,1510,1610,243,3462,3705
36055014202,"Monroe, NY (CT)",0,2969,2969,0,6660,6660
36055014203,"Monroe, NY (CT)",0,2995,2995,0,6596,6596
36055014204,"Monroe, NY (CT)",0,955,955,0,2503,2503
36055014301,"Monroe, NY (CT)",0,1472,1472,0,2916,2916
36055014302,"Monroe, NY (CT)",0,2059,2059,0,4910,4910
36055014400,"Monroe, NY (CT)",0,2012,2012,0,4815,4815
36055014501,"Monroe, NY (CT)",0,1719,1719,0,4331,4331
36055014503,"Monroe, NY (CT)",0,1382,1382,0,3225,3225
36055014504,"Monroe, NY (CT)",0,2129,2129,0,5590,5590
36055014505,"Monroe, NY (CT)",0,2204,2204,0,5367,5367
36055014601,"Monroe, NY (CT)",231,1969,2200,579,4991,5570
36055014602,"Monroe, NY (CT)",603,1450,2053,1263,3289,4552
36055014700,"Monroe, NY (CT)",887,1262,2149,2028,2747,4775
36055014802,"Monroe, NY (CT)",1636,578,2214,3987,1541,5528
36055014803,"Monroe, NY (CT)",1119,202,1321,2731,620,3351
36055014804,"Monroe, NY (CT)",130,2644,2774,336,6418,6754
36055014901,"Monroe, NY (CT)",59,2276,2335,143,5415,5558
36055014903,"Monroe, NY (CT)",978,904,1882,2552,2541,5093
36055014905,"Monroe, NY (CT)",0,2015,2015,0,5536,5536
36055014906,"Monroe, NY (CT)",507,921,1428,1317,2352,3669
36055015000,"Monroe, NY (CT)",1425,807,2232,3682,1908,5590
36055015101,"Monroe, NY (CT)",940,900,1840,2308,2520,4828
36055015102,"Monroe, NY (CT)",1040,752,1792,2471,1746,4217
36055015200,"Monroe, NY (CT)",1482,1047,2529,3894,2842,6736
36055015301,"Monroe, NY (CT)",0,220,220,0,2919,2919
36055015303,"Monroe, NY (CT)",0,1468,1468,0,3183,3183
36055015304,"Monroe, NY (CT)",0,2063,2063,0,4472,4472
36055015400,"Monroe, NY (CT)",1249,190,1439,3131,470,3601
36055980000,"Monroe, NY (CT)",0,0,0,0,0,0
36055980100,"Monroe, NY (CT)",0,14,14,0,24,24
36055990000,"Monroe, NY (CT)",0,0,0,0,0,0
36057070200,"Montgomery, NY (CT)",0,1255,1255,0,2380,2380
36057070300,"Montgomery, NY (CT)",0,1036,1036,0,2182,2182
36057070400,"Montgomery, NY (CT)",0,1010,1010,0,2128,2128
36057070500,"Montgomery, NY (CT)",0,1254,1254,0,2779,2779
36057070600,"Montgomery, NY (CT)",0,1076,1076,0,2052,2052
36057070700,"Montgomery, NY (CT)",0,1234,1234,0,2595,2595
36057070800,"Montgomery, NY (CT)",0,1498,1498,0,2888,2888
36057070900,"Montgomery, NY (CT)",0,855,855,0,1616,1616
36057072100,"Montgomery, NY (CT)",1247,1273,2520,2680,2886,5566
36057072200,"Montgomery, NY (CT)",902,741,1643,2246,1598,3844
36057072300,"Montgomery, NY (CT)",726,573,1299,1966,1274,3240
36057072400,"Montgomery, NY (CT)",1191,0,1191,2631,0,2631
36057072500,"Montgomery, NY (CT)",865,1068,1933,2051,2246,4297
36057072600,"Montgomery, NY (CT)",665,1028,1693,1520,2210,3730
36057072700,"Montgomery, NY (CT)",1406,344,1750,3420,802,4222
36057072800,"Montgomery, NY (CT)",1806,10,1816,4045,24,4069
36059300100,"Nassau, NY (CT)",0,1387,1387,0,5010,5010
36059300300,"Nassau, NY (CT)",0,1663,1663,0,4565,4565
36059300400,"Nassau, NY (CT)",0,1986,1986,0,5438,5438
36059300500,"Nassau, NY (CT)",0,2005,2005,0,5485,5485
36059300600,"Nassau, NY (CT)",0,2456,2456,0,6445,6445
36059300700,"Nassau, NY (CT)",0,3602,3602,0,5870,5870
36059300800,"Nassau, NY (CT)",0,1695,1695,0,4226,4226
36059300900,"Nassau, NY (CT)",0,3264,3264,0,8009,8009
36059301000,"Nassau, NY (CT)",0,2243,2243,0,5332,5332
36059301101,"Nassau, NY (CT)",0,2597,2597,0,6556,6556
36059301102,"Nassau, NY (CT)",0,1888,1888,0,4526,4526
36059301200,"Nassau, NY (CT)",0,2394,2394,0,5889,5889
36059301300,"Nassau, NY (CT)",0,1709,1709,0,4887,4887
36059301400,"Nassau, NY (CT)",0,740,740,0,2040,2040
36059301500,"Nassau, NY (CT)",0,1056,1056,0,3226,3226
36059301600,"Nassau, NY (CT)",0,1523,1523,0,4665,4665
36059301700,"Nassau, NY (CT)",0,840,840,0,2693,2693
36059301800,"Nassau, NY (CT)",0,1845,1845,0,5073,5073
36059301900,"Nassau, NY (CT)",0,1048,1048,0,3007,3007
36059302000,"Nassau, NY (CT)",0,2067,2067,0,4997,4997
36059302101,"Nassau, NY (CT)",0,1420,1420,0,4309,4309
36059302102,"Nassau, NY (CT)",0,1146,1146,0,3410,3410
36059302200,"Nassau, NY (CT)",0,1376,1376,0,3868,3868
36059302300,"Nassau, NY (CT)",0,1604,1604,0,4915,4915
36059302400,"Nassau, NY (CT)",0,1850,1850,0,5182,5182
36059302501,"Nassau, NY (CT)",0,901,901,0,2742,2742
36059302502,"Nassau, NY (CT)",0,918,918,0,2553,2553
36059302600,"Nassau, NY (CT)",0,876,876,0,2339,2339
36059302700,"Nassau, NY (CT)",0,1444,1444,0,4314,4314
36059302800,"Nassau, NY (CT)",0,2119,2119,0,6253,6253
36059302900,"Nassau, NY (CT)",0,1453,1453,0,4332,4332
36059303000,"Nassau, NY (CT)",0,1949,1949,0,5674,5674
36059303101,"Nassau, NY (CT)",0,1241,1241,0,3592,3592
36059303102,"Nassau, NY (CT)",0,1378,1378,0,4295,4295
36059303201,"Nassau, NY (CT)",0,1202,1202,0,3767,3767
36059303202,"Nassau, NY (CT)",0,1401,1401,0,4039,4039
36059303301,"Nassau, NY (CT)",0,1125,1125,0,3166,3166
36059303302,"Nassau, NY (CT)",0,1618,1618,0,4121,4121
36059303400,"Nassau, NY (CT)",0,864,864,0,2556,2556
36059303500,"Nassau, NY (CT)",0,1862,1862,0,5154,5154
36059303600,"Nassau, NY (CT)",0,3080,3080,0,6911,6911
36059303700,"Nassau, NY (CT)",0,2754,2754,0,6718,6718
36059303800,"Nassau, NY (CT)",0,1932,1932,0,4981,4981
36059303900,"Nassau, NY (CT)",0,1227,1227,0,3906,3906
36059304001,"Nassau, NY (CT)",0,854,854,0,2554,2554
36059304002,"Nassau, NY (CT)",0,1889,1889,0,4281,4281
36059304100,"Nassau, NY (CT)",0,1301,1301,0,4405,4405
36059304202,"Nassau, NY (CT)",0,963,963,0,3751,3751
36059304203,"Nassau, NY (CT)",0,1117,1117,0,5559,5559
36059304204,"Nassau, NY (CT)",0,1094,1094,0,4749,4749
36059404300,"Nassau, NY (CT)",0,1043,1043,0,3391,3391
36059404400,"Nassau, NY (CT)",0,1842,1842,0,4950,4950
36059404500,"Nassau, NY (CT)",0,1722,1722,0,4126,4126
36059404600,"Nassau, NY (CT)",0,1469,1469,0,4448,4448
36059404700,"Nassau, NY (CT)",0,2133,2133,0,5934,5934
36059404800,"Nassau, NY (CT)",0,2177,2177,0,6358,6358
36059404901,"Nassau, NY (CT)",0,1409,1409,0,5214,5214
36059404902,"Nassau, NY (CT)",0,1335,1335,0,4292,4292
36059405000,"Nassau, NY (CT)",0,1570,1570,0,5134,5134
36059405100,"Nassau, NY (CT)",0,2289,2289,0,7823,7823
36059405200,"Nassau, NY (CT)",0,2068,2068,0,6141,6141
36059405301,"Nassau, NY (CT)",0,1215,1215,0,3498,3498
36059405302,"Nassau, NY (CT)",0,1514,1514,0,4135,4135
36059405400,"Nassau, NY (CT)",0,2731,2731,0,7562,7562
36059405500,"Nassau, NY (CT)",0,1784,1784,0,5412,5412
36059405600,"Nassau, NY (CT)",0,1431,1431,0,4043,4043
36059405700,"Nassau, NY (CT)",0,1638,1638,0,4670,4670
36059405800,"Nassau, NY (CT)",0,1429,1429,0,4024,4024
36059405900,"Nassau, NY (CT)",0,1696,1696,0,5218,5218
36059406001,"Nassau, NY (CT)",0,1538,1538,0,4607,4607
36059406002,"Nassau, NY (CT)",0,983,983,0,3137,3137
36059406100,"Nassau, NY (CT)",0,964,964,0,2915,2915
36059406201,"Nassau, NY (CT)",0,949,949,0,2985,2985
36059406202,"Nassau, NY (CT)",0,1552,1552,0,5615,5615
36059406300,"Nassau, NY (CT)",0,1291,1291,0,3811,3811
36059406400,"Nassau, NY (CT)",0,2703,2703,0,6642,6642
36059406501,"Nassau, NY (CT)",0,2222,2222,0,6599,6599
36059406600,"Nassau, NY (CT)",0,1436,1436,0,4145,4145
36059406701,"Nassau, NY (CT)",0,1031,1031,0,3576,3576
36059406702,"Nassau, NY (CT)",0,1864,1864,0,4923,4923
36059406801,"Nassau, NY (CT)",0,1447,1447,0,4576,4576
36059406802,"Nassau, NY (CT)",0,1484,1484,0,4873,4873
36059406900,"Nassau, NY (CT)",0,1981,1981,0,7272,7272
36059407000,"Nassau, NY (CT)",0,2238,2238,0,7164,7164
36059407101,"Nassau, NY (CT)",0,1360,1360,0,5181,5181
36059407102,"Nassau, NY (CT)",0,1437,1437,0,5489,5489
36059407201,"Nassau, NY (CT)",0,1587,1587,0,4941,4941
36059407203,"Nassau, NY (CT)",0,966,966,0,3325,3325
36059407204,"Nassau, NY (CT)",0,639,639,0,2571,2571
36059407301,"Nassau, NY (CT)",0,1341,1341,0,6208,6208
36059407302,"Nassau, NY (CT)",0,1324,1324,0,5055,5055
36059407401,"Nassau, NY (CT)",0,1415,1415,0,5545,5545
36059407402,"Nassau, NY (CT)",0,833,833,0,3588,3588
36059407501,"Nassau, NY (CT)",0,1356,1356,0,5223,5223
36059407502,"Nassau, NY (CT)",0,1383,1383,0,5348,5348
36059407600,"Nassau, NY (CT)",0,1802,1802,0,5408,5408
36059407700,"Nassau, NY (CT)",0,1569,1569,0,4692,4692
36059407801,"Nassau, NY (CT)",0,1830,1830,0,5466,5466
36059407802,"Nassau, NY (CT)",0,501,501,0,2381,2381
36059407900,"Nassau, NY (CT)",0,2363,2363,0,5376,5376
36059408000,"Nassau, NY (CT)",0,2127,2127,0,6324,6324
36059408100,"Nassau, NY (CT)",0,2247,2247,0,6803,6803
36059408200,"Nassau, NY (CT)",0,2138,2138,0,6702,6702
36059408300,"Nassau, NY (CT)",0,2384,2384,0,7073,7073
36059408400,"Nassau, NY (CT)",0,1323,1323,0,3961,3961
36059408500,"Nassau, NY (CT)",0,2114,2114,0,6153,6153
36059408600,"Nassau, NY (CT)",0,1525,1525,0,4472,4472
36059408700,"Nassau, NY (CT)",0,1583,1583,0,4908,4908
36059408800,"Nassau, NY (CT)",0,2287,2287,0,6829,6829
36059408900,"Nassau, NY (CT)",0,1930,1930,0,5715,5715
36059409000,"Nassau, NY (CT)",0,1882,1882,0,5705,5705
36059409100,"Nassau, NY (CT)",0,1755,1755,0,5249,5249
36059409200,"Nassau, NY (CT)",0,2088,2088,0,6160,6160
36059409300,"Nassau, NY (CT)",0,1415,1415,0,4292,4292
36059409400,"Nassau, NY (CT)",0,1494,1494,0,4525,4525
36059409500,"Nassau, NY (CT)",0,1328,1328,0,4026,4026
36059409600,"Nassau, NY (CT)",0,1709,1709,0,5101,5101
36059409700,"Nassau, NY (CT)",0,1714,1714,0,4246,4246
36059409800,"Nassau, NY (CT)",0,1571,1571,0,5479,5479
36059409900,"Nassau, NY (CT)",0,2605,2605,0,7787,7787
36059410000,"Nassau, NY (CT)",0,1372,1372,0,3362,3362
36059410100,"Nassau, NY (CT)",0,2167,2167,0,5994,5994
36059410200,"Nassau, NY (CT)",0,1399,1399,0,3818,3818
36059410300,"Nassau, NY (CT)",0,1953,1953,0,6396,6396
36059410400,"Nassau, NY (CT)",0,1609,1609,0,5357,5357
36059410500,"Nassau, NY (CT)",0,2539,2539,0,7186,7186
36059410600,"Nassau, NY (CT)",0,2548,2548,0,7195,7195
36059410700,"Nassau, NY (CT)",0,2240,2240,0,6247,6247
36059410800,"Nassau, NY (CT)",0,1736,1736,0,5130,5130
36059410900,"Nassau, NY (CT)",0,2043,2043,0,5962,5962
36059411000,"Nassau, NY (CT)",0,1644,1644,0,5372,5372
36059411100,"Nassau, NY (CT)",0,1510,1510,0,4421,4421
36059411200,"Nassau, NY (CT)",0,2375,2375,0,6592,6592
36059411301,"Nassau, NY (CT)",0,1359,1359,0,3800,3800
36059411302,"Nassau, NY (CT)",0,2136,2136,0,6838,6838
36059411400,"Nassau, NY (CT)",0,2075,2075,0,6483,6483
36059411500,"Nassau, NY (CT)",0,1046,1046,0,2890,2890
36059411600,"Nassau, NY (CT)",93,2186,2279,216,6266,6482
36059411700,"Nassau, NY (CT)",0,2708,2708,0,6819,6819
36059411800,"Nassau, NY (CT)",0,2530,2530,0,6353,6353
36059411901,"Nassau, NY (CT)",0,1740,1740,0,3387,3387
36059411902,"Nassau, NY (CT)",0,1252,1252,0,3620,3620
36059412000,"Nassau, NY (CT)",0,2399,2399,0,6067,6067
36059412100,"Nassau, NY (CT)",0,2711,2711,0,6474,6474
36059412200,"Nassau, NY (CT)",0,2189,2189,0,5556,5556
36059412301,"Nassau, NY (CT)",0,1773,1773,0,3280,3280
36059412302,"Nassau, NY (CT)",0,1387,1387,0,3593,3593
36059412400,"Nassau, NY (CT)",0,2589,2589,0,5177,5177
36059412500,"Nassau, NY (CT)",0,1379,1379,0,4295,4295
36059412600,"Nassau, NY (CT)",0,1196,1196,0,3703,3703
36059412700,"Nassau, NY (CT)",0,1355,1355,0,3975,3975
36059412800,"Nassau, NY (CT)",0,1076,1076,0,3243,3243
36059412900,"Nassau, NY (CT)",0,1820,1820,0,5955,5955
36059413001,"Nassau, NY (CT)",0,1569,1569,0,4315,4315
36059413002,"Nassau, NY (CT)",0,1352,1352,0,3734,3734
36059413100,"Nassau, NY (CT)",0,1760,1760,0,5032,5032
36059413200,"Nassau, NY (CT)",0,2576,2576,0,6482,6482
36059413300,"Nassau, NY (CT)",0,2364,2364,0,6844,6844
36059413400,"Nassau, NY (CT)",0,1983,1983,0,5702,5702
36059413500,"Nassau, NY (CT)",0,2436,2436,0,7362,7362
36059413600,"Nassau, NY (CT)",0,1937,1937,0,5430,5430
36059413700,"Nassau, NY (CT)",0,1808,1808,0,5286,5286
36059413803,"Nassau, NY (CT)",0,1456,1456,0,4201,4201
36059413804,"Nassau, NY (CT)",1,1325,1326,0,3901,3901
36059413900,"Nassau, NY (CT)",0,2024,2024,0,7536,7536
36059414001,"Nassau, NY (CT)",0,1110,1110,0,4004,4004
36059414002,"Nassau, NY (CT)",0,1222,1222,0,4718,4718
36059414100,"Nassau, NY (CT)",0,1821,1821,0,6555,6555
36059414201,"Nassau, NY (CT)",0,1791,1791,0,5134,5134
36059414202,"Nassau, NY (CT)",0,1166,1166,0,4533,4533
36059414301,"Nassau, NY (CT)",0,1168,1168,0,3499,3499
36059414303,"Nassau, NY (CT)",0,1421,1421,0,4416,4416
36059414304,"Nassau, NY (CT)",0,1234,1234,0,3760,3760
36059414400,"Nassau, NY (CT)",0,1482,1482,0,5239,5239
36059414501,"Nassau, NY (CT)",0,2004,2004,0,5439,5439
36059414502,"Nassau, NY (CT)",0,1778,1778,0,4285,4285
36059414600,"Nassau, NY (CT)",0,1228,1228,0,3723,3723
36059414700,"Nassau, NY (CT)",0,1574,1574,0,4588,4588
36059414800,"Nassau, NY (CT)",0,2255,2255,0,6614,6614
36059414900,"Nassau, NY (CT)",0,2449,2449,0,7174,7174
36059415000,"Nassau, NY (CT)",0,2077,2077,0,5999,5999
36059415101,"Nassau, NY (CT)",0,987,987,0,2741,2741
36059415102,"Nassau, NY (CT)",0,1746,1746,0,5159,5159
36059415201,"Nassau, NY (CT)",0,1313,1313,0,3770,3770
36059415202,"Nassau, NY (CT)",0,1499,1499,0,4428,4428
36059415300,"Nassau, NY (CT)",0,2194,2194,0,6046,6046
36059415401,"Nassau, NY (CT)",0,1933,1933,0,5375,5375
36059415402,"Nassau, NY (CT)",0,1680,1680,0,4797,4797
36059415500,"Nassau, NY (CT)",0,898,898,0,2613,2613
36059415600,"Nassau, NY (CT)",0,1888,1888,0,5659,5659
36059415700,"Nassau, NY (CT)",0,2014,2014,0,6091,6091
36059415802,"Nassau, NY (CT)",0,2348,2348,0,7121,7121
36059416000,"Nassau, NY (CT)",0,1342,1342,0,3998,3998
36059416100,"Nassau, NY (CT)",0,2371,2371,0,6492,6492
36059416201,"Nassau, NY (CT)",0,1384,1384,0,3715,3715
36059416202,"Nassau, NY (CT)",0,1715,1715,0,4655,4655
36059416300,"Nassau, NY (CT)",0,2063,2063,0,3940,3940
36059416401,"Nassau, NY (CT)",0,2140,2140,0,3891,3891
36059416402,"Nassau, NY (CT)",0,1448,1448,0,3249,3249
36059416500,"Nassau, NY (CT)",0,2144,2144,0,6158,6158
36059416600,"Nassau, NY (CT)",0,2867,2867,0,5392,5392
36059416701,"Nassau, NY (CT)",0,1684,1684,0,4329,4329
36059416702,"Nassau, NY (CT)",0,2787,2787,0,4155,4155
36059416801,"Nassau, NY (CT)",0,844,844,0,2103,2103
36059416802,"Nassau, NY (CT)",0,2536,2536,0,3998,3998
36059416900,"Nassau, NY (CT)",0,2069,2069,0,4116,4116
36059517000,"Nassau, NY (CT)",0,1328,1328,0,3526,3526
36059517101,"Nassau, NY (CT)",0,1872,1872,0,5204,5204
36059517102,"Nassau, NY (CT)",0,785,785,0,2362,2362
36059517200,"Nassau, NY (CT)",0,3229,3229,0,8058,8058
36059517301,"Nassau, NY (CT)",0,1325,1325,0,3026,3026
36059517302,"Nassau, NY (CT)",0,1813,1813,0,4788,4788
36059517400,"Nassau, NY (CT)",0,2049,2049,0,4995,4995
36059517500,"Nassau, NY (CT)",0,1417,1417,0,3821,3821
36059517600,"Nassau, NY (CT)",0,1784,1784,0,4697,4697
36059517701,"Nassau, NY (CT)",408,2148,2556,1144,6492,7636
36059517705,"Nassau, NY (CT)",0,859,859,0,2535,2535
36059517801,"Nassau, NY (CT)",518,952,1470,1215,2331,3546
36059517802,"Nassau, NY (CT)",0,1281,1281,0,3406,3406
36059517901,"Nassau, NY (CT)",0,1701,1701,0,4626,4626
36059517902,"Nassau, NY (CT)",0,1322,1322,0,2854,2854
36059518000,"Nassau, NY (CT)",0,2947,2947,0,6707,6707
36059518100,"Nassau, NY (CT)",0,966,966,0,2709,2709
36059518201,"Nassau, NY (CT)",0,1541,1541,0,4435,4435
36059518203,"Nassau, NY (CT)",0,1421,1421,0,4377,4377
36059518204,"Nassau, NY (CT)",0,1757,1757,0,4530,4530
36059518300,"Nassau, NY (CT)",0,1977,1977,0,5687,5687
36059518400,"Nassau, NY (CT)",0,1414,1414,0,4393,4393
36059518501,"Nassau, NY (CT)",0,2393,2393,0,6762,6762
36059518502,"Nassau, NY (CT)",0,1100,1100,0,2929,2929
36059518600,"Nassau, NY (CT)",0,1347,1347,0,4029,4029
36059518700,"Nassau, NY (CT)",0,1896,1896,0,5531,5531
36059518800,"Nassau, NY (CT)",0,1052,1052,0,3218,3218
36059518900,"Nassau, NY (CT)",0,2256,2256,0,6999,6999
36059519000,"Nassau, NY (CT)",0,2055,2055,0,6267,6267
36059519100,"Nassau, NY (CT)",0,2021,2021,0,6094,6094
36059519200,"Nassau, NY (CT)",0,2027,2027,0,6145,6145
36059519300,"Nassau, NY (CT)",0,1979,1979,0,5956,5956
36059519400,"Nassau, NY (CT)",0,1467,1467,0,4280,4280
36059519500,"Nassau, NY (CT)",0,1956,1956,0,5806,5806
36059519601,"Nassau, NY (CT)",0,1505,1505,0,4384,4384
36059519602,"Nassau, NY (CT)",0,737,737,0,2159,2159
36059519702,"Nassau, NY (CT)",0,2079,2079,0,5452,5452
36059519703,"Nassau, NY (CT)",0,1220,1220,0,3620,3620
36059519704,"Nassau, NY (CT)",0,1178,1178,0,3180,3180
36059519801,"Nassau, NY (CT)",0,852,852,0,2453,2453
36059519802,"Nassau, NY (CT)",0,1710,1710,0,4969,4969
36059519900,"Nassau, NY (CT)",0,1821,1821,0,5332,5332
36059520001,"Nassau, NY (CT)",0,2728,2728,0,6790,6790
36059520002,"Nassau, NY (CT)",0,1502,1502,0,4307,4307
36059520100,"Nassau, NY (CT)",0,1928,1928,0,5524,5524
36059520200,"Nassau, NY (CT)",0,1024,1024,0,3097,3097
36059520300,"Nassau, NY (CT)",0,1912,1912,0,5720,5720
36059520401,"Nassau, NY (CT)",0,1689,1689,0,4064,4064
36059520402,"Nassau, NY (CT)",0,1792,1792,0,4124,4124
36059520501,"Nassau, NY (CT)",0,1204,1204,0,3572,3572
36059520502,"Nassau, NY (CT)",0,1776,1776,0,5167,5167
36059520600,"Nassau, NY (CT)",0,1908,1908,0,5747,5747
36059520700,"Nassau, NY (CT)",0,1626,1626,0,4681,4681
36059520800,"Nassau, NY (CT)",0,1306,1306,0,3857,3857
36059520900,"Nassau, NY (CT)",0,1517,1517,0,4510,4510
36059521000,"Nassau, NY (CT)",0,1763,1763,0,4838,4838
36059521100,"Nassau, NY (CT)",0,1538,1538,0,4443,4443
36059521200,"Nassau, NY (CT)",0,989,989,0,2815,2815
36059521301,"Nassau, NY (CT)",0,777,777,0,2338,2338
36059521302,"Nassau, NY (CT)",0,1912,1912,0,5527,5527
36059521400,"Nassau, NY (CT)",0,2191,2191,0,6562,6562
36059521500,"Nassau, NY (CT)",0,1595,1595,0,4671,4671
36059521601,"Nassau, NY (CT)",0,1451,1451,0,4216,4216
36059521602,"Nassau, NY (CT)",0,1125,1125,0,3374,3374
36059521700,"Nassau, NY (CT)",0,1673,1673,0,4747,4747
36059521801,"Nassau, NY (CT)",0,1249,1249,0,3629,3629
36059521802,"Nassau, NY (CT)",0,1274,1274,0,3962,3962
36059521902,"Nassau, NY (CT)",0,1555,1555,0,4559,4559
36059522000,"Nassau, NY (CT)",0,2718,2718,0,6919,6919
36059522700,"Nassau, NY (CT)",0,1682,1682,0,4804,4804
36059980100,"Nassau, NY (CT)",0,0,0,0,1190,1190
36059981100,"Nassau, NY (CT)",0,1,1,0,1479,1479
36059982100,"Nassau, NY (CT)",0,8,8,0,1443,1443
36059990100,"Nassau, NY (CT)",0,0,0,0,0,0
36059990200,"Nassau, NY (CT)",0,0,0,0,0,0
36059990301,"Nassau, NY (CT)",0,0,0,0,0,0
36059990302,"Nassau, NY (CT)",0,0,0,0,0,0
36059990400,"Nassau, NY (CT)",0,0,0,0,0,0
36061000100,"New York, NY (CT)",0,1,1,0,2,2
36061000201,"New York, NY (CT)",0,1060,1060,0,3058,3058
36061000202,"New York, NY (CT)",0,3490,3490,0,7316,7316
36061000500,"New York, NY (CT)",0,112,112,0,0,0
36061000600,"New York, NY (CT)",0,4140,4140,0,11367,11367
36061000700,"New York, NY (CT)",0,5447,5447,0,8109,8109
36061000800,"New York, NY (CT)",0,3730,3730,0,10290,10290
36061000900,"New York, NY (CT)",0,1098,1098,0,731,731
36061001001,"New York, NY (CT)",0,796,796,0,1434,1434
36061001002,"New York, NY (CT)",0,2388,2388,0,6547,6547
36061001200,"New York, NY (CT)",0,1784,1784,0,3397,3397
36061001300,"New York, NY (CT)",0,3068,3068,0,4479,4479
36061001401,"New York, NY (CT)",0,1659,1659,0,3005,3005
36061001402,"New York, NY (CT)",0,1433,1433,0,2782,2782
36061001501,"New York, NY (CT)",0,3089,3089,0,5518,5518
36061001502,"New York, NY (CT)",0,3769,3769,0,7476,7476
36061001600,"New York, NY (CT)",0,3352,3352,0,8478,8478
36061001800,"New York, NY (CT)",0,3417,3417,0,8660,8660
36061002000,"New York, NY (CT)",0,1862,1862,0,4917,4917
36061002100,"New York, NY (CT)",0,3020,3020,0,6040,6040
36061002201,"New York, NY (CT)",0,2806,2806,0,6398,6398
36061002202,"New York, NY (CT)",0,1156,1156,0,2189,2189
36061002400,"New York, NY (CT)",0,2121,2121,0,5434,5434
36061002500,"New York, NY (CT)",0,1889,1889,0,4869,4869
36061002601,"New York, NY (CT)",0,1560,1560,0,3772,3772
36061002602,"New York, NY (CT)",0,2157,2157,0,4227,4227
36061002700,"New York, NY (CT)",0,677,677,0,1264,1264
36061002800,"New York, NY (CT)",0,3434,3434,0,7114,7114
36061002900,"New York, NY (CT)",0,2328,2328,0,6398,6398
36061003001,"New York, NY (CT)",0,2606,2606,0,4492,4492
36061003002,"New York, NY (CT)",0,1887,1887,0,3106,3106
36061003100,"New York, NY (CT)",0,856,856,0,2550,2550
36061003200,"New York, NY (CT)",0,4906,4906,0,8234,8234
36061003300,"New York, NY (CT)",0,2743,2743,0,5156,5156
36061003400,"New York, NY (CT)",0,4195,4195,0,6612,6612
36061003601,"New York, NY (CT)",0,1566,1566,0,3393,3393
36061003602,"New York, NY (CT)",0,1597,1597,0,3151,3151
36061003700,"New York, NY (CT)",0,1564,1564,0,2447,2447
36061003800,"New York, NY (CT)",0,5697,5697,0,9237,9237
36061003900,"New York, NY (CT)",0,3061,3061,0,5860,5860
36061004000,"New York, NY (CT)",0,4610,4610,0,8651,8651
36061004100,"New York, NY (CT)",0,3783,3783,0,7817,7817
36061004200,"New York, NY (CT)",0,1761,1761,0,5145,5145
36061004300,"New York, NY (CT)",0,2589,2589,0,4270,4270
36061004400,"New York, NY (CT)",0,8745,8745,0,16538,16538
36061004500,"New York, NY (CT)",0,586,586,0,1136,1136
36061004700,"New York, NY (CT)",0,1710,1710,0,2524,2524
36061004800,"New York, NY (CT)",0,3962,3962,0,7229,7229
36061004900,"New York, NY (CT)",0,3169,3169,0,4942,4942
36061005000,"New York, NY (CT)",0,3558,3558,0,5055,5055
36061005200,"New York, NY (CT)",0,1716,1716,0,3408,3408
36061005400,"New York, NY (CT)",0,2909,2909,0,4536,4536
36061005501,"New York, NY (CT)",0,2370,2370,0,4204,4204
36061005502,"New York, NY (CT)",0,1314,1314,0,2257,2257
36061005600,"New York, NY (CT)",0,2239,2239,0,3322,3322
36061005700,"New York, NY (CT)",0,1692,1692,0,2781,2781
36061005800,"New York, NY (CT)",0,2356,2356,0,3512,3512
36061005900,"New York, NY (CT)",0,3333,3333,0,5401,5401
36061006000,"New York, NY (CT)",0,2479,2479,0,4511,4511
36061006100,"New York, NY (CT)",0,2679,2679,0,5224,5224
36061006200,"New York, NY (CT)",0,1390,1390,0,4437,4437
36061006300,"New York, NY (CT)",0,4349,4349,0,6380,6380
36061006400,"New York, NY (CT)",0,5246,5246,0,8090,8090
36061006500,"New York, NY (CT)",0,3708,3708,0,6202,6202
36061006600,"New York, NY (CT)",0,6966,6966,0,11740,11740
36061006700,"New York, NY (CT)",0,3854,3854,0,5461,5461
36061006800,"New York, NY (CT)",0,4428,4428,0,7614,7614
36061006900,"New York, NY (CT)",0,1426,1426,0,2759,2759
36061007000,"New York, NY (CT)",0,5775,5775,0,8871,8871
36061007100,"New York, NY (CT)",0,3711,3711,0,5429,5429
36061007200,"New York, NY (CT)",0,5390,5390,0,8664,8664
36061007300,"New York, NY (CT)",0,4563,4563,0,6215,6215
36061007400,"New York, NY (CT)",0,2955,2955,0,4319,4319
36061007500,"New York, NY (CT)",0,2653,2653,0,4159,4159
36061007600,"New York, NY (CT)",0,1617,1617,0,2277,2277
36061007700,"New York, NY (CT)",0,4247,4247,0,5966,5966
36061007800,"New York, NY (CT)",0,5582,5582,0,8391,8391
36061007900,"New York, NY (CT)",0,2911,2911,0,4442,4442
36061008000,"New York, NY (CT)",0,3823,3823,0,5377,5377
36061008100,"New York, NY (CT)",0,5390,5390,0,8047,8047
36061008200,"New York, NY (CT)",0,2546,2546,0,3262,3262
36061008300,"New York, NY (CT)",0,2300,2300,0,4092,4092
36061008400,"New York, NY (CT)",0,1055,1055,0,1595,1595
36061008601,"New York, NY (CT)",0,1556,1556,0,2618,2618
36061008602,"New York, NY (CT)",0,0,0,0,0,0
36061008603,"New York, NY (CT)",0,3499,3499,0,4799,4799
36061008700,"New York, NY (CT)",0,4331,4331,0,6338,6338
36061008800,"New York, NY (CT)",0,5619,5619,0,7026,7026
36061008900,"New York, NY (CT)",0,3458,3458,0,5708,5708
36061009000,"New York, NY (CT)",0,5775,5775,0,7883,7883
36061009100,"New York, NY (CT)",0,4295,4295,0,6304,6304
36061009200,"New York, NY (CT)",0,1418,1418,0,1806,1806
36061009300,"New York, NY (CT)",0,5579,5579,0,8780,8780
36061009400,"New York, NY (CT)",0,63,63,0,73,73
36061009500,"New York, NY (CT)",0,1249,1249,0,3040,3040
36061009600,"New York, NY (CT)",0,252,252,0,155,155
36061009700,"New York, NY (CT)",0,2783,2783,0,5224,5224
36061009800,"New York, NY (CT)",0,5411,5411,0,7316,7316
36061009900,"New York, NY (CT)",0,2400,2400,0,1945,1945
36061010000,"New York, NY (CT)",0,1364,1364,0,1992,1992
36061010100,"New York, NY (CT)",0,680,680,0,1116,1116
36061010200,"New York, NY (CT)",0,307,307,0,230,230
36061010300,"New York, NY (CT)",0,1414,1414,0,2058,2058
36061010400,"New York, NY (CT)",0,1040,1040,0,966,966
36061010601,"New York, NY (CT)",0,5345,5345,0,7351,7351
36061010602,"New York, NY (CT)",0,2866,2866,0,4875,4875
36061010800,"New York, NY (CT)",0,6227,6227,0,9039,9039
36061010900,"New York, NY (CT)",0,132,132,0,183,183
36061011000,"New York, NY (CT)",0,4996,4996,0,7169,7169
36061011100,"New York, NY (CT)",0,2451,2451,0,3512,3512
36061011201,"New York, NY (CT)",0,1006,1006,0,992,992
36061011202,"New York, NY (CT)",0,463,463,0,441,441
36061011203,"New York, NY (CT)",0,1213,1213,0,1401,1401
36061011300,"New York, NY (CT)",0,111,111,0,117,117
36061011401,"New York, NY (CT)",0,1335,1335,0,1412,1412
36061011402,"New York, NY (CT)",0,1869,1869,0,2397,2397
36061011500,"New York, NY (CT)",0,1456,1456,0,2303,2303
36061011600,"New York, NY (CT)",0,2781,2781,0,3543,3543
36061011700,"New York, NY (CT)",0,3154,3154,0,3364,3364
36061011800,"New York, NY (CT)",0,6283,6283,0,8767,8767
36061011900,"New York, NY (CT)",0,1073,1073,0,1120,1120
36061012000,"New York, NY (CT)",0,2561,2561,0,3971,3971
36061012100,"New York, NY (CT)",0,5934,5934,0,8554,8554
36061012200,"New York, NY (CT)",0,2824,2824,0,3633,3633
36061012400,"New York, NY (CT)",0,6349,6349,0,10218,10218
36061012500,"New York, NY (CT)",0,2155,2155,0,2719,2719
36061012600,"New York, NY (CT)",0,8738,8738,0,12774,12774
36061012700,"New York, NY (CT)",0,4479,4479,0,6928,6928
36061012800,"New York, NY (CT)",0,3689,3689,0,6270,6270
36061012900,"New York, NY (CT)",0,3762,3762,0,6038,6038
36061013000,"New York, NY (CT)",0,2706,2706,0,4195,4195
36061013100,"New York, NY (CT)",0,2261,2261,0,2816,2816
36061013200,"New York, NY (CT)",0,6928,6928,0,10590,10590
36061013300,"New York, NY (CT)",0,3950,3950,0,6208,6208
36061013400,"New York, NY (CT)",0,7565,7565,0,11174,11174
36061013500,"New York, NY (CT)",0,3682,3682,0,6596,6596
36061013600,"New York, NY (CT)",0,9658,9658,0,15344,15344
36061013700,"New York, NY (CT)",0,5661,5661,0,6471,6471
36061013800,"New York, NY (CT)",0,8150,8150,0,12444,12444
36061013900,"New York, NY (CT)",0,7329,7329,0,9257,9257
36061014000,"New York, NY (CT)",0,4399,4399,0,7813,7813
36061014200,"New York, NY (CT)",0,2764,2764,0,4462,4462
36061014300,"New York, NY (CT)",0,0,0,0,25,25
36061014401,"New York, NY (CT)",0,2853,2853,0,4864,4864
36061014402,"New York, NY (CT)",0,4229,4229,0,6743,6743
36061014500,"New York, NY (CT)",0,3554,3554,0,5542,5542
36061014601,"New York, NY (CT)",0,2898,2898,0,4274,4274
36061014602,"New York, NY (CT)",0,5311,5311,0,7904,7904
36061014700,"New York, NY (CT)",0,1718,1718,0,2755,2755
36061014801,"New York, NY (CT)",0,1699,1699,0,2863,2863
36061014802,"New York, NY (CT)",0,3979,3979,0,7066,7066
36061014900,"New York, NY (CT)",0,4032,4032,0,5842,5842
36061015001,"New York, NY (CT)",0,1256,1256,0,2294,2294
36061015002,"New York, NY (CT)",0,2832,2832,0,5437,5437
36061015100,"New York, NY (CT)",0,4554,4554,0,8306,8306
36061015200,"New York, NY (CT)",0,3926,3926,0,7275,7275
36061015300,"New York, NY (CT)",0,6146,6146,0,9320,9320
36061015400,"New York, NY (CT)",0,8374,8374,0,13749,13749
36061015500,"New York, NY (CT)",0,6186,6186,0,9350,9350
36061015601,"New York, NY (CT)",0,3225,3225,0,5345,5345
36061015602,"New York, NY (CT)",0,1062,1062,0,2298,2298
36061015700,"New York, NY (CT)",0,7008,7008,0,10751,10751
36061015801,"New York, NY (CT)",0,2912,2912,0,5650,5650
36061015802,"New York, NY (CT)",0,1744,1744,0,3346,3346
36061015900,"New York, NY (CT)",0,6294,6294,0,9623,9623
36061016001,"New York, NY (CT)",0,1883,1883,0,3744,3744
36061016002,"New York, NY (CT)",0,1320,1320,0,3131,3131
36061016100,"New York, NY (CT)",0,4226,4226,0,6437,6437
36061016200,"New York, NY (CT)",0,4204,4204,0,9308,9308
36061016300,"New York, NY (CT)",0,4300,4300,0,6624,6624
36061016400,"New York, NY (CT)",0,2425,2425,0,6127,6127
36061016500,"New York, NY (CT)",0,3868,3868,0,6402,6402
36061016600,"New York, NY (CT)",0,3163,3163,0,7317,7317
36061016700,"New York, NY (CT)",0,3700,3700,0,6564,6564
36061016800,"New York, NY (CT)",0,1705,1705,0,5675,5675
36061016900,"New York, NY (CT)",0,4793,4793,0,8108,8108
36061017000,"New York, NY (CT)",0,3416,3416,0,7855,7855
36061017100,"New York, NY (CT)",0,4946,4946,0,8989,8989
36061017200,"New York, NY (CT)",0,2316,2316,0,5504,5504
36061017300,"New York, NY (CT)",0,5220,5220,0,8939,8939
36061017401,"New York, NY (CT)",0,2140,2140,0,5248,5248
36061017402,"New York, NY (CT)",0,896,896,0,2093,2093
36061017500,"New York, NY (CT)",0,5798,5798,0,10820,10820
36061017700,"New York, NY (CT)",0,4996,4996,0,9151,9151
36061017800,"New York, NY (CT)",0,1847,1847,0,3912,3912
36061017900,"New York, NY (CT)",0,5175,5175,0,9293,9293
36061018000,"New York, NY (CT)",0,2937,2937,0,7476,7476
36061018100,"New York, NY (CT)",0,4736,4736,0,8866,8866
36061018200,"New York, NY (CT)",0,2695,2695,0,6768,6768
36061018300,"New York, NY (CT)",0,5144,5144,0,8667,8667
36061018400,"New York, NY (CT)",0,3219,3219,0,7835,7835
36061018500,"New York, NY (CT)",0,2842,2842,0,4190,4190
36061018600,"New York, NY (CT)",0,2054,2054,0,5701,5701
36061018700,"New York, NY (CT)",0,4707,4707,0,8974,8974
36061018800,"New York, NY (CT)",0,2512,2512,0,6008,6008
36061018900,"New York, NY (CT)",0,5188,5188,0,11547,11547
36061019000,"New York, NY (CT)",0,1604,1604,0,3083,3083
36061019100,"New York, NY (CT)",0,4775,4775,0,8807,8807
36061019200,"New York, NY (CT)",0,1330,1330,0,3584,3584
36061019300,"New York, NY (CT)",0,4324,4324,0,9009,9009
36061019400,"New York, NY (CT)",0,2538,2538,0,6558,6558
36061019500,"New York, NY (CT)",0,3915,3915,0,8197,8197
36061019600,"New York, NY (CT)",0,1676,1676,0,3931,3931
36061019701,"New York, NY (CT)",0,319,319,0,641,641
36061019702,"New York, NY (CT)",0,1144,1144,0,2090,2090
36061019800,"New York, NY (CT)",0,1185,1185,0,1914,1914
36061019900,"New York, NY (CT)",0,3905,3905,0,10064,10064
36061020000,"New York, NY (CT)",0,1537,1537,0,2581,2581
36061020101,"New York, NY (CT)",0,313,313,0,1731,1731
36061020102,"New York, NY (CT)",0,1792,1792,0,3865,3865
36061020300,"New York, NY (CT)",0,757,757,0,3633,3633
36061020500,"New York, NY (CT)",0,1303,1303,0,5322,5322
36061020600,"New York, NY (CT)",0,1498,1498,0,2942,2942
36061020701,"New York, NY (CT)",0,1405,1405,0,3329,3329
36061020800,"New York, NY (CT)",0,2409,2409,0,4591,4591
36061020901,"New York, NY (CT)",0,1555,1555,0,3673,3673
36061021000,"New York, NY (CT)",0,3134,3134,0,6637,6637
36061021100,"New York, NY (CT)",0,4637,4637,0,10330,10330
36061021200,"New York, NY (CT)",0,2687,2687,0,4412,4412
36061021303,"New York, NY (CT)",0,2391,2391,0,5619,5619
36061021400,"New York, NY (CT)",0,1967,1967,0,3001,3001
36061021500,"New York, NY (CT)",0,1282,1282,0,3068,3068
36061021600,"New York, NY (CT)",0,3601,3601,0,7556,7556
36061021703,"New York, NY (CT)",0,4,4,0,6,6
36061021800,"New York, NY (CT)",0,3045,3045,0,6617,6617
36061021900,"New York, NY (CT)",0,2182,2182,0,6023,6023
36061022000,"New York, NY (CT)",0,2648,2648,0,5370,5370
36061022102,"New York, NY (CT)",0,1306,1306,0,2175,2175
36061022200,"New York, NY (CT)",0,1462,1462,0,2644,2644
36061022301,"New York, NY (CT)",0,2446,2446,0,7917,7917
36061022302,"New York, NY (CT)",0,1535,1535,0,3385,3385
36061022400,"New York, NY (CT)",0,2746,2746,0,6427,6427
36061022500,"New York, NY (CT)",0,3873,3873,0,10149,10149
36061022600,"New York, NY (CT)",0,2196,2196,0,3778,3778
36061022700,"New York, NY (CT)",0,2387,2387,0,4864,4864
36061022800,"New York, NY (CT)",0,2748,2748,0,5248,5248
36061022900,"New York, NY (CT)",0,3164,3164,0,8300,8300
36061023000,"New York, NY (CT)",0,3816,3816,0,8106,8106
36061023100,"New York, NY (CT)",0,2912,2912,0,5865,5865
36061023200,"New York, NY (CT)",0,3169,3169,0,7980,7980
36061023300,"New York, NY (CT)",0,2566,2566,0,6527,6527
36061023400,"New York, NY (CT)",0,2141,2141,0,4465,4465
36061023501,"New York, NY (CT)",0,2552,2552,0,6004,6004
36061023502,"New York, NY (CT)",0,848,848,0,1819,1819
36061023600,"New York, NY (CT)",0,3107,3107,0,6404,6404
36061023700,"New York, NY (CT)",0,2767,2767,0,6811,6811
36061023801,"New York, NY (CT)",0,4404,4404,0,9723,9723
36061023802,"New York, NY (CT)",0,509,509,0,1938,1938
36061023900,"New York, NY (CT)",0,1091,1091,0,2371,2371
36061024000,"New York, NY (CT)",0,0,0,0,1648,1648
36061024100,"New York, NY (CT)",0,3434,3434,0,7642,7642
36061024200,"New York, NY (CT)",0,1264,1264,0,3396,3396
36061024301,"New York, NY (CT)",0,1506,1506,0,3946,3946
36061024302,"New York, NY (CT)",0,2598,2598,0,7370,7370
36061024500,"New York, NY (CT)",0,4959,4959,0,14934,14934
36061024700,"New York, NY (CT)",0,2601,2601,0,7074,7074
36061024900,"New York, NY (CT)",0,400,400,0,1101,1101
36061025100,"New York, NY (CT)",0,847,847,0,2526,2526
36061025300,"New York, NY (CT)",0,3950,3950,0,11236,11236
36061025500,"New York, NY (CT)",0,2390,2390,0,5771,5771
36061025700,"New York, NY (CT)",0,1800,1800,0,3876,3876
36061025900,"New York, NY (CT)",0,1806,1806,0,3496,3496
36061026100,"New York, NY (CT)",0,3784,3784,0,12087,12087
36061026300,"New York, NY (CT)",0,2924,2924,0,8729,8729
36061026500,"New York, NY (CT)",0,2941,2941,0,7021,7021
36061026700,"New York, NY (CT)",0,679,679,0,2173,2173
36061026900,"New York, NY (CT)",0,2751,2751,0,8428,8428
36061027100,"New York, NY (CT)",0,3050,3050,0,8196,8196
36061027300,"New York, NY (CT)",0,3286,3286,0,6370,6370
36061027500,"New York, NY (CT)",0,1584,1584,0,2846,2846
36061027700,"New York, NY (CT)",0,2181,2181,0,7086,7086
36061027900,"New York, NY (CT)",0,4007,4007,0,10292,10292
36061028100,"New York, NY (CT)",0,1382,1382,0,2867,2867
36061028300,"New York, NY (CT)",0,3247,3247,0,7627,7627
36061028500,"New York, NY (CT)",0,2764,2764,0,7216,7216
36061028700,"New York, NY (CT)",0,1726,1726,0,4035,4035
36061029100,"New York, NY (CT)",0,3933,3933,0,11288,11288
36061029300,"New York, NY (CT)",0,3001,3001,0,9033,9033
36061029500,"New York, NY (CT)",0,3336,3336,0,6941,6941
36061029700,"New York, NY (CT)",0,4,4,0,161,161
36061029900,"New York, NY (CT)",0,1493,1493,0,3834,3834
36061030300,"New York, NY (CT)",0,1808,1808,0,3753,3753
36061030700,"New York, NY (CT)",0,1849,1849,0,3434,3434
36061030900,"New York, NY (CT)",0,3483,3483,0,8463,8463
36061031100,"New York, NY (CT)",0,2,2,0,2,2
36061031703,"New York, NY (CT)",0,4147,4147,0,7709,7709
36061031704,"New York, NY (CT)",0,3638,3638,0,5677,5677
36061031900,"New York, NY (CT)",0,1,1,0,11,11
36063020100,"Niagara, NY (CT)",0,1588,1588,0,3619,3619
36063020200,"Niagara, NY (CT)",0,1228,1228,0,2262,2262
36063020300,"Niagara, NY (CT)",0,1077,1077,0,2224,2224
36063020400,"Niagara, NY (CT)",0,799,799,0,1563,1563
36063020500,"Niagara, NY (CT)",0,1431,1431,0,2274,2274
36063020600,"Niagara, NY (CT)",0,739,739,0,1439,1439
36063020700,"Niagara, NY (CT)",0,1221,1221,0,2775,2775
36063020900,"Niagara, NY (CT)",0,1473,1473,0,2451,2451
36063021000,"Niagara, NY (CT)",0,1462,1462,0,2837,2837
36063021100,"Niagara, NY (CT)",0,1301,1301,0,1591,1591
36063021200,"Niagara, NY (CT)",0,1596,1596,0,2462,2462
36063021300,"Niagara, NY (CT)",0,1293,1293,0,2071,2071
36063021400,"Niagara, NY (CT)",0,1056,1056,0,1974,1974
36063021700,"Niagara, NY (CT)",0,1862,1862,0,3502,3502
36063022000,"Niagara, NY (CT)",0,1622,1622,0,3495,3495
36063022100,"Niagara, NY (CT)",0,1178,1178,0,2480,2480
36063022200,"Niagara, NY (CT)",0,1863,1863,0,3805,3805
36063022300,"Niagara, NY (CT)",0,1124,1124,0,2524,2524
36063022401,"Niagara, NY (CT)",0,862,862,0,1897,1897
36063022500,"Niagara, NY (CT)",0,1445,1445,0,2948,2948
36063022601,"Niagara, NY (CT)",0,1014,1014,0,2338,2338
36063022602,"Niagara, NY (CT)",0,2922,2922,0,6040,6040
36063022702,"Niagara, NY (CT)",1947,475,2422,5187,1210,6397
36063022711,"Niagara, NY (CT)",1242,2745,3987,3190,6686,9876
36063022712,"Niagara, NY (CT)",38,3577,3615,89,8152,8241
36063022803,"Niagara, NY (CT)",0,1456,1456,0,3644,3644
36063022804,"Niagara, NY (CT)",0,1404,1404,0,3271,3271
36063022901,"Niagara, NY (CT)",0,1185,1185,0,2341,2341
36063022902,"Niagara, NY (CT)",0,1366,1366,0,3121,3121
36063023001,"Niagara, NY (CT)",0,1127,1127,0,2225,2225
36063023100,"Niagara, NY (CT)",0,1196,1196,0,2370,2370
36063023200,"Niagara, NY (CT)",0,1589,1589,0,2838,2838
36063023300,"Niagara, NY (CT)",0,3386,3386,0,6993,6993
36063023401,"Niagara, NY (CT)",1053,1749,2802,2547,4853,7400
36063023402,"Niagara, NY (CT)",528,1231,1759,1142,3117,4259
36063023404,"Niagara, NY (CT)",549,1681,2230,1345,3782,5127
36063023405,"Niagara, NY (CT)",0,1889,1889,0,3743,3743
36063023500,"Niagara, NY (CT)",0,1252,1252,0,2617,2617
36063023600,"Niagara, NY (CT)",0,1775,1775,0,3878,3878
36063023700,"Niagara, NY (CT)",0,1222,1222,0,2059,2059
36063023800,"Niagara, NY (CT)",0,1516,1516,0,3364,3364
36063023901,"Niagara, NY (CT)",0,1925,1925,0,3941,3941
36063023902,"Niagara, NY (CT)",0,2402,2402,0,5306,5306
36063024001,"Niagara, NY (CT)",1854,565,2419,4654,1331,5985
36063024002,"Niagara, NY (CT)",0,845,845,0,1840,1840
36063024101,"Niagara, NY (CT)",1571,0,1571,3952,0,3952
36063024102,"Niagara, NY (CT)",1141,0,1141,2662,0,2662
36063024201,"Niagara, NY (CT)",1425,1357,2782,3641,3158,6799
36063024202,"Niagara, NY (CT)",853,572,1425,1998,869,2867
36063024301,"Niagara, NY (CT)",0,601,601,0,1264,1264
36063024302,"Niagara, NY (CT)",1954,195,2149,4394,335,4729
36063024303,"Niagara, NY (CT)",1995,297,2292,5226,613,5839
36063024401,"Niagara, NY (CT)",0,1372,1372,0,2701,2701
36063024404,"Niagara, NY (CT)",20,2088,2108,56,4739,4795
36063024405,"Niagara, NY (CT)",1389,875,2264,3227,2102,5329
36063024406,"Niagara, NY (CT)",210,656,866,524,2913,3437
36063024501,"Niagara, NY (CT)",17,1157,1174,49,2734,2783
36063024502,"Niagara, NY (CT)",1704,225,1929,3542,446,3988
36063024600,"Niagara, NY (CT)",0,2048,2048,0,4765,4765
36063940001,"Niagara, NY (CT)",473,0,473,1152,0,1152
36063940100,"Niagara, NY (CT)",0,0,0,0,0,0
36063990000,"Niagara, NY (CT)",0,0,0,0,0,0
36065020102,"Oneida, NY (CT)",0,696,696,0,1237,1237
36065020300,"Oneida, NY (CT)",0,913,913,0,1366,1366
36065020705,"Oneida, NY (CT)",0,931,931,0,2090,2090
36065020802,"Oneida, NY (CT)",0,1789,1789,0,3949,3949
36065020803,"Oneida, NY (CT)",0,1193,1193,0,2719,2719
36065020900,"Oneida, NY (CT)",0,1185,1185,0,2250,2250
36065021000,"Oneida, NY (CT)",0,1015,1015,0,1734,1734
36065021101,"Oneida, NY (CT)",0,615,615,0,1159,1159
36065021102,"Oneida, NY (CT)",0,1183,1183,0,2541,2541
36065021103,"Oneida, NY (CT)",0,704,704,0,1520,1520
36065021201,"Oneida, NY (CT)",0,799,799,0,2064,2064
36065021202,"Oneida, NY (CT)",0,1138,1138,0,2860,2860
36065021301,"Oneida, NY (CT)",0,1276,1276,0,3326,3326
36065021302,"Oneida, NY (CT)",0,1659,1659,0,3747,3747
36065021303,"Oneida, NY (CT)",0,1160,1160,0,3039,3039
36065021401,"Oneida, NY (CT)",0,1306,1306,0,2676,2676
36065021402,"Oneida, NY (CT)",0,881,881,0,1799,1799
36065021500,"Oneida, NY (CT)",0,1047,1047,0,2593,2593
36065021601,"Oneida, NY (CT)",0,2375,2375,0,5292,5292
36065021602,"Oneida, NY (CT)",0,1078,1078,0,2292,2292
36065021701,"Oneida, NY (CT)",0,1619,1619,0,3295,3295
36065021702,"Oneida, NY (CT)",0,1278,1278,0,2572,2572
36065021900,"Oneida, NY (CT)",0,818,818,0,1867,1867
36065022000,"Oneida, NY (CT)",0,1636,1636,0,3599,3599
36065022100,"Oneida, NY (CT)",0,1162,1162,0,2791,2791
36065022200,"Oneida, NY (CT)",0,1095,1095,0,2616,2616
36065022400,"Oneida, NY (CT)",0,1818,1818,0,3458,3458
36065022500,"Oneida, NY (CT)",0,2362,2362,0,4490,4490
36065022701,"Oneida, NY (CT)",0,982,982,0,2065,2065
36065022702,"Oneida, NY (CT)",626,1101,1727,1438,2578,4016
36065022800,"Oneida, NY (CT)",1138,54,1192,2724,128,2852
36065023000,"Oneida, NY (CT)",2120,392,2512,5171,1008,6179
36065023200,"Oneida, NY (CT)",28,2183,2211,65,4321,4386
36065023300,"Oneida, NY (CT)",0,1281,1281,0,2694,2694
36065023400,"Oneida, NY (CT)",0,2434,2434,0,4876,4876
36065023501,"Oneida, NY (CT)",0,999,999,0,2302,2302
36065023502,"Oneida, NY (CT)",134,1652,1786,303,4141,4444
36065023702,"Oneida, NY (CT)",1105,437,1542,2752,1067,3819
36065023901,"Oneida, NY (CT)",0,939,939,0,2302,2302
36065023902,"Oneida, NY (CT)",704,88,792,1788,183,1971
36065024000,"Oneida, NY (CT)",1970,0,1970,4498,0,4498
36065024101,"Oneida, NY (CT)",2044,0,2044,1535,0,1535
36065024102,"Oneida, NY (CT)",1569,0,1569,3029,0,3029
36065024200,"Oneida, NY (CT)",2289,0,2289,4555,0,4555
36065024301,"Oneida, NY (CT)",196,1082,1278,500,2470,2970
36065024302,"Oneida, NY (CT)",1421,68,1489,3382,134,3516
36065024303,"Oneida, NY (CT)",1095,78,1173,2465,162,2627
36065024400,"Oneida, NY (CT)",1716,0,1716,4037,0,4037
36065024500,"Oneida, NY (CT)",2165,0,2165,4934,0,4934
36065025001,"Oneida, NY (CT)",626,803,1429,1389,1828,3217
36065025002,"Oneida, NY (CT)",509,1439,1948,1150,2831,3981
36065025003,"Oneida, NY (CT)",368,215,583,1542,1575,3117
36065025100,"Oneida, NY (CT)",0,913,913,0,1847,1847
36065025200,"Oneida, NY (CT)",0,2310,2310,0,4367,4367
36065025300,"Oneida, NY (CT)",290,2869,3159,720,6402,7122
36065025400,"Oneida, NY (CT)",455,1931,2386,1124,4866,5990
36065025500,"Oneida, NY (CT)",1222,643,1865,2977,1434,4411
36065025600,"Oneida, NY (CT)",1743,0,1743,4151,0,4151
36065025700,"Oneida, NY (CT)",1096,0,1096,2561,0,2561
36065025800,"Oneida, NY (CT)",635,0,635,1522,0,1522
36065025900,"Oneida, NY (CT)",0,7,7,0,2152,2152
36065026100,"Oneida, NY (CT)",377,607,984,1386,1424,2810
36065026200,"Oneida, NY (CT)",1412,853,2265,3593,2476,6069
36065026300,"Oneida, NY (CT)",0,2092,2092,0,3815,3815
36065026400,"Oneida, NY (CT)",0,2305,2305,0,5105,5105
36065026500,"Oneida, NY (CT)",0,15,15,0,998,998
36065026600,"Oneida, NY (CT)",0,14,14,0,2913,2913
36065026700,"Oneida, NY (CT)",2088,1035,3123,4295,1145,5440
36065940000,"Oneida, NY (CT)",0,1384,1384,0,3071,3071
36065940100,"Oneida, NY (CT)",1983,726,2709,4878,1415,6293
36065940200,"Oneida, NY (CT)",1254,1133,2387,3004,2363,5367
36065980002,"Oneida, NY (CT)",0,3,3,0,2,2
36065980003,"Oneida, NY (CT)",0,2,2,0,5,5
36065980100,"Oneida, NY (CT)",2,0,2,4,0,4
36067000100,"Onondaga, NY (CT)",0,534,534,0,579,579
36067000200,"Onondaga, NY (CT)",0,1612,1612,0,3545,3545
36067000300,"Onondaga, NY (CT)",0,720,720,0,1561,1561
36067000400,"Onondaga, NY (CT)",0,1647,1647,0,3707,3707
36067000501,"Onondaga, NY (CT)",0,1178,1178,0,2358,2358
36067000600,"Onondaga, NY (CT)",0,1616,1616,0,3534,3534
36067000700,"Onondaga, NY (CT)",0,738,738,0,1853,1853
36067000800,"Onondaga, NY (CT)",0,1173,1173,0,2647,2647
36067000900,"Onondaga, NY (CT)",0,1525,1525,0,3078,3078
36067001000,"Onondaga, NY (CT)",0,2225,2225,0,4004,4004
36067001400,"Onondaga, NY (CT)",0,1246,1246,0,3099,3099
36067001500,"Onondaga, NY (CT)",0,1097,1097,0,2748,2748
36067001600,"Onondaga, NY (CT)",0,2039,2039,0,2983,2983
36067001701,"Onondaga, NY (CT)",0,1153,1153,0,2438,2438
36067001702,"Onondaga, NY (CT)",0,1193,1193,0,2526,2526
36067001800,"Onondaga, NY (CT)",0,1371,1371,0,2682,2682
36067001900,"Onondaga, NY (CT)",0,1985,1985,0,3894,3894
36067002000,"Onondaga, NY (CT)",0,1068,1068,0,2264,2264
36067002101,"Onondaga, NY (CT)",0,1462,1462,0,2791,2791
36067002300,"Onondaga, NY (CT)",0,1159,1159,0,1736,1736
36067002400,"Onondaga, NY (CT)",0,954,954,0,2064,2064
36067002700,"Onondaga, NY (CT)",0,1009,1009,0,1879,1879
36067002901,"Onondaga, NY (CT)",0,1399,1399,0,2683,2683
36067003000,"Onondaga, NY (CT)",0,871,871,0,2111,2111
36067003200,"Onondaga, NY (CT)",0,1282,1282,0,2146,2146
36067003400,"Onondaga, NY (CT)",0,831,831,0,1472,1472
36067003500,"Onondaga, NY (CT)",0,1257,1257,0,2673,2673
36067003601,"Onondaga, NY (CT)",0,983,983,0,2404,2404
36067003602,"Onondaga, NY (CT)",0,1038,1038,0,2184,2184
36067003800,"Onondaga, NY (CT)",0,1024,1024,0,2520,2520
36067003900,"Onondaga, NY (CT)",0,1582,1582,0,3602,3602
36067004000,"Onondaga, NY (CT)",0,729,729,0,1580,1580
36067004200,"Onondaga, NY (CT)",0,914,914,0,2065,2065
36067004301,"Onondaga, NY (CT)",0,489,489,0,1510,1510
36067004302,"Onondaga, NY (CT)",0,764,764,0,6978,6978
36067004400,"Onondaga, NY (CT)",0,803,803,0,2418,2418
36067004500,"Onondaga, NY (CT)",0,1735,1735,0,4227,4227
36067004600,"Onondaga, NY (CT)",0,2178,2178,0,5120,5120
36067004800,"Onondaga, NY (CT)",0,700,700,0,1495,1495
36067004900,"Onondaga, NY (CT)",0,631,631,0,1588,1588
36067005000,"Onondaga, NY (CT)",0,1131,1131,0,2735,2735
36067005100,"Onondaga, NY (CT)",0,1076,1076,0,2434,2434
36067005200,"Onondaga, NY (CT)",0,904,904,0,2127,2127
36067005300,"Onondaga, NY (CT)",0,696,696,0,1975,1975
36067005400,"Onondaga, NY (CT)",0,1171,1171,0,2761,2761
36067005500,"Onondaga, NY (CT)",0,2013,2013,0,3729,3729
36067005601,"Onondaga, NY (CT)",0,736,736,0,1473,1473
36067005602,"Onondaga, NY (CT)",0,46,46,0,2483,2483
36067005700,"Onondaga, NY (CT)",0,846,846,0,1956,1956
36067005800,"Onondaga, NY (CT)",0,1012,1012,0,2510,2510
36067005900,"Onondaga, NY (CT)",0,755,755,0,1834,1834
36067006000,"Onondaga, NY (CT)",0,1658,1658,0,3646,3646
36067006101,"Onondaga, NY (CT)",0,1774,1774,0,4096,4096
36067006102,"Onondaga, NY (CT)",0,1487,1487,0,2118,2118
36067006103,"Onondaga, NY (CT)",0,1134,1134,0,2545,2545
36067010100,"Onondaga, NY (CT)",154,1049,1203,427,2391,2818
36067010200,"Onondaga, NY (CT)",391,2093,2484,879,5013,5892
36067010301,"Onondaga, NY (CT)",0,2415,2415,0,5573,5573
36067010321,"Onondaga, NY (CT)",0,969,969,0,2784,2784
36067010322,"Onondaga, NY (CT)",0,1420,1420,0,4010,4010
36067010400,"Onondaga, NY (CT)",605,937,1542,1586,2346,3932
36067010500,"Onondaga, NY (CT)",0,934,934,0,2447,2447
36067010600,"Onondaga, NY (CT)",0,1036,1036,0,2185,2185
36067010700,"Onondaga, NY (CT)",0,944,944,0,1991,1991
36067010800,"Onondaga, NY (CT)",0,2257,2257,0,4809,4809
36067010900,"Onondaga, NY (CT)",0,1017,1017,0,2295,2295
36067011011,"Onondaga, NY (CT)",0,1511,1511,0,3371,3371
36067011012,"Onondaga, NY (CT)",0,1830,1830,0,3769,3769
36067011021,"Onondaga, NY (CT)",205,889,1094,554,2393,2947
36067011022,"Onondaga, NY (CT)",0,1335,1335,0,3179,3179
36067011101,"Onondaga, NY (CT)",0,2302,2302,0,5907,5907
36067011102,"Onondaga, NY (CT)",0,1844,1844,0,3608,3608
36067011201,"Onondaga, NY (CT)",0,1650,1650,0,3924,3924
36067011202,"Onondaga, NY (CT)",0,1782,1782,0,4800,4800
36067011231,"Onondaga, NY (CT)",0,1924,1924,0,4820,4820
36067011232,"Onondaga, NY (CT)",96,1362,1458,198,3598,3796
36067011241,"Onondaga, NY (CT)",120,660,780,278,1884,2162
36067011242,"Onondaga, NY (CT)",0,2247,2247,0,6246,6246
36067011300,"Onondaga, NY (CT)",962,202,1164,2144,429,2573
36067011401,"Onondaga, NY (CT)",27,2992,3019,64,6870,6934
36067011402,"Onondaga, NY (CT)",1480,214,1694,3680,574,4254
36067011500,"Onondaga, NY (CT)",547,1489,2036,1212,4247,5459
36067011600,"Onondaga, NY (CT)",52,2044,2096,137,4975,5112
36067011700,"Onondaga, NY (CT)",0,1505,1505,0,3099,3099
36067011800,"Onondaga, NY (CT)",42,3119,3161,113,6247,6360
36067011900,"Onondaga, NY (CT)",1153,280,1433,2954,772,3726
36067012000,"Onondaga, NY (CT)",2558,0,2558,5922,0,5922
36067012100,"Onondaga, NY (CT)",925,673,1598,2286,1851,4137
36067012200,"Onondaga, NY (CT)",0,612,612,0,1213,1213
36067012300,"Onondaga, NY (CT)",116,1399,1515,343,3109,3452
36067012400,"Onondaga, NY (CT)",0,1748,1748,0,4268,4268
36067012500,"Onondaga, NY (CT)",0,1721,1721,0,3699,3699
36067012600,"Onondaga, NY (CT)",0,2360,2360,0,5425,5425
36067012700,"Onondaga, NY (CT)",5,948,953,18,1955,1973
36067012800,"Onondaga, NY (CT)",0,1312,1312,0,3129,3129
36067012900,"Onondaga, NY (CT)",0,1233,1233,0,2572,2572
36067013000,"Onondaga, NY (CT)",0,2001,2001,0,4012,4012
36067013100,"Onondaga, NY (CT)",0,1917,1917,0,4449,4449
36067013200,"Onondaga, NY (CT)",0,1219,1219,0,2958,2958
36067013300,"Onondaga, NY (CT)",0,1211,1211,0,2347,2347
36067013400,"Onondaga, NY (CT)",0,2527,2527,0,5505,5505
36067013500,"Onondaga, NY (CT)",0,2464,2464,0,5192,5192
36067013600,"Onondaga, NY (CT)",0,1582,1582,0,3164,3164
36067013701,"Onondaga, NY (CT)",0,2331,2331,0,4979,4979
36067013800,"Onondaga, NY (CT)",0,997,997,0,2138,2138
36067013900,"Onondaga, NY (CT)",0,1191,1191,0,2726,2726
36067014000,"Onondaga, NY (CT)",0,1641,1641,0,3822,3822
36067014200,"Onondaga, NY (CT)",0,1808,1808,0,3837,3837
36067014300,"Onondaga, NY (CT)",0,1488,1488,0,3084,3084
36067014400,"Onondaga, NY (CT)",0,1121,1121,0,2471,2471
36067014500,"Onondaga, NY (CT)",146,1816,1962,333,3741,4074
36067014600,"Onondaga, NY (CT)",0,1846,1846,0,4967,4967
36067014700,"Onondaga, NY (CT)",0,2528,2528,0,5946,5946
36067014800,"Onondaga, NY (CT)",56,1186,1242,127,2974,3101
36067014900,"Onondaga, NY (CT)",59,607,666,175,2020,2195
36067015000,"Onondaga, NY (CT)",149,1730,1879,381,4079,4460
36067015100,"Onondaga, NY (CT)",10,2824,2834,26,5627,5653
36067015201,"Onondaga, NY (CT)",0,1433,1433,0,3190,3190
36067015202,"Onondaga, NY (CT)",84,1592,1676,267,4070,4337
36067015203,"Onondaga, NY (CT)",0,1099,1099,0,2596,2596
36067015400,"Onondaga, NY (CT)",187,2231,2418,442,5348,5790
36067015500,"Onondaga, NY (CT)",0,1297,1297,0,2819,2819
36067015601,"Onondaga, NY (CT)",1230,181,1411,3074,451,3525
36067015700,"Onondaga, NY (CT)",2250,377,2627,5827,1253,7080
36067015800,"Onondaga, NY (CT)",2006,93,2099,4759,193,4952
36067016001,"Onondaga, NY (CT)",1196,173,1369,2981,426,3407
36067016002,"Onondaga, NY (CT)",77,990,1067,210,2757,2967
36067016100,"Onondaga, NY (CT)",211,628,839,538,1845,2383
36067016200,"Onondaga, NY (CT)",0,941,941,0,2265,2265
36067016300,"Onondaga, NY (CT)",173,2602,2775,458,7637,8095
36067016400,"Onondaga, NY (CT)",0,1879,1879,0,3984,3984
36067016501,"Onondaga, NY (CT)",760,4,764,1855,8,1863
36067016502,"Onondaga, NY (CT)",574,1285,1859,1457,2890,4347
36067016600,"Onondaga, NY (CT)",889,1151,2040,2160,2457,4617
36067016700,"Onondaga, NY (CT)",895,589,1484,1634,958,2592
36067016801,"Onondaga, NY (CT)",1101,108,1209,1577,109,1686
36067016802,"Onondaga, NY (CT)",1229,0,1229,2541,0,2541
36067016901,"Onondaga, NY (CT)",1189,0,1189,2738,0,2738
36067016902,"Onondaga, NY (CT)",824,0,824,1964,0,1964
36067940000,"Onondaga, NY (CT)",325,0,325,468,0,468
36069050101,"Ontario, NY (CT)",516,900,1416,1362,2110,3472
36069050102,"Ontario, NY (CT)",1033,3373,4406,2861,7942,10803
36069050201,"Ontario, NY (CT)",943,1577,2520,2425,3767,6192
36069050202,"Ontario, NY (CT)",74,2070,2144,215,5418,5633
36069050301,"Ontario, NY (CT)",960,965,1925,2420,2185,4605
36069050302,"Ontario, NY (CT)",327,1741,2068,787,4003,4790
36069050400,"Ontario, NY (CT)",2781,146,2927,6717,355,7072
36069050500,"Ontario, NY (CT)",2531,56,2587,5971,129,6100
36069050601,"Ontario, NY (CT)",1551,1197,2748,3609,2108,5717
36069050602,"Ontario, NY (CT)",922,859,1781,2243,2060,4303
36069050800,"Ontario, NY (CT)",0,1429,1429,0,2980,2980
36069050900,"Ontario, NY (CT)",0,1069,1069,0,2322,2322
36069051000,"Ontario, NY (CT)",0,1556,1556,0,2919,2919
36069051100,"Ontario, NY (CT)",0,1149,1149,0,2324,2324
36069051200,"Ontario, NY (CT)",1295,162,1457,3447,300,3747
36069051300,"Ontario, NY (CT)",1387,796,2183,3370,877,4247
36069051400,"Ontario, NY (CT)",1077,1,1078,2719,2,2721
36069051500,"Ontario, NY (CT)",769,849,1618,1655,1623,3278
36069051600,"Ontario, NY (CT)",0,1875,1875,0,4012,4012
36069051700,"Ontario, NY (CT)",0,819,819,0,2030,2030
36069051800,"Ontario, NY (CT)",0,1341,1341,0,2548,2548
36069051900,"Ontario, NY (CT)",0,1457,1457,0,4684,4684
36069052000,"Ontario, NY (CT)",3046,0,3046,5025,0,5025
36069052100,"Ontario, NY (CT)",2400,0,2400,3905,0,3905
36069052200,"Ontario, NY (CT)",1194,0,1194,2502,0,2502
36071000100,"Orange, NY (CT)",0,1118,1118,0,3525,3525
36071000200,"Orange, NY (CT)",0,926,926,0,2566,2566
36071000300,"Orange, NY (CT)",0,2154,2154,0,6770,6770
36071000400,"Orange, NY (CT)",0,2335,2335,0,4957,4957
36071000501,"Orange, NY (CT)",0,1169,1169,0,3203,3203
36071000502,"Orange, NY (CT)",0,1461,1461,0,4578,4578
36071000600,"Orange, NY (CT)",0,1366,1366,0,3336,3336
36071001100,"Orange, NY (CT)",0,1707,1707,0,4744,4744
36071001200,"Orange, NY (CT)",0,900,900,0,2541,2541
36071001300,"Orange, NY (CT)",0,1229,1229,0,3246,3246
36071001500,"Orange, NY (CT)",0,2020,2020,0,5007,5007
36071001600,"Orange, NY (CT)",0,2626,2626,0,6314,6314
36071002100,"Orange, NY (CT)",0,1472,1472,0,3358,3358
36071002200,"Orange, NY (CT)",0,1649,1649,0,3413,3413
36071002300,"Orange, NY (CT)",0,836,836,0,2057,2057
36071010101,"Orange, NY (CT)",166,1375,1541,469,3945,4414
36071010102,"Orange, NY (CT)",305,1516,1821,907,3949,4856
36071010200,"Orange, NY (CT)",0,2049,2049,0,5018,5018
36071010300,"Orange, NY (CT)",0,1249,1249,0,3438,3438
36071010400,"Orange, NY (CT)",0,1504,1504,0,3649,3649
36071010500,"Orange, NY (CT)",1,3124,3125,4,8353,8357
36071010600,"Orange, NY (CT)",1873,713,2586,5314,1854,7168
36071010700,"Orange, NY (CT)",0,2686,2686,0,6978,6978
36071010801,"Orange, NY (CT)",168,1250,1418,455,3175,3630
36071010802,"Orange, NY (CT)",234,1610,1844,795,4073,4868
36071010901,"Orange, NY (CT)",717,733,1450,1984,1553,3537
36071010902,"Orange, NY (CT)",2025,0,2025,5779,0,5779
36071011000,"Orange, NY (CT)",1335,518,1853,3431,1330,4761
36071011101,"Orange, NY (CT)",0,963,963,0,2914,2914
36071011102,"Orange, NY (CT)",0,1649,1649,0,4372,4372
36071011200,"Orange, NY (CT)",6,1675,1681,9,4298,4307
36071011300,"Orange, NY (CT)",0,3062,3062,0,6842,6842
36071011400,"Orange, NY (CT)",1163,375,1538,3134,938,4072
36071011500,"Orange, NY (CT)",1205,750,1955,3227,3791,7018
36071011601,"Orange, NY (CT)",1087,662,1749,2533,1636,4169
36071011602,"Orange, NY (CT)",1437,298,1735,3074,658,3732
36071011701,"Orange, NY (CT)",1653,0,1653,4616,0,4616
36071011702,"Orange, NY (CT)",1561,0,1561,4490,0,4490
36071011801,"Orange, NY (CT)",1042,671,1713,2931,1661,4592
36071011802,"Orange, NY (CT)",839,78,917,2442,232,2674
36071011900,"Orange, NY (CT)",1476,350,1826,4274,1954,6228
36071012100,"Orange, NY (CT)",36,1696,1732,100,3793,3893
36071012200,"Orange, NY (CT)",166,1197,1363,513,3053,3566
36071012300,"Orange, NY (CT)",1418,384,1802,4273,1233,5506
36071012601,"Orange, NY (CT)",0,1305,1305,0,3317,3317
36071012602,"Orange, NY (CT)",0,1566,1566,0,3369,3369
36071012700,"Orange, NY (CT)",0,1819,1819,0,4105,4105
36071012800,"Orange, NY (CT)",0,1965,1965,0,4962,4962
36071012900,"Orange, NY (CT)",0,1292,1292,0,3184,3184
36071013000,"Orange, NY (CT)",0,1801,1801,0,4368,4368
36071013100,"Orange, NY (CT)",829,1214,2043,2065,3029,5094
36071013201,"Orange, NY (CT)",0,1888,1888,0,5124,5124
36071013202,"Orange, NY (CT)",70,839,909,220,2216,2436
36071013300,"Orange, NY (CT)",1049,1792,2841,2699,4461,7160
36071013400,"Orange, NY (CT)",434,882,1316,1029,2279,3308
36071013500,"Orange, NY (CT)",60,2152,2212,194,6073,6267
36071013600,"Orange, NY (CT)",65,778,843,238,6525,6763
36071013700,"Orange, NY (CT)",0,1236,1236,0,2746,2746
36071013800,"Orange, NY (CT)",57,1351,1408,113,2870,2983
36071013900,"Orange, NY (CT)",288,1217,1505,792,3627,4419
36071014101,"Orange, NY (CT)",0,1498,1498,0,4057,4057
36071014102,"Orange, NY (CT)",0,1985,1985,0,5257,5257
36071014201,"Orange, NY (CT)",0,1378,1378,0,3896,3896
36071014202,"Orange, NY (CT)",615,1612,2227,1700,4791,6491
36071014301,"Orange, NY (CT)",122,1916,2038,360,4663,5023
36071014302,"Orange, NY (CT)",852,1482,2334,2597,4361,6958
36071014400,"Orange, NY (CT)",408,1355,1763,1019,3582,4601
36071014501,"Orange, NY (CT)",1627,0,1627,4432,0,4432
36071014502,"Orange, NY (CT)",1576,537,2113,4155,1280,5435
36071014600,"Orange, NY (CT)",86,2942,3028,244,6640,6884
36071014700,"Orange, NY (CT)",531,763,1294,1422,3043,4465
36071014800,"Orange, NY (CT)",195,2962,3157,380,5868,6248
36071014900,"Orange, NY (CT)",1691,0,1691,3624,0,3624
36071015003,"Orange, NY (CT)",0,842,842,0,3624,3624
36071015004,"Orange, NY (CT)",0,1275,1275,0,6464,6464
36071015005,"Orange, NY (CT)",0,876,876,0,4160,4160
36071015006,"Orange, NY (CT)",0,1304,1304,0,6630,6630
36071015100,"Orange, NY (CT)",0,2415,2415,0,6392,6392
36071015200,"Orange, NY (CT)",409,2804,3213,1252,8256,9508
36073040200,"Orleans, NY (CT)",1306,47,1353,3198,100,3298
36073040300,"Orleans, NY (CT)",892,116,1008,2404,273,2677
36073040400,"Orleans, NY (CT)",0,1628,1628,0,3482,3482
36073040500,"Orleans, NY (CT)",0,1187,1187,0,2647,2647
36073040600,"Orleans, NY (CT)",2302,73,2375,5517,2149,7666
36073040700,"Orleans, NY (CT)",77,2707,2784,178,6022,6200
36073040801,"Orleans, NY (CT)",1605,343,1948,3973,715,4688
36073040802,"Orleans, NY (CT)",1062,660,1722,2560,1388,3948
36073401200,"Orleans, NY (CT)",2107,0,2107,3404,0,3404
36073401300,"Orleans, NY (CT)",2319,0,2319,4873,0,4873
36073990000,"Orleans, NY (CT)",0,0,0,0,0,0
36075020100,"Oswego, NY (CT)",2448,0,2448,3543,0,3543
36075020200,"Oswego, NY (CT)",2653,0,2653,3939,0,3939
36075020301,"Oswego, NY (CT)",1188,0,1188,2365,0,2365
36075020302,"Oswego, NY (CT)",1578,0,1578,3353,0,3353
36075020400,"Oswego, NY (CT)",2276,0,2276,5197,0,5197
36075020500,"Oswego, NY (CT)",2613,0,2613,5894,0,5894
36075020600,"Oswego, NY (CT)",2343,0,2343,4973,0,4973
36075020701,"Oswego, NY (CT)",1509,368,1877,3485,767,4252
36075020702,"Oswego, NY (CT)",586,1296,1882,1475,2731,4206
36075020703,"Oswego, NY (CT)",1555,472,2027,4125,1119,5244
36075020800,"Oswego, NY (CT)",1425,0,1425,3664,0,3664
36075020901,"Oswego, NY (CT)",0,1119,1119,0,2382,2382
36075020902,"Oswego, NY (CT)",2436,104,2540,5906,213,6119
36075021000,"Oswego, NY (CT)",1888,494,2382,4736,1190,5926
36075021101,"Oswego, NY (CT)",0,1711,1711,0,3913,3913
36075021102,"Oswego, NY (CT)",0,1061,1061,0,2411,2411
36075021103,"Oswego, NY (CT)",0,1249,1249,0,2945,2945
36075021104,"Oswego, NY (CT)",0,1279,1279,0,2627,2627
36075021200,"Oswego, NY (CT)",2457,344,2801,6005,816,6821
36075021300,"Oswego, NY (CT)",1935,0,1935,4854,0,4854
36075021401,"Oswego, NY (CT)",1766,139,1905,4056,3928,7984
36075021402,"Oswego, NY (CT)",175,546,721,410,1249,1659
36075021501,"Oswego, NY (CT)",1396,0,1396,2856,0,2856
36075021502,"Oswego, NY (CT)",2063,1058,3121,4572,2268,6840
36075021601,"Oswego, NY (CT)",0,1496,1496,0,2976,2976
36075021602,"Oswego, NY (CT)",0,1281,1281,0,3367,3367
36075021603,"Oswego, NY (CT)",0,1672,1672,0,3877,3877
36075021604,"Oswego, NY (CT)",0,1955,1955,0,4364,4364
36075021605,"Oswego, NY (CT)",0,1664,1664,0,3558,3558
36075990000,"Oswego, NY (CT)",0,0,0,0,0,0
36077590100,"Otsego, NY (CT)",2743,0,2743,4695,0,4695
36077590201,"Otsego, NY (CT)",1162,0,1162,2110,0,2110
36077590202,"Otsego, NY (CT)",2377,0,2377,3900,0,3900
36077590300,"Otsego, NY (CT)",2456,0,2456,4290,0,4290
36077590400,"Otsego, NY (CT)",2755,0,2755,5446,0,5446
36077590500,"Otsego, NY (CT)",1672,0,1672,3044,0,3044
36077590600,"Otsego, NY (CT)",1274,0,1274,1932,0,1932
36077590700,"Otsego, NY (CT)",2416,0,2416,4117,0,4117
36077590800,"Otsego, NY (CT)",979,1323,2302,2376,2853,5229
36077590900,"Otsego, NY (CT)",0,1198,1198,0,2400,2400
36077591000,"Otsego, NY (CT)",0,1549,1549,0,3481,3481
36077591100,"Otsego, NY (CT)",0,1577,1577,0,3055,3055
36077591200,"Otsego, NY (CT)",0,434,434,0,2450,2450
36077591300,"Otsego, NY (CT)",0,16,16,0,2515,2515
36077591400,"Otsego, NY (CT)",2708,13,2721,5516,23,5539
36077591500,"Otsego, NY (CT)",1963,0,1963,3664,0,3664
36077591600,"Otsego, NY (CT)",1373,789,2162,2844,1548,4392
36079010100,"Putnam, NY (CT)",240,1325,1565,617,3227,3844
36079010200,"Putnam, NY (CT)",1004,1703,2707,2714,5465,8179
36079010300,"Putnam, NY (CT)",0,1929,1929,0,4954,4954
36079010400,"Putnam, NY (CT)",0,1328,1328,0,3328,3328
36079010500,"Putnam, NY (CT)",2233,18,2251,5191,34,5225
36079010600,"Putnam, NY (CT)",1290,266,1556,2937,635,3572
36079010700,"Putnam, NY (CT)",0,1241,1241,0,2641,2641
36079010800,"Putnam, NY (CT)",729,638,1367,1480,1969,3449
36079010900,"Putnam, NY (CT)",270,2946,3216,617,7154,7771
36079011000,"Putnam, NY (CT)",945,676,1621,2091,1947,4038
36079011100,"Putnam, NY (CT)",154,1596,1750,444,4801,5245
36079011200,"Putnam, NY (CT)",0,2483,2483,0,6792,6792
36079011300,"Putnam, NY (CT)",0,1452,1452,0,4229,4229
36079011400,"Putnam, NY (CT)",48,2058,2106,137,5170,5307
36079011500,"Putnam, NY (CT)",25,2465,2490,70,6747,6817
36079011600,"Putnam, NY (CT)",28,2039,2067,56,5859,5915
36079011700,"Putnam, NY (CT)",702,1289,1991,1940,3150,5090
36079011800,"Putnam, NY (CT)",234,2880,3114,630,7328,7958
36079011900,"Putnam, NY (CT)",598,1392,1990,1566,3790,5356
36081000100,"Queens, NY (CT)",0,2873,2873,0,4949,4949
36081000200,"Queens, NY (CT)",0,962,962,0,2829,2829
36081000400,"Queens, NY (CT)",0,1324,1324,0,4413,4413
36081000600,"Queens, NY (CT)",0,1205,1205,0,3729,3729
36081000700,"Queens, NY (CT)",0,2933,2933,0,4790,4790
36081000800,"Queens, NY (CT)",0,1004,1004,0,3360,3360
36081001000,"Queens, NY (CT)",0,1031,1031,0,3502,3502
36081001200,"Queens, NY (CT)",0,1325,1325,0,3871,3871
36081001400,"Queens, NY (CT)",0,1210,1210,0,3683,3683
36081001600,"Queens, NY (CT)",0,832,832,0,2831,2831
36081001800,"Queens, NY (CT)",0,889,889,0,2931,2931
36081001900,"Queens, NY (CT)",0,1293,1293,0,1076,1076
36081002000,"Queens, NY (CT)",0,505,505,0,1797,1797
36081002200,"Queens, NY (CT)",0,755,755,0,2077,2077
36081002400,"Queens, NY (CT)",0,677,677,0,2145,2145
36081002500,"Queens, NY (CT)",0,3130,3130,0,7571,7571
36081002600,"Queens, NY (CT)",0,651,651,0,2055,2055
36081002800,"Queens, NY (CT)",0,984,984,0,3033,3033
36081003000,"Queens, NY (CT)",0,431,431,0,1399,1399
36081003100,"Queens, NY (CT)",0,547,547,0,1388,1388
36081003200,"Queens, NY (CT)",0,512,512,0,1504,1504
36081003300,"Queens, NY (CT)",0,1102,1102,0,2474,2474
36081003400,"Queens, NY (CT)",0,690,690,0,2201,2201
36081003600,"Queens, NY (CT)",0,1034,1034,0,3295,3295
36081003700,"Queens, NY (CT)",0,0,0,0,0,0
36081003800,"Queens, NY (CT)",0,769,769,0,2287,2287
36081003900,"Queens, NY (CT)",0,489,489,0,1592,1592
36081004001,"Queens, NY (CT)",0,724,724,0,2134,2134
36081004002,"Queens, NY (CT)",0,416,416,0,1270,1270
36081004200,"Queens, NY (CT)",0,1239,1239,0,4120,4120
36081004300,"Queens, NY (CT)",0,1054,1054,0,2437,2437
36081004401,"Queens, NY (CT)",0,1010,1010,0,3500,3500
36081004500,"Queens, NY (CT)",0,1564,1564,0,2975,2975
36081004700,"Queens, NY (CT)",0,1880,1880,0,3984,3984
36081005000,"Queens, NY (CT)",0,7,7,0,29,29
36081005100,"Queens, NY (CT)",0,789,789,0,2231,2231
36081005200,"Queens, NY (CT)",0,851,851,0,2751,2751
36081005300,"Queens, NY (CT)",0,2610,2610,0,5340,5340
36081005400,"Queens, NY (CT)",0,1714,1714,0,5257,5257
36081005500,"Queens, NY (CT)",0,393,393,0,1067,1067
36081005700,"Queens, NY (CT)",0,1863,1863,0,4321,4321
36081005800,"Queens, NY (CT)",0,2022,2022,0,5414,5414
36081005900,"Queens, NY (CT)",0,1986,1986,0,4169,4169
36081006100,"Queens, NY (CT)",0,2986,2986,0,5644,5644
36081006201,"Queens, NY (CT)",0,2964,2964,0,5128,5128
36081006202,"Queens, NY (CT)",0,2615,2615,0,6253,6253
36081006300,"Queens, NY (CT)",0,2904,2904,0,5949,5949
36081006501,"Queens, NY (CT)",0,1992,1992,0,3676,3676
36081006502,"Queens, NY (CT)",0,1952,1952,0,3853,3853
36081006900,"Queens, NY (CT)",0,2209,2209,0,4611,4611
36081007100,"Queens, NY (CT)",0,1954,1954,0,3963,3963
36081007300,"Queens, NY (CT)",0,2296,2296,0,4231,4231
36081007500,"Queens, NY (CT)",0,2267,2267,0,4116,4116
36081007700,"Queens, NY (CT)",0,652,652,0,1478,1478
36081007900,"Queens, NY (CT)",0,1325,1325,0,3493,3493
36081008100,"Queens, NY (CT)",0,473,473,0,1188,1188
36081008300,"Queens, NY (CT)",0,1296,1296,0,2950,2950
36081008500,"Queens, NY (CT)",0,448,448,0,1270,1270
36081008600,"Queens, NY (CT)",0,953,953,0,2811,2811
36081008700,"Queens, NY (CT)",0,1582,1582,0,4582,4582
36081008800,"Queens, NY (CT)",0,1188,1188,0,3095,3095
36081009100,"Queens, NY (CT)",0,1394,1394,0,2796,2796
36081009400,"Queens, NY (CT)",0,902,902,0,2834,2834
36081009500,"Queens, NY (CT)",0,1058,1058,0,2289,2289
36081009600,"Queens, NY (CT)",0,931,931,0,3135,3135
36081009700,"Queens, NY (CT)",0,1710,1710,0,3580,3580
36081009800,"Queens, NY (CT)",0,802,802,0,2688,2688
36081009900,"Queens, NY (CT)",0,0,0,0,3,3
36081010000,"Queens, NY (CT)",0,1027,1027,0,3571,3571
36081010100,"Queens, NY (CT)",0,1173,1173,0,2552,2552
36081010200,"Queens, NY (CT)",0,779,779,0,2677,2677
36081010300,"Queens, NY (CT)",0,1994,1994,0,3934,3934
36081010400,"Queens, NY (CT)",0,980,980,0,3147,3147
36081010500,"Queens, NY (CT)",0,1774,1774,0,4244,4244
36081010600,"Queens, NY (CT)",0,990,990,0,3427,3427
36081010701,"Queens, NY (CT)",0,0,0,0,0,0
36081010800,"Queens, NY (CT)",0,853,853,0,2980,2980
36081011000,"Queens, NY (CT)",0,883,883,0,3075,3075
36081011100,"Queens, NY (CT)",0,1347,1347,0,3050,3050
36081011200,"Queens, NY (CT)",0,760,760,0,2358,2358
36081011300,"Queens, NY (CT)",0,1973,1973,0,4234,4234
36081011400,"Queens, NY (CT)",0,421,421,0,1330,1330
36081011500,"Queens, NY (CT)",0,1191,1191,0,2325,2325
36081011600,"Queens, NY (CT)",0,614,614,0,2178,2178
36081011700,"Queens, NY (CT)",0,1894,1894,0,3848,3848
36081011800,"Queens, NY (CT)",0,709,709,0,2628,2628
36081011900,"Queens, NY (CT)",0,850,850,0,1701,1701
36081012000,"Queens, NY (CT)",0,690,690,0,2487,2487
36081012100,"Queens, NY (CT)",0,1016,1016,0,2064,2064
36081012200,"Queens, NY (CT)",0,928,928,0,2971,2971
36081012301,"Queens, NY (CT)",0,1332,1332,0,2910,2910
36081012400,"Queens, NY (CT)",0,898,898,0,2914,2914
36081012500,"Queens, NY (CT)",0,754,754,0,1662,1662
36081012601,"Queens, NY (CT)",0,758,758,0,2413,2413
36081012602,"Queens, NY (CT)",0,782,782,0,2578,2578
36081012800,"Queens, NY (CT)",0,730,730,0,2030,2030
36081013000,"Queens, NY (CT)",0,564,564,0,1745,1745
36081013200,"Queens, NY (CT)",0,661,661,0,1772,1772
36081013400,"Queens, NY (CT)",0,2884,2884,0,5474,5474
36081013500,"Queens, NY (CT)",0,680,680,0,1411,1411
36081013600,"Queens, NY (CT)",0,939,939,0,1972,1972
36081013700,"Queens, NY (CT)",0,838,838,0,1579,1579
36081013800,"Queens, NY (CT)",0,1486,1486,0,3604,3604
36081014000,"Queens, NY (CT)",0,1486,1486,0,3705,3705
36081014100,"Queens, NY (CT)",0,784,784,0,1621,1621
36081014201,"Queens, NY (CT)",0,1250,1250,0,4348,4348
36081014202,"Queens, NY (CT)",0,681,681,0,2838,2838
36081014300,"Queens, NY (CT)",0,1833,1833,0,4065,4065
36081014400,"Queens, NY (CT)",0,649,649,0,2109,2109
36081014500,"Queens, NY (CT)",0,1088,1088,0,2246,2246
36081014700,"Queens, NY (CT)",0,1536,1536,0,3054,3054
36081014800,"Queens, NY (CT)",0,600,600,0,2265,2265
36081014900,"Queens, NY (CT)",0,1111,1111,0,2674,2674
36081015000,"Queens, NY (CT)",0,661,661,0,2458,2458
36081015100,"Queens, NY (CT)",0,1296,1296,0,2794,2794
36081015200,"Queens, NY (CT)",0,787,787,0,2721,2721
36081015300,"Queens, NY (CT)",0,1028,1028,0,2145,2145
36081015400,"Queens, NY (CT)",0,702,702,0,2333,2333
36081015500,"Queens, NY (CT)",0,1030,1030,0,2251,2251
36081015600,"Queens, NY (CT)",0,897,897,0,3218,3218
36081015700,"Queens, NY (CT)",0,699,699,0,1543,1543
36081015801,"Queens, NY (CT)",0,1072,1072,0,3737,3737
36081015802,"Queens, NY (CT)",0,1259,1259,0,4398,4398
36081015900,"Queens, NY (CT)",0,2065,2065,0,4136,4136
36081016100,"Queens, NY (CT)",0,878,878,0,2377,2377
36081016300,"Queens, NY (CT)",0,1713,1713,0,4382,4382
36081016400,"Queens, NY (CT)",0,903,903,0,3313,3313
36081016600,"Queens, NY (CT)",0,1029,1029,0,3278,3278
36081016800,"Queens, NY (CT)",0,809,809,0,2684,2684
36081016900,"Queens, NY (CT)",0,2579,2579,0,5539,5539
36081017000,"Queens, NY (CT)",0,757,757,0,2600,2600
36081017100,"Queens, NY (CT)",0,2,2,0,8,8
36081017200,"Queens, NY (CT)",0,628,628,0,2101,2101
36081017400,"Queens, NY (CT)",0,704,704,0,2244,2244
36081017600,"Queens, NY (CT)",0,649,649,0,2143,2143
36081017800,"Queens, NY (CT)",0,614,614,0,1925,1925
36081017900,"Queens, NY (CT)",0,443,443,0,1054,1054
36081018000,"Queens, NY (CT)",0,364,364,0,1090,1090
36081018101,"Queens, NY (CT)",0,1759,1759,0,4090,4090
36081018102,"Queens, NY (CT)",0,2018,2018,0,3928,3928
36081018200,"Queens, NY (CT)",0,733,733,0,2267,2267
36081018300,"Queens, NY (CT)",0,2776,2776,0,6031,6031
36081018401,"Queens, NY (CT)",0,672,672,0,2054,2054
36081018402,"Queens, NY (CT)",0,698,698,0,2223,2223
36081018501,"Queens, NY (CT)",0,1709,1709,0,3611,3611
36081018502,"Queens, NY (CT)",0,1589,1589,0,3633,3633
36081018600,"Queens, NY (CT)",0,521,521,0,1623,1623
36081018700,"Queens, NY (CT)",0,1217,1217,0,3088,3088
36081018800,"Queens, NY (CT)",0,409,409,0,1236,1236
36081018900,"Queens, NY (CT)",0,1453,1453,0,3492,3492
36081019000,"Queens, NY (CT)",0,666,666,0,1969,1969
36081019200,"Queens, NY (CT)",0,675,675,0,1914,1914
36081019400,"Queens, NY (CT)",0,845,845,0,2628,2628
36081019600,"Queens, NY (CT)",0,854,854,0,2643,2643
36081019800,"Queens, NY (CT)",0,911,911,0,2930,2930
36081019900,"Queens, NY (CT)",0,243,243,0,1028,1028
36081020200,"Queens, NY (CT)",0,419,419,0,1387,1387
36081020400,"Queens, NY (CT)",0,681,681,0,2098,2098
36081020500,"Queens, NY (CT)",0,413,413,0,1202,1202
36081020600,"Queens, NY (CT)",0,515,515,0,1712,1712
36081020800,"Queens, NY (CT)",0,745,745,0,2539,2539
36081021200,"Queens, NY (CT)",0,733,733,0,2754,2754
36081021400,"Queens, NY (CT)",0,2192,2192,0,6194,6194
36081021600,"Queens, NY (CT)",0,1947,1947,0,4016,4016
36081021900,"Queens, NY (CT)",0,4,4,0,7,7
36081022001,"Queens, NY (CT)",0,2857,2857,0,6074,6074
36081022002,"Queens, NY (CT)",0,2652,2652,0,5569,5569
36081022900,"Queens, NY (CT)",0,8,8,0,27,27
36081023000,"Queens, NY (CT)",0,562,562,0,1795,1795
36081023200,"Queens, NY (CT)",0,1695,1695,0,5090,5090
36081023500,"Queens, NY (CT)",0,2679,2679,0,8278,8278
36081023600,"Queens, NY (CT)",0,756,756,0,2638,2638
36081023800,"Queens, NY (CT)",0,1483,1483,0,5101,5101
36081024000,"Queens, NY (CT)",0,1706,1706,0,5464,5464
36081024300,"Queens, NY (CT)",0,1926,1926,0,5440,5440
36081024500,"Queens, NY (CT)",0,2150,2150,0,4942,4942
36081024600,"Queens, NY (CT)",0,0,0,0,0,0
36081024700,"Queens, NY (CT)",0,528,528,0,1509,1509
36081024900,"Queens, NY (CT)",0,2202,2202,0,5546,5546
36081025100,"Queens, NY (CT)",0,2496,2496,0,5720,5720
36081025301,"Queens, NY (CT)",0,2071,2071,0,4591,4591
36081025302,"Queens, NY (CT)",0,1190,1190,0,2876,2876
36081025400,"Queens, NY (CT)",0,3134,3134,0,8207,8207
36081025500,"Queens, NY (CT)",0,572,572,0,1507,1507
36081025700,"Queens, NY (CT)",0,600,600,0,1542,1542
36081025800,"Queens, NY (CT)",0,604,604,0,1978,1978
36081025900,"Queens, NY (CT)",0,1211,1211,0,3516,3516
36081026000,"Queens, NY (CT)",0,768,768,0,2339,2339
36081026100,"Queens, NY (CT)",0,2350,2350,0,7414,7414
36081026200,"Queens, NY (CT)",0,429,429,0,1465,1465
36081026300,"Queens, NY (CT)",0,2198,2198,0,6220,6220
36081026400,"Queens, NY (CT)",0,792,792,0,2257,2257
36081026500,"Queens, NY (CT)",0,1520,1520,0,4494,4494
36081026600,"Queens, NY (CT)",0,828,828,0,1755,1755
36081026700,"Queens, NY (CT)",0,2136,2136,0,6002,6002
36081026901,"Queens, NY (CT)",0,1645,1645,0,5304,5304
36081026902,"Queens, NY (CT)",0,1471,1471,0,4444,4444
36081027000,"Queens, NY (CT)",0,530,530,0,1647,1647
36081027100,"Queens, NY (CT)",0,2714,2714,0,8726,8726
36081027200,"Queens, NY (CT)",0,592,592,0,1846,1846
36081027300,"Queens, NY (CT)",0,2477,2477,0,8631,8631
36081027400,"Queens, NY (CT)",0,582,582,0,1735,1735
36081027500,"Queens, NY (CT)",0,2196,2196,0,6887,6887
36081027600,"Queens, NY (CT)",0,408,408,0,1165,1165
36081027700,"Queens, NY (CT)",0,2904,2904,0,8757,8757
36081027800,"Queens, NY (CT)",0,831,831,0,2256,2256
36081027900,"Queens, NY (CT)",0,2403,2403,0,6317,6317
36081028000,"Queens, NY (CT)",0,545,545,0,1551,1551
36081028100,"Queens, NY (CT)",0,2429,2429,0,5722,5722
36081028200,"Queens, NY (CT)",0,521,521,0,1545,1545
36081028300,"Queens, NY (CT)",0,3093,3093,0,7415,7415
36081028400,"Queens, NY (CT)",0,1117,1117,0,3438,3438
36081028500,"Queens, NY (CT)",0,2242,2242,0,4729,4729
36081028700,"Queens, NY (CT)",0,2822,2822,0,6232,6232
36081028800,"Queens, NY (CT)",0,1413,1413,0,4230,4230
36081028900,"Queens, NY (CT)",0,2145,2145,0,5176,5176
36081029100,"Queens, NY (CT)",0,2508,2508,0,7039,7039
36081029300,"Queens, NY (CT)",0,422,422,0,1351,1351
36081029400,"Queens, NY (CT)",0,2373,2373,0,6664,6664
36081029500,"Queens, NY (CT)",0,1694,1694,0,3670,3670
36081029700,"Queens, NY (CT)",0,757,757,0,2162,2162
36081029900,"Queens, NY (CT)",0,0,0,0,0,0
36081030600,"Queens, NY (CT)",0,1354,1354,0,4213,4213
36081030902,"Queens, NY (CT)",0,2804,2804,0,7992,7992
36081030903,"Queens, NY (CT)",0,2122,2122,0,6743,6743
36081030904,"Queens, NY (CT)",0,1330,1330,0,3712,3712
36081031700,"Queens, NY (CT)",0,2784,2784,0,6151,6151
36081032000,"Queens, NY (CT)",0,1160,1160,0,4645,4645
36081032700,"Queens, NY (CT)",0,1268,1268,0,4255,4255
36081032800,"Queens, NY (CT)",0,796,796,0,2409,2409
36081032900,"Queens, NY (CT)",0,1164,1164,0,4018,4018
36081033000,"Queens, NY (CT)",0,2096,2096,0,6170,6170
36081033100,"Queens, NY (CT)",0,0,0,0,0,0
36081033401,"Queens, NY (CT)",0,1101,1101,0,3128,3128
36081033402,"Queens, NY (CT)",0,6271,6271,0,12575,12575
36081033700,"Queens, NY (CT)",0,1054,1054,0,3619,3619
36081033900,"Queens, NY (CT)",0,1162,1162,0,3400,3400
36081034700,"Queens, NY (CT)",0,1040,1040,0,3268,3268
36081035100,"Queens, NY (CT)",0,1581,1581,0,4240,4240
36081035200,"Queens, NY (CT)",0,789,789,0,2414,2414
36081035300,"Queens, NY (CT)",0,821,821,0,2690,2690
36081035700,"Queens, NY (CT)",0,1584,1584,0,4947,4947
36081035800,"Queens, NY (CT)",0,1356,1356,0,3927,3927
36081036100,"Queens, NY (CT)",0,806,806,0,2426,2426
36081036300,"Queens, NY (CT)",0,706,706,0,2397,2397
36081036500,"Queens, NY (CT)",0,1040,1040,0,3885,3885
36081036600,"Queens, NY (CT)",0,984,984,0,2592,2592
36081036700,"Queens, NY (CT)",0,876,876,0,2676,2676
36081036800,"Queens, NY (CT)",0,791,791,0,2362,2362
36081037100,"Queens, NY (CT)",0,532,532,0,1597,1597
36081037300,"Queens, NY (CT)",0,788,788,0,2532,2532
36081037500,"Queens, NY (CT)",0,1030,1030,0,3783,3783
36081037600,"Queens, NY (CT)",0,1994,1994,0,5598,5598
36081037700,"Queens, NY (CT)",0,1012,1012,0,4227,4227
36081037900,"Queens, NY (CT)",0,1435,1435,0,6214,6214
36081038100,"Queens, NY (CT)",0,1886,1886,0,6808,6808
36081038301,"Queens, NY (CT)",0,0,0,0,0,0
36081038302,"Queens, NY (CT)",0,1,1,0,56,56
36081038400,"Queens, NY (CT)",0,747,747,0,2333,2333
36081039400,"Queens, NY (CT)",0,957,957,0,2814,2814
36081039800,"Queens, NY (CT)",0,496,496,0,1657,1657
36081039900,"Queens, NY (CT)",0,1131,1131,0,4132,4132
36081040000,"Queens, NY (CT)",0,429,429,0,1267,1267
36081040100,"Queens, NY (CT)",0,1935,1935,0,7527,7527
36081040200,"Queens, NY (CT)",0,453,453,0,1368,1368
36081040300,"Queens, NY (CT)",0,1722,1722,0,6777,6777
36081040400,"Queens, NY (CT)",0,1315,1315,0,3918,3918
36081040500,"Queens, NY (CT)",0,813,813,0,3303,3303
36081040700,"Queens, NY (CT)",0,1992,1992,0,8304,8304
36081040900,"Queens, NY (CT)",0,1319,1319,0,5094,5094
36081041100,"Queens, NY (CT)",0,982,982,0,3947,3947
36081041300,"Queens, NY (CT)",0,1169,1169,0,4464,4464
36081041400,"Queens, NY (CT)",0,1381,1381,0,4033,4033
36081041500,"Queens, NY (CT)",0,1173,1173,0,4278,4278
36081042400,"Queens, NY (CT)",0,772,772,0,2161,2161
36081042600,"Queens, NY (CT)",0,0,0,0,512,512
36081042700,"Queens, NY (CT)",0,1287,1287,0,4604,4604
36081043200,"Queens, NY (CT)",0,408,408,0,1166,1166
36081043400,"Queens, NY (CT)",0,536,536,0,1956,1956
36081043701,"Queens, NY (CT)",0,843,843,0,3381,3381
36081043702,"Queens, NY (CT)",0,2287,2287,0,6476,6476
36081043900,"Queens, NY (CT)",0,1263,1263,0,4790,4790
36081044000,"Queens, NY (CT)",0,1312,1312,0,3669,3669
36081044301,"Queens, NY (CT)",0,1493,1493,0,4033,4033
36081044302,"Queens, NY (CT)",0,1552,1552,0,5223,5223
36081044400,"Queens, NY (CT)",0,1132,1132,0,3236,3236
36081044601,"Queens, NY (CT)",0,1296,1296,0,3367,3367
36081044602,"Queens, NY (CT)",0,1468,1468,0,4596,4596
36081044800,"Queens, NY (CT)",0,834,834,0,2571,2571
36081045000,"Queens, NY (CT)",0,600,600,0,1943,1943
36081045200,"Queens, NY (CT)",0,222,222,0,1153,1153
36081045400,"Queens, NY (CT)",0,1599,1599,0,4773,4773
36081045500,"Queens, NY (CT)",0,4602,4602,0,12330,12330
36081045600,"Queens, NY (CT)",0,374,374,0,1338,1338
36081045700,"Queens, NY (CT)",0,1158,1158,0,3355,3355
36081045800,"Queens, NY (CT)",0,713,713,0,2016,2016
36081045900,"Queens, NY (CT)",0,1197,1197,0,3975,3975
36081046000,"Queens, NY (CT)",0,2009,2009,0,6006,6006
36081046100,"Queens, NY (CT)",0,841,841,0,3089,3089
36081046200,"Queens, NY (CT)",0,2192,2192,0,7296,7296
36081046300,"Queens, NY (CT)",0,1181,1181,0,4284,4284
36081046400,"Queens, NY (CT)",0,538,538,0,1643,1643
36081046500,"Queens, NY (CT)",0,1124,1124,0,4247,4247
36081046600,"Queens, NY (CT)",0,1410,1410,0,3058,3058
36081046700,"Queens, NY (CT)",0,2179,2179,0,7112,7112
36081046800,"Queens, NY (CT)",0,1135,1135,0,3829,3829
36081046900,"Queens, NY (CT)",0,2717,2717,0,8570,8570
36081047000,"Queens, NY (CT)",0,917,917,0,3247,3247
36081047100,"Queens, NY (CT)",0,1411,1411,0,4425,4425
36081047200,"Queens, NY (CT)",0,1338,1338,0,3760,3760
36081047300,"Queens, NY (CT)",0,1638,1638,0,3997,3997
36081047500,"Queens, NY (CT)",0,1686,1686,0,4835,4835
36081047600,"Queens, NY (CT)",0,453,453,0,1326,1326
36081047800,"Queens, NY (CT)",0,2242,2242,0,5294,5294
36081047900,"Queens, NY (CT)",0,1884,1884,0,5456,5456
36081048000,"Queens, NY (CT)",0,706,706,0,2506,2506
36081048100,"Queens, NY (CT)",0,2399,2399,0,6781,6781
36081048200,"Queens, NY (CT)",0,418,418,0,1452,1452
36081048300,"Queens, NY (CT)",0,1336,1336,0,4047,4047
36081048400,"Queens, NY (CT)",0,1614,1614,0,4979,4979
36081048500,"Queens, NY (CT)",0,1604,1604,0,4598,4598
36081048900,"Queens, NY (CT)",0,470,470,0,1486,1486
36081049200,"Queens, NY (CT)",0,1839,1839,0,4750,4750
36081049301,"Queens, NY (CT)",0,767,767,0,2134,2134
36081049302,"Queens, NY (CT)",0,990,990,0,2811,2811
36081049500,"Queens, NY (CT)",0,541,541,0,1358,1358
36081049600,"Queens, NY (CT)",0,866,866,0,3030,3030
36081049700,"Queens, NY (CT)",0,1033,1033,0,3021,3021
36081049900,"Queens, NY (CT)",0,1720,1720,0,5071,5071
36081050000,"Queens, NY (CT)",0,1605,1605,0,4323,4323
36081050201,"Queens, NY (CT)",0,433,433,0,1410,1410
36081050202,"Queens, NY (CT)",0,404,404,0,1344,1344
36081050400,"Queens, NY (CT)",0,556,556,0,1831,1831
36081050500,"Queens, NY (CT)",0,682,682,0,1657,1657
36081050600,"Queens, NY (CT)",0,470,470,0,1553,1553
36081050700,"Queens, NY (CT)",0,1403,1403,0,3442,3442
36081050800,"Queens, NY (CT)",0,715,715,0,1837,1837
36081051000,"Queens, NY (CT)",0,474,474,0,1540,1540
36081051100,"Queens, NY (CT)",0,833,833,0,2097,2097
36081051200,"Queens, NY (CT)",0,743,743,0,2619,2619
36081051300,"Queens, NY (CT)",0,871,871,0,2367,2367
36081051500,"Queens, NY (CT)",0,1215,1215,0,2852,2852
36081051600,"Queens, NY (CT)",0,584,584,0,1866,1866
36081051700,"Queens, NY (CT)",0,826,826,0,1957,1957
36081051800,"Queens, NY (CT)",0,594,594,0,1931,1931
36081052000,"Queens, NY (CT)",0,459,459,0,1521,1521
36081052100,"Queens, NY (CT)",0,759,759,0,1983,1983
36081052200,"Queens, NY (CT)",0,487,487,0,1532,1532
36081052400,"Queens, NY (CT)",0,565,565,0,1739,1739
36081052500,"Queens, NY (CT)",0,811,811,0,2063,2063
36081052600,"Queens, NY (CT)",0,582,582,0,1802,1802
36081052800,"Queens, NY (CT)",0,479,479,0,1442,1442
36081053000,"Queens, NY (CT)",0,702,702,0,2240,2240
36081053100,"Queens, NY (CT)",0,1323,1323,0,3114,3114
36081053200,"Queens, NY (CT)",0,584,584,0,1675,1675
36081053401,"Queens, NY (CT)",0,636,636,0,1907,1907
36081053500,"Queens, NY (CT)",0,439,439,0,1123,1123
36081053601,"Queens, NY (CT)",0,496,496,0,1577,1577
36081053800,"Queens, NY (CT)",0,491,491,0,1755,1755
36081053900,"Queens, NY (CT)",0,1460,1460,0,4147,4147
36081054000,"Queens, NY (CT)",0,1300,1300,0,4222,4222
36081054200,"Queens, NY (CT)",0,1469,1469,0,5074,5074
36081054500,"Queens, NY (CT)",0,1277,1277,0,3722,3722
36081054700,"Queens, NY (CT)",0,1462,1462,0,4643,4643
36081054800,"Queens, NY (CT)",0,636,636,0,2319,2319
36081054900,"Queens, NY (CT)",0,1677,1677,0,5308,5308
36081055100,"Queens, NY (CT)",0,1715,1715,0,4573,4573
36081055200,"Queens, NY (CT)",0,1041,1041,0,3064,3064
36081055300,"Queens, NY (CT)",0,883,883,0,2454,2454
36081055400,"Queens, NY (CT)",0,749,749,0,2303,2303
36081055500,"Queens, NY (CT)",0,700,700,0,2147,2147
36081055600,"Queens, NY (CT)",0,620,620,0,2153,2153
36081055700,"Queens, NY (CT)",0,1401,1401,0,3915,3915
36081055800,"Queens, NY (CT)",0,519,519,0,1732,1732
36081055900,"Queens, NY (CT)",0,430,430,0,1217,1217
36081056000,"Queens, NY (CT)",0,502,502,0,1647,1647
36081056100,"Queens, NY (CT)",0,29,29,0,73,73
36081056200,"Queens, NY (CT)",0,457,457,0,1517,1517
36081056400,"Queens, NY (CT)",0,574,574,0,1783,1783
36081056500,"Queens, NY (CT)",0,501,501,0,1567,1567
36081056600,"Queens, NY (CT)",0,455,455,0,1487,1487
36081056700,"Queens, NY (CT)",0,1603,1603,0,4574,4574
36081056800,"Queens, NY (CT)",0,1496,1496,0,4550,4550
36081057700,"Queens, NY (CT)",0,1430,1430,0,3625,3625
36081057900,"Queens, NY (CT)",0,657,657,0,1592,1592
36081058000,"Queens, NY (CT)",0,1150,1150,0,3641,3641
36081058100,"Queens, NY (CT)",0,1095,1095,0,2662,2662
36081058200,"Queens, NY (CT)",0,1411,1411,0,4490,4490
36081058300,"Queens, NY (CT)",0,1321,1321,0,3254,3254
36081058500,"Queens, NY (CT)",0,1591,1591,0,4062,4062
36081058700,"Queens, NY (CT)",0,1385,1385,0,3296,3296
36081058900,"Queens, NY (CT)",0,1674,1674,0,4196,4196
36081059000,"Queens, NY (CT)",0,386,386,0,1074,1074
36081059100,"Queens, NY (CT)",0,2141,2141,0,5826,5826
36081059200,"Queens, NY (CT)",0,427,427,0,1280,1280
36081059300,"Queens, NY (CT)",0,1650,1650,0,3881,3881
36081059400,"Queens, NY (CT)",0,518,518,0,1537,1537
36081059500,"Queens, NY (CT)",0,1790,1790,0,4700,4700
36081059600,"Queens, NY (CT)",0,444,444,0,1304,1304
36081059800,"Queens, NY (CT)",0,564,564,0,1643,1643
36081059900,"Queens, NY (CT)",0,595,595,0,1525,1525
36081060000,"Queens, NY (CT)",0,371,371,0,1056,1056
36081060100,"Queens, NY (CT)",0,851,851,0,2111,2111
36081060300,"Queens, NY (CT)",0,707,707,0,1706,1706
36081060600,"Queens, NY (CT)",0,475,475,0,1381,1381
36081060701,"Queens, NY (CT)",0,18,18,0,25,25
36081060800,"Queens, NY (CT)",0,459,459,0,1413,1413
36081061000,"Queens, NY (CT)",0,406,406,0,1268,1268
36081061200,"Queens, NY (CT)",0,495,495,0,1597,1597
36081061301,"Queens, NY (CT)",0,2067,2067,0,5295,5295
36081061302,"Queens, NY (CT)",0,12,12,0,19,19
36081061400,"Queens, NY (CT)",0,382,382,0,1234,1234
36081061601,"Queens, NY (CT)",0,695,695,0,2180,2180
36081061602,"Queens, NY (CT)",0,369,369,0,1152,1152
36081061800,"Queens, NY (CT)",0,690,690,0,1583,1583
36081061900,"Queens, NY (CT)",0,1178,1178,0,2783,2783
36081062000,"Queens, NY (CT)",0,493,493,0,1440,1440
36081062100,"Queens, NY (CT)",0,1098,1098,0,2746,2746
36081062200,"Queens, NY (CT)",0,657,657,0,1983,1983
36081062300,"Queens, NY (CT)",0,801,801,0,1789,1789
36081062400,"Queens, NY (CT)",0,1,1,0,1,1
36081062500,"Queens, NY (CT)",0,971,971,0,2388,2388
36081062600,"Queens, NY (CT)",0,860,860,0,2620,2620
36081062700,"Queens, NY (CT)",0,1097,1097,0,2879,2879
36081062900,"Queens, NY (CT)",0,1118,1118,0,2782,2782
36081063000,"Queens, NY (CT)",0,519,519,0,1579,1579
36081063200,"Queens, NY (CT)",0,693,693,0,2134,2134
36081063301,"Queens, NY (CT)",0,587,587,0,1416,1416
36081063302,"Queens, NY (CT)",0,606,606,0,1476,1476
36081063500,"Queens, NY (CT)",0,1023,1023,0,2513,2513
36081063700,"Queens, NY (CT)",0,1214,1214,0,3148,3148
36081063800,"Queens, NY (CT)",0,1033,1033,0,3425,3425
36081063900,"Queens, NY (CT)",0,1151,1151,0,2747,2747
36081064101,"Queens, NY (CT)",0,983,983,0,1960,1960
36081064102,"Queens, NY (CT)",0,67,67,0,113,113
36081064500,"Queens, NY (CT)",0,790,790,0,1979,1979
36081064600,"Queens, NY (CT)",0,968,968,0,2829,2829
36081065000,"Queens, NY (CT)",0,884,884,0,2650,2650
36081065400,"Queens, NY (CT)",0,893,893,0,2788,2788
36081065501,"Queens, NY (CT)",0,0,0,0,0,0
36081065600,"Queens, NY (CT)",0,1544,1544,0,4853,4853
36081065702,"Queens, NY (CT)",0,779,779,0,1675,1675
36081065703,"Queens, NY (CT)",0,1101,1101,0,2597,2597
36081065900,"Queens, NY (CT)",0,735,735,0,1666,1666
36081066000,"Queens, NY (CT)",0,1028,1028,0,3233,3233
36081066100,"Queens, NY (CT)",0,662,662,0,1495,1495
36081066300,"Queens, NY (CT)",0,996,996,0,2601,2601
36081066400,"Queens, NY (CT)",0,3097,3097,0,9612,9612
36081066501,"Queens, NY (CT)",0,1494,1494,0,3275,3275
36081066701,"Queens, NY (CT)",0,1083,1083,0,2575,2575
36081066900,"Queens, NY (CT)",0,740,740,0,1706,1706
36081067100,"Queens, NY (CT)",0,868,868,0,2100,2100
36081067700,"Queens, NY (CT)",0,710,710,0,1786,1786
36081067900,"Queens, NY (CT)",0,1712,1712,0,4094,4094
36081068000,"Queens, NY (CT)",0,1566,1566,0,4708,4708
36081068200,"Queens, NY (CT)",0,390,390,0,1102,1102
36081068300,"Queens, NY (CT)",0,1608,1608,0,4210,4210
36081068700,"Queens, NY (CT)",0,1944,1944,0,4630,4630
36081069000,"Queens, NY (CT)",0,1085,1085,0,3252,3252
36081069300,"Queens, NY (CT)",0,1304,1304,0,2883,2883
36081069400,"Queens, NY (CT)",0,1096,1096,0,3314,3314
36081069500,"Queens, NY (CT)",0,882,882,0,2128,2128
36081069701,"Queens, NY (CT)",0,1742,1742,0,3616,3616
36081069702,"Queens, NY (CT)",0,1594,1594,0,3911,3911
36081070300,"Queens, NY (CT)",0,845,845,0,2010,2010
36081070700,"Queens, NY (CT)",0,988,988,0,2303,2303
36081070900,"Queens, NY (CT)",0,1097,1097,0,2483,2483
36081071100,"Queens, NY (CT)",0,2899,2899,0,5272,5272
36081071303,"Queens, NY (CT)",0,2769,2769,0,4973,4973
36081071304,"Queens, NY (CT)",0,3209,3209,0,6136,6136
36081071305,"Queens, NY (CT)",0,2538,2538,0,4871,4871
36081071306,"Queens, NY (CT)",0,2910,2910,0,5811,5811
36081071600,"Queens, NY (CT)",0,0,0,0,0,0
36081071701,"Queens, NY (CT)",0,2582,2582,0,5161,5161
36081071702,"Queens, NY (CT)",0,1943,1943,0,3921,3921
36081071900,"Queens, NY (CT)",0,1032,1032,0,2630,2630
36081072100,"Queens, NY (CT)",0,2343,2343,0,4963,4963
36081072300,"Queens, NY (CT)",0,866,866,0,2127,2127
36081072900,"Queens, NY (CT)",0,523,523,0,1363,1363
36081073100,"Queens, NY (CT)",0,588,588,0,1515,1515
36081073700,"Queens, NY (CT)",0,1208,1208,0,2042,2042
36081073900,"Queens, NY (CT)",0,2796,2796,0,5028,5028
36081074100,"Queens, NY (CT)",0,1628,1628,0,3015,3015
36081074300,"Queens, NY (CT)",0,1968,1968,0,4221,4221
36081074500,"Queens, NY (CT)",0,1597,1597,0,3571,3571
36081074700,"Queens, NY (CT)",0,1411,1411,0,3386,3386
36081074900,"Queens, NY (CT)",0,577,577,0,1453,1453
36081075701,"Queens, NY (CT)",0,2742,2742,0,4678,4678
36081075702,"Queens, NY (CT)",0,2418,2418,0,4481,4481
36081076901,"Queens, NY (CT)",0,2265,2265,0,4056,4056
36081076902,"Queens, NY (CT)",0,683,683,0,1371,1371
36081077300,"Queens, NY (CT)",0,1179,1179,0,2234,2234
36081077500,"Queens, NY (CT)",0,1098,1098,0,2273,2273
36081077902,"Queens, NY (CT)",0,1801,1801,0,5263,5263
36081077903,"Queens, NY (CT)",0,1189,1189,0,2972,2972
36081077904,"Queens, NY (CT)",0,2241,2241,0,6155,6155
36081077905,"Queens, NY (CT)",0,1206,1206,0,2455,2455
36081077906,"Queens, NY (CT)",0,1483,1483,0,3633,3633
36081077907,"Queens, NY (CT)",0,1040,1040,0,3193,3193
36081077908,"Queens, NY (CT)",0,1407,1407,0,3755,3755
36081078800,"Queens, NY (CT)",0,564,564,0,1818,1818
36081079000,"Queens, NY (CT)",0,852,852,0,2549,2549
36081079200,"Queens, NY (CT)",0,792,792,0,2280,2280
36081079300,"Queens, NY (CT)",0,1,1,0,1,1
36081079701,"Queens, NY (CT)",0,2950,2950,0,7055,7055
36081079702,"Queens, NY (CT)",0,1694,1694,0,4502,4502
36081079900,"Queens, NY (CT)",0,1137,1137,0,3425,3425
36081080301,"Queens, NY (CT)",0,1423,1423,0,4382,4382
36081080302,"Queens, NY (CT)",0,1149,1149,0,3504,3504
36081080900,"Queens, NY (CT)",0,2806,2806,0,6850,6850
36081081400,"Queens, NY (CT)",0,1107,1107,0,3543,3543
36081081800,"Queens, NY (CT)",0,1101,1101,0,3478,3478
36081083700,"Queens, NY (CT)",0,1783,1783,0,5388,5388
36081083800,"Queens, NY (CT)",0,1589,1589,0,4970,4970
36081084000,"Queens, NY (CT)",0,1971,1971,0,6478,6478
36081084500,"Queens, NY (CT)",0,2135,2135,0,5318,5318
36081084601,"Queens, NY (CT)",0,937,937,0,2730,2730
36081084602,"Queens, NY (CT)",0,265,265,0,1053,1053
36081084900,"Queens, NY (CT)",0,2697,2697,0,7642,7642
36081085300,"Queens, NY (CT)",0,2159,2159,0,5764,5764
36081085500,"Queens, NY (CT)",0,2650,2650,0,6649,6649
36081085700,"Queens, NY (CT)",0,1950,1950,0,5953,5953
36081085900,"Queens, NY (CT)",0,2169,2169,0,5873,5873
36081086100,"Queens, NY (CT)",0,889,889,0,2370,2370
36081086300,"Queens, NY (CT)",0,2726,2726,0,7277,7277
36081086400,"Queens, NY (CT)",0,842,842,0,2634,2634
36081086500,"Queens, NY (CT)",0,2255,2255,0,4514,4514
36081086900,"Queens, NY (CT)",0,804,804,0,2131,2131
36081087100,"Queens, NY (CT)",0,1580,1580,0,1752,1752
36081088400,"Queens, NY (CT)",0,3020,3020,0,7337,7337
36081088901,"Queens, NY (CT)",0,4485,4485,0,10266,10266
36081089200,"Queens, NY (CT)",0,2731,2731,0,7430,7430
36081090700,"Queens, NY (CT)",0,475,475,0,1355,1355
36081091601,"Queens, NY (CT)",0,2698,2698,0,4079,4079
36081091602,"Queens, NY (CT)",0,0,0,0,0,0
36081091800,"Queens, NY (CT)",0,9,9,0,17,17
36081091900,"Queens, NY (CT)",0,1782,1782,0,5766,5766
36081092200,"Queens, NY (CT)",0,873,873,0,2206,2206
36081092500,"Queens, NY (CT)",0,1334,1334,0,3681,3681
36081092800,"Queens, NY (CT)",0,1289,1289,0,3246,3246
36081092900,"Queens, NY (CT)",0,2325,2325,0,6496,6496
36081093401,"Queens, NY (CT)",0,1574,1574,0,3789,3789
36081093402,"Queens, NY (CT)",0,1993,1993,0,3657,3657
36081093800,"Queens, NY (CT)",0,2678,2678,0,5218,5218
36081093900,"Queens, NY (CT)",0,1644,1644,0,4400,4400
36081094201,"Queens, NY (CT)",0,1337,1337,0,3380,3380
36081094202,"Queens, NY (CT)",0,1860,1860,0,4700,4700
36081094203,"Queens, NY (CT)",0,2717,2717,0,5369,5369
36081094500,"Queens, NY (CT)",0,1460,1460,0,3971,3971
36081094700,"Queens, NY (CT)",0,863,863,0,2577,2577
36081095400,"Queens, NY (CT)",0,1919,1919,0,5368,5368
36081096400,"Queens, NY (CT)",0,1435,1435,0,4441,4441
36081097202,"Queens, NY (CT)",0,1139,1139,0,2795,2795
36081097203,"Queens, NY (CT)",0,2433,2433,0,6865,6865
36081097204,"Queens, NY (CT)",0,1151,1151,0,3544,3544
36081097300,"Queens, NY (CT)",0,760,760,0,2016,2016
36081098100,"Queens, NY (CT)",0,837,837,0,2249,2249
36081098700,"Queens, NY (CT)",0,983,983,0,2444,2444
36081099100,"Queens, NY (CT)",0,3068,3068,0,6507,6507
36081099200,"Queens, NY (CT)",0,1335,1335,0,3803,3803
36081099701,"Queens, NY (CT)",0,1284,1284,0,2670,2670
36081099703,"Queens, NY (CT)",0,2003,2003,0,3892,3892
36081099704,"Queens, NY (CT)",0,4034,4034,0,6868,6868
36081099705,"Queens, NY (CT)",0,1110,1110,0,2632,2632
36081099801,"Queens, NY (CT)",0,2573,2573,0,7608,7608
36081099802,"Queens, NY (CT)",0,2954,2954,0,5283,5283
36081099900,"Queens, NY (CT)",0,0,0,0,0,0
36081100801,"Queens, NY (CT)",0,668,668,0,2327,2327
36081100802,"Queens, NY (CT)",0,2513,2513,0,8106,8106
36081101001,"Queens, NY (CT)",0,3434,3434,0,9943,9943
36081101002,"Queens, NY (CT)",0,1720,1720,0,4138,4138
36081101700,"Queens, NY (CT)",0,2532,2532,0,5689,5689
36081102900,"Queens, NY (CT)",0,1330,1330,0,3319,3319
36081103201,"Queens, NY (CT)",0,2067,2067,0,6456,6456
36081103202,"Queens, NY (CT)",0,1876,1876,0,6197,6197
36081103300,"Queens, NY (CT)",0,1570,1570,0,4116,4116
36081103900,"Queens, NY (CT)",0,2275,2275,0,6151,6151
36081104700,"Queens, NY (CT)",0,2909,2909,0,7314,7314
36081105900,"Queens, NY (CT)",0,1339,1339,0,3556,3556
36081107201,"Queens, NY (CT)",0,1005,1005,0,2443,2443
36081107202,"Queens, NY (CT)",0,0,0,0,0,0
36081108500,"Queens, NY (CT)",0,992,992,0,2613,2613
36081109300,"Queens, NY (CT)",0,1088,1088,0,3034,3034
36081109700,"Queens, NY (CT)",0,682,682,0,1887,1887
36081109900,"Queens, NY (CT)",0,1198,1198,0,3277,3277
36081111300,"Queens, NY (CT)",0,901,901,0,2559,2559
36081112300,"Queens, NY (CT)",0,868,868,0,2102,2102
36081112900,"Queens, NY (CT)",0,943,943,0,2242,2242
36081113300,"Queens, NY (CT)",0,656,656,0,1537,1537
36081113900,"Queens, NY (CT)",0,1488,1488,0,3322,3322
36081114100,"Queens, NY (CT)",0,881,881,0,2406,2406
36081114700,"Queens, NY (CT)",0,633,633,0,1673,1673
36081115100,"Queens, NY (CT)",0,388,388,0,1116,1116
36081115500,"Queens, NY (CT)",0,730,730,0,2114,2114
36081115700,"Queens, NY (CT)",0,1306,1306,0,3388,3388
36081115900,"Queens, NY (CT)",0,1466,1466,0,3991,3991
36081116100,"Queens, NY (CT)",0,1601,1601,0,4589,4589
36081116300,"Queens, NY (CT)",0,2919,2919,0,9104,9104
36081116700,"Queens, NY (CT)",0,696,696,0,2067,2067
36081117100,"Queens, NY (CT)",0,1013,1013,0,2743,2743
36081117500,"Queens, NY (CT)",0,2011,2011,0,4990,4990
36081118100,"Queens, NY (CT)",0,729,729,0,1840,1840
36081118500,"Queens, NY (CT)",0,735,735,0,2114,2114
36081118700,"Queens, NY (CT)",0,807,807,0,2521,2521
36081118900,"Queens, NY (CT)",0,768,768,0,2468,2468
36081119100,"Queens, NY (CT)",0,1153,1153,0,3273,3273
36081119300,"Queens, NY (CT)",0,799,799,0,2252,2252
36081119500,"Queens, NY (CT)",0,463,463,0,1349,1349
36081119900,"Queens, NY (CT)",0,500,500,0,1507,1507
36081120100,"Queens, NY (CT)",0,507,507,0,1668,1668
36081120300,"Queens, NY (CT)",0,524,524,0,1642,1642
36081120500,"Queens, NY (CT)",0,1057,1057,0,3024,3024
36081120700,"Queens, NY (CT)",0,929,929,0,2794,2794
36081121100,"Queens, NY (CT)",0,0,0,0,0,0
36081121500,"Queens, NY (CT)",0,1369,1369,0,4101,4101
36081122300,"Queens, NY (CT)",0,1232,1232,0,3533,3533
36081122701,"Queens, NY (CT)",0,4421,4421,0,10910,10910
36081122702,"Queens, NY (CT)",0,2788,2788,0,6427,6427
36081124100,"Queens, NY (CT)",0,1337,1337,0,3897,3897
36081124700,"Queens, NY (CT)",0,1205,1205,0,3550,3550
36081125700,"Queens, NY (CT)",0,1064,1064,0,3203,3203
36081126500,"Queens, NY (CT)",0,594,594,0,1660,1660
36081126700,"Queens, NY (CT)",0,717,717,0,4057,4057
36081127700,"Queens, NY (CT)",0,1191,1191,0,3633,3633
36081128300,"Queens, NY (CT)",0,48,48,0,73,73
36081129102,"Queens, NY (CT)",0,1274,1274,0,3341,3341
36081129103,"Queens, NY (CT)",0,2040,2040,0,3566,3566
36081129104,"Queens, NY (CT)",0,1931,1931,0,4102,4102
36081130100,"Queens, NY (CT)",0,1607,1607,0,3791,3791
36081133300,"Queens, NY (CT)",0,1369,1369,0,3679,3679
36081133900,"Queens, NY (CT)",0,446,446,0,1302,1302
36081134100,"Queens, NY (CT)",0,1091,1091,0,3259,3259
36081134700,"Queens, NY (CT)",0,3964,3964,0,9572,9572
36081136700,"Queens, NY (CT)",0,2470,2470,0,5879,5879
36081137700,"Queens, NY (CT)",0,2423,2423,0,6606,6606
36081138501,"Queens, NY (CT)",0,1526,1526,0,4743,4743
36081138502,"Queens, NY (CT)",0,0,0,0,72,72
36081139900,"Queens, NY (CT)",0,578,578,0,1744,1744
36081140300,"Queens, NY (CT)",0,806,806,0,2302,2302
36081140901,"Queens, NY (CT)",0,309,309,0,914,914
36081140902,"Queens, NY (CT)",0,890,890,0,2603,2603
36081141700,"Queens, NY (CT)",0,1553,1553,0,4475,4475
36081142900,"Queens, NY (CT)",0,1295,1295,0,3624,3624
36081143500,"Queens, NY (CT)",0,750,750,0,2199,2199
36081144100,"Queens, NY (CT)",0,1218,1218,0,2926,2926
36081144700,"Queens, NY (CT)",0,1009,1009,0,2927,2927
36081145101,"Queens, NY (CT)",0,489,489,0,1360,1360
36081145102,"Queens, NY (CT)",0,827,827,0,2468,2468
36081145900,"Queens, NY (CT)",0,981,981,0,2772,2772
36081146300,"Queens, NY (CT)",0,1042,1042,0,3000,3000
36081146700,"Queens, NY (CT)",0,1318,1318,0,2736,2736
36081147100,"Queens, NY (CT)",0,1382,1382,0,3341,3341
36081147900,"Queens, NY (CT)",0,1769,1769,0,4241,4241
36081148300,"Queens, NY (CT)",0,1075,1075,0,2863,2863
36081150701,"Queens, NY (CT)",0,1116,1116,0,2930,2930
36081150702,"Queens, NY (CT)",0,1275,1275,0,3178,3178
36081152901,"Queens, NY (CT)",0,2635,2635,0,6401,6401
36081152902,"Queens, NY (CT)",0,2274,2274,0,5126,5126
36081155101,"Queens, NY (CT)",0,1852,1852,0,1806,1806
36081155102,"Queens, NY (CT)",0,3567,3567,0,8185,8185
36081156700,"Queens, NY (CT)",0,266,266,0,1790,1790
36081157101,"Queens, NY (CT)",0,2548,2548,0,7216,7216
36081157102,"Queens, NY (CT)",0,600,600,0,1996,1996
36081157901,"Queens, NY (CT)",0,1803,1803,0,4800,4800
36081157902,"Queens, NY (CT)",0,1136,1136,0,3836,3836
36081157903,"Queens, NY (CT)",0,1390,1390,0,3944,3944
36081161700,"Queens, NY (CT)",0,1523,1523,0,4297,4297
36081162100,"Queens, NY (CT)",0,2134,2134,0,6197,6197
36081990100,"Queens, NY (CT)",0,0,0,0,0,0
36083040100,"Rensselaer, NY (CT)",0,1981,1981,0,4582,4582
36083040200,"Rensselaer, NY (CT)",0,2257,2257,0,4182,4182
36083040300,"Rensselaer, NY (CT)",0,1471,1471,0,3069,3069
36083040400,"Rensselaer, NY (CT)",0,1123,1123,0,2432,2432
36083040500,"Rensselaer, NY (CT)",0,966,966,0,2125,2125
36083040600,"Rensselaer, NY (CT)",0,810,810,0,2546,2546
36083040700,"Rensselaer, NY (CT)",0,2952,2952,0,5001,5001
36083040800,"Rensselaer, NY (CT)",0,1099,1099,0,1696,1696
36083040900,"Rensselaer, NY (CT)",0,1511,1511,0,2901,2901
36083041000,"Rensselaer, NY (CT)",0,1857,1857,0,3827,3827
36083041100,"Rensselaer, NY (CT)",0,2441,2441,0,5423,5423
36083041200,"Rensselaer, NY (CT)",0,1425,1425,0,3165,3165
36083041300,"Rensselaer, NY (CT)",0,1532,1532,0,5633,5633
36083041400,"Rensselaer, NY (CT)",0,2049,2049,0,3547,3547
36083051500,"Rensselaer, NY (CT)",0,1395,1395,0,2628,2628
36083051600,"Rensselaer, NY (CT)",0,3300,3300,0,6764,6764
36083051701,"Rensselaer, NY (CT)",1416,34,1450,3332,91,3423
36083051702,"Rensselaer, NY (CT)",0,1620,1620,0,3501,3501
36083051800,"Rensselaer, NY (CT)",2319,0,2319,5735,0,5735
36083051901,"Rensselaer, NY (CT)",1409,215,1624,3504,464,3968
36083051902,"Rensselaer, NY (CT)",598,818,1416,1559,2152,3711
36083052002,"Rensselaer, NY (CT)",682,0,682,1680,0,1680
36083052003,"Rensselaer, NY (CT)",516,1312,1828,1182,3074,4256
36083052004,"Rensselaer, NY (CT)",437,2332,2769,901,5104,6005
36083052101,"Rensselaer, NY (CT)",1188,0,1188,2130,0,2130
36083052102,"Rensselaer, NY (CT)",736,0,736,1525,0,1525
36083052103,"Rensselaer, NY (CT)",1100,0,1100,1880,0,1880
36083052201,"Rensselaer, NY (CT)",1255,510,1765,3243,1287,4530
36083052203,"Rensselaer, NY (CT)",1119,1457,2576,2470,3530,6000
36083052204,"Rensselaer, NY (CT)",649,448,1097,1555,975,2530
36083052301,"Rensselaer, NY (CT)",379,1231,1610,1028,2841,3869
36083052303,"Rensselaer, NY (CT)",0,528,528,0,1227,1227
36083052304,"Rensselaer, NY (CT)",9,2956,2965,22,6957,6979
36083052402,"Rensselaer, NY (CT)",716,60,776,1828,377,2205
36083052403,"Rensselaer, NY (CT)",19,3153,3172,46,6881,6927
36083052404,"Rensselaer, NY (CT)",95,2963,3058,246,7095,7341
36083052501,"Rensselaer, NY (CT)",1240,1336,2576,2963,3327,6290
36083052502,"Rensselaer, NY (CT)",1811,340,2151,4243,724,4967
36083052503,"Rensselaer, NY (CT)",0,619,619,0,1473,1473
36083052601,"Rensselaer, NY (CT)",1547,117,1664,3537,183,3720
36083052602,"Rensselaer, NY (CT)",535,0,535,1133,0,1133
36083052603,"Rensselaer, NY (CT)",1482,0,1482,2903,0,2903
36085000300,"Richmond, NY (CT)",0,1199,1199,0,1927,1927
36085000600,"Richmond, NY (CT)",0,1336,1336,0,2408,2408
36085000700,"Richmond, NY (CT)",0,2308,2308,0,4915,4915
36085000800,"Richmond, NY (CT)",0,2009,2009,0,5583,5583
36085000900,"Richmond, NY (CT)",0,907,907,0,2112,2112
36085001100,"Richmond, NY (CT)",0,1431,1431,0,3987,3987
36085001700,"Richmond, NY (CT)",0,649,649,0,1788,1788
36085001800,"Richmond, NY (CT)",0,316,316,0,731,731
36085002001,"Richmond, NY (CT)",0,1075,1075,0,2504,2504
36085002002,"Richmond, NY (CT)",0,1325,1325,0,3258,3258
36085002100,"Richmond, NY (CT)",0,1544,1544,0,4236,4236
36085002700,"Richmond, NY (CT)",0,505,505,0,2217,2217
36085002900,"Richmond, NY (CT)",0,1904,1904,0,5207,5207
36085003300,"Richmond, NY (CT)",0,1450,1450,0,3402,3402
36085003600,"Richmond, NY (CT)",0,864,864,0,2510,2510
36085003900,"Richmond, NY (CT)",0,995,995,0,2197,2197
36085004000,"Richmond, NY (CT)",0,4524,4524,0,12998,12998
36085004700,"Richmond, NY (CT)",0,1212,1212,0,3863,3863
36085005000,"Richmond, NY (CT)",0,1508,1508,0,3847,3847
36085005900,"Richmond, NY (CT)",0,1194,1194,0,2635,2635
36085006400,"Richmond, NY (CT)",0,1313,1313,0,3550,3550
36085006700,"Richmond, NY (CT)",0,1212,1212,0,2758,2758
36085007000,"Richmond, NY (CT)",0,2944,2944,0,8525,8525
36085007400,"Richmond, NY (CT)",0,1785,1785,0,4693,4693
36085007500,"Richmond, NY (CT)",0,1302,1302,0,3914,3914
36085007700,"Richmond, NY (CT)",0,568,568,0,1535,1535
36085008100,"Richmond, NY (CT)",0,1874,1874,0,4301,4301
36085008900,"Richmond, NY (CT)",0,0,0,0,0,0
36085009601,"Richmond, NY (CT)",0,1587,1587,0,4024,4024
36085009602,"Richmond, NY (CT)",0,1437,1437,0,3461,3461
36085009700,"Richmond, NY (CT)",0,1443,1443,0,3925,3925
36085010500,"Richmond, NY (CT)",0,1862,1862,0,5153,5153
36085011201,"Richmond, NY (CT)",0,2185,2185,0,5758,5758
36085011202,"Richmond, NY (CT)",0,2427,2427,0,6428,6428
36085011401,"Richmond, NY (CT)",0,1373,1373,0,3067,3067
36085011402,"Richmond, NY (CT)",0,1407,1407,0,3450,3450
36085012100,"Richmond, NY (CT)",0,1178,1178,0,3065,3065
36085012200,"Richmond, NY (CT)",0,1536,1536,0,3813,3813
36085012500,"Richmond, NY (CT)",0,1029,1029,0,2939,2939
36085012804,"Richmond, NY (CT)",0,1702,1702,0,4259,4259
36085012805,"Richmond, NY (CT)",0,1154,1154,0,3158,3158
36085012806,"Richmond, NY (CT)",0,2569,2569,0,5955,5955
36085013201,"Richmond, NY (CT)",0,599,599,0,1558,1558
36085013203,"Richmond, NY (CT)",0,2147,2147,0,5433,5433
36085013204,"Richmond, NY (CT)",0,1918,1918,0,4843,4843
36085013301,"Richmond, NY (CT)",0,635,635,0,1633,1633
36085013302,"Richmond, NY (CT)",0,1100,1100,0,3587,3587
36085013400,"Richmond, NY (CT)",0,1606,1606,0,3946,3946
36085013800,"Richmond, NY (CT)",0,2458,2458,0,6535,6535
36085014100,"Richmond, NY (CT)",0,976,976,0,2690,2690
36085014604,"Richmond, NY (CT)",0,2628,2628,0,6422,6422
36085014605,"Richmond, NY (CT)",0,1422,1422,0,3836,3836
36085014606,"Richmond, NY (CT)",0,2429,2429,0,6372,6372
36085014607,"Richmond, NY (CT)",0,1701,1701,0,4552,4552
36085014608,"Richmond, NY (CT)",0,1274,1274,0,3510,3510
36085014700,"Richmond, NY (CT)",0,1524,1524,0,3412,3412
36085015100,"Richmond, NY (CT)",0,2087,2087,0,5141,5141
36085015400,"Richmond, NY (CT)",0,0,0,0,0,0
36085015601,"Richmond, NY (CT)",0,2504,2504,0,6330,6330
36085015602,"Richmond, NY (CT)",0,1206,1206,0,3320,3320
36085015603,"Richmond, NY (CT)",0,1727,1727,0,4265,4265
36085016901,"Richmond, NY (CT)",0,1146,1146,0,2970,2970
36085017005,"Richmond, NY (CT)",0,1745,1745,0,4507,4507
36085017007,"Richmond, NY (CT)",0,1737,1737,0,4968,4968
36085017008,"Richmond, NY (CT)",0,2690,2690,0,7388,7388
36085017009,"Richmond, NY (CT)",0,1675,1675,0,4299,4299
36085017010,"Richmond, NY (CT)",0,3097,3097,0,8583,8583
36085017011,"Richmond, NY (CT)",0,1822,1822,0,4549,4549
36085017012,"Richmond, NY (CT)",0,1723,1723,0,4279,4279
36085017300,"Richmond, NY (CT)",0,962,962,0,2523,2523
36085017600,"Richmond, NY (CT)",0,1760,1760,0,4815,4815
36085017700,"Richmond, NY (CT)",0,2528,2528,0,7001,7001
36085018100,"Richmond, NY (CT)",0,1067,1067,0,2974,2974
36085018701,"Richmond, NY (CT)",0,662,662,0,1807,1807
36085018702,"Richmond, NY (CT)",0,2365,2365,0,7485,7485
36085018901,"Richmond, NY (CT)",0,2099,2099,0,5333,5333
36085018902,"Richmond, NY (CT)",0,1795,1795,0,5064,5064
36085019700,"Richmond, NY (CT)",0,723,723,0,1867,1867
36085019800,"Richmond, NY (CT)",0,2352,2352,0,6300,6300
36085020100,"Richmond, NY (CT)",0,1291,1291,0,3572,3572
36085020700,"Richmond, NY (CT)",0,2006,2006,0,6399,6399
36085020801,"Richmond, NY (CT)",0,3321,3321,0,8977,8977
36085020803,"Richmond, NY (CT)",0,2344,2344,0,6463,6463
36085020804,"Richmond, NY (CT)",0,2029,2029,0,5323,5323
36085021300,"Richmond, NY (CT)",0,1691,1691,0,5376,5376
36085022300,"Richmond, NY (CT)",0,936,936,0,2880,2880
36085022600,"Richmond, NY (CT)",0,2780,2780,0,8490,8490
36085022800,"Richmond, NY (CT)",0,36,36,0,105,105
36085023100,"Richmond, NY (CT)",0,1536,1536,0,4683,4683
36085023900,"Richmond, NY (CT)",0,1092,1092,0,3250,3250
36085024401,"Richmond, NY (CT)",0,2142,2142,0,5823,5823
36085024402,"Richmond, NY (CT)",0,1689,1689,0,4259,4259
36085024700,"Richmond, NY (CT)",0,989,989,0,2702,2702
36085024800,"Richmond, NY (CT)",0,1778,1778,0,4741,4741
36085025100,"Richmond, NY (CT)",0,2201,2201,0,5714,5714
36085027301,"Richmond, NY (CT)",0,1559,1559,0,3820,3820
36085027302,"Richmond, NY (CT)",0,1310,1310,0,3667,3667
36085027702,"Richmond, NY (CT)",0,3002,3002,0,6193,6193
36085027704,"Richmond, NY (CT)",0,1576,1576,0,4108,4108
36085027705,"Richmond, NY (CT)",0,2004,2004,0,5351,5351
36085027706,"Richmond, NY (CT)",0,1188,1188,0,2950,2950
36085027900,"Richmond, NY (CT)",0,730,730,0,2137,2137
36085029102,"Richmond, NY (CT)",0,1012,1012,0,2953,2953
36085029103,"Richmond, NY (CT)",0,2818,2818,0,7245,7245
36085029104,"Richmond, NY (CT)",0,2411,2411,0,6735,6735
36085030301,"Richmond, NY (CT)",0,1832,1832,0,4929,4929
36085030302,"Richmond, NY (CT)",0,2020,2020,0,6369,6369
36085031901,"Richmond, NY (CT)",0,1101,1101,0,3265,3265
36085031902,"Richmond, NY (CT)",0,1729,1729,0,4848,4848
36085032300,"Richmond, NY (CT)",0,472,472,0,1250,1250
36085990100,"Richmond, NY (CT)",0,0,0,0,0,0
36087010101,"Rockland, NY (CT)",417,1550,1967,1213,4600,5813
36087010102,"Rockland, NY (CT)",0,1842,1842,0,4773,4773
36087010200,"Rockland, NY (CT)",0,1760,1760,0,4473,4473
36087010501,"Rockland, NY (CT)",0,1661,1661,0,5080,5080
36087010502,"Rockland, NY (CT)",0,2997,2997,0,6871,6871
36087010503,"Rockland, NY (CT)",118,766,884,267,2132,2399
36087010601,"Rockland, NY (CT)",0,1341,1341,0,3786,3786
36087010602,"Rockland, NY (CT)",0,2328,2328,0,6588,6588
36087010701,"Rockland, NY (CT)",0,1312,1312,0,4079,4079
36087010702,"Rockland, NY (CT)",0,1144,1144,0,4309,4309
36087010703,"Rockland, NY (CT)",0,1142,1142,0,3522,3522
36087010801,"Rockland, NY (CT)",0,1491,1491,0,4385,4385
36087010802,"Rockland, NY (CT)",0,1782,1782,0,5316,5316
36087010803,"Rockland, NY (CT)",0,1987,1987,0,5588,5588
36087010804,"Rockland, NY (CT)",0,1369,1369,0,4082,4082
36087010901,"Rockland, NY (CT)",0,1608,1608,0,4755,4755
36087010902,"Rockland, NY (CT)",0,1521,1521,0,4117,4117
36087011000,"Rockland, NY (CT)",0,784,784,0,2063,2063
36087011101,"Rockland, NY (CT)",0,2065,2065,0,5873,5873
36087011102,"Rockland, NY (CT)",0,2554,2554,0,5895,5895
36087011200,"Rockland, NY (CT)",0,2150,2150,0,6325,6325
36087011301,"Rockland, NY (CT)",0,2430,2430,0,7348,7348
36087011302,"Rockland, NY (CT)",0,1833,1833,0,5486,5486
36087011303,"Rockland, NY (CT)",0,2324,2324,0,5432,5432
36087011401,"Rockland, NY (CT)",0,1396,1396,0,4134,4134
36087011403,"Rockland, NY (CT)",0,1932,1932,0,5445,5445
36087011404,"Rockland, NY (CT)",0,1810,1810,0,4003,4003
36087011405,"Rockland, NY (CT)",0,1278,1278,0,3940,3940
36087011501,"Rockland, NY (CT)",68,2091,2159,232,7774,8006
36087011502,"Rockland, NY (CT)",0,2055,2055,0,7629,7629
36087011504,"Rockland, NY (CT)",0,1906,1906,0,7333,7333
36087011505,"Rockland, NY (CT)",0,647,647,0,3274,3274
36087011506,"Rockland, NY (CT)",0,761,761,0,4258,4258
36087011601,"Rockland, NY (CT)",99,981,1080,256,2989,3245
36087011602,"Rockland, NY (CT)",0,2169,2169,0,5946,5946
36087011603,"Rockland, NY (CT)",0,1892,1892,0,5484,5484
36087011700,"Rockland, NY (CT)",0,1093,1093,0,3013,3013
36087011800,"Rockland, NY (CT)",91,249,340,268,683,951
36087011901,"Rockland, NY (CT)",0,1391,1391,0,3831,3831
36087011902,"Rockland, NY (CT)",0,1526,1526,0,3140,3140
36087012000,"Rockland, NY (CT)",0,1962,1962,0,3752,3752
36087012101,"Rockland, NY (CT)",0,1230,1230,0,5521,5521
36087012102,"Rockland, NY (CT)",0,1499,1499,0,7481,7481
36087012103,"Rockland, NY (CT)",0,1176,1176,0,5318,5318
36087012105,"Rockland, NY (CT)",0,1001,1001,0,5060,5060
36087012106,"Rockland, NY (CT)",0,815,815,0,3891,3891
36087012202,"Rockland, NY (CT)",0,1975,1975,0,5993,5993
36087012203,"Rockland, NY (CT)",0,953,953,0,3313,3313
36087012204,"Rockland, NY (CT)",0,760,760,0,3482,3482
36087012300,"Rockland, NY (CT)",0,1478,1478,0,6127,6127
36087012401,"Rockland, NY (CT)",0,2000,2000,0,4981,4981
36087012402,"Rockland, NY (CT)",0,1464,1464,0,5258,5258
36087012501,"Rockland, NY (CT)",0,1442,1442,0,5163,5163
36087012502,"Rockland, NY (CT)",0,1980,1980,0,5145,5145
36087012600,"Rockland, NY (CT)",0,2203,2203,0,6086,6086
36087012700,"Rockland, NY (CT)",0,1781,1781,0,4275,4275
36087012800,"Rockland, NY (CT)",0,2286,2286,0,6767,6767
36087013001,"Rockland, NY (CT)",0,789,789,0,3008,3008
36087013002,"Rockland, NY (CT)",0,1829,1829,0,5581,5581
36087013003,"Rockland, NY (CT)",0,1065,1065,0,3347,3347
36087013100,"Rockland, NY (CT)",0,3111,3111,0,6075,6075
36087013200,"Rockland, NY (CT)",0,1292,1292,0,3510,3510
36087013300,"Rockland, NY (CT)",0,1340,1340,0,2510,2510
36087013401,"Rockland, NY (CT)",0,1529,1529,0,4257,4257
36087013402,"Rockland, NY (CT)",0,1386,1386,0,3796,3796
36089490100,"St. Lawrence, NY (CT)",144,1437,1581,329,3052,3381
36089490200,"St. Lawrence, NY (CT)",28,1682,1710,60,3775,3835
36089490300,"St. Lawrence, NY (CT)",894,1709,2603,1844,3823,5667
36089490400,"St. Lawrence, NY (CT)",1244,259,1503,2603,542,3145
36089490500,"St. Lawrence, NY (CT)",1888,0,1888,4001,0,4001
36089490600,"St. Lawrence, NY (CT)",2008,34,2042,4601,67,4668
36089490700,"St. Lawrence, NY (CT)",2783,0,2783,6177,0,6177
36089490800,"St. Lawrence, NY (CT)",677,901,1578,1575,1958,3533
36089490900,"St. Lawrence, NY (CT)",327,1400,1727,742,2733,3475
36089491000,"St. Lawrence, NY (CT)",1902,151,2053,4414,317,4731
36089491100,"St. Lawrence, NY (CT)",0,57,57,0,2141,2141
36089491200,"St. Lawrence, NY (CT)",0,19,19,0,2161,2161
36089491300,"St. Lawrence, NY (CT)",1773,0,1773,4102,0,4102
36089491400,"St. Lawrence, NY (CT)",49,1508,1557,109,4875,4984
36089491500,"St. Lawrence, NY (CT)",0,1785,1785,0,3761,3761
36089491600,"St. Lawrence, NY (CT)",0,1014,1014,0,2383,2383
36089491700,"St. Lawrence, NY (CT)",1908,90,1998,4072,325,4397
36089491800,"St. Lawrence, NY (CT)",1961,0,1961,4540,0,4540
36089491900,"St. Lawrence, NY (CT)",0,2,2,0,1457,1457
36089492000,"St. Lawrence, NY (CT)",1019,1177,2196,2518,2781,5299
36089492100,"St. Lawrence, NY (CT)",810,649,1459,1988,2251,4239
36089492300,"St. Lawrence, NY (CT)",3908,0,3908,6178,0,6178
36089492400,"St. Lawrence, NY (CT)",1591,0,1591,2903,0,2903
36089492500,"St. Lawrence, NY (CT)",2800,0,2800,2693,0,2693
36089492600,"St. Lawrence, NY (CT)",3048,76,3124,5882,178,6060
36089492700,"St. Lawrence, NY (CT)",901,1840,2741,3117,3968,7085
36089492800,"St. Lawrence, NY (CT)",2733,0,2733,2880,0,2880
36089492900,"St. Lawrence, NY (CT)",1947,0,1947,2068,0,2068
36091060101,"Saratoga, NY (CT)",1063,1219,2282,3150,3049,6199
36091060102,"Saratoga, NY (CT)",393,1587,1980,994,4017,5011
36091060200,"Saratoga, NY (CT)",0,1691,1691,0,3518,3518
36091060300,"Saratoga, NY (CT)",1655,206,1861,3433,539,3972
36091060400,"Saratoga, NY (CT)",0,1155,1155,0,2559,2559
36091060501,"Saratoga, NY (CT)",1059,0,1059,2048,0,2048
36091060502,"Saratoga, NY (CT)",3276,0,3276,2070,0,2070
36091060503,"Saratoga, NY (CT)",1056,0,1056,1995,0,1995
36091060601,"Saratoga, NY (CT)",928,332,1260,2034,681,2715
36091060602,"Saratoga, NY (CT)",2096,89,2185,4871,189,5060
36091060701,"Saratoga, NY (CT)",1467,1646,3113,3497,3581,7078
36091060702,"Saratoga, NY (CT)",178,3556,3734,223,8872,9095
36091060800,"Saratoga, NY (CT)",1925,0,1925,5087,0,5087
36091060901,"Saratoga, NY (CT)",1606,199,1805,3650,243,3893
36091060902,"Saratoga, NY (CT)",827,0,827,1781,0,1781
36091061000,"Saratoga, NY (CT)",0,2858,2858,0,4085,4085
36091061100,"Saratoga, NY (CT)",29,2789,2818,55,5269,5324
36091061200,"Saratoga, NY (CT)",0,2801,2801,0,5130,5130
36091061301,"Saratoga, NY (CT)",388,1183,1571,1037,2508,3545
36091061302,"Saratoga, NY (CT)",135,2752,2887,223,6365,6588
36091061303,"Saratoga, NY (CT)",0,1,1,0,1914,1914
36091061401,"Saratoga, NY (CT)",1050,928,1978,2566,2433,4999
36091061403,"Saratoga, NY (CT)",117,2361,2478,278,5652,5930
36091061404,"Saratoga, NY (CT)",82,1047,1129,225,2875,3100
36091061500,"Saratoga, NY (CT)",2016,0,2016,3545,0,3545
36091061600,"Saratoga, NY (CT)",1072,538,1610,2798,1335,4133
36091061701,"Saratoga, NY (CT)",1109,632,1741,2782,1585,4367
36091061702,"Saratoga, NY (CT)",688,1053,1741,1742,2529,4271
36091061800,"Saratoga, NY (CT)",0,2504,2504,0,5684,5684
36091061901,"Saratoga, NY (CT)",1322,2879,4201,2719,6258,8977
36091061903,"Saratoga, NY (CT)",413,2207,2620,950,4838,5788
36091062000,"Saratoga, NY (CT)",1260,1504,2764,3075,3543,6618
36091062100,"Saratoga, NY (CT)",0,716,716,0,1669,1669
36091062200,"Saratoga, NY (CT)",0,1519,1519,0,3059,3059
36091062300,"Saratoga, NY (CT)",0,1016,1016,0,2137,2137
36091062403,"Saratoga, NY (CT)",138,2939,3077,293,6213,6506
36091062404,"Saratoga, NY (CT)",422,322,744,1060,650,1710
36091062405,"Saratoga, NY (CT)",0,3180,3180,0,6403,6403
36091062406,"Saratoga, NY (CT)",0,1553,1553,0,3684,3684
36091062501,"Saratoga, NY (CT)",44,1822,1866,95,5143,5238
36091062503,"Saratoga, NY (CT)",0,2216,2216,0,5701,5701
36091062505,"Saratoga, NY (CT)",694,596,1290,1674,1558,3232
36091062506,"Saratoga, NY (CT)",4,2146,2150,7,5366,5373
36091062507,"Saratoga, NY (CT)",541,1135,1676,1341,2192,3533
36091062508,"Saratoga, NY (CT)",0,1895,1895,0,4554,4554
36091062509,"Saratoga, NY (CT)",0,1484,1484,0,3101,3101
36091062601,"Saratoga, NY (CT)",492,440,932,1320,1160,2480
36091062602,"Saratoga, NY (CT)",1008,1510,2518,2620,4105,6725
36091062700,"Saratoga, NY (CT)",281,2561,2842,560,5873,6433
36091062800,"Saratoga, NY (CT)",0,1055,1055,0,1990,1990
36093020101,"Schenectady, NY (CT)",0,1269,1269,0,2294,2294
36093020102,"Schenectady, NY (CT)",0,1140,1140,0,2833,2833
36093020200,"Schenectady, NY (CT)",0,1227,1227,0,2596,2596
36093020300,"Schenectady, NY (CT)",0,673,673,0,1683,1683
36093020500,"Schenectady, NY (CT)",0,2104,2104,0,4559,4559
36093020600,"Schenectady, NY (CT)",0,1317,1317,0,2782,2782
36093020700,"Schenectady, NY (CT)",0,2163,2163,0,5513,5513
36093020800,"Schenectady, NY (CT)",0,1951,1951,0,4060,4060
36093020900,"Schenectady, NY (CT)",0,1517,1517,0,3710,3710
36093021001,"Schenectady, NY (CT)",0,456,456,0,1517,1517
36093021002,"Schenectady, NY (CT)",0,1327,1327,0,2341,2341
36093021200,"Schenectady, NY (CT)",0,1388,1388,0,2999,2999
36093021400,"Schenectady, NY (CT)",0,1629,1629,0,3405,3405
36093021500,"Schenectady, NY (CT)",0,1295,1295,0,3052,3052
36093021600,"Schenectady, NY (CT)",0,1608,1608,0,3734,3734
36093021700,"Schenectady, NY (CT)",0,1745,1745,0,4102,4102
36093021800,"Schenectady, NY (CT)",0,3330,3330,0,6779,6779
36093031900,"Schenectady, NY (CT)",0,3178,3178,0,7442,7442
36093032000,"Schenectady, NY (CT)",0,2724,2724,0,6447,6447
36093032101,"Schenectady, NY (CT)",0,2209,2209,0,5703,5703
36093032102,"Schenectady, NY (CT)",0,737,737,0,1811,1811
36093032200,"Schenectady, NY (CT)",0,2258,2258,0,4935,4935
36093032300,"Schenectady, NY (CT)",0,1261,1261,0,2794,2794
36093032402,"Schenectady, NY (CT)",0,1397,1397,0,3081,3081
36093032403,"Schenectady, NY (CT)",0,935,935,0,2110,2110
36093032404,"Schenectady, NY (CT)",414,2429,2843,947,5790,6737
36093032502,"Schenectady, NY (CT)",0,1406,1406,0,3535,3535
36093032503,"Schenectady, NY (CT)",4,1646,1650,16,4021,4037
36093032504,"Schenectady, NY (CT)",871,64,935,2079,172,2251
36093032601,"Schenectady, NY (CT)",0,819,819,0,2064,2064
36093032602,"Schenectady, NY (CT)",697,1358,2055,1645,2360,4005
36093032700,"Schenectady, NY (CT)",0,1691,1691,0,3742,3742
36093032901,"Schenectady, NY (CT)",0,1655,1655,0,3933,3933
36093032902,"Schenectady, NY (CT)",0,1854,1854,0,4393,4393
36093033002,"Schenectady, NY (CT)",0,854,854,0,2303,2303
36093033003,"Schenectady, NY (CT)",0,1766,1766,0,3602,3602
36093033004,"Schenectady, NY (CT)",0,1302,1302,0,2852,2852
36093033101,"Schenectady, NY (CT)",748,126,874,1811,304,2115
36093033102,"Schenectady, NY (CT)",2533,0,2533,6122,0,6122
36093033200,"Schenectady, NY (CT)",0,1620,1620,0,3429,3429
36093033300,"Schenectady, NY (CT)",0,1007,1007,0,2200,2200
36093033400,"Schenectady, NY (CT)",0,920,920,0,3150,3150
36093033500,"Schenectady, NY (CT)",0,1574,1574,0,1975,1975
36095740100,"Schoharie, NY (CT)",2441,0,2441,5281,0,5281
36095740200,"Schoharie, NY (CT)",926,1764,2690,2018,3341,5359
36095740300,"Schoharie, NY (CT)",0,1,1,0,1266,1266
36095740400,"Schoharie, NY (CT)",2522,0,2522,5557,0,5557
36095740500,"Schoharie, NY (CT)",1694,483,2177,2747,1011,3758
36095740600,"Schoharie, NY (CT)",2195,0,2195,3229,0,3229
36095740700,"Schoharie, NY (CT)",2526,0,2526,5285,0,5285
36095740800,"Schoharie, NY (CT)",2679,0,2679,3014,0,3014
36097950100,"Schuyler, NY (CT)",2619,0,2619,4940,0,4940
36097950200,"Schuyler, NY (CT)",684,209,893,1332,375,1707
36097950300,"Schuyler, NY (CT)",1939,0,1939,3206,0,3206
36097950400,"Schuyler, NY (CT)",913,866,1779,2076,1788,3864
36097950500,"Schuyler, NY (CT)",1554,671,2225,3332,1294,4626
36099950100,"Seneca, NY (CT)",1027,0,1027,2452,0,2452
36099950200,"Seneca, NY (CT)",177,1011,1188,348,2209,2557
36099950300,"Seneca, NY (CT)",310,1352,1662,617,2970,3587
36099950400,"Seneca, NY (CT)",139,1292,1431,312,2584,2896
36099950500,"Seneca, NY (CT)",301,1289,1590,715,3202,3917
36099950600,"Seneca, NY (CT)",502,1294,1796,1142,2583,3725
36099950700,"Seneca, NY (CT)",1408,476,1884,2903,1026,3929
36099950800,"Seneca, NY (CT)",1989,0,1989,6173,0,6173
36099950900,"Seneca, NY (CT)",2192,0,2192,3861,0,3861
36099951000,"Seneca, NY (CT)",1284,0,1284,2154,0,2154
36101960100,"Steuben, NY (CT)",1238,0,1238,1285,0,1285
36101960200,"Steuben, NY (CT)",2159,0,2159,3345,0,3345
36101960300,"Steuben, NY (CT)",1232,0,1232,2561,0,2561
36101960400,"Steuben, NY (CT)",2009,0,2009,4102,0,4102
36101960500,"Steuben, NY (CT)",1374,6,1380,2836,14,2850
36101960600,"Steuben, NY (CT)",833,1159,1992,1731,2421,4152
36101960700,"Steuben, NY (CT)",0,1540,1540,0,2953,2953
36101960800,"Steuben, NY (CT)",0,1321,1321,0,3048,3048
36101960900,"Steuben, NY (CT)",0,1180,1180,0,2561,2561
36101961000,"Steuben, NY (CT)",1857,0,1857,3731,0,3731
36101961100,"Steuben, NY (CT)",928,1281,2209,1721,2895,4616
36101961200,"Steuben, NY (CT)",0,1876,1876,0,3665,3665
36101961300,"Steuben, NY (CT)",1466,271,1737,3534,564,4098
36101961400,"Steuben, NY (CT)",1506,0,1506,2343,0,2343
36101961500,"Steuben, NY (CT)",1665,0,1665,1896,0,1896
36101961600,"Steuben, NY (CT)",719,0,719,1706,0,1706
36101961700,"Steuben, NY (CT)",1338,122,1460,3129,277,3406
36101961800,"Steuben, NY (CT)",1619,0,1619,3421,0,3421
36101961900,"Steuben, NY (CT)",1702,0,1702,3391,0,3391
36101962000,"Steuben, NY (CT)",2402,0,2402,4437,0,4437
36101962100,"Steuben, NY (CT)",1466,0,1466,3192,0,3192
36101962200,"Steuben, NY (CT)",1159,0,1159,2595,0,2595
36101962300,"Steuben, NY (CT)",592,2931,3523,1331,6706,8037
36101962400,"Steuben, NY (CT)",0,1447,1447,0,3035,3035
36101962500,"Steuben, NY (CT)",0,1204,1204,0,2427,2427
36101962600,"Steuben, NY (CT)",0,1145,1145,0,2322,2322
36101962700,"Steuben, NY (CT)",0,1723,1723,0,3399,3399
36101962800,"Steuben, NY (CT)",762,772,1534,1806,1737,3543
36101962900,"Steuben, NY (CT)",621,552,1173,1522,1205,2727
36101963000,"Steuben, NY (CT)",1698,0,1698,4146,0,4146
36103110101,"Suffolk, NY (CT)",604,658,1262,1674,1986,3660
36103110102,"Suffolk, NY (CT)",0,1809,1809,0,5070,5070
36103110200,"Suffolk, NY (CT)",0,2210,2210,0,5021,5021
36103110300,"Suffolk, NY (CT)",0,2091,2091,0,4822,4822
36103110401,"Suffolk, NY (CT)",0,1010,1010,0,2690,2690
36103110402,"Suffolk, NY (CT)",0,1292,1292,0,3176,3176
36103110501,"Suffolk, NY (CT)",0,1117,1117,0,3141,3141
36103110502,"Suffolk, NY (CT)",0,1057,1057,0,2933,2933
36103110600,"Suffolk, NY (CT)",0,3066,3066,0,7401,7401
36103110801,"Suffolk, NY (CT)",0,890,890,0,2090,2090
36103110803,"Suffolk, NY (CT)",0,2111,2111,0,5973,5973
36103110901,"Suffolk, NY (CT)",0,1267,1267,0,2654,2654
36103110902,"Suffolk, NY (CT)",0,1434,1434,0,4209,4209
36103111001,"Suffolk, NY (CT)",0,891,891,0,2089,2089
36103111002,"Suffolk, NY (CT)",0,1602,1602,0,5171,5171
36103111100,"Suffolk, NY (CT)",0,2456,2456,0,8853,8853
36103111201,"Suffolk, NY (CT)",0,1114,1114,0,3791,3791
36103111202,"Suffolk, NY (CT)",0,1632,1632,0,4700,4700
36103111300,"Suffolk, NY (CT)",0,1661,1661,0,4693,4693
36103111401,"Suffolk, NY (CT)",0,496,496,0,1420,1420
36103111402,"Suffolk, NY (CT)",0,1789,1789,0,4885,4885
36103111503,"Suffolk, NY (CT)",0,1717,1717,0,4323,4323
36103111504,"Suffolk, NY (CT)",0,466,466,0,1391,1391
36103111505,"Suffolk, NY (CT)",0,1948,1948,0,6486,6486
36103111506,"Suffolk, NY (CT)",0,1053,1053,0,3545,3545
36103111601,"Suffolk, NY (CT)",0,1454,1454,0,3990,3990
36103111602,"Suffolk, NY (CT)",0,1186,1186,0,3252,3252
36103111701,"Suffolk, NY (CT)",0,2095,2095,0,5669,5669
36103111703,"Suffolk, NY (CT)",0,1150,1150,0,3246,3246
36103111704,"Suffolk, NY (CT)",0,1114,1114,0,3251,3251
36103111801,"Suffolk, NY (CT)",0,2066,2066,0,6241,6241
36103111802,"Suffolk, NY (CT)",0,960,960,0,2932,2932
36103111803,"Suffolk, NY (CT)",0,872,872,0,2712,2712
36103111804,"Suffolk, NY (CT)",0,768,768,0,2397,2397
36103111900,"Suffolk, NY (CT)",0,2037,2037,0,5592,5592
36103112001,"Suffolk, NY (CT)",0,1689,1689,0,4456,4456
36103112002,"Suffolk, NY (CT)",0,1811,1811,0,4966,4966
36103112102,"Suffolk, NY (CT)",0,1271,1271,0,3969,3969
36103112103,"Suffolk, NY (CT)",0,1582,1582,0,4496,4496
36103112104,"Suffolk, NY (CT)",0,785,785,0,2458,2458
36103112204,"Suffolk, NY (CT)",0,1313,1313,0,3711,3711
36103112206,"Suffolk, NY (CT)",0,3096,3096,0,8271,8271
36103112210,"Suffolk, NY (CT)",0,2336,2336,0,7039,7039
36103112211,"Suffolk, NY (CT)",0,1446,1446,0,4487,4487
36103112212,"Suffolk, NY (CT)",0,1030,1030,0,3466,3466
36103112213,"Suffolk, NY (CT)",0,1661,1661,0,5473,5473
36103112214,"Suffolk, NY (CT)",0,2785,2785,0,7003,7003
36103122300,"Suffolk, NY (CT)",0,1359,1359,0,4323,4323
36103122403,"Suffolk, NY (CT)",0,807,807,0,2513,2513
36103122404,"Suffolk, NY (CT)",0,1117,1117,0,3600,3600
36103122405,"Suffolk, NY (CT)",0,976,976,0,3566,3566
36103122406,"Suffolk, NY (CT)",0,1401,1401,0,5356,5356
36103122501,"Suffolk, NY (CT)",0,1296,1296,0,4571,4571
36103122502,"Suffolk, NY (CT)",0,1219,1219,0,4698,4698
36103122601,"Suffolk, NY (CT)",0,1995,1995,0,5852,5852
36103122602,"Suffolk, NY (CT)",0,1620,1620,0,4639,4639
36103122603,"Suffolk, NY (CT)",0,2052,2052,0,5667,5667
36103122704,"Suffolk, NY (CT)",0,685,685,0,2243,2243
36103122705,"Suffolk, NY (CT)",0,1022,1022,0,3069,3069
36103122706,"Suffolk, NY (CT)",0,1314,1314,0,3833,3833
36103122707,"Suffolk, NY (CT)",0,1064,1064,0,3112,3112
36103122801,"Suffolk, NY (CT)",0,2209,2209,0,5768,5768
36103122802,"Suffolk, NY (CT)",0,1496,1496,0,4228,4228
36103122901,"Suffolk, NY (CT)",0,1994,1994,0,5855,5855
36103122902,"Suffolk, NY (CT)",0,1713,1713,0,4447,4447
36103123001,"Suffolk, NY (CT)",0,1935,1935,0,5880,5880
36103123002,"Suffolk, NY (CT)",0,1590,1590,0,4740,4740
36103123101,"Suffolk, NY (CT)",0,1337,1337,0,3627,3627
36103123102,"Suffolk, NY (CT)",0,1493,1493,0,3987,3987
36103123201,"Suffolk, NY (CT)",0,755,755,0,2161,2161
36103123202,"Suffolk, NY (CT)",0,2413,2413,0,8326,8326
36103123301,"Suffolk, NY (CT)",0,2612,2612,0,7415,7415
36103123302,"Suffolk, NY (CT)",0,494,494,0,1962,1962
36103123401,"Suffolk, NY (CT)",0,1327,1327,0,4286,4286
36103123402,"Suffolk, NY (CT)",0,2571,2571,0,7366,7366
36103123500,"Suffolk, NY (CT)",0,2448,2448,0,5905,5905
36103123600,"Suffolk, NY (CT)",0,1666,1666,0,3777,3777
36103123701,"Suffolk, NY (CT)",0,1870,1870,0,7044,7044
36103123702,"Suffolk, NY (CT)",0,2800,2800,0,8167,8167
36103123801,"Suffolk, NY (CT)",0,1824,1824,0,4158,4158
36103123802,"Suffolk, NY (CT)",0,1425,1425,0,3624,3624
36103123900,"Suffolk, NY (CT)",0,1734,1734,0,5083,5083
36103124001,"Suffolk, NY (CT)",0,1582,1582,0,4536,4536
36103124002,"Suffolk, NY (CT)",0,1095,1095,0,3308,3308
36103124101,"Suffolk, NY (CT)",0,1550,1550,0,4512,4512
36103124102,"Suffolk, NY (CT)",0,1364,1364,0,3563,3563
36103124200,"Suffolk, NY (CT)",0,2340,2340,0,6251,6251
36103124300,"Suffolk, NY (CT)",0,2691,2691,0,6722,6722
36103124401,"Suffolk, NY (CT)",0,1658,1658,0,3889,3889
36103124402,"Suffolk, NY (CT)",378,1174,1552,426,3382,3808
36103124500,"Suffolk, NY (CT)",0,1865,1865,0,4991,4991
36103124601,"Suffolk, NY (CT)",0,1030,1030,0,2835,2835
36103124602,"Suffolk, NY (CT)",0,1873,1873,0,4340,4340
36103134702,"Suffolk, NY (CT)",0,2493,2493,0,6298,6298
36103134703,"Suffolk, NY (CT)",0,1373,1373,0,4035,4035
36103134704,"Suffolk, NY (CT)",0,964,964,0,2661,2661
36103134902,"Suffolk, NY (CT)",0,1586,1586,0,5105,5105
36103134903,"Suffolk, NY (CT)",0,415,415,0,1323,1323
36103134904,"Suffolk, NY (CT)",0,2354,2354,0,6711,6711
36103134906,"Suffolk, NY (CT)",0,2208,2208,0,5552,5552
36103134907,"Suffolk, NY (CT)",0,1483,1483,0,4137,4137
36103135002,"Suffolk, NY (CT)",0,1845,1845,0,5376,5376
36103135003,"Suffolk, NY (CT)",0,1549,1549,0,4587,4587
36103135004,"Suffolk, NY (CT)",522,675,1197,1428,1793,3221
36103135005,"Suffolk, NY (CT)",0,1347,1347,0,3375,3375
36103135101,"Suffolk, NY (CT)",0,1278,1278,0,3954,3954
36103135102,"Suffolk, NY (CT)",0,1526,1526,0,4562,4562
36103135103,"Suffolk, NY (CT)",0,1594,1594,0,4864,4864
36103135104,"Suffolk, NY (CT)",0,1686,1686,0,5249,5249
36103135201,"Suffolk, NY (CT)",0,706,706,0,2096,2096
36103135204,"Suffolk, NY (CT)",0,1513,1513,0,4462,4462
36103135205,"Suffolk, NY (CT)",0,1777,1777,0,5027,5027
36103135208,"Suffolk, NY (CT)",0,1075,1075,0,3084,3084
36103135209,"Suffolk, NY (CT)",0,1195,1195,0,3227,3227
36103135301,"Suffolk, NY (CT)",0,1300,1300,0,3713,3713
36103135303,"Suffolk, NY (CT)",0,1443,1443,0,4061,4061
36103135304,"Suffolk, NY (CT)",0,1262,1262,0,3401,3401
36103135401,"Suffolk, NY (CT)",0,2315,2315,0,6418,6418
36103135402,"Suffolk, NY (CT)",0,2396,2396,0,6969,6969
36103135403,"Suffolk, NY (CT)",0,1501,1501,0,4333,4333
36103145602,"Suffolk, NY (CT)",0,1496,1496,0,6444,6444
36103145603,"Suffolk, NY (CT)",0,1604,1604,0,6843,6843
36103145604,"Suffolk, NY (CT)",0,1178,1178,0,4926,4926
36103145605,"Suffolk, NY (CT)",0,852,852,0,3690,3690
36103145701,"Suffolk, NY (CT)",0,2022,2022,0,5726,5726
36103145702,"Suffolk, NY (CT)",0,1454,1454,0,6272,6272
36103145703,"Suffolk, NY (CT)",0,1493,1493,0,5916,5916
36103145704,"Suffolk, NY (CT)",0,2309,2309,0,7508,7508
36103145803,"Suffolk, NY (CT)",0,1787,1787,0,4815,4815
36103145804,"Suffolk, NY (CT)",0,1088,1088,0,3335,3335
36103145805,"Suffolk, NY (CT)",0,2207,2207,0,5803,5803
36103145807,"Suffolk, NY (CT)",0,1483,1483,0,4424,4424
36103145808,"Suffolk, NY (CT)",0,1032,1032,0,3222,3222
36103145901,"Suffolk, NY (CT)",0,1006,1006,0,3228,3228
36103145902,"Suffolk, NY (CT)",0,2188,2188,0,8465,8465
36103145903,"Suffolk, NY (CT)",0,1858,1858,0,5642,5642
36103146001,"Suffolk, NY (CT)",0,1165,1165,0,5268,5268
36103146002,"Suffolk, NY (CT)",0,1322,1322,0,5490,5490
36103146003,"Suffolk, NY (CT)",0,2461,2461,0,7526,7526
36103146102,"Suffolk, NY (CT)",0,634,634,0,2710,2710
36103146103,"Suffolk, NY (CT)",0,1276,1276,0,4122,4122
36103146105,"Suffolk, NY (CT)",0,1806,1806,0,6901,6901
36103146106,"Suffolk, NY (CT)",0,1090,1090,0,4845,4845
36103146201,"Suffolk, NY (CT)",0,1200,1200,0,4948,4948
36103146202,"Suffolk, NY (CT)",0,1145,1145,0,4879,4879
36103146203,"Suffolk, NY (CT)",0,1482,1482,0,5700,5700
36103146204,"Suffolk, NY (CT)",0,1451,1451,0,6391,6391
36103146205,"Suffolk, NY (CT)",0,725,725,0,2216,2216
36103146206,"Suffolk, NY (CT)",0,737,737,0,2395,2395
36103146300,"Suffolk, NY (CT)",0,1179,1179,0,1918,1918
36103146402,"Suffolk, NY (CT)",0,1367,1367,0,4001,4001
36103146403,"Suffolk, NY (CT)",0,1333,1333,0,4957,4957
36103146404,"Suffolk, NY (CT)",0,1020,1020,0,3572,3572
36103146500,"Suffolk, NY (CT)",0,1764,1764,0,5389,5389
36103146604,"Suffolk, NY (CT)",0,1678,1678,0,4612,4612
36103146605,"Suffolk, NY (CT)",0,324,324,0,1021,1021
36103146606,"Suffolk, NY (CT)",0,2566,2566,0,7634,7634
36103146607,"Suffolk, NY (CT)",0,1165,1165,0,2546,2546
36103146608,"Suffolk, NY (CT)",0,1108,1108,0,2595,2595
36103146611,"Suffolk, NY (CT)",0,1294,1294,0,3225,3225
36103146612,"Suffolk, NY (CT)",0,1720,1720,0,5087,5087
36103146613,"Suffolk, NY (CT)",0,1211,1211,0,3722,3722
36103146614,"Suffolk, NY (CT)",0,2118,2118,0,5803,5803
36103146615,"Suffolk, NY (CT)",0,2046,2046,0,5048,5048
36103146703,"Suffolk, NY (CT)",0,1266,1266,0,4122,4122
36103146704,"Suffolk, NY (CT)",0,677,677,0,2017,2017
36103146705,"Suffolk, NY (CT)",0,1112,1112,0,3468,3468
36103146706,"Suffolk, NY (CT)",0,877,877,0,2694,2694
36103146800,"Suffolk, NY (CT)",0,2004,2004,0,6007,6007
36103146901,"Suffolk, NY (CT)",0,1805,1805,0,5450,5450
36103146902,"Suffolk, NY (CT)",0,1342,1342,0,4293,4293
36103147001,"Suffolk, NY (CT)",0,1449,1449,0,4406,4406
36103147003,"Suffolk, NY (CT)",0,1818,1818,0,4648,4648
36103147004,"Suffolk, NY (CT)",2458,0,2458,317,0,317
36103147100,"Suffolk, NY (CT)",0,1156,1156,0,3103,3103
36103147200,"Suffolk, NY (CT)",0,2467,2467,0,6088,6088
36103147300,"Suffolk, NY (CT)",0,2877,2877,0,7081,7081
36103147401,"Suffolk, NY (CT)",0,2561,2561,0,6283,6283
36103147402,"Suffolk, NY (CT)",0,1365,1365,0,3673,3673
36103147501,"Suffolk, NY (CT)",0,2864,2864,0,7857,7857
36103147502,"Suffolk, NY (CT)",0,2078,2078,0,6618,6618
36103147503,"Suffolk, NY (CT)",38,479,517,78,1411,1489
36103147601,"Suffolk, NY (CT)",0,921,921,0,2607,2607
36103147602,"Suffolk, NY (CT)",0,2359,2359,0,5367,5367
36103147701,"Suffolk, NY (CT)",0,1279,1279,0,3556,3556
36103147702,"Suffolk, NY (CT)",0,2124,2124,0,5011,5011
36103147802,"Suffolk, NY (CT)",0,1522,1522,0,3905,3905
36103147803,"Suffolk, NY (CT)",0,1426,1426,0,3234,3234
36103147804,"Suffolk, NY (CT)",0,1993,1993,0,6158,6158
36103147901,"Suffolk, NY (CT)",0,2014,2014,0,4515,4515
36103147902,"Suffolk, NY (CT)",0,1501,1501,0,4381,4381
36103158001,"Suffolk, NY (CT)",244,1546,1790,574,4196,4770
36103158002,"Suffolk, NY (CT)",5,2438,2443,2,6313,6315
36103158006,"Suffolk, NY (CT)",0,2556,2556,0,6961,6961
36103158007,"Suffolk, NY (CT)",0,26,26,0,9216,9216
36103158009,"Suffolk, NY (CT)",0,902,902,0,2742,2742
36103158010,"Suffolk, NY (CT)",0,1225,1225,0,3719,3719
36103158011,"Suffolk, NY (CT)",0,1891,1891,0,4972,4972
36103158102,"Suffolk, NY (CT)",0,1726,1726,0,4931,4931
36103158103,"Suffolk, NY (CT)",0,1338,1338,0,4397,4397
36103158104,"Suffolk, NY (CT)",0,1786,1786,0,5568,5568
36103158107,"Suffolk, NY (CT)",0,1524,1524,0,4166,4166
36103158108,"Suffolk, NY (CT)",0,986,986,0,2940,2940
36103158110,"Suffolk, NY (CT)",0,1140,1140,0,3697,3697
36103158111,"Suffolk, NY (CT)",0,1027,1027,0,3285,3285
36103158112,"Suffolk, NY (CT)",0,1331,1331,0,4242,4242
36103158114,"Suffolk, NY (CT)",0,1293,1293,0,3643,3643
36103158115,"Suffolk, NY (CT)",0,2339,2339,0,6384,6384
36103158116,"Suffolk, NY (CT)",0,760,760,0,1969,1969
36103158202,"Suffolk, NY (CT)",0,2949,2949,0,7838,7838
36103158203,"Suffolk, NY (CT)",0,573,573,0,1609,1609
36103158205,"Suffolk, NY (CT)",0,655,655,0,1953,1953
36103158206,"Suffolk, NY (CT)",0,1598,1598,0,3772,3772
36103158207,"Suffolk, NY (CT)",0,1980,1980,0,4770,4770
36103158304,"Suffolk, NY (CT)",0,2456,2456,0,6941,6941
36103158306,"Suffolk, NY (CT)",0,2139,2139,0,5982,5982
36103158308,"Suffolk, NY (CT)",0,2678,2678,0,8206,8206
36103158309,"Suffolk, NY (CT)",0,1739,1739,0,4431,4431
36103158310,"Suffolk, NY (CT)",0,1844,1844,0,4473,4473
36103158315,"Suffolk, NY (CT)",0,1717,1717,0,4629,4629
36103158317,"Suffolk, NY (CT)",0,2313,2313,0,5815,5815
36103158318,"Suffolk, NY (CT)",0,1611,1611,0,4515,4515
36103158319,"Suffolk, NY (CT)",0,1270,1270,0,3739,3739
36103158320,"Suffolk, NY (CT)",0,2419,2419,0,6247,6247
36103158321,"Suffolk, NY (CT)",0,3854,3854,0,9754,9754
36103158322,"Suffolk, NY (CT)",0,849,849,0,2200,2200
36103158323,"Suffolk, NY (CT)",0,2327,2327,0,7381,7381
36103158401,"Suffolk, NY (CT)",284,210,494,568,740,1308
36103158402,"Suffolk, NY (CT)",113,1399,1512,361,4120,4481
36103158403,"Suffolk, NY (CT)",0,899,899,0,2170,2170
36103158405,"Suffolk, NY (CT)",162,1541,1703,509,4496,5005
36103158407,"Suffolk, NY (CT)",0,2328,2328,0,5963,5963
36103158408,"Suffolk, NY (CT)",0,1621,1621,0,4025,4025
36103158409,"Suffolk, NY (CT)",0,1706,1706,0,3875,3875
36103158410,"Suffolk, NY (CT)",0,2379,2379,0,3504,3504
36103158502,"Suffolk, NY (CT)",0,1756,1756,0,3706,3706
36103158505,"Suffolk, NY (CT)",0,1521,1521,0,4386,4386
36103158506,"Suffolk, NY (CT)",0,913,913,0,2614,2614
36103158507,"Suffolk, NY (CT)",0,1244,1244,0,3804,3804
36103158508,"Suffolk, NY (CT)",0,1950,1950,0,6183,6183
36103158509,"Suffolk, NY (CT)",0,1801,1801,0,4847,4847
36103158510,"Suffolk, NY (CT)",0,2340,2340,0,7316,7316
36103158511,"Suffolk, NY (CT)",0,2022,2022,0,6145,6145
36103158512,"Suffolk, NY (CT)",0,1139,1139,0,3536,3536
36103158604,"Suffolk, NY (CT)",0,1617,1617,0,4940,4940
36103158605,"Suffolk, NY (CT)",0,1574,1574,0,4952,4952
36103158606,"Suffolk, NY (CT)",0,1580,1580,0,4969,4969
36103158607,"Suffolk, NY (CT)",0,1240,1240,0,3355,3355
36103158608,"Suffolk, NY (CT)",0,1302,1302,0,4064,4064
36103158609,"Suffolk, NY (CT)",0,1501,1501,0,4516,4516
36103158704,"Suffolk, NY (CT)",0,3678,3678,0,8344,8344
36103158705,"Suffolk, NY (CT)",0,1182,1182,0,4042,4042
36103158707,"Suffolk, NY (CT)",0,624,624,0,1671,1671
36103158708,"Suffolk, NY (CT)",0,1736,1736,0,3840,3840
36103158709,"Suffolk, NY (CT)",195,729,924,541,1579,2120
36103158710,"Suffolk, NY (CT)",149,1266,1415,24,3662,3686
36103158711,"Suffolk, NY (CT)",0,2244,2244,0,5277,5277
36103158712,"Suffolk, NY (CT)",0,2344,2344,0,7820,7820
36103158802,"Suffolk, NY (CT)",0,1747,1747,0,4773,4773
36103158803,"Suffolk, NY (CT)",0,2240,2240,0,6381,6381
36103158804,"Suffolk, NY (CT)",0,2432,2432,0,7246,7246
36103158900,"Suffolk, NY (CT)",0,2981,2981,0,7119,7119
36103159000,"Suffolk, NY (CT)",0,2042,2042,0,4679,4679
36103159102,"Suffolk, NY (CT)",0,2824,2824,0,6803,6803
36103159103,"Suffolk, NY (CT)",0,1678,1678,0,6037,6037
36103159105,"Suffolk, NY (CT)",0,2628,2628,0,7174,7174
36103159106,"Suffolk, NY (CT)",43,2031,2074,135,6752,6887
36103159107,"Suffolk, NY (CT)",0,1218,1218,0,3691,3691
36103159108,"Suffolk, NY (CT)",0,2365,2365,0,7354,7354
36103159201,"Suffolk, NY (CT)",0,1073,1073,0,3074,3074
36103159203,"Suffolk, NY (CT)",0,2160,2160,0,5418,5418
36103159204,"Suffolk, NY (CT)",0,1581,1581,0,4226,4226
36103159300,"Suffolk, NY (CT)",0,1170,1170,0,2084,2084
36103159404,"Suffolk, NY (CT)",0,2621,2621,0,7313,7313
36103159406,"Suffolk, NY (CT)",0,1575,1575,0,4279,4279
36103159407,"Suffolk, NY (CT)",0,2073,2073,0,6562,6562
36103159408,"Suffolk, NY (CT)",3,1313,1316,5,4496,4501
36103159410,"Suffolk, NY (CT)",392,2228,2620,932,6887,7819
36103159411,"Suffolk, NY (CT)",0,1017,1017,0,3382,3382
36103159412,"Suffolk, NY (CT)",104,3250,3354,304,7624,7928
36103159505,"Suffolk, NY (CT)",0,2732,2732,0,7998,7998
36103159506,"Suffolk, NY (CT)",0,2901,2901,0,8793,8793
36103159508,"Suffolk, NY (CT)",0,2802,2802,0,7464,7464
36103159509,"Suffolk, NY (CT)",0,1332,1332,0,3150,3150
36103159510,"Suffolk, NY (CT)",2001,0,2001,82,0,82
36103159511,"Suffolk, NY (CT)",0,2186,2186,0,6734,6734
36103159512,"Suffolk, NY (CT)",0,755,755,0,2316,2316
36103159601,"Suffolk, NY (CT)",75,2501,2576,209,6003,6212
36103159602,"Suffolk, NY (CT)",97,1636,1733,184,4065,4249
36103169701,"Suffolk, NY (CT)",178,2912,3090,527,7192,7719
36103169703,"Suffolk, NY (CT)",1208,0,1208,1642,0,1642
36103169704,"Suffolk, NY (CT)",876,2569,3445,1883,5175,7058
36103169800,"Suffolk, NY (CT)",0,2057,2057,0,6156,6156
36103169901,"Suffolk, NY (CT)",482,2074,2556,939,4504,5443
36103169902,"Suffolk, NY (CT)",1092,1976,3068,1983,3505,5488
36103170001,"Suffolk, NY (CT)",859,2446,3305,1529,4084,5613
36103170002,"Suffolk, NY (CT)",1407,1442,2849,2341,2040,4381
36103170101,"Suffolk, NY (CT)",0,1191,1191,0,2197,2197
36103170201,"Suffolk, NY (CT)",1006,2990,3996,1238,4510,5748
36103170202,"Suffolk, NY (CT)",1646,2390,4036,1104,2925,4029
36103180300,"Suffolk, NY (CT)",2754,0,2754,2392,0,2392
36103190401,"Suffolk, NY (CT)",179,2583,2762,397,7556,7953
36103190402,"Suffolk, NY (CT)",743,696,1439,1378,1374,2752
36103190403,"Suffolk, NY (CT)",457,1502,1959,538,3164,3702
36103190502,"Suffolk, NY (CT)",681,2278,2959,31,2506,2537
36103190503,"Suffolk, NY (CT)",223,1721,1944,213,3155,3368
36103190504,"Suffolk, NY (CT)",527,1254,1781,71,1775,1846
36103190601,"Suffolk, NY (CT)",147,3668,3815,59,4379,4438
36103190603,"Suffolk, NY (CT)",0,2691,2691,0,4566,4566
36103190604,"Suffolk, NY (CT)",127,2487,2614,0,4394,4394
36103190704,"Suffolk, NY (CT)",3921,322,4243,2594,547,3141
36103190705,"Suffolk, NY (CT)",293,2611,2904,412,3751,4163
36103190706,"Suffolk, NY (CT)",1106,2222,3328,1149,3645,4794
36103190707,"Suffolk, NY (CT)",2218,2191,4409,2288,2381,4669
36103190708,"Suffolk, NY (CT)",497,1356,1853,469,1551,2020
36103190800,"Suffolk, NY (CT)",557,2757,3314,141,2968,3109
36103200901,"Suffolk, NY (CT)",877,959,1836,268,815,1083
36103200902,"Suffolk, NY (CT)",4064,2307,6371,3030,3380,6410
36103201001,"Suffolk, NY (CT)",688,3654,4342,524,6068,6592
36103201003,"Suffolk, NY (CT)",1278,2545,3823,744,3302,4046
36103201004,"Suffolk, NY (CT)",1176,3490,4666,607,2719,3326
36103201100,"Suffolk, NY (CT)",0,1389,1389,0,6415,6415
36103990100,"Suffolk, NY (CT)",0,0,0,0,0,0
36105950100,"Sullivan, NY (CT)",2045,0,2045,3557,0,3557
36105950200,"Sullivan, NY (CT)",2755,0,2755,3775,0,3775
36105950300,"Sullivan, NY (CT)",1323,0,1323,1381,0,1381
36105950400,"Sullivan, NY (CT)",2003,0,2003,3057,0,3057
36105950500,"Sullivan, NY (CT)",1261,500,1761,2316,948,3264
36105950600,"Sullivan, NY (CT)",1359,0,1359,1809,0,1809
36105950700,"Sullivan, NY (CT)",681,1694,2375,1290,3522,4812
36105950800,"Sullivan, NY (CT)",3581,38,3619,4267,103,4370
36105950900,"Sullivan, NY (CT)",746,971,1717,1083,2036,3119
36105951000,"Sullivan, NY (CT)",1487,233,1720,1754,537,2291
36105951100,"Sullivan, NY (CT)",1415,26,1441,2562,528,3090
36105951200,"Sullivan, NY (CT)",1631,1698,3329,3684,3991,7675
36105951300,"Sullivan, NY (CT)",2746,176,2922,4093,317,4410
36105951500,"Sullivan, NY (CT)",972,550,1522,1263,1131,2394
36105951600,"Sullivan, NY (CT)",1696,358,2054,2173,979,3152
36105951700,"Sullivan, NY (CT)",2854,0,2854,4227,0,4227
36105951800,"Sullivan, NY (CT)",300,2950,3250,412,5942,6354
36105951900,"Sullivan, NY (CT)",1503,0,1503,1856,0,1856
36105952000,"Sullivan, NY (CT)",2451,0,2451,2399,0,2399
36105952100,"Sullivan, NY (CT)",1535,0,1535,2670,0,2670
36105952200,"Sullivan, NY (CT)",1114,0,1114,1372,0,1372
36105952300,"Sullivan, NY (CT)",1138,0,1138,1515,0,1515
36105952400,"Sullivan, NY (CT)",1766,0,1766,2530,0,2530
36105952500,"Sullivan, NY (CT)",1630,0,1630,2468,0,2468
36107020100,"Tioga, NY (CT)",2826,0,2826,6530,0,6530
36107020200,"Tioga, NY (CT)",2351,8,2359,5276,29,5305
36107020300,"Tioga, NY (CT)",1849,1116,2965,4268,2795,7063
36107020401,"Tioga, NY (CT)",1391,684,2075,3431,1569,5000
36107020402,"Tioga, NY (CT)",139,1405,1544,333,3591,3924
36107020500,"Tioga, NY (CT)",0,1873,1873,0,3896,3896
36107020600,"Tioga, NY (CT)",2963,233,3196,6873,523,7396
36107020701,"Tioga, NY (CT)",1435,0,1435,3153,0,3153
36107020702,"Tioga, NY (CT)",1598,334,1932,3704,812,4516
36107020703,"Tioga, NY (CT)",0,1998,1998,0,4342,4342
36109000100,"Tompkins, NY (CT)",0,1071,1071,0,1630,1630
36109000200,"Tompkins, NY (CT)",0,2004,2004,0,5571,5571
36109000300,"Tompkins, NY (CT)",0,110,110,0,2725,2725
36109000400,"Tompkins, NY (CT)",0,281,281,0,4162,4162
36109000500,"Tompkins, NY (CT)",0,1986,1986,0,4473,4473
36109000600,"Tompkins, NY (CT)",5,2290,2295,6,5131,5137
36109000700,"Tompkins, NY (CT)",0,1755,1755,0,3721,3721
36109000800,"Tompkins, NY (CT)",0,1236,1236,0,2518,2518
36109000900,"Tompkins, NY (CT)",779,1172,1951,1562,2418,3980
36109001000,"Tompkins, NY (CT)",463,1623,2086,911,3159,4070
36109001100,"Tompkins, NY (CT)",424,1772,2196,932,4715,5647
36109001200,"Tompkins, NY (CT)",0,47,47,0,3372,3372
36109001300,"Tompkins, NY (CT)",391,2793,3184,819,5390,6209
36109001400,"Tompkins, NY (CT)",1099,683,1782,2371,1159,3530
36109001500,"Tompkins, NY (CT)",1002,1601,2603,2267,3517,5784
36109001600,"Tompkins, NY (CT)",2054,0,2054,4288,0,4288
36109001700,"Tompkins, NY (CT)",1971,0,1971,4430,0,4430
36109001800,"Tompkins, NY (CT)",2237,0,2237,5033,0,5033
36109001900,"Tompkins, NY (CT)",2745,0,2745,6099,0,6099
36109002000,"Tompkins, NY (CT)",574,1389,1963,1370,3290,4660
36109002100,"Tompkins, NY (CT)",1597,232,1829,3880,592,4472
36109002200,"Tompkins, NY (CT)",1884,0,1884,4535,0,4535
36109002300,"Tompkins, NY (CT)",2404,0,2404,5518,0,5518
36111950100,"Ulster, NY (CT)",2151,278,2429,4676,660,5336
36111950200,"Ulster, NY (CT)",0,2004,2004,0,3968,3968
36111950300,"Ulster, NY (CT)",0,1883,1883,0,4317,4317
36111950400,"Ulster, NY (CT)",1782,283,2065,3563,713,4276
36111950500,"Ulster, NY (CT)",1577,383,1960,2199,809,3008
36111950600,"Ulster, NY (CT)",2197,0,2197,2876,0,2876
36111950900,"Ulster, NY (CT)",1524,0,1524,1335,0,1335
36111951000,"Ulster, NY (CT)",2498,0,2498,4419,0,4419
36111951100,"Ulster, NY (CT)",474,788,1262,799,1560,2359
36111951200,"Ulster, NY (CT)",884,923,1807,1837,2118,3955
36111951300,"Ulster, NY (CT)",381,1378,1759,897,3440,4337
36111951400,"Ulster, NY (CT)",100,1515,1615,204,3130,3334
36111951500,"Ulster, NY (CT)",799,742,1541,1699,1734,3433
36111951600,"Ulster, NY (CT)",7,878,885,18,2094,2112
36111951700,"Ulster, NY (CT)",0,2384,2384,0,4782,4782
36111951800,"Ulster, NY (CT)",0,789,789,0,1738,1738
36111951900,"Ulster, NY (CT)",0,1249,1249,0,2921,2921
36111952000,"Ulster, NY (CT)",0,1067,1067,0,2493,2493
36111952100,"Ulster, NY (CT)",0,1622,1622,0,3757,3757
36111952200,"Ulster, NY (CT)",0,1635,1635,0,3815,3815
36111952300,"Ulster, NY (CT)",0,895,895,0,1681,1681
36111952400,"Ulster, NY (CT)",0,1506,1506,0,2706,2706
36111952500,"Ulster, NY (CT)",0,1607,1607,0,3411,3411
36111952600,"Ulster, NY (CT)",2013,349,2362,4672,958,5630
36111952700,"Ulster, NY (CT)",629,812,1441,1211,1680,2891
36111952800,"Ulster, NY (CT)",412,1044,1456,858,2326,3184
36111952900,"Ulster, NY (CT)",2980,9,2989,5586,21,5607
36111953000,"Ulster, NY (CT)",970,0,970,1842,0,1842
36111953300,"Ulster, NY (CT)",1129,673,1802,2676,1733,4409
36111953400,"Ulster, NY (CT)",25,2014,2039,31,4383,4414
36111953500,"Ulster, NY (CT)",0,1036,1036,0,5180,5180
36111953600,"Ulster, NY (CT)",36,2330,2366,81,5566,5647
36111953700,"Ulster, NY (CT)",1143,910,2053,3004,2212,5216
36111953800,"Ulster, NY (CT)",182,1526,1708,461,3485,3946
36111953900,"Ulster, NY (CT)",1161,775,1936,2845,2017,4862
36111954000,"Ulster, NY (CT)",1171,997,2168,2891,2128,5019
36111954100,"Ulster, NY (CT)",1478,596,2074,3830,1650,5480
36111954200,"Ulster, NY (CT)",2587,23,2610,5670,43,5713
36111954400,"Ulster, NY (CT)",2713,232,2945,6803,2928,9731
36111954500,"Ulster, NY (CT)",1232,352,1584,2951,1781,4732
36111954600,"Ulster, NY (CT)",1008,71,1079,1556,166,1722
36111954700,"Ulster, NY (CT)",1216,48,1264,1748,92,1840
36111954800,"Ulster, NY (CT)",189,2095,2284,325,4538,4863
36111954900,"Ulster, NY (CT)",496,229,725,1124,461,1585
36111955000,"Ulster, NY (CT)",3049,0,3049,5471,0,5471
36111955300,"Ulster, NY (CT)",2127,0,2127,2539,0,2539
36111955400,"Ulster, NY (CT)",323,1065,1388,1323,3278,4601
36113070100,"Warren, NY (CT)",0,1168,1168,0,2736,2736
36113070200,"Warren, NY (CT)",0,976,976,0,1973,1973
36113070300,"Warren, NY (CT)",0,1829,1829,0,3759,3759
36113070400,"Warren, NY (CT)",0,1867,1867,0,3731,3731
36113070500,"Warren, NY (CT)",0,1269,1269,0,2501,2501
36113070601,"Warren, NY (CT)",604,2193,2797,1469,4232,5701
36113070602,"Warren, NY (CT)",1381,0,1381,1481,0,1481
36113070701,"Warren, NY (CT)",29,2047,2076,62,3593,3655
36113070702,"Warren, NY (CT)",25,1960,1985,82,4706,4788
36113070800,"Warren, NY (CT)",154,2848,3002,365,7022,7387
36113070900,"Warren, NY (CT)",354,1404,1758,1015,3874,4889
36113071000,"Warren, NY (CT)",1548,578,2126,2450,897,3347
36113072000,"Warren, NY (CT)",1660,1085,2745,1774,1741,3515
36113073000,"Warren, NY (CT)",1013,1247,2260,1446,2648,4094
36113073500,"Warren, NY (CT)",1296,0,1296,1986,0,1986
36113074000,"Warren, NY (CT)",1842,0,1842,2395,0,2395
36113075000,"Warren, NY (CT)",2717,0,2717,3355,0,3355
36113076000,"Warren, NY (CT)",3052,0,3052,2088,0,2088
36113078000,"Warren, NY (CT)",2580,0,2580,2326,0,2326
36115080100,"Washington, NY (CT)",0,2146,2146,0,4809,4809
36115080200,"Washington, NY (CT)",0,1049,1049,0,2472,2472
36115080300,"Washington, NY (CT)",1209,1182,2391,2930,2460,5390
36115081000,"Washington, NY (CT)",2077,0,2077,6190,0,6190
36115082001,"Washington, NY (CT)",2392,0,2392,4980,0,4980
36115082002,"Washington, NY (CT)",1340,0,1340,1261,0,1261
36115084000,"Washington, NY (CT)",1617,1241,2858,3918,2751,6669
36115085000,"Washington, NY (CT)",929,0,929,2269,0,2269
36115086000,"Washington, NY (CT)",992,0,992,1853,0,1853
36115087000,"Washington, NY (CT)",1879,0,1879,3782,0,3782
36115088000,"Washington, NY (CT)",488,2120,2608,1121,5250,6371
36115089000,"Washington, NY (CT)",1175,1072,2247,2629,2313,4942
36115090000,"Washington, NY (CT)",1356,0,1356,2715,0,2715
36115091000,"Washington, NY (CT)",1162,0,1162,1800,0,1800
36115092000,"Washington, NY (CT)",1501,0,1501,3356,0,3356
36115093000,"Washington, NY (CT)",895,0,895,2021,0,2021
36115094000,"Washington, NY (CT)",904,118,1022,2098,238,2336
36117020101,"Wayne, NY (CT)",1273,645,1918,3276,1694,4970
36117020102,"Wayne, NY (CT)",685,1542,2227,1719,3447,5166
36117020201,"Wayne, NY (CT)",880,900,1780,2216,2497,4713
36117020202,"Wayne, NY (CT)",868,838,1706,2037,2699,4736
36117020301,"Wayne, NY (CT)",633,975,1608,1679,2102,3781
36117020302,"Wayne, NY (CT)",865,1408,2273,2132,3235,5367
36117020401,"Wayne, NY (CT)",1276,26,1302,2801,55,2856
36117020402,"Wayne, NY (CT)",1819,0,1819,4128,0,4128
36117020500,"Wayne, NY (CT)",1908,0,1908,4746,0,4746
36117020600,"Wayne, NY (CT)",1222,579,1801,2906,1352,4258
36117020700,"Wayne, NY (CT)",0,1742,1742,0,3717,3717
36117020800,"Wayne, NY (CT)",1768,73,1841,2888,158,3046
36117020900,"Wayne, NY (CT)",1125,1192,2317,2631,2707,5338
36117021000,"Wayne, NY (CT)",2402,227,2629,5648,822,6470
36117021100,"Wayne, NY (CT)",238,2046,2284,521,4672,5193
36117021200,"Wayne, NY (CT)",166,1857,2023,434,4210,4644
36117021400,"Wayne, NY (CT)",67,1649,1716,165,3454,3619
36117021501,"Wayne, NY (CT)",1617,0,1617,2118,0,2118
36117021502,"Wayne, NY (CT)",2273,0,2273,4453,0,4453
36117021600,"Wayne, NY (CT)",1767,0,1767,4433,0,4433
36117021700,"Wayne, NY (CT)",1582,14,1596,3893,34,3927
36117021800,"Wayne, NY (CT)",910,0,910,2093,0,2093
36117990100,"Wayne, NY (CT)",0,0,0,0,0,0
36119000101,"Westchester, NY (CT)",0,1678,1678,0,4948,4948
36119000103,"Westchester, NY (CT)",0,2285,2285,0,5798,5798
36119000104,"Westchester, NY (CT)",0,0,0,0,0,0
36119000201,"Westchester, NY (CT)",0,2725,2725,0,7669,7669
36119000202,"Westchester, NY (CT)",0,1760,1760,0,4175,4175
36119000203,"Westchester, NY (CT)",0,1596,1596,0,3329,3329
36119000300,"Westchester, NY (CT)",0,1730,1730,0,5282,5282
36119000401,"Westchester, NY (CT)",0,1799,1799,0,4461,4461
36119000402,"Westchester, NY (CT)",0,2603,2603,0,5902,5902
36119000500,"Westchester, NY (CT)",0,1689,1689,0,3812,3812
36119000600,"Westchester, NY (CT)",0,2752,2752,0,6977,6977
36119000701,"Westchester, NY (CT)",0,1438,1438,0,3463,3463
36119000702,"Westchester, NY (CT)",0,2419,2419,0,4096,4096
36119000801,"Westchester, NY (CT)",0,2391,2391,0,5315,5315
36119000802,"Westchester, NY (CT)",0,831,831,0,2232,2232
36119000803,"Westchester, NY (CT)",0,1707,1707,0,4641,4641
36119000900,"Westchester, NY (CT)",0,1172,1172,0,3386,3386
36119001000,"Westchester, NY (CT)",0,847,847,0,1813,1813
36119001101,"Westchester, NY (CT)",0,1245,1245,0,3892,3892
36119001102,"Westchester, NY (CT)",0,1930,1930,0,4993,4993
36119001200,"Westchester, NY (CT)",0,1686,1686,0,5265,5265
36119001301,"Westchester, NY (CT)",0,1323,1323,0,3711,3711
36119001302,"Westchester, NY (CT)",0,1522,1522,0,4122,4122
36119001303,"Westchester, NY (CT)",0,2409,2409,0,6810,6810
36119001401,"Westchester, NY (CT)",0,1520,1520,0,4003,4003
36119001402,"Westchester, NY (CT)",0,740,740,0,2011,2011
36119001403,"Westchester, NY (CT)",0,1360,1360,0,3076,3076
36119001502,"Westchester, NY (CT)",0,1433,1433,0,2887,2887
36119001503,"Westchester, NY (CT)",0,1342,1342,0,2855,2855
36119001504,"Westchester, NY (CT)",0,1979,1979,0,4634,4634
36119001505,"Westchester, NY (CT)",0,1142,1142,0,2033,2033
36119001600,"Westchester, NY (CT)",0,1445,1445,0,3522,3522
36119001700,"Westchester, NY (CT)",0,2491,2491,0,6517,6517
36119001800,"Westchester, NY (CT)",0,561,561,0,1596,1596
36119001900,"Westchester, NY (CT)",0,576,576,0,1626,1626
36119002000,"Westchester, NY (CT)",0,1548,1548,0,4098,4098
36119002101,"Westchester, NY (CT)",0,1467,1467,0,3356,3356
36119002103,"Westchester, NY (CT)",0,1116,1116,0,3147,3147
36119002104,"Westchester, NY (CT)",0,2345,2345,0,5074,5074
36119002105,"Westchester, NY (CT)",0,679,679,0,1728,1728
36119002106,"Westchester, NY (CT)",0,982,982,0,2538,2538
36119002107,"Westchester, NY (CT)",0,587,587,0,1730,1730
36119002201,"Westchester, NY (CT)",0,935,935,0,2302,2302
36119002202,"Westchester, NY (CT)",0,2492,2492,0,4669,4669
36119002203,"Westchester, NY (CT)",0,1153,1153,0,1599,1599
36119002204,"Westchester, NY (CT)",0,2099,2099,0,4925,4925
36119002300,"Westchester, NY (CT)",0,1430,1430,0,3882,3882
36119002401,"Westchester, NY (CT)",0,811,811,0,1687,1687
36119002402,"Westchester, NY (CT)",0,2046,2046,0,3356,3356
36119002403,"Westchester, NY (CT)",0,2334,2334,0,5397,5397
36119002404,"Westchester, NY (CT)",0,1009,1009,0,2689,2689
36119002405,"Westchester, NY (CT)",0,1230,1230,0,2947,2947
36119002600,"Westchester, NY (CT)",0,1412,1412,0,3873,3873
36119002700,"Westchester, NY (CT)",0,1393,1393,0,3444,3444
36119002800,"Westchester, NY (CT)",0,1019,1019,0,2475,2475
36119002900,"Westchester, NY (CT)",0,1769,1769,0,3866,3866
36119003000,"Westchester, NY (CT)",0,1047,1047,0,2819,2819
36119003100,"Westchester, NY (CT)",0,1285,1285,0,2639,2639
36119003200,"Westchester, NY (CT)",0,1032,1032,0,2499,2499
36119003300,"Westchester, NY (CT)",0,1376,1376,0,3524,3524
36119003400,"Westchester, NY (CT)",0,1724,1724,0,4502,4502
36119003500,"Westchester, NY (CT)",0,871,871,0,2152,2152
36119003600,"Westchester, NY (CT)",0,1696,1696,0,4088,4088
36119003700,"Westchester, NY (CT)",0,1557,1557,0,3894,3894
36119003800,"Westchester, NY (CT)",0,1793,1793,0,3071,3071
36119003900,"Westchester, NY (CT)",0,1510,1510,0,3449,3449
36119004000,"Westchester, NY (CT)",0,2843,2843,0,6326,6326
36119004100,"Westchester, NY (CT)",0,1682,1682,0,3817,3817
36119004200,"Westchester, NY (CT)",0,2188,2188,0,4334,4334
36119004300,"Westchester, NY (CT)",0,626,626,0,1686,1686
36119004400,"Westchester, NY (CT)",0,1382,1382,0,3367,3367
36119004500,"Westchester, NY (CT)",0,785,785,0,1467,1467
36119004600,"Westchester, NY (CT)",0,1422,1422,0,2784,2784
36119004700,"Westchester, NY (CT)",0,1008,1008,0,3539,3539
36119004800,"Westchester, NY (CT)",0,3122,3122,0,6486,6486
36119004900,"Westchester, NY (CT)",0,1765,1765,0,2860,2860
36119005001,"Westchester, NY (CT)",0,1302,1302,0,3576,3576
36119005002,"Westchester, NY (CT)",0,1664,1664,0,4297,4297
36119005100,"Westchester, NY (CT)",0,1824,1824,0,4017,4017
36119005200,"Westchester, NY (CT)",0,1640,1640,0,4804,4804
36119005300,"Westchester, NY (CT)",0,1963,1963,0,5081,5081
36119005400,"Westchester, NY (CT)",0,595,595,0,1829,1829
36119005500,"Westchester, NY (CT)",0,1925,1925,0,5486,5486
36119005600,"Westchester, NY (CT)",0,0,0,0,0,0
36119005701,"Westchester, NY (CT)",0,3005,3005,0,6216,6216
36119005702,"Westchester, NY (CT)",0,1425,1425,0,3299,3299
36119005800,"Westchester, NY (CT)",0,1674,1674,0,4242,4242
36119005901,"Westchester, NY (CT)",0,1858,1858,0,4603,4603
36119005902,"Westchester, NY (CT)",0,2529,2529,0,5340,5340
36119006000,"Westchester, NY (CT)",0,1786,1786,0,4325,4325
36119006100,"Westchester, NY (CT)",0,1594,1594,0,3821,3821
36119006200,"Westchester, NY (CT)",0,1918,1918,0,5727,5727
36119006300,"Westchester, NY (CT)",0,2300,2300,0,6781,6781
36119006400,"Westchester, NY (CT)",0,2019,2019,0,5489,5489
36119006500,"Westchester, NY (CT)",0,1696,1696,0,5252,5252
36119006600,"Westchester, NY (CT)",0,2031,2031,0,6121,6121
36119006700,"Westchester, NY (CT)",0,1658,1658,0,4993,4993
36119006801,"Westchester, NY (CT)",0,1904,1904,0,5429,5429
36119006802,"Westchester, NY (CT)",0,2189,2189,0,5424,5424
36119006900,"Westchester, NY (CT)",0,2225,2225,0,5890,5890
36119007000,"Westchester, NY (CT)",0,2517,2517,0,6087,6087
36119007100,"Westchester, NY (CT)",0,2215,2215,0,5864,5864
36119007200,"Westchester, NY (CT)",0,2822,2822,0,6514,6514
36119007300,"Westchester, NY (CT)",0,1783,1783,0,4801,4801
36119007401,"Westchester, NY (CT)",0,1807,1807,0,4768,4768
36119007402,"Westchester, NY (CT)",0,1100,1100,0,2846,2846
36119007500,"Westchester, NY (CT)",0,1715,1715,0,4612,4612
36119007600,"Westchester, NY (CT)",0,2160,2160,0,6160,6160
36119007700,"Westchester, NY (CT)",0,2082,2082,0,4948,4948
36119007800,"Westchester, NY (CT)",0,1320,1320,0,4372,4372
36119007900,"Westchester, NY (CT)",0,2767,2767,0,7930,7930
36119008000,"Westchester, NY (CT)",0,1639,1639,0,5316,5316
36119008100,"Westchester, NY (CT)",0,1746,1746,0,4418,4418
36119008200,"Westchester, NY (CT)",0,2574,2574,0,6931,6931
36119008301,"Westchester, NY (CT)",0,1064,1064,0,2687,2687
36119008302,"Westchester, NY (CT)",1,2538,2539,4,6656,6660
36119008401,"Westchester, NY (CT)",0,718,718,0,2142,2142
36119008403,"Westchester, NY (CT)",0,1447,1447,0,3641,3641
36119008404,"Westchester, NY (CT)",0,2133,2133,0,4790,4790
36119008500,"Westchester, NY (CT)",292,883,1175,771,2620,3391
36119008602,"Westchester, NY (CT)",338,978,1316,886,4771,5657
36119008700,"Westchester, NY (CT)",0,2167,2167,0,5326,5326
36119008800,"Westchester, NY (CT)",0,2407,2407,0,4341,4341
36119008901,"Westchester, NY (CT)",0,2801,2801,0,5375,5375
36119008902,"Westchester, NY (CT)",0,1419,1419,0,3759,3759
36119009000,"Westchester, NY (CT)",0,1846,1846,0,4080,4080
36119009100,"Westchester, NY (CT)",0,1985,1985,0,5704,5704
36119009200,"Westchester, NY (CT)",0,2478,2478,0,7065,7065
36119009300,"Westchester, NY (CT)",0,1562,1562,0,3022,3022
36119009400,"Westchester, NY (CT)",0,1856,1856,0,4221,4221
36119009500,"Westchester, NY (CT)",0,2547,2547,0,5120,5120
36119009600,"Westchester, NY (CT)",0,1640,1640,0,4387,4387
36119009701,"Westchester, NY (CT)",0,1085,1085,0,2881,2881
36119009702,"Westchester, NY (CT)",0,1132,1132,0,2847,2847
36119009703,"Westchester, NY (CT)",0,1624,1624,0,4051,4051
36119009800,"Westchester, NY (CT)",0,1456,1456,0,4514,4514
36119009900,"Westchester, NY (CT)",0,942,942,0,2981,2981
36119010000,"Westchester, NY (CT)",0,1725,1725,0,5182,5182
36119010100,"Westchester, NY (CT)",0,1524,1524,0,4489,4489
36119010200,"Westchester, NY (CT)",0,1739,1739,0,4738,4738
36119010300,"Westchester, NY (CT)",0,1531,1531,0,3111,3111
36119010400,"Westchester, NY (CT)",0,1531,1531,0,3916,3916
36119010500,"Westchester, NY (CT)",0,2660,2660,0,6959,6959
36119010600,"Westchester, NY (CT)",0,1639,1639,0,4452,4452
36119010701,"Westchester, NY (CT)",0,2012,2012,0,5842,5842
36119010702,"Westchester, NY (CT)",0,2483,2483,0,5268,5268
36119010801,"Westchester, NY (CT)",0,1261,1261,0,3352,3352
36119010803,"Westchester, NY (CT)",0,1998,1998,0,3631,3631
36119010804,"Westchester, NY (CT)",0,1222,1222,0,2511,2511
36119010901,"Westchester, NY (CT)",0,873,873,0,2194,2194
36119010902,"Westchester, NY (CT)",0,2281,2281,0,5989,5989
36119010903,"Westchester, NY (CT)",0,1751,1751,0,4896,4896
36119011000,"Westchester, NY (CT)",0,769,769,0,2267,2267
36119011101,"Westchester, NY (CT)",0,2023,2023,0,4973,4973
36119011102,"Westchester, NY (CT)",0,951,951,0,2747,2747
36119011200,"Westchester, NY (CT)",0,1292,1292,0,3857,3857
36119011300,"Westchester, NY (CT)",0,2664,2664,0,6413,6413
36119011400,"Westchester, NY (CT)",0,2453,2453,0,6368,6368
36119011500,"Westchester, NY (CT)",0,2319,2319,0,4916,4916
36119011600,"Westchester, NY (CT)",0,2518,2518,0,6848,6848
36119011700,"Westchester, NY (CT)",0,1074,1074,0,2926,2926
36119011800,"Westchester, NY (CT)",187,1466,1653,437,5189,5626
36119011902,"Westchester, NY (CT)",0,1610,1610,0,4278,4278
36119012000,"Westchester, NY (CT)",0,1614,1614,0,4725,4725
36119012101,"Westchester, NY (CT)",16,1836,1852,42,5591,5633
36119012102,"Westchester, NY (CT)",0,1553,1553,0,4435,4435
36119012200,"Westchester, NY (CT)",0,2680,2680,0,7019,7019
36119012301,"Westchester, NY (CT)",0,812,812,0,2168,2168
36119012303,"Westchester, NY (CT)",120,1540,1660,300,4477,4777
36119012304,"Westchester, NY (CT)",731,932,1663,2074,2822,4896
36119012400,"Westchester, NY (CT)",2040,68,2108,4933,171,5104
36119012501,"Westchester, NY (CT)",55,1106,1161,111,2942,3053
36119012502,"Westchester, NY (CT)",1045,1181,2226,2692,2932,5624
36119012503,"Westchester, NY (CT)",651,816,1467,1731,2003,3734
36119012600,"Westchester, NY (CT)",411,1310,1721,1048,3557,4605
36119012700,"Westchester, NY (CT)",1103,712,1815,2683,2019,4702
36119012802,"Westchester, NY (CT)",335,2454,2789,773,6126,6899
36119012900,"Westchester, NY (CT)",0,1821,1821,0,4414,4414
36119013000,"Westchester, NY (CT)",0,2468,2468,0,6463,6463
36119013102,"Westchester, NY (CT)",384,1772,2156,1127,4962,6089
36119013103,"Westchester, NY (CT)",203,1613,1816,542,4580,5122
36119013104,"Westchester, NY (CT)",2,2063,2065,3,6355,6358
36119013201,"Westchester, NY (CT)",62,1226,1288,183,4183,4366
36119013202,"Westchester, NY (CT)",0,1244,1244,0,2842,2842
36119013301,"Westchester, NY (CT)",0,1089,1089,0,3077,3077
36119013304,"Westchester, NY (CT)",0,1783,1783,0,5030,5030
36119013400,"Westchester, NY (CT)",0,2756,2756,0,6727,6727
36119013500,"Westchester, NY (CT)",0,1379,1379,0,3824,3824
36119013600,"Westchester, NY (CT)",0,1836,1836,0,4653,4653
36119013700,"Westchester, NY (CT)",0,1992,1992,0,5406,5406
36119013800,"Westchester, NY (CT)",0,1226,1226,0,3252,3252
36119013900,"Westchester, NY (CT)",0,1897,1897,0,4818,4818
36119014000,"Westchester, NY (CT)",0,863,863,0,2230,2230
36119014100,"Westchester, NY (CT)",0,2580,2580,0,6400,6400
36119014200,"Westchester, NY (CT)",0,1257,1257,0,3516,3516
36119014300,"Westchester, NY (CT)",0,1488,1488,0,3598,3598
36119014400,"Westchester, NY (CT)",0,2267,2267,0,5592,5592
36119014500,"Westchester, NY (CT)",0,2117,2117,0,4477,4477
36119014604,"Westchester, NY (CT)",0,1822,1822,0,4424,4424
36119014605,"Westchester, NY (CT)",0,1708,1708,0,2938,2938
36119014606,"Westchester, NY (CT)",814,1400,2214,1815,3957,5772
36119014607,"Westchester, NY (CT)",0,1457,1457,0,4474,4474
36119014701,"Westchester, NY (CT)",174,1559,1733,459,4325,4784
36119014703,"Westchester, NY (CT)",0,2094,2094,0,6106,6106
36119014704,"Westchester, NY (CT)",0,929,929,0,2224,2224
36119014804,"Westchester, NY (CT)",0,2955,2955,0,8021,8021
36119014805,"Westchester, NY (CT)",659,817,1476,1784,2555,4339
36119014806,"Westchester, NY (CT)",0,2319,2319,0,6467,6467
36119014808,"Westchester, NY (CT)",16,1197,1213,51,3413,3464
36119014809,"Westchester, NY (CT)",413,1900,2313,950,5165,6115
36119014810,"Westchester, NY (CT)",0,1302,1302,0,2086,2086
36119014811,"Westchester, NY (CT)",0,1840,1840,0,5589,5589
36119014901,"Westchester, NY (CT)",830,1164,1994,2494,3773,6267
36119014903,"Westchester, NY (CT)",0,2311,2311,0,4277,4277
36119014907,"Westchester, NY (CT)",0,1461,1461,0,4411,4411
36119014908,"Westchester, NY (CT)",6,935,941,13,2873,2886
36119014909,"Westchester, NY (CT)",0,1275,1275,0,2593,2593
36119015000,"Westchester, NY (CT)",1317,765,2082,3163,1941,5104
36119981000,"Westchester, NY (CT)",0,272,272,0,2234,2234
36119982000,"Westchester, NY (CT)",0,19,19,0,1749,1749
36119983000,"Westchester, NY (CT)",0,1,1,0,1129,1129
36119984000,"Westchester, NY (CT)",0,19,19,0,570,570
36119985000,"Westchester, NY (CT)",0,0,0,0,2525,2525
36121970100,"Wyoming, NY (CT)",1127,0,1127,2673,0,2673
36121970200,"Wyoming, NY (CT)",653,1076,1729,1639,6063,7702
36121970300,"Wyoming, NY (CT)",1425,0,1425,3359,0,3359
36121970400,"Wyoming, NY (CT)",1754,0,1754,3764,0,3764
36121970500,"Wyoming, NY (CT)",943,1412,2355,2047,3017,5064
36121970600,"Wyoming, NY (CT)",738,1452,2190,1598,3018,4616
36121970700,"Wyoming, NY (CT)",1140,598,1738,2236,670,2906
36121970800,"Wyoming, NY (CT)",1416,0,1416,3065,0,3065
36121970900,"Wyoming, NY (CT)",1013,0,1013,2057,0,2057
36121971000,"Wyoming, NY (CT)",836,1139,1975,1832,2373,4205
36121971100,"Wyoming, NY (CT)",1248,0,1248,2744,0,2744
36123150100,"Yates, NY (CT)",2847,407,3254,5425,517,5942
36123150200,"Yates, NY (CT)",950,1335,2285,2648,2913,5561
36123150300,"Yates, NY (CT)",3111,0,3111,5348,0,5348
36123150400,"Yates, NY (CT)",1393,833,2226,1738,2235,3973
36123150500,"Yates, NY (CT)",1821,794,2615,2895,1629,4524
37001020100,"Alamance, NC (CT)",0,2033,2033,0,3908,3908
37001020200,"Alamance, NC (CT)",0,1867,1867,0,4152,4152
37001020300,"Alamance, NC (CT)",69,3005,3074,146,7917,8063
37001020400,"Alamance, NC (CT)",169,2471,2640,378,5681,6059
37001020501,"Alamance, NC (CT)",0,1605,1605,0,3575,3575
37001020502,"Alamance, NC (CT)",0,1502,1502,0,3782,3782
37001020601,"Alamance, NC (CT)",0,1428,1428,0,3234,3234
37001020602,"Alamance, NC (CT)",0,1285,1285,0,2414,2414
37001020701,"Alamance, NC (CT)",0,2536,2536,0,4519,4519
37001020702,"Alamance, NC (CT)",0,2455,2455,0,4742,4742
37001020801,"Alamance, NC (CT)",0,716,716,0,1450,1450
37001020802,"Alamance, NC (CT)",0,2696,2696,0,5857,5857
37001020901,"Alamance, NC (CT)",0,1571,1571,0,3583,3583
37001020902,"Alamance, NC (CT)",25,1382,1407,59,3321,3380
37001021000,"Alamance, NC (CT)",0,1792,1792,0,3720,3720
37001021101,"Alamance, NC (CT)",0,1281,1281,0,2668,2668
37001021102,"Alamance, NC (CT)",0,1538,1538,0,3318,3318
37001021201,"Alamance, NC (CT)",523,1859,2382,1063,4189,5252
37001021204,"Alamance, NC (CT)",662,1102,1764,1433,2847,4280
37001021205,"Alamance, NC (CT)",4,2063,2067,6,4630,4636
37001021206,"Alamance, NC (CT)",9,1812,1821,24,4296,4320
37001021207,"Alamance, NC (CT)",284,1166,1450,657,2429,3086
37001021300,"Alamance, NC (CT)",2204,298,2502,5242,815,6057
37001021400,"Alamance, NC (CT)",1127,78,1205,2486,164,2650
37001021500,"Alamance, NC (CT)",1826,179,2005,4249,432,4681
37001021600,"Alamance, NC (CT)",1092,1289,2381,2222,4712,6934
37001021701,"Alamance, NC (CT)",0,1428,1428,0,3237,3237
37001021702,"Alamance, NC (CT)",0,1879,1879,0,5282,5282
37001021703,"Alamance, NC (CT)",236,2200,2436,579,4287,4866
37001021801,"Alamance, NC (CT)",1577,359,1936,3561,880,4441
37001021802,"Alamance, NC (CT)",1535,0,1535,3553,0,3553
37001021803,"Alamance, NC (CT)",1250,0,1250,2879,0,2879
37001021901,"Alamance, NC (CT)",1895,89,1984,4345,190,4535
37001021902,"Alamance, NC (CT)",1840,0,1840,4423,0,4423
37001022001,"Alamance, NC (CT)",1034,452,1486,2365,954,3319
37001022002,"Alamance, NC (CT)",1517,282,1799,3490,786,4276
37003040100,"Alexander, NC (CT)",1542,0,1542,3476,0,3476
37003040200,"Alexander, NC (CT)",1796,0,1796,3994,0,3994
37003040300,"Alexander, NC (CT)",1406,0,1406,3202,0,3202
37003040400,"Alexander, NC (CT)",1523,1503,3026,3322,3230,6552
37003040500,"Alexander, NC (CT)",2609,388,2997,6090,892,6982
37003040600,"Alexander, NC (CT)",2308,164,2472,5001,1346,6347
37003040700,"Alexander, NC (CT)",887,2063,2950,1987,4658,6645
37005950100,"Alleghany, NC (CT)",3381,0,3381,4079,0,4079
37005950200,"Alleghany, NC (CT)",2125,0,2125,3870,0,3870
37005950300,"Alleghany, NC (CT)",2588,0,2588,3206,0,3206
37007920100,"Anson, NC (CT)",1676,0,1676,3411,0,3411
37007920200,"Anson, NC (CT)",844,0,844,1738,0,1738
37007920300,"Anson, NC (CT)",2747,0,2747,8178,0,8178
37007920400,"Anson, NC (CT)",707,700,1407,1443,1589,3032
37007920500,"Anson, NC (CT)",893,1974,2867,1936,4202,6138
37007920600,"Anson, NC (CT)",2035,0,2035,4451,0,4451
37009970200,"Ashe, NC (CT)",1708,0,1708,2884,0,2884
37009970300,"Ashe, NC (CT)",1596,0,1596,2470,0,2470
37009970400,"Ashe, NC (CT)",1527,979,2506,2660,1865,4525
37009970500,"Ashe, NC (CT)",2687,1093,3780,4264,2264,6528
37009970700,"Ashe, NC (CT)",4225,0,4225,5926,0,5926
37009970800,"Ashe, NC (CT)",3527,0,3527,4948,0,4948
37011930100,"Avery, NC (CT)",2618,0,2618,3100,0,3100
37011930200,"Avery, NC (CT)",5316,0,5316,2723,0,2723
37011930301,"Avery, NC (CT)",2338,0,2338,3515,0,3515
37011930302,"Avery, NC (CT)",1724,0,1724,3130,0,3130
37011930400,"Avery, NC (CT)",1774,120,1894,3333,1996,5329
37013930100,"Beaufort, NC (CT)",2752,0,2752,5351,0,5351
37013930200,"Beaufort, NC (CT)",2040,630,2670,4712,1473,6185
37013930300,"Beaufort, NC (CT)",13,2158,2171,21,4050,4071
37013930400,"Beaufort, NC (CT)",248,2084,2332,454,4735,5189
37013930501,"Beaufort, NC (CT)",470,1909,2379,816,4029,4845
37013930502,"Beaufort, NC (CT)",1064,481,1545,2384,1085,3469
37013930600,"Beaufort, NC (CT)",1566,0,1566,3224,0,3224
37013930700,"Beaufort, NC (CT)",2292,0,2292,3023,0,3023
37013930800,"Beaufort, NC (CT)",1636,0,1636,2447,0,2447
37013930900,"Beaufort, NC (CT)",2587,0,2587,3904,0,3904
37013931000,"Beaufort, NC (CT)",2277,481,2758,4994,1057,6051
37015960100,"Bertie, NC (CT)",2850,0,2850,5677,0,5677
37015960200,"Bertie, NC (CT)",1820,0,1820,3953,0,3953
37015960300,"Bertie, NC (CT)",1785,0,1785,3667,0,3667
37015960400,"Bertie, NC (CT)",2198,1169,3367,4419,3566,7985
37017950100,"Bladen, NC (CT)",3989,0,3989,5693,0,5693
37017950200,"Bladen, NC (CT)",1505,0,1505,3366,0,3366
37017950300,"Bladen, NC (CT)",2931,0,2931,6719,0,6719
37017950400,"Bladen, NC (CT)",1430,1581,3011,3167,3085,6252
37017950500,"Bladen, NC (CT)",3175,0,3175,6707,0,6707
37017950600,"Bladen, NC (CT)",3107,0,3107,6453,0,6453
37019020101,"Brunswick, NC (CT)",1090,0,1090,2706,0,2706
37019020102,"Brunswick, NC (CT)",717,567,1284,1623,1216,2839
37019020103,"Brunswick, NC (CT)",213,3195,3408,467,6585,7052
37019020104,"Brunswick, NC (CT)",96,2284,2380,221,5084,5305
37019020201,"Brunswick, NC (CT)",0,1439,1439,0,3300,3300
37019020202,"Brunswick, NC (CT)",727,1943,2670,1732,3987,5719
37019020203,"Brunswick, NC (CT)",814,269,1083,1784,733,2517
37019020204,"Brunswick, NC (CT)",981,1568,2549,2047,3344,5391
37019020303,"Brunswick, NC (CT)",2026,0,2026,2712,0,2712
37019020304,"Brunswick, NC (CT)",925,2554,3479,1235,3611,4846
37019020305,"Brunswick, NC (CT)",423,1546,1969,766,2008,2774
37019020306,"Brunswick, NC (CT)",178,1129,1307,393,1959,2352
37019020307,"Brunswick, NC (CT)",1111,0,1111,158,0,158
37019020308,"Brunswick, NC (CT)",0,2126,2126,0,1648,1648
37019020309,"Brunswick, NC (CT)",0,3182,3182,0,2734,2734
37019020310,"Brunswick, NC (CT)",733,2673,3406,495,1654,2149
37019020402,"Brunswick, NC (CT)",3614,912,4526,1515,844,2359
37019020403,"Brunswick, NC (CT)",1870,2376,4246,2495,2076,4571
37019020404,"Brunswick, NC (CT)",2148,273,2421,2668,424,3092
37019020405,"Brunswick, NC (CT)",1826,0,1826,2949,0,2949
37019020504,"Brunswick, NC (CT)",247,1160,1407,471,972,1443
37019020505,"Brunswick, NC (CT)",1816,0,1816,4185,0,4185
37019020506,"Brunswick, NC (CT)",768,1481,2249,1387,2788,4175
37019020507,"Brunswick, NC (CT)",647,3518,4165,964,5079,6043
37019020508,"Brunswick, NC (CT)",705,896,1601,1277,975,2252
37019020509,"Brunswick, NC (CT)",472,3752,4224,514,3888,4402
37019020510,"Brunswick, NC (CT)",0,2346,2346,0,2160,2160
37019020511,"Brunswick, NC (CT)",156,1980,2136,57,2445,2502
37019020512,"Brunswick, NC (CT)",1763,2718,4481,183,472,655
37019020601,"Brunswick, NC (CT)",1678,545,2223,3493,1292,4785
37019020602,"Brunswick, NC (CT)",2236,0,2236,5147,0,5147
37019020603,"Brunswick, NC (CT)",1070,0,1070,2509,0,2509
37019990100,"Brunswick, NC (CT)",0,0,0,0,0,0
37021000100,"Buncombe, NC (CT)",0,915,915,0,1398,1398
37021000200,"Buncombe, NC (CT)",0,872,872,0,1797,1797
37021000300,"Buncombe, NC (CT)",0,997,997,0,2159,2159
37021000400,"Buncombe, NC (CT)",0,1478,1478,0,3775,3775
37021000500,"Buncombe, NC (CT)",0,1948,1948,0,3615,3615
37021000600,"Buncombe, NC (CT)",0,1229,1229,0,2127,2127
37021000700,"Buncombe, NC (CT)",0,630,630,0,1139,1139
37021000800,"Buncombe, NC (CT)",0,1622,1622,0,3530,3530
37021000900,"Buncombe, NC (CT)",0,1481,1481,0,3291,3291
37021001000,"Buncombe, NC (CT)",0,1885,1885,0,3977,3977
37021001100,"Buncombe, NC (CT)",0,2138,2138,0,4398,4398
37021001200,"Buncombe, NC (CT)",0,2218,2218,0,4592,4592
37021001300,"Buncombe, NC (CT)",0,1782,1782,0,3955,3955
37021001400,"Buncombe, NC (CT)",0,3121,3121,0,7191,7191
37021001500,"Buncombe, NC (CT)",0,1099,1099,0,2158,2158
37021001600,"Buncombe, NC (CT)",333,2704,3037,605,5414,6019
37021001700,"Buncombe, NC (CT)",495,826,1321,876,1547,2423
37021001801,"Buncombe, NC (CT)",215,1754,1969,356,2831,3187
37021001802,"Buncombe, NC (CT)",57,2198,2255,115,4343,4458
37021001900,"Buncombe, NC (CT)",6,1734,1740,5,3049,3054
37021002000,"Buncombe, NC (CT)",0,2787,2787,0,6032,6032
37021002101,"Buncombe, NC (CT)",86,612,698,163,1212,1375
37021002102,"Buncombe, NC (CT)",193,2238,2431,405,4679,5084
37021002203,"Buncombe, NC (CT)",0,2149,2149,0,4739,4739
37021002204,"Buncombe, NC (CT)",113,4219,4332,246,7680,7926
37021002205,"Buncombe, NC (CT)",7,2704,2711,11,6401,6412
37021002206,"Buncombe, NC (CT)",168,2409,2577,377,4357,4734
37021002301,"Buncombe, NC (CT)",692,1865,2557,1326,3975,5301
37021002302,"Buncombe, NC (CT)",724,2875,3599,1540,6018,7558
37021002401,"Buncombe, NC (CT)",1327,352,1679,2692,788,3480
37021002402,"Buncombe, NC (CT)",874,1337,2211,1878,2788,4666
37021002503,"Buncombe, NC (CT)",45,1747,1792,85,3869,3954
37021002504,"Buncombe, NC (CT)",1198,817,2015,2763,1773,4536
37021002505,"Buncombe, NC (CT)",30,1998,2028,70,4588,4658
37021002506,"Buncombe, NC (CT)",0,1736,1736,0,3741,3741
37021002603,"Buncombe, NC (CT)",1628,0,1628,3497,0,3497
37021002604,"Buncombe, NC (CT)",2186,378,2564,4983,906,5889
37021002605,"Buncombe, NC (CT)",990,1667,2657,2229,3302,5531
37021002606,"Buncombe, NC (CT)",639,932,1571,1465,2340,3805
37021002607,"Buncombe, NC (CT)",473,1325,1798,1042,3113,4155
37021002701,"Buncombe, NC (CT)",278,1034,1312,583,2908,3491
37021002702,"Buncombe, NC (CT)",499,1478,1977,1053,3026,4079
37021002703,"Buncombe, NC (CT)",1607,1069,2676,3317,2160,5477
37021002803,"Buncombe, NC (CT)",1033,649,1682,2363,1681,4044
37021002804,"Buncombe, NC (CT)",1057,1060,2117,2318,2680,4998
37021002900,"Buncombe, NC (CT)",1683,0,1683,3551,0,3551
37021003001,"Buncombe, NC (CT)",1333,2586,3919,2845,5764,8609
37021003002,"Buncombe, NC (CT)",797,2369,3166,1592,5608,7200
37021003102,"Buncombe, NC (CT)",955,2223,3178,1286,4377,5663
37021003103,"Buncombe, NC (CT)",356,614,970,680,1199,1879
37021003104,"Buncombe, NC (CT)",440,2417,2857,882,5017,5899
37021003201,"Buncombe, NC (CT)",373,514,887,720,1013,1733
37021003202,"Buncombe, NC (CT)",913,943,1856,2085,2322,4407
37021003203,"Buncombe, NC (CT)",636,1654,2290,1359,3657,5016
37021003204,"Buncombe, NC (CT)",2109,414,2523,4498,933,5431
37021003205,"Buncombe, NC (CT)",1015,0,1015,1525,0,1525
37023020100,"Burke, NC (CT)",1910,3,1913,4317,3,4320
37023020201,"Burke, NC (CT)",3262,0,3262,5953,0,5953
37023020202,"Burke, NC (CT)",999,905,1904,2260,2027,4287
37023020301,"Burke, NC (CT)",1167,1045,2212,2601,2297,4898
37023020302,"Burke, NC (CT)",2365,876,3241,5472,2131,7603
37023020500,"Burke, NC (CT)",0,1342,1342,0,2900,2900
37023020600,"Burke, NC (CT)",19,2817,2836,56,5834,5890
37023020801,"Burke, NC (CT)",346,2195,2541,793,4764,5557
37023020802,"Burke, NC (CT)",7,1458,1465,12,3256,3268
37023020900,"Burke, NC (CT)",319,2998,3317,671,6258,6929
37023021000,"Burke, NC (CT)",707,1766,2473,1652,4083,5735
37023021100,"Burke, NC (CT)",0,2836,2836,0,6431,6431
37023021201,"Burke, NC (CT)",1444,381,1825,3003,831,3834
37023021202,"Burke, NC (CT)",1331,592,1923,2941,1426,4367
37023021203,"Burke, NC (CT)",1826,0,1826,4409,0,4409
37023021301,"Burke, NC (CT)",724,1264,1988,1415,4562,5977
37023021302,"Burke, NC (CT)",1465,254,1719,2985,545,3530
37023021400,"Burke, NC (CT)",118,2138,2256,236,4788,5024
37025040500,"Cabarrus, NC (CT)",784,3729,4513,1770,10141,11911
37025040600,"Cabarrus, NC (CT)",2264,269,2533,5379,731,6110
37025040701,"Cabarrus, NC (CT)",0,790,790,0,1654,1654
37025040702,"Cabarrus, NC (CT)",0,2641,2641,0,6495,6495
37025040703,"Cabarrus, NC (CT)",0,1197,1197,0,2749,2749
37025040800,"Cabarrus, NC (CT)",0,1920,1920,0,3944,3944
37025040900,"Cabarrus, NC (CT)",0,935,935,0,1845,1845
37025041000,"Cabarrus, NC (CT)",0,2739,2739,0,6010,6010
37025041100,"Cabarrus, NC (CT)",26,2681,2707,46,6795,6841
37025041200,"Cabarrus, NC (CT)",1138,1445,2583,2733,3046,5779
37025041301,"Cabarrus, NC (CT)",1067,393,1460,2689,1049,3738
37025041302,"Cabarrus, NC (CT)",183,2409,2592,482,7085,7567
37025041303,"Cabarrus, NC (CT)",235,2168,2403,483,6511,6994
37025041501,"Cabarrus, NC (CT)",10,3198,3208,20,9548,9568
37025041502,"Cabarrus, NC (CT)",706,1526,2232,1743,4319,6062
37025041503,"Cabarrus, NC (CT)",485,635,1120,1243,1743,2986
37025041601,"Cabarrus, NC (CT)",2841,5,2846,6937,13,6950
37025041602,"Cabarrus, NC (CT)",1193,84,1277,2985,187,3172
37025041701,"Cabarrus, NC (CT)",1689,0,1689,4289,0,4289
37025041702,"Cabarrus, NC (CT)",1328,0,1328,3270,0,3270
37025041901,"Cabarrus, NC (CT)",0,780,780,0,2052,2052
37025041902,"Cabarrus, NC (CT)",0,1740,1740,0,4057,4057
37025042000,"Cabarrus, NC (CT)",0,1907,1907,0,4663,4663
37025042101,"Cabarrus, NC (CT)",0,1442,1442,0,3264,3264
37025042102,"Cabarrus, NC (CT)",0,1389,1389,0,3477,3477
37025042200,"Cabarrus, NC (CT)",13,2749,2762,29,6234,6263
37025042300,"Cabarrus, NC (CT)",0,2222,2222,0,4839,4839
37025042401,"Cabarrus, NC (CT)",62,1528,1590,156,3193,3349
37025042402,"Cabarrus, NC (CT)",0,2309,2309,0,4945,4945
37025042501,"Cabarrus, NC (CT)",0,1790,1790,0,4365,4365
37025042502,"Cabarrus, NC (CT)",0,1217,1217,0,2379,2379
37025042503,"Cabarrus, NC (CT)",0,1334,1334,0,3714,3714
37025042504,"Cabarrus, NC (CT)",0,530,530,0,1575,1575
37025042601,"Cabarrus, NC (CT)",0,1929,1929,0,5282,5282
37025042602,"Cabarrus, NC (CT)",8,1415,1423,19,3777,3796
37025042603,"Cabarrus, NC (CT)",0,2841,2841,0,7031,7031
37025042604,"Cabarrus, NC (CT)",0,2019,2019,0,5026,5026
37027030100,"Caldwell, NC (CT)",0,2790,2790,0,5479,5479
37027030200,"Caldwell, NC (CT)",986,1483,2469,2169,3465,5634
37027030300,"Caldwell, NC (CT)",3,1819,1822,7,4197,4204
37027030400,"Caldwell, NC (CT)",0,2068,2068,0,4636,4636
37027030500,"Caldwell, NC (CT)",238,1878,2116,537,4129,4666
37027030600,"Caldwell, NC (CT)",0,1861,1861,0,4303,4303
37027030700,"Caldwell, NC (CT)",134,3061,3195,301,6755,7056
37027030800,"Caldwell, NC (CT)",1293,2027,3320,3094,5075,8169
37027030900,"Caldwell, NC (CT)",2154,301,2455,4281,690,4971
37027031000,"Caldwell, NC (CT)",1905,0,1905,3042,0,3042
37027031100,"Caldwell, NC (CT)",1818,230,2048,3848,470,4318
37027031201,"Caldwell, NC (CT)",2032,111,2143,4497,175,4672
37027031202,"Caldwell, NC (CT)",1286,685,1971,2887,1700,4587
37027031300,"Caldwell, NC (CT)",1315,2169,3484,3055,5039,8094
37027031401,"Caldwell, NC (CT)",186,1217,1403,412,2781,3193
37027031402,"Caldwell, NC (CT)",206,1365,1571,455,3125,3580
37027031403,"Caldwell, NC (CT)",0,1038,1038,0,2425,2425
37029950101,"Camden, NC (CT)",2147,4,2151,5317,7,5324
37029950102,"Camden, NC (CT)",1925,28,1953,4618,38,4656
37031970101,"Carteret, NC (CT)",830,0,830,1216,0,1216
37031970102,"Carteret, NC (CT)",1646,0,1646,2608,0,2608
37031970103,"Carteret, NC (CT)",1869,0,1869,3046,0,3046
37031970200,"Carteret, NC (CT)",1177,0,1177,1207,0,1207
37031970301,"Carteret, NC (CT)",1158,1109,2267,2462,2161,4623
37031970302,"Carteret, NC (CT)",0,663,663,0,1092,1092
37031970303,"Carteret, NC (CT)",0,667,667,0,688,688
37031970304,"Carteret, NC (CT)",15,1484,1499,10,2231,2241
37031970401,"Carteret, NC (CT)",0,918,918,0,1520,1520
37031970402,"Carteret, NC (CT)",0,955,955,0,1582,1582
37031970403,"Carteret, NC (CT)",0,1078,1078,0,1191,1191
37031970501,"Carteret, NC (CT)",286,910,1196,654,1782,2436
37031970502,"Carteret, NC (CT)",0,896,896,0,1935,1935
37031970503,"Carteret, NC (CT)",0,1043,1043,0,2218,2218
37031970504,"Carteret, NC (CT)",0,723,723,0,1771,1771
37031970601,"Carteret, NC (CT)",0,633,633,0,1306,1306
37031970602,"Carteret, NC (CT)",0,504,504,0,1025,1025
37031970603,"Carteret, NC (CT)",30,695,725,65,1575,1640
37031970604,"Carteret, NC (CT)",0,1129,1129,0,2095,2095
37031970605,"Carteret, NC (CT)",0,851,851,0,1247,1247
37031970701,"Carteret, NC (CT)",247,313,560,565,844,1409
37031970702,"Carteret, NC (CT)",1178,360,1538,2760,769,3529
37031970703,"Carteret, NC (CT)",62,2204,2266,132,5320,5452
37031970704,"Carteret, NC (CT)",1104,0,1104,2379,0,2379
37031970801,"Carteret, NC (CT)",1240,36,1276,2305,58,2363
37031970802,"Carteret, NC (CT)",411,877,1288,457,1169,1626
37031970803,"Carteret, NC (CT)",150,721,871,280,1191,1471
37031970804,"Carteret, NC (CT)",88,1650,1738,198,2854,3052
37031970805,"Carteret, NC (CT)",531,210,741,1155,479,1634
37031970901,"Carteret, NC (CT)",0,1752,1752,0,1156,1156
37031970902,"Carteret, NC (CT)",0,2095,2095,0,1282,1282
37031970903,"Carteret, NC (CT)",0,2888,2888,0,1217,1217
37031971001,"Carteret, NC (CT)",693,1109,1802,71,285,356
37031971002,"Carteret, NC (CT)",0,2049,2049,0,1339,1339
37031971101,"Carteret, NC (CT)",0,2944,2944,0,962,962
37031971102,"Carteret, NC (CT)",368,1630,1998,101,454,555
37031980100,"Carteret, NC (CT)",0,0,0,0,0,0
37031990100,"Carteret, NC (CT)",0,0,0,0,0,0
37031990200,"Carteret, NC (CT)",0,0,0,0,0,0
37033930100,"Caswell, NC (CT)",1216,0,1216,2436,0,2436
37033930200,"Caswell, NC (CT)",2245,0,2245,5838,0,5838
37033930300,"Caswell, NC (CT)",1845,94,1939,3974,191,4165
37033930400,"Caswell, NC (CT)",1161,0,1161,2643,0,2643
37033930500,"Caswell, NC (CT)",1678,0,1678,3847,0,3847
37033930600,"Caswell, NC (CT)",2380,0,2380,4790,0,4790
37035010101,"Catawba, NC (CT)",2145,465,2610,5016,1096,6112
37035010102,"Catawba, NC (CT)",139,1773,1912,338,3719,4057
37035010201,"Catawba, NC (CT)",932,1048,1980,2014,2801,4815
37035010202,"Catawba, NC (CT)",788,2632,3420,1834,6531,8365
37035010301,"Catawba, NC (CT)",7,1902,1909,13,4808,4821
37035010302,"Catawba, NC (CT)",0,2429,2429,0,5467,5467
37035010303,"Catawba, NC (CT)",0,1735,1735,0,4027,4027
37035010304,"Catawba, NC (CT)",0,1644,1644,0,4344,4344
37035010401,"Catawba, NC (CT)",0,3524,3524,0,6593,6593
37035010402,"Catawba, NC (CT)",0,2263,2263,0,4948,4948
37035010501,"Catawba, NC (CT)",0,1806,1806,0,3753,3753
37035010502,"Catawba, NC (CT)",0,1353,1353,0,3226,3226
37035010600,"Catawba, NC (CT)",0,3046,3046,0,6421,6421
37035010700,"Catawba, NC (CT)",0,1251,1251,0,2426,2426
37035010900,"Catawba, NC (CT)",0,1783,1783,0,3762,3762
37035011000,"Catawba, NC (CT)",0,1074,1074,0,2644,2644
37035011101,"Catawba, NC (CT)",425,1115,1540,961,2536,3497
37035011102,"Catawba, NC (CT)",85,3046,3131,213,6660,6873
37035011200,"Catawba, NC (CT)",0,2712,2712,0,5983,5983
37035011300,"Catawba, NC (CT)",128,2928,3056,302,6885,7187
37035011401,"Catawba, NC (CT)",544,984,1528,1254,2271,3525
37035011402,"Catawba, NC (CT)",1321,361,1682,3148,882,4030
37035011501,"Catawba, NC (CT)",2165,34,2199,4764,57,4821
37035011503,"Catawba, NC (CT)",1715,0,1715,3715,0,3715
37035011504,"Catawba, NC (CT)",1433,1658,3091,2542,3074,5616
37035011601,"Catawba, NC (CT)",1225,456,1681,3082,1405,4487
37035011602,"Catawba, NC (CT)",1554,761,2315,3736,1810,5546
37035011701,"Catawba, NC (CT)",655,1118,1773,1657,2623,4280
37035011702,"Catawba, NC (CT)",1511,1290,2801,3756,3091,6847
37035011801,"Catawba, NC (CT)",1061,1337,2398,2610,3608,6218
37035011802,"Catawba, NC (CT)",2473,52,2525,5808,144,5952
37037020103,"Chatham, NC (CT)",974,913,1887,2114,2221,4335
37037020104,"Chatham, NC (CT)",925,1476,2401,2328,2339,4667
37037020105,"Chatham, NC (CT)",888,614,1502,1635,1285,2920
37037020106,"Chatham, NC (CT)",1572,125,1697,3558,303,3861
37037020200,"Chatham, NC (CT)",3531,0,3531,7666,0,7666
37037020300,"Chatham, NC (CT)",1302,15,1317,2875,54,2929
37037020401,"Chatham, NC (CT)",349,1792,2141,788,4987,5775
37037020402,"Chatham, NC (CT)",266,1498,1764,658,4035,4693
37037020500,"Chatham, NC (CT)",1716,0,1716,3751,0,3751
37037020600,"Chatham, NC (CT)",2463,0,2463,5351,0,5351
37037020701,"Chatham, NC (CT)",838,1763,2601,1903,3007,4910
37037020702,"Chatham, NC (CT)",1814,0,1814,3887,0,3887
37037020800,"Chatham, NC (CT)",2368,1551,3919,5350,3410,8760
37039930100,"Cherokee, NC (CT)",2582,0,2582,4571,0,4571
37039930200,"Cherokee, NC (CT)",1292,0,1292,2410,0,2410
37039930300,"Cherokee, NC (CT)",1749,0,1749,2439,0,2439
37039930400,"Cherokee, NC (CT)",3316,0,3316,6120,0,6120
37039930500,"Cherokee, NC (CT)",3196,0,3196,4693,0,4693
37039930601,"Cherokee, NC (CT)",2544,0,2544,3280,0,3280
37039930602,"Cherokee, NC (CT)",2836,0,2836,3931,0,3931
37041930101,"Chowan, NC (CT)",329,2389,2718,634,4790,5424
37041930102,"Chowan, NC (CT)",1177,0,1177,2335,0,2335
37041930200,"Chowan, NC (CT)",3394,0,3394,7034,0,7034
37043950100,"Clay, NC (CT)",3880,0,3880,5062,0,5062
37043950200,"Clay, NC (CT)",3260,0,3260,5525,0,5525
37045950101,"Cleveland, NC (CT)",2388,0,2388,5300,0,5300
37045950102,"Cleveland, NC (CT)",1282,0,1282,2786,0,2786
37045950200,"Cleveland, NC (CT)",2160,0,2160,4878,0,4878
37045950301,"Cleveland, NC (CT)",1410,539,1949,3251,1264,4515
37045950302,"Cleveland, NC (CT)",2067,417,2484,4819,1001,5820
37045950400,"Cleveland, NC (CT)",131,2851,2982,291,6586,6877
37045950500,"Cleveland, NC (CT)",343,1401,1744,656,2950,3606
37045950601,"Cleveland, NC (CT)",1158,483,1641,2742,1176,3918
37045950602,"Cleveland, NC (CT)",2349,175,2524,5534,480,6014
37045950700,"Cleveland, NC (CT)",270,3035,3305,581,6395,6976
37045950800,"Cleveland, NC (CT)",952,1083,2035,2061,2319,4380
37045950900,"Cleveland, NC (CT)",144,1373,1517,261,2691,2952
37045951000,"Cleveland, NC (CT)",0,1693,1693,0,3573,3573
37045951100,"Cleveland, NC (CT)",0,1527,1527,0,2842,2842
37045951200,"Cleveland, NC (CT)",220,2322,2542,433,4820,5253
37045951300,"Cleveland, NC (CT)",1187,43,1230,2804,110,2914
37045951400,"Cleveland, NC (CT)",2702,127,2829,6367,359,6726
37045951501,"Cleveland, NC (CT)",983,1082,2065,2147,3628,5775
37045951502,"Cleveland, NC (CT)",563,0,563,1298,0,1298
37045951503,"Cleveland, NC (CT)",834,192,1026,1901,562,2463
37045951601,"Cleveland, NC (CT)",1733,65,1798,4200,191,4391
37045951602,"Cleveland, NC (CT)",1030,1059,2089,2408,2413,4821
37047930100,"Columbus, NC (CT)",1843,0,1843,4198,0,4198
37047930200,"Columbus, NC (CT)",947,0,947,2175,0,2175
37047930300,"Columbus, NC (CT)",1483,0,1483,2620,0,2620
37047930400,"Columbus, NC (CT)",1918,0,1918,4062,0,4062
37047930500,"Columbus, NC (CT)",2103,0,2103,4536,0,4536
37047930600,"Columbus, NC (CT)",1855,0,1855,3878,0,3878
37047930700,"Columbus, NC (CT)",2361,0,2361,4815,0,4815
37047930800,"Columbus, NC (CT)",1137,625,1762,2631,1539,4170
37047930900,"Columbus, NC (CT)",558,1803,2361,1194,3555,4749
37047931000,"Columbus, NC (CT)",1446,830,2276,3335,2352,5687
37047931100,"Columbus, NC (CT)",1694,0,1694,3752,0,3752
37047931200,"Columbus, NC (CT)",1680,1166,2846,3975,3828,7803
37047931300,"Columbus, NC (CT)",2593,0,2593,5653,0,5653
37049960101,"Craven, NC (CT)",467,1803,2270,1010,2914,3924
37049960102,"Craven, NC (CT)",1342,780,2122,3104,1686,4790
37049960200,"Craven, NC (CT)",3430,0,3430,8637,0,8637
37049960300,"Craven, NC (CT)",3056,0,3056,6858,0,6858
37049960401,"Craven, NC (CT)",601,1550,2151,1253,3064,4317
37049960402,"Craven, NC (CT)",116,1620,1736,245,3597,3842
37049960403,"Craven, NC (CT)",0,1838,1838,0,4158,4158
37049960404,"Craven, NC (CT)",159,1429,1588,321,2844,3165
37049960500,"Craven, NC (CT)",411,3477,3888,875,7102,7977
37049960600,"Craven, NC (CT)",0,2336,2336,0,4980,4980
37049960700,"Craven, NC (CT)",0,1007,1007,0,1850,1850
37049960800,"Craven, NC (CT)",0,1694,1694,0,3321,3321
37049960900,"Craven, NC (CT)",0,1275,1275,0,2255,2255
37049961001,"Craven, NC (CT)",659,3272,3931,1496,7840,9336
37049961002,"Craven, NC (CT)",0,1815,1815,0,4170,4170
37049961100,"Craven, NC (CT)",462,3181,3643,833,8146,8979
37049961201,"Craven, NC (CT)",0,1416,1416,0,4095,4095
37049961202,"Craven, NC (CT)",19,208,227,75,3673,3748
37049961301,"Craven, NC (CT)",5,1596,1601,9,3631,3640
37049961302,"Craven, NC (CT)",86,2202,2288,174,5499,5673
37049961303,"Craven, NC (CT)",1690,0,1690,3790,0,3790
37051000200,"Cumberland, NC (CT)",0,778,778,0,1633,1633
37051000500,"Cumberland, NC (CT)",0,1090,1090,0,2194,2194
37051000600,"Cumberland, NC (CT)",0,2834,2834,0,5526,5526
37051000701,"Cumberland, NC (CT)",0,2435,2435,0,5685,5685
37051000702,"Cumberland, NC (CT)",0,1184,1184,0,2330,2330
37051000800,"Cumberland, NC (CT)",0,1577,1577,0,2654,2654
37051000900,"Cumberland, NC (CT)",0,2603,2603,0,4733,4733
37051001000,"Cumberland, NC (CT)",0,1267,1267,0,2605,2605
37051001100,"Cumberland, NC (CT)",0,1470,1470,0,4251,4251
37051001200,"Cumberland, NC (CT)",0,2720,2720,0,5617,5617
37051001400,"Cumberland, NC (CT)",1160,1733,2893,2414,3732,6146
37051001500,"Cumberland, NC (CT)",492,732,1224,1065,1798,2863
37051001601,"Cumberland, NC (CT)",0,3022,3022,0,7128,7128
37051001603,"Cumberland, NC (CT)",0,1789,1789,0,4344,4344
37051001604,"Cumberland, NC (CT)",0,2892,2892,0,7356,7356
37051001700,"Cumberland, NC (CT)",0,3601,3601,0,8716,8716
37051001800,"Cumberland, NC (CT)",0,1125,1125,0,2237,2237
37051001901,"Cumberland, NC (CT)",0,1019,1019,0,2204,2204
37051001902,"Cumberland, NC (CT)",0,1948,1948,0,4774,4774
37051001903,"Cumberland, NC (CT)",0,1948,1948,0,4326,4326
37051002001,"Cumberland, NC (CT)",0,1428,1428,0,2734,2734
37051002002,"Cumberland, NC (CT)",0,2516,2516,0,5022,5022
37051002100,"Cumberland, NC (CT)",0,1974,1974,0,4258,4258
37051002200,"Cumberland, NC (CT)",0,975,975,0,1786,1786
37051002300,"Cumberland, NC (CT)",0,2461,2461,0,4846,4846
37051002401,"Cumberland, NC (CT)",0,973,973,0,2005,2005
37051002402,"Cumberland, NC (CT)",0,1879,1879,0,3379,3379
37051002501,"Cumberland, NC (CT)",0,3208,3208,0,7267,7267
37051002502,"Cumberland, NC (CT)",28,3255,3283,62,7018,7080
37051002503,"Cumberland, NC (CT)",0,2443,2443,0,5262,5262
37051002504,"Cumberland, NC (CT)",79,2607,2686,76,6051,6127
37051002600,"Cumberland, NC (CT)",1910,0,1910,4218,0,4218
37051002700,"Cumberland, NC (CT)",3177,0,3177,8114,0,8114
37051002800,"Cumberland, NC (CT)",2699,0,2699,6253,0,6253
37051002900,"Cumberland, NC (CT)",1934,0,1934,4559,0,4559
37051003001,"Cumberland, NC (CT)",1788,2185,3973,4600,6208,10808
37051003002,"Cumberland, NC (CT)",907,192,1099,2230,521,2751
37051003102,"Cumberland, NC (CT)",3,1493,1496,5,4014,4019
37051003103,"Cumberland, NC (CT)",0,2118,2118,0,5325,5325
37051003104,"Cumberland, NC (CT)",239,2262,2501,614,5910,6524
37051003201,"Cumberland, NC (CT)",48,3934,3982,117,11314,11431
37051003203,"Cumberland, NC (CT)",0,2479,2479,0,5884,5884
37051003204,"Cumberland, NC (CT)",0,3639,3639,0,8569,8569
37051003205,"Cumberland, NC (CT)",0,2063,2063,0,5316,5316
37051003302,"Cumberland, NC (CT)",0,2398,2398,0,4985,4985
37051003304,"Cumberland, NC (CT)",0,3539,3539,0,7404,7404
37051003305,"Cumberland, NC (CT)",0,2927,2927,0,6350,6350
37051003307,"Cumberland, NC (CT)",0,1808,1808,0,4467,4467
37051003309,"Cumberland, NC (CT)",0,2782,2782,0,6134,6134
37051003310,"Cumberland, NC (CT)",0,2456,2456,0,5500,5500
37051003311,"Cumberland, NC (CT)",0,1667,1667,0,2752,2752
37051003312,"Cumberland, NC (CT)",0,2700,2700,0,6980,6980
37051003313,"Cumberland, NC (CT)",0,1904,1904,0,5335,5335
37051003314,"Cumberland, NC (CT)",0,2688,2688,0,7126,7126
37051003401,"Cumberland, NC (CT)",0,986,986,0,3936,3936
37051003402,"Cumberland, NC (CT)",0,0,0,0,1947,1947
37051003403,"Cumberland, NC (CT)",0,968,968,0,3618,3618
37051003404,"Cumberland, NC (CT)",0,0,0,0,1093,1093
37051003405,"Cumberland, NC (CT)",0,606,606,0,1975,1975
37051003406,"Cumberland, NC (CT)",0,339,339,0,1523,1523
37051003407,"Cumberland, NC (CT)",0,318,318,0,2316,2316
37051003408,"Cumberland, NC (CT)",0,1954,1954,0,4725,4725
37051003500,"Cumberland, NC (CT)",0,2377,2377,0,4621,4621
37051003600,"Cumberland, NC (CT)",263,2283,2546,548,4433,4981
37051003700,"Cumberland, NC (CT)",2894,0,2894,7322,0,7322
37051003800,"Cumberland, NC (CT)",0,1352,1352,0,2977,2977
37051980100,"Cumberland, NC (CT)",0,0,0,0,0,0
37051980200,"Cumberland, NC (CT)",0,0,0,505,0,505
37053110101,"Currituck, NC (CT)",4394,0,4394,542,0,542
37053110102,"Currituck, NC (CT)",721,0,721,1545,0,1545
37053110200,"Currituck, NC (CT)",2648,0,2648,6922,0,6922
37053110301,"Currituck, NC (CT)",1715,0,1715,4243,0,4243
37053110302,"Currituck, NC (CT)",1215,0,1215,2922,0,2922
37053110401,"Currituck, NC (CT)",1838,0,1838,3425,0,3425
37053110402,"Currituck, NC (CT)",1696,226,1922,3551,397,3948
37053990100,"Currituck, NC (CT)",0,0,0,0,0,0
37055970101,"Dare, NC (CT)",162,5206,5368,49,3626,3675
37055970102,"Dare, NC (CT)",1080,1887,2967,1885,1335,3220
37055970200,"Dare, NC (CT)",0,4214,4214,0,4636,4636
37055970300,"Dare, NC (CT)",19,5025,5044,29,6249,6278
37055970400,"Dare, NC (CT)",300,4646,4946,79,2710,2789
37055970501,"Dare, NC (CT)",537,163,700,933,313,1246
37055970502,"Dare, NC (CT)",5980,0,5980,4322,0,4322
37055970601,"Dare, NC (CT)",582,2840,3422,767,5228,5995
37055970602,"Dare, NC (CT)",851,0,851,1759,0,1759
37055990100,"Dare, NC (CT)",0,0,0,0,0,0
37055990200,"Dare, NC (CT)",0,0,0,0,0,0
37057060101,"Davidson, NC (CT)",209,2354,2563,436,5197,5633
37057060102,"Davidson, NC (CT)",1773,1233,3006,4123,3090,7213
37057060201,"Davidson, NC (CT)",1380,686,2066,3214,1695,4909
37057060202,"Davidson, NC (CT)",47,934,981,119,2305,2424
37057060203,"Davidson, NC (CT)",650,1721,2371,1510,4018,5528
37057060301,"Davidson, NC (CT)",4,1842,1846,9,4525,4534
37057060302,"Davidson, NC (CT)",295,1204,1499,683,2937,3620
37057060303,"Davidson, NC (CT)",1802,98,1900,4155,217,4372
37057060304,"Davidson, NC (CT)",1163,244,1407,2805,640,3445
37057060400,"Davidson, NC (CT)",1068,1350,2418,2424,3109,5533
37057060500,"Davidson, NC (CT)",1864,585,2449,4256,1243,5499
37057060601,"Davidson, NC (CT)",553,1098,1651,1452,2890,4342
37057060602,"Davidson, NC (CT)",336,876,1212,633,1930,2563
37057060700,"Davidson, NC (CT)",0,2248,2248,0,4915,4915
37057060800,"Davidson, NC (CT)",0,2033,2033,0,4538,4538
37057060900,"Davidson, NC (CT)",0,2407,2407,0,5471,5471
37057061000,"Davidson, NC (CT)",0,2284,2284,0,5158,5158
37057061100,"Davidson, NC (CT)",480,2530,3010,1130,5614,6744
37057061201,"Davidson, NC (CT)",396,2441,2837,945,4899,5844
37057061202,"Davidson, NC (CT)",1022,303,1325,2224,633,2857
37057061300,"Davidson, NC (CT)",0,1136,1136,0,2176,2176
37057061400,"Davidson, NC (CT)",0,1413,1413,0,3398,3398
37057061500,"Davidson, NC (CT)",84,2928,3012,179,6035,6214
37057061600,"Davidson, NC (CT)",0,1370,1370,0,2926,2926
37057061701,"Davidson, NC (CT)",712,1366,2078,1665,3192,4857
37057061702,"Davidson, NC (CT)",3058,21,3079,6686,44,6730
37057061703,"Davidson, NC (CT)",1595,168,1763,3917,432,4349
37057061802,"Davidson, NC (CT)",2713,337,3050,5987,753,6740
37057061803,"Davidson, NC (CT)",821,628,1449,2009,1494,3503
37057061804,"Davidson, NC (CT)",3487,0,3487,6536,0,6536
37057061901,"Davidson, NC (CT)",2634,43,2677,6209,92,6301
37057061902,"Davidson, NC (CT)",2254,40,2294,5175,133,5308
37057062001,"Davidson, NC (CT)",2496,0,2496,4677,0,4677
37057062002,"Davidson, NC (CT)",1838,0,1838,4021,0,4021
37059080100,"Davie, NC (CT)",3412,0,3412,7745,0,7745
37059080200,"Davie, NC (CT)",1578,776,2354,3480,1727,5207
37059080300,"Davie, NC (CT)",1480,2429,3909,3322,5335,8657
37059080400,"Davie, NC (CT)",2231,0,2231,5151,0,5151
37059080500,"Davie, NC (CT)",672,1201,1873,1587,2841,4428
37059080600,"Davie, NC (CT)",594,1068,1662,1311,2348,3659
37059080700,"Davie, NC (CT)",2796,1,2797,6391,2,6393
37061090100,"Duplin, NC (CT)",3896,26,3922,10011,51,10062
37061090200,"Duplin, NC (CT)",1739,213,1952,3830,511,4341
37061090300,"Duplin, NC (CT)",1215,1413,2628,2771,3012,5783
37061090400,"Duplin, NC (CT)",2578,0,2578,5962,0,5962
37061090501,"Duplin, NC (CT)",2501,0,2501,5518,0,5518
37061090502,"Duplin, NC (CT)",2135,0,2135,4608,0,4608
37061090600,"Duplin, NC (CT)",1600,0,1600,3541,0,3541
37061090701,"Duplin, NC (CT)",1812,0,1812,3933,0,3933
37061090702,"Duplin, NC (CT)",901,2020,2921,2001,4345,6346
37061090801,"Duplin, NC (CT)",1351,0,1351,3220,0,3220
37061090802,"Duplin, NC (CT)",2328,0,2328,5191,0,5191
37063000101,"Durham, NC (CT)",0,1309,1309,0,3152,3152
37063000102,"Durham, NC (CT)",0,1952,1952,0,4535,4535
37063000200,"Durham, NC (CT)",0,1399,1399,0,2946,2946
37063000301,"Durham, NC (CT)",0,1235,1235,0,2504,2504
37063000302,"Durham, NC (CT)",0,1691,1691,0,3426,3426
37063000401,"Durham, NC (CT)",0,1272,1272,0,2523,2523
37063000402,"Durham, NC (CT)",0,1141,1141,0,1963,1963
37063000500,"Durham, NC (CT)",0,2004,2004,0,4093,4093
37063000600,"Durham, NC (CT)",0,2332,2332,0,5177,5177
37063000700,"Durham, NC (CT)",0,1542,1542,0,2830,2830
37063000900,"Durham, NC (CT)",0,843,843,0,1668,1668
37063001001,"Durham, NC (CT)",0,1509,1509,0,3466,3466
37063001002,"Durham, NC (CT)",0,2305,2305,0,5974,5974
37063001100,"Durham, NC (CT)",0,1487,1487,0,3225,3225
37063001301,"Durham, NC (CT)",0,697,697,0,1128,1128
37063001303,"Durham, NC (CT)",0,850,850,0,3676,3676
37063001304,"Durham, NC (CT)",0,1185,1185,0,2557,2557
37063001400,"Durham, NC (CT)",0,1220,1220,0,2609,2609
37063001501,"Durham, NC (CT)",0,198,198,0,3070,3070
37063001502,"Durham, NC (CT)",0,3150,3150,0,5986,5986
37063001503,"Durham, NC (CT)",0,39,39,0,1941,1941
37063001601,"Durham, NC (CT)",166,2213,2379,347,5459,5806
37063001603,"Durham, NC (CT)",519,2029,2548,1269,5002,6271
37063001604,"Durham, NC (CT)",663,2048,2711,1587,5058,6645
37063001705,"Durham, NC (CT)",0,2202,2202,0,4519,4519
37063001706,"Durham, NC (CT)",0,2351,2351,0,4179,4179
37063001707,"Durham, NC (CT)",27,2996,3023,61,6424,6485
37063001708,"Durham, NC (CT)",0,1736,1736,0,3989,3989
37063001709,"Durham, NC (CT)",67,2624,2691,179,5930,6109
37063001710,"Durham, NC (CT)",0,1850,1850,0,4705,4705
37063001711,"Durham, NC (CT)",0,2100,2100,0,4503,4503
37063001801,"Durham, NC (CT)",567,2233,2800,1341,5782,7123
37063001802,"Durham, NC (CT)",0,2560,2560,0,6736,6736
37063001806,"Durham, NC (CT)",567,1662,2229,1229,4443,5672
37063001807,"Durham, NC (CT)",29,3569,3598,51,9365,9416
37063001808,"Durham, NC (CT)",285,1726,2011,525,4521,5046
37063001809,"Durham, NC (CT)",140,2331,2471,292,4856,5148
37063001900,"Durham, NC (CT)",724,567,1291,1603,1244,2847
37063002007,"Durham, NC (CT)",0,2310,2310,0,4854,4854
37063002008,"Durham, NC (CT)",0,1195,1195,0,2907,2907
37063002009,"Durham, NC (CT)",0,2012,2012,0,4685,4685
37063002013,"Durham, NC (CT)",0,1871,1871,0,4481,4481
37063002015,"Durham, NC (CT)",0,2576,2576,0,5127,5127
37063002016,"Durham, NC (CT)",0,2732,2732,0,5384,5384
37063002017,"Durham, NC (CT)",237,3186,3423,539,6115,6654
37063002018,"Durham, NC (CT)",0,3902,3902,0,7483,7483
37063002019,"Durham, NC (CT)",104,2491,2595,207,4201,4408
37063002020,"Durham, NC (CT)",37,2180,2217,95,5799,5894
37063002021,"Durham, NC (CT)",0,2345,2345,0,4432,4432
37063002022,"Durham, NC (CT)",0,2327,2327,0,4307,4307
37063002023,"Durham, NC (CT)",0,1392,1392,0,2808,2808
37063002024,"Durham, NC (CT)",0,2901,2901,0,5848,5848
37063002025,"Durham, NC (CT)",0,2466,2466,0,5938,5938
37063002026,"Durham, NC (CT)",0,2742,2742,0,5813,5813
37063002027,"Durham, NC (CT)",3,3789,3792,6,7266,7272
37063002028,"Durham, NC (CT)",48,3227,3275,73,5928,6001
37063002100,"Durham, NC (CT)",2443,278,2721,5651,711,6362
37063002200,"Durham, NC (CT)",0,1029,1029,0,1946,1946
37063002300,"Durham, NC (CT)",0,481,481,0,1331,1331
37063980100,"Durham, NC (CT)",2,0,2,4,0,4
37065020200,"Edgecombe, NC (CT)",348,2738,3086,736,5323,6059
37065020300,"Edgecombe, NC (CT)",136,2147,2283,282,5088,5370
37065020400,"Edgecombe, NC (CT)",60,2499,2559,130,4828,4958
37065020600,"Edgecombe, NC (CT)",691,527,1218,1729,1796,3525
37065020700,"Edgecombe, NC (CT)",984,0,984,2201,0,2201
37065020800,"Edgecombe, NC (CT)",1619,0,1619,3716,0,3716
37065020900,"Edgecombe, NC (CT)",174,1021,1195,379,2560,2939
37065021000,"Edgecombe, NC (CT)",41,1542,1583,91,3318,3409
37065021100,"Edgecombe, NC (CT)",471,1145,1616,1142,2815,3957
37065021200,"Edgecombe, NC (CT)",109,2123,2232,319,4888,5207
37065021300,"Edgecombe, NC (CT)",1990,9,1999,4833,27,4860
37065021400,"Edgecombe, NC (CT)",1582,119,1701,3854,287,4141
37065021500,"Edgecombe, NC (CT)",1480,0,1480,3313,0,3313
37065021600,"Edgecombe, NC (CT)",1283,0,1283,2897,0,2897
37067000100,"Forsyth, NC (CT)",0,1152,1152,0,2052,2052
37067000200,"Forsyth, NC (CT)",0,517,517,0,1103,1103
37067000301,"Forsyth, NC (CT)",0,856,856,0,1799,1799
37067000302,"Forsyth, NC (CT)",0,916,916,0,1859,1859
37067000400,"Forsyth, NC (CT)",0,1356,1356,0,3251,3251
37067000500,"Forsyth, NC (CT)",0,1146,1146,0,2391,2391
37067000600,"Forsyth, NC (CT)",0,1090,1090,0,2056,2056
37067000700,"Forsyth, NC (CT)",0,963,963,0,1764,1764
37067000801,"Forsyth, NC (CT)",0,364,364,0,3062,3062
37067000802,"Forsyth, NC (CT)",0,705,705,0,2100,2100
37067000900,"Forsyth, NC (CT)",0,1763,1763,0,3508,3508
37067001000,"Forsyth, NC (CT)",0,2166,2166,0,4652,4652
37067001100,"Forsyth, NC (CT)",0,1435,1435,0,2254,2254
37067001200,"Forsyth, NC (CT)",0,918,918,0,1959,1959
37067001300,"Forsyth, NC (CT)",0,794,794,0,4535,4535
37067001400,"Forsyth, NC (CT)",0,1534,1534,0,3710,3710
37067001500,"Forsyth, NC (CT)",0,1562,1562,0,4095,4095
37067001601,"Forsyth, NC (CT)",0,1609,1609,0,3652,3652
37067001602,"Forsyth, NC (CT)",0,1496,1496,0,3077,3077
37067001700,"Forsyth, NC (CT)",0,2309,2309,0,5231,5231
37067001800,"Forsyth, NC (CT)",0,1713,1713,0,4207,4207
37067001901,"Forsyth, NC (CT)",0,609,609,0,1549,1549
37067001902,"Forsyth, NC (CT)",0,933,933,0,1917,1917
37067002001,"Forsyth, NC (CT)",0,1014,1014,0,2367,2367
37067002002,"Forsyth, NC (CT)",0,1399,1399,0,3072,3072
37067002100,"Forsyth, NC (CT)",0,1067,1067,0,2151,2151
37067002200,"Forsyth, NC (CT)",0,2131,2131,0,3742,3742
37067002501,"Forsyth, NC (CT)",0,1234,1234,0,2590,2590
37067002502,"Forsyth, NC (CT)",0,1306,1306,0,2770,2770
37067002601,"Forsyth, NC (CT)",0,1224,1224,0,2481,2481
37067002603,"Forsyth, NC (CT)",0,3245,3245,0,6553,6553
37067002604,"Forsyth, NC (CT)",0,2438,2438,0,6441,6441
37067002701,"Forsyth, NC (CT)",0,2675,2675,0,5864,5864
37067002702,"Forsyth, NC (CT)",0,3062,3062,0,5675,5675
37067002703,"Forsyth, NC (CT)",0,3668,3668,0,6039,6039
37067002801,"Forsyth, NC (CT)",1243,615,1858,2812,1424,4236
37067002804,"Forsyth, NC (CT)",0,1634,1634,0,4150,4150
37067002806,"Forsyth, NC (CT)",0,1424,1424,0,3274,3274
37067002807,"Forsyth, NC (CT)",384,1864,2248,841,4190,5031
37067002808,"Forsyth, NC (CT)",252,1352,1604,603,2928,3531
37067002809,"Forsyth, NC (CT)",214,795,1009,443,1795,2238
37067002901,"Forsyth, NC (CT)",549,1462,2011,1231,3553,4784
37067002903,"Forsyth, NC (CT)",116,1488,1604,255,3573,3828
37067002904,"Forsyth, NC (CT)",860,140,1000,1831,320,2151
37067003002,"Forsyth, NC (CT)",0,1712,1712,0,3932,3932
37067003003,"Forsyth, NC (CT)",0,1383,1383,0,3272,3272
37067003004,"Forsyth, NC (CT)",0,1635,1635,0,3618,3618
37067003103,"Forsyth, NC (CT)",1040,1049,2089,2556,2912,5468
37067003105,"Forsyth, NC (CT)",380,1143,1523,906,2743,3649
37067003106,"Forsyth, NC (CT)",1245,90,1335,2893,206,3099
37067003107,"Forsyth, NC (CT)",394,1454,1848,939,3452,4391
37067003108,"Forsyth, NC (CT)",200,1316,1516,490,3005,3495
37067003201,"Forsyth, NC (CT)",0,2103,2103,0,4774,4774
37067003202,"Forsyth, NC (CT)",112,1760,1872,263,3641,3904
37067003307,"Forsyth, NC (CT)",0,1622,1622,0,3405,3405
37067003308,"Forsyth, NC (CT)",0,3056,3056,0,7880,7880
37067003309,"Forsyth, NC (CT)",0,1966,1966,0,4956,4956
37067003310,"Forsyth, NC (CT)",0,1561,1561,0,4061,4061
37067003311,"Forsyth, NC (CT)",0,729,729,0,1926,1926
37067003312,"Forsyth, NC (CT)",514,674,1188,1142,1550,2692
37067003313,"Forsyth, NC (CT)",386,300,686,879,579,1458
37067003314,"Forsyth, NC (CT)",84,1375,1459,189,2982,3171
37067003315,"Forsyth, NC (CT)",1,1837,1838,4,3420,3424
37067003402,"Forsyth, NC (CT)",543,441,984,1157,1025,2182
37067003403,"Forsyth, NC (CT)",0,1322,1322,0,3412,3412
37067003404,"Forsyth, NC (CT)",0,1632,1632,0,3917,3917
37067003500,"Forsyth, NC (CT)",121,2546,2667,224,6338,6562
37067003600,"Forsyth, NC (CT)",0,2538,2538,0,5968,5968
37067003701,"Forsyth, NC (CT)",0,2641,2641,0,4830,4830
37067003702,"Forsyth, NC (CT)",0,2106,2106,0,4514,4514
37067003703,"Forsyth, NC (CT)",55,2452,2507,123,5909,6032
37067003803,"Forsyth, NC (CT)",238,2160,2398,434,4133,4567
37067003804,"Forsyth, NC (CT)",166,2162,2328,327,3773,4100
37067003805,"Forsyth, NC (CT)",0,2847,2847,0,5573,5573
37067003806,"Forsyth, NC (CT)",0,1289,1289,0,3012,3012
37067003903,"Forsyth, NC (CT)",0,2392,2392,0,4477,4477
37067003904,"Forsyth, NC (CT)",0,3208,3208,0,5907,5907
37067003905,"Forsyth, NC (CT)",0,2204,2204,0,3607,3607
37067003906,"Forsyth, NC (CT)",0,1446,1446,0,3436,3436
37067003908,"Forsyth, NC (CT)",0,1262,1262,0,3085,3085
37067003909,"Forsyth, NC (CT)",0,2140,2140,0,4356,4356
37067004005,"Forsyth, NC (CT)",0,1961,1961,0,4695,4695
37067004007,"Forsyth, NC (CT)",1062,1693,2755,2607,4497,7104
37067004009,"Forsyth, NC (CT)",221,1345,1566,455,3347,3802
37067004010,"Forsyth, NC (CT)",0,1446,1446,0,3392,3392
37067004011,"Forsyth, NC (CT)",0,2400,2400,0,5645,5645
37067004012,"Forsyth, NC (CT)",0,2420,2420,0,5611,5611
37067004013,"Forsyth, NC (CT)",0,1268,1268,0,3083,3083
37067004014,"Forsyth, NC (CT)",0,1452,1452,0,3016,3016
37067004015,"Forsyth, NC (CT)",16,1492,1508,39,3257,3296
37067004102,"Forsyth, NC (CT)",672,789,1461,1438,1818,3256
37067004103,"Forsyth, NC (CT)",0,1409,1409,0,3478,3478
37067004104,"Forsyth, NC (CT)",319,1114,1433,681,2748,3429
37069060100,"Franklin, NC (CT)",2114,0,2114,4663,0,4663
37069060200,"Franklin, NC (CT)",1789,0,1789,3711,0,3711
37069060301,"Franklin, NC (CT)",1579,808,2387,3634,2341,5975
37069060302,"Franklin, NC (CT)",492,681,1173,1210,1353,2563
37069060401,"Franklin, NC (CT)",1051,0,1051,2441,0,2441
37069060402,"Franklin, NC (CT)",2383,0,2383,4944,0,4944
37069060501,"Franklin, NC (CT)",1176,1193,2369,2885,3070,5955
37069060502,"Franklin, NC (CT)",2369,718,3087,6159,1759,7918
37069060600,"Franklin, NC (CT)",3478,0,3478,8582,0,8582
37069060700,"Franklin, NC (CT)",3061,0,3061,4709,0,4709
37069060801,"Franklin, NC (CT)",1616,0,1616,4204,0,4204
37069060802,"Franklin, NC (CT)",1915,154,2069,4577,377,4954
37071030101,"Gaston, NC (CT)",1133,302,1435,2605,778,3383
37071030102,"Gaston, NC (CT)",45,1452,1497,76,3239,3315
37071030203,"Gaston, NC (CT)",643,377,1020,1519,826,2345
37071030204,"Gaston, NC (CT)",533,579,1112,1316,1684,3000
37071030205,"Gaston, NC (CT)",501,1105,1606,1256,2596,3852
37071030301,"Gaston, NC (CT)",782,343,1125,1837,750,2587
37071030302,"Gaston, NC (CT)",731,437,1168,1662,1003,2665
37071030401,"Gaston, NC (CT)",1501,227,1728,3569,557,4126
37071030402,"Gaston, NC (CT)",1117,587,1704,2852,1516,4368
37071030501,"Gaston, NC (CT)",1092,0,1092,2569,0,2569
37071030502,"Gaston, NC (CT)",1684,0,1684,3784,0,3784
37071030601,"Gaston, NC (CT)",318,853,1171,750,1960,2710
37071030602,"Gaston, NC (CT)",291,755,1046,669,1838,2507
37071030700,"Gaston, NC (CT)",298,1145,1443,679,2276,2955
37071030801,"Gaston, NC (CT)",482,152,634,1137,339,1476
37071030802,"Gaston, NC (CT)",419,1428,1847,907,3308,4215
37071030901,"Gaston, NC (CT)",0,1073,1073,0,2273,2273
37071030902,"Gaston, NC (CT)",5,1233,1238,10,2917,2927
37071031001,"Gaston, NC (CT)",256,956,1212,653,2212,2865
37071031003,"Gaston, NC (CT)",2,1502,1504,4,3799,3803
37071031004,"Gaston, NC (CT)",0,1184,1184,0,2561,2561
37071031101,"Gaston, NC (CT)",222,952,1174,475,2292,2767
37071031102,"Gaston, NC (CT)",0,1031,1031,0,2201,2201
37071031201,"Gaston, NC (CT)",0,1413,1413,0,3080,3080
37071031202,"Gaston, NC (CT)",0,839,839,0,2404,2404
37071031301,"Gaston, NC (CT)",0,1376,1376,0,3383,3383
37071031302,"Gaston, NC (CT)",0,1955,1955,0,4535,4535
37071031401,"Gaston, NC (CT)",0,1215,1215,0,2986,2986
37071031402,"Gaston, NC (CT)",0,1024,1024,0,2356,2356
37071031500,"Gaston, NC (CT)",168,1289,1457,385,2996,3381
37071031600,"Gaston, NC (CT)",195,1342,1537,409,3080,3489
37071031701,"Gaston, NC (CT)",1029,470,1499,2506,1164,3670
37071031703,"Gaston, NC (CT)",242,943,1185,527,2182,2709
37071031704,"Gaston, NC (CT)",188,1319,1507,408,3282,3690
37071031800,"Gaston, NC (CT)",0,1477,1477,0,3532,3532
37071031900,"Gaston, NC (CT)",0,1293,1293,0,2973,2973
37071032000,"Gaston, NC (CT)",0,1085,1085,0,2655,2655
37071032100,"Gaston, NC (CT)",0,1218,1218,0,2923,2923
37071032200,"Gaston, NC (CT)",0,2026,2026,0,3906,3906
37071032301,"Gaston, NC (CT)",0,1041,1041,0,2308,2308
37071032302,"Gaston, NC (CT)",0,1275,1275,0,2626,2626
37071032401,"Gaston, NC (CT)",0,2064,2064,0,4577,4577
37071032402,"Gaston, NC (CT)",326,1385,1711,709,3579,4288
37071032502,"Gaston, NC (CT)",604,648,1252,1381,1772,3153
37071032505,"Gaston, NC (CT)",0,1425,1425,0,3299,3299
37071032506,"Gaston, NC (CT)",0,1534,1534,0,3375,3375
37071032507,"Gaston, NC (CT)",0,1382,1382,0,3405,3405
37071032508,"Gaston, NC (CT)",52,1027,1079,109,2636,2745
37071032600,"Gaston, NC (CT)",0,1644,1644,0,3825,3825
37071032702,"Gaston, NC (CT)",0,954,954,0,1798,1798
37071032703,"Gaston, NC (CT)",0,883,883,0,1940,1940
37071032704,"Gaston, NC (CT)",0,2313,2313,0,4488,4488
37071032800,"Gaston, NC (CT)",0,2879,2879,0,6203,6203
37071032900,"Gaston, NC (CT)",0,1587,1587,0,3472,3472
37071033100,"Gaston, NC (CT)",0,1239,1239,0,2538,2538
37071033202,"Gaston, NC (CT)",0,887,887,0,2062,2062
37071033203,"Gaston, NC (CT)",0,1001,1001,0,2438,2438
37071033204,"Gaston, NC (CT)",0,1443,1443,0,3791,3791
37071033303,"Gaston, NC (CT)",0,1295,1295,0,3196,3196
37071033304,"Gaston, NC (CT)",32,1796,1828,71,4526,4597
37071033305,"Gaston, NC (CT)",118,1423,1541,321,3621,3942
37071033306,"Gaston, NC (CT)",585,1,586,1568,4,1572
37071033307,"Gaston, NC (CT)",742,89,831,1702,220,1922
37071033400,"Gaston, NC (CT)",177,1064,1241,394,2475,2869
37071033500,"Gaston, NC (CT)",687,1250,1937,1672,3059,4731
37073970100,"Gates, NC (CT)",2012,0,2012,4684,0,4684
37073970200,"Gates, NC (CT)",1735,0,1735,4174,0,4174
37073970300,"Gates, NC (CT)",1461,0,1461,3339,0,3339
37075920100,"Graham, NC (CT)",2162,0,2162,2197,0,2197
37075920200,"Graham, NC (CT)",1602,0,1602,2869,0,2869
37075920300,"Graham, NC (CT)",2166,0,2166,3795,0,3795
37077970101,"Granville, NC (CT)",2404,0,2404,5273,0,5273
37077970102,"Granville, NC (CT)",1564,0,1564,3606,0,3606
37077970200,"Granville, NC (CT)",952,786,1738,2365,1905,4270
37077970300,"Granville, NC (CT)",507,1094,1601,1170,2476,3646
37077970400,"Granville, NC (CT)",21,1852,1873,50,3990,4040
37077970500,"Granville, NC (CT)",1239,335,1574,3036,803,3839
37077970601,"Granville, NC (CT)",2061,111,2172,5044,336,5380
37077970602,"Granville, NC (CT)",2189,880,3069,5337,2246,7583
37077970603,"Granville, NC (CT)",796,1979,2775,1703,4557,6260
37077970701,"Granville, NC (CT)",2001,2,2003,4746,3,4749
37077970702,"Granville, NC (CT)",4,829,833,7,2509,2516
37077970703,"Granville, NC (CT)",185,1033,1218,467,3600,4067
37077970704,"Granville, NC (CT)",3,0,3,0,4687,4687
37079950101,"Greene, NC (CT)",1697,0,1697,4018,0,4018
37079950102,"Greene, NC (CT)",1385,0,1385,5260,0,5260
37079950200,"Greene, NC (CT)",1918,0,1918,4704,0,4704
37079950300,"Greene, NC (CT)",3213,0,3213,7380,0,7380
37081010100,"Guilford, NC (CT)",0,667,667,0,1561,1561
37081010200,"Guilford, NC (CT)",0,2312,2312,0,4070,4070
37081010300,"Guilford, NC (CT)",0,1021,1021,0,2426,2426
37081010401,"Guilford, NC (CT)",0,841,841,0,1453,1453
37081010403,"Guilford, NC (CT)",0,822,822,0,1594,1594
37081010404,"Guilford, NC (CT)",0,1067,1067,0,2502,2502
37081010500,"Guilford, NC (CT)",0,1229,1229,0,2173,2173
37081010601,"Guilford, NC (CT)",0,1436,1436,0,2780,2780
37081010602,"Guilford, NC (CT)",0,2196,2196,0,4592,4592
37081010701,"Guilford, NC (CT)",0,1273,1273,0,1919,1919
37081010702,"Guilford, NC (CT)",0,870,870,0,4307,4307
37081010800,"Guilford, NC (CT)",0,1305,1305,0,2409,2409
37081010900,"Guilford, NC (CT)",0,1340,1340,0,2001,2001
37081011000,"Guilford, NC (CT)",0,821,821,0,4768,4768
37081011101,"Guilford, NC (CT)",0,1894,1894,0,4260,4260
37081011102,"Guilford, NC (CT)",0,1303,1303,0,2602,2602
37081011200,"Guilford, NC (CT)",0,2595,2595,0,5391,5391
37081011300,"Guilford, NC (CT)",0,1453,1453,0,2862,2862
37081011400,"Guilford, NC (CT)",0,1899,1899,0,5291,5291
37081011500,"Guilford, NC (CT)",0,1437,1437,0,2964,2964
37081011601,"Guilford, NC (CT)",0,1110,1110,0,2453,2453
37081011602,"Guilford, NC (CT)",0,1258,1258,0,2981,2981
37081011904,"Guilford, NC (CT)",0,2040,2040,0,4265,4265
37081011905,"Guilford, NC (CT)",0,1973,1973,0,5077,5077
37081012503,"Guilford, NC (CT)",0,1946,1946,0,4176,4176
37081012504,"Guilford, NC (CT)",0,1592,1592,0,3246,3246
37081012505,"Guilford, NC (CT)",0,1901,1901,0,4353,4353
37081012508,"Guilford, NC (CT)",0,1687,1687,0,3289,3289
37081012509,"Guilford, NC (CT)",0,1028,1028,0,2223,2223
37081012510,"Guilford, NC (CT)",0,1238,1238,0,3090,3090
37081012511,"Guilford, NC (CT)",0,2057,2057,0,4961,4961
37081012601,"Guilford, NC (CT)",0,3403,3403,0,5912,5912
37081012604,"Guilford, NC (CT)",0,2234,2234,0,4908,4908
37081012607,"Guilford, NC (CT)",0,871,871,0,2301,2301
37081012608,"Guilford, NC (CT)",0,1166,1166,0,2392,2392
37081012609,"Guilford, NC (CT)",0,3535,3535,0,7342,7342
37081012610,"Guilford, NC (CT)",0,1216,1216,0,3159,3159
37081012611,"Guilford, NC (CT)",0,1690,1690,0,3577,3577
37081012612,"Guilford, NC (CT)",0,2673,2673,0,5947,5947
37081012617,"Guilford, NC (CT)",0,1406,1406,0,3478,3478
37081012703,"Guilford, NC (CT)",0,2442,2442,0,5373,5373
37081012704,"Guilford, NC (CT)",0,1535,1535,0,3214,3214
37081012705,"Guilford, NC (CT)",0,1677,1677,0,4056,4056
37081012706,"Guilford, NC (CT)",0,1424,1424,0,3159,3159
37081012707,"Guilford, NC (CT)",0,1131,1131,0,2589,2589
37081012803,"Guilford, NC (CT)",629,2430,3059,1356,6284,7640
37081012804,"Guilford, NC (CT)",0,1986,1986,0,4184,4184
37081012805,"Guilford, NC (CT)",0,1220,1220,0,2545,2545
37081013601,"Guilford, NC (CT)",0,696,696,0,3092,3092
37081013602,"Guilford, NC (CT)",0,2001,2001,0,4138,4138
37081013700,"Guilford, NC (CT)",0,1949,1949,0,4141,4141
37081013800,"Guilford, NC (CT)",0,2190,2190,0,4685,4685
37081013900,"Guilford, NC (CT)",0,2014,2014,0,4509,4509
37081014000,"Guilford, NC (CT)",0,1437,1437,0,3079,3079
37081014200,"Guilford, NC (CT)",0,1539,1539,0,3503,3503
37081014300,"Guilford, NC (CT)",0,1456,1456,0,3045,3045
37081014406,"Guilford, NC (CT)",0,932,932,0,2337,2337
37081014407,"Guilford, NC (CT)",0,2812,2812,0,5635,5635
37081014408,"Guilford, NC (CT)",0,956,956,0,2326,2326
37081014409,"Guilford, NC (CT)",0,1475,1475,0,2893,2893
37081014410,"Guilford, NC (CT)",0,1928,1928,0,3591,3591
37081014411,"Guilford, NC (CT)",0,2441,2441,0,4806,4806
37081014412,"Guilford, NC (CT)",0,1249,1249,0,2587,2587
37081014501,"Guilford, NC (CT)",0,595,595,0,1300,1300
37081014502,"Guilford, NC (CT)",45,1829,1874,83,4350,4433
37081014503,"Guilford, NC (CT)",0,1449,1449,0,3523,3523
37081015100,"Guilford, NC (CT)",1774,0,1774,4097,0,4097
37081015200,"Guilford, NC (CT)",1013,2839,3852,2341,6071,8412
37081015300,"Guilford, NC (CT)",1488,1799,3287,3339,4452,7791
37081015401,"Guilford, NC (CT)",1018,1228,2246,2515,3012,5527
37081015402,"Guilford, NC (CT)",987,1964,2951,2268,4943,7211
37081015500,"Guilford, NC (CT)",445,2112,2557,1080,5031,6111
37081015600,"Guilford, NC (CT)",2822,638,3460,7455,1869,9324
37081015703,"Guilford, NC (CT)",0,2791,2791,0,5863,5863
37081015704,"Guilford, NC (CT)",0,3104,3104,0,6171,6171
37081015705,"Guilford, NC (CT)",0,2102,2102,0,3158,3158
37081015706,"Guilford, NC (CT)",143,1910,2053,328,4960,5288
37081015707,"Guilford, NC (CT)",0,3181,3181,0,6612,6612
37081015800,"Guilford, NC (CT)",1063,1868,2931,2777,5207,7984
37081015901,"Guilford, NC (CT)",1794,306,2100,4367,903,5270
37081015902,"Guilford, NC (CT)",747,627,1374,1880,1731,3611
37081016003,"Guilford, NC (CT)",79,1521,1600,183,4111,4294
37081016005,"Guilford, NC (CT)",0,781,781,0,1721,1721
37081016006,"Guilford, NC (CT)",0,1665,1665,0,3159,3159
37081016007,"Guilford, NC (CT)",0,2529,2529,0,4933,4933
37081016008,"Guilford, NC (CT)",0,2777,2777,0,7034,7034
37081016009,"Guilford, NC (CT)",0,1477,1477,0,3743,3743
37081016010,"Guilford, NC (CT)",0,1440,1440,0,2607,2607
37081016011,"Guilford, NC (CT)",0,3248,3248,0,5627,5627
37081016101,"Guilford, NC (CT)",0,2186,2186,0,5063,5063
37081016102,"Guilford, NC (CT)",0,2153,2153,0,3930,3930
37081016103,"Guilford, NC (CT)",0,2698,2698,0,5068,5068
37081016201,"Guilford, NC (CT)",989,1016,2005,2492,2860,5352
37081016203,"Guilford, NC (CT)",496,1244,1740,1094,2919,4013
37081016204,"Guilford, NC (CT)",222,850,1072,474,2511,2985
37081016205,"Guilford, NC (CT)",0,1582,1582,0,3903,3903
37081016303,"Guilford, NC (CT)",0,1452,1452,0,3316,3316
37081016304,"Guilford, NC (CT)",0,1459,1459,0,3758,3758
37081016305,"Guilford, NC (CT)",0,1553,1553,0,3538,3538
37081016306,"Guilford, NC (CT)",0,2224,2224,0,4500,4500
37081016405,"Guilford, NC (CT)",0,977,977,0,1691,1691
37081016406,"Guilford, NC (CT)",0,1990,1990,0,3300,3300
37081016407,"Guilford, NC (CT)",0,1844,1844,0,4577,4577
37081016408,"Guilford, NC (CT)",0,788,788,0,1956,1956
37081016409,"Guilford, NC (CT)",0,1037,1037,0,2513,2513
37081016410,"Guilford, NC (CT)",0,2237,2237,0,5520,5520
37081016502,"Guilford, NC (CT)",174,2302,2476,372,5226,5598
37081016503,"Guilford, NC (CT)",0,2131,2131,0,3729,3729
37081016505,"Guilford, NC (CT)",0,2382,2382,0,5072,5072
37081016506,"Guilford, NC (CT)",0,1831,1831,0,4900,4900
37081016600,"Guilford, NC (CT)",627,457,1084,1354,1146,2500
37081016701,"Guilford, NC (CT)",545,1659,2204,1190,3936,5126
37081016702,"Guilford, NC (CT)",1497,87,1584,3315,207,3522
37081016800,"Guilford, NC (CT)",809,2027,2836,1753,4831,6584
37081016900,"Guilford, NC (CT)",1922,17,1939,4541,157,4698
37081017000,"Guilford, NC (CT)",2050,0,2050,4516,0,4516
37081017100,"Guilford, NC (CT)",717,2293,3010,1669,5604,7273
37081017200,"Guilford, NC (CT)",2228,713,2941,5161,1758,6919
37081980100,"Guilford, NC (CT)",0,0,0,0,0,0
37083930100,"Halifax, NC (CT)",688,977,1665,1391,2044,3435
37083930200,"Halifax, NC (CT)",0,2509,2509,0,5310,5310
37083930300,"Halifax, NC (CT)",0,2059,2059,0,4817,4817
37083930400,"Halifax, NC (CT)",0,1585,1585,0,3629,3629
37083930501,"Halifax, NC (CT)",66,1661,1727,116,3840,3956
37083930502,"Halifax, NC (CT)",1882,694,2576,4000,1540,5540
37083930600,"Halifax, NC (CT)",1525,490,2015,3177,920,4097
37083930700,"Halifax, NC (CT)",2626,0,2626,4108,0,4108
37083930800,"Halifax, NC (CT)",2318,0,2318,5312,0,5312
37083930900,"Halifax, NC (CT)",1371,1189,2560,2905,2672,5577
37083931000,"Halifax, NC (CT)",1376,0,1376,3488,0,3488
37083931100,"Halifax, NC (CT)",2765,0,2765,5422,0,5422
37085070100,"Harnett, NC (CT)",426,1597,2023,913,3617,4530
37085070200,"Harnett, NC (CT)",649,907,1556,1385,1877,3262
37085070300,"Harnett, NC (CT)",466,1972,2438,979,3928,4907
37085070401,"Harnett, NC (CT)",1177,577,1754,2731,1232,3963
37085070402,"Harnett, NC (CT)",1970,630,2600,5148,1531,6679
37085070500,"Harnett, NC (CT)",508,2119,2627,1138,4776,5914
37085070600,"Harnett, NC (CT)",1890,0,1890,4377,0,4377
37085070700,"Harnett, NC (CT)",985,1117,2102,2213,3187,5400
37085070801,"Harnett, NC (CT)",874,0,874,2070,0,2070
37085070802,"Harnett, NC (CT)",695,855,1550,1479,3490,4969
37085070901,"Harnett, NC (CT)",0,1082,1082,0,2574,2574
37085070902,"Harnett, NC (CT)",690,435,1125,1637,1043,2680
37085070903,"Harnett, NC (CT)",609,312,921,1496,770,2266
37085070904,"Harnett, NC (CT)",766,532,1298,1914,1430,3344
37085071001,"Harnett, NC (CT)",1965,7,1972,5002,27,5029
37085071002,"Harnett, NC (CT)",1260,42,1302,3008,94,3102
37085071101,"Harnett, NC (CT)",1323,80,1403,3281,129,3410
37085071102,"Harnett, NC (CT)",2065,0,2065,4911,0,4911
37085071201,"Harnett, NC (CT)",1026,0,1026,2264,0,2264
37085071202,"Harnett, NC (CT)",0,1810,1810,0,4178,4178
37085071203,"Harnett, NC (CT)",181,502,683,415,916,1331
37085071204,"Harnett, NC (CT)",1482,383,1865,3574,986,4560
37085071301,"Harnett, NC (CT)",1523,0,1523,3558,0,3558
37085071302,"Harnett, NC (CT)",1016,776,1792,2794,2456,5250
37085071303,"Harnett, NC (CT)",516,2437,2953,1272,6442,7714
37085071401,"Harnett, NC (CT)",1331,281,1612,3229,679,3908
37085071402,"Harnett, NC (CT)",1434,1451,2885,3341,5187,8528
37087920101,"Haywood, NC (CT)",2483,0,2483,3393,0,3393
37087920102,"Haywood, NC (CT)",2230,0,2230,3818,0,3818
37087920200,"Haywood, NC (CT)",1628,1420,3048,3444,3181,6625
37087920300,"Haywood, NC (CT)",230,1420,1650,472,2811,3283
37087920400,"Haywood, NC (CT)",195,678,873,445,1476,1921
37087920500,"Haywood, NC (CT)",1117,1986,3103,2231,3983,6214
37087920600,"Haywood, NC (CT)",1178,1916,3094,1967,2526,4493
37087920700,"Haywood, NC (CT)",4156,0,4156,3194,0,3194
37087920800,"Haywood, NC (CT)",1746,285,2031,2619,418,3037
37087920900,"Haywood, NC (CT)",0,994,994,0,1996,1996
37087921000,"Haywood, NC (CT)",488,1229,1717,977,2345,3322
37087921100,"Haywood, NC (CT)",284,1083,1367,481,1987,2468
37087921200,"Haywood, NC (CT)",921,2227,3148,1589,4060,5649
37087921301,"Haywood, NC (CT)",1929,212,2141,3741,441,4182
37087921302,"Haywood, NC (CT)",2411,494,2905,4349,1082,5431
37087980100,"Haywood, NC (CT)",14,0,14,10,0,10
37089930100,"Henderson, NC (CT)",2669,0,2669,4484,0,4484
37089930200,"Henderson, NC (CT)",2426,677,3103,5204,1593,6797
37089930300,"Henderson, NC (CT)",858,2422,3280,1804,4604,6408
37089930401,"Henderson, NC (CT)",262,944,1206,590,2107,2697
37089930402,"Henderson, NC (CT)",852,655,1507,1702,894,2596
37089930501,"Henderson, NC (CT)",355,1583,1938,743,3291,4034
37089930502,"Henderson, NC (CT)",955,1096,2051,2092,2522,4614
37089930600,"Henderson, NC (CT)",6,2198,2204,7,4952,4959
37089930701,"Henderson, NC (CT)",561,1063,1624,1110,2300,3410
37089930702,"Henderson, NC (CT)",1471,500,1971,3387,1119,4506
37089930703,"Henderson, NC (CT)",881,1824,2705,1840,3738,5578
37089930800,"Henderson, NC (CT)",0,2234,2234,0,5057,5057
37089930900,"Henderson, NC (CT)",0,1525,1525,0,3096,3096
37089931000,"Henderson, NC (CT)",0,2850,2850,0,5532,5532
37089931100,"Henderson, NC (CT)",0,1190,1190,0,2378,2378
37089931200,"Henderson, NC (CT)",0,1232,1232,0,2240,2240
37089931300,"Henderson, NC (CT)",0,1912,1912,0,3589,3589
37089931400,"Henderson, NC (CT)",207,2345,2552,395,5081,5476
37089931500,"Henderson, NC (CT)",1097,1314,2411,1618,1936,3554
37089931600,"Henderson, NC (CT)",305,2279,2584,520,4227,4747
37089931700,"Henderson, NC (CT)",0,1684,1684,0,2696,2696
37089931801,"Henderson, NC (CT)",0,1686,1686,0,2988,2988
37089931802,"Henderson, NC (CT)",240,2032,2272,479,3853,4332
37089931901,"Henderson, NC (CT)",1475,552,2027,2526,977,3503
37089931902,"Henderson, NC (CT)",1424,140,1564,2658,269,2927
37089932000,"Henderson, NC (CT)",2611,118,2729,4354,188,4542
37089980100,"Henderson, NC (CT)",0,0,0,0,0,0
37091950100,"Hertford, NC (CT)",2179,1059,3238,4643,2786,7429
37091950200,"Hertford, NC (CT)",2303,0,2303,6038,0,6038
37091950300,"Hertford, NC (CT)",1534,0,1534,3303,0,3303
37091950401,"Hertford, NC (CT)",706,809,1515,1665,1878,3543
37091950402,"Hertford, NC (CT)",587,1458,2045,1283,3073,4356
37093970101,"Hoke, NC (CT)",461,2696,3157,1175,7152,8327
37093970102,"Hoke, NC (CT)",1079,3232,4311,2631,8719,11350
37093970103,"Hoke, NC (CT)",963,1926,2889,2550,4999,7549
37093970201,"Hoke, NC (CT)",1597,48,1645,4109,95,4204
37093970202,"Hoke, NC (CT)",1229,181,1410,3170,473,3643
37093970300,"Hoke, NC (CT)",144,2091,2235,292,4833,5125
37093970401,"Hoke, NC (CT)",1298,143,1441,3289,421,3710
37093970402,"Hoke, NC (CT)",1123,0,1123,3044,0,3044
37093980100,"Hoke, NC (CT)",0,0,0,0,0,0
37095920100,"Hyde, NC (CT)",3347,0,3347,5810,0,5810
37095990100,"Hyde, NC (CT)",0,0,0,0,0,0
37095990200,"Hyde, NC (CT)",0,0,0,0,0,0
37097060100,"Iredell, NC (CT)",0,2669,2669,0,5362,5362
37097060200,"Iredell, NC (CT)",0,909,909,0,1985,1985
37097060300,"Iredell, NC (CT)",0,1212,1212,0,2706,2706
37097060400,"Iredell, NC (CT)",71,1827,1898,118,3948,4066
37097060500,"Iredell, NC (CT)",0,1914,1914,0,4103,4103
37097060601,"Iredell, NC (CT)",52,2279,2331,57,5290,5347
37097060602,"Iredell, NC (CT)",134,698,832,274,1698,1972
37097060603,"Iredell, NC (CT)",438,237,675,1053,534,1587
37097060701,"Iredell, NC (CT)",1199,48,1247,2914,130,3044
37097060702,"Iredell, NC (CT)",1395,246,1641,3413,687,4100
37097060703,"Iredell, NC (CT)",867,316,1183,2013,866,2879
37097060801,"Iredell, NC (CT)",1529,0,1529,3482,0,3482
37097060802,"Iredell, NC (CT)",1502,0,1502,3564,0,3564
37097060901,"Iredell, NC (CT)",1554,0,1554,3186,0,3186
37097060902,"Iredell, NC (CT)",1669,0,1669,3854,0,3854
37097061001,"Iredell, NC (CT)",1415,175,1590,3498,224,3722
37097061002,"Iredell, NC (CT)",907,827,1734,2140,2003,4143
37097061003,"Iredell, NC (CT)",492,1169,1661,1160,2412,3572
37097061101,"Iredell, NC (CT)",1149,0,1149,2668,0,2668
37097061102,"Iredell, NC (CT)",1250,80,1330,2959,126,3085
37097061103,"Iredell, NC (CT)",1214,0,1214,2769,0,2769
37097061104,"Iredell, NC (CT)",902,0,902,2176,0,2176
37097061201,"Iredell, NC (CT)",1115,311,1426,2635,793,3428
37097061202,"Iredell, NC (CT)",752,1268,2020,1737,2915,4652
37097061203,"Iredell, NC (CT)",136,1615,1751,287,3861,4148
37097061204,"Iredell, NC (CT)",1,1385,1386,1,3018,3019
37097061205,"Iredell, NC (CT)",1764,9,1773,3563,24,3587
37097061301,"Iredell, NC (CT)",1127,0,1127,2707,0,2707
37097061302,"Iredell, NC (CT)",1267,375,1642,3003,901,3904
37097061303,"Iredell, NC (CT)",545,1021,1566,1209,2906,4115
37097061304,"Iredell, NC (CT)",260,2000,2260,583,4122,4705
37097061401,"Iredell, NC (CT)",61,1677,1738,78,4130,4208
37097061402,"Iredell, NC (CT)",19,2123,2142,51,5097,5148
37097061403,"Iredell, NC (CT)",0,1523,1523,0,3350,3350
37097061404,"Iredell, NC (CT)",0,940,940,0,2016,2016
37097061405,"Iredell, NC (CT)",0,1478,1478,0,3531,3531
37097061406,"Iredell, NC (CT)",0,1806,1806,0,4258,4258
37097061407,"Iredell, NC (CT)",359,1227,1586,895,2894,3789
37097061408,"Iredell, NC (CT)",535,716,1251,1332,2209,3541
37097061501,"Iredell, NC (CT)",0,1441,1441,0,3333,3333
37097061502,"Iredell, NC (CT)",370,1094,1464,876,2875,3751
37097061503,"Iredell, NC (CT)",59,1597,1656,138,4068,4206
37097061601,"Iredell, NC (CT)",0,1406,1406,0,3296,3296
37097061602,"Iredell, NC (CT)",26,3260,3286,53,7320,7373
37099940200,"Jackson, NC (CT)",3119,0,3119,5910,0,5910
37099950200,"Jackson, NC (CT)",1231,0,1231,1756,0,1756
37099950300,"Jackson, NC (CT)",1903,923,2826,3303,1938,5241
37099950400,"Jackson, NC (CT)",1235,1061,2296,2305,1919,4224
37099950500,"Jackson, NC (CT)",3216,101,3317,5260,228,5488
37099950600,"Jackson, NC (CT)",2224,2054,4278,3944,6624,10568
37099950700,"Jackson, NC (CT)",1835,100,1935,2707,128,2835
37099950800,"Jackson, NC (CT)",2658,0,2658,1979,0,1979
37099950900,"Jackson, NC (CT)",4288,0,4288,2270,0,2270
37101040100,"Johnston, NC (CT)",3037,0,3037,6942,0,6942
37101040201,"Johnston, NC (CT)",2548,0,2548,6342,0,6342
37101040202,"Johnston, NC (CT)",2302,277,2579,5814,665,6479
37101040203,"Johnston, NC (CT)",1862,3278,5140,5071,9178,14249
37101040301,"Johnston, NC (CT)",559,1239,1798,1269,2632,3901
37101040302,"Johnston, NC (CT)",864,1330,2194,2241,3297,5538
37101040400,"Johnston, NC (CT)",1108,735,1843,2750,1657,4407
37101040500,"Johnston, NC (CT)",2648,0,2648,6351,0,6351
37101040600,"Johnston, NC (CT)",749,666,1415,1708,1484,3192
37101040700,"Johnston, NC (CT)",180,1368,1548,360,3048,3408
37101040800,"Johnston, NC (CT)",0,1543,1543,0,3471,3471
37101040901,"Johnston, NC (CT)",1060,2714,3774,2575,8269,10844
37101040902,"Johnston, NC (CT)",1214,1238,2452,3274,3111,6385
37101041001,"Johnston, NC (CT)",463,2612,3075,1221,6342,7563
37101041002,"Johnston, NC (CT)",946,2488,3434,2359,5133,7492
37101041101,"Johnston, NC (CT)",1278,1550,2828,3429,4004,7433
37101041102,"Johnston, NC (CT)",726,2839,3565,1777,7860,9637
37101041103,"Johnston, NC (CT)",1597,2974,4571,4216,8483,12699
37101041201,"Johnston, NC (CT)",883,821,1704,2105,1746,3851
37101041202,"Johnston, NC (CT)",1495,659,2154,3491,1624,5115
37101041300,"Johnston, NC (CT)",2586,0,2586,5991,0,5991
37101041400,"Johnston, NC (CT)",1587,1520,3107,3588,3107,6695
37101041501,"Johnston, NC (CT)",1757,881,2638,4391,2447,6838
37101041502,"Johnston, NC (CT)",1350,1290,2640,3539,3441,6980
37101041503,"Johnston, NC (CT)",2861,0,2861,7075,0,7075
37103920100,"Jones, NC (CT)",1948,0,1948,3888,0,3888
37103920200,"Jones, NC (CT)",1270,0,1270,2776,0,2776
37103920300,"Jones, NC (CT)",1620,0,1620,3489,0,3489
37105030101,"Lee, NC (CT)",26,2064,2090,65,4373,4438
37105030102,"Lee, NC (CT)",55,2316,2371,128,5326,5454
37105030200,"Lee, NC (CT)",0,1308,1308,0,3646,3646
37105030300,"Lee, NC (CT)",0,1189,1189,0,3237,3237
37105030401,"Lee, NC (CT)",704,797,1501,1864,2309,4173
37105030402,"Lee, NC (CT)",178,2427,2605,465,5783,6248
37105030501,"Lee, NC (CT)",384,1605,1989,964,3128,4092
37105030502,"Lee, NC (CT)",508,325,833,1189,924,2113
37105030503,"Lee, NC (CT)",2504,387,2891,6333,963,7296
37105030601,"Lee, NC (CT)",720,652,1372,1645,1732,3377
37105030602,"Lee, NC (CT)",1915,88,2003,4498,213,4711
37105030701,"Lee, NC (CT)",1483,608,2091,3455,1296,4751
37105030702,"Lee, NC (CT)",1812,81,1893,4140,190,4330
37107010100,"Lenoir, NC (CT)",1513,645,2158,3449,1440,4889
37107010200,"Lenoir, NC (CT)",26,1313,1339,65,2480,2545
37107010300,"Lenoir, NC (CT)",0,1000,1000,0,2008,2008
37107010400,"Lenoir, NC (CT)",0,711,711,0,1007,1007
37107010500,"Lenoir, NC (CT)",0,1715,1715,0,3790,3790
37107010600,"Lenoir, NC (CT)",0,1738,1738,0,3574,3574
37107010700,"Lenoir, NC (CT)",0,1380,1380,0,2362,2362
37107010800,"Lenoir, NC (CT)",66,2220,2286,149,4900,5049
37107010900,"Lenoir, NC (CT)",1244,298,1542,2860,553,3413
37107011001,"Lenoir, NC (CT)",389,1568,1957,960,3523,4483
37107011002,"Lenoir, NC (CT)",745,1018,1763,1653,2359,4012
37107011100,"Lenoir, NC (CT)",1287,1381,2668,3107,2713,5820
37107011200,"Lenoir, NC (CT)",2845,0,2845,6682,0,6682
37107011300,"Lenoir, NC (CT)",1388,853,2241,3149,1985,5134
37107011400,"Lenoir, NC (CT)",2083,11,2094,4702,25,4727
37109070100,"Lincoln, NC (CT)",0,2431,2431,0,4826,4826
37109070201,"Lincoln, NC (CT)",1,1785,1786,1,4191,4192
37109070202,"Lincoln, NC (CT)",38,1374,1412,89,3260,3349
37109070300,"Lincoln, NC (CT)",623,1128,1751,1399,2643,4042
37109070400,"Lincoln, NC (CT)",1280,1305,2585,3210,2869,6079
37109070500,"Lincoln, NC (CT)",2084,0,2084,4914,0,4914
37109070600,"Lincoln, NC (CT)",1938,0,1938,4585,0,4585
37109070700,"Lincoln, NC (CT)",1115,235,1350,2602,578,3180
37109070800,"Lincoln, NC (CT)",1529,1117,2646,3734,2772,6506
37109070901,"Lincoln, NC (CT)",1312,0,1312,3159,0,3159
37109070902,"Lincoln, NC (CT)",2332,200,2532,5834,504,6338
37109071001,"Lincoln, NC (CT)",1809,387,2196,4322,931,5253
37109071002,"Lincoln, NC (CT)",1088,12,1100,2655,26,2681
37109071101,"Lincoln, NC (CT)",1700,709,2409,3616,1699,5315
37109071102,"Lincoln, NC (CT)",817,1133,1950,1976,2829,4805
37109071201,"Lincoln, NC (CT)",0,868,868,0,1729,1729
37109071202,"Lincoln, NC (CT)",0,1478,1478,0,3145,3145
37109071203,"Lincoln, NC (CT)",263,1550,1813,600,3567,4167
37111970100,"McDowell, NC (CT)",2542,320,2862,4447,826,5273
37111970200,"McDowell, NC (CT)",1971,384,2355,4018,901,4919
37111970300,"McDowell, NC (CT)",0,1388,1388,0,3261,3261
37111970400,"McDowell, NC (CT)",0,1275,1275,0,2776,2776
37111970500,"McDowell, NC (CT)",330,1541,1871,678,3276,3954
37111970600,"McDowell, NC (CT)",968,651,1619,2252,1428,3680
37111970700,"McDowell, NC (CT)",1965,215,2180,3948,432,4380
37111970800,"McDowell, NC (CT)",2087,0,2087,4227,0,4227
37111970901,"McDowell, NC (CT)",2908,0,2908,7429,0,7429
37111970902,"McDowell, NC (CT)",2068,195,2263,4634,463,5097
37113970100,"Macon, NC (CT)",1930,68,1998,2583,101,2684
37113970200,"Macon, NC (CT)",3142,0,3142,4090,0,4090
37113970301,"Macon, NC (CT)",185,2077,2262,342,3664,4006
37113970302,"Macon, NC (CT)",1141,1114,2255,1886,2164,4050
37113970400,"Macon, NC (CT)",2632,200,2832,3552,372,3924
37113970501,"Macon, NC (CT)",2222,0,2222,1435,0,1435
37113970502,"Macon, NC (CT)",2883,0,2883,1504,0,1504
37113970600,"Macon, NC (CT)",3824,59,3883,5685,70,5755
37113970700,"Macon, NC (CT)",3577,191,3768,6064,410,6474
37115010100,"Madison, NC (CT)",1709,0,1709,2546,0,2546
37115010200,"Madison, NC (CT)",1503,0,1503,2294,0,2294
37115010400,"Madison, NC (CT)",1055,0,1055,1911,0,1911
37115010500,"Madison, NC (CT)",2323,0,2323,4816,0,4816
37115010600,"Madison, NC (CT)",2028,596,2624,4374,1948,6322
37115010700,"Madison, NC (CT)",1394,0,1394,2875,0,2875
37117970100,"Martin, NC (CT)",1970,0,1970,4183,0,4183
37117970200,"Martin, NC (CT)",898,1292,2190,1925,2661,4586
37117970300,"Martin, NC (CT)",713,1352,2065,1685,2700,4385
37117970400,"Martin, NC (CT)",1390,0,1390,2652,0,2652
37117970500,"Martin, NC (CT)",2461,0,2461,5397,0,5397
37117970600,"Martin, NC (CT)",1628,0,1628,3302,0,3302
37119000100,"Mecklenburg, NC (CT)",0,2320,2320,0,3425,3425
37119000300,"Mecklenburg, NC (CT)",0,479,479,0,407,407
37119000400,"Mecklenburg, NC (CT)",0,1695,1695,0,1599,1599
37119000500,"Mecklenburg, NC (CT)",0,2638,2638,0,4964,4964
37119000600,"Mecklenburg, NC (CT)",0,1763,1763,0,4100,4100
37119000700,"Mecklenburg, NC (CT)",0,443,443,0,736,736
37119000800,"Mecklenburg, NC (CT)",0,1009,1009,0,2284,2284
37119000900,"Mecklenburg, NC (CT)",0,787,787,0,1556,1556
37119001000,"Mecklenburg, NC (CT)",0,1251,1251,0,2319,2319
37119001100,"Mecklenburg, NC (CT)",0,990,990,0,1809,1809
37119001200,"Mecklenburg, NC (CT)",0,2435,2435,0,5650,5650
37119001300,"Mecklenburg, NC (CT)",0,1878,1878,0,3893,3893
37119001400,"Mecklenburg, NC (CT)",0,1432,1432,0,2607,2607
37119001504,"Mecklenburg, NC (CT)",0,2508,2508,0,6401,6401
37119001505,"Mecklenburg, NC (CT)",0,1364,1364,0,3678,3678
37119001507,"Mecklenburg, NC (CT)",0,1648,1648,0,4004,4004
37119001508,"Mecklenburg, NC (CT)",0,2446,2446,0,6061,6061
37119001509,"Mecklenburg, NC (CT)",0,1200,1200,0,2976,2976
37119001510,"Mecklenburg, NC (CT)",0,1245,1245,0,3047,3047
37119001603,"Mecklenburg, NC (CT)",0,1982,1982,0,4598,4598
37119001605,"Mecklenburg, NC (CT)",0,828,828,0,1776,1776
37119001606,"Mecklenburg, NC (CT)",0,1707,1707,0,4295,4295
37119001607,"Mecklenburg, NC (CT)",0,1187,1187,0,2613,2613
37119001608,"Mecklenburg, NC (CT)",0,1654,1654,0,3933,3933
37119001609,"Mecklenburg, NC (CT)",0,1324,1324,0,3168,3168
37119001701,"Mecklenburg, NC (CT)",0,1771,1771,0,3749,3749
37119001702,"Mecklenburg, NC (CT)",0,2341,2341,0,4881,4881
37119001801,"Mecklenburg, NC (CT)",0,837,837,0,1249,1249
37119001802,"Mecklenburg, NC (CT)",0,1652,1652,0,2892,2892
37119001910,"Mecklenburg, NC (CT)",0,1929,1929,0,5117,5117
37119001911,"Mecklenburg, NC (CT)",0,2090,2090,0,5441,5441
37119001912,"Mecklenburg, NC (CT)",0,2742,2742,0,6565,6565
37119001914,"Mecklenburg, NC (CT)",0,1598,1598,0,3485,3485
37119001915,"Mecklenburg, NC (CT)",0,3252,3252,0,6293,6293
37119001916,"Mecklenburg, NC (CT)",0,1670,1670,0,3725,3725
37119001917,"Mecklenburg, NC (CT)",0,1419,1419,0,3567,3567
37119001918,"Mecklenburg, NC (CT)",0,1838,1838,0,3527,3527
37119001919,"Mecklenburg, NC (CT)",0,1659,1659,0,3379,3379
37119001920,"Mecklenburg, NC (CT)",0,1474,1474,0,4226,4226
37119001921,"Mecklenburg, NC (CT)",0,824,824,0,2356,2356
37119001922,"Mecklenburg, NC (CT)",0,1598,1598,0,4340,4340
37119001923,"Mecklenburg, NC (CT)",0,1569,1569,0,3605,3605
37119002002,"Mecklenburg, NC (CT)",0,2769,2769,0,5725,5725
37119002003,"Mecklenburg, NC (CT)",0,2445,2445,0,5395,5395
37119002004,"Mecklenburg, NC (CT)",0,2235,2235,0,4934,4934
37119002100,"Mecklenburg, NC (CT)",0,1404,1404,0,2546,2546
37119002200,"Mecklenburg, NC (CT)",0,2685,2685,0,4859,4859
37119002300,"Mecklenburg, NC (CT)",0,1233,1233,0,2652,2652
37119002400,"Mecklenburg, NC (CT)",0,1568,1568,0,2514,2514
37119002500,"Mecklenburg, NC (CT)",0,930,930,0,1539,1539
37119002600,"Mecklenburg, NC (CT)",0,527,527,0,818,818
37119002701,"Mecklenburg, NC (CT)",0,1121,1121,0,2208,2208
37119002702,"Mecklenburg, NC (CT)",0,2208,2208,0,5372,5372
37119002800,"Mecklenburg, NC (CT)",0,1506,1506,0,3627,3627
37119002903,"Mecklenburg, NC (CT)",0,1860,1860,0,3636,3636
37119002904,"Mecklenburg, NC (CT)",0,3098,3098,0,6717,6717
37119002905,"Mecklenburg, NC (CT)",0,1439,1439,0,3066,3066
37119002906,"Mecklenburg, NC (CT)",0,2196,2196,0,4034,4034
37119003006,"Mecklenburg, NC (CT)",0,2005,2005,0,3930,3930
37119003007,"Mecklenburg, NC (CT)",0,2603,2603,0,6569,6569
37119003008,"Mecklenburg, NC (CT)",0,2670,2670,0,5741,5741
37119003011,"Mecklenburg, NC (CT)",0,2820,2820,0,5951,5951
37119003012,"Mecklenburg, NC (CT)",0,1876,1876,0,4247,4247
37119003013,"Mecklenburg, NC (CT)",0,2088,2088,0,5121,5121
37119003015,"Mecklenburg, NC (CT)",0,1769,1769,0,4422,4422
37119003016,"Mecklenburg, NC (CT)",0,1980,1980,0,4558,4558
37119003017,"Mecklenburg, NC (CT)",0,1376,1376,0,3359,3359
37119003018,"Mecklenburg, NC (CT)",0,1199,1199,0,2628,2628
37119003102,"Mecklenburg, NC (CT)",0,2295,2295,0,4067,4067
37119003103,"Mecklenburg, NC (CT)",0,2342,2342,0,4327,4327
37119003105,"Mecklenburg, NC (CT)",0,1753,1753,0,3480,3480
37119003106,"Mecklenburg, NC (CT)",0,1261,1261,0,2624,2624
37119003108,"Mecklenburg, NC (CT)",0,1532,1532,0,3221,3221
37119003109,"Mecklenburg, NC (CT)",0,1840,1840,0,3968,3968
37119003201,"Mecklenburg, NC (CT)",0,1204,1204,0,2785,2785
37119003203,"Mecklenburg, NC (CT)",0,1502,1502,0,2436,2436
37119003204,"Mecklenburg, NC (CT)",0,1660,1660,0,2967,2967
37119003300,"Mecklenburg, NC (CT)",0,1759,1759,0,2933,2933
37119003400,"Mecklenburg, NC (CT)",0,2474,2474,0,4423,4423
37119003500,"Mecklenburg, NC (CT)",0,1403,1403,0,2329,2329
37119003600,"Mecklenburg, NC (CT)",0,1534,1534,0,3176,3176
37119003700,"Mecklenburg, NC (CT)",0,1538,1538,0,2345,2345
37119003802,"Mecklenburg, NC (CT)",0,1546,1546,0,3414,3414
37119003805,"Mecklenburg, NC (CT)",0,958,958,0,1824,1824
37119003806,"Mecklenburg, NC (CT)",0,3440,3440,0,8292,8292
37119003807,"Mecklenburg, NC (CT)",0,1557,1557,0,4005,4005
37119003808,"Mecklenburg, NC (CT)",0,1978,1978,0,4811,4811
37119003902,"Mecklenburg, NC (CT)",0,1840,1840,0,4390,4390
37119003903,"Mecklenburg, NC (CT)",0,886,886,0,2541,2541
37119004000,"Mecklenburg, NC (CT)",0,1949,1949,0,4312,4312
37119004100,"Mecklenburg, NC (CT)",0,1413,1413,0,2795,2795
37119004200,"Mecklenburg, NC (CT)",0,1466,1466,0,2968,2968
37119004302,"Mecklenburg, NC (CT)",0,2048,2048,0,4524,4524
37119004303,"Mecklenburg, NC (CT)",0,973,973,0,2557,2557
37119004304,"Mecklenburg, NC (CT)",0,1411,1411,0,3466,3466
37119004305,"Mecklenburg, NC (CT)",0,2298,2298,0,5649,5649
37119004400,"Mecklenburg, NC (CT)",0,1591,1591,0,4249,4249
37119004500,"Mecklenburg, NC (CT)",0,1239,1239,0,2957,2957
37119004600,"Mecklenburg, NC (CT)",0,1281,1281,0,3040,3040
37119004700,"Mecklenburg, NC (CT)",0,551,551,0,2073,2073
37119004800,"Mecklenburg, NC (CT)",0,1696,1696,0,3422,3422
37119004900,"Mecklenburg, NC (CT)",0,265,265,0,737,737
37119005000,"Mecklenburg, NC (CT)",0,512,512,0,1341,1341
37119005100,"Mecklenburg, NC (CT)",0,1026,1026,0,2340,2340
37119005200,"Mecklenburg, NC (CT)",0,957,957,0,2728,2728
37119005301,"Mecklenburg, NC (CT)",0,1408,1408,0,3326,3326
37119005305,"Mecklenburg, NC (CT)",0,2020,2020,0,5005,5005
37119005306,"Mecklenburg, NC (CT)",0,1070,1070,0,2437,2437
37119005307,"Mecklenburg, NC (CT)",0,1454,1454,0,3153,3153
37119005308,"Mecklenburg, NC (CT)",0,1091,1091,0,2383,2383
37119005401,"Mecklenburg, NC (CT)",0,2917,2917,0,6853,6853
37119005403,"Mecklenburg, NC (CT)",0,1640,1640,0,4052,4052
37119005404,"Mecklenburg, NC (CT)",0,1960,1960,0,4927,4927
37119005508,"Mecklenburg, NC (CT)",3,1494,1497,10,4180,4190
37119005509,"Mecklenburg, NC (CT)",0,2178,2178,0,5476,5476
37119005510,"Mecklenburg, NC (CT)",0,2010,2010,0,5207,5207
37119005511,"Mecklenburg, NC (CT)",0,2055,2055,0,3636,3636
37119005512,"Mecklenburg, NC (CT)",0,1948,1948,0,4675,4675
37119005513,"Mecklenburg, NC (CT)",0,1502,1502,0,3938,3938
37119005514,"Mecklenburg, NC (CT)",0,3043,3043,0,6511,6511
37119005515,"Mecklenburg, NC (CT)",0,1111,1111,0,2482,2482
37119005516,"Mecklenburg, NC (CT)",0,616,616,0,1762,1762
37119005517,"Mecklenburg, NC (CT)",0,1702,1702,0,4282,4282
37119005518,"Mecklenburg, NC (CT)",0,1874,1874,0,4582,4582
37119005519,"Mecklenburg, NC (CT)",0,1902,1902,0,4717,4717
37119005520,"Mecklenburg, NC (CT)",0,1513,1513,0,4495,4495
37119005521,"Mecklenburg, NC (CT)",0,2861,2861,0,5951,5951
37119005522,"Mecklenburg, NC (CT)",0,2193,2193,0,4640,4640
37119005523,"Mecklenburg, NC (CT)",0,2664,2664,0,4720,4720
37119005524,"Mecklenburg, NC (CT)",0,3417,3417,0,8078,8078
37119005604,"Mecklenburg, NC (CT)",0,714,714,0,4461,4461
37119005605,"Mecklenburg, NC (CT)",0,2893,2893,0,5965,5965
37119005609,"Mecklenburg, NC (CT)",0,1143,1143,0,3334,3334
37119005610,"Mecklenburg, NC (CT)",0,1382,1382,0,3394,3394
37119005611,"Mecklenburg, NC (CT)",0,956,956,0,2383,2383
37119005612,"Mecklenburg, NC (CT)",0,1782,1782,0,4451,4451
37119005613,"Mecklenburg, NC (CT)",0,785,785,0,1820,1820
37119005614,"Mecklenburg, NC (CT)",0,2564,2564,0,6639,6639
37119005615,"Mecklenburg, NC (CT)",0,452,452,0,1248,1248
37119005616,"Mecklenburg, NC (CT)",0,630,630,0,1761,1761
37119005617,"Mecklenburg, NC (CT)",0,735,735,0,1931,1931
37119005618,"Mecklenburg, NC (CT)",0,1099,1099,0,3156,3156
37119005619,"Mecklenburg, NC (CT)",0,1422,1422,0,3956,3956
37119005620,"Mecklenburg, NC (CT)",0,2515,2515,0,6904,6904
37119005621,"Mecklenburg, NC (CT)",118,1682,1800,266,4275,4541
37119005706,"Mecklenburg, NC (CT)",0,2564,2564,0,6637,6637
37119005709,"Mecklenburg, NC (CT)",0,1478,1478,0,3488,3488
37119005710,"Mecklenburg, NC (CT)",0,1806,1806,0,3985,3985
37119005711,"Mecklenburg, NC (CT)",0,2413,2413,0,5651,5651
37119005712,"Mecklenburg, NC (CT)",0,1408,1408,0,3636,3636
37119005713,"Mecklenburg, NC (CT)",0,1398,1398,0,3623,3623
37119005714,"Mecklenburg, NC (CT)",33,1745,1778,81,4670,4751
37119005715,"Mecklenburg, NC (CT)",707,265,972,1832,694,2526
37119005716,"Mecklenburg, NC (CT)",0,1719,1719,0,4462,4462
37119005717,"Mecklenburg, NC (CT)",0,2585,2585,0,5930,5930
37119005811,"Mecklenburg, NC (CT)",0,1722,1722,0,3880,3880
37119005812,"Mecklenburg, NC (CT)",0,3160,3160,0,6077,6077
37119005815,"Mecklenburg, NC (CT)",0,1559,1559,0,3210,3210
37119005816,"Mecklenburg, NC (CT)",0,1630,1630,0,3872,3872
37119005817,"Mecklenburg, NC (CT)",0,1673,1673,0,4001,4001
37119005823,"Mecklenburg, NC (CT)",0,2798,2798,0,7873,7873
37119005824,"Mecklenburg, NC (CT)",0,1035,1035,0,2817,2817
37119005825,"Mecklenburg, NC (CT)",0,2360,2360,0,4323,4323
37119005826,"Mecklenburg, NC (CT)",0,1171,1171,0,2839,2839
37119005827,"Mecklenburg, NC (CT)",0,1301,1301,0,2366,2366
37119005828,"Mecklenburg, NC (CT)",0,1766,1766,0,3726,3726
37119005829,"Mecklenburg, NC (CT)",0,1455,1455,0,2556,2556
37119005830,"Mecklenburg, NC (CT)",0,1625,1625,0,3666,3666
37119005831,"Mecklenburg, NC (CT)",0,2444,2444,0,4480,4480
37119005832,"Mecklenburg, NC (CT)",0,996,996,0,2810,2810
37119005833,"Mecklenburg, NC (CT)",0,1854,1854,0,4642,4642
37119005834,"Mecklenburg, NC (CT)",0,1552,1552,0,4012,4012
37119005835,"Mecklenburg, NC (CT)",0,958,958,0,2632,2632
37119005836,"Mecklenburg, NC (CT)",0,1440,1440,0,4013,4013
37119005837,"Mecklenburg, NC (CT)",0,2983,2983,0,6227,6227
37119005838,"Mecklenburg, NC (CT)",0,2643,2643,0,6454,6454
37119005839,"Mecklenburg, NC (CT)",0,1126,1126,0,2381,2381
37119005840,"Mecklenburg, NC (CT)",0,935,935,0,2061,2061
37119005841,"Mecklenburg, NC (CT)",0,2607,2607,0,6194,6194
37119005842,"Mecklenburg, NC (CT)",0,2607,2607,0,5936,5936
37119005843,"Mecklenburg, NC (CT)",0,1224,1224,0,3054,3054
37119005844,"Mecklenburg, NC (CT)",0,2401,2401,0,6539,6539
37119005845,"Mecklenburg, NC (CT)",0,1409,1409,0,3480,3480
37119005846,"Mecklenburg, NC (CT)",0,1304,1304,0,4029,4029
37119005847,"Mecklenburg, NC (CT)",0,1677,1677,0,3983,3983
37119005848,"Mecklenburg, NC (CT)",0,1669,1669,0,5230,5230
37119005906,"Mecklenburg, NC (CT)",383,1557,1940,892,3586,4478
37119005907,"Mecklenburg, NC (CT)",0,1586,1586,0,4229,4229
37119005908,"Mecklenburg, NC (CT)",368,380,748,636,899,1535
37119005909,"Mecklenburg, NC (CT)",7,2352,2359,14,6304,6318
37119005910,"Mecklenburg, NC (CT)",0,1797,1797,0,4224,4224
37119005911,"Mecklenburg, NC (CT)",485,1263,1748,867,3250,4117
37119005912,"Mecklenburg, NC (CT)",0,2078,2078,0,4816,4816
37119005913,"Mecklenburg, NC (CT)",0,2262,2262,0,6220,6220
37119005914,"Mecklenburg, NC (CT)",0,2465,2465,0,5563,5563
37119005915,"Mecklenburg, NC (CT)",0,1028,1028,0,1495,1495
37119005916,"Mecklenburg, NC (CT)",0,1002,1002,0,2271,2271
37119005917,"Mecklenburg, NC (CT)",0,2362,2362,0,5230,5230
37119005918,"Mecklenburg, NC (CT)",0,1269,1269,0,3435,3435
37119006005,"Mecklenburg, NC (CT)",289,839,1128,655,2199,2854
37119006006,"Mecklenburg, NC (CT)",3,2214,2217,7,5904,5911
37119006007,"Mecklenburg, NC (CT)",0,2596,2596,0,6643,6643
37119006008,"Mecklenburg, NC (CT)",0,1421,1421,0,3635,3635
37119006009,"Mecklenburg, NC (CT)",0,1167,1167,0,2757,2757
37119006010,"Mecklenburg, NC (CT)",0,2502,2502,0,6436,6436
37119006103,"Mecklenburg, NC (CT)",14,1564,1578,35,3783,3818
37119006104,"Mecklenburg, NC (CT)",0,3201,3201,0,8187,8187
37119006105,"Mecklenburg, NC (CT)",0,1053,1053,0,2673,2673
37119006106,"Mecklenburg, NC (CT)",0,1497,1497,0,3551,3551
37119006107,"Mecklenburg, NC (CT)",0,2079,2079,0,4324,4324
37119006108,"Mecklenburg, NC (CT)",0,1570,1570,0,4341,4341
37119006109,"Mecklenburg, NC (CT)",0,1225,1225,0,3514,3514
37119006203,"Mecklenburg, NC (CT)",0,2695,2695,0,5083,5083
37119006204,"Mecklenburg, NC (CT)",0,3708,3708,0,7267,7267
37119006208,"Mecklenburg, NC (CT)",0,1286,1286,0,2476,2476
37119006209,"Mecklenburg, NC (CT)",0,2311,2311,0,3826,3826
37119006210,"Mecklenburg, NC (CT)",0,1521,1521,0,3678,3678
37119006211,"Mecklenburg, NC (CT)",0,2101,2101,0,6125,6125
37119006212,"Mecklenburg, NC (CT)",0,1389,1389,0,3183,3183
37119006213,"Mecklenburg, NC (CT)",264,1788,2052,703,4850,5553
37119006214,"Mecklenburg, NC (CT)",0,1489,1489,0,4067,4067
37119006215,"Mecklenburg, NC (CT)",414,1314,1728,1024,3203,4227
37119006302,"Mecklenburg, NC (CT)",450,1920,2370,1090,4860,5950
37119006303,"Mecklenburg, NC (CT)",0,2188,2188,0,5321,5321
37119006304,"Mecklenburg, NC (CT)",281,1848,2129,720,5325,6045
37119006403,"Mecklenburg, NC (CT)",24,1642,1666,64,5255,5319
37119006404,"Mecklenburg, NC (CT)",259,1546,1805,667,4285,4952
37119006405,"Mecklenburg, NC (CT)",101,1458,1559,235,2846,3081
37119006406,"Mecklenburg, NC (CT)",0,2579,2579,0,6132,6132
37119006407,"Mecklenburg, NC (CT)",0,1268,1268,0,3313,3313
37119980100,"Mecklenburg, NC (CT)",0,0,0,0,0,0
37119980200,"Mecklenburg, NC (CT)",0,1,1,0,1,1
37119980300,"Mecklenburg, NC (CT)",0,0,0,0,0,0
37121950100,"Mitchell, NC (CT)",1655,0,1655,2479,0,2479
37121950200,"Mitchell, NC (CT)",2160,0,2160,3821,0,3821
37121950300,"Mitchell, NC (CT)",1137,1013,2150,2342,2030,4372
37121950400,"Mitchell, NC (CT)",2474,274,2748,4233,674,4907
37123960100,"Montgomery, NC (CT)",1616,1071,2687,3610,2821,6431
37123960200,"Montgomery, NC (CT)",1701,1320,3021,3752,3618,7370
37123960300,"Montgomery, NC (CT)",4194,0,4194,3914,0,3914
37123960401,"Montgomery, NC (CT)",1038,0,1038,2134,0,2134
37123960402,"Montgomery, NC (CT)",2709,0,2709,2306,0,2306
37123960500,"Montgomery, NC (CT)",2265,0,2265,5643,0,5643
37125950100,"Moore, NC (CT)",1363,0,1363,2712,0,2712
37125950200,"Moore, NC (CT)",3230,0,3230,7118,0,7118
37125950301,"Moore, NC (CT)",1787,1124,2911,3805,2337,6142
37125950302,"Moore, NC (CT)",1600,784,2384,3177,1660,4837
37125950401,"Moore, NC (CT)",1812,0,1812,3939,0,3939
37125950402,"Moore, NC (CT)",1984,0,1984,4283,0,4283
37125950501,"Moore, NC (CT)",3022,0,3022,6438,0,6438
37125950502,"Moore, NC (CT)",2020,1587,3607,4603,3525,8128
37125950601,"Moore, NC (CT)",411,1400,1811,816,2443,3259
37125950602,"Moore, NC (CT)",775,2508,3283,1552,5080,6632
37125950701,"Moore, NC (CT)",66,2815,2881,154,4388,4542
37125950702,"Moore, NC (CT)",336,1300,1636,476,2112,2588
37125950801,"Moore, NC (CT)",8,2392,2400,13,4432,4445
37125950802,"Moore, NC (CT)",527,1587,2114,1077,2579,3656
37125950900,"Moore, NC (CT)",0,1492,1492,0,2422,2422
37125951000,"Moore, NC (CT)",666,1618,2284,1251,3319,4570
37125951100,"Moore, NC (CT)",577,3239,3816,1218,6954,8172
37125951200,"Moore, NC (CT)",930,980,1910,2072,2292,4364
37127010200,"Nash, NC (CT)",188,2550,2738,336,4819,5155
37127010300,"Nash, NC (CT)",416,2659,3075,868,5706,6574
37127010400,"Nash, NC (CT)",0,1775,1775,0,3356,3356
37127010502,"Nash, NC (CT)",10,3778,3788,22,7038,7060
37127010503,"Nash, NC (CT)",179,1082,1261,368,2739,3107
37127010504,"Nash, NC (CT)",351,2173,2524,736,5224,5960
37127010601,"Nash, NC (CT)",0,1176,1176,0,2730,2730
37127010602,"Nash, NC (CT)",132,2346,2478,251,5461,5712
37127010700,"Nash, NC (CT)",1013,243,1256,2228,515,2743
37127010800,"Nash, NC (CT)",2551,355,2906,6263,932,7195
37127010900,"Nash, NC (CT)",2354,0,2354,5502,0,5502
37127011000,"Nash, NC (CT)",2033,0,2033,4381,0,4381
37127011101,"Nash, NC (CT)",654,1701,2355,1565,4435,6000
37127011102,"Nash, NC (CT)",937,2222,3159,2092,5902,7994
37127011200,"Nash, NC (CT)",2044,650,2694,4768,1399,6167
37127011300,"Nash, NC (CT)",1944,0,1944,4961,0,4961
37127011400,"Nash, NC (CT)",1779,0,1779,4304,0,4304
37127011500,"Nash, NC (CT)",2991,0,2991,6939,0,6939
37129010100,"New Hanover, NC (CT)",0,1267,1267,0,2512,2512
37129010200,"New Hanover, NC (CT)",0,1669,1669,0,3378,3378
37129010300,"New Hanover, NC (CT)",0,2481,2481,0,5365,5365
37129010400,"New Hanover, NC (CT)",0,1452,1452,0,2909,2909
37129010501,"New Hanover, NC (CT)",0,2269,2269,0,3820,3820
37129010502,"New Hanover, NC (CT)",0,3876,3876,0,7013,7013
37129010600,"New Hanover, NC (CT)",0,2278,2278,0,4064,4064
37129010700,"New Hanover, NC (CT)",0,1962,1962,0,3699,3699
37129010800,"New Hanover, NC (CT)",0,1047,1047,0,2668,2668
37129010900,"New Hanover, NC (CT)",0,1187,1187,0,2250,2250
37129011000,"New Hanover, NC (CT)",0,1226,1226,0,2248,2248
37129011100,"New Hanover, NC (CT)",0,1444,1444,0,2882,2882
37129011200,"New Hanover, NC (CT)",0,1324,1324,0,2312,2312
37129011300,"New Hanover, NC (CT)",0,1193,1193,0,1399,1399
37129011400,"New Hanover, NC (CT)",0,777,777,0,1420,1420
37129011500,"New Hanover, NC (CT)",742,2533,3275,1638,6352,7990
37129011603,"New Hanover, NC (CT)",199,2864,3063,422,7014,7436
37129011605,"New Hanover, NC (CT)",0,2493,2493,0,4997,4997
37129011606,"New Hanover, NC (CT)",0,1811,1811,0,4176,4176
37129011607,"New Hanover, NC (CT)",221,4666,4887,477,10327,10804
37129011608,"New Hanover, NC (CT)",472,1684,2156,1042,4316,5358
37129011701,"New Hanover, NC (CT)",0,2427,2427,0,4409,4409
37129011703,"New Hanover, NC (CT)",0,1887,1887,0,3802,3802
37129011705,"New Hanover, NC (CT)",0,3379,3379,0,8039,8039
37129011800,"New Hanover, NC (CT)",1,2749,2750,0,2473,2473
37129011902,"New Hanover, NC (CT)",0,2779,2779,0,5028,5028
37129011903,"New Hanover, NC (CT)",0,2830,2830,0,8514,8514
37129011904,"New Hanover, NC (CT)",0,1088,1088,0,1829,1829
37129012001,"New Hanover, NC (CT)",0,3078,3078,0,7013,7013
37129012004,"New Hanover, NC (CT)",0,1513,1513,0,3649,3649
37129012006,"New Hanover, NC (CT)",0,1936,1936,0,3865,3865
37129012007,"New Hanover, NC (CT)",0,2595,2595,0,3935,3935
37129012008,"New Hanover, NC (CT)",0,2914,2914,0,5430,5430
37129012009,"New Hanover, NC (CT)",0,2837,2837,0,7062,7062
37129012010,"New Hanover, NC (CT)",0,1929,1929,0,4840,4840
37129012101,"New Hanover, NC (CT)",98,3493,3591,189,7941,8130
37129012103,"New Hanover, NC (CT)",0,1800,1800,0,4307,4307
37129012104,"New Hanover, NC (CT)",0,2408,2408,0,5387,5387
37129012105,"New Hanover, NC (CT)",294,4919,5213,579,10782,11361
37129012201,"New Hanover, NC (CT)",0,2919,2919,0,2665,2665
37129012202,"New Hanover, NC (CT)",0,2710,2710,0,3048,3048
37129012203,"New Hanover, NC (CT)",1,2240,2241,0,2012,2012
37129012300,"New Hanover, NC (CT)",488,2986,3474,142,7025,7167
37129980100,"New Hanover, NC (CT)",0,1,1,0,2,2
37129990100,"New Hanover, NC (CT)",0,0,0,0,0,0
37131920100,"Northampton, NC (CT)",2689,0,2689,5538,0,5538
37131920200,"Northampton, NC (CT)",2376,0,2376,4636,0,4636
37131920300,"Northampton, NC (CT)",2258,537,2795,5006,1049,6055
37131920401,"Northampton, NC (CT)",1517,570,2087,3069,1301,4370
37131920402,"Northampton, NC (CT)",1727,0,1727,1500,0,1500
37133000102,"Onslow, NC (CT)",939,2899,3838,2019,6147,8166
37133000103,"Onslow, NC (CT)",2102,95,2197,5138,277,5415
37133000201,"Onslow, NC (CT)",3782,0,3782,9234,0,9234
37133000202,"Onslow, NC (CT)",1913,1883,3796,4984,5333,10317
37133000301,"Onslow, NC (CT)",1871,654,2525,4431,1550,5981
37133000302,"Onslow, NC (CT)",1976,1684,3660,4551,4476,9027
37133000401,"Onslow, NC (CT)",2389,0,2389,4787,0,4787
37133000402,"Onslow, NC (CT)",877,2141,3018,1641,3899,5540
37133000403,"Onslow, NC (CT)",3291,0,3291,1035,0,1035
37133000500,"Onslow, NC (CT)",11,0,11,1294,0,1294
37133000600,"Onslow, NC (CT)",20,1,21,545,10354,10899
37133000700,"Onslow, NC (CT)",0,1396,1396,0,5176,5176
37133000800,"Onslow, NC (CT)",0,486,486,0,1121,1121
37133000900,"Onslow, NC (CT)",0,1439,1439,0,6120,6120
37133001000,"Onslow, NC (CT)",23,342,365,66,4389,4455
37133001101,"Onslow, NC (CT)",410,1413,1823,1030,3555,4585
37133001102,"Onslow, NC (CT)",137,1928,2065,309,4261,4570
37133001200,"Onslow, NC (CT)",408,3275,3683,1117,9028,10145
37133001300,"Onslow, NC (CT)",436,4917,5353,1019,11760,12779
37133001400,"Onslow, NC (CT)",0,1823,1823,0,4672,4672
37133001500,"Onslow, NC (CT)",0,1175,1175,0,2909,2909
37133001700,"Onslow, NC (CT)",0,1157,1157,0,2595,2595
37133001800,"Onslow, NC (CT)",0,821,821,0,1922,1922
37133002100,"Onslow, NC (CT)",310,2153,2463,727,5825,6552
37133002201,"Onslow, NC (CT)",0,2115,2115,0,5250,5250
37133002202,"Onslow, NC (CT)",0,2144,2144,0,5081,5081
37133002300,"Onslow, NC (CT)",11,1701,1712,22,4530,4552
37133002400,"Onslow, NC (CT)",115,2491,2606,262,6021,6283
37133002500,"Onslow, NC (CT)",709,602,1311,1637,1489,3126
37133002600,"Onslow, NC (CT)",0,1871,1871,0,4492,4492
37133002800,"Onslow, NC (CT)",439,3451,3890,993,8699,9692
37133990100,"Onslow, NC (CT)",0,0,0,0,0,0
37135010701,"Orange, NC (CT)",714,80,794,1756,217,1973
37135010703,"Orange, NC (CT)",0,3215,3215,0,6064,6064
37135010704,"Orange, NC (CT)",555,2115,2670,1389,3745,5134
37135010705,"Orange, NC (CT)",0,2181,2181,0,4573,4573
37135010706,"Orange, NC (CT)",0,1161,1161,0,3203,3203
37135010801,"Orange, NC (CT)",2178,0,2178,5025,0,5025
37135010802,"Orange, NC (CT)",1960,54,2014,4533,121,4654
37135010901,"Orange, NC (CT)",1829,437,2266,4346,1037,5383
37135010902,"Orange, NC (CT)",785,1022,1807,1787,2937,4724
37135011000,"Orange, NC (CT)",420,2779,3199,1022,6160,7182
37135011101,"Orange, NC (CT)",1226,2271,3497,2845,5183,8028
37135011102,"Orange, NC (CT)",1320,1177,2497,3114,2730,5844
37135011202,"Orange, NC (CT)",1616,1048,2664,3712,3173,6885
37135011203,"Orange, NC (CT)",2495,0,2495,5301,0,5301
37135011204,"Orange, NC (CT)",946,358,1304,2176,1013,3189
37135011205,"Orange, NC (CT)",7,3223,3230,10,7544,7554
37135011300,"Orange, NC (CT)",0,1246,1246,0,2926,2926
37135011400,"Orange, NC (CT)",0,1711,1711,0,3834,3834
37135011500,"Orange, NC (CT)",0,912,912,0,1812,1812
37135011601,"Orange, NC (CT)",0,21,21,0,2350,2350
37135011602,"Orange, NC (CT)",0,636,636,0,5786,5786
37135011700,"Orange, NC (CT)",0,1361,1361,0,4190,4190
37135011800,"Orange, NC (CT)",0,1409,1409,0,3186,3186
37135011901,"Orange, NC (CT)",0,2377,2377,0,5315,5315
37135011902,"Orange, NC (CT)",0,1808,1808,0,3945,3945
37135012100,"Orange, NC (CT)",0,3491,3491,0,7551,7551
37135012201,"Orange, NC (CT)",527,644,1171,1160,1406,2566
37135012202,"Orange, NC (CT)",0,2282,2282,0,5624,5624
37137950101,"Pamlico, NC (CT)",1419,0,1419,2941,0,2941
37137950102,"Pamlico, NC (CT)",1982,0,1982,4079,0,4079
37137950201,"Pamlico, NC (CT)",2540,0,2540,3885,0,3885
37137950202,"Pamlico, NC (CT)",1593,0,1593,2239,0,2239
37137990100,"Pamlico, NC (CT)",0,0,0,0,0,0
37139960100,"Pasquotank, NC (CT)",0,930,930,0,1731,1731
37139960200,"Pasquotank, NC (CT)",0,1840,1840,0,5175,5175
37139960300,"Pasquotank, NC (CT)",0,1383,1383,0,2962,2962
37139960400,"Pasquotank, NC (CT)",0,2066,2066,0,4214,4214
37139960501,"Pasquotank, NC (CT)",933,472,1405,2194,1016,3210
37139960502,"Pasquotank, NC (CT)",624,1199,1823,2405,2841,5246
37139960503,"Pasquotank, NC (CT)",1084,0,1084,2699,0,2699
37139960600,"Pasquotank, NC (CT)",1561,1040,2601,4023,2630,6653
37139960701,"Pasquotank, NC (CT)",977,1296,2273,2363,3291,5654
37139960702,"Pasquotank, NC (CT)",1428,0,1428,3117,0,3117
37141920101,"Pender, NC (CT)",1298,0,1298,368,0,368
37141920102,"Pender, NC (CT)",2073,0,2073,1094,0,1094
37141920103,"Pender, NC (CT)",2132,666,2798,2543,1461,4004
37141920201,"Pender, NC (CT)",376,2178,2554,845,4833,5678
37141920202,"Pender, NC (CT)",272,2510,2782,668,5496,6164
37141920203,"Pender, NC (CT)",1664,39,1703,3999,75,4074
37141920204,"Pender, NC (CT)",1017,115,1132,1963,268,2231
37141920300,"Pender, NC (CT)",1935,0,1935,4232,0,4232
37141920401,"Pender, NC (CT)",711,346,1057,1588,793,2381
37141920402,"Pender, NC (CT)",611,573,1184,1316,1786,3102
37141920403,"Pender, NC (CT)",1243,339,1582,2794,877,3671
37141920501,"Pender, NC (CT)",2191,0,2191,4633,0,4633
37141920502,"Pender, NC (CT)",865,0,865,1717,0,1717
37141920601,"Pender, NC (CT)",1238,0,1238,3093,0,3093
37141920602,"Pender, NC (CT)",2007,325,2332,5049,726,5775
37141990100,"Pender, NC (CT)",0,0,0,0,0,0
37143920100,"Perquimans, NC (CT)",3210,0,3210,6853,0,6853
37143920201,"Perquimans, NC (CT)",1398,0,1398,2828,0,2828
37143920202,"Perquimans, NC (CT)",2378,0,2378,3772,0,3772
37145920100,"Person, NC (CT)",3007,14,3021,6801,33,6834
37145920200,"Person, NC (CT)",3264,298,3562,6077,672,6749
37145920300,"Person, NC (CT)",549,2420,2969,1292,5002,6294
37145920400,"Person, NC (CT)",100,1291,1391,217,2634,2851
37145920500,"Person, NC (CT)",2897,90,2987,6799,185,6984
37145920601,"Person, NC (CT)",1750,522,2272,3999,1134,5133
37145920602,"Person, NC (CT)",1991,0,1991,4619,0,4619
37147000100,"Pitt, NC (CT)",0,2777,2777,0,5173,5173
37147000201,"Pitt, NC (CT)",0,2805,2805,0,4952,4952
37147000202,"Pitt, NC (CT)",0,1363,1363,0,2623,2623
37147000301,"Pitt, NC (CT)",0,1346,1346,0,3159,3159
37147000302,"Pitt, NC (CT)",0,4071,4071,0,8858,8858
37147000400,"Pitt, NC (CT)",0,1101,1101,0,6567,6567
37147000501,"Pitt, NC (CT)",0,2797,2797,0,5886,5886
37147000502,"Pitt, NC (CT)",0,4385,4385,0,6706,6706
37147000601,"Pitt, NC (CT)",36,3547,3583,55,6631,6686
37147000602,"Pitt, NC (CT)",0,2954,2954,0,5219,5219
37147000603,"Pitt, NC (CT)",35,4161,4196,73,9497,9570
37147000701,"Pitt, NC (CT)",0,2007,2007,0,3903,3903
37147000702,"Pitt, NC (CT)",0,1215,1215,0,2968,2968
37147000800,"Pitt, NC (CT)",308,964,1272,784,2791,3575
37147000900,"Pitt, NC (CT)",2376,941,3317,5897,2155,8052
37147001001,"Pitt, NC (CT)",225,630,855,532,1708,2240
37147001002,"Pitt, NC (CT)",776,1658,2434,1954,4118,6072
37147001003,"Pitt, NC (CT)",114,1989,2103,313,4959,5272
37147001100,"Pitt, NC (CT)",2090,0,2090,5134,0,5134
37147001200,"Pitt, NC (CT)",1888,685,2573,4369,1570,5939
37147001301,"Pitt, NC (CT)",231,1394,1625,561,3322,3883
37147001302,"Pitt, NC (CT)",90,1983,2073,210,4967,5177
37147001303,"Pitt, NC (CT)",158,3240,3398,394,7295,7689
37147001401,"Pitt, NC (CT)",385,1803,2188,936,3865,4801
37147001402,"Pitt, NC (CT)",563,668,1231,1269,1322,2591
37147001500,"Pitt, NC (CT)",335,1080,1415,825,2490,3315
37147001600,"Pitt, NC (CT)",1828,1637,3465,4604,3239,7843
37147001700,"Pitt, NC (CT)",1022,625,1647,2517,1236,3753
37147001800,"Pitt, NC (CT)",547,2254,2801,1305,4815,6120
37147001900,"Pitt, NC (CT)",1327,0,1327,2889,0,2889
37147002001,"Pitt, NC (CT)",1160,1087,2247,3236,3051,6287
37147002002,"Pitt, NC (CT)",2202,127,2329,4913,333,5246
37149920101,"Polk, NC (CT)",1595,0,1595,3373,0,3373
37149920103,"Polk, NC (CT)",1548,0,1548,3197,0,3197
37149920104,"Polk, NC (CT)",1514,0,1514,2983,0,2983
37149920200,"Polk, NC (CT)",2967,0,2967,5061,0,5061
37149920301,"Polk, NC (CT)",644,0,644,1075,0,1075
37149920303,"Polk, NC (CT)",1275,0,1275,1947,0,1947
37149920304,"Polk, NC (CT)",862,1027,1889,1289,1585,2874
37151030100,"Randolph, NC (CT)",85,2043,2128,171,4426,4597
37151030201,"Randolph, NC (CT)",0,1617,1617,0,3078,3078
37151030202,"Randolph, NC (CT)",233,1878,2111,566,4512,5078
37151030301,"Randolph, NC (CT)",0,2729,2729,0,6501,6501
37151030302,"Randolph, NC (CT)",162,1019,1181,343,2698,3041
37151030400,"Randolph, NC (CT)",137,1734,1871,271,3922,4193
37151030502,"Randolph, NC (CT)",909,948,1857,2016,2003,4019
37151030503,"Randolph, NC (CT)",2380,67,2447,5691,164,5855
37151030504,"Randolph, NC (CT)",2541,0,2541,5893,0,5893
37151030600,"Randolph, NC (CT)",2091,650,2741,5145,1242,6387
37151030700,"Randolph, NC (CT)",2543,0,2543,6011,0,6011
37151030801,"Randolph, NC (CT)",2624,207,2831,6505,643,7148
37151030802,"Randolph, NC (CT)",2671,62,2733,6112,178,6290
37151030900,"Randolph, NC (CT)",1705,0,1705,3686,0,3686
37151031000,"Randolph, NC (CT)",2346,787,3133,5351,1800,7151
37151031100,"Randolph, NC (CT)",1985,525,2510,4455,1368,5823
37151031200,"Randolph, NC (CT)",2455,0,2455,5336,0,5336
37151031303,"Randolph, NC (CT)",713,1049,1762,1732,2494,4226
37151031304,"Randolph, NC (CT)",1730,321,2051,3974,727,4701
37151031305,"Randolph, NC (CT)",1521,207,1728,3585,505,4090
37151031306,"Randolph, NC (CT)",2787,0,2787,6845,0,6845
37151031400,"Randolph, NC (CT)",356,3260,3616,836,7616,8452
37151031501,"Randolph, NC (CT)",805,1595,2400,1976,4103,6079
37151031503,"Randolph, NC (CT)",0,1561,1561,0,3011,3011
37151031504,"Randolph, NC (CT)",43,2047,2090,116,5118,5234
37151031505,"Randolph, NC (CT)",866,631,1497,1909,1709,3618
37151031601,"Randolph, NC (CT)",547,1184,1731,1200,2705,3905
37151031602,"Randolph, NC (CT)",0,685,685,0,1504,1504
37153970100,"Richmond, NC (CT)",1296,0,1296,3676,0,3676
37153970200,"Richmond, NC (CT)",2311,0,2311,4930,0,4930
37153970300,"Richmond, NC (CT)",1518,731,2249,3307,1571,4878
37153970400,"Richmond, NC (CT)",524,1335,1859,1264,2966,4230
37153970500,"Richmond, NC (CT)",0,1208,1208,0,2503,2503
37153970600,"Richmond, NC (CT)",220,1757,1977,451,3701,4152
37153970700,"Richmond, NC (CT)",7,1408,1415,15,3115,3130
37153970800,"Richmond, NC (CT)",909,1394,2303,2116,3224,5340
37153970900,"Richmond, NC (CT)",139,2113,2252,295,4941,5236
37153971000,"Richmond, NC (CT)",727,1192,1919,1735,2439,4174
37153971100,"Richmond, NC (CT)",1509,440,1949,3446,944,4390
37155960101,"Robeson, NC (CT)",1378,85,1463,3888,237,4125
37155960102,"Robeson, NC (CT)",864,1276,2140,2144,3051,5195
37155960201,"Robeson, NC (CT)",2269,215,2484,5534,505,6039
37155960202,"Robeson, NC (CT)",1591,0,1591,4664,0,4664
37155960300,"Robeson, NC (CT)",952,1786,2738,2662,4135,6797
37155960401,"Robeson, NC (CT)",2577,0,2577,7157,0,7157
37155960402,"Robeson, NC (CT)",1198,100,1298,3312,256,3568
37155960501,"Robeson, NC (CT)",1191,117,1308,3083,330,3413
37155960502,"Robeson, NC (CT)",299,1554,1853,711,5346,6057
37155960503,"Robeson, NC (CT)",400,292,692,1072,692,1764
37155960600,"Robeson, NC (CT)",1667,756,2423,4437,1994,6431
37155960701,"Robeson, NC (CT)",1419,580,1999,3979,1492,5471
37155960702,"Robeson, NC (CT)",137,1020,1157,356,2724,3080
37155960801,"Robeson, NC (CT)",98,1395,1493,198,4331,4529
37155960802,"Robeson, NC (CT)",107,753,860,252,1719,1971
37155960900,"Robeson, NC (CT)",0,948,948,0,2001,2001
37155961000,"Robeson, NC (CT)",0,990,990,0,2147,2147
37155961100,"Robeson, NC (CT)",70,782,852,209,1841,2050
37155961200,"Robeson, NC (CT)",0,1341,1341,0,2902,2902
37155961301,"Robeson, NC (CT)",593,1207,1800,1574,2899,4473
37155961302,"Robeson, NC (CT)",54,2057,2111,132,5085,5217
37155961400,"Robeson, NC (CT)",1556,0,1556,3833,0,3833
37155961500,"Robeson, NC (CT)",1833,471,2304,4574,1267,5841
37155961601,"Robeson, NC (CT)",1514,77,1591,3657,199,3856
37155961602,"Robeson, NC (CT)",1670,0,1670,3811,0,3811
37155961700,"Robeson, NC (CT)",1298,1179,2477,3061,2507,5568
37155961801,"Robeson, NC (CT)",1915,0,1915,5086,0,5086
37155961802,"Robeson, NC (CT)",2062,0,2062,5198,0,5198
37155961900,"Robeson, NC (CT)",2162,0,2162,4995,0,4995
37155962001,"Robeson, NC (CT)",490,1148,1638,1208,2501,3709
37155962002,"Robeson, NC (CT)",1258,0,1258,3220,0,3220
37157040101,"Rockingham, NC (CT)",1926,5,1931,4087,10,4097
37157040102,"Rockingham, NC (CT)",1323,11,1334,2808,15,2823
37157040200,"Rockingham, NC (CT)",273,1631,1904,545,3404,3949
37157040300,"Rockingham, NC (CT)",0,1971,1971,0,3712,3712
37157040400,"Rockingham, NC (CT)",405,2577,2982,823,5538,6361
37157040501,"Rockingham, NC (CT)",777,1094,1871,1634,2025,3659
37157040502,"Rockingham, NC (CT)",218,1242,1460,504,2372,2876
37157040601,"Rockingham, NC (CT)",1782,0,1782,3872,0,3872
37157040602,"Rockingham, NC (CT)",1976,55,2031,4648,136,4784
37157040700,"Rockingham, NC (CT)",1634,477,2111,3567,957,4524
37157040800,"Rockingham, NC (CT)",148,726,874,308,1358,1666
37157040900,"Rockingham, NC (CT)",278,1054,1332,520,2067,2587
37157041001,"Rockingham, NC (CT)",2675,0,2675,6103,0,6103
37157041002,"Rockingham, NC (CT)",2475,0,2475,5894,0,5894
37157041100,"Rockingham, NC (CT)",2976,30,3006,6608,49,6657
37157041200,"Rockingham, NC (CT)",310,2310,2620,667,4615,5282
37157041300,"Rockingham, NC (CT)",2574,394,2968,5797,940,6737
37157041400,"Rockingham, NC (CT)",406,1071,1477,868,2123,2991
37157041500,"Rockingham, NC (CT)",379,3053,3432,794,6148,6942
37157041601,"Rockingham, NC (CT)",1372,80,1452,3346,167,3513
37157041602,"Rockingham, NC (CT)",2008,0,2008,4614,0,4614
37159050201,"Rowan, NC (CT)",157,1697,1854,324,3534,3858
37159050202,"Rowan, NC (CT)",52,2135,2187,104,4187,4291
37159050300,"Rowan, NC (CT)",0,1850,1850,0,3748,3748
37159050400,"Rowan, NC (CT)",0,1154,1154,0,3154,3154
37159050500,"Rowan, NC (CT)",0,1334,1334,0,3719,3719
37159050700,"Rowan, NC (CT)",70,1344,1414,134,3062,3196
37159050800,"Rowan, NC (CT)",233,1286,1519,390,2444,2834
37159050901,"Rowan, NC (CT)",2153,0,2153,4139,0,4139
37159050903,"Rowan, NC (CT)",2163,438,2601,5201,952,6153
37159050904,"Rowan, NC (CT)",1438,0,1438,2582,0,2582
37159051001,"Rowan, NC (CT)",1691,1468,3159,4004,3431,7435
37159051002,"Rowan, NC (CT)",15,2499,2514,37,5840,5877
37159051101,"Rowan, NC (CT)",1974,846,2820,4763,2096,6859
37159051102,"Rowan, NC (CT)",1085,555,1640,2415,1359,3774
37159051201,"Rowan, NC (CT)",307,1865,2172,755,6067,6822
37159051202,"Rowan, NC (CT)",520,755,1275,1221,2076,3297
37159051204,"Rowan, NC (CT)",0,1675,1675,0,3973,3973
37159051301,"Rowan, NC (CT)",677,348,1025,1657,389,2046
37159051302,"Rowan, NC (CT)",1148,889,2037,2521,2019,4540
37159051303,"Rowan, NC (CT)",177,2541,2718,406,5142,5548
37159051400,"Rowan, NC (CT)",779,2332,3111,1729,5238,6967
37159051501,"Rowan, NC (CT)",0,1650,1650,0,3876,3876
37159051502,"Rowan, NC (CT)",159,1212,1371,381,2839,3220
37159051600,"Rowan, NC (CT)",402,2513,2915,929,5570,6499
37159051700,"Rowan, NC (CT)",1099,2219,3318,2619,5199,7818
37159051801,"Rowan, NC (CT)",1092,623,1715,2578,1570,4148
37159051802,"Rowan, NC (CT)",1576,264,1840,3820,754,4574
37159051901,"Rowan, NC (CT)",1928,0,1928,4637,0,4637
37159051902,"Rowan, NC (CT)",2660,0,2660,6395,0,6395
37159052000,"Rowan, NC (CT)",0,1164,1164,0,2449,2449
37161960100,"Rutherford, NC (CT)",3090,0,3090,6265,0,6265
37161960200,"Rutherford, NC (CT)",3440,0,3440,6973,0,6973
37161960300,"Rutherford, NC (CT)",3454,0,3454,2625,0,2625
37161960400,"Rutherford, NC (CT)",1175,419,1594,2507,941,3448
37161960500,"Rutherford, NC (CT)",1341,2308,3649,3020,4998,8018
37161960600,"Rutherford, NC (CT)",170,1831,2001,357,3818,4175
37161960700,"Rutherford, NC (CT)",442,1708,2150,985,3902,4887
37161960800,"Rutherford, NC (CT)",51,2257,2308,75,4400,4475
37161960900,"Rutherford, NC (CT)",620,1887,2507,1430,3900,5330
37161961000,"Rutherford, NC (CT)",2810,522,3332,6174,1251,7425
37161961101,"Rutherford, NC (CT)",1464,1282,2746,3334,2776,6110
37161961102,"Rutherford, NC (CT)",1485,0,1485,3349,0,3349
37161961200,"Rutherford, NC (CT)",1992,130,2122,4298,432,4730
37163970100,"Sampson, NC (CT)",2934,0,2934,7110,0,7110
37163970200,"Sampson, NC (CT)",2927,0,2927,6635,0,6635
37163970301,"Sampson, NC (CT)",2637,0,2637,6549,0,6549
37163970302,"Sampson, NC (CT)",2154,0,2154,5132,0,5132
37163970400,"Sampson, NC (CT)",2461,0,2461,5315,0,5315
37163970500,"Sampson, NC (CT)",2578,0,2578,5933,0,5933
37163970600,"Sampson, NC (CT)",567,1502,2069,1269,3825,5094
37163970700,"Sampson, NC (CT)",1246,1555,2801,2847,3257,6104
37163970800,"Sampson, NC (CT)",1814,989,2803,4513,2456,6969
37163970900,"Sampson, NC (CT)",1444,0,1444,3161,0,3161
37163971000,"Sampson, NC (CT)",2426,0,2426,5429,0,5429
37165010101,"Scotland, NC (CT)",73,1449,1522,159,3446,3605
37165010102,"Scotland, NC (CT)",21,2496,2517,46,5140,5186
37165010200,"Scotland, NC (CT)",53,1830,1883,112,4138,4250
37165010300,"Scotland, NC (CT)",208,1628,1836,489,3954,4443
37165010400,"Scotland, NC (CT)",1053,143,1196,3545,361,3906
37165010500,"Scotland, NC (CT)",2359,711,3070,5660,1621,7281
37165010600,"Scotland, NC (CT)",3169,0,3169,7486,0,7486
37167930101,"Stanly, NC (CT)",1726,0,1726,4482,0,4482
37167930102,"Stanly, NC (CT)",1415,298,1713,3124,680,3804
37167930200,"Stanly, NC (CT)",1466,299,1765,3763,683,4446
37167930300,"Stanly, NC (CT)",183,1565,1748,376,3556,3932
37167930500,"Stanly, NC (CT)",391,1212,1603,933,2655,3588
37167930700,"Stanly, NC (CT)",1934,0,1934,4590,0,4590
37167930801,"Stanly, NC (CT)",1062,877,1939,2467,2058,4525
37167930802,"Stanly, NC (CT)",1597,257,1854,3861,680,4541
37167930900,"Stanly, NC (CT)",2550,0,2550,5789,0,5789
37167931000,"Stanly, NC (CT)",2194,465,2659,4739,1067,5806
37167931100,"Stanly, NC (CT)",3002,0,3002,5754,0,5754
37167931201,"Stanly, NC (CT)",0,3122,3122,0,6111,6111
37167931202,"Stanly, NC (CT)",527,968,1495,1146,2071,3217
37169070100,"Stokes, NC (CT)",3181,0,3181,6720,0,6720
37169070200,"Stokes, NC (CT)",1835,0,1835,3660,0,3660
37169070300,"Stokes, NC (CT)",2416,0,2416,4732,0,4732
37169070400,"Stokes, NC (CT)",2088,251,2339,4652,685,5337
37169070501,"Stokes, NC (CT)",568,2580,3148,1304,5580,6884
37169070503,"Stokes, NC (CT)",449,2058,2507,992,4858,5850
37169070504,"Stokes, NC (CT)",1336,129,1465,3055,339,3394
37169070600,"Stokes, NC (CT)",2329,28,2357,5085,58,5143
37169070700,"Stokes, NC (CT)",2676,0,2676,5681,0,5681
37171930101,"Surry, NC (CT)",953,0,953,2093,0,2093
37171930102,"Surry, NC (CT)",1901,173,2074,4341,442,4783
37171930201,"Surry, NC (CT)",647,939,1586,1474,2069,3543
37171930202,"Surry, NC (CT)",766,798,1564,1663,1669,3332
37171930301,"Surry, NC (CT)",357,621,978,732,1310,2042
37171930302,"Surry, NC (CT)",0,1888,1888,0,3630,3630
37171930400,"Surry, NC (CT)",0,1322,1322,0,2576,2576
37171930501,"Surry, NC (CT)",220,1034,1254,502,2389,2891
37171930502,"Surry, NC (CT)",119,1499,1618,282,3056,3338
37171930600,"Surry, NC (CT)",922,710,1632,2036,1460,3496
37171930700,"Surry, NC (CT)",1595,309,1904,3537,818,4355
37171930801,"Surry, NC (CT)",2486,0,2486,5201,0,5201
37171930802,"Surry, NC (CT)",1506,0,1506,3176,0,3176
37171930901,"Surry, NC (CT)",450,1703,2153,955,3512,4467
37171930902,"Surry, NC (CT)",690,35,725,1554,51,1605
37171931001,"Surry, NC (CT)",1068,0,1068,2540,0,2540
37171931002,"Surry, NC (CT)",2127,0,2127,5216,0,5216
37171931003,"Surry, NC (CT)",1293,0,1293,3234,0,3234
37171931101,"Surry, NC (CT)",1238,0,1238,2870,0,2870
37171931102,"Surry, NC (CT)",1674,0,1674,3728,0,3728
37171931103,"Surry, NC (CT)",869,0,869,1846,0,1846
37171931200,"Surry, NC (CT)",1755,0,1755,3711,0,3711
37173940100,"Swain, NC (CT)",2314,0,2314,4831,0,4831
37173960200,"Swain, NC (CT)",1954,0,1954,3043,0,3043
37173960301,"Swain, NC (CT)",2349,0,2349,3296,0,3296
37173960302,"Swain, NC (CT)",2102,0,2102,2811,0,2811
37173980200,"Swain, NC (CT)",4,0,4,0,0,0
37175960100,"Transylvania, NC (CT)",1194,864,2058,2493,1831,4324
37175960200,"Transylvania, NC (CT)",704,1699,2403,1461,3174,4635
37175960300,"Transylvania, NC (CT)",668,2943,3611,1378,6141,7519
37175960401,"Transylvania, NC (CT)",1794,400,2194,3342,785,4127
37175960402,"Transylvania, NC (CT)",3303,92,3395,4084,185,4269
37175960500,"Transylvania, NC (CT)",2353,562,2915,4470,1240,5710
37175960600,"Transylvania, NC (CT)",2587,0,2587,2506,0,2506
37177960100,"Tyrrell, NC (CT)",2068,0,2068,4407,0,4407
37179020100,"Union, NC (CT)",2519,0,2519,6266,0,6266
37179020202,"Union, NC (CT)",2288,165,2453,6082,428,6510
37179020203,"Union, NC (CT)",683,707,1390,1805,1990,3795
37179020204,"Union, NC (CT)",1513,2,1515,3842,7,3849
37179020305,"Union, NC (CT)",191,1460,1651,453,4203,4656
37179020306,"Union, NC (CT)",101,2193,2294,167,6516,6683
37179020307,"Union, NC (CT)",0,2366,2366,0,6693,6693
37179020308,"Union, NC (CT)",371,1413,1784,922,4178,5100
37179020309,"Union, NC (CT)",0,863,863,0,2347,2347
37179020310,"Union, NC (CT)",0,1780,1780,0,5248,5248
37179020311,"Union, NC (CT)",0,2260,2260,0,6048,6048
37179020312,"Union, NC (CT)",0,1715,1715,0,4279,4279
37179020313,"Union, NC (CT)",0,913,913,0,2222,2222
37179020314,"Union, NC (CT)",0,1932,1932,0,4703,4703
37179020315,"Union, NC (CT)",0,1674,1674,0,4880,4880
37179020316,"Union, NC (CT)",0,1525,1525,0,4357,4357
37179020317,"Union, NC (CT)",0,1731,1731,0,5353,5353
37179020401,"Union, NC (CT)",198,2161,2359,533,5427,5960
37179020403,"Union, NC (CT)",10,1747,1757,22,4413,4435
37179020404,"Union, NC (CT)",0,2579,2579,0,6658,6658
37179020501,"Union, NC (CT)",81,1802,1883,205,4678,4883
37179020502,"Union, NC (CT)",319,1149,1468,832,3080,3912
37179020601,"Union, NC (CT)",630,1054,1684,1555,3596,5151
37179020602,"Union, NC (CT)",304,1647,1951,713,3975,4688
37179020701,"Union, NC (CT)",548,1047,1595,1418,3965,5383
37179020702,"Union, NC (CT)",1063,503,1566,2608,1418,4026
37179020800,"Union, NC (CT)",1201,941,2142,2778,2454,5232
37179020901,"Union, NC (CT)",2064,0,2064,5124,0,5124
37179020902,"Union, NC (CT)",2295,0,2295,5929,0,5929
37179021004,"Union, NC (CT)",503,1017,1520,1079,3290,4369
37179021005,"Union, NC (CT)",1743,100,1843,4417,213,4630
37179021006,"Union, NC (CT)",27,1548,1575,68,5138,5206
37179021007,"Union, NC (CT)",82,1665,1747,200,5767,5967
37179021008,"Union, NC (CT)",100,2100,2200,269,6564,6833
37179021009,"Union, NC (CT)",67,652,719,188,2272,2460
37179021010,"Union, NC (CT)",398,1824,2222,1071,5399,6470
37179021011,"Union, NC (CT)",113,1761,1874,311,5747,6058
37179021012,"Union, NC (CT)",175,975,1150,522,3059,3581
37179021013,"Union, NC (CT)",68,1486,1554,157,3930,4087
37179021014,"Union, NC (CT)",341,698,1039,837,1866,2703
37179021015,"Union, NC (CT)",1719,0,1719,4558,0,4558
37181960100,"Vance, NC (CT)",2113,20,2133,4174,53,4227
37181960200,"Vance, NC (CT)",2154,0,2154,4170,0,4170
37181960300,"Vance, NC (CT)",1906,287,2193,4451,700,5151
37181960400,"Vance, NC (CT)",101,1834,1935,208,3752,3960
37181960500,"Vance, NC (CT)",0,2355,2355,0,5107,5107
37181960600,"Vance, NC (CT)",0,656,656,0,1566,1566
37181960700,"Vance, NC (CT)",0,1955,1955,0,4136,4136
37181960800,"Vance, NC (CT)",75,876,951,171,2135,2306
37181960900,"Vance, NC (CT)",2253,1014,3267,5681,2803,8484
37181961000,"Vance, NC (CT)",2253,230,2483,5709,606,6315
37183050100,"Wake, NC (CT)",0,1444,1444,0,2823,2823
37183050300,"Wake, NC (CT)",0,1990,1990,0,2488,2488
37183050400,"Wake, NC (CT)",0,812,812,0,1737,1737
37183050500,"Wake, NC (CT)",0,1798,1798,0,3533,3533
37183050600,"Wake, NC (CT)",0,1382,1382,0,3817,3817
37183050700,"Wake, NC (CT)",0,1485,1485,0,3139,3139
37183050800,"Wake, NC (CT)",0,1069,1069,0,4340,4340
37183050900,"Wake, NC (CT)",0,1104,1104,0,3555,3555
37183051000,"Wake, NC (CT)",0,1247,1247,0,1798,1798
37183051101,"Wake, NC (CT)",0,518,518,0,4696,4696
37183051102,"Wake, NC (CT)",0,67,67,0,4255,4255
37183051200,"Wake, NC (CT)",0,2028,2028,0,3476,3476
37183051400,"Wake, NC (CT)",0,2357,2357,0,5364,5364
37183051501,"Wake, NC (CT)",0,1472,1472,0,3212,3212
37183051502,"Wake, NC (CT)",0,1110,1110,0,2454,2454
37183051600,"Wake, NC (CT)",0,2038,2038,0,4523,4523
37183051700,"Wake, NC (CT)",0,1316,1316,0,3215,3215
37183051800,"Wake, NC (CT)",0,2320,2320,0,4302,4302
37183051900,"Wake, NC (CT)",0,2111,2111,0,4847,4847
37183052001,"Wake, NC (CT)",0,1629,1629,0,4261,4261
37183052002,"Wake, NC (CT)",0,1877,1877,0,4907,4907
37183052101,"Wake, NC (CT)",0,2817,2817,0,7468,7468
37183052102,"Wake, NC (CT)",0,1914,1914,0,5555,5555
37183052301,"Wake, NC (CT)",0,3201,3201,0,6024,6024
37183052302,"Wake, NC (CT)",0,3336,3336,0,7874,7874
37183052401,"Wake, NC (CT)",0,1303,1303,0,3205,3205
37183052404,"Wake, NC (CT)",0,1702,1702,0,4177,4177
37183052406,"Wake, NC (CT)",0,3216,3216,0,6413,6413
37183052407,"Wake, NC (CT)",0,1995,1995,0,3831,3831
37183052408,"Wake, NC (CT)",0,1354,1354,0,2923,2923
37183052409,"Wake, NC (CT)",0,1487,1487,0,4196,4196
37183052503,"Wake, NC (CT)",4,3575,3579,14,6382,6396
37183052504,"Wake, NC (CT)",0,2759,2759,0,5439,5439
37183052505,"Wake, NC (CT)",0,2535,2535,0,4638,4638
37183052506,"Wake, NC (CT)",0,1002,1002,0,2018,2018
37183052507,"Wake, NC (CT)",0,1325,1325,0,2803,2803
37183052601,"Wake, NC (CT)",0,1451,1451,0,3054,3054
37183052602,"Wake, NC (CT)",0,1819,1819,0,3723,3723
37183052603,"Wake, NC (CT)",0,1344,1344,0,2790,2790
37183052701,"Wake, NC (CT)",0,2480,2480,0,5702,5702
37183052704,"Wake, NC (CT)",0,2664,2664,0,6673,6673
37183052705,"Wake, NC (CT)",0,1997,1997,0,3799,3799
37183052706,"Wake, NC (CT)",0,1826,1826,0,4439,4439
37183052707,"Wake, NC (CT)",0,2642,2642,0,6417,6417
37183052801,"Wake, NC (CT)",0,2566,2566,0,6120,6120
37183052802,"Wake, NC (CT)",0,2563,2563,0,5704,5704
37183052803,"Wake, NC (CT)",159,3445,3604,285,9179,9464
37183052806,"Wake, NC (CT)",38,4850,4888,96,13654,13750
37183052807,"Wake, NC (CT)",746,1056,1802,1702,2686,4388
37183052808,"Wake, NC (CT)",202,3688,3890,402,8744,9146
37183052809,"Wake, NC (CT)",185,802,987,433,2161,2594
37183052901,"Wake, NC (CT)",602,504,1106,1598,1273,2871
37183052902,"Wake, NC (CT)",102,1994,2096,273,5235,5508
37183052903,"Wake, NC (CT)",1,1108,1109,1,2913,2914
37183052904,"Wake, NC (CT)",437,2291,2728,1133,6127,7260
37183053003,"Wake, NC (CT)",0,2889,2889,0,5465,5465
37183053004,"Wake, NC (CT)",0,1165,1165,0,2611,2611
37183053005,"Wake, NC (CT)",0,1768,1768,0,4980,4980
37183053006,"Wake, NC (CT)",0,1128,1128,0,3143,3143
37183053007,"Wake, NC (CT)",0,1101,1101,0,2866,2866
37183053008,"Wake, NC (CT)",219,3431,3650,525,7274,7799
37183053009,"Wake, NC (CT)",284,2621,2905,606,6629,7235
37183053105,"Wake, NC (CT)",0,1366,1366,0,3526,3526
37183053106,"Wake, NC (CT)",0,1341,1341,0,2895,2895
37183053107,"Wake, NC (CT)",172,3295,3467,440,7827,8267
37183053108,"Wake, NC (CT)",819,1654,2473,2088,4385,6473
37183053109,"Wake, NC (CT)",840,2023,2863,2149,5738,7887
37183053110,"Wake, NC (CT)",900,1191,2091,2430,3093,5523
37183053111,"Wake, NC (CT)",0,2076,2076,0,5312,5312
37183053201,"Wake, NC (CT)",0,3527,3527,0,10377,10377
37183053202,"Wake, NC (CT)",0,1426,1426,0,4234,4234
37183053203,"Wake, NC (CT)",0,2307,2307,0,6736,6736
37183053204,"Wake, NC (CT)",0,1815,1815,0,4383,4383
37183053205,"Wake, NC (CT)",0,643,643,0,1707,1707
37183053206,"Wake, NC (CT)",49,1519,1568,110,4287,4397
37183053207,"Wake, NC (CT)",799,1565,2364,1988,4675,6663
37183053405,"Wake, NC (CT)",0,1896,1896,0,4603,4603
37183053408,"Wake, NC (CT)",0,1211,1211,0,3885,3885
37183053409,"Wake, NC (CT)",0,2064,2064,0,6677,6677
37183053410,"Wake, NC (CT)",0,1561,1561,0,4567,4567
37183053411,"Wake, NC (CT)",268,2041,2309,676,5679,6355
37183053412,"Wake, NC (CT)",465,1724,2189,1087,4959,6046
37183053413,"Wake, NC (CT)",743,987,1730,1782,3071,4853
37183053414,"Wake, NC (CT)",0,3055,3055,0,8709,8709
37183053415,"Wake, NC (CT)",0,1007,1007,0,3085,3085
37183053416,"Wake, NC (CT)",0,2213,2213,0,5267,5267
37183053417,"Wake, NC (CT)",110,855,965,285,2154,2439
37183053418,"Wake, NC (CT)",0,2209,2209,0,5350,5350
37183053419,"Wake, NC (CT)",0,949,949,0,2758,2758
37183053420,"Wake, NC (CT)",37,2189,2226,60,5958,6018
37183053421,"Wake, NC (CT)",0,1831,1831,0,4946,4946
37183053422,"Wake, NC (CT)",0,874,874,0,2456,2456
37183053423,"Wake, NC (CT)",0,959,959,0,2167,2167
37183053424,"Wake, NC (CT)",0,1657,1657,0,4528,4528
37183053425,"Wake, NC (CT)",0,931,931,0,2772,2772
37183053505,"Wake, NC (CT)",0,1495,1495,0,3610,3610
37183053506,"Wake, NC (CT)",0,2489,2489,0,5479,5479
37183053507,"Wake, NC (CT)",0,1822,1822,0,3603,3603
37183053509,"Wake, NC (CT)",0,1883,1883,0,4896,4896
37183053512,"Wake, NC (CT)",5,3078,3083,2,6390,6392
37183053513,"Wake, NC (CT)",0,1813,1813,0,3963,3963
37183053516,"Wake, NC (CT)",0,1498,1498,0,3490,3490
37183053517,"Wake, NC (CT)",0,1746,1746,0,4672,4672
37183053518,"Wake, NC (CT)",0,1585,1585,0,3653,3653
37183053519,"Wake, NC (CT)",0,2036,2036,0,4201,4201
37183053520,"Wake, NC (CT)",0,2351,2351,0,5230,5230
37183053521,"Wake, NC (CT)",0,1187,1187,0,3079,3079
37183053522,"Wake, NC (CT)",0,2218,2218,0,4825,4825
37183053523,"Wake, NC (CT)",0,2292,2292,0,5560,5560
37183053524,"Wake, NC (CT)",0,1585,1585,0,3217,3217
37183053525,"Wake, NC (CT)",0,915,915,0,2413,2413
37183053601,"Wake, NC (CT)",38,2777,2815,67,5284,5351
37183053602,"Wake, NC (CT)",11,1757,1768,26,4983,5009
37183053603,"Wake, NC (CT)",0,1532,1532,0,3728,3728
37183053604,"Wake, NC (CT)",0,1312,1312,0,4071,4071
37183053605,"Wake, NC (CT)",0,685,685,0,1829,1829
37183053606,"Wake, NC (CT)",0,1300,1300,0,2595,2595
37183053607,"Wake, NC (CT)",0,3095,3095,0,7322,7322
37183053608,"Wake, NC (CT)",0,1063,1063,0,2514,2514
37183053609,"Wake, NC (CT)",24,387,411,47,699,746
37183053610,"Wake, NC (CT)",15,4693,4708,20,8600,8620
37183053707,"Wake, NC (CT)",0,3354,3354,0,6313,6313
37183053709,"Wake, NC (CT)",0,3837,3837,0,6938,6938
37183053711,"Wake, NC (CT)",0,2320,2320,0,5481,5481
37183053712,"Wake, NC (CT)",0,1134,1134,0,2661,2661
37183053713,"Wake, NC (CT)",0,2232,2232,0,3588,3588
37183053714,"Wake, NC (CT)",0,2135,2135,0,4664,4664
37183053715,"Wake, NC (CT)",0,1524,1524,0,3543,3543
37183053716,"Wake, NC (CT)",0,2203,2203,0,4137,4137
37183053717,"Wake, NC (CT)",0,1474,1474,0,2782,2782
37183053718,"Wake, NC (CT)",0,1156,1156,0,3255,3255
37183053719,"Wake, NC (CT)",0,1343,1343,0,3790,3790
37183053720,"Wake, NC (CT)",0,1501,1501,0,4376,4376
37183053721,"Wake, NC (CT)",0,1313,1313,0,3441,3441
37183053722,"Wake, NC (CT)",0,2522,2522,0,4961,4961
37183053723,"Wake, NC (CT)",0,1544,1544,0,2872,2872
37183053724,"Wake, NC (CT)",0,2545,2545,0,5875,5875
37183053725,"Wake, NC (CT)",0,2508,2508,0,5088,5088
37183053726,"Wake, NC (CT)",0,1627,1627,0,3175,3175
37183053803,"Wake, NC (CT)",0,1270,1270,0,3737,3737
37183053804,"Wake, NC (CT)",787,416,1203,2076,1242,3318
37183053805,"Wake, NC (CT)",418,295,713,1197,863,2060
37183053806,"Wake, NC (CT)",0,1249,1249,0,3414,3414
37183053807,"Wake, NC (CT)",0,1587,1587,0,4028,4028
37183053808,"Wake, NC (CT)",0,1944,1944,0,5449,5449
37183053900,"Wake, NC (CT)",2405,500,2905,6258,1347,7605
37183054001,"Wake, NC (CT)",0,2896,2896,0,5518,5518
37183054004,"Wake, NC (CT)",0,2565,2565,0,5123,5123
37183054006,"Wake, NC (CT)",0,1316,1316,0,3467,3467
37183054007,"Wake, NC (CT)",0,1808,1808,0,3673,3673
37183054008,"Wake, NC (CT)",0,2734,2734,0,6256,6256
37183054011,"Wake, NC (CT)",0,1095,1095,0,2850,2850
37183054012,"Wake, NC (CT)",0,1540,1540,0,3517,3517
37183054013,"Wake, NC (CT)",0,4917,4917,0,12070,12070
37183054014,"Wake, NC (CT)",0,4518,4518,0,12342,12342
37183054015,"Wake, NC (CT)",0,855,855,0,2169,2169
37183054016,"Wake, NC (CT)",0,2594,2594,0,6083,6083
37183054017,"Wake, NC (CT)",0,1298,1298,0,2912,2912
37183054018,"Wake, NC (CT)",0,1349,1349,0,2553,2553
37183054104,"Wake, NC (CT)",0,3672,3672,0,10699,10699
37183054105,"Wake, NC (CT)",47,4907,4954,116,11597,11713
37183054106,"Wake, NC (CT)",0,2775,2775,0,6953,6953
37183054108,"Wake, NC (CT)",258,2150,2408,665,5866,6531
37183054109,"Wake, NC (CT)",931,386,1317,2278,908,3186
37183054110,"Wake, NC (CT)",239,2795,3034,535,7810,8345
37183054111,"Wake, NC (CT)",431,417,848,948,1073,2021
37183054112,"Wake, NC (CT)",165,1108,1273,363,2568,2931
37183054113,"Wake, NC (CT)",338,642,980,793,1492,2285
37183054114,"Wake, NC (CT)",35,1858,1893,90,4647,4737
37183054115,"Wake, NC (CT)",354,2767,3121,798,6944,7742
37183054203,"Wake, NC (CT)",0,1239,1239,0,3447,3447
37183054204,"Wake, NC (CT)",0,1731,1731,0,4331,4331
37183054205,"Wake, NC (CT)",0,1978,1978,0,4796,4796
37183054206,"Wake, NC (CT)",0,2089,2089,0,4917,4917
37183054207,"Wake, NC (CT)",0,3247,3247,0,8745,8745
37183054208,"Wake, NC (CT)",0,2526,2526,0,6134,6134
37183054209,"Wake, NC (CT)",0,3016,3016,0,8665,8665
37183054210,"Wake, NC (CT)",1592,1401,2993,3974,3917,7891
37183054211,"Wake, NC (CT)",692,2536,3228,1753,7082,8835
37183054301,"Wake, NC (CT)",2166,233,2399,5116,532,5648
37183054302,"Wake, NC (CT)",592,2048,2640,1553,5011,6564
37183054402,"Wake, NC (CT)",886,1248,2134,2208,3200,5408
37183054403,"Wake, NC (CT)",1028,388,1416,2837,1049,3886
37183054404,"Wake, NC (CT)",373,1936,2309,1022,4638,5660
37183054500,"Wake, NC (CT)",7,3253,3260,36,7725,7761
37183980100,"Wake, NC (CT)",1,0,1,2,0,2
37183980200,"Wake, NC (CT)",10,0,10,30,0,30
37185950101,"Warren, NC (CT)",2588,0,2588,2210,0,2210
37185950102,"Warren, NC (CT)",1091,0,1091,1352,0,1352
37185950103,"Warren, NC (CT)",1292,0,1292,2597,0,2597
37185950200,"Warren, NC (CT)",3008,0,3008,6676,0,6676
37185950300,"Warren, NC (CT)",2120,0,2120,4414,0,4414
37185950400,"Warren, NC (CT)",1707,0,1707,3723,0,3723
37187950100,"Washington, NC (CT)",2599,0,2599,5069,0,5069
37187950200,"Washington, NC (CT)",1093,1992,3085,2381,4242,6623
37187950300,"Washington, NC (CT)",796,11,807,1513,23,1536
37189920100,"Watauga, NC (CT)",2550,27,2577,4533,53,4586
37189920200,"Watauga, NC (CT)",2156,0,2156,4044,0,4044
37189920300,"Watauga, NC (CT)",1188,200,1388,1997,418,2415
37189920400,"Watauga, NC (CT)",1094,3114,4208,1867,6561,8428
37189920500,"Watauga, NC (CT)",0,1130,1130,0,6660,6660
37189920601,"Watauga, NC (CT)",311,2394,2705,431,4849,5280
37189920602,"Watauga, NC (CT)",1540,99,1639,1197,195,1392
37189920701,"Watauga, NC (CT)",1046,112,1158,1902,256,2158
37189920702,"Watauga, NC (CT)",2295,88,2383,2705,223,2928
37189920703,"Watauga, NC (CT)",1250,1763,3013,2194,3548,5742
37189920800,"Watauga, NC (CT)",3646,0,3646,2655,0,2655
37189920900,"Watauga, NC (CT)",4123,0,4123,4404,0,4404
37189921000,"Watauga, NC (CT)",2011,0,2011,387,0,387
37191000101,"Wayne, NC (CT)",2744,370,3114,6339,876,7215
37191000102,"Wayne, NC (CT)",564,1907,2471,1444,5142,6586
37191000200,"Wayne, NC (CT)",1568,0,1568,3282,0,3282
37191000302,"Wayne, NC (CT)",1250,1357,2607,2879,3283,6162
37191000303,"Wayne, NC (CT)",2141,426,2567,5198,1128,6326
37191000304,"Wayne, NC (CT)",1596,672,2268,3788,1410,5198
37191000401,"Wayne, NC (CT)",1674,511,2185,4117,1136,5253
37191000402,"Wayne, NC (CT)",560,1487,2047,1287,3161,4448
37191000500,"Wayne, NC (CT)",0,554,554,0,2325,2325
37191000601,"Wayne, NC (CT)",379,1605,1984,893,4023,4916
37191000602,"Wayne, NC (CT)",3345,0,3345,8980,0,8980
37191000700,"Wayne, NC (CT)",124,1143,1267,271,2328,2599
37191000800,"Wayne, NC (CT)",186,873,1059,445,2076,2521
37191000901,"Wayne, NC (CT)",906,1180,2086,2219,2805,5024
37191000902,"Wayne, NC (CT)",1706,802,2508,3989,1676,5665
37191001000,"Wayne, NC (CT)",1887,0,1887,4230,0,4230
37191001101,"Wayne, NC (CT)",2125,634,2759,5207,2613,7820
37191001102,"Wayne, NC (CT)",604,664,1268,1583,1746,3329
37191001200,"Wayne, NC (CT)",98,1722,1820,186,3455,3641
37191001301,"Wayne, NC (CT)",72,2807,2879,145,5977,6122
37191001302,"Wayne, NC (CT)",4,1874,1878,11,3323,3334
37191001400,"Wayne, NC (CT)",0,3251,3251,0,6685,6685
37191001500,"Wayne, NC (CT)",192,1245,1437,389,2198,2587
37191001800,"Wayne, NC (CT)",0,1374,1374,0,2822,2822
37191001900,"Wayne, NC (CT)",0,2138,2138,0,4460,4460
37191002000,"Wayne, NC (CT)",7,621,628,20,1073,1093
37193960100,"Wilkes, NC (CT)",2975,294,3269,6441,603,7044
37193960200,"Wilkes, NC (CT)",1845,0,1845,3836,0,3836
37193960300,"Wilkes, NC (CT)",2802,0,2802,6358,0,6358
37193960400,"Wilkes, NC (CT)",2892,587,3479,6131,1294,7425
37193960500,"Wilkes, NC (CT)",553,1001,1554,1232,2054,3286
37193960600,"Wilkes, NC (CT)",158,1096,1254,352,2079,2431
37193960700,"Wilkes, NC (CT)",484,1147,1631,945,2580,3525
37193960801,"Wilkes, NC (CT)",1430,573,2003,3017,1290,4307
37193960802,"Wilkes, NC (CT)",1271,759,2030,2778,1675,4453
37193960900,"Wilkes, NC (CT)",3169,0,3169,5144,0,5144
37193961001,"Wilkes, NC (CT)",2029,418,2447,4274,866,5140
37193961002,"Wilkes, NC (CT)",1057,1347,2404,2190,3051,5241
37193961100,"Wilkes, NC (CT)",510,1355,1865,1031,2948,3979
37193961200,"Wilkes, NC (CT)",3122,191,3313,6744,427,7171
37195000100,"Wilson, NC (CT)",0,1621,1621,0,3730,3730
37195000200,"Wilson, NC (CT)",0,606,606,0,1301,1301
37195000300,"Wilson, NC (CT)",0,1060,1060,0,2366,2366
37195000400,"Wilson, NC (CT)",17,3604,3621,47,7981,8028
37195000501,"Wilson, NC (CT)",0,1692,1692,0,3574,3574
37195000502,"Wilson, NC (CT)",0,2141,2141,0,5151,5151
37195000600,"Wilson, NC (CT)",154,3318,3472,352,6930,7282
37195000700,"Wilson, NC (CT)",211,2305,2516,542,5213,5755
37195000801,"Wilson, NC (CT)",0,948,948,0,1862,1862
37195000802,"Wilson, NC (CT)",196,1350,1546,451,3221,3672
37195000900,"Wilson, NC (CT)",1571,0,1571,3716,0,3716
37195001000,"Wilson, NC (CT)",781,0,781,1753,0,1753
37195001100,"Wilson, NC (CT)",755,0,755,1665,0,1665
37195001200,"Wilson, NC (CT)",1594,6,1600,4001,20,4021
37195001300,"Wilson, NC (CT)",2234,278,2512,4949,638,5587
37195001400,"Wilson, NC (CT)",649,3032,3681,1386,7499,8885
37195001500,"Wilson, NC (CT)",2082,186,2268,5153,342,5495
37195001600,"Wilson, NC (CT)",1327,0,1327,3108,0,3108
37195001700,"Wilson, NC (CT)",1793,0,1793,4283,0,4283
37197050101,"Yadkin, NC (CT)",2542,0,2542,5600,0,5600
37197050102,"Yadkin, NC (CT)",1843,0,1843,4066,0,4066
37197050200,"Yadkin, NC (CT)",2153,0,2153,4528,0,4528
37197050300,"Yadkin, NC (CT)",1701,1174,2875,3609,2355,5964
37197050400,"Yadkin, NC (CT)",2847,0,2847,6729,0,6729
37197050501,"Yadkin, NC (CT)",1622,1478,3100,3600,3530,7130
37197050502,"Yadkin, NC (CT)",1981,0,1981,4389,0,4389
37199960101,"Yancey, NC (CT)",2433,0,2433,3954,0,3954
37199960102,"Yancey, NC (CT)",1027,0,1027,1917,0,1917
37199960200,"Yancey, NC (CT)",2608,0,2608,4624,0,4624
37199960300,"Yancey, NC (CT)",2290,0,2290,3019,0,3019
37199960400,"Yancey, NC (CT)",2674,0,2674,4304,0,4304
38001965600,"Adams, ND (CT)",1377,0,1377,2343,0,2343
38003967900,"Barnes, ND (CT)",927,0,927,1695,0,1695
38003968000,"Barnes, ND (CT)",1405,42,1447,2617,123,2740
38003968200,"Barnes, ND (CT)",30,1490,1520,65,2942,3007
38003968300,"Barnes, ND (CT)",0,1810,1810,0,3624,3624
38005940100,"Benson, ND (CT)",850,0,850,2524,0,2524
38005940200,"Benson, ND (CT)",777,0,777,1994,0,1994
38005956500,"Benson, ND (CT)",687,0,687,1170,0,1170
38005956600,"Benson, ND (CT)",636,0,636,972,0,972
38007963100,"Billings, ND (CT)",484,0,484,783,0,783
38009952300,"Bottineau, ND (CT)",1150,0,1150,2289,0,2289
38009952400,"Bottineau, ND (CT)",2197,0,2197,2279,0,2279
38009952500,"Bottineau, ND (CT)",994,0,994,1861,0,1861
38011965200,"Bowman, ND (CT)",967,0,967,1855,0,1855
38011965300,"Bowman, ND (CT)",716,0,716,1296,0,1296
38013953300,"Burke, ND (CT)",1340,0,1340,1968,0,1968
38015010100,"Burleigh, ND (CT)",0,1983,1983,0,3221,3221
38015010200,"Burleigh, ND (CT)",0,2443,2443,0,5006,5006
38015010300,"Burleigh, ND (CT)",0,2777,2777,0,5926,5926
38015010400,"Burleigh, ND (CT)",0,1827,1827,0,3474,3474
38015010500,"Burleigh, ND (CT)",0,2186,2186,0,5022,5022
38015010600,"Burleigh, ND (CT)",37,2136,2173,95,4549,4644
38015010700,"Burleigh, ND (CT)",0,1839,1839,0,4298,4298
38015010800,"Burleigh, ND (CT)",0,1810,1810,0,3916,3916
38015010900,"Burleigh, ND (CT)",0,1836,1836,0,4563,4563
38015011001,"Burleigh, ND (CT)",149,1960,2109,437,4001,4438
38015011002,"Burleigh, ND (CT)",1092,984,2076,3286,2529,5815
38015011101,"Burleigh, ND (CT)",0,2577,2577,0,5064,5064
38015011103,"Burleigh, ND (CT)",0,1485,1485,0,3030,3030
38015011104,"Burleigh, ND (CT)",36,1394,1430,84,3909,3993
38015011105,"Burleigh, ND (CT)",950,295,1245,2569,911,3480
38015011200,"Burleigh, ND (CT)",676,1519,2195,2562,3272,5834
38015011300,"Burleigh, ND (CT)",780,1184,1964,2196,3536,5732
38015011400,"Burleigh, ND (CT)",1021,0,1021,2352,0,2352
38015011500,"Burleigh, ND (CT)",778,0,778,1500,0,1500
38017000100,"Cass, ND (CT)",0,1958,1958,0,5162,5162
38017000201,"Cass, ND (CT)",0,2052,2052,0,3457,3457
38017000202,"Cass, ND (CT)",0,1554,1554,0,3092,3092
38017000300,"Cass, ND (CT)",94,679,773,242,4771,5013
38017000400,"Cass, ND (CT)",0,1765,1765,0,3853,3853
38017000501,"Cass, ND (CT)",0,2071,2071,0,3717,3717
38017000502,"Cass, ND (CT)",0,1416,1416,0,2907,2907
38017000600,"Cass, ND (CT)",0,2308,2308,0,4929,4929
38017000700,"Cass, ND (CT)",0,1433,1433,0,1715,1715
38017000801,"Cass, ND (CT)",0,1780,1780,0,3271,3271
38017000802,"Cass, ND (CT)",0,2457,2457,0,5167,5167
38017000901,"Cass, ND (CT)",0,2152,2152,0,4987,4987
38017000903,"Cass, ND (CT)",0,2137,2137,0,3599,3599
38017000904,"Cass, ND (CT)",0,1911,1911,0,4008,4008
38017001001,"Cass, ND (CT)",0,2827,2827,0,5417,5417
38017001002,"Cass, ND (CT)",0,1389,1389,0,2780,2780
38017010106,"Cass, ND (CT)",0,2459,2459,0,4292,4292
38017010107,"Cass, ND (CT)",0,1584,1584,0,2872,2872
38017010108,"Cass, ND (CT)",0,2599,2599,0,5501,5501
38017010109,"Cass, ND (CT)",0,1547,1547,0,3728,3728
38017010201,"Cass, ND (CT)",18,2182,2200,39,5394,5433
38017010203,"Cass, ND (CT)",0,1387,1387,0,2988,2988
38017010204,"Cass, ND (CT)",0,2518,2518,0,6035,6035
38017010303,"Cass, ND (CT)",0,2744,2744,0,6281,6281
38017010305,"Cass, ND (CT)",0,2573,2573,0,5670,5670
38017010306,"Cass, ND (CT)",0,1888,1888,0,4017,4017
38017010307,"Cass, ND (CT)",0,789,789,0,2273,2273
38017040100,"Cass, ND (CT)",913,0,913,1955,0,1955
38017040200,"Cass, ND (CT)",991,0,991,2291,0,2291
38017040300,"Cass, ND (CT)",1313,0,1313,3213,0,3213
38017040400,"Cass, ND (CT)",1175,93,1268,3365,211,3576
38017040500,"Cass, ND (CT)",637,9363,10000,1631,22055,23686
38017040600,"Cass, ND (CT)",1182,0,1182,2893,0,2893
38019950900,"Cavalier, ND (CT)",1049,0,1049,1848,0,1848
38019951100,"Cavalier, ND (CT)",1260,0,1260,2145,0,2145
38021973200,"Dickey, ND (CT)",1132,0,1132,2318,0,2318
38021973300,"Dickey, ND (CT)",770,0,770,1500,0,1500
38021973400,"Dickey, ND (CT)",734,0,734,1471,0,1471
38023954500,"Divide, ND (CT)",1324,0,1324,2071,0,2071
38025962200,"Dunn, ND (CT)",2132,0,2132,3536,0,3536
38027959200,"Eddy, ND (CT)",1323,0,1323,2385,0,2385
38029966500,"Emmons, ND (CT)",2085,0,2085,3550,0,3550
38031959600,"Foster, ND (CT)",1801,0,1801,3343,0,3343
38033962900,"Golden Valley, ND (CT)",967,0,967,1680,0,1680
38035010100,"Grand Forks, ND (CT)",0,1703,1703,0,3176,3176
38035010200,"Grand Forks, ND (CT)",0,1952,1952,0,4381,4381
38035010300,"Grand Forks, ND (CT)",0,1028,1028,0,5212,5212
38035010400,"Grand Forks, ND (CT)",0,2629,2629,0,6004,6004
38035010600,"Grand Forks, ND (CT)",0,1114,1114,0,2127,2127
38035010700,"Grand Forks, ND (CT)",0,864,864,0,1883,1883
38035010801,"Grand Forks, ND (CT)",0,1941,1941,0,4428,4428
38035010803,"Grand Forks, ND (CT)",0,3044,3044,0,5626,5626
38035010804,"Grand Forks, ND (CT)",0,2213,2213,0,4259,4259
38035010900,"Grand Forks, ND (CT)",0,691,691,0,1657,1657
38035011000,"Grand Forks, ND (CT)",0,1050,1050,0,2340,2340
38035011100,"Grand Forks, ND (CT)",0,1713,1713,0,4617,4617
38035011200,"Grand Forks, ND (CT)",0,3164,3164,0,6231,6231
38035011400,"Grand Forks, ND (CT)",1040,0,1040,2273,0,2273
38035011700,"Grand Forks, ND (CT)",1761,555,2316,4596,1286,5882
38035011800,"Grand Forks, ND (CT)",770,0,770,1652,0,1652
38035011900,"Grand Forks, ND (CT)",58,749,807,95,2272,2367
38035012000,"Grand Forks, ND (CT)",1218,87,1305,2596,150,2746
38037965900,"Grant, ND (CT)",1690,0,1690,2394,0,2394
38039968600,"Griggs, ND (CT)",1461,0,1461,2420,0,2420
38041964700,"Hettinger, ND (CT)",675,0,675,1134,0,1134
38041964800,"Hettinger, ND (CT)",739,0,739,1343,0,1343
38043966800,"Kidder, ND (CT)",1674,0,1674,2435,0,2435
38045972100,"LaMoure, ND (CT)",793,0,793,1521,0,1521
38045972200,"LaMoure, ND (CT)",1445,0,1445,2618,0,2618
38047972500,"Logan, ND (CT)",1144,0,1144,1990,0,1990
38049955600,"McHenry, ND (CT)",1400,0,1400,2512,0,2512
38049955900,"McHenry, ND (CT)",1548,0,1548,2883,0,2883
38051972900,"McIntosh, ND (CT)",1858,0,1858,2809,0,2809
38053940100,"McKenzie, ND (CT)",516,0,516,1399,0,1399
38053962300,"McKenzie, ND (CT)",920,0,920,1723,0,1723
38053962400,"McKenzie, ND (CT)",962,0,962,1930,0,1930
38053962500,"McKenzie, ND (CT)",692,0,692,1308,0,1308
38055960800,"McLean, ND (CT)",2129,0,2129,3909,0,3909
38055961000,"McLean, ND (CT)",3461,0,3461,5053,0,5053
38057961600,"Mercer, ND (CT)",1139,0,1139,2590,0,2590
38057961700,"Mercer, ND (CT)",113,1442,1555,256,2949,3205
38057961800,"Mercer, ND (CT)",1756,0,1756,2629,0,2629
38059020100,"Morton, ND (CT)",0,2413,2413,0,5136,5136
38059020200,"Morton, ND (CT)",502,2494,2996,1376,5729,7105
38059020300,"Morton, ND (CT)",323,3222,3545,706,7855,8561
38059020400,"Morton, ND (CT)",1308,0,1308,3026,0,3026
38059020500,"Morton, ND (CT)",1817,0,1817,3643,0,3643
38061940300,"Mountrail, ND (CT)",683,0,683,1202,0,1202
38061940400,"Mountrail, ND (CT)",1420,0,1420,2479,0,2479
38061955200,"Mountrail, ND (CT)",2016,0,2016,3992,0,3992
38063959000,"Nelson, ND (CT)",1927,0,1927,3126,0,3126
38065961200,"Oliver, ND (CT)",905,0,905,1846,0,1846
38067950100,"Pembina, ND (CT)",687,0,687,1367,0,1367
38067950200,"Pembina, ND (CT)",846,0,846,1667,0,1667
38067950300,"Pembina, ND (CT)",768,0,768,1412,0,1412
38067950400,"Pembina, ND (CT)",729,0,729,1434,0,1434
38067950500,"Pembina, ND (CT)",829,0,829,1533,0,1533
38069956100,"Pierce, ND (CT)",303,526,829,535,1037,1572
38069956200,"Pierce, ND (CT)",514,856,1370,998,1787,2785
38071957600,"Ramsey, ND (CT)",13,2208,2221,25,4238,4263
38071957700,"Ramsey, ND (CT)",1553,0,1553,2845,0,2845
38071957800,"Ramsey, ND (CT)",463,1378,1841,1137,3206,4343
38073968900,"Ransom, ND (CT)",808,0,808,1688,0,1688
38073969000,"Ransom, ND (CT)",711,0,711,1511,0,1511
38073969100,"Ransom, ND (CT)",1137,0,1137,2258,0,2258
38075952900,"Renville, ND (CT)",1386,0,1386,2470,0,2470
38077970700,"Richland, ND (CT)",898,0,898,2111,0,2111
38077970800,"Richland, ND (CT)",970,0,970,2163,0,2163
38077970900,"Richland, ND (CT)",5,1519,1524,7,4020,4027
38077971000,"Richland, ND (CT)",0,1990,1990,0,3814,3814
38077971100,"Richland, ND (CT)",622,0,622,1327,0,1327
38077971400,"Richland, ND (CT)",1499,0,1499,2879,0,2879
38079941800,"Rolette, ND (CT)",2089,0,2089,6000,0,6000
38079951600,"Rolette, ND (CT)",712,0,712,1509,0,1509
38079951700,"Rolette, ND (CT)",1790,0,1790,4600,0,4600
38079951900,"Rolette, ND (CT)",781,0,781,1828,0,1828
38081974000,"Sargent, ND (CT)",725,0,725,1447,0,1447
38081974200,"Sargent, ND (CT)",1279,0,1279,2382,0,2382
38083960200,"Sheridan, ND (CT)",894,0,894,1321,0,1321
38085940800,"Sioux, ND (CT)",531,0,531,1575,0,1575
38085940900,"Sioux, ND (CT)",780,0,780,2578,0,2578
38087965000,"Slope, ND (CT)",436,0,436,727,0,727
38089963300,"Stark, ND (CT)",655,0,655,1275,0,1275
38089963400,"Stark, ND (CT)",155,1153,1308,371,2863,3234
38089963500,"Stark, ND (CT)",13,2195,2208,34,4890,4924
38089963600,"Stark, ND (CT)",0,998,998,0,2388,2388
38089963700,"Stark, ND (CT)",0,1873,1873,0,3958,3958
38089963800,"Stark, ND (CT)",209,1542,1751,544,3487,4031
38089963900,"Stark, ND (CT)",1154,0,1154,2711,0,2711
38089964000,"Stark, ND (CT)",788,0,788,1678,0,1678
38091968700,"Steele, ND (CT)",1171,0,1171,1975,0,1975
38093967000,"Stutsman, ND (CT)",1346,0,1346,2555,0,2555
38093967200,"Stutsman, ND (CT)",1345,0,1345,2683,0,2683
38093967300,"Stutsman, ND (CT)",47,778,825,135,2443,2578
38093967400,"Stutsman, ND (CT)",0,2595,2595,0,5672,5672
38093967500,"Stutsman, ND (CT)",204,1376,1580,443,3103,3546
38093967800,"Stutsman, ND (CT)",0,2171,2171,0,4066,4066
38095951500,"Towner, ND (CT)",1449,0,1449,2246,0,2246
38097970100,"Traill, ND (CT)",1104,0,1104,2412,0,2412
38097970200,"Traill, ND (CT)",1196,0,1196,2537,0,2537
38097970300,"Traill, ND (CT)",679,0,679,1492,0,1492
38097970400,"Traill, ND (CT)",801,0,801,1680,0,1680
38099957800,"Walsh, ND (CT)",798,0,798,1677,0,1677
38099957900,"Walsh, ND (CT)",9,698,707,18,1570,1588
38099958000,"Walsh, ND (CT)",38,1258,1296,88,2649,2737
38099958100,"Walsh, ND (CT)",1136,0,1136,2299,0,2299
38099958200,"Walsh, ND (CT)",814,0,814,1583,0,1583
38099958300,"Walsh, ND (CT)",747,0,747,1235,0,1235
38101010100,"Ward, ND (CT)",0,1712,1712,0,3092,3092
38101010200,"Ward, ND (CT)",39,1924,1963,114,4561,4675
38101010301,"Ward, ND (CT)",0,1735,1735,0,3701,3701
38101010302,"Ward, ND (CT)",0,2303,2303,0,5365,5365
38101010400,"Ward, ND (CT)",0,2484,2484,0,6394,6394
38101010500,"Ward, ND (CT)",0,2505,2505,0,5691,5691
38101010600,"Ward, ND (CT)",110,3213,3323,286,6188,6474
38101010700,"Ward, ND (CT)",0,3356,3356,0,7038,7038
38101010800,"Ward, ND (CT)",1324,30,1354,3469,81,3550
38101010900,"Ward, ND (CT)",0,1463,1463,0,5521,5521
38101011000,"Ward, ND (CT)",1064,0,1064,2113,0,2113
38101011200,"Ward, ND (CT)",1189,145,1334,3008,376,3384
38101011300,"Ward, ND (CT)",2071,77,2148,4514,163,4677
38103959800,"Wells, ND (CT)",1017,0,1017,1823,0,1823
38103960000,"Wells, ND (CT)",1464,0,1464,2384,0,2384
38105953400,"Williams, ND (CT)",1127,0,1127,1934,0,1934
38105953500,"Williams, ND (CT)",900,0,900,1676,0,1676
38105953600,"Williams, ND (CT)",1199,0,1199,2368,0,2368
38105953700,"Williams, ND (CT)",505,1996,2501,1275,4460,5735
38105953800,"Williams, ND (CT)",0,1113,1113,0,2574,2574
38105953900,"Williams, ND (CT)",0,1466,1466,0,3379,3379
38105954100,"Williams, ND (CT)",14,2144,2158,18,4714,4732
39001770100,"Adams, OH (CT)",2210,0,2210,4864,0,4864
39001770200,"Adams, OH (CT)",2053,0,2053,4815,0,4815
39001770300,"Adams, OH (CT)",2891,0,2891,6964,0,6964
39001770400,"Adams, OH (CT)",799,1444,2243,1815,3133,4948
39001770500,"Adams, OH (CT)",1741,0,1741,3442,0,3442
39001770600,"Adams, OH (CT)",1840,0,1840,3517,0,3517
39003010100,"Allen, OH (CT)",142,1466,1608,366,4039,4405
39003010200,"Allen, OH (CT)",1350,228,1578,3550,560,4110
39003010300,"Allen, OH (CT)",673,9,682,1645,31,1676
39003010600,"Allen, OH (CT)",2019,0,2019,5138,0,5138
39003010800,"Allen, OH (CT)",551,2768,3319,1312,6682,7994
39003010900,"Allen, OH (CT)",0,1877,1877,0,4515,4515
39003011000,"Allen, OH (CT)",35,2632,2667,89,5356,5445
39003011200,"Allen, OH (CT)",46,533,579,128,4090,4218
39003011300,"Allen, OH (CT)",905,2242,3147,2361,5198,7559
39003011400,"Allen, OH (CT)",1241,0,1241,3056,0,3056
39003011500,"Allen, OH (CT)",1109,0,1109,2783,0,2783
39003011600,"Allen, OH (CT)",819,394,1213,1966,727,2693
39003011800,"Allen, OH (CT)",0,1075,1075,0,2346,2346
39003011900,"Allen, OH (CT)",236,1160,1396,554,2654,3208
39003012000,"Allen, OH (CT)",212,791,1003,476,1934,2410
39003012100,"Allen, OH (CT)",529,806,1335,1393,2062,3455
39003012200,"Allen, OH (CT)",0,1518,1518,0,3291,3291
39003012300,"Allen, OH (CT)",0,1691,1691,0,4052,4052
39003012400,"Allen, OH (CT)",0,1228,1228,0,2710,2710
39003012600,"Allen, OH (CT)",0,872,872,0,1834,1834
39003012700,"Allen, OH (CT)",0,778,778,0,1648,1648
39003012900,"Allen, OH (CT)",0,760,760,0,1741,1741
39003013000,"Allen, OH (CT)",0,2032,2032,0,3993,3993
39003013100,"Allen, OH (CT)",0,1095,1095,0,2313,2313
39003013200,"Allen, OH (CT)",0,805,805,0,1774,1774
39003013300,"Allen, OH (CT)",0,624,624,0,1290,1290
39003013400,"Allen, OH (CT)",0,1343,1343,0,2549,2549
39003013600,"Allen, OH (CT)",0,596,596,0,1375,1375
39003013700,"Allen, OH (CT)",0,537,537,0,1156,1156
39003013800,"Allen, OH (CT)",0,1387,1387,0,2728,2728
39003013900,"Allen, OH (CT)",615,839,1454,1613,1793,3406
39003014000,"Allen, OH (CT)",409,928,1337,1100,2209,3309
39003014100,"Allen, OH (CT)",0,1094,1094,0,2151,2151
39005970100,"Ashland, OH (CT)",3123,0,3123,8353,0,8353
39005970200,"Ashland, OH (CT)",2309,0,2309,5845,0,5845
39005970300,"Ashland, OH (CT)",408,1239,1647,1155,2740,3895
39005970400,"Ashland, OH (CT)",266,1417,1683,670,3167,3837
39005970500,"Ashland, OH (CT)",0,1516,1516,0,3083,3083
39005970600,"Ashland, OH (CT)",394,1269,1663,944,4427,5371
39005970700,"Ashland, OH (CT)",661,1810,2471,1663,3625,5288
39005970800,"Ashland, OH (CT)",336,1596,1932,887,3184,4071
39005970900,"Ashland, OH (CT)",1957,0,1957,4943,0,4943
39005971000,"Ashland, OH (CT)",2173,0,2173,4779,0,4779
39005971100,"Ashland, OH (CT)",1667,0,1667,3674,0,3674
39007000101,"Ashtabula, OH (CT)",177,1490,1667,390,4164,4554
39007000102,"Ashtabula, OH (CT)",0,1763,1763,0,3483,3483
39007000103,"Ashtabula, OH (CT)",0,1809,1809,0,3721,3721
39007000200,"Ashtabula, OH (CT)",538,1481,2019,1232,3456,4688
39007000300,"Ashtabula, OH (CT)",195,795,990,464,1750,2214
39007000400,"Ashtabula, OH (CT)",0,974,974,0,1794,1794
39007000500,"Ashtabula, OH (CT)",0,2094,2094,0,4265,4265
39007000601,"Ashtabula, OH (CT)",0,1323,1323,0,2746,2746
39007000602,"Ashtabula, OH (CT)",0,1689,1689,0,3428,3428
39007000603,"Ashtabula, OH (CT)",491,1896,2387,989,3112,4101
39007000701,"Ashtabula, OH (CT)",0,1615,1615,0,3292,3292
39007000702,"Ashtabula, OH (CT)",1084,199,1283,2462,509,2971
39007000703,"Ashtabula, OH (CT)",0,1606,1606,0,3873,3873
39007000704,"Ashtabula, OH (CT)",371,1619,1990,863,3178,4041
39007000801,"Ashtabula, OH (CT)",538,782,1320,927,809,1736
39007000802,"Ashtabula, OH (CT)",332,1984,2316,830,4357,5187
39007000900,"Ashtabula, OH (CT)",652,1428,2080,1488,3292,4780
39007001001,"Ashtabula, OH (CT)",2573,0,2573,5564,0,5564
39007001002,"Ashtabula, OH (CT)",1507,0,1507,3465,0,3465
39007001101,"Ashtabula, OH (CT)",813,0,813,1973,0,1973
39007001102,"Ashtabula, OH (CT)",1184,1438,2622,2855,3205,6060
39007001200,"Ashtabula, OH (CT)",2958,0,2958,7482,0,7482
39007001301,"Ashtabula, OH (CT)",1846,0,1846,3927,0,3927
39007001302,"Ashtabula, OH (CT)",1792,0,1792,3896,0,3896
39007001400,"Ashtabula, OH (CT)",3063,0,3063,8256,0,8256
39007990000,"Ashtabula, OH (CT)",0,0,0,0,0,0
39009972600,"Athens, OH (CT)",832,1263,2095,1840,2643,4483
39009972700,"Athens, OH (CT)",525,1436,1961,1117,2864,3981
39009972800,"Athens, OH (CT)",680,1074,1754,1492,3008,4500
39009972900,"Athens, OH (CT)",434,2127,2561,953,4438,5391
39009973000,"Athens, OH (CT)",0,1645,1645,0,3614,3614
39009973101,"Athens, OH (CT)",0,1021,1021,0,4527,4527
39009973200,"Athens, OH (CT)",1035,1266,2301,2438,2392,4830
39009973300,"Athens, OH (CT)",732,1074,1806,1533,2188,3721
39009973400,"Athens, OH (CT)",1140,521,1661,2359,988,3347
39009973500,"Athens, OH (CT)",1707,0,1707,3428,0,3428
39009973600,"Athens, OH (CT)",1869,0,1869,3972,0,3972
39009973700,"Athens, OH (CT)",1802,75,1877,3961,179,4140
39009973800,"Athens, OH (CT)",2243,1,2244,4863,4,4867
39009973901,"Athens, OH (CT)",0,681,681,0,6462,6462
39009973902,"Athens, OH (CT)",0,1202,1202,0,3494,3494
39011040100,"Auglaize, OH (CT)",1597,0,1597,4025,0,4025
39011040200,"Auglaize, OH (CT)",729,1025,1754,1729,2413,4142
39011040300,"Auglaize, OH (CT)",0,1639,1639,0,3645,3645
39011040400,"Auglaize, OH (CT)",112,2840,2952,292,6420,6712
39011040500,"Auglaize, OH (CT)",1684,293,1977,4267,754,5021
39011040600,"Auglaize, OH (CT)",544,1034,1578,1426,2425,3851
39011040900,"Auglaize, OH (CT)",291,1244,1535,804,2944,3748
39011041000,"Auglaize, OH (CT)",276,1174,1450,758,2891,3649
39011041100,"Auglaize, OH (CT)",1601,39,1640,3932,60,3992
39011041201,"Auglaize, OH (CT)",541,577,1118,750,1143,1893
39011041202,"Auglaize, OH (CT)",0,2345,2345,0,5271,5271
39013010100,"Belmont, OH (CT)",807,1279,2086,1715,2549,4264
39013010200,"Belmont, OH (CT)",468,1518,1986,912,2993,3905
39013010300,"Belmont, OH (CT)",1567,0,1567,3425,0,3425
39013010600,"Belmont, OH (CT)",1909,0,1909,3712,0,3712
39013010700,"Belmont, OH (CT)",1211,0,1211,2695,0,2695
39013010802,"Belmont, OH (CT)",1143,0,1143,2323,0,2323
39013010900,"Belmont, OH (CT)",1047,2051,3098,2447,4351,6798
39013011000,"Belmont, OH (CT)",2472,0,2472,5009,0,5009
39013011200,"Belmont, OH (CT)",1603,30,1633,3429,62,3491
39013011300,"Belmont, OH (CT)",0,1967,1967,0,4019,4019
39013011400,"Belmont, OH (CT)",1664,404,2068,3669,830,4499
39013011500,"Belmont, OH (CT)",0,858,858,0,1640,1640
39013011600,"Belmont, OH (CT)",0,642,642,0,1250,1250
39013011700,"Belmont, OH (CT)",0,695,695,0,1406,1406
39013011900,"Belmont, OH (CT)",0,1495,1495,0,3071,3071
39013012000,"Belmont, OH (CT)",0,1201,1201,0,2643,2643
39013012100,"Belmont, OH (CT)",0,777,777,0,1277,1277
39013012200,"Belmont, OH (CT)",1546,13,1559,6269,19,6288
39013012300,"Belmont, OH (CT)",416,1611,2027,953,3151,4104
39013012400,"Belmont, OH (CT)",817,1241,2058,1926,2655,4581
39015951201,"Brown, OH (CT)",1954,0,1954,4427,0,4427
39015951202,"Brown, OH (CT)",1998,0,1998,5041,0,5041
39015951300,"Brown, OH (CT)",1778,1223,3001,4747,3030,7777
39015951400,"Brown, OH (CT)",1832,0,1832,4393,0,4393
39015951500,"Brown, OH (CT)",2454,0,2454,5423,0,5423
39015951600,"Brown, OH (CT)",761,1061,1822,1734,1965,3699
39015951700,"Brown, OH (CT)",508,898,1406,985,1688,2673
39015951800,"Brown, OH (CT)",635,1688,2323,1441,3829,5270
39015951900,"Brown, OH (CT)",2511,0,2511,6143,0,6143
39017000100,"Butler, OH (CT)",0,2106,2106,0,4639,4639
39017000200,"Butler, OH (CT)",0,1871,1871,0,4226,4226
39017000300,"Butler, OH (CT)",0,1597,1597,0,3349,3349
39017000400,"Butler, OH (CT)",0,1697,1697,0,4944,4944
39017000500,"Butler, OH (CT)",0,2010,2010,0,4575,4575
39017000600,"Butler, OH (CT)",0,2239,2239,0,5017,5017
39017001001,"Butler, OH (CT)",0,2481,2481,0,5464,5464
39017001002,"Butler, OH (CT)",0,2550,2550,0,5087,5087
39017001100,"Butler, OH (CT)",0,2189,2189,0,4550,4550
39017001300,"Butler, OH (CT)",0,1841,1841,0,4256,4256
39017010101,"Butler, OH (CT)",0,2617,2617,0,6819,6819
39017010102,"Butler, OH (CT)",23,1298,1321,51,2698,2749
39017010103,"Butler, OH (CT)",271,2568,2839,664,4644,5308
39017010104,"Butler, OH (CT)",0,126,126,0,5265,5265
39017010201,"Butler, OH (CT)",0,13,13,0,1950,1950
39017010202,"Butler, OH (CT)",1750,0,1750,4194,0,4194
39017010203,"Butler, OH (CT)",2064,0,2064,5515,0,5515
39017010301,"Butler, OH (CT)",1522,186,1708,4007,442,4449
39017010302,"Butler, OH (CT)",1336,0,1336,3550,0,3550
39017010500,"Butler, OH (CT)",0,933,933,0,2377,2377
39017010600,"Butler, OH (CT)",700,751,1451,1612,1815,3427
39017010800,"Butler, OH (CT)",1073,1484,2557,2672,3896,6568
39017010901,"Butler, OH (CT)",0,2015,2015,0,4349,4349
39017010903,"Butler, OH (CT)",0,2130,2130,0,5328,5328
39017010904,"Butler, OH (CT)",0,1565,1565,0,3604,3604
39017010906,"Butler, OH (CT)",0,3136,3136,0,7155,7155
39017010907,"Butler, OH (CT)",0,1110,1110,0,2611,2611
39017010908,"Butler, OH (CT)",0,2697,2697,0,5300,5300
39017010909,"Butler, OH (CT)",0,2418,2418,0,4716,4716
39017010910,"Butler, OH (CT)",0,2037,2037,0,4780,4780
39017010911,"Butler, OH (CT)",0,1568,1568,0,4226,4226
39017011002,"Butler, OH (CT)",0,4284,4284,0,12210,12210
39017011003,"Butler, OH (CT)",0,2232,2232,0,6422,6422
39017011004,"Butler, OH (CT)",0,2514,2514,0,6001,6001
39017011109,"Butler, OH (CT)",0,1803,1803,0,4389,4389
39017011110,"Butler, OH (CT)",0,1996,1996,0,5250,5250
39017011111,"Butler, OH (CT)",0,2497,2497,0,6730,6730
39017011112,"Butler, OH (CT)",0,1797,1797,0,5537,5537
39017011116,"Butler, OH (CT)",0,2568,2568,0,8529,8529
39017011117,"Butler, OH (CT)",76,3531,3607,199,10840,11039
39017011118,"Butler, OH (CT)",0,1211,1211,0,3014,3014
39017011120,"Butler, OH (CT)",0,2359,2359,0,7393,7393
39017011121,"Butler, OH (CT)",50,2295,2345,137,7456,7593
39017011122,"Butler, OH (CT)",0,2318,2318,0,5068,5068
39017011123,"Butler, OH (CT)",0,2112,2112,0,5075,5075
39017011125,"Butler, OH (CT)",0,1422,1422,0,3623,3623
39017011126,"Butler, OH (CT)",0,2079,2079,0,4811,4811
39017011127,"Butler, OH (CT)",0,1595,1595,0,4600,4600
39017011128,"Butler, OH (CT)",0,1219,1219,0,3138,3138
39017011129,"Butler, OH (CT)",0,1523,1523,0,4246,4246
39017011130,"Butler, OH (CT)",0,2196,2196,0,5167,5167
39017011131,"Butler, OH (CT)",0,1106,1106,0,3122,3122
39017011200,"Butler, OH (CT)",59,3119,3178,160,7642,7802
39017011300,"Butler, OH (CT)",212,1699,1911,584,4460,5044
39017011800,"Butler, OH (CT)",0,2094,2094,0,5845,5845
39017012100,"Butler, OH (CT)",494,799,1293,1236,2009,3245
39017012200,"Butler, OH (CT)",0,1717,1717,0,3226,3226
39017012300,"Butler, OH (CT)",0,992,992,0,2028,2028
39017012400,"Butler, OH (CT)",0,1027,1027,0,2322,2322
39017012500,"Butler, OH (CT)",0,2185,2185,0,4812,4812
39017012600,"Butler, OH (CT)",0,1174,1174,0,2467,2467
39017012700,"Butler, OH (CT)",0,1394,1394,0,2983,2983
39017013000,"Butler, OH (CT)",0,810,810,0,1715,1715
39017013100,"Butler, OH (CT)",0,1053,1053,0,2105,2105
39017013200,"Butler, OH (CT)",0,1570,1570,0,3327,3327
39017013300,"Butler, OH (CT)",0,1003,1003,0,2134,2134
39017013400,"Butler, OH (CT)",0,1026,1026,0,2180,2180
39017013500,"Butler, OH (CT)",0,1287,1287,0,2876,2876
39017013600,"Butler, OH (CT)",0,2672,2672,0,5064,5064
39017013900,"Butler, OH (CT)",0,1241,1241,0,2832,2832
39017014000,"Butler, OH (CT)",0,1211,1211,0,2687,2687
39017014100,"Butler, OH (CT)",0,956,956,0,2276,2276
39017014300,"Butler, OH (CT)",1632,133,1765,4204,370,4574
39017014400,"Butler, OH (CT)",0,1181,1181,0,1882,1882
39017014600,"Butler, OH (CT)",0,546,546,0,1037,1037
39017014700,"Butler, OH (CT)",0,1790,1790,0,4202,4202
39017014800,"Butler, OH (CT)",42,2900,2942,106,6667,6773
39017014900,"Butler, OH (CT)",195,1721,1916,463,4478,4941
39017015000,"Butler, OH (CT)",1834,1101,2935,4772,2857,7629
39017015100,"Butler, OH (CT)",97,2552,2649,268,6550,6818
39019720100,"Carroll, OH (CT)",1342,0,1342,3517,0,3517
39019720200,"Carroll, OH (CT)",618,927,1545,1528,2098,3626
39019720300,"Carroll, OH (CT)",1114,1482,2596,2494,2780,5274
39019720400,"Carroll, OH (CT)",2190,0,2190,4318,0,4318
39019720500,"Carroll, OH (CT)",794,1588,2382,1899,3498,5397
39019720600,"Carroll, OH (CT)",1576,0,1576,3451,0,3451
39019720700,"Carroll, OH (CT)",2067,0,2067,3253,0,3253
39021010100,"Champaign, OH (CT)",695,0,695,1809,0,1809
39021010200,"Champaign, OH (CT)",2963,0,2963,7260,0,7260
39021010400,"Champaign, OH (CT)",183,1641,1824,473,3677,4150
39021010500,"Champaign, OH (CT)",0,1983,1983,0,4070,4070
39021010600,"Champaign, OH (CT)",135,1663,1798,324,3806,4130
39021011001,"Champaign, OH (CT)",1069,0,1069,2702,0,2702
39021011501,"Champaign, OH (CT)",1696,22,1718,4418,55,4473
39021011504,"Champaign, OH (CT)",2123,35,2158,5103,91,5194
39021011505,"Champaign, OH (CT)",1301,0,1301,3313,0,3313
39021011506,"Champaign, OH (CT)",1246,0,1246,2996,0,2996
39023000200,"Clark, OH (CT)",0,862,862,0,1559,1559
39023000300,"Clark, OH (CT)",0,764,764,0,1635,1635
39023000400,"Clark, OH (CT)",0,1213,1213,0,2229,2229
39023000500,"Clark, OH (CT)",0,816,816,0,1880,1880
39023000600,"Clark, OH (CT)",0,1206,1206,0,2768,2768
39023000700,"Clark, OH (CT)",0,684,684,0,2577,2577
39023000901,"Clark, OH (CT)",0,1221,1221,0,2475,2475
39023000902,"Clark, OH (CT)",0,587,587,0,1244,1244
39023001000,"Clark, OH (CT)",0,644,644,0,1501,1501
39023001101,"Clark, OH (CT)",0,623,623,0,1452,1452
39023001102,"Clark, OH (CT)",0,1332,1332,0,2841,2841
39023001200,"Clark, OH (CT)",0,1974,1974,0,4245,4245
39023001300,"Clark, OH (CT)",0,1823,1823,0,4124,4124
39023001400,"Clark, OH (CT)",0,1859,1859,0,3566,3566
39023001500,"Clark, OH (CT)",0,1951,1951,0,4353,4353
39023001600,"Clark, OH (CT)",194,1498,1692,488,3397,3885
39023001700,"Clark, OH (CT)",0,1145,1145,0,2665,2665
39023001900,"Clark, OH (CT)",0,1397,1397,0,2865,2865
39023002000,"Clark, OH (CT)",86,812,898,214,1991,2205
39023002100,"Clark, OH (CT)",126,656,782,312,1437,1749
39023002200,"Clark, OH (CT)",617,1159,1776,1487,2871,4358
39023002301,"Clark, OH (CT)",1276,0,1276,3238,0,3238
39023002403,"Clark, OH (CT)",0,1910,1910,0,3998,3998
39023002404,"Clark, OH (CT)",0,1614,1614,0,3112,3112
39023002501,"Clark, OH (CT)",0,1152,1152,0,2078,2078
39023002502,"Clark, OH (CT)",438,1154,1592,973,2201,3174
39023002601,"Clark, OH (CT)",1602,0,1602,3818,0,3818
39023002602,"Clark, OH (CT)",1375,293,1668,3368,699,4067
39023002605,"Clark, OH (CT)",941,534,1475,2449,1409,3858
39023002606,"Clark, OH (CT)",0,3519,3519,0,7726,7726
39023002701,"Clark, OH (CT)",84,1228,1312,189,2984,3173
39023002702,"Clark, OH (CT)",0,1116,1116,0,2681,2681
39023002800,"Clark, OH (CT)",1291,594,1885,3214,1435,4649
39023002901,"Clark, OH (CT)",0,1446,1446,0,3743,3743
39023002902,"Clark, OH (CT)",135,1890,2025,317,4160,4477
39023003001,"Clark, OH (CT)",176,1169,1345,431,2714,3145
39023003002,"Clark, OH (CT)",1193,293,1486,2850,724,3574
39023003101,"Clark, OH (CT)",147,990,1137,231,2286,2517
39023003102,"Clark, OH (CT)",96,744,840,219,1659,1878
39023003200,"Clark, OH (CT)",1189,0,1189,2798,0,2798
39023003301,"Clark, OH (CT)",1440,37,1477,3507,70,3577
39023003302,"Clark, OH (CT)",1149,0,1149,2543,0,2543
39023003400,"Clark, OH (CT)",0,1679,1679,0,3700,3700
39023003700,"Clark, OH (CT)",4,2272,2276,8,4625,4633
39025040101,"Clermont, OH (CT)",2009,0,2009,5176,0,5176
39025040102,"Clermont, OH (CT)",1016,0,1016,2689,0,2689
39025040202,"Clermont, OH (CT)",753,108,861,1909,268,2177
39025040203,"Clermont, OH (CT)",560,1812,2372,1357,4838,6195
39025040204,"Clermont, OH (CT)",510,2292,2802,1322,5859,7181
39025040301,"Clermont, OH (CT)",0,1314,1314,0,3839,3839
39025040302,"Clermont, OH (CT)",0,1265,1265,0,3459,3459
39025040303,"Clermont, OH (CT)",0,2349,2349,0,7207,7207
39025040401,"Clermont, OH (CT)",0,1512,1512,0,3595,3595
39025040403,"Clermont, OH (CT)",0,1172,1172,0,2719,2719
39025040404,"Clermont, OH (CT)",0,1509,1509,0,3758,3758
39025040405,"Clermont, OH (CT)",0,1132,1132,0,2582,2582
39025040500,"Clermont, OH (CT)",0,2688,2688,0,5109,5109
39025040600,"Clermont, OH (CT)",147,2378,2525,315,6502,6817
39025040701,"Clermont, OH (CT)",0,2764,2764,0,6313,6313
39025040702,"Clermont, OH (CT)",0,1512,1512,0,4019,4019
39025040800,"Clermont, OH (CT)",2015,463,2478,5023,867,5890
39025040900,"Clermont, OH (CT)",1283,1074,2357,3334,2412,5746
39025041000,"Clermont, OH (CT)",865,1780,2645,2204,5303,7507
39025041101,"Clermont, OH (CT)",0,1169,1169,0,2782,2782
39025041102,"Clermont, OH (CT)",6,1862,1868,22,4634,4656
39025041103,"Clermont, OH (CT)",0,3435,3435,0,8335,8335
39025041200,"Clermont, OH (CT)",5,3655,3660,12,8338,8350
39025041303,"Clermont, OH (CT)",0,1920,1920,0,5028,5028
39025041304,"Clermont, OH (CT)",14,0,14,37,0,37
39025041305,"Clermont, OH (CT)",0,1962,1962,0,4466,4466
39025041306,"Clermont, OH (CT)",0,2180,2180,0,4286,4286
39025041307,"Clermont, OH (CT)",109,1962,2071,265,4575,4840
39025041403,"Clermont, OH (CT)",0,1886,1886,0,4342,4342
39025041404,"Clermont, OH (CT)",0,2394,2394,0,4742,4742
39025041405,"Clermont, OH (CT)",0,2392,2392,0,5472,5472
39025041406,"Clermont, OH (CT)",0,1621,1621,0,4857,4857
39025041501,"Clermont, OH (CT)",942,1875,2817,2332,3937,6269
39025041502,"Clermont, OH (CT)",27,3167,3194,72,8008,8080
39025041600,"Clermont, OH (CT)",592,1573,2165,1428,3764,5192
39025041701,"Clermont, OH (CT)",663,1186,1849,1653,2869,4522
39025041702,"Clermont, OH (CT)",1215,62,1277,3121,185,3306
39025041800,"Clermont, OH (CT)",280,1302,1582,666,3026,3692
39025041900,"Clermont, OH (CT)",2118,99,2217,5431,234,5665
39025042000,"Clermont, OH (CT)",2701,0,2701,6466,0,6466
39027964300,"Clinton, OH (CT)",517,1136,1653,1200,2512,3712
39027964400,"Clinton, OH (CT)",2093,0,2093,5087,0,5087
39027964500,"Clinton, OH (CT)",562,2463,3025,1383,4917,6300
39027964600,"Clinton, OH (CT)",0,1535,1535,0,2976,2976
39027964700,"Clinton, OH (CT)",447,1797,2244,1088,4481,5569
39027964800,"Clinton, OH (CT)",2049,0,2049,4942,0,4942
39027964900,"Clinton, OH (CT)",321,1829,2150,800,4184,4984
39027965000,"Clinton, OH (CT)",1593,0,1593,4156,0,4156
39027965100,"Clinton, OH (CT)",1791,0,1791,4314,0,4314
39029950100,"Columbiana, OH (CT)",1164,1233,2397,2875,2837,5712
39029950200,"Columbiana, OH (CT)",223,1963,2186,591,4150,4741
39029950300,"Columbiana, OH (CT)",537,1811,2348,1333,3767,5100
39029950400,"Columbiana, OH (CT)",1636,170,1806,4055,388,4443
39029950500,"Columbiana, OH (CT)",399,2592,2991,847,5250,6097
39029950600,"Columbiana, OH (CT)",40,2241,2281,100,4851,4951
39029950700,"Columbiana, OH (CT)",94,2315,2409,203,5285,5488
39029950800,"Columbiana, OH (CT)",1703,153,1856,4174,357,4531
39029950900,"Columbiana, OH (CT)",1545,108,1653,3768,231,3999
39029951000,"Columbiana, OH (CT)",2416,252,2668,5352,542,5894
39029951100,"Columbiana, OH (CT)",834,1284,2118,1993,2852,4845
39029951200,"Columbiana, OH (CT)",1964,0,1964,4567,0,4567
39029951300,"Columbiana, OH (CT)",1654,63,1717,3833,158,3991
39029951400,"Columbiana, OH (CT)",1969,182,2151,4764,2888,7652
39029951500,"Columbiana, OH (CT)",440,1670,2110,993,3661,4654
39029951600,"Columbiana, OH (CT)",1738,698,2436,4018,1544,5562
39029951700,"Columbiana, OH (CT)",1177,1097,2274,2661,2447,5108
39029951800,"Columbiana, OH (CT)",0,1631,1631,0,3279,3279
39029951900,"Columbiana, OH (CT)",2,1670,1672,1,3664,3665
39029952000,"Columbiana, OH (CT)",0,1441,1441,0,2827,2827
39029952100,"Columbiana, OH (CT)",0,890,890,0,1521,1521
39029952200,"Columbiana, OH (CT)",0,912,912,0,2085,2085
39029952300,"Columbiana, OH (CT)",0,1323,1323,0,3039,3039
39029952400,"Columbiana, OH (CT)",526,1328,1854,1176,2914,4090
39031960900,"Coshocton, OH (CT)",1728,85,1813,4554,98,4652
39031961000,"Coshocton, OH (CT)",1926,0,1926,4690,0,4690
39031961100,"Coshocton, OH (CT)",2033,0,2033,4373,0,4373
39031961200,"Coshocton, OH (CT)",1484,0,1484,3218,0,3218
39031961300,"Coshocton, OH (CT)",834,908,1742,1943,2001,3944
39031961400,"Coshocton, OH (CT)",135,1610,1745,297,3051,3348
39031961500,"Coshocton, OH (CT)",0,1240,1240,0,2499,2499
39031961600,"Coshocton, OH (CT)",92,1011,1103,209,2115,2324
39031961700,"Coshocton, OH (CT)",423,844,1267,1012,1851,2863
39031961800,"Coshocton, OH (CT)",1034,1158,2192,2387,2603,4990
39033974100,"Crawford, OH (CT)",1548,0,1548,3666,0,3666
39033974200,"Crawford, OH (CT)",1763,0,1763,4345,0,4345
39033974300,"Crawford, OH (CT)",97,1335,1432,217,2548,2765
39033974400,"Crawford, OH (CT)",105,1410,1515,224,3234,3458
39033974500,"Crawford, OH (CT)",0,2055,2055,0,4102,4102
39033974600,"Crawford, OH (CT)",131,1183,1314,277,2512,2789
39033974700,"Crawford, OH (CT)",1698,3,1701,4021,5,4026
39033974800,"Crawford, OH (CT)",168,875,1043,423,1798,2221
39033974900,"Crawford, OH (CT)",200,1327,1527,476,2921,3397
39033975000,"Crawford, OH (CT)",224,1515,1739,510,3238,3748
39033975100,"Crawford, OH (CT)",0,1553,1553,0,3052,3052
39033975200,"Crawford, OH (CT)",340,883,1223,761,1930,2691
39033975300,"Crawford, OH (CT)",240,1514,1754,520,3004,3524
39035101101,"Cuyahoga, OH (CT)",0,1010,1010,0,1783,1783
39035101102,"Cuyahoga, OH (CT)",0,2845,2845,0,4221,4221
39035101200,"Cuyahoga, OH (CT)",0,1674,1674,0,2562,2562
39035101300,"Cuyahoga, OH (CT)",0,1055,1055,0,1629,1629
39035101400,"Cuyahoga, OH (CT)",0,932,932,0,2195,2195
39035101501,"Cuyahoga, OH (CT)",0,1054,1054,0,2194,2194
39035101603,"Cuyahoga, OH (CT)",0,1117,1117,0,2471,2471
39035101700,"Cuyahoga, OH (CT)",0,1298,1298,0,2752,2752
39035101800,"Cuyahoga, OH (CT)",0,1281,1281,0,2942,2942
39035101901,"Cuyahoga, OH (CT)",0,777,777,0,1692,1692
39035102101,"Cuyahoga, OH (CT)",0,1555,1555,0,3152,3152
39035102102,"Cuyahoga, OH (CT)",0,1237,1237,0,2512,2512
39035102200,"Cuyahoga, OH (CT)",0,1245,1245,0,2750,2750
39035102300,"Cuyahoga, OH (CT)",0,948,948,0,2283,2283
39035102401,"Cuyahoga, OH (CT)",0,892,892,0,2114,2114
39035102402,"Cuyahoga, OH (CT)",0,1303,1303,0,3250,3250
39035102700,"Cuyahoga, OH (CT)",0,1907,1907,0,4553,4553
39035102800,"Cuyahoga, OH (CT)",0,920,920,0,2048,2048
39035102900,"Cuyahoga, OH (CT)",0,867,867,0,1961,1961
39035103100,"Cuyahoga, OH (CT)",0,558,558,0,1054,1054
39035103300,"Cuyahoga, OH (CT)",0,1220,1220,0,2222,2222
39035103400,"Cuyahoga, OH (CT)",0,1437,1437,0,2770,2770
39035103500,"Cuyahoga, OH (CT)",0,1166,1166,0,1981,1981
39035103602,"Cuyahoga, OH (CT)",0,2080,2080,0,3254,3254
39035103800,"Cuyahoga, OH (CT)",0,934,934,0,1993,1993
39035103900,"Cuyahoga, OH (CT)",0,945,945,0,2042,2042
39035104100,"Cuyahoga, OH (CT)",0,620,620,0,1095,1095
39035104200,"Cuyahoga, OH (CT)",0,704,704,0,1143,1143
39035104300,"Cuyahoga, OH (CT)",0,1122,1122,0,1603,1603
39035104400,"Cuyahoga, OH (CT)",0,800,800,0,1498,1498
39035104600,"Cuyahoga, OH (CT)",0,635,635,0,1190,1190
39035104800,"Cuyahoga, OH (CT)",0,925,925,0,2124,2124
39035104900,"Cuyahoga, OH (CT)",0,1092,1092,0,2493,2493
39035105100,"Cuyahoga, OH (CT)",0,1747,1747,0,3790,3790
39035105300,"Cuyahoga, OH (CT)",0,1376,1376,0,3434,3434
39035105400,"Cuyahoga, OH (CT)",0,1571,1571,0,3646,3646
39035105500,"Cuyahoga, OH (CT)",0,915,915,0,1854,1854
39035105602,"Cuyahoga, OH (CT)",0,1059,1059,0,2163,2163
39035105700,"Cuyahoga, OH (CT)",0,2287,2287,0,4165,4165
39035105900,"Cuyahoga, OH (CT)",0,1456,1456,0,2968,2968
39035106100,"Cuyahoga, OH (CT)",0,1655,1655,0,3503,3503
39035106200,"Cuyahoga, OH (CT)",0,1816,1816,0,3663,3663
39035106300,"Cuyahoga, OH (CT)",0,1313,1313,0,2764,2764
39035106400,"Cuyahoga, OH (CT)",0,538,538,0,1115,1115
39035106500,"Cuyahoga, OH (CT)",0,1195,1195,0,2520,2520
39035106600,"Cuyahoga, OH (CT)",0,1557,1557,0,3222,3222
39035106800,"Cuyahoga, OH (CT)",0,1397,1397,0,2942,2942
39035106900,"Cuyahoga, OH (CT)",0,1923,1923,0,3501,3501
39035107000,"Cuyahoga, OH (CT)",0,775,775,0,1646,1646
39035107101,"Cuyahoga, OH (CT)",0,1675,1675,0,4193,4193
39035107701,"Cuyahoga, OH (CT)",0,1264,1264,0,1944,1944
39035107802,"Cuyahoga, OH (CT)",0,2394,2394,0,3334,3334
39035108201,"Cuyahoga, OH (CT)",0,965,965,0,1354,1354
39035108301,"Cuyahoga, OH (CT)",0,923,923,0,1647,1647
39035108400,"Cuyahoga, OH (CT)",0,667,667,0,1237,1237
39035108701,"Cuyahoga, OH (CT)",0,1696,1696,0,4393,4393
39035109301,"Cuyahoga, OH (CT)",0,856,856,0,1873,1873
39035109701,"Cuyahoga, OH (CT)",0,614,614,0,2212,2212
39035109801,"Cuyahoga, OH (CT)",0,968,968,0,1884,1884
39035110501,"Cuyahoga, OH (CT)",0,503,503,0,851,851
39035110801,"Cuyahoga, OH (CT)",0,755,755,0,1323,1323
39035110901,"Cuyahoga, OH (CT)",0,1664,1664,0,3102,3102
39035111202,"Cuyahoga, OH (CT)",0,930,930,0,1444,1444
39035111401,"Cuyahoga, OH (CT)",0,856,856,0,1253,1253
39035111500,"Cuyahoga, OH (CT)",0,839,839,0,1179,1179
39035111600,"Cuyahoga, OH (CT)",0,782,782,0,1130,1130
39035111700,"Cuyahoga, OH (CT)",0,937,937,0,1404,1404
39035111800,"Cuyahoga, OH (CT)",0,474,474,0,878,878
39035111902,"Cuyahoga, OH (CT)",0,460,460,0,841,841
39035112100,"Cuyahoga, OH (CT)",0,1036,1036,0,1762,1762
39035112200,"Cuyahoga, OH (CT)",0,721,721,0,1341,1341
39035112301,"Cuyahoga, OH (CT)",0,696,696,0,1427,1427
39035112400,"Cuyahoga, OH (CT)",0,705,705,0,1189,1189
39035112500,"Cuyahoga, OH (CT)",0,634,634,0,1274,1274
39035112600,"Cuyahoga, OH (CT)",0,499,499,0,1048,1048
39035112800,"Cuyahoga, OH (CT)",0,612,612,0,1015,1015
39035113101,"Cuyahoga, OH (CT)",0,564,564,0,956,956
39035113500,"Cuyahoga, OH (CT)",0,712,712,0,1221,1221
39035113600,"Cuyahoga, OH (CT)",0,557,557,0,1107,1107
39035113801,"Cuyahoga, OH (CT)",0,837,837,0,2009,2009
39035114100,"Cuyahoga, OH (CT)",0,661,661,0,1121,1121
39035114300,"Cuyahoga, OH (CT)",0,852,852,0,1927,1927
39035114501,"Cuyahoga, OH (CT)",0,815,815,0,1369,1369
39035114600,"Cuyahoga, OH (CT)",0,757,757,0,1284,1284
39035114700,"Cuyahoga, OH (CT)",0,210,210,0,240,240
39035114900,"Cuyahoga, OH (CT)",0,1257,1257,0,2199,2199
39035115100,"Cuyahoga, OH (CT)",0,857,857,0,1331,1331
39035115200,"Cuyahoga, OH (CT)",0,577,577,0,950,950
39035115300,"Cuyahoga, OH (CT)",0,546,546,0,937,937
39035115400,"Cuyahoga, OH (CT)",0,1353,1353,0,2275,2275
39035115700,"Cuyahoga, OH (CT)",0,819,819,0,1416,1416
39035115800,"Cuyahoga, OH (CT)",0,1722,1722,0,3226,3226
39035115900,"Cuyahoga, OH (CT)",0,1861,1861,0,3671,3671
39035116100,"Cuyahoga, OH (CT)",0,520,520,0,954,954
39035116200,"Cuyahoga, OH (CT)",0,589,589,0,1146,1146
39035116300,"Cuyahoga, OH (CT)",0,988,988,0,1695,1695
39035116400,"Cuyahoga, OH (CT)",0,1599,1599,0,2990,2990
39035116500,"Cuyahoga, OH (CT)",0,1629,1629,0,2593,2593
39035116600,"Cuyahoga, OH (CT)",0,1631,1631,0,2629,2629
39035116700,"Cuyahoga, OH (CT)",0,945,945,0,1708,1708
39035116800,"Cuyahoga, OH (CT)",0,1654,1654,0,2808,2808
39035116900,"Cuyahoga, OH (CT)",0,1073,1073,0,1593,1593
39035117101,"Cuyahoga, OH (CT)",0,1436,1436,0,2416,2416
39035117102,"Cuyahoga, OH (CT)",0,656,656,0,1213,1213
39035117201,"Cuyahoga, OH (CT)",0,2286,2286,0,3352,3352
39035117202,"Cuyahoga, OH (CT)",0,1088,1088,0,1837,1837
39035117300,"Cuyahoga, OH (CT)",0,1271,1271,0,2580,2580
39035117400,"Cuyahoga, OH (CT)",0,812,812,0,1546,1546
39035117500,"Cuyahoga, OH (CT)",0,1636,1636,0,2761,2761
39035117600,"Cuyahoga, OH (CT)",0,1713,1713,0,3044,3044
39035117700,"Cuyahoga, OH (CT)",0,2620,2620,0,4899,4899
39035117800,"Cuyahoga, OH (CT)",0,1141,1141,0,2069,2069
39035117900,"Cuyahoga, OH (CT)",0,1509,1509,0,2541,2541
39035118101,"Cuyahoga, OH (CT)",0,1095,1095,0,2086,2086
39035118200,"Cuyahoga, OH (CT)",0,1097,1097,0,2101,2101
39035118301,"Cuyahoga, OH (CT)",0,1485,1485,0,2486,2486
39035118400,"Cuyahoga, OH (CT)",0,1088,1088,0,1772,1772
39035118500,"Cuyahoga, OH (CT)",0,554,554,0,994,994
39035118602,"Cuyahoga, OH (CT)",0,1283,1283,0,2024,2024
39035118700,"Cuyahoga, OH (CT)",0,868,868,0,3679,3679
39035118800,"Cuyahoga, OH (CT)",0,1928,1928,0,3081,3081
39035118900,"Cuyahoga, OH (CT)",0,898,898,0,1385,1385
39035119100,"Cuyahoga, OH (CT)",0,90,90,0,127,127
39035119202,"Cuyahoga, OH (CT)",0,540,540,0,1019,1019
39035119300,"Cuyahoga, OH (CT)",0,1769,1769,0,3572,3572
39035119401,"Cuyahoga, OH (CT)",0,1196,1196,0,2133,2133
39035119402,"Cuyahoga, OH (CT)",0,1161,1161,0,1776,1776
39035119501,"Cuyahoga, OH (CT)",0,1791,1791,0,2536,2536
39035119502,"Cuyahoga, OH (CT)",0,1416,1416,0,1772,1772
39035119600,"Cuyahoga, OH (CT)",0,1521,1521,0,2721,2721
39035119701,"Cuyahoga, OH (CT)",0,1057,1057,0,2026,2026
39035119702,"Cuyahoga, OH (CT)",0,1326,1326,0,2227,2227
39035119800,"Cuyahoga, OH (CT)",0,2003,2003,0,3407,3407
39035119900,"Cuyahoga, OH (CT)",0,1481,1481,0,2267,2267
39035120200,"Cuyahoga, OH (CT)",0,1351,1351,0,2296,2296
39035120400,"Cuyahoga, OH (CT)",0,1415,1415,0,2444,2444
39035120500,"Cuyahoga, OH (CT)",0,1220,1220,0,2382,2382
39035120600,"Cuyahoga, OH (CT)",0,1734,1734,0,2892,2892
39035120701,"Cuyahoga, OH (CT)",0,1069,1069,0,1649,1649
39035120702,"Cuyahoga, OH (CT)",0,1034,1034,0,2031,2031
39035120801,"Cuyahoga, OH (CT)",0,1231,1231,0,2292,2292
39035120802,"Cuyahoga, OH (CT)",0,1306,1306,0,2200,2200
39035121100,"Cuyahoga, OH (CT)",0,1150,1150,0,2285,2285
39035121200,"Cuyahoga, OH (CT)",0,951,951,0,1764,1764
39035121300,"Cuyahoga, OH (CT)",0,1172,1172,0,2276,2276
39035121401,"Cuyahoga, OH (CT)",0,931,931,0,1742,1742
39035121403,"Cuyahoga, OH (CT)",0,1377,1377,0,2833,2833
39035121500,"Cuyahoga, OH (CT)",0,1435,1435,0,2957,2957
39035121700,"Cuyahoga, OH (CT)",0,1753,1753,0,3767,3767
39035121800,"Cuyahoga, OH (CT)",0,841,841,0,1696,1696
39035121900,"Cuyahoga, OH (CT)",0,633,633,0,1408,1408
39035122100,"Cuyahoga, OH (CT)",0,1472,1472,0,3208,3208
39035122200,"Cuyahoga, OH (CT)",0,886,886,0,1832,1832
39035122300,"Cuyahoga, OH (CT)",0,926,926,0,1909,1909
39035123100,"Cuyahoga, OH (CT)",0,1215,1215,0,2473,2473
39035123200,"Cuyahoga, OH (CT)",0,1533,1533,0,2987,2987
39035123400,"Cuyahoga, OH (CT)",0,1747,1747,0,3665,3665
39035123501,"Cuyahoga, OH (CT)",0,1631,1631,0,3482,3482
39035123502,"Cuyahoga, OH (CT)",0,1358,1358,0,2443,2443
39035123601,"Cuyahoga, OH (CT)",0,1336,1336,0,2902,2902
39035123602,"Cuyahoga, OH (CT)",0,1500,1500,0,3002,3002
39035123603,"Cuyahoga, OH (CT)",0,1640,1640,0,3212,3212
39035123700,"Cuyahoga, OH (CT)",0,1145,1145,0,2452,2452
39035123800,"Cuyahoga, OH (CT)",0,946,946,0,2490,2490
39035123900,"Cuyahoga, OH (CT)",0,1410,1410,0,3036,3036
39035124100,"Cuyahoga, OH (CT)",0,2149,2149,0,4934,4934
39035124201,"Cuyahoga, OH (CT)",0,1229,1229,0,2598,2598
39035124202,"Cuyahoga, OH (CT)",0,852,852,0,1679,1679
39035124300,"Cuyahoga, OH (CT)",0,1778,1778,0,4038,4038
39035124500,"Cuyahoga, OH (CT)",0,1598,1598,0,3456,3456
39035124600,"Cuyahoga, OH (CT)",0,1856,1856,0,3970,3970
39035126100,"Cuyahoga, OH (CT)",0,1627,1627,0,2992,2992
39035127501,"Cuyahoga, OH (CT)",0,1686,1686,0,3164,3164
39035130103,"Cuyahoga, OH (CT)",0,1713,1713,0,4526,4526
39035130104,"Cuyahoga, OH (CT)",0,1569,1569,0,4184,4184
39035130105,"Cuyahoga, OH (CT)",0,1605,1605,0,3507,3507
39035130106,"Cuyahoga, OH (CT)",0,1549,1549,0,3434,3434
39035131102,"Cuyahoga, OH (CT)",0,1310,1310,0,3323,3323
39035131103,"Cuyahoga, OH (CT)",0,1656,1656,0,4328,4328
39035131104,"Cuyahoga, OH (CT)",0,2517,2517,0,4302,4302
39035132100,"Cuyahoga, OH (CT)",0,2582,2582,0,4876,4876
39035132200,"Cuyahoga, OH (CT)",0,1375,1375,0,2980,2980
39035132301,"Cuyahoga, OH (CT)",0,1893,1893,0,3287,3287
39035132302,"Cuyahoga, OH (CT)",0,1101,1101,0,1931,1931
39035133103,"Cuyahoga, OH (CT)",0,1817,1817,0,3288,3288
39035133104,"Cuyahoga, OH (CT)",0,1625,1625,0,2676,2676
39035134100,"Cuyahoga, OH (CT)",0,689,689,0,1580,1580
39035134203,"Cuyahoga, OH (CT)",0,1202,1202,0,3062,3062
39035134204,"Cuyahoga, OH (CT)",0,2148,2148,0,4381,4381
39035134205,"Cuyahoga, OH (CT)",0,1187,1187,0,2704,2704
39035134206,"Cuyahoga, OH (CT)",0,1421,1421,0,2962,2962
39035134300,"Cuyahoga, OH (CT)",0,1311,1311,0,4404,4404
39035135103,"Cuyahoga, OH (CT)",0,1174,1174,0,2220,2220
39035135104,"Cuyahoga, OH (CT)",44,1583,1627,103,3999,4102
39035135105,"Cuyahoga, OH (CT)",0,2284,2284,0,5915,5915
39035135106,"Cuyahoga, OH (CT)",538,0,538,1419,0,1419
39035136101,"Cuyahoga, OH (CT)",0,2916,2916,0,6130,6130
39035136102,"Cuyahoga, OH (CT)",0,3201,3201,0,7407,7407
39035136103,"Cuyahoga, OH (CT)",0,2120,2120,0,5863,5863
39035137101,"Cuyahoga, OH (CT)",0,1348,1348,0,2485,2485
39035137102,"Cuyahoga, OH (CT)",0,2211,2211,0,4455,4455
39035137103,"Cuyahoga, OH (CT)",0,1947,1947,0,4229,4229
39035138105,"Cuyahoga, OH (CT)",0,576,576,0,1332,1332
39035138106,"Cuyahoga, OH (CT)",0,1365,1365,0,3363,3363
39035138107,"Cuyahoga, OH (CT)",0,842,842,0,2071,2071
39035138108,"Cuyahoga, OH (CT)",0,1642,1642,0,3994,3994
39035138109,"Cuyahoga, OH (CT)",0,1934,1934,0,4216,4216
39035138110,"Cuyahoga, OH (CT)",0,1812,1812,0,4236,4236
39035140100,"Cuyahoga, OH (CT)",0,695,695,0,1538,1538
39035140301,"Cuyahoga, OH (CT)",0,1096,1096,0,2279,2279
39035140302,"Cuyahoga, OH (CT)",0,1187,1187,0,2357,2357
39035140400,"Cuyahoga, OH (CT)",0,1466,1466,0,3017,3017
39035140500,"Cuyahoga, OH (CT)",0,1605,1605,0,3309,3309
39035140600,"Cuyahoga, OH (CT)",0,495,495,0,1247,1247
39035140701,"Cuyahoga, OH (CT)",0,1224,1224,0,2630,2630
39035140702,"Cuyahoga, OH (CT)",0,823,823,0,1796,1796
39035140800,"Cuyahoga, OH (CT)",0,1784,1784,0,3586,3586
39035140900,"Cuyahoga, OH (CT)",0,818,818,0,1916,1916
39035141000,"Cuyahoga, OH (CT)",0,767,767,0,1295,1295
39035141100,"Cuyahoga, OH (CT)",0,2853,2853,0,4406,4406
39035141200,"Cuyahoga, OH (CT)",0,1749,1749,0,3159,3159
39035141300,"Cuyahoga, OH (CT)",0,918,918,0,2661,2661
39035141400,"Cuyahoga, OH (CT)",0,1014,1014,0,2730,2730
39035141500,"Cuyahoga, OH (CT)",0,857,857,0,1700,1700
39035141601,"Cuyahoga, OH (CT)",0,776,776,0,1718,1718
39035141602,"Cuyahoga, OH (CT)",0,723,723,0,1574,1574
39035141700,"Cuyahoga, OH (CT)",0,703,703,0,1522,1522
39035150100,"Cuyahoga, OH (CT)",0,1675,1675,0,2522,2522
39035150300,"Cuyahoga, OH (CT)",0,1120,1120,0,1646,1646
39035150400,"Cuyahoga, OH (CT)",0,1184,1184,0,1639,1639
39035151100,"Cuyahoga, OH (CT)",0,1035,1035,0,1154,1154
39035151200,"Cuyahoga, OH (CT)",0,1139,1139,0,1609,1609
39035151300,"Cuyahoga, OH (CT)",0,1437,1437,0,2138,2138
39035151400,"Cuyahoga, OH (CT)",0,951,951,0,1270,1270
39035151500,"Cuyahoga, OH (CT)",0,905,905,0,1287,1287
39035151600,"Cuyahoga, OH (CT)",0,1130,1130,0,1401,1401
39035151700,"Cuyahoga, OH (CT)",0,848,848,0,1388,1388
39035151800,"Cuyahoga, OH (CT)",0,1099,1099,0,1789,1789
39035152101,"Cuyahoga, OH (CT)",0,1142,1142,0,2452,2452
39035152102,"Cuyahoga, OH (CT)",0,2213,2213,0,4791,4791
39035152201,"Cuyahoga, OH (CT)",0,2202,2202,0,3334,3334
39035152202,"Cuyahoga, OH (CT)",0,2178,2178,0,4326,4326
39035152301,"Cuyahoga, OH (CT)",0,1768,1768,0,2718,2718
39035152302,"Cuyahoga, OH (CT)",0,1864,1864,0,4238,4238
39035152303,"Cuyahoga, OH (CT)",0,1854,1854,0,3746,3746
39035152400,"Cuyahoga, OH (CT)",0,892,892,0,1969,1969
39035152501,"Cuyahoga, OH (CT)",0,1805,1805,0,3613,3613
39035152502,"Cuyahoga, OH (CT)",0,1233,1233,0,2570,2570
39035152603,"Cuyahoga, OH (CT)",0,560,560,0,1065,1065
39035152604,"Cuyahoga, OH (CT)",0,2585,2585,0,4392,4392
39035152701,"Cuyahoga, OH (CT)",0,1832,1832,0,2257,2257
39035152702,"Cuyahoga, OH (CT)",0,1171,1171,0,2480,2480
39035152703,"Cuyahoga, OH (CT)",0,853,853,0,1691,1691
39035153103,"Cuyahoga, OH (CT)",0,1176,1176,0,2533,2533
39035153104,"Cuyahoga, OH (CT)",0,1350,1350,0,3133,3133
39035153105,"Cuyahoga, OH (CT)",0,2077,2077,0,3841,3841
39035153106,"Cuyahoga, OH (CT)",0,1623,1623,0,3705,3705
39035153107,"Cuyahoga, OH (CT)",0,1883,1883,0,3614,3614
39035154100,"Cuyahoga, OH (CT)",0,935,935,0,2179,2179
39035154200,"Cuyahoga, OH (CT)",0,781,781,0,1521,1521
39035154300,"Cuyahoga, OH (CT)",0,507,507,0,1085,1085
39035154400,"Cuyahoga, OH (CT)",0,1273,1273,0,2861,2861
39035154501,"Cuyahoga, OH (CT)",0,1748,1748,0,3656,3656
39035154502,"Cuyahoga, OH (CT)",0,1458,1458,0,3120,3120
39035154601,"Cuyahoga, OH (CT)",0,2137,2137,0,4688,4688
39035154603,"Cuyahoga, OH (CT)",0,1335,1335,0,3103,3103
39035154604,"Cuyahoga, OH (CT)",0,1746,1746,0,4049,4049
39035154700,"Cuyahoga, OH (CT)",0,1205,1205,0,2587,2587
39035155101,"Cuyahoga, OH (CT)",0,2168,2168,0,5261,5261
39035155102,"Cuyahoga, OH (CT)",0,1237,1237,0,3084,3084
39035156101,"Cuyahoga, OH (CT)",0,574,574,0,1402,1402
39035156102,"Cuyahoga, OH (CT)",188,2106,2294,429,5302,5731
39035160100,"Cuyahoga, OH (CT)",0,826,826,0,1966,1966
39035160200,"Cuyahoga, OH (CT)",0,1255,1255,0,2317,2317
39035160300,"Cuyahoga, OH (CT)",0,891,891,0,2023,2023
39035160400,"Cuyahoga, OH (CT)",0,1677,1677,0,3397,3397
39035160500,"Cuyahoga, OH (CT)",0,2185,2185,0,3762,3762
39035160601,"Cuyahoga, OH (CT)",0,4172,4172,0,4966,4966
39035160602,"Cuyahoga, OH (CT)",0,1742,1742,0,2942,2942
39035160700,"Cuyahoga, OH (CT)",0,1148,1148,0,1626,1626
39035160800,"Cuyahoga, OH (CT)",0,580,580,0,979,979
39035160900,"Cuyahoga, OH (CT)",0,1844,1844,0,3662,3662
39035161000,"Cuyahoga, OH (CT)",0,844,844,0,1816,1816
39035161100,"Cuyahoga, OH (CT)",0,1805,1805,0,3763,3763
39035161200,"Cuyahoga, OH (CT)",0,1479,1479,0,3004,3004
39035161300,"Cuyahoga, OH (CT)",0,1485,1485,0,2976,2976
39035161400,"Cuyahoga, OH (CT)",0,1643,1643,0,3505,3505
39035161500,"Cuyahoga, OH (CT)",0,2049,2049,0,3982,3982
39035161600,"Cuyahoga, OH (CT)",0,1068,1068,0,2131,2131
39035161700,"Cuyahoga, OH (CT)",0,1093,1093,0,2166,2166
39035161800,"Cuyahoga, OH (CT)",0,712,712,0,1148,1148
39035170101,"Cuyahoga, OH (CT)",0,1399,1399,0,2884,2884
39035170102,"Cuyahoga, OH (CT)",0,2159,2159,0,4958,4958
39035170201,"Cuyahoga, OH (CT)",0,1312,1312,0,2261,2261
39035170202,"Cuyahoga, OH (CT)",0,2020,2020,0,3898,3898
39035171102,"Cuyahoga, OH (CT)",0,2280,2280,0,5055,5055
39035171103,"Cuyahoga, OH (CT)",0,1783,1783,0,3819,3819
39035171104,"Cuyahoga, OH (CT)",0,1994,1994,0,4578,4578
39035171203,"Cuyahoga, OH (CT)",0,1293,1293,0,2625,2625
39035171204,"Cuyahoga, OH (CT)",0,998,998,0,2053,2053
39035171205,"Cuyahoga, OH (CT)",0,1343,1343,0,2530,2530
39035171206,"Cuyahoga, OH (CT)",0,1203,1203,0,2478,2478
39035172101,"Cuyahoga, OH (CT)",0,1224,1224,0,2625,2625
39035172102,"Cuyahoga, OH (CT)",0,1810,1810,0,3782,3782
39035172103,"Cuyahoga, OH (CT)",0,3212,3212,0,4914,4914
39035172201,"Cuyahoga, OH (CT)",0,1701,1701,0,3719,3719
39035172202,"Cuyahoga, OH (CT)",0,2591,2591,0,4115,4115
39035173103,"Cuyahoga, OH (CT)",0,1235,1235,0,2780,2780
39035173104,"Cuyahoga, OH (CT)",0,2385,2385,0,4681,4681
39035173105,"Cuyahoga, OH (CT)",0,972,972,0,2436,2436
39035173106,"Cuyahoga, OH (CT)",0,1865,1865,0,3540,3540
39035173107,"Cuyahoga, OH (CT)",0,1129,1129,0,2509,2509
39035174103,"Cuyahoga, OH (CT)",0,1278,1278,0,3036,3036
39035174104,"Cuyahoga, OH (CT)",0,918,918,0,2511,2511
39035174105,"Cuyahoga, OH (CT)",0,1124,1124,0,3025,3025
39035174106,"Cuyahoga, OH (CT)",0,1474,1474,0,3205,3205
39035174107,"Cuyahoga, OH (CT)",0,1687,1687,0,3809,3809
39035174203,"Cuyahoga, OH (CT)",0,1257,1257,0,2994,2994
39035174204,"Cuyahoga, OH (CT)",0,1455,1455,0,3767,3767
39035174205,"Cuyahoga, OH (CT)",0,2475,2475,0,4542,4542
39035174206,"Cuyahoga, OH (CT)",0,1234,1234,0,2407,2407
39035174207,"Cuyahoga, OH (CT)",0,1598,1598,0,3422,3422
39035175103,"Cuyahoga, OH (CT)",0,3485,3485,0,6705,6705
39035175104,"Cuyahoga, OH (CT)",0,2948,2948,0,6034,6034
39035175105,"Cuyahoga, OH (CT)",0,1849,1849,0,4757,4757
39035175106,"Cuyahoga, OH (CT)",0,1139,1139,0,3173,3173
39035175201,"Cuyahoga, OH (CT)",0,2850,2850,0,6562,6562
39035175202,"Cuyahoga, OH (CT)",352,1087,1439,892,2321,3213
39035176100,"Cuyahoga, OH (CT)",0,925,925,0,2216,2216
39035176200,"Cuyahoga, OH (CT)",0,2584,2584,0,5759,5759
39035177101,"Cuyahoga, OH (CT)",0,2134,2134,0,4203,4203
39035177103,"Cuyahoga, OH (CT)",0,2059,2059,0,4092,4092
39035177104,"Cuyahoga, OH (CT)",0,1528,1528,0,3680,3680
39035177201,"Cuyahoga, OH (CT)",0,1661,1661,0,3908,3908
39035177202,"Cuyahoga, OH (CT)",0,1427,1427,0,3362,3362
39035177302,"Cuyahoga, OH (CT)",0,1185,1185,0,2582,2582
39035177303,"Cuyahoga, OH (CT)",0,2171,2171,0,4988,4988
39035177304,"Cuyahoga, OH (CT)",0,1761,1761,0,3601,3601
39035177403,"Cuyahoga, OH (CT)",0,1387,1387,0,3132,3132
39035177404,"Cuyahoga, OH (CT)",0,1212,1212,0,2875,2875
39035177405,"Cuyahoga, OH (CT)",0,2011,2011,0,4563,4563
39035177406,"Cuyahoga, OH (CT)",0,1717,1717,0,4056,4056
39035177501,"Cuyahoga, OH (CT)",0,1979,1979,0,4226,4226
39035177503,"Cuyahoga, OH (CT)",0,1525,1525,0,3617,3617
39035177504,"Cuyahoga, OH (CT)",0,1752,1752,0,4045,4045
39035177505,"Cuyahoga, OH (CT)",0,1968,1968,0,4649,4649
39035177604,"Cuyahoga, OH (CT)",0,883,883,0,2095,2095
39035177605,"Cuyahoga, OH (CT)",0,1178,1178,0,2716,2716
39035177606,"Cuyahoga, OH (CT)",0,1677,1677,0,3804,3804
39035177607,"Cuyahoga, OH (CT)",0,1690,1690,0,3747,3747
39035177608,"Cuyahoga, OH (CT)",0,2838,2838,0,5552,5552
39035177609,"Cuyahoga, OH (CT)",0,865,865,0,2108,2108
39035178101,"Cuyahoga, OH (CT)",0,1439,1439,0,2977,2977
39035178102,"Cuyahoga, OH (CT)",0,2219,2219,0,4323,4323
39035178201,"Cuyahoga, OH (CT)",0,1801,1801,0,3545,3545
39035178204,"Cuyahoga, OH (CT)",0,2602,2602,0,4644,4644
39035178205,"Cuyahoga, OH (CT)",0,926,926,0,2272,2272
39035178206,"Cuyahoga, OH (CT)",0,1308,1308,0,2957,2957
39035179101,"Cuyahoga, OH (CT)",0,1235,1235,0,3105,3105
39035179102,"Cuyahoga, OH (CT)",101,1013,1114,249,2625,2874
39035180102,"Cuyahoga, OH (CT)",0,1855,1855,0,3925,3925
39035180103,"Cuyahoga, OH (CT)",0,1533,1533,0,3611,3611
39035180104,"Cuyahoga, OH (CT)",0,1982,1982,0,3010,3010
39035181100,"Cuyahoga, OH (CT)",0,3060,3060,0,6814,6814
39035181201,"Cuyahoga, OH (CT)",0,2964,2964,0,5370,5370
39035181203,"Cuyahoga, OH (CT)",0,1515,1515,0,3089,3089
39035181204,"Cuyahoga, OH (CT)",0,2642,2642,0,4940,4940
39035182103,"Cuyahoga, OH (CT)",0,1180,1180,0,2533,2533
39035182104,"Cuyahoga, OH (CT)",0,1154,1154,0,2626,2626
39035182105,"Cuyahoga, OH (CT)",0,1457,1457,0,3418,3418
39035182106,"Cuyahoga, OH (CT)",0,1376,1376,0,3227,3227
39035183100,"Cuyahoga, OH (CT)",0,1565,1565,0,3008,3008
39035183200,"Cuyahoga, OH (CT)",0,963,963,0,2478,2478
39035183300,"Cuyahoga, OH (CT)",0,1700,1700,0,4464,4464
39035183401,"Cuyahoga, OH (CT)",0,880,880,0,2162,2162
39035183402,"Cuyahoga, OH (CT)",0,792,792,0,1486,1486
39035183501,"Cuyahoga, OH (CT)",0,1777,1777,0,2714,2714
39035183502,"Cuyahoga, OH (CT)",0,1603,1603,0,3660,3660
39035183603,"Cuyahoga, OH (CT)",0,745,745,0,1606,1606
39035183604,"Cuyahoga, OH (CT)",0,1170,1170,0,2487,2487
39035183605,"Cuyahoga, OH (CT)",0,1364,1364,0,2780,2780
39035183606,"Cuyahoga, OH (CT)",0,759,759,0,1603,1603
39035184103,"Cuyahoga, OH (CT)",0,1468,1468,0,4065,4065
39035184104,"Cuyahoga, OH (CT)",0,755,755,0,1828,1828
39035184105,"Cuyahoga, OH (CT)",0,1777,1777,0,4711,4711
39035184106,"Cuyahoga, OH (CT)",0,947,947,0,2290,2290
39035184108,"Cuyahoga, OH (CT)",33,2597,2630,106,7327,7433
39035185101,"Cuyahoga, OH (CT)",0,1163,1163,0,2829,2829
39035185102,"Cuyahoga, OH (CT)",0,1204,1204,0,2696,2696
39035185103,"Cuyahoga, OH (CT)",0,1066,1066,0,2317,2317
39035185104,"Cuyahoga, OH (CT)",0,1606,1606,0,3901,3901
39035185201,"Cuyahoga, OH (CT)",0,836,836,0,1511,1511
39035185202,"Cuyahoga, OH (CT)",0,2234,2234,0,5159,5159
39035185203,"Cuyahoga, OH (CT)",0,1498,1498,0,3882,3882
39035186103,"Cuyahoga, OH (CT)",0,1836,1836,0,4365,4365
39035186104,"Cuyahoga, OH (CT)",0,1131,1131,0,2698,2698
39035186105,"Cuyahoga, OH (CT)",0,1573,1573,0,3529,3529
39035186106,"Cuyahoga, OH (CT)",0,2560,2560,0,4461,4461
39035186107,"Cuyahoga, OH (CT)",0,2392,2392,0,6148,6148
39035186201,"Cuyahoga, OH (CT)",0,2326,2326,0,5703,5703
39035186202,"Cuyahoga, OH (CT)",0,1748,1748,0,4635,4635
39035186203,"Cuyahoga, OH (CT)",0,1406,1406,0,3840,3840
39035186205,"Cuyahoga, OH (CT)",0,2023,2023,0,5138,5138
39035186206,"Cuyahoga, OH (CT)",62,1419,1481,144,4089,4233
39035187103,"Cuyahoga, OH (CT)",0,1250,1250,0,2844,2844
39035187104,"Cuyahoga, OH (CT)",0,1511,1511,0,3321,3321
39035187105,"Cuyahoga, OH (CT)",0,977,977,0,2176,2176
39035187106,"Cuyahoga, OH (CT)",0,1510,1510,0,5198,5198
39035188103,"Cuyahoga, OH (CT)",0,1427,1427,0,3270,3270
39035188104,"Cuyahoga, OH (CT)",0,1004,1004,0,1897,1897
39035188105,"Cuyahoga, OH (CT)",0,1834,1834,0,3237,3237
39035188106,"Cuyahoga, OH (CT)",0,1077,1077,0,2466,2466
39035188107,"Cuyahoga, OH (CT)",0,1401,1401,0,2561,2561
39035189105,"Cuyahoga, OH (CT)",0,1790,1790,0,4069,4069
39035189107,"Cuyahoga, OH (CT)",0,2281,2281,0,5059,5059
39035189108,"Cuyahoga, OH (CT)",0,2090,2090,0,5114,5114
39035189109,"Cuyahoga, OH (CT)",0,1707,1707,0,3437,3437
39035189110,"Cuyahoga, OH (CT)",0,2371,2371,0,4321,4321
39035189111,"Cuyahoga, OH (CT)",0,3163,3163,0,6812,6812
39035189112,"Cuyahoga, OH (CT)",0,1441,1441,0,3917,3917
39035190502,"Cuyahoga, OH (CT)",0,1566,1566,0,2362,2362
39035190503,"Cuyahoga, OH (CT)",0,655,655,0,1761,1761
39035190504,"Cuyahoga, OH (CT)",0,4163,4163,0,10439,10439
39035192300,"Cuyahoga, OH (CT)",0,624,624,0,1543,1543
39035192800,"Cuyahoga, OH (CT)",0,811,811,0,1197,1197
39035192900,"Cuyahoga, OH (CT)",48,742,790,115,1919,2034
39035193800,"Cuyahoga, OH (CT)",0,571,571,0,1027,1027
39035193900,"Cuyahoga, OH (CT)",0,315,315,0,1241,1241
39035194100,"Cuyahoga, OH (CT)",230,739,969,537,1744,2281
39035194300,"Cuyahoga, OH (CT)",59,1555,1614,150,3310,3460
39035194500,"Cuyahoga, OH (CT)",874,118,992,1979,291,2270
39035194800,"Cuyahoga, OH (CT)",0,468,468,0,884,884
39035194900,"Cuyahoga, OH (CT)",0,1374,1374,0,3323,3323
39035195600,"Cuyahoga, OH (CT)",0,2308,2308,0,4787,4787
39035195700,"Cuyahoga, OH (CT)",0,2031,2031,0,4590,4590
39035195800,"Cuyahoga, OH (CT)",202,1304,1506,476,3409,3885
39035195900,"Cuyahoga, OH (CT)",0,2085,2085,0,4233,4233
39035196000,"Cuyahoga, OH (CT)",0,912,912,0,1681,1681
39035196100,"Cuyahoga, OH (CT)",0,1423,1423,0,2805,2805
39035196200,"Cuyahoga, OH (CT)",0,1885,1885,0,3278,3278
39035196300,"Cuyahoga, OH (CT)",378,1263,1641,848,3061,3909
39035196400,"Cuyahoga, OH (CT)",0,1297,1297,0,2726,2726
39035196500,"Cuyahoga, OH (CT)",0,930,930,0,1671,1671
39035980100,"Cuyahoga, OH (CT)",0,1,1,0,1,1
39035980500,"Cuyahoga, OH (CT)",0,0,0,0,0,0
39035981100,"Cuyahoga, OH (CT)",0,0,0,0,0,0
39035990000,"Cuyahoga, OH (CT)",0,0,0,0,0,0
39037500100,"Darke, OH (CT)",1508,0,1508,4102,0,4102
39037510100,"Darke, OH (CT)",972,828,1800,2377,1824,4201
39037520100,"Darke, OH (CT)",1385,0,1385,3417,0,3417
39037530100,"Darke, OH (CT)",629,1145,1774,1804,2685,4489
39037540100,"Darke, OH (CT)",1371,0,1371,3441,0,3441
39037550100,"Darke, OH (CT)",1363,54,1417,3278,113,3391
39037555000,"Darke, OH (CT)",225,2966,3191,474,6012,6486
39037555101,"Darke, OH (CT)",71,1679,1750,252,3369,3621
39037555102,"Darke, OH (CT)",31,1875,1906,60,3843,3903
39037560100,"Darke, OH (CT)",3060,0,3060,7191,0,7191
39037570101,"Darke, OH (CT)",1156,0,1156,2922,0,2922
39037570102,"Darke, OH (CT)",2412,0,2412,5795,0,5795
39039958100,"Defiance, OH (CT)",1589,322,1911,3763,809,4572
39039958200,"Defiance, OH (CT)",1785,0,1785,4568,0,4568
39039958300,"Defiance, OH (CT)",297,1586,1883,768,3613,4381
39039958400,"Defiance, OH (CT)",1554,107,1661,3841,295,4136
39039958500,"Defiance, OH (CT)",62,1775,1837,131,4238,4369
39039958600,"Defiance, OH (CT)",89,1631,1720,209,3490,3699
39039958700,"Defiance, OH (CT)",59,1967,2026,146,4392,4538
39039958800,"Defiance, OH (CT)",0,1690,1690,0,3665,3665
39039958900,"Defiance, OH (CT)",1591,625,2216,3692,1417,5109
39041010100,"Delaware, OH (CT)",0,1847,1847,0,5256,5256
39041010200,"Delaware, OH (CT)",45,2143,2188,105,5375,5480
39041010420,"Delaware, OH (CT)",0,1179,1179,0,2926,2926
39041010421,"Delaware, OH (CT)",0,1117,1117,0,2182,2182
39041010422,"Delaware, OH (CT)",0,2317,2317,0,5702,5702
39041010520,"Delaware, OH (CT)",85,2054,2139,153,5062,5215
39041010530,"Delaware, OH (CT)",0,1417,1417,0,3217,3217
39041011101,"Delaware, OH (CT)",1148,0,1148,2897,0,2897
39041011102,"Delaware, OH (CT)",1832,0,1832,4917,0,4917
39041011200,"Delaware, OH (CT)",986,435,1421,2398,878,3276
39041011411,"Delaware, OH (CT)",0,1158,1158,0,2901,2901
39041011412,"Delaware, OH (CT)",142,1391,1533,449,4068,4517
39041011413,"Delaware, OH (CT)",972,1524,2496,2381,4194,6575
39041011421,"Delaware, OH (CT)",0,2303,2303,0,6785,6785
39041011423,"Delaware, OH (CT)",119,2013,2132,305,6038,6343
39041011430,"Delaware, OH (CT)",0,1354,1354,0,2807,2807
39041011520,"Delaware, OH (CT)",0,1552,1552,0,3568,3568
39041011530,"Delaware, OH (CT)",0,1296,1296,0,3612,3612
39041011540,"Delaware, OH (CT)",11,1842,1853,24,5523,5547
39041011550,"Delaware, OH (CT)",395,2415,2810,1076,7180,8256
39041011560,"Delaware, OH (CT)",418,2122,2540,1126,6930,8056
39041011561,"Delaware, OH (CT)",0,2066,2066,0,4513,4513
39041011604,"Delaware, OH (CT)",889,1119,2008,2282,2907,5189
39041011710,"Delaware, OH (CT)",0,2380,2380,0,6370,6370
39041011730,"Delaware, OH (CT)",0,2339,2339,0,6999,6999
39041011740,"Delaware, OH (CT)",0,1737,1737,0,5143,5143
39041011750,"Delaware, OH (CT)",494,1683,2177,1191,4993,6184
39041011760,"Delaware, OH (CT)",1383,275,1658,3609,631,4240
39041011762,"Delaware, OH (CT)",0,2198,2198,0,5209,5209
39041011900,"Delaware, OH (CT)",0,1874,1874,0,5002,5002
39041012000,"Delaware, OH (CT)",1990,0,1990,5129,0,5129
39041012100,"Delaware, OH (CT)",809,1438,2247,2121,4287,6408
39041012200,"Delaware, OH (CT)",318,1592,1910,823,3684,4507
39041012300,"Delaware, OH (CT)",986,773,1759,2655,1816,4471
39041012400,"Delaware, OH (CT)",0,2403,2403,0,4815,4815
39043040100,"Erie, OH (CT)",41,2795,2836,94,5558,5652
39043040200,"Erie, OH (CT)",1215,973,2188,2895,1140,4035
39043040300,"Erie, OH (CT)",2312,348,2660,5729,441,6170
39043040400,"Erie, OH (CT)",737,2236,2973,1516,4105,5621
39043040500,"Erie, OH (CT)",0,2259,2259,0,4805,4805
39043040600,"Erie, OH (CT)",1031,374,1405,589,470,1059
39043040700,"Erie, OH (CT)",0,2171,2171,0,3831,3831
39043040800,"Erie, OH (CT)",0,2717,2717,0,4398,4398
39043040900,"Erie, OH (CT)",0,1578,1578,0,3299,3299
39043041000,"Erie, OH (CT)",0,1441,1441,0,3093,3093
39043041100,"Erie, OH (CT)",0,1784,1784,0,4109,4109
39043041200,"Erie, OH (CT)",0,1282,1282,0,2708,2708
39043041300,"Erie, OH (CT)",0,1803,1803,0,3527,3527
39043041400,"Erie, OH (CT)",0,1096,1096,0,2829,2829
39043041500,"Erie, OH (CT)",0,1592,1592,0,3473,3473
39043041600,"Erie, OH (CT)",443,1927,2370,1053,4569,5622
39043041700,"Erie, OH (CT)",1529,1590,3119,3523,3089,6612
39043041800,"Erie, OH (CT)",2070,501,2571,5010,1226,6236
39043990100,"Erie, OH (CT)",0,0,0,0,0,0
39045030100,"Fairfield, OH (CT)",1084,1080,2164,2104,1747,3851
39045030200,"Fairfield, OH (CT)",914,248,1162,2370,620,2990
39045030300,"Fairfield, OH (CT)",183,1248,1431,472,2883,3355
39045030400,"Fairfield, OH (CT)",1639,110,1749,4242,319,4561
39045030600,"Fairfield, OH (CT)",76,3027,3103,168,9011,9179
39045030700,"Fairfield, OH (CT)",694,550,1244,1746,1284,3030
39045030800,"Fairfield, OH (CT)",1982,0,1982,5436,0,5436
39045030900,"Fairfield, OH (CT)",1762,1367,3129,4631,3726,8357
39045031000,"Fairfield, OH (CT)",1385,783,2168,3580,1912,5492
39045031100,"Fairfield, OH (CT)",2427,0,2427,6088,0,6088
39045031200,"Fairfield, OH (CT)",1834,150,1984,4595,344,4939
39045031300,"Fairfield, OH (CT)",111,1303,1414,230,2835,3065
39045031400,"Fairfield, OH (CT)",123,3086,3209,308,6463,6771
39045031500,"Fairfield, OH (CT)",0,1369,1369,0,2523,2523
39045031600,"Fairfield, OH (CT)",47,2882,2929,96,6042,6138
39045031700,"Fairfield, OH (CT)",0,1827,1827,0,4085,4085
39045032000,"Fairfield, OH (CT)",0,1513,1513,0,3078,3078
39045032100,"Fairfield, OH (CT)",0,1529,1529,0,3407,3407
39045032200,"Fairfield, OH (CT)",0,1616,1616,0,3772,3772
39045032300,"Fairfield, OH (CT)",0,1716,1716,0,3953,3953
39045032500,"Fairfield, OH (CT)",1668,126,1794,5847,417,6264
39045032600,"Fairfield, OH (CT)",2590,0,2590,6763,0,6763
39045032701,"Fairfield, OH (CT)",0,1673,1673,0,4247,4247
39045032702,"Fairfield, OH (CT)",0,3096,3096,0,7340,7340
39045032800,"Fairfield, OH (CT)",0,1494,1494,0,4291,4291
39045032900,"Fairfield, OH (CT)",108,3389,3497,306,10038,10344
39045033000,"Fairfield, OH (CT)",547,900,1447,1418,2719,4137
39045033100,"Fairfield, OH (CT)",136,3295,3431,334,8366,8700
39047925800,"Fayette, OH (CT)",1614,0,1614,3976,0,3976
39047925900,"Fayette, OH (CT)",1588,0,1588,3557,0,3557
39047926000,"Fayette, OH (CT)",224,1676,1900,560,3611,4171
39047926100,"Fayette, OH (CT)",136,1905,2041,315,4457,4772
39047926200,"Fayette, OH (CT)",435,1702,2137,988,3704,4692
39047926300,"Fayette, OH (CT)",71,1582,1653,142,3396,3538
39047926400,"Fayette, OH (CT)",1760,0,1760,4324,0,4324
39049000110,"Franklin, OH (CT)",0,1817,1817,0,3344,3344
39049000120,"Franklin, OH (CT)",0,1586,1586,0,3162,3162
39049000210,"Franklin, OH (CT)",0,1469,1469,0,2935,2935
39049000220,"Franklin, OH (CT)",0,1683,1683,0,3727,3727
39049000310,"Franklin, OH (CT)",0,1561,1561,0,3147,3147
39049000320,"Franklin, OH (CT)",0,1102,1102,0,2390,2390
39049000330,"Franklin, OH (CT)",0,1139,1139,0,2314,2314
39049000410,"Franklin, OH (CT)",0,1303,1303,0,2419,2419
39049000420,"Franklin, OH (CT)",0,1602,1602,0,3139,3139
39049000500,"Franklin, OH (CT)",0,2201,2201,0,4057,4057
39049000600,"Franklin, OH (CT)",0,2052,2052,0,3780,3780
39049000710,"Franklin, OH (CT)",0,1488,1488,0,3102,3102
39049000720,"Franklin, OH (CT)",0,1165,1165,0,2384,2384
39049000730,"Franklin, OH (CT)",0,1710,1710,0,3090,3090
39049000810,"Franklin, OH (CT)",0,1144,1144,0,2540,2540
39049000820,"Franklin, OH (CT)",0,1539,1539,0,3121,3121
39049000910,"Franklin, OH (CT)",0,1574,1574,0,3409,3409
39049000920,"Franklin, OH (CT)",0,1059,1059,0,2069,2069
39049001000,"Franklin, OH (CT)",0,2535,2535,0,5830,5830
39049001110,"Franklin, OH (CT)",0,1455,1455,0,3688,3688
39049001121,"Franklin, OH (CT)",0,99,99,0,7300,7300
39049001122,"Franklin, OH (CT)",0,886,886,0,3159,3159
39049001200,"Franklin, OH (CT)",0,1785,1785,0,4822,4822
39049001300,"Franklin, OH (CT)",0,2364,2364,0,6583,6583
39049001400,"Franklin, OH (CT)",0,767,767,0,1543,1543
39049001500,"Franklin, OH (CT)",0,876,876,0,2031,2031
39049001600,"Franklin, OH (CT)",0,924,924,0,1682,1682
39049001700,"Franklin, OH (CT)",0,1435,1435,0,2704,2704
39049001810,"Franklin, OH (CT)",0,1949,1949,0,4434,4434
39049001820,"Franklin, OH (CT)",0,1525,1525,0,2598,2598
39049001901,"Franklin, OH (CT)",0,1445,1445,0,2031,2031
39049001902,"Franklin, OH (CT)",0,2566,2566,0,3410,3410
39049002000,"Franklin, OH (CT)",0,1882,1882,0,3252,3252
39049002100,"Franklin, OH (CT)",0,1265,1265,0,1808,1808
39049002200,"Franklin, OH (CT)",0,1181,1181,0,1851,1851
39049002300,"Franklin, OH (CT)",0,838,838,0,1453,1453
39049002510,"Franklin, OH (CT)",0,1351,1351,0,2856,2856
39049002520,"Franklin, OH (CT)",0,1608,1608,0,2648,2648
39049002600,"Franklin, OH (CT)",0,1927,1927,0,4028,4028
39049002710,"Franklin, OH (CT)",0,1150,1150,0,1858,1858
39049002730,"Franklin, OH (CT)",0,1114,1114,0,2104,2104
39049002740,"Franklin, OH (CT)",0,1085,1085,0,2316,2316
39049002750,"Franklin, OH (CT)",0,1087,1087,0,2349,2349
39049002760,"Franklin, OH (CT)",0,1783,1783,0,3066,3066
39049002770,"Franklin, OH (CT)",0,1022,1022,0,1995,1995
39049002780,"Franklin, OH (CT)",0,1196,1196,0,2423,2423
39049002800,"Franklin, OH (CT)",0,1619,1619,0,2629,2629
39049002900,"Franklin, OH (CT)",0,1426,1426,0,2368,2368
39049003000,"Franklin, OH (CT)",0,1911,1911,0,3105,3105
39049003200,"Franklin, OH (CT)",0,1480,1480,0,2147,2147
39049003600,"Franklin, OH (CT)",0,959,959,0,1442,1442
39049003700,"Franklin, OH (CT)",0,1977,1977,0,3303,3303
39049003800,"Franklin, OH (CT)",0,1271,1271,0,1896,1896
39049004000,"Franklin, OH (CT)",0,2552,2552,0,2941,2941
39049004200,"Franklin, OH (CT)",0,546,546,0,1370,1370
39049004300,"Franklin, OH (CT)",0,3277,3277,0,5613,5613
39049004500,"Franklin, OH (CT)",0,2105,2105,0,5154,5154
39049004610,"Franklin, OH (CT)",0,1608,1608,0,3368,3368
39049004620,"Franklin, OH (CT)",0,1106,1106,0,2659,2659
39049004700,"Franklin, OH (CT)",0,2174,2174,0,4971,4971
39049004810,"Franklin, OH (CT)",0,1238,1238,0,2891,2891
39049004820,"Franklin, OH (CT)",0,1146,1146,0,2589,2589
39049004900,"Franklin, OH (CT)",0,2630,2630,0,5651,5651
39049005000,"Franklin, OH (CT)",0,2574,2574,0,5205,5205
39049005100,"Franklin, OH (CT)",0,804,804,0,1928,1928
39049005200,"Franklin, OH (CT)",0,1782,1782,0,2584,2584
39049005300,"Franklin, OH (CT)",0,1558,1558,0,3054,3054
39049005410,"Franklin, OH (CT)",0,880,880,0,1362,1362
39049005420,"Franklin, OH (CT)",0,1148,1148,0,2151,2151
39049005500,"Franklin, OH (CT)",0,2324,2324,0,4228,4228
39049005610,"Franklin, OH (CT)",0,985,985,0,1784,1784
39049005620,"Franklin, OH (CT)",0,1207,1207,0,2542,2542
39049005700,"Franklin, OH (CT)",0,2325,2325,0,3629,3629
39049005810,"Franklin, OH (CT)",0,1500,1500,0,2548,2548
39049005820,"Franklin, OH (CT)",0,1190,1190,0,2230,2230
39049005900,"Franklin, OH (CT)",0,1229,1229,0,2546,2546
39049006000,"Franklin, OH (CT)",0,1021,1021,0,2345,2345
39049006100,"Franklin, OH (CT)",0,1323,1323,0,2398,2398
39049006220,"Franklin, OH (CT)",0,3361,3361,0,6527,6527
39049006230,"Franklin, OH (CT)",70,6156,6226,162,12965,13127
39049006236,"Franklin, OH (CT)",0,2011,2011,0,5979,5979
39049006310,"Franklin, OH (CT)",0,1808,1808,0,4439,4439
39049006321,"Franklin, OH (CT)",0,1725,1725,0,4086,4086
39049006323,"Franklin, OH (CT)",0,1581,1581,0,3318,3318
39049006330,"Franklin, OH (CT)",0,2141,2141,0,4716,4716
39049006340,"Franklin, OH (CT)",0,1331,1331,0,3105,3105
39049006351,"Franklin, OH (CT)",0,1933,1933,0,3789,3789
39049006352,"Franklin, OH (CT)",0,1847,1847,0,2985,2985
39049006353,"Franklin, OH (CT)",0,2548,2548,0,4462,4462
39049006371,"Franklin, OH (CT)",0,2851,2851,0,6472,6472
39049006372,"Franklin, OH (CT)",0,2598,2598,0,5738,5738
39049006383,"Franklin, OH (CT)",0,3791,3791,0,8813,8813
39049006384,"Franklin, OH (CT)",0,2717,2717,0,6194,6194
39049006386,"Franklin, OH (CT)",0,1702,1702,0,3702,3702
39049006387,"Franklin, OH (CT)",0,2738,2738,0,5527,5527
39049006391,"Franklin, OH (CT)",0,1798,1798,0,4770,4770
39049006392,"Franklin, OH (CT)",0,1704,1704,0,4386,4386
39049006393,"Franklin, OH (CT)",0,2009,2009,0,5239,5239
39049006394,"Franklin, OH (CT)",0,1046,1046,0,2750,2750
39049006395,"Franklin, OH (CT)",0,2059,2059,0,3673,3673
39049006396,"Franklin, OH (CT)",0,2249,2249,0,4289,4289
39049006410,"Franklin, OH (CT)",0,1299,1299,0,2666,2666
39049006430,"Franklin, OH (CT)",0,1967,1967,0,4459,4459
39049006500,"Franklin, OH (CT)",0,1414,1414,0,3646,3646
39049006600,"Franklin, OH (CT)",0,1658,1658,0,3903,3903
39049006710,"Franklin, OH (CT)",0,1296,1296,0,2666,2666
39049006721,"Franklin, OH (CT)",0,1377,1377,0,3390,3390
39049006722,"Franklin, OH (CT)",0,1200,1200,0,2828,2828
39049006810,"Franklin, OH (CT)",0,982,982,0,2140,2140
39049006821,"Franklin, OH (CT)",0,2174,2174,0,3327,3327
39049006822,"Franklin, OH (CT)",0,976,976,0,1876,1876
39049006910,"Franklin, OH (CT)",0,651,651,0,1530,1530
39049006921,"Franklin, OH (CT)",0,1852,1852,0,3431,3431
39049006923,"Franklin, OH (CT)",0,1468,1468,0,3281,3281
39049006924,"Franklin, OH (CT)",0,1869,1869,0,3677,3677
39049006931,"Franklin, OH (CT)",0,2629,2629,0,6249,6249
39049006932,"Franklin, OH (CT)",0,2379,2379,0,5996,5996
39049006933,"Franklin, OH (CT)",0,2578,2578,0,5257,5257
39049006942,"Franklin, OH (CT)",0,562,562,0,1167,1167
39049006943,"Franklin, OH (CT)",0,1844,1844,0,4489,4489
39049006944,"Franklin, OH (CT)",0,1867,1867,0,4112,4112
39049006945,"Franklin, OH (CT)",0,2758,2758,0,5353,5353
39049006950,"Franklin, OH (CT)",0,1338,1338,0,2744,2744
39049006990,"Franklin, OH (CT)",0,2864,2864,0,6376,6376
39049007010,"Franklin, OH (CT)",0,1114,1114,0,3802,3802
39049007020,"Franklin, OH (CT)",0,2668,2668,0,6372,6372
39049007041,"Franklin, OH (CT)",0,1006,1006,0,2062,2062
39049007043,"Franklin, OH (CT)",0,2061,2061,0,4047,4047
39049007044,"Franklin, OH (CT)",0,2684,2684,0,5614,5614
39049007047,"Franklin, OH (CT)",0,1672,1672,0,3727,3727
39049007048,"Franklin, OH (CT)",0,2435,2435,0,5672,5672
39049007112,"Franklin, OH (CT)",0,2102,2102,0,5431,5431
39049007113,"Franklin, OH (CT)",0,1873,1873,0,4918,4918
39049007114,"Franklin, OH (CT)",0,2409,2409,0,4823,4823
39049007115,"Franklin, OH (CT)",0,2592,2592,0,5380,5380
39049007120,"Franklin, OH (CT)",0,1940,1940,0,5117,5117
39049007132,"Franklin, OH (CT)",0,3652,3652,0,7422,7422
39049007193,"Franklin, OH (CT)",0,2500,2500,0,6316,6316
39049007194,"Franklin, OH (CT)",0,2664,2664,0,6417,6417
39049007198,"Franklin, OH (CT)",0,1205,1205,0,2812,2812
39049007199,"Franklin, OH (CT)",0,2371,2371,0,5271,5271
39049007201,"Franklin, OH (CT)",210,36,246,536,77,613
39049007202,"Franklin, OH (CT)",0,1527,1527,0,2915,2915
39049007203,"Franklin, OH (CT)",288,887,1175,731,2502,3233
39049007205,"Franklin, OH (CT)",0,2352,2352,0,3710,3710
39049007207,"Franklin, OH (CT)",0,2228,2228,0,4173,4173
39049007209,"Franklin, OH (CT)",0,2778,2778,0,5706,5706
39049007210,"Franklin, OH (CT)",149,2859,3008,357,7843,8200
39049007393,"Franklin, OH (CT)",0,3630,3630,0,8742,8742
39049007394,"Franklin, OH (CT)",145,899,1044,351,2455,2806
39049007395,"Franklin, OH (CT)",0,5316,5316,0,11281,11281
39049007396,"Franklin, OH (CT)",188,3604,3792,511,9328,9839
39049007424,"Franklin, OH (CT)",0,2315,2315,0,5470,5470
39049007425,"Franklin, OH (CT)",0,1161,1161,0,2867,2867
39049007426,"Franklin, OH (CT)",0,1310,1310,0,2823,2823
39049007427,"Franklin, OH (CT)",0,2329,2329,0,6030,6030
39049007492,"Franklin, OH (CT)",0,2381,2381,0,5738,5738
39049007494,"Franklin, OH (CT)",0,1577,1577,0,4341,4341
39049007511,"Franklin, OH (CT)",0,772,772,0,1851,1851
39049007512,"Franklin, OH (CT)",0,1751,1751,0,4053,4053
39049007520,"Franklin, OH (CT)",0,1290,1290,0,3321,3321
39049007531,"Franklin, OH (CT)",0,1190,1190,0,2496,2496
39049007532,"Franklin, OH (CT)",0,945,945,0,2080,2080
39049007533,"Franklin, OH (CT)",0,732,732,0,1569,1569
39049007534,"Franklin, OH (CT)",0,1377,1377,0,3671,3671
39049007550,"Franklin, OH (CT)",0,1017,1017,0,2871,2871
39049007551,"Franklin, OH (CT)",0,3535,3535,0,8138,8138
39049007710,"Franklin, OH (CT)",0,1932,1932,0,4236,4236
39049007721,"Franklin, OH (CT)",0,2697,2697,0,5155,5155
39049007722,"Franklin, OH (CT)",0,1743,1743,0,3210,3210
39049007730,"Franklin, OH (CT)",0,1324,1324,0,2925,2925
39049007740,"Franklin, OH (CT)",0,945,945,0,1653,1653
39049007811,"Franklin, OH (CT)",0,1850,1850,0,3461,3461
39049007812,"Franklin, OH (CT)",0,2143,2143,0,4094,4094
39049007820,"Franklin, OH (CT)",0,2212,2212,0,4095,4095
39049007830,"Franklin, OH (CT)",0,1889,1889,0,2719,2719
39049007921,"Franklin, OH (CT)",76,2638,2714,194,7525,7719
39049007922,"Franklin, OH (CT)",0,1652,1652,0,4101,4101
39049007931,"Franklin, OH (CT)",0,1635,1635,0,4175,4175
39049007933,"Franklin, OH (CT)",0,2874,2874,0,7626,7626
39049007941,"Franklin, OH (CT)",0,1263,1263,0,2588,2588
39049007951,"Franklin, OH (CT)",0,3599,3599,0,8386,8386
39049007952,"Franklin, OH (CT)",0,3388,3388,0,7428,7428
39049007953,"Franklin, OH (CT)",0,2780,2780,0,6569,6569
39049007954,"Franklin, OH (CT)",0,3339,3339,0,7659,7659
39049008000,"Franklin, OH (CT)",656,1160,1816,1872,3538,5410
39049008110,"Franklin, OH (CT)",0,2040,2040,0,3973,3973
39049008120,"Franklin, OH (CT)",0,1623,1623,0,3789,3789
39049008132,"Franklin, OH (CT)",0,2779,2779,0,6619,6619
39049008141,"Franklin, OH (CT)",18,2950,2968,46,7529,7575
39049008142,"Franklin, OH (CT)",0,3231,3231,0,6806,6806
39049008161,"Franklin, OH (CT)",223,2794,3017,605,6561,7166
39049008162,"Franklin, OH (CT)",493,3193,3686,1226,7899,9125
39049008163,"Franklin, OH (CT)",0,1569,1569,0,3518,3518
39049008164,"Franklin, OH (CT)",0,1675,1675,0,4008,4008
39049008210,"Franklin, OH (CT)",0,1080,1080,0,2210,2210
39049008230,"Franklin, OH (CT)",0,1090,1090,0,1745,1745
39049008241,"Franklin, OH (CT)",0,1227,1227,0,2772,2772
39049008242,"Franklin, OH (CT)",0,2795,2795,0,6425,6425
39049008311,"Franklin, OH (CT)",0,2065,2065,0,4857,4857
39049008312,"Franklin, OH (CT)",0,2028,2028,0,4805,4805
39049008321,"Franklin, OH (CT)",0,1068,1068,0,2299,2299
39049008322,"Franklin, OH (CT)",0,2217,2217,0,4536,4536
39049008330,"Franklin, OH (CT)",0,786,786,0,1744,1744
39049008340,"Franklin, OH (CT)",0,2180,2180,0,5988,5988
39049008350,"Franklin, OH (CT)",0,2717,2717,0,6684,6684
39049008360,"Franklin, OH (CT)",0,2183,2183,0,6366,6366
39049008370,"Franklin, OH (CT)",0,2973,2973,0,7384,7384
39049008380,"Franklin, OH (CT)",0,1580,1580,0,5417,5417
39049008400,"Franklin, OH (CT)",0,1455,1455,0,2962,2962
39049008500,"Franklin, OH (CT)",0,2054,2054,0,4280,4280
39049008710,"Franklin, OH (CT)",0,1209,1209,0,2691,2691
39049008720,"Franklin, OH (CT)",0,1695,1695,0,3459,3459
39049008730,"Franklin, OH (CT)",0,1130,1130,0,1761,1761
39049008811,"Franklin, OH (CT)",0,795,795,0,1873,1873
39049008812,"Franklin, OH (CT)",0,1365,1365,0,3034,3034
39049008813,"Franklin, OH (CT)",0,990,990,0,2326,2326
39049008821,"Franklin, OH (CT)",0,1206,1206,0,2695,2695
39049008822,"Franklin, OH (CT)",0,1818,1818,0,4016,4016
39049008825,"Franklin, OH (CT)",0,2370,2370,0,6296,6296
39049008900,"Franklin, OH (CT)",0,1793,1793,0,5063,5063
39049009000,"Franklin, OH (CT)",0,1391,1391,0,3257,3257
39049009100,"Franklin, OH (CT)",0,1857,1857,0,4737,4737
39049009210,"Franklin, OH (CT)",0,3010,3010,0,4713,4713
39049009220,"Franklin, OH (CT)",0,1096,1096,0,2372,2372
39049009230,"Franklin, OH (CT)",0,2104,2104,0,4429,4429
39049009240,"Franklin, OH (CT)",0,835,835,0,1919,1919
39049009250,"Franklin, OH (CT)",0,808,808,0,1889,1889
39049009311,"Franklin, OH (CT)",0,1324,1324,0,2879,2879
39049009312,"Franklin, OH (CT)",0,1532,1532,0,2996,2996
39049009321,"Franklin, OH (CT)",0,951,951,0,2164,2164
39049009322,"Franklin, OH (CT)",0,1446,1446,0,3205,3205
39049009323,"Franklin, OH (CT)",0,1472,1472,0,3232,3232
39049009325,"Franklin, OH (CT)",0,2381,2381,0,4598,4598
39049009326,"Franklin, OH (CT)",0,999,999,0,1747,1747
39049009331,"Franklin, OH (CT)",0,689,689,0,803,803
39049009332,"Franklin, OH (CT)",0,1510,1510,0,3100,3100
39049009333,"Franklin, OH (CT)",0,998,998,0,2059,2059
39049009334,"Franklin, OH (CT)",0,1259,1259,0,2810,2810
39049009336,"Franklin, OH (CT)",0,1544,1544,0,2738,2738
39049009337,"Franklin, OH (CT)",0,1674,1674,0,3857,3857
39049009340,"Franklin, OH (CT)",0,1333,1333,0,2816,2816
39049009350,"Franklin, OH (CT)",0,1323,1323,0,2700,2700
39049009361,"Franklin, OH (CT)",0,2674,2674,0,4770,4770
39049009362,"Franklin, OH (CT)",0,2938,2938,0,6436,6436
39049009371,"Franklin, OH (CT)",0,2977,2977,0,5528,5528
39049009372,"Franklin, OH (CT)",0,1699,1699,0,4306,4306
39049009373,"Franklin, OH (CT)",0,2165,2165,0,5773,5773
39049009374,"Franklin, OH (CT)",0,3615,3615,0,8056,8056
39049009381,"Franklin, OH (CT)",0,2556,2556,0,5439,5439
39049009382,"Franklin, OH (CT)",0,1359,1359,0,2803,2803
39049009383,"Franklin, OH (CT)",0,1114,1114,0,2273,2273
39049009384,"Franklin, OH (CT)",0,1247,1247,0,2595,2595
39049009385,"Franklin, OH (CT)",0,1689,1689,0,3441,3441
39049009386,"Franklin, OH (CT)",0,1287,1287,0,2764,2764
39049009390,"Franklin, OH (CT)",0,2187,2187,0,5409,5409
39049009410,"Franklin, OH (CT)",0,1080,1080,0,2874,2874
39049009420,"Franklin, OH (CT)",0,2436,2436,0,5793,5793
39049009430,"Franklin, OH (CT)",0,3011,3011,0,7328,7328
39049009440,"Franklin, OH (CT)",22,1858,1880,46,4339,4385
39049009450,"Franklin, OH (CT)",11,3434,3445,24,8840,8864
39049009495,"Franklin, OH (CT)",0,1987,1987,0,4843,4843
39049009497,"Franklin, OH (CT)",626,66,692,1471,154,1625
39049009520,"Franklin, OH (CT)",0,1673,1673,0,4308,4308
39049009590,"Franklin, OH (CT)",174,1859,2033,405,4327,4732
39049009600,"Franklin, OH (CT)",0,1862,1862,0,4169,4169
39049009711,"Franklin, OH (CT)",0,1827,1827,0,4352,4352
39049009712,"Franklin, OH (CT)",0,1145,1145,0,2523,2523
39049009720,"Franklin, OH (CT)",0,3175,3175,0,6810,6810
39049009740,"Franklin, OH (CT)",467,4899,5366,1183,12400,13583
39049009751,"Franklin, OH (CT)",190,1641,1831,510,4522,5032
39049009752,"Franklin, OH (CT)",47,2149,2196,121,6003,6124
39049009800,"Franklin, OH (CT)",1746,957,2703,4509,2236,6745
39049009900,"Franklin, OH (CT)",0,1016,1016,0,1499,1499
39049010000,"Franklin, OH (CT)",237,2572,2809,546,4842,5388
39049010100,"Franklin, OH (CT)",0,738,738,0,1020,1020
39049010200,"Franklin, OH (CT)",88,7724,7812,205,15715,15920
39049010300,"Franklin, OH (CT)",67,947,1014,142,2659,2801
39049010400,"Franklin, OH (CT)",0,2524,2524,0,7499,7499
39049010500,"Franklin, OH (CT)",0,3132,3132,0,7953,7953
39049010601,"Franklin, OH (CT)",0,1457,1457,0,4644,4644
39049010602,"Franklin, OH (CT)",0,2463,2463,0,6239,6239
39049010700,"Franklin, OH (CT)",0,912,912,0,1299,1299
39049980000,"Franklin, OH (CT)",0,1,1,0,2,2
39051040100,"Fulton, OH (CT)",1316,0,1316,3286,0,3286
39051040200,"Fulton, OH (CT)",358,1469,1827,1002,3608,4610
39051040300,"Fulton, OH (CT)",1938,0,1938,4819,0,4819
39051040400,"Fulton, OH (CT)",148,1310,1458,336,3158,3494
39051040500,"Fulton, OH (CT)",1931,0,1931,4899,0,4899
39051040600,"Fulton, OH (CT)",1663,128,1791,4121,309,4430
39051040700,"Fulton, OH (CT)",190,3008,3198,524,7190,7714
39051040800,"Fulton, OH (CT)",1962,47,2009,4820,120,4940
39051040900,"Fulton, OH (CT)",68,1871,1939,172,4334,4506
39053953500,"Gallia, OH (CT)",2118,0,2118,4827,0,4827
39053953600,"Gallia, OH (CT)",1842,0,1842,4068,0,4068
39053953700,"Gallia, OH (CT)",1769,0,1769,4344,0,4344
39053953800,"Gallia, OH (CT)",2004,0,2004,4303,0,4303
39053953900,"Gallia, OH (CT)",2381,626,3007,5472,1540,7012
39053954000,"Gallia, OH (CT)",446,1563,2009,978,2774,3752
39053954100,"Gallia, OH (CT)",554,622,1176,1173,1455,2628
39055310100,"Geauga, OH (CT)",948,0,948,2269,0,2269
39055310200,"Geauga, OH (CT)",798,0,798,1991,0,1991
39055310600,"Geauga, OH (CT)",614,1870,2484,1506,4642,6148
39055310700,"Geauga, OH (CT)",988,663,1651,2578,1529,4107
39055310800,"Geauga, OH (CT)",2179,324,2503,5761,860,6621
39055310900,"Geauga, OH (CT)",1175,156,1331,2874,326,3200
39055311000,"Geauga, OH (CT)",1069,0,1069,3637,0,3637
39055311300,"Geauga, OH (CT)",1024,708,1732,2774,1638,4412
39055311400,"Geauga, OH (CT)",2310,0,2310,5537,0,5537
39055311500,"Geauga, OH (CT)",1513,733,2246,3502,1804,5306
39055311600,"Geauga, OH (CT)",80,1356,1436,240,3570,3810
39055311700,"Geauga, OH (CT)",54,1768,1822,135,3954,4089
39055311800,"Geauga, OH (CT)",1299,1599,2898,3322,3984,7306
39055311900,"Geauga, OH (CT)",1862,564,2426,5194,1249,6443
39055312000,"Geauga, OH (CT)",1007,0,1007,2801,0,2801
39055312100,"Geauga, OH (CT)",1159,11,1170,4089,42,4131
39055312201,"Geauga, OH (CT)",54,2500,2554,85,5325,5410
39055312202,"Geauga, OH (CT)",1267,492,1759,3246,1077,4323
39055312203,"Geauga, OH (CT)",1544,261,1805,4135,526,4661
39055312300,"Geauga, OH (CT)",546,1331,1877,1818,2825,4643
39055312400,"Geauga, OH (CT)",630,118,748,2246,298,2544
39057200101,"Greene, OH (CT)",0,1243,1243,0,2481,2481
39057200103,"Greene, OH (CT)",0,1936,1936,0,3713,3713
39057200104,"Greene, OH (CT)",310,1858,2168,633,5982,6615
39057200300,"Greene, OH (CT)",0,1753,1753,0,3907,3907
39057200400,"Greene, OH (CT)",0,1232,1232,0,2064,2064
39057200500,"Greene, OH (CT)",0,2165,2165,0,5048,5048
39057200600,"Greene, OH (CT)",0,1613,1613,0,3557,3557
39057200700,"Greene, OH (CT)",0,2316,2316,0,4520,4520
39057200900,"Greene, OH (CT)",541,2209,2750,1319,4336,5655
39057210100,"Greene, OH (CT)",0,2844,2844,0,5501,5501
39057210200,"Greene, OH (CT)",0,3041,3041,0,7897,7897
39057210300,"Greene, OH (CT)",0,1440,1440,0,3585,3585
39057210401,"Greene, OH (CT)",0,2545,2545,0,4964,4964
39057210402,"Greene, OH (CT)",0,2173,2173,0,5133,5133
39057210500,"Greene, OH (CT)",264,1866,2130,655,4845,5500
39057210601,"Greene, OH (CT)",8,3845,3853,16,8415,8431
39057210602,"Greene, OH (CT)",0,2180,2180,0,5400,5400
39057210603,"Greene, OH (CT)",541,1548,2089,1276,4628,5904
39057220100,"Greene, OH (CT)",1250,1561,2811,3281,4417,7698
39057220200,"Greene, OH (CT)",142,3023,3165,339,7214,7553
39057230100,"Greene, OH (CT)",1159,0,1159,2577,0,2577
39057240100,"Greene, OH (CT)",51,1382,1433,97,2690,2787
39057240200,"Greene, OH (CT)",0,2083,2083,0,4699,4699
39057240301,"Greene, OH (CT)",64,3183,3247,139,8108,8247
39057240302,"Greene, OH (CT)",334,1583,1917,643,3180,3823
39057240500,"Greene, OH (CT)",114,1890,2004,275,4190,4465
39057240600,"Greene, OH (CT)",739,1005,1744,3265,2263,5528
39057240700,"Greene, OH (CT)",499,700,1199,1198,1554,2752
39057255000,"Greene, OH (CT)",0,1756,1756,0,3364,3364
39057260100,"Greene, OH (CT)",826,769,1595,2209,4041,6250
39057270100,"Greene, OH (CT)",465,1095,1560,1160,2578,3738
39057280101,"Greene, OH (CT)",540,498,1038,1377,1191,2568
39057280102,"Greene, OH (CT)",976,0,976,2391,0,2391
39057280200,"Greene, OH (CT)",511,95,606,1201,225,1426
39057280300,"Greene, OH (CT)",15,462,477,39,1793,1832
39059977100,"Guernsey, OH (CT)",2287,0,2287,4607,0,4607
39059977200,"Guernsey, OH (CT)",2121,107,2228,4550,271,4821
39059977300,"Guernsey, OH (CT)",301,1448,1749,693,2936,3629
39059977400,"Guernsey, OH (CT)",455,1276,1731,1194,2477,3671
39059977500,"Guernsey, OH (CT)",0,1562,1562,0,3442,3442
39059977600,"Guernsey, OH (CT)",0,1702,1702,0,3124,3124
39059977700,"Guernsey, OH (CT)",1580,187,1767,3441,372,3813
39059977800,"Guernsey, OH (CT)",2122,0,2122,4008,0,4008
39059977900,"Guernsey, OH (CT)",785,1292,2077,1671,2844,4515
39059978000,"Guernsey, OH (CT)",1968,0,1968,4457,0,4457
39061000200,"Hamilton, OH (CT)",0,576,576,0,1068,1068
39061000700,"Hamilton, OH (CT)",0,1931,1931,0,3498,3498
39061000900,"Hamilton, OH (CT)",0,1163,1163,0,1652,1652
39061001000,"Hamilton, OH (CT)",0,1113,1113,0,1437,1437
39061001100,"Hamilton, OH (CT)",0,653,653,0,900,900
39061001600,"Hamilton, OH (CT)",0,1059,1059,0,1487,1487
39061001700,"Hamilton, OH (CT)",0,963,963,0,1488,1488
39061001800,"Hamilton, OH (CT)",0,924,924,0,1473,1473
39061001900,"Hamilton, OH (CT)",0,1053,1053,0,1445,1445
39061002000,"Hamilton, OH (CT)",0,1125,1125,0,1352,1352
39061002200,"Hamilton, OH (CT)",0,1299,1299,0,2288,2288
39061002300,"Hamilton, OH (CT)",0,810,810,0,1143,1143
39061002500,"Hamilton, OH (CT)",0,1291,1291,0,2433,2433
39061002600,"Hamilton, OH (CT)",0,1713,1713,0,3453,3453
39061002700,"Hamilton, OH (CT)",0,911,911,0,1513,1513
39061002800,"Hamilton, OH (CT)",0,704,704,0,1343,1343
39061002900,"Hamilton, OH (CT)",0,2467,2467,0,6025,6025
39061003000,"Hamilton, OH (CT)",0,619,619,0,3565,3565
39061003200,"Hamilton, OH (CT)",0,947,947,0,1622,1622
39061003300,"Hamilton, OH (CT)",0,1190,1190,0,1705,1705
39061003600,"Hamilton, OH (CT)",0,921,921,0,1451,1451
39061003700,"Hamilton, OH (CT)",0,1347,1347,0,1923,1923
39061003800,"Hamilton, OH (CT)",0,1344,1344,0,2434,2434
39061003900,"Hamilton, OH (CT)",0,1032,1032,0,1942,1942
39061004000,"Hamilton, OH (CT)",0,1087,1087,0,2118,2118
39061004100,"Hamilton, OH (CT)",0,901,901,0,1552,1552
39061004200,"Hamilton, OH (CT)",0,1285,1285,0,1821,1821
39061004500,"Hamilton, OH (CT)",0,421,421,0,1064,1064
39061004602,"Hamilton, OH (CT)",0,2524,2524,0,4945,4945
39061004603,"Hamilton, OH (CT)",0,1446,1446,0,2982,2982
39061004604,"Hamilton, OH (CT)",0,1935,1935,0,3513,3513
39061004605,"Hamilton, OH (CT)",0,1443,1443,0,2458,2458
39061004701,"Hamilton, OH (CT)",0,1583,1583,0,2893,2893
39061004702,"Hamilton, OH (CT)",0,402,402,0,875,875
39061004800,"Hamilton, OH (CT)",0,1436,1436,0,3225,3225
39061004900,"Hamilton, OH (CT)",0,3323,3323,0,6278,6278
39061005000,"Hamilton, OH (CT)",0,2985,2985,0,4756,4756
39061005100,"Hamilton, OH (CT)",0,1190,1190,0,2322,2322
39061005200,"Hamilton, OH (CT)",0,2034,2034,0,3371,3371
39061005301,"Hamilton, OH (CT)",0,1961,1961,0,2889,2889
39061005302,"Hamilton, OH (CT)",0,2055,2055,0,3200,3200
39061005400,"Hamilton, OH (CT)",0,714,714,0,969,969
39061005500,"Hamilton, OH (CT)",0,2501,2501,0,3851,3851
39061005600,"Hamilton, OH (CT)",0,2829,2829,0,5470,5470
39061005701,"Hamilton, OH (CT)",0,1597,1597,0,2946,2946
39061005702,"Hamilton, OH (CT)",0,2370,2370,0,4664,4664
39061005800,"Hamilton, OH (CT)",0,2711,2711,0,5137,5137
39061005900,"Hamilton, OH (CT)",0,628,628,0,1142,1142
39061006000,"Hamilton, OH (CT)",0,3097,3097,0,5228,5228
39061006100,"Hamilton, OH (CT)",0,1298,1298,0,2733,2733
39061006300,"Hamilton, OH (CT)",0,1864,1864,0,3723,3723
39061006400,"Hamilton, OH (CT)",0,1682,1682,0,3249,3249
39061006500,"Hamilton, OH (CT)",0,2340,2340,0,5921,5921
39061006600,"Hamilton, OH (CT)",0,1272,1272,0,2255,2255
39061006800,"Hamilton, OH (CT)",0,2377,2377,0,3871,3871
39061006900,"Hamilton, OH (CT)",0,1759,1759,0,2822,2822
39061007000,"Hamilton, OH (CT)",0,1318,1318,0,2471,2471
39061007100,"Hamilton, OH (CT)",0,2025,2025,0,3569,3569
39061007200,"Hamilton, OH (CT)",0,1488,1488,0,2264,2264
39061007300,"Hamilton, OH (CT)",0,924,924,0,1964,1964
39061007400,"Hamilton, OH (CT)",0,930,930,0,1598,1598
39061007500,"Hamilton, OH (CT)",0,1173,1173,0,1882,1882
39061007700,"Hamilton, OH (CT)",0,1496,1496,0,3200,3200
39061007800,"Hamilton, OH (CT)",0,1553,1553,0,2615,2615
39061007900,"Hamilton, OH (CT)",0,828,828,0,1372,1372
39061008000,"Hamilton, OH (CT)",0,2100,2100,0,4788,4788
39061008100,"Hamilton, OH (CT)",0,1265,1265,0,2558,2558
39061008201,"Hamilton, OH (CT)",0,1893,1893,0,4018,4018
39061008202,"Hamilton, OH (CT)",0,1848,1848,0,3187,3187
39061008300,"Hamilton, OH (CT)",0,2337,2337,0,4718,4718
39061008400,"Hamilton, OH (CT)",0,1047,1047,0,1998,1998
39061008501,"Hamilton, OH (CT)",0,1850,1850,0,3579,3579
39061008502,"Hamilton, OH (CT)",0,973,973,0,1916,1916
39061008601,"Hamilton, OH (CT)",0,1157,1157,0,2217,2217
39061008800,"Hamilton, OH (CT)",0,1684,1684,0,3161,3161
39061009200,"Hamilton, OH (CT)",0,2061,2061,0,4003,4003
39061009300,"Hamilton, OH (CT)",0,1430,1430,0,2848,2848
39061009400,"Hamilton, OH (CT)",0,723,723,0,1634,1634
39061009500,"Hamilton, OH (CT)",0,1141,1141,0,2399,2399
39061009600,"Hamilton, OH (CT)",0,2335,2335,0,4456,4456
39061009700,"Hamilton, OH (CT)",0,2521,2521,0,5207,5207
39061009800,"Hamilton, OH (CT)",0,1033,1033,0,2013,2013
39061009901,"Hamilton, OH (CT)",0,1978,1978,0,4461,4461
39061009902,"Hamilton, OH (CT)",0,1779,1779,0,3639,3639
39061010002,"Hamilton, OH (CT)",0,3210,3210,0,5585,5585
39061010003,"Hamilton, OH (CT)",0,2040,2040,0,4473,4473
39061010004,"Hamilton, OH (CT)",0,2612,2612,0,4356,4356
39061010005,"Hamilton, OH (CT)",0,640,640,0,1497,1497
39061010100,"Hamilton, OH (CT)",0,2472,2472,0,4598,4598
39061010201,"Hamilton, OH (CT)",0,2942,2942,0,5655,5655
39061010202,"Hamilton, OH (CT)",0,1283,1283,0,2518,2518
39061010300,"Hamilton, OH (CT)",0,800,800,0,1713,1713
39061010400,"Hamilton, OH (CT)",0,711,711,0,1307,1307
39061010500,"Hamilton, OH (CT)",0,689,689,0,1448,1448
39061010600,"Hamilton, OH (CT)",0,598,598,0,1317,1317
39061010700,"Hamilton, OH (CT)",0,769,769,0,1573,1573
39061010800,"Hamilton, OH (CT)",0,460,460,0,812,812
39061010900,"Hamilton, OH (CT)",0,1285,1285,0,2432,2432
39061011000,"Hamilton, OH (CT)",0,1379,1379,0,2607,2607
39061011100,"Hamilton, OH (CT)",0,1475,1475,0,3452,3452
39061020401,"Hamilton, OH (CT)",40,2008,2048,86,4938,5024
39061020403,"Hamilton, OH (CT)",981,1146,2127,2476,3380,5856
39061020404,"Hamilton, OH (CT)",2,1814,1816,4,4876,4880
39061020501,"Hamilton, OH (CT)",513,510,1023,1192,954,2146
39061020502,"Hamilton, OH (CT)",961,1116,2077,2368,2395,4763
39061020504,"Hamilton, OH (CT)",50,1255,1305,146,3597,3743
39061020505,"Hamilton, OH (CT)",0,1723,1723,0,4725,4725
39061020601,"Hamilton, OH (CT)",0,2511,2511,0,6141,6141
39061020602,"Hamilton, OH (CT)",0,3406,3406,0,7121,7121
39061020701,"Hamilton, OH (CT)",0,3039,3039,0,6881,6881
39061020705,"Hamilton, OH (CT)",0,1312,1312,0,3203,3203
39061020707,"Hamilton, OH (CT)",0,2071,2071,0,5197,5197
39061020741,"Hamilton, OH (CT)",0,1476,1476,0,3245,3245
39061020742,"Hamilton, OH (CT)",0,1658,1658,0,4259,4259
39061020761,"Hamilton, OH (CT)",0,3065,3065,0,6714,6714
39061020762,"Hamilton, OH (CT)",0,1397,1397,0,3240,3240
39061020802,"Hamilton, OH (CT)",0,2102,2102,0,5017,5017
39061020811,"Hamilton, OH (CT)",0,2841,2841,0,6219,6219
39061020812,"Hamilton, OH (CT)",0,1939,1939,0,4264,4264
39061020901,"Hamilton, OH (CT)",0,1693,1693,0,3423,3423
39061020902,"Hamilton, OH (CT)",0,2850,2850,0,5493,5493
39061021001,"Hamilton, OH (CT)",0,1441,1441,0,3057,3057
39061021002,"Hamilton, OH (CT)",0,1486,1486,0,3638,3638
39061021003,"Hamilton, OH (CT)",0,1198,1198,0,3028,3028
39061021101,"Hamilton, OH (CT)",0,1849,1849,0,5128,5128
39061021102,"Hamilton, OH (CT)",0,2332,2332,0,6344,6344
39061021201,"Hamilton, OH (CT)",0,823,823,0,2099,2099
39061021202,"Hamilton, OH (CT)",0,2237,2237,0,5353,5353
39061021302,"Hamilton, OH (CT)",0,2186,2186,0,5838,5838
39061021303,"Hamilton, OH (CT)",0,1739,1739,0,4821,4821
39061021304,"Hamilton, OH (CT)",0,1760,1760,0,5171,5171
39061021401,"Hamilton, OH (CT)",0,2344,2344,0,5412,5412
39061021421,"Hamilton, OH (CT)",0,1515,1515,0,4342,4342
39061021422,"Hamilton, OH (CT)",0,1104,1104,0,3008,3008
39061021501,"Hamilton, OH (CT)",0,2134,2134,0,4834,4834
39061021504,"Hamilton, OH (CT)",0,2408,2408,0,5935,5935
39061021505,"Hamilton, OH (CT)",0,1243,1243,0,3050,3050
39061021506,"Hamilton, OH (CT)",0,1203,1203,0,3193,3193
39061021508,"Hamilton, OH (CT)",0,2266,2266,0,5941,5941
39061021509,"Hamilton, OH (CT)",0,2674,2674,0,6625,6625
39061021571,"Hamilton, OH (CT)",0,1394,1394,0,3402,3402
39061021572,"Hamilton, OH (CT)",0,2678,2678,0,5845,5845
39061021602,"Hamilton, OH (CT)",0,1245,1245,0,3131,3131
39061021603,"Hamilton, OH (CT)",0,1486,1486,0,3924,3924
39061021604,"Hamilton, OH (CT)",0,1425,1425,0,3638,3638
39061021701,"Hamilton, OH (CT)",0,1507,1507,0,2922,2922
39061021702,"Hamilton, OH (CT)",0,2028,2028,0,4231,4231
39061021801,"Hamilton, OH (CT)",0,2803,2803,0,6117,6117
39061021802,"Hamilton, OH (CT)",0,1469,1469,0,3298,3298
39061021900,"Hamilton, OH (CT)",0,594,594,0,1426,1426
39061022000,"Hamilton, OH (CT)",0,1734,1734,0,3846,3846
39061022101,"Hamilton, OH (CT)",0,1799,1799,0,4209,4209
39061022102,"Hamilton, OH (CT)",0,2746,2746,0,6833,6833
39061022200,"Hamilton, OH (CT)",0,2123,2123,0,4436,4436
39061022301,"Hamilton, OH (CT)",0,2679,2679,0,6101,6101
39061022302,"Hamilton, OH (CT)",0,2628,2628,0,5493,5493
39061022400,"Hamilton, OH (CT)",0,1057,1057,0,2155,2155
39061022500,"Hamilton, OH (CT)",0,1970,1970,0,3986,3986
39061022601,"Hamilton, OH (CT)",0,2257,2257,0,5948,5948
39061022602,"Hamilton, OH (CT)",0,1091,1091,0,2711,2711
39061022700,"Hamilton, OH (CT)",0,1564,1564,0,3286,3286
39061023001,"Hamilton, OH (CT)",0,2342,2342,0,4372,4372
39061023002,"Hamilton, OH (CT)",0,2244,2244,0,5130,5130
39061023100,"Hamilton, OH (CT)",0,1098,1098,0,2767,2767
39061023201,"Hamilton, OH (CT)",0,1452,1452,0,2945,2945
39061023210,"Hamilton, OH (CT)",0,2458,2458,0,5352,5352
39061023222,"Hamilton, OH (CT)",0,1442,1442,0,2940,2940
39061023300,"Hamilton, OH (CT)",0,1593,1593,0,3925,3925
39061023400,"Hamilton, OH (CT)",0,1837,1837,0,3611,3611
39061023501,"Hamilton, OH (CT)",0,1804,1804,0,4102,4102
39061023521,"Hamilton, OH (CT)",0,1115,1115,0,2503,2503
39061023522,"Hamilton, OH (CT)",0,2713,2713,0,5997,5997
39061023600,"Hamilton, OH (CT)",0,1983,1983,0,4187,4187
39061023701,"Hamilton, OH (CT)",0,1459,1459,0,2991,2991
39061023702,"Hamilton, OH (CT)",0,1278,1278,0,2636,2636
39061023800,"Hamilton, OH (CT)",0,2775,2775,0,5138,5138
39061023901,"Hamilton, OH (CT)",0,1990,1990,0,4568,4568
39061023902,"Hamilton, OH (CT)",0,1909,1909,0,4753,4753
39061024001,"Hamilton, OH (CT)",0,2739,2739,0,5363,5363
39061024002,"Hamilton, OH (CT)",0,1319,1319,0,2895,2895
39061024100,"Hamilton, OH (CT)",0,2768,2768,0,6747,6747
39061024200,"Hamilton, OH (CT)",0,976,976,0,2353,2353
39061024301,"Hamilton, OH (CT)",0,1537,1537,0,3851,3851
39061024303,"Hamilton, OH (CT)",0,2651,2651,0,7024,7024
39061024321,"Hamilton, OH (CT)",0,3276,3276,0,7510,7510
39061024322,"Hamilton, OH (CT)",78,2859,2937,222,7457,7679
39061024400,"Hamilton, OH (CT)",1189,1885,3074,2968,4556,7524
39061024700,"Hamilton, OH (CT)",0,778,778,0,1699,1699
39061024800,"Hamilton, OH (CT)",0,1620,1620,0,3453,3453
39061024901,"Hamilton, OH (CT)",0,563,563,0,1116,1116
39061024902,"Hamilton, OH (CT)",0,2946,2946,0,7858,7858
39061025001,"Hamilton, OH (CT)",0,2535,2535,0,6338,6338
39061025002,"Hamilton, OH (CT)",0,2789,2789,0,7333,7333
39061025101,"Hamilton, OH (CT)",0,1558,1558,0,4667,4667
39061025102,"Hamilton, OH (CT)",0,2820,2820,0,7469,7469
39061025103,"Hamilton, OH (CT)",0,2890,2890,0,6712,6712
39061025104,"Hamilton, OH (CT)",216,477,693,574,1269,1843
39061025200,"Hamilton, OH (CT)",0,2190,2190,0,4389,4389
39061025300,"Hamilton, OH (CT)",0,1389,1389,0,2685,2685
39061025401,"Hamilton, OH (CT)",0,876,876,0,1644,1644
39061025402,"Hamilton, OH (CT)",0,1609,1609,0,3012,3012
39061025500,"Hamilton, OH (CT)",0,1993,1993,0,4141,4141
39061025600,"Hamilton, OH (CT)",0,1457,1457,0,3334,3334
39061025700,"Hamilton, OH (CT)",0,1099,1099,0,2188,2188
39061025800,"Hamilton, OH (CT)",0,2128,2128,0,4368,4368
39061026001,"Hamilton, OH (CT)",726,1017,1743,1857,2951,4808
39061026002,"Hamilton, OH (CT)",1248,887,2135,3023,1717,4740
39061026101,"Hamilton, OH (CT)",0,3415,3415,0,7840,7840
39061026102,"Hamilton, OH (CT)",774,679,1453,1802,1344,3146
39061026200,"Hamilton, OH (CT)",485,198,683,1190,493,1683
39061026300,"Hamilton, OH (CT)",0,453,453,0,1217,1217
39061026400,"Hamilton, OH (CT)",0,1256,1256,0,2519,2519
39061026500,"Hamilton, OH (CT)",0,1693,1693,0,2159,2159
39061026600,"Hamilton, OH (CT)",0,866,866,0,1518,1518
39061026700,"Hamilton, OH (CT)",0,1124,1124,0,1676,1676
39061026800,"Hamilton, OH (CT)",0,1161,1161,0,1481,1481
39061026900,"Hamilton, OH (CT)",0,1688,1688,0,2233,2233
39061027000,"Hamilton, OH (CT)",0,2090,2090,0,3518,3518
39061027100,"Hamilton, OH (CT)",0,2270,2270,0,4216,4216
39061027200,"Hamilton, OH (CT)",0,1344,1344,0,2368,2368
39061027300,"Hamilton, OH (CT)",0,1010,1010,0,2676,2676
39061027400,"Hamilton, OH (CT)",0,2120,2120,0,4194,4194
39063000100,"Hancock, OH (CT)",528,1483,2011,1287,2921,4208
39063000200,"Hancock, OH (CT)",1367,1130,2497,3234,2741,5975
39063000300,"Hancock, OH (CT)",2829,306,3135,7258,767,8025
39063000400,"Hancock, OH (CT)",101,3154,3255,289,7049,7338
39063000500,"Hancock, OH (CT)",0,2584,2584,0,5106,5106
39063000600,"Hancock, OH (CT)",1,3548,3549,0,6875,6875
39063000700,"Hancock, OH (CT)",2,2690,2692,2,6142,6144
39063000800,"Hancock, OH (CT)",0,1818,1818,0,3763,3763
39063000900,"Hancock, OH (CT)",0,2520,2520,0,6305,6305
39063001000,"Hancock, OH (CT)",130,2769,2899,384,5891,6275
39063001100,"Hancock, OH (CT)",145,1676,1821,336,3627,3963
39063001200,"Hancock, OH (CT)",2309,0,2309,5723,0,5723
39063001300,"Hancock, OH (CT)",1924,160,2084,4752,330,5082
39065000100,"Hardin, OH (CT)",1432,0,1432,3288,0,3288
39065000200,"Hardin, OH (CT)",87,2133,2220,204,4546,4750
39065000300,"Hardin, OH (CT)",1578,0,1578,3750,0,3750
39065000400,"Hardin, OH (CT)",308,1906,2214,706,5945,6651
39065000500,"Hardin, OH (CT)",1921,0,1921,4370,0,4370
39065000600,"Hardin, OH (CT)",123,1681,1804,279,3781,4060
39065000700,"Hardin, OH (CT)",1916,15,1931,5156,33,5189
39067975600,"Harrison, OH (CT)",1773,0,1773,3825,0,3825
39067975700,"Harrison, OH (CT)",2031,0,2031,3861,0,3861
39067975800,"Harrison, OH (CT)",1439,0,1439,2346,0,2346
39067975900,"Harrison, OH (CT)",1228,0,1228,2280,0,2280
39067976000,"Harrison, OH (CT)",479,1220,1699,1031,2521,3552
39069000100,"Henry, OH (CT)",1876,0,1876,4721,0,4721
39069000200,"Henry, OH (CT)",1497,0,1497,3830,0,3830
39069000300,"Henry, OH (CT)",79,2194,2273,222,4987,5209
39069000400,"Henry, OH (CT)",158,1475,1633,403,2928,3331
39069000500,"Henry, OH (CT)",1415,0,1415,3404,0,3404
39069000600,"Henry, OH (CT)",1522,0,1522,3569,0,3569
39069000700,"Henry, OH (CT)",1364,383,1747,3342,809,4151
39071954400,"Highland, OH (CT)",642,1144,1786,1704,2473,4177
39071954500,"Highland, OH (CT)",531,1195,1726,1363,2627,3990
39071954600,"Highland, OH (CT)",2277,0,2277,5645,0,5645
39071954700,"Highland, OH (CT)",2586,0,2586,6394,0,6394
39071954800,"Highland, OH (CT)",138,1883,2021,293,4008,4301
39071954900,"Highland, OH (CT)",464,1313,1777,1047,2660,3707
39071955000,"Highland, OH (CT)",2497,0,2497,4212,0,4212
39071955100,"Highland, OH (CT)",2727,0,2727,6298,0,6298
39071955200,"Highland, OH (CT)",1983,0,1983,4865,0,4865
39073964900,"Hocking, OH (CT)",2218,0,2218,4377,0,4377
39073965000,"Hocking, OH (CT)",1848,0,1848,3879,0,3879
39073965100,"Hocking, OH (CT)",2027,0,2027,4296,0,4296
39073965200,"Hocking, OH (CT)",968,1174,2142,2064,2309,4373
39073965300,"Hocking, OH (CT)",385,1269,1654,893,2787,3680
39073965400,"Hocking, OH (CT)",642,1270,1912,1505,2984,4489
39073965500,"Hocking, OH (CT)",1615,1,1616,3799,487,4286
39075976301,"Holmes, OH (CT)",1234,0,1234,4617,0,4617
39075976302,"Holmes, OH (CT)",1541,0,1541,5687,0,5687
39075976400,"Holmes, OH (CT)",2395,0,2395,8618,0,8618
39075976500,"Holmes, OH (CT)",2164,0,2164,5189,0,5189
39075976600,"Holmes, OH (CT)",2056,0,2056,4463,0,4463
39075976700,"Holmes, OH (CT)",519,1332,1851,1377,2968,4345
39075976801,"Holmes, OH (CT)",1184,0,1184,4816,0,4816
39075976802,"Holmes, OH (CT)",1241,0,1241,4631,0,4631
39077915400,"Huron, OH (CT)",2086,0,2086,5163,0,5163
39077915500,"Huron, OH (CT)",484,2172,2656,1163,4992,6155
39077915600,"Huron, OH (CT)",25,2108,2133,60,4719,4779
39077915700,"Huron, OH (CT)",42,1788,1830,107,4220,4327
39077915800,"Huron, OH (CT)",224,1858,2082,591,4144,4735
39077915900,"Huron, OH (CT)",1100,564,1664,2829,1361,4190
39077916000,"Huron, OH (CT)",120,1707,1827,272,3743,4015
39077916100,"Huron, OH (CT)",1536,0,1536,3625,0,3625
39077916200,"Huron, OH (CT)",454,1439,1893,1173,3590,4763
39077916300,"Huron, OH (CT)",384,1290,1674,779,2719,3498
39077916400,"Huron, OH (CT)",2034,0,2034,5114,0,5114
39077916500,"Huron, OH (CT)",1856,48,1904,4701,144,4845
39077916600,"Huron, OH (CT)",1877,0,1877,4417,0,4417
39079957200,"Jackson, OH (CT)",458,1796,2254,1136,3901,5037
39079957300,"Jackson, OH (CT)",1203,403,1606,2679,897,3576
39079957400,"Jackson, OH (CT)",2360,0,2360,5529,0,5529
39079957500,"Jackson, OH (CT)",342,2420,2762,837,4948,5785
39079957600,"Jackson, OH (CT)",418,830,1248,1034,1866,2900
39079957700,"Jackson, OH (CT)",2276,21,2297,5401,50,5451
39079957800,"Jackson, OH (CT)",2020,40,2060,4841,106,4947
39081000200,"Jefferson, OH (CT)",0,1108,1108,0,3035,3035
39081000400,"Jefferson, OH (CT)",0,1709,1709,0,3365,3365
39081000600,"Jefferson, OH (CT)",0,1140,1140,0,2326,2326
39081000800,"Jefferson, OH (CT)",0,480,480,0,855,855
39081001000,"Jefferson, OH (CT)",0,1105,1105,0,2352,2352
39081001200,"Jefferson, OH (CT)",121,2362,2483,278,5009,5287
39081001300,"Jefferson, OH (CT)",0,709,709,0,1504,1504
39081001400,"Jefferson, OH (CT)",0,1874,1874,0,3792,3792
39081001700,"Jefferson, OH (CT)",0,962,962,0,1953,1953
39081011000,"Jefferson, OH (CT)",806,13,819,1758,33,1791
39081011100,"Jefferson, OH (CT)",1428,0,1428,3088,0,3088
39081011200,"Jefferson, OH (CT)",0,1082,1082,0,2076,2076
39081011300,"Jefferson, OH (CT)",0,1260,1260,0,2635,2635
39081011401,"Jefferson, OH (CT)",1408,523,1931,3183,1109,4292
39081011402,"Jefferson, OH (CT)",1392,424,1816,3170,876,4046
39081011500,"Jefferson, OH (CT)",2266,94,2360,5088,217,5305
39081011700,"Jefferson, OH (CT)",413,1612,2025,783,3643,4426
39081011800,"Jefferson, OH (CT)",39,1720,1759,75,3502,3577
39081011900,"Jefferson, OH (CT)",878,826,1704,1945,1636,3581
39081012000,"Jefferson, OH (CT)",1547,0,1547,3140,0,3140
39081012100,"Jefferson, OH (CT)",1365,0,1365,2836,0,2836
39081012200,"Jefferson, OH (CT)",847,163,1010,1830,345,2175
39081012300,"Jefferson, OH (CT)",0,1150,1150,0,2272,2272
39083006700,"Knox, OH (CT)",1997,40,2037,4948,86,5034
39083006801,"Knox, OH (CT)",273,2452,2725,659,4749,5408
39083006802,"Knox, OH (CT)",1750,0,1750,4718,0,4718
39083006900,"Knox, OH (CT)",2419,0,2419,5919,0,5919
39083007000,"Knox, OH (CT)",1088,145,1233,2722,267,2989
39083007100,"Knox, OH (CT)",0,1736,1736,0,3763,3763
39083007200,"Knox, OH (CT)",196,2301,2497,454,4800,5254
39083007300,"Knox, OH (CT)",498,2004,2502,1098,5701,6799
39083007400,"Knox, OH (CT)",2085,0,2085,5583,0,5583
39083007500,"Knox, OH (CT)",166,1372,1538,412,4003,4415
39083007600,"Knox, OH (CT)",455,1698,2153,961,3619,4580
39083007700,"Knox, OH (CT)",2443,0,2443,6459,0,6459
39085200100,"Lake, OH (CT)",0,986,986,0,1831,1831
39085200200,"Lake, OH (CT)",0,1175,1175,0,2697,2697
39085200300,"Lake, OH (CT)",0,1310,1310,0,3014,3014
39085200400,"Lake, OH (CT)",0,1675,1675,0,3593,3593
39085200500,"Lake, OH (CT)",0,1330,1330,0,3036,3036
39085200600,"Lake, OH (CT)",0,1525,1525,0,3369,3369
39085200700,"Lake, OH (CT)",0,1890,1890,0,3732,3732
39085200800,"Lake, OH (CT)",0,1678,1678,0,3700,3700
39085200900,"Lake, OH (CT)",0,687,687,0,1949,1949
39085201000,"Lake, OH (CT)",0,2662,2662,0,5056,5056
39085201100,"Lake, OH (CT)",365,1902,2267,813,3616,4429
39085201200,"Lake, OH (CT)",0,2018,2018,0,3334,3334
39085201300,"Lake, OH (CT)",0,2039,2039,0,3714,3714
39085201400,"Lake, OH (CT)",0,2002,2002,0,4026,4026
39085201500,"Lake, OH (CT)",17,834,851,30,1955,1985
39085201600,"Lake, OH (CT)",0,1541,1541,0,3772,3772
39085201700,"Lake, OH (CT)",0,2936,2936,0,5437,5437
39085201800,"Lake, OH (CT)",0,1476,1476,0,3705,3705
39085201900,"Lake, OH (CT)",0,1345,1345,0,2815,2815
39085202000,"Lake, OH (CT)",0,2589,2589,0,5906,5906
39085202100,"Lake, OH (CT)",0,1182,1182,0,2373,2373
39085202400,"Lake, OH (CT)",0,1336,1336,0,3119,3119
39085202500,"Lake, OH (CT)",0,2125,2125,0,4324,4324
39085202600,"Lake, OH (CT)",0,1673,1673,0,3868,3868
39085202700,"Lake, OH (CT)",0,2324,2324,0,6329,6329
39085202800,"Lake, OH (CT)",0,2701,2701,0,6044,6044
39085202900,"Lake, OH (CT)",0,2830,2830,0,6839,6839
39085203000,"Lake, OH (CT)",0,2741,2741,0,6608,6608
39085203200,"Lake, OH (CT)",0,1750,1750,0,3441,3441
39085203400,"Lake, OH (CT)",0,2015,2015,0,4299,4299
39085203500,"Lake, OH (CT)",0,2686,2686,0,6709,6709
39085203700,"Lake, OH (CT)",318,1045,1363,735,2547,3282
39085204000,"Lake, OH (CT)",0,1677,1677,0,3109,3109
39085204200,"Lake, OH (CT)",0,1506,1506,0,4027,4027
39085204301,"Lake, OH (CT)",0,725,725,0,1613,1613
39085204302,"Lake, OH (CT)",0,2590,2590,0,6579,6579
39085204400,"Lake, OH (CT)",0,1336,1336,0,3162,3162
39085204500,"Lake, OH (CT)",0,1644,1644,0,4069,4069
39085204700,"Lake, OH (CT)",0,2169,2169,0,4700,4700
39085204800,"Lake, OH (CT)",24,2203,2227,60,5099,5159
39085204900,"Lake, OH (CT)",190,2081,2271,429,5554,5983
39085205001,"Lake, OH (CT)",0,2533,2533,0,5887,5887
39085205002,"Lake, OH (CT)",256,2236,2492,616,5530,6146
39085205100,"Lake, OH (CT)",664,1764,2428,1713,4455,6168
39085205200,"Lake, OH (CT)",1263,0,1263,3253,0,3253
39085205300,"Lake, OH (CT)",365,607,972,1020,1484,2504
39085205400,"Lake, OH (CT)",0,630,630,0,1663,1663
39085205701,"Lake, OH (CT)",134,2127,2261,337,4538,4875
39085205702,"Lake, OH (CT)",0,1205,1205,0,2900,2900
39085205800,"Lake, OH (CT)",428,67,495,1105,187,1292
39085205900,"Lake, OH (CT)",403,0,403,1130,0,1130
39085206000,"Lake, OH (CT)",322,2049,2371,845,4663,5508
39085206100,"Lake, OH (CT)",417,906,1323,951,2233,3184
39085206200,"Lake, OH (CT)",0,684,684,0,1561,1561
39085206300,"Lake, OH (CT)",150,1700,1850,381,4451,4832
39085206400,"Lake, OH (CT)",674,1168,1842,1602,3099,4701
39085206500,"Lake, OH (CT)",0,1498,1498,0,3022,3022
39085206600,"Lake, OH (CT)",0,2099,2099,0,4679,4679
39085990000,"Lake, OH (CT)",0,0,0,0,0,0
39087050100,"Lawrence, OH (CT)",0,1129,1129,0,2509,2509
39087050200,"Lawrence, OH (CT)",0,1182,1182,0,2444,2444
39087050300,"Lawrence, OH (CT)",0,1232,1232,0,2437,2437
39087050400,"Lawrence, OH (CT)",0,1554,1554,0,3159,3159
39087050500,"Lawrence, OH (CT)",2891,0,2891,6717,0,6717
39087050600,"Lawrence, OH (CT)",642,0,642,1429,0,1429
39087050700,"Lawrence, OH (CT)",1439,92,1531,3518,201,3719
39087050800,"Lawrence, OH (CT)",1279,294,1573,3100,597,3697
39087050900,"Lawrence, OH (CT)",45,937,982,103,2258,2361
39087051001,"Lawrence, OH (CT)",0,1992,1992,0,4603,4603
39087051002,"Lawrence, OH (CT)",1207,789,1996,2757,1726,4483
39087051100,"Lawrence, OH (CT)",1504,1466,2970,3596,3316,6912
39087051200,"Lawrence, OH (CT)",869,1434,2303,2107,3071,5178
39087051300,"Lawrence, OH (CT)",1039,697,1736,2407,1503,3910
39087051401,"Lawrence, OH (CT)",160,2126,2286,362,4767,5129
39087051402,"Lawrence, OH (CT)",1081,523,1604,2579,1184,3763
39089750700,"Licking, OH (CT)",0,1648,1648,0,3371,3371
39089751000,"Licking, OH (CT)",0,1092,1092,0,2448,2448
39089751300,"Licking, OH (CT)",0,1642,1642,0,3583,3583
39089751600,"Licking, OH (CT)",0,1766,1766,0,3518,3518
39089751900,"Licking, OH (CT)",146,1796,1942,323,3969,4292
39089752200,"Licking, OH (CT)",394,1691,2085,1005,3756,4761
39089752500,"Licking, OH (CT)",104,1560,1664,251,3717,3968
39089752800,"Licking, OH (CT)",372,2669,3041,968,5848,6816
39089753100,"Licking, OH (CT)",181,1847,2028,452,4713,5165
39089753300,"Licking, OH (CT)",87,3110,3197,228,7056,7284
39089753600,"Licking, OH (CT)",0,879,879,0,2039,2039
39089753900,"Licking, OH (CT)",80,1887,1967,196,4469,4665
39089754101,"Licking, OH (CT)",219,3499,3718,489,6932,7421
39089754102,"Licking, OH (CT)",222,716,938,534,1757,2291
39089754400,"Licking, OH (CT)",2372,0,2372,5948,0,5948
39089754700,"Licking, OH (CT)",2458,268,2726,5865,687,6552
39089755000,"Licking, OH (CT)",2493,0,2493,6569,0,6569
39089755300,"Licking, OH (CT)",983,1943,2926,2555,4523,7078
39089755600,"Licking, OH (CT)",2093,0,2093,5186,0,5186
39089755900,"Licking, OH (CT)",741,1830,2571,1875,5007,6882
39089756201,"Licking, OH (CT)",0,1018,1018,0,2444,2444
39089756202,"Licking, OH (CT)",0,2941,2941,0,8021,8021
39089756500,"Licking, OH (CT)",521,1284,1805,1279,3187,4466
39089756800,"Licking, OH (CT)",672,2421,3093,1709,6014,7723
39089757100,"Licking, OH (CT)",1449,11,1460,3828,24,3852
39089757400,"Licking, OH (CT)",990,1463,2453,2472,3800,6272
39089757700,"Licking, OH (CT)",743,1516,2259,1973,5473,7446
39089758300,"Licking, OH (CT)",12,1504,1516,28,2729,2757
39089758600,"Licking, OH (CT)",2244,773,3017,5710,1376,7086
39089758900,"Licking, OH (CT)",2060,248,2308,5308,651,5959
39089759000,"Licking, OH (CT)",0,1673,1673,0,3371,3371
39089759100,"Licking, OH (CT)",1717,1243,2960,4400,2858,7258
39091003800,"Logan, OH (CT)",1563,0,1563,3862,0,3862
39091003900,"Logan, OH (CT)",1750,57,1807,4417,144,4561
39091004000,"Logan, OH (CT)",536,2097,2633,720,1816,2536
39091004100,"Logan, OH (CT)",85,2157,2242,181,2632,2813
39091004200,"Logan, OH (CT)",72,1628,1700,49,1849,1898
39091004300,"Logan, OH (CT)",2541,46,2587,5767,82,5849
39091004400,"Logan, OH (CT)",296,2124,2420,812,4305,5117
39091004500,"Logan, OH (CT)",0,1959,1959,0,4343,4343
39091004600,"Logan, OH (CT)",202,2010,2212,499,4587,5086
39091004700,"Logan, OH (CT)",2251,0,2251,5355,0,5355
39091004800,"Logan, OH (CT)",1807,0,1807,4438,0,4438
39093010200,"Lorain, OH (CT)",0,1691,1691,0,4268,4268
39093010300,"Lorain, OH (CT)",0,2187,2187,0,5261,5261
39093010400,"Lorain, OH (CT)",6,1550,1556,9,2810,2819
39093013100,"Lorain, OH (CT)",0,3688,3688,0,9693,9693
39093013200,"Lorain, OH (CT)",0,4319,4319,0,11500,11500
39093021100,"Lorain, OH (CT)",0,1545,1545,0,3336,3336
39093021200,"Lorain, OH (CT)",0,2548,2548,0,5801,5801
39093022100,"Lorain, OH (CT)",0,910,910,0,1930,1930
39093022200,"Lorain, OH (CT)",0,1329,1329,0,2565,2565
39093022400,"Lorain, OH (CT)",0,2088,2088,0,4150,4150
39093022500,"Lorain, OH (CT)",0,709,709,0,1609,1609
39093022601,"Lorain, OH (CT)",0,1458,1458,0,2798,2798
39093022800,"Lorain, OH (CT)",0,1951,1951,0,4736,4736
39093023000,"Lorain, OH (CT)",0,2412,2412,0,5359,5359
39093023100,"Lorain, OH (CT)",0,1341,1341,0,3462,3462
39093023200,"Lorain, OH (CT)",0,1297,1297,0,3071,3071
39093023300,"Lorain, OH (CT)",0,1107,1107,0,2517,2517
39093023400,"Lorain, OH (CT)",0,1052,1052,0,2084,2084
39093023500,"Lorain, OH (CT)",0,1021,1021,0,2191,2191
39093023600,"Lorain, OH (CT)",0,1215,1215,0,2845,2845
39093023700,"Lorain, OH (CT)",0,2291,2291,0,5204,5204
39093023800,"Lorain, OH (CT)",0,730,730,0,1720,1720
39093023900,"Lorain, OH (CT)",0,675,675,0,1581,1581
39093024000,"Lorain, OH (CT)",0,894,894,0,1764,1764
39093024100,"Lorain, OH (CT)",0,1412,1412,0,2911,2911
39093024200,"Lorain, OH (CT)",0,2147,2147,0,4391,4391
39093028100,"Lorain, OH (CT)",0,1666,1666,0,3982,3982
39093030100,"Lorain, OH (CT)",442,2422,2864,1137,5408,6545
39093050100,"Lorain, OH (CT)",0,1133,1133,0,3069,3069
39093050200,"Lorain, OH (CT)",0,1517,1517,0,3447,3447
39093050300,"Lorain, OH (CT)",112,3201,3313,304,7675,7979
39093050400,"Lorain, OH (CT)",0,1055,1055,0,2419,2419
39093057100,"Lorain, OH (CT)",789,752,1541,1972,1794,3766
39093060100,"Lorain, OH (CT)",272,1628,1900,661,3362,4023
39093060200,"Lorain, OH (CT)",232,1211,1443,547,4604,5151
39093070101,"Lorain, OH (CT)",0,1560,1560,0,3596,3596
39093070102,"Lorain, OH (CT)",0,2470,2470,0,5404,5404
39093070200,"Lorain, OH (CT)",0,989,989,0,1929,1929
39093070300,"Lorain, OH (CT)",0,1902,1902,0,3284,3284
39093070400,"Lorain, OH (CT)",0,2111,2111,0,4776,4776
39093070500,"Lorain, OH (CT)",0,1438,1438,0,3223,3223
39093070600,"Lorain, OH (CT)",0,2233,2233,0,4495,4495
39093070700,"Lorain, OH (CT)",0,1068,1068,0,2370,2370
39093070800,"Lorain, OH (CT)",0,704,704,0,1124,1124
39093070901,"Lorain, OH (CT)",0,826,826,0,2216,2216
39093070902,"Lorain, OH (CT)",0,1866,1866,0,3422,3422
39093071000,"Lorain, OH (CT)",0,1152,1152,0,2185,2185
39093071100,"Lorain, OH (CT)",0,1894,1894,0,4439,4439
39093071201,"Lorain, OH (CT)",0,2044,2044,0,4422,4422
39093071202,"Lorain, OH (CT)",0,1721,1721,0,4383,4383
39093071300,"Lorain, OH (CT)",0,1937,1937,0,4806,4806
39093071400,"Lorain, OH (CT)",0,1400,1400,0,3188,3188
39093071500,"Lorain, OH (CT)",376,320,696,895,1162,2057
39093077100,"Lorain, OH (CT)",920,592,1512,2275,1334,3609
39093080101,"Lorain, OH (CT)",0,984,984,0,2230,2230
39093080103,"Lorain, OH (CT)",0,1944,1944,0,4520,4520
39093080104,"Lorain, OH (CT)",0,1410,1410,0,3641,3641
39093080500,"Lorain, OH (CT)",0,2334,2334,0,5973,5973
39093080600,"Lorain, OH (CT)",0,2372,2372,0,5630,5630
39093080700,"Lorain, OH (CT)",19,3046,3065,45,7426,7471
39093090100,"Lorain, OH (CT)",807,462,1269,2054,1235,3289
39093090200,"Lorain, OH (CT)",1103,308,1411,2966,785,3751
39093091100,"Lorain, OH (CT)",920,532,1452,2269,1062,3331
39093091200,"Lorain, OH (CT)",1007,22,1029,2608,1898,4506
39093092100,"Lorain, OH (CT)",937,46,983,2365,118,2483
39093093100,"Lorain, OH (CT)",1268,0,1268,3245,0,3245
39093094100,"Lorain, OH (CT)",1759,1288,3047,4721,3246,7967
39093095100,"Lorain, OH (CT)",1061,1098,2159,2868,5067,7935
39093096100,"Lorain, OH (CT)",568,2159,2727,1377,4845,6222
39093097100,"Lorain, OH (CT)",1205,0,1205,3055,0,3055
39093097200,"Lorain, OH (CT)",0,3241,3241,0,7690,7690
39093097300,"Lorain, OH (CT)",0,1631,1631,0,3309,3309
39093097400,"Lorain, OH (CT)",0,3977,3977,0,10233,10233
39093990200,"Lorain, OH (CT)",0,0,0,0,0,0
39095000200,"Lucas, OH (CT)",0,1874,1874,0,4333,4333
39095000300,"Lucas, OH (CT)",0,2360,2360,0,4848,4848
39095000400,"Lucas, OH (CT)",0,1636,1636,0,3676,3676
39095000600,"Lucas, OH (CT)",0,1957,1957,0,4535,4535
39095000700,"Lucas, OH (CT)",0,2401,2401,0,5145,5145
39095000800,"Lucas, OH (CT)",0,887,887,0,1576,1576
39095000900,"Lucas, OH (CT)",0,1269,1269,0,2547,2547
39095001000,"Lucas, OH (CT)",0,1771,1771,0,3776,3776
39095001100,"Lucas, OH (CT)",0,1201,1201,0,2473,2473
39095001201,"Lucas, OH (CT)",0,1074,1074,0,2246,2246
39095001202,"Lucas, OH (CT)",0,960,960,0,3306,3306
39095001301,"Lucas, OH (CT)",0,1208,1208,0,2694,2694
39095001302,"Lucas, OH (CT)",0,1245,1245,0,2231,2231
39095001303,"Lucas, OH (CT)",0,1606,1606,0,3157,3157
39095001400,"Lucas, OH (CT)",0,1079,1079,0,1795,1795
39095001500,"Lucas, OH (CT)",0,848,848,0,1661,1661
39095001600,"Lucas, OH (CT)",0,1651,1651,0,3265,3265
39095001700,"Lucas, OH (CT)",0,906,906,0,1795,1795
39095001800,"Lucas, OH (CT)",0,1332,1332,0,2797,2797
39095001900,"Lucas, OH (CT)",0,812,812,0,1728,1728
39095002000,"Lucas, OH (CT)",0,978,978,0,1973,1973
39095002100,"Lucas, OH (CT)",0,1765,1765,0,2903,2903
39095002200,"Lucas, OH (CT)",0,764,764,0,1556,1556
39095002300,"Lucas, OH (CT)",0,907,907,0,1500,1500
39095002401,"Lucas, OH (CT)",0,1710,1710,0,3759,3759
39095002402,"Lucas, OH (CT)",0,849,849,0,1684,1684
39095002500,"Lucas, OH (CT)",0,1115,1115,0,2195,2195
39095002600,"Lucas, OH (CT)",0,735,735,0,1345,1345
39095002700,"Lucas, OH (CT)",0,598,598,0,1055,1055
39095002800,"Lucas, OH (CT)",0,751,751,0,1611,1611
39095002900,"Lucas, OH (CT)",0,1240,1240,0,1954,1954
39095003000,"Lucas, OH (CT)",0,1201,1201,0,2202,2202
39095003100,"Lucas, OH (CT)",0,642,642,0,1244,1244
39095003200,"Lucas, OH (CT)",0,750,750,0,1412,1412
39095003300,"Lucas, OH (CT)",0,881,881,0,1701,1701
39095003400,"Lucas, OH (CT)",0,375,375,0,775,775
39095003500,"Lucas, OH (CT)",0,796,796,0,1529,1529
39095003600,"Lucas, OH (CT)",0,899,899,0,1666,1666
39095003700,"Lucas, OH (CT)",0,897,897,0,1409,1409
39095003900,"Lucas, OH (CT)",0,2281,2281,0,5309,5309
39095004000,"Lucas, OH (CT)",0,1029,1029,0,2184,2184
39095004200,"Lucas, OH (CT)",0,941,941,0,1926,1926
39095004400,"Lucas, OH (CT)",0,1707,1707,0,4138,4138
39095004501,"Lucas, OH (CT)",0,1210,1210,0,2704,2704
39095004503,"Lucas, OH (CT)",0,1297,1297,0,2587,2587
39095004504,"Lucas, OH (CT)",0,1539,1539,0,3413,3413
39095004600,"Lucas, OH (CT)",0,1132,1132,0,2478,2478
39095004701,"Lucas, OH (CT)",0,1337,1337,0,3046,3046
39095004702,"Lucas, OH (CT)",0,1685,1685,0,3829,3829
39095004800,"Lucas, OH (CT)",0,1503,1503,0,3467,3467
39095004900,"Lucas, OH (CT)",0,1373,1373,0,3045,3045
39095005000,"Lucas, OH (CT)",0,805,805,0,1870,1870
39095005100,"Lucas, OH (CT)",0,2036,2036,0,4740,4740
39095005200,"Lucas, OH (CT)",0,1499,1499,0,3475,3475
39095005300,"Lucas, OH (CT)",0,875,875,0,2082,2082
39095005400,"Lucas, OH (CT)",0,1600,1600,0,3227,3227
39095005501,"Lucas, OH (CT)",0,1528,1528,0,3018,3018
39095005502,"Lucas, OH (CT)",0,1481,1481,0,3043,3043
39095005503,"Lucas, OH (CT)",0,1052,1052,0,2217,2217
39095005600,"Lucas, OH (CT)",0,2279,2279,0,5412,5412
39095005701,"Lucas, OH (CT)",0,1723,1723,0,3481,3481
39095005702,"Lucas, OH (CT)",0,2464,2464,0,4818,4818
39095005703,"Lucas, OH (CT)",0,1153,1153,0,2544,2544
39095005801,"Lucas, OH (CT)",0,1676,1676,0,3460,3460
39095005802,"Lucas, OH (CT)",0,2200,2200,0,4762,4762
39095005901,"Lucas, OH (CT)",0,1054,1054,0,2580,2580
39095005902,"Lucas, OH (CT)",0,2109,2109,0,4103,4103
39095006000,"Lucas, OH (CT)",0,1169,1169,0,2420,2420
39095006100,"Lucas, OH (CT)",0,1426,1426,0,3180,3180
39095006200,"Lucas, OH (CT)",0,1116,1116,0,2504,2504
39095006300,"Lucas, OH (CT)",0,1440,1440,0,3002,3002
39095006400,"Lucas, OH (CT)",0,1119,1119,0,2417,2417
39095006500,"Lucas, OH (CT)",0,1309,1309,0,2279,2279
39095006600,"Lucas, OH (CT)",0,1281,1281,0,2625,2625
39095006700,"Lucas, OH (CT)",0,830,830,0,1673,1673
39095006800,"Lucas, OH (CT)",0,2704,2704,0,4877,4877
39095006900,"Lucas, OH (CT)",0,1211,1211,0,2570,2570
39095007001,"Lucas, OH (CT)",0,1769,1769,0,4136,4136
39095007002,"Lucas, OH (CT)",0,864,864,0,1981,1981
39095007101,"Lucas, OH (CT)",0,2073,2073,0,4336,4336
39095007102,"Lucas, OH (CT)",0,1716,1716,0,3812,3812
39095007202,"Lucas, OH (CT)",0,2013,2013,0,3697,3697
39095007203,"Lucas, OH (CT)",0,1795,1795,0,4063,4063
39095007204,"Lucas, OH (CT)",0,2373,2373,0,4187,4187
39095007205,"Lucas, OH (CT)",0,2798,2798,0,5101,5101
39095007301,"Lucas, OH (CT)",0,2347,2347,0,4744,4744
39095007302,"Lucas, OH (CT)",0,1695,1695,0,3620,3620
39095007303,"Lucas, OH (CT)",0,2878,2878,0,5037,5037
39095007400,"Lucas, OH (CT)",0,2891,2891,0,5477,5477
39095007500,"Lucas, OH (CT)",0,2244,2244,0,4053,4053
39095007600,"Lucas, OH (CT)",0,1881,1881,0,4579,4579
39095007700,"Lucas, OH (CT)",0,1768,1768,0,3362,3362
39095007800,"Lucas, OH (CT)",0,1998,1998,0,3807,3807
39095007901,"Lucas, OH (CT)",0,921,921,0,2121,2121
39095007902,"Lucas, OH (CT)",0,2644,2644,0,5540,5540
39095008000,"Lucas, OH (CT)",0,1656,1656,0,4073,4073
39095008100,"Lucas, OH (CT)",0,1661,1661,0,3911,3911
39095008201,"Lucas, OH (CT)",0,1889,1889,0,4673,4673
39095008202,"Lucas, OH (CT)",0,2264,2264,0,5880,5880
39095008203,"Lucas, OH (CT)",0,3267,3267,0,7507,7507
39095008301,"Lucas, OH (CT)",0,3032,3032,0,5809,5809
39095008302,"Lucas, OH (CT)",0,702,702,0,1636,1636
39095008400,"Lucas, OH (CT)",0,2255,2255,0,4814,4814
39095008500,"Lucas, OH (CT)",0,2000,2000,0,3905,3905
39095008600,"Lucas, OH (CT)",0,2487,2487,0,5397,5397
39095008700,"Lucas, OH (CT)",0,3733,3733,0,8135,8135
39095008800,"Lucas, OH (CT)",0,3363,3363,0,7328,7328
39095008901,"Lucas, OH (CT)",393,1584,1977,1082,4129,5211
39095008902,"Lucas, OH (CT)",161,2222,2383,429,5696,6125
39095009000,"Lucas, OH (CT)",923,3894,4817,2432,9985,12417
39095009101,"Lucas, OH (CT)",0,1734,1734,0,4345,4345
39095009102,"Lucas, OH (CT)",213,1897,2110,536,4863,5399
39095009201,"Lucas, OH (CT)",367,2426,2793,817,7043,7860
39095009202,"Lucas, OH (CT)",0,2910,2910,0,7406,7406
39095009300,"Lucas, OH (CT)",649,0,649,1598,0,1598
39095009400,"Lucas, OH (CT)",759,270,1029,1917,699,2616
39095009500,"Lucas, OH (CT)",916,331,1247,2307,705,3012
39095009600,"Lucas, OH (CT)",1327,0,1327,3361,0,3361
39095009700,"Lucas, OH (CT)",1272,32,1304,3017,83,3100
39095009800,"Lucas, OH (CT)",1121,652,1773,2901,1504,4405
39095009900,"Lucas, OH (CT)",77,1787,1864,192,4263,4455
39095010001,"Lucas, OH (CT)",0,1763,1763,0,4115,4115
39095010002,"Lucas, OH (CT)",0,1573,1573,0,3303,3303
39095010100,"Lucas, OH (CT)",0,1848,1848,0,4145,4145
39095010200,"Lucas, OH (CT)",0,1202,1202,0,2422,2422
39095010300,"Lucas, OH (CT)",0,1075,1075,0,2256,2256
39095010400,"Lucas, OH (CT)",0,172,172,0,3981,3981
39095990000,"Lucas, OH (CT)",0,0,0,0,0,0
39097040101,"Madison, OH (CT)",758,0,758,2282,0,2282
39097040102,"Madison, OH (CT)",647,1355,2002,1690,3401,5091
39097040201,"Madison, OH (CT)",1187,0,1187,2757,0,2757
39097040202,"Madison, OH (CT)",1021,23,1044,2595,60,2655
39097040400,"Madison, OH (CT)",510,505,1015,1390,1222,2612
39097040500,"Madison, OH (CT)",438,1432,1870,1096,3432,4528
39097040600,"Madison, OH (CT)",200,2232,2432,615,4833,5448
39097040700,"Madison, OH (CT)",0,1368,1368,0,3095,3095
39097041000,"Madison, OH (CT)",23,12,35,59,4890,4949
39097041100,"Madison, OH (CT)",1318,639,1957,3319,1442,4761
39097041200,"Madison, OH (CT)",1358,0,1358,3043,0,3043
39097041300,"Madison, OH (CT)",913,0,913,2214,0,2214
39099800300,"Mahoning, OH (CT)",0,640,640,0,1266,1266
39099800400,"Mahoning, OH (CT)",0,564,564,0,951,951
39099800500,"Mahoning, OH (CT)",0,1254,1254,0,4375,4375
39099800600,"Mahoning, OH (CT)",0,787,787,0,1403,1403
39099801000,"Mahoning, OH (CT)",0,855,855,0,1628,1628
39099801100,"Mahoning, OH (CT)",0,1197,1197,0,2338,2338
39099801200,"Mahoning, OH (CT)",0,832,832,0,1618,1618
39099801300,"Mahoning, OH (CT)",0,1068,1068,0,2330,2330
39099801400,"Mahoning, OH (CT)",0,1091,1091,0,2101,2101
39099801500,"Mahoning, OH (CT)",0,961,961,0,1898,1898
39099801600,"Mahoning, OH (CT)",0,1584,1584,0,3021,3021
39099801700,"Mahoning, OH (CT)",0,654,654,0,1257,1257
39099802100,"Mahoning, OH (CT)",0,555,555,0,1139,1139
39099802300,"Mahoning, OH (CT)",0,639,639,0,1033,1033
39099802400,"Mahoning, OH (CT)",0,1624,1624,0,2890,2890
39099802500,"Mahoning, OH (CT)",0,763,763,0,1504,1504
39099802600,"Mahoning, OH (CT)",0,864,864,0,1806,1806
39099802701,"Mahoning, OH (CT)",0,1762,1762,0,3153,3153
39099802702,"Mahoning, OH (CT)",0,1403,1403,0,2854,2854
39099802800,"Mahoning, OH (CT)",0,1379,1379,0,2716,2716
39099802900,"Mahoning, OH (CT)",0,1193,1193,0,2486,2486
39099803000,"Mahoning, OH (CT)",0,965,965,0,1970,1970
39099804000,"Mahoning, OH (CT)",0,1188,1188,0,2395,2395
39099804100,"Mahoning, OH (CT)",0,766,766,0,1455,1455
39099804200,"Mahoning, OH (CT)",0,1103,1103,0,2200,2200
39099804300,"Mahoning, OH (CT)",0,608,608,0,968,968
39099810100,"Mahoning, OH (CT)",0,1990,1990,0,4305,4305
39099810200,"Mahoning, OH (CT)",0,971,971,0,2147,2147
39099810300,"Mahoning, OH (CT)",0,999,999,0,1755,1755
39099810600,"Mahoning, OH (CT)",0,1388,1388,0,3104,3104
39099810700,"Mahoning, OH (CT)",0,2471,2471,0,5346,5346
39099810800,"Mahoning, OH (CT)",0,1028,1028,0,2265,2265
39099810900,"Mahoning, OH (CT)",886,128,1014,1912,332,2244
39099811001,"Mahoning, OH (CT)",278,1643,1921,616,3503,4119
39099811002,"Mahoning, OH (CT)",166,2769,2935,392,7107,7499
39099811100,"Mahoning, OH (CT)",0,536,536,0,1155,1155
39099811200,"Mahoning, OH (CT)",0,1063,1063,0,2487,2487
39099811300,"Mahoning, OH (CT)",0,3153,3153,0,6380,6380
39099811400,"Mahoning, OH (CT)",0,1716,1716,0,3387,3387
39099811500,"Mahoning, OH (CT)",0,2664,2664,0,5759,5759
39099811600,"Mahoning, OH (CT)",0,1796,1796,0,3642,3642
39099811700,"Mahoning, OH (CT)",0,1269,1269,0,2602,2602
39099811800,"Mahoning, OH (CT)",0,715,715,0,1600,1600
39099811901,"Mahoning, OH (CT)",0,1987,1987,0,4433,4433
39099811902,"Mahoning, OH (CT)",0,1536,1536,0,3320,3320
39099812001,"Mahoning, OH (CT)",0,2794,2794,0,5666,5666
39099812002,"Mahoning, OH (CT)",16,1948,1964,42,4058,4100
39099812100,"Mahoning, OH (CT)",1113,2939,4052,2735,6964,9699
39099812200,"Mahoning, OH (CT)",9,2902,2911,21,6444,6465
39099812301,"Mahoning, OH (CT)",0,1786,1786,0,3911,3911
39099812302,"Mahoning, OH (CT)",0,3025,3025,0,6475,6475
39099812400,"Mahoning, OH (CT)",0,1477,1477,0,2888,2888
39099812500,"Mahoning, OH (CT)",40,2289,2329,83,5446,5529
39099812601,"Mahoning, OH (CT)",0,2721,2721,0,4249,4249
39099812602,"Mahoning, OH (CT)",0,2391,2391,0,5279,5279
39099812603,"Mahoning, OH (CT)",430,3037,3467,1065,7326,8391
39099812700,"Mahoning, OH (CT)",916,0,916,2114,0,2114
39099812800,"Mahoning, OH (CT)",2030,0,2030,3759,0,3759
39099812900,"Mahoning, OH (CT)",1829,0,1829,4339,0,4339
39099813000,"Mahoning, OH (CT)",1100,920,2020,2585,1946,4531
39099813200,"Mahoning, OH (CT)",0,2288,2288,0,4399,4399
39099813300,"Mahoning, OH (CT)",1365,20,1385,3191,50,3241
39099813400,"Mahoning, OH (CT)",1218,184,1402,3140,398,3538
39099813500,"Mahoning, OH (CT)",1991,1098,3089,5180,2197,7377
39099813600,"Mahoning, OH (CT)",2154,1517,3671,4926,3398,8324
39099813700,"Mahoning, OH (CT)",0,1476,1476,0,3080,3080
39099813800,"Mahoning, OH (CT)",82,1285,1367,102,2965,3067
39099813900,"Mahoning, OH (CT)",0,1261,1261,0,2150,2150
39099814000,"Mahoning, OH (CT)",0,1469,1469,0,3340,3340
39099814100,"Mahoning, OH (CT)",0,1262,1262,0,2608,2608
39101000100,"Marion, OH (CT)",0,846,846,0,1262,1262
39101000200,"Marion, OH (CT)",0,1520,1520,0,3425,3425
39101000300,"Marion, OH (CT)",0,993,993,0,2352,2352
39101000400,"Marion, OH (CT)",0,1730,1730,0,3985,3985
39101000501,"Marion, OH (CT)",0,1202,1202,0,2711,2711
39101000502,"Marion, OH (CT)",0,1345,1345,0,2440,2440
39101000600,"Marion, OH (CT)",0,2225,2225,0,4665,4665
39101000700,"Marion, OH (CT)",0,1257,1257,0,2529,2529
39101000800,"Marion, OH (CT)",0,1158,1158,0,2421,2421
39101000900,"Marion, OH (CT)",0,2077,2077,0,4648,4648
39101001000,"Marion, OH (CT)",0,1507,1507,0,3156,3156
39101001100,"Marion, OH (CT)",0,1018,1018,0,2440,2440
39101010100,"Marion, OH (CT)",2028,195,2223,4842,339,5181
39101010201,"Marion, OH (CT)",1283,854,2137,3094,2137,5231
39101010202,"Marion, OH (CT)",0,13,13,0,4760,4760
39101010300,"Marion, OH (CT)",2168,18,2186,5319,38,5357
39101010400,"Marion, OH (CT)",782,1412,2194,1822,2872,4694
39101010500,"Marion, OH (CT)",2124,79,2203,5040,204,5244
39103400100,"Medina, OH (CT)",1974,885,2859,5169,2477,7646
39103402000,"Medina, OH (CT)",1824,94,1918,4916,211,5127
39103403001,"Medina, OH (CT)",1218,0,1218,3250,0,3250
39103403002,"Medina, OH (CT)",928,207,1135,2398,513,2911
39103404000,"Medina, OH (CT)",1054,509,1563,2657,1313,3970
39103405000,"Medina, OH (CT)",1489,201,1690,3961,484,4445
39103406000,"Medina, OH (CT)",1944,7,1951,5186,25,5211
39103407000,"Medina, OH (CT)",942,1258,2200,2606,3399,6005
39103408001,"Medina, OH (CT)",0,1172,1172,0,2752,2752
39103408002,"Medina, OH (CT)",0,889,889,0,1801,1801
39103408003,"Medina, OH (CT)",0,1593,1593,0,2977,2977
39103408100,"Medina, OH (CT)",161,3201,3362,405,6927,7332
39103408201,"Medina, OH (CT)",221,1454,1675,555,3665,4220
39103408202,"Medina, OH (CT)",0,2056,2056,0,5517,5517
39103408301,"Medina, OH (CT)",0,1398,1398,0,3620,3620
39103408302,"Medina, OH (CT)",0,3693,3693,0,10213,10213
39103409001,"Medina, OH (CT)",873,0,873,2265,0,2265
39103409002,"Medina, OH (CT)",1235,810,2045,3186,1606,4792
39103410000,"Medina, OH (CT)",1475,0,1475,4157,0,4157
39103411001,"Medina, OH (CT)",675,0,675,1718,0,1718
39103411002,"Medina, OH (CT)",83,1339,1422,194,2670,2864
39103412000,"Medina, OH (CT)",971,737,1708,2503,1611,4114
39103413000,"Medina, OH (CT)",1254,1014,2268,3193,2421,5614
39103415100,"Medina, OH (CT)",0,1281,1281,0,3788,3788
39103415200,"Medina, OH (CT)",0,1569,1569,0,4265,4265
39103415300,"Medina, OH (CT)",0,1966,1966,0,4600,4600
39103415400,"Medina, OH (CT)",0,1726,1726,0,4579,4579
39103415800,"Medina, OH (CT)",0,2653,2653,0,6651,6651
39103416000,"Medina, OH (CT)",0,2367,2367,0,5653,5653
39103416100,"Medina, OH (CT)",142,1746,1888,356,4507,4863
39103416200,"Medina, OH (CT)",268,1467,1735,731,3031,3762
39103416300,"Medina, OH (CT)",0,998,998,0,2602,2602
39103416400,"Medina, OH (CT)",0,1320,1320,0,3390,3390
39103417000,"Medina, OH (CT)",297,3426,3723,726,7702,8428
39103417100,"Medina, OH (CT)",188,2594,2782,521,5786,6307
39103417200,"Medina, OH (CT)",165,2416,2581,448,6358,6806
39103417300,"Medina, OH (CT)",87,1667,1754,244,3873,4117
39105964100,"Meigs, OH (CT)",2000,0,2000,4209,0,4209
39105964200,"Meigs, OH (CT)",2098,0,2098,4808,0,4808
39105964300,"Meigs, OH (CT)",2191,0,2191,4808,0,4808
39105964400,"Meigs, OH (CT)",322,1473,1795,689,2832,3521
39105964500,"Meigs, OH (CT)",729,799,1528,1478,1614,3092
39105964600,"Meigs, OH (CT)",1579,0,1579,3332,0,3332
39107967200,"Mercer, OH (CT)",1582,0,1582,3769,0,3769
39107967300,"Mercer, OH (CT)",1750,0,1750,4417,0,4417
39107967400,"Mercer, OH (CT)",216,1793,2009,521,4081,4602
39107967500,"Mercer, OH (CT)",184,2208,2392,440,4856,5296
39107967600,"Mercer, OH (CT)",228,1328,1556,424,2361,2785
39107967700,"Mercer, OH (CT)",588,1833,2421,1695,4473,6168
39107967800,"Mercer, OH (CT)",1794,0,1794,1951,0,1951
39107967900,"Mercer, OH (CT)",2376,0,2376,6825,0,6825
39107968000,"Mercer, OH (CT)",1753,0,1753,5001,0,5001
39109300100,"Miami, OH (CT)",642,1393,2035,1504,2960,4464
39109315001,"Miami, OH (CT)",244,1502,1746,562,3423,3985
39109315002,"Miami, OH (CT)",180,1814,1994,463,3921,4384
39109315100,"Miami, OH (CT)",117,2615,2732,271,5723,5994
39109315300,"Miami, OH (CT)",61,2251,2312,142,5077,5219
39109320100,"Miami, OH (CT)",1385,56,1441,3455,139,3594
39109325000,"Miami, OH (CT)",104,1156,1260,267,2588,2855
39109330100,"Miami, OH (CT)",1366,0,1366,3399,0,3399
39109340100,"Miami, OH (CT)",2112,12,2124,5061,24,5085
39109345000,"Miami, OH (CT)",103,2077,2180,223,4587,4810
39109350100,"Miami, OH (CT)",1250,1881,3131,3046,4894,7940
39109355001,"Miami, OH (CT)",38,2643,2681,92,5776,5868
39109355002,"Miami, OH (CT)",84,718,802,196,1549,1745
39109365000,"Miami, OH (CT)",167,3851,4018,496,8122,8618
39109365101,"Miami, OH (CT)",522,971,1493,1279,2215,3494
39109365102,"Miami, OH (CT)",256,1956,2212,611,4507,5118
39109365200,"Miami, OH (CT)",0,1638,1638,0,3908,3908
39109365301,"Miami, OH (CT)",241,2290,2531,551,4888,5439
39109365302,"Miami, OH (CT)",154,2046,2200,424,5442,5866
39109380100,"Miami, OH (CT)",1914,467,2381,4609,1193,5802
39109390100,"Miami, OH (CT)",1979,0,1979,4919,0,4919
39111966600,"Monroe, OH (CT)",1637,174,1811,3275,344,3619
39111966700,"Monroe, OH (CT)",1800,0,1800,3773,0,3773
39111966800,"Monroe, OH (CT)",2000,0,2000,3931,0,3931
39111966900,"Monroe, OH (CT)",1956,0,1956,3319,0,3319
39113000100,"Montgomery, OH (CT)",0,1503,1503,0,3053,3053
39113000200,"Montgomery, OH (CT)",0,1230,1230,0,2433,2433
39113000300,"Montgomery, OH (CT)",0,1485,1485,0,1957,1957
39113000400,"Montgomery, OH (CT)",0,1975,1975,0,4263,4263
39113000500,"Montgomery, OH (CT)",0,2223,2223,0,3968,3968
39113000600,"Montgomery, OH (CT)",0,837,837,0,1840,1840
39113000700,"Montgomery, OH (CT)",0,1787,1787,0,2615,2615
39113000801,"Montgomery, OH (CT)",0,2159,2159,0,3964,3964
39113000802,"Montgomery, OH (CT)",0,1559,1559,0,2383,2383
39113000900,"Montgomery, OH (CT)",0,1829,1829,0,3133,3133
39113001000,"Montgomery, OH (CT)",0,722,722,0,1356,1356
39113001100,"Montgomery, OH (CT)",0,2586,2586,0,4245,4245
39113001200,"Montgomery, OH (CT)",0,869,869,0,1325,1325
39113001501,"Montgomery, OH (CT)",0,2371,2371,0,3866,3866
39113001600,"Montgomery, OH (CT)",0,1113,1113,0,2072,2072
39113001700,"Montgomery, OH (CT)",0,489,489,0,763,763
39113001800,"Montgomery, OH (CT)",0,3087,3087,0,6117,6117
39113001900,"Montgomery, OH (CT)",0,2409,2409,0,4456,4456
39113002000,"Montgomery, OH (CT)",0,1564,1564,0,3031,3031
39113002200,"Montgomery, OH (CT)",0,1615,1615,0,2903,2903
39113002300,"Montgomery, OH (CT)",0,1534,1534,0,3144,3144
39113002400,"Montgomery, OH (CT)",0,1238,1238,0,2469,2469
39113002500,"Montgomery, OH (CT)",0,2718,2718,0,5063,5063
39113002600,"Montgomery, OH (CT)",0,2789,2789,0,5565,5565
39113002700,"Montgomery, OH (CT)",0,992,992,0,1993,1993
39113002800,"Montgomery, OH (CT)",0,1133,1133,0,2160,2160
39113002900,"Montgomery, OH (CT)",0,2191,2191,0,4076,4076
39113003000,"Montgomery, OH (CT)",0,1515,1515,0,2717,2717
39113003100,"Montgomery, OH (CT)",0,1715,1715,0,2703,2703
39113003201,"Montgomery, OH (CT)",0,2185,2185,0,3442,3442
39113003300,"Montgomery, OH (CT)",0,2382,2382,0,4793,4793
39113003402,"Montgomery, OH (CT)",0,693,693,0,3904,3904
39113003403,"Montgomery, OH (CT)",0,133,133,0,3481,3481
39113003404,"Montgomery, OH (CT)",0,1305,1305,0,2291,2291
39113003500,"Montgomery, OH (CT)",0,1313,1313,0,2381,2381
39113003800,"Montgomery, OH (CT)",0,1970,1970,0,3231,3231
39113003900,"Montgomery, OH (CT)",0,1568,1568,0,2373,2373
39113004100,"Montgomery, OH (CT)",0,1349,1349,0,2517,2517
39113004200,"Montgomery, OH (CT)",0,1457,1457,0,2447,2447
39113004300,"Montgomery, OH (CT)",0,973,973,0,2036,2036
39113004400,"Montgomery, OH (CT)",0,1243,1243,0,2252,2252
39113004600,"Montgomery, OH (CT)",0,564,564,0,1500,1500
39113010100,"Montgomery, OH (CT)",0,826,826,0,2129,2129
39113010200,"Montgomery, OH (CT)",0,2946,2946,0,7073,7073
39113020100,"Montgomery, OH (CT)",0,1503,1503,0,2863,2863
39113020200,"Montgomery, OH (CT)",0,1368,1368,0,2893,2893
39113020300,"Montgomery, OH (CT)",0,1226,1226,0,2628,2628
39113020400,"Montgomery, OH (CT)",0,3154,3154,0,6568,6568
39113020500,"Montgomery, OH (CT)",0,950,950,0,1427,1427
39113020601,"Montgomery, OH (CT)",0,862,862,0,1843,1843
39113020602,"Montgomery, OH (CT)",0,720,720,0,1607,1607
39113020700,"Montgomery, OH (CT)",0,1630,1630,0,3139,3139
39113020800,"Montgomery, OH (CT)",0,1371,1371,0,2381,2381
39113020900,"Montgomery, OH (CT)",0,1492,1492,0,2630,2630
39113021000,"Montgomery, OH (CT)",0,789,789,0,1741,1741
39113021100,"Montgomery, OH (CT)",0,1684,1684,0,3286,3286
39113021200,"Montgomery, OH (CT)",0,825,825,0,1735,1735
39113021301,"Montgomery, OH (CT)",0,1237,1237,0,2848,2848
39113021302,"Montgomery, OH (CT)",0,987,987,0,2258,2258
39113021400,"Montgomery, OH (CT)",0,1184,1184,0,2616,2616
39113021501,"Montgomery, OH (CT)",0,1348,1348,0,2863,2863
39113021502,"Montgomery, OH (CT)",0,815,815,0,1598,1598
39113021601,"Montgomery, OH (CT)",0,969,969,0,2047,2047
39113021602,"Montgomery, OH (CT)",0,1494,1494,0,3359,3359
39113021700,"Montgomery, OH (CT)",0,1237,1237,0,2471,2471
39113021800,"Montgomery, OH (CT)",0,1094,1094,0,2113,2113
39113021900,"Montgomery, OH (CT)",0,1000,1000,0,2067,2067
39113030100,"Montgomery, OH (CT)",0,2387,2387,0,4650,4650
39113030200,"Montgomery, OH (CT)",31,952,983,58,2438,2496
39113040101,"Montgomery, OH (CT)",0,831,831,0,1880,1880
39113040102,"Montgomery, OH (CT)",0,870,870,0,2087,2087
39113040103,"Montgomery, OH (CT)",0,1329,1329,0,2643,2643
39113040201,"Montgomery, OH (CT)",0,1222,1222,0,2811,2811
39113040203,"Montgomery, OH (CT)",0,1356,1356,0,2734,2734
39113040204,"Montgomery, OH (CT)",0,2585,2585,0,4603,4603
39113040302,"Montgomery, OH (CT)",0,2417,2417,0,5484,5484
39113040303,"Montgomery, OH (CT)",0,2156,2156,0,5079,5079
39113040305,"Montgomery, OH (CT)",5,950,955,13,2935,2948
39113040306,"Montgomery, OH (CT)",0,2169,2169,0,5237,5237
39113040401,"Montgomery, OH (CT)",0,2371,2371,0,5100,5100
39113040403,"Montgomery, OH (CT)",0,2086,2086,0,4140,4140
39113040405,"Montgomery, OH (CT)",0,3365,3365,0,5717,5717
39113040406,"Montgomery, OH (CT)",0,2460,2460,0,6144,6144
39113050101,"Montgomery, OH (CT)",0,2144,2144,0,4099,4099
39113050103,"Montgomery, OH (CT)",0,3910,3910,0,8833,8833
39113050104,"Montgomery, OH (CT)",0,1342,1342,0,2525,2525
39113050105,"Montgomery, OH (CT)",0,2184,2184,0,4592,4592
39113050301,"Montgomery, OH (CT)",94,1590,1684,185,3119,3304
39113050302,"Montgomery, OH (CT)",0,2246,2246,0,5324,5324
39113050303,"Montgomery, OH (CT)",0,2161,2161,0,3932,3932
39113050401,"Montgomery, OH (CT)",0,2172,2172,0,5163,5163
39113050402,"Montgomery, OH (CT)",0,1000,1000,0,2250,2250
39113050502,"Montgomery, OH (CT)",0,1307,1307,0,2891,2891
39113050503,"Montgomery, OH (CT)",0,2950,2950,0,6453,6453
39113050504,"Montgomery, OH (CT)",0,2721,2721,0,6358,6358
39113050600,"Montgomery, OH (CT)",517,1139,1656,1240,2595,3835
39113060100,"Montgomery, OH (CT)",1151,209,1360,2436,451,2887
39113060200,"Montgomery, OH (CT)",0,740,740,0,1755,1755
39113060300,"Montgomery, OH (CT)",0,1400,1400,0,3757,3757
39113070101,"Montgomery, OH (CT)",817,1585,2402,1635,2540,4175
39113070102,"Montgomery, OH (CT)",0,2050,2050,0,3569,3569
39113070201,"Montgomery, OH (CT)",0,679,679,0,1571,1571
39113070202,"Montgomery, OH (CT)",0,1019,1019,0,2035,2035
39113070300,"Montgomery, OH (CT)",0,1515,1515,0,2776,2776
39113070400,"Montgomery, OH (CT)",0,1139,1139,0,2539,2539
39113070500,"Montgomery, OH (CT)",0,2100,2100,0,4365,4365
39113070600,"Montgomery, OH (CT)",0,519,519,0,1198,1198
39113070700,"Montgomery, OH (CT)",0,1500,1500,0,3415,3415
39113080100,"Montgomery, OH (CT)",0,3178,3178,0,5823,5823
39113080200,"Montgomery, OH (CT)",0,1316,1316,0,2766,2766
39113080300,"Montgomery, OH (CT)",0,1173,1173,0,2190,2190
39113080400,"Montgomery, OH (CT)",0,2332,2332,0,3216,3216
39113080500,"Montgomery, OH (CT)",0,2897,2897,0,6624,6624
39113080600,"Montgomery, OH (CT)",0,734,734,0,1573,1573
39113080700,"Montgomery, OH (CT)",0,1148,1148,0,2135,2135
39113090302,"Montgomery, OH (CT)",8,2731,2739,17,6279,6296
39113090303,"Montgomery, OH (CT)",0,1247,1247,0,3480,3480
39113090304,"Montgomery, OH (CT)",0,2606,2606,0,6583,6583
39113090600,"Montgomery, OH (CT)",0,1845,1845,0,3556,3556
39113090700,"Montgomery, OH (CT)",0,612,612,0,1437,1437
39113090800,"Montgomery, OH (CT)",0,556,556,0,1334,1334
39113090900,"Montgomery, OH (CT)",0,1571,1571,0,3537,3537
39113091000,"Montgomery, OH (CT)",0,1293,1293,0,2550,2550
39113091100,"Montgomery, OH (CT)",0,1190,1190,0,3013,3013
39113100101,"Montgomery, OH (CT)",30,2758,2788,57,6256,6313
39113100102,"Montgomery, OH (CT)",0,2375,2375,0,5787,5787
39113100201,"Montgomery, OH (CT)",0,1983,1983,0,4593,4593
39113100202,"Montgomery, OH (CT)",0,1121,1121,0,2575,2575
39113100203,"Montgomery, OH (CT)",0,1915,1915,0,4828,4828
39113100301,"Montgomery, OH (CT)",0,1741,1741,0,4426,4426
39113100302,"Montgomery, OH (CT)",0,1360,1360,0,3243,3243
39113100400,"Montgomery, OH (CT)",287,1689,1976,738,4021,4759
39113110100,"Montgomery, OH (CT)",543,18,561,1280,37,1317
39113110201,"Montgomery, OH (CT)",158,1744,1902,344,4270,4614
39113110202,"Montgomery, OH (CT)",11,1452,1463,16,3031,3047
39113115002,"Montgomery, OH (CT)",187,1664,1851,435,3638,4073
39113115011,"Montgomery, OH (CT)",0,2796,2796,0,5465,5465
39113115012,"Montgomery, OH (CT)",80,2225,2305,171,5245,5416
39113120101,"Montgomery, OH (CT)",472,1619,2091,1189,4104,5293
39113120102,"Montgomery, OH (CT)",0,1866,1866,0,4736,4736
39113120103,"Montgomery, OH (CT)",0,1402,1402,0,3009,3009
39113125000,"Montgomery, OH (CT)",130,2543,2673,295,6011,6306
39113125101,"Montgomery, OH (CT)",34,2983,3017,78,7083,7161
39113125102,"Montgomery, OH (CT)",45,2817,2862,87,6175,6262
39113130101,"Montgomery, OH (CT)",716,320,1036,1775,699,2474
39113130102,"Montgomery, OH (CT)",510,2395,2905,1275,5131,6406
39113140100,"Montgomery, OH (CT)",1349,1181,2530,3315,2684,5999
39113150100,"Montgomery, OH (CT)",1448,1105,2553,3579,2756,6335
39113160100,"Montgomery, OH (CT)",740,39,779,1797,109,1906
39113165000,"Montgomery, OH (CT)",482,2247,2729,1164,5359,6523
39113165100,"Montgomery, OH (CT)",0,1658,1658,0,2687,2687
39113165200,"Montgomery, OH (CT)",0,1575,1575,0,1669,1669
39113980000,"Montgomery, OH (CT)",0,0,0,0,0,0
39115968800,"Morgan, OH (CT)",1692,106,1798,3129,167,3296
39115968900,"Morgan, OH (CT)",738,1198,1936,1522,2485,4007
39115969000,"Morgan, OH (CT)",2287,63,2350,4136,135,4271
39115969100,"Morgan, OH (CT)",1808,0,1808,3480,0,3480
39117965000,"Morrow, OH (CT)",1841,1,1842,4289,3,4292
39117965100,"Morrow, OH (CT)",1902,0,1902,4643,0,4643
39117965200,"Morrow, OH (CT)",1259,1789,3048,3205,3884,7089
39117965300,"Morrow, OH (CT)",2602,0,2602,6321,0,6321
39117965400,"Morrow, OH (CT)",2282,0,2282,6115,0,6115
39117965500,"Morrow, OH (CT)",2479,0,2479,6367,0,6367
39119911000,"Muskingum, OH (CT)",1763,139,1902,4238,327,4565
39119911100,"Muskingum, OH (CT)",1925,547,2472,4561,1318,5879
39119911200,"Muskingum, OH (CT)",2327,362,2689,5816,828,6644
39119911300,"Muskingum, OH (CT)",2180,232,2412,5349,589,5938
39119911400,"Muskingum, OH (CT)",233,1432,1665,523,3281,3804
39119911500,"Muskingum, OH (CT)",431,2006,2437,1065,3920,4985
39119911600,"Muskingum, OH (CT)",325,2874,3199,706,5259,5965
39119911700,"Muskingum, OH (CT)",0,1620,1620,0,3375,3375
39119911800,"Muskingum, OH (CT)",0,1620,1620,0,3241,3241
39119911900,"Muskingum, OH (CT)",215,1137,1352,410,2459,2869
39119912000,"Muskingum, OH (CT)",457,961,1418,1066,2072,3138
39119912100,"Muskingum, OH (CT)",0,1701,1701,0,3748,3748
39119912200,"Muskingum, OH (CT)",0,1543,1543,0,3586,3586
39119912300,"Muskingum, OH (CT)",170,1755,1925,388,3901,4289
39119912400,"Muskingum, OH (CT)",851,1000,1851,2069,2187,4256
39119912500,"Muskingum, OH (CT)",1907,338,2245,4127,744,4871
39119912600,"Muskingum, OH (CT)",1538,0,1538,3322,0,3322
39119912700,"Muskingum, OH (CT)",1415,854,2269,3492,2041,5533
39119912800,"Muskingum, OH (CT)",1368,848,2216,3351,2715,6066
39121968300,"Noble, OH (CT)",2155,0,2155,4051,0,4051
39121968400,"Noble, OH (CT)",873,1396,2269,1938,5446,7384
39121968500,"Noble, OH (CT)",1612,17,1629,3168,42,3210
39123050100,"Ottawa, OH (CT)",1434,0,1434,633,0,633
39123050201,"Ottawa, OH (CT)",0,1699,1699,0,1906,1906
39123050202,"Ottawa, OH (CT)",0,2007,2007,0,1692,1692
39123050301,"Ottawa, OH (CT)",1520,1894,3414,1947,920,2867
39123050302,"Ottawa, OH (CT)",870,2201,3071,723,1578,2301
39123050500,"Ottawa, OH (CT)",0,1761,1761,0,3213,3213
39123050600,"Ottawa, OH (CT)",0,1517,1517,0,3293,3293
39123050700,"Ottawa, OH (CT)",310,1238,1548,674,2776,3450
39123050800,"Ottawa, OH (CT)",2410,7,2417,4038,18,4056
39123050900,"Ottawa, OH (CT)",2383,0,2383,5659,0,5659
39123051000,"Ottawa, OH (CT)",656,1452,2108,1663,3395,5058
39123051100,"Ottawa, OH (CT)",909,550,1459,2375,1405,3780
39123051200,"Ottawa, OH (CT)",1955,1136,3091,2773,747,3520
39125960100,"Paulding, OH (CT)",1464,0,1464,3123,0,3123
39125960200,"Paulding, OH (CT)",1929,0,1929,4339,0,4339
39125960300,"Paulding, OH (CT)",1812,0,1812,4219,0,4219
39125960400,"Paulding, OH (CT)",225,1691,1916,550,3550,4100
39125960500,"Paulding, OH (CT)",1628,0,1628,3833,0,3833
39127965800,"Perry, OH (CT)",3146,0,3146,7221,0,7221
39127965900,"Perry, OH (CT)",2826,0,2826,6975,0,6975
39127966000,"Perry, OH (CT)",506,1640,2146,1154,3878,5032
39127966100,"Perry, OH (CT)",1934,48,1982,4498,109,4607
39127966200,"Perry, OH (CT)",386,2087,2473,1133,4940,6073
39127966300,"Perry, OH (CT)",2638,0,2638,6150,0,6150
39129020100,"Pickaway, OH (CT)",0,877,877,0,1825,1825
39129020200,"Pickaway, OH (CT)",0,1185,1185,0,2645,2645
39129020310,"Pickaway, OH (CT)",0,2280,2280,0,4820,4820
39129020320,"Pickaway, OH (CT)",248,1173,1421,603,2844,3447
39129020400,"Pickaway, OH (CT)",173,965,1138,325,2397,2722
39129021100,"Pickaway, OH (CT)",2766,108,2874,7119,440,7559
39129021200,"Pickaway, OH (CT)",484,2741,3225,1146,6447,7593
39129021300,"Pickaway, OH (CT)",0,0,0,0,3598,3598
39129021401,"Pickaway, OH (CT)",1251,71,1322,3193,173,3366
39129021402,"Pickaway, OH (CT)",1392,951,2343,3806,2529,6335
39129021500,"Pickaway, OH (CT)",1264,0,1264,3267,0,3267
39129021600,"Pickaway, OH (CT)",1446,0,1446,3555,0,3555
39129021700,"Pickaway, OH (CT)",1807,93,1900,4760,206,4966
39131952200,"Pike, OH (CT)",2364,0,2364,5757,0,5757
39131952300,"Pike, OH (CT)",1183,1143,2326,2831,2666,5497
39131952400,"Pike, OH (CT)",413,1362,1775,857,2473,3330
39131952500,"Pike, OH (CT)",649,1052,1701,1546,2198,3744
39131952600,"Pike, OH (CT)",2375,35,2410,5859,59,5918
39131952700,"Pike, OH (CT)",1905,0,1905,4463,0,4463
39133600102,"Portage, OH (CT)",983,223,1206,2435,1382,3817
39133600103,"Portage, OH (CT)",1345,952,2297,3398,2075,5473
39133600200,"Portage, OH (CT)",2427,0,2427,5854,0,5854
39133600301,"Portage, OH (CT)",388,3284,3672,1045,7849,8894
39133600302,"Portage, OH (CT)",385,2339,2724,980,5674,6654
39133600401,"Portage, OH (CT)",37,2976,3013,55,6640,6695
39133600402,"Portage, OH (CT)",526,1642,2168,1313,3355,4668
39133600403,"Portage, OH (CT)",240,1757,1997,599,4243,4842
39133600500,"Portage, OH (CT)",1583,549,2132,4275,1395,5670
39133600602,"Portage, OH (CT)",1153,0,1153,2843,0,2843
39133600603,"Portage, OH (CT)",564,1284,1848,1381,2693,4074
39133600703,"Portage, OH (CT)",115,658,773,249,1550,1799
39133600704,"Portage, OH (CT)",699,6,705,1729,15,1744
39133600705,"Portage, OH (CT)",987,0,987,2586,0,2586
39133600706,"Portage, OH (CT)",1132,0,1132,2919,0,2919
39133600800,"Portage, OH (CT)",0,1833,1833,0,3409,3409
39133600901,"Portage, OH (CT)",0,1843,1843,0,4100,4100
39133600902,"Portage, OH (CT)",0,2412,2412,0,5505,5505
39133601000,"Portage, OH (CT)",0,1223,1223,0,2613,2613
39133601100,"Portage, OH (CT)",1050,1370,2420,2381,2925,5306
39133601200,"Portage, OH (CT)",0,2322,2322,0,4930,4930
39133601300,"Portage, OH (CT)",0,3012,3012,0,6899,6899
39133601400,"Portage, OH (CT)",0,2325,2325,0,4584,4584
39133601501,"Portage, OH (CT)",0,971,971,0,2118,2118
39133601502,"Portage, OH (CT)",0,1081,1081,0,7117,7117
39133601503,"Portage, OH (CT)",0,1972,1972,0,4402,4402
39133601600,"Portage, OH (CT)",282,1631,1913,651,3420,4071
39133601701,"Portage, OH (CT)",2,2493,2495,8,5706,5714
39133601702,"Portage, OH (CT)",213,2051,2264,516,5200,5716
39133601801,"Portage, OH (CT)",358,1195,1553,789,3023,3812
39133601802,"Portage, OH (CT)",1232,519,1751,3121,1292,4413
39133601901,"Portage, OH (CT)",1111,0,1111,2740,0,2740
39133601902,"Portage, OH (CT)",1615,0,1615,2822,0,2822
39133602000,"Portage, OH (CT)",2096,0,2096,5298,0,5298
39133602100,"Portage, OH (CT)",1251,1775,3026,2980,4338,7318
39135400100,"Preble, OH (CT)",627,863,1490,1508,1801,3309
39135410100,"Preble, OH (CT)",919,0,919,2258,0,2258
39135420100,"Preble, OH (CT)",1921,0,1921,4594,0,4594
39135430100,"Preble, OH (CT)",1103,0,1103,2790,0,2790
39135440100,"Preble, OH (CT)",1574,0,1574,3859,0,3859
39135450100,"Preble, OH (CT)",646,278,924,1596,523,2119
39135455001,"Preble, OH (CT)",87,915,1002,190,2237,2427
39135455002,"Preble, OH (CT)",135,2570,2705,333,5352,5685
39135460100,"Preble, OH (CT)",1246,0,1246,2926,0,2926
39135470101,"Preble, OH (CT)",185,1257,1442,466,3096,3562
39135470102,"Preble, OH (CT)",1821,0,1821,4339,0,4339
39135480100,"Preble, OH (CT)",1741,0,1741,4402,0,4402
39137030100,"Putnam, OH (CT)",1757,0,1757,4398,0,4398
39137030200,"Putnam, OH (CT)",2372,0,2372,5823,0,5823
39137030300,"Putnam, OH (CT)",947,2270,3217,2575,5270,7845
39137030400,"Putnam, OH (CT)",1329,0,1329,3397,0,3397
39137030500,"Putnam, OH (CT)",1528,0,1528,3804,0,3804
39137030600,"Putnam, OH (CT)",1598,0,1598,4252,0,4252
39137030700,"Putnam, OH (CT)",1924,6,1930,4958,22,4980
39139000400,"Richland, OH (CT)",0,1231,1231,0,2480,2480
39139000500,"Richland, OH (CT)",0,2191,2191,0,3731,3731
39139000600,"Richland, OH (CT)",0,1649,1649,0,3273,3273
39139000700,"Richland, OH (CT)",0,1401,1401,0,2771,2771
39139000800,"Richland, OH (CT)",0,1307,1307,0,2821,2821
39139000900,"Richland, OH (CT)",27,2085,2112,67,4545,4612
39139001000,"Richland, OH (CT)",0,2794,2794,0,5590,5590
39139001100,"Richland, OH (CT)",0,1384,1384,0,2600,2600
39139001200,"Richland, OH (CT)",85,1851,1936,230,3529,3759
39139001300,"Richland, OH (CT)",0,1540,1540,0,3118,3118
39139001400,"Richland, OH (CT)",0,1235,1235,0,2245,2245
39139001500,"Richland, OH (CT)",0,974,974,0,2136,2136
39139001600,"Richland, OH (CT)",0,860,860,0,1845,1845
39139001700,"Richland, OH (CT)",109,40,149,259,5127,5386
39139001800,"Richland, OH (CT)",175,1492,1667,417,3236,3653
39139001900,"Richland, OH (CT)",1063,1559,2622,2448,3771,6219
39139002000,"Richland, OH (CT)",2182,149,2331,5238,381,5619
39139002101,"Richland, OH (CT)",8,2759,2767,8,5142,5150
39139002102,"Richland, OH (CT)",530,1512,2042,1277,3402,4679
39139002200,"Richland, OH (CT)",876,2039,2915,2247,4759,7006
39139002300,"Richland, OH (CT)",2034,605,2639,4889,1425,6314
39139002400,"Richland, OH (CT)",294,2224,2518,662,4915,5577
39139002500,"Richland, OH (CT)",372,1490,1862,905,3299,4204
39139002600,"Richland, OH (CT)",0,2288,2288,0,4921,4921
39139002700,"Richland, OH (CT)",1652,563,2215,4190,1052,5242
39139002800,"Richland, OH (CT)",1413,29,1442,3697,33,3730
39139002900,"Richland, OH (CT)",1497,0,1497,4191,0,4191
39139003001,"Richland, OH (CT)",2139,0,2139,5298,0,5298
39139003002,"Richland, OH (CT)",1607,0,1607,3877,0,3877
39139003100,"Richland, OH (CT)",0,1285,1285,0,2428,2428
39141955500,"Ross, OH (CT)",2551,0,2551,6002,0,6002
39141955601,"Ross, OH (CT)",867,0,867,2207,0,2207
39141955602,"Ross, OH (CT)",0,167,167,0,5781,5781
39141955603,"Ross, OH (CT)",1541,44,1585,3842,107,3949
39141955700,"Ross, OH (CT)",2395,0,2395,5677,0,5677
39141955800,"Ross, OH (CT)",2470,720,3190,5850,1745,7595
39141955900,"Ross, OH (CT)",267,1630,1897,568,3651,4219
39141956000,"Ross, OH (CT)",0,2620,2620,0,5160,5160
39141956100,"Ross, OH (CT)",0,1860,1860,0,3621,3621
39141956200,"Ross, OH (CT)",0,1199,1199,0,2360,2360
39141956300,"Ross, OH (CT)",383,1153,1536,760,2378,3138
39141956400,"Ross, OH (CT)",0,1583,1583,0,3381,3381
39141956500,"Ross, OH (CT)",5,1704,1709,10,3905,3915
39141956600,"Ross, OH (CT)",2219,26,2245,5189,55,5244
39141956700,"Ross, OH (CT)",2255,0,2255,5159,0,5159
39141956800,"Ross, OH (CT)",2517,57,2574,5970,119,6089
39141956900,"Ross, OH (CT)",1915,0,1915,4567,0,4567
39143960800,"Sandusky, OH (CT)",1111,560,1671,2314,1290,3604
39143960900,"Sandusky, OH (CT)",1338,53,1391,3125,121,3246
39143961000,"Sandusky, OH (CT)",1712,0,1712,4213,0,4213
39143961100,"Sandusky, OH (CT)",1707,0,1707,4165,0,4165
39143961200,"Sandusky, OH (CT)",1604,45,1649,3889,104,3993
39143961300,"Sandusky, OH (CT)",94,1925,2019,211,4215,4426
39143961400,"Sandusky, OH (CT)",0,1397,1397,0,2964,2964
39143961500,"Sandusky, OH (CT)",0,1770,1770,0,4210,4210
39143961600,"Sandusky, OH (CT)",66,1485,1551,207,2842,3049
39143961700,"Sandusky, OH (CT)",61,1467,1528,157,3262,3419
39143961800,"Sandusky, OH (CT)",115,1740,1855,248,4068,4316
39143961900,"Sandusky, OH (CT)",1113,272,1385,2867,660,3527
39143962000,"Sandusky, OH (CT)",440,2291,2731,1030,5386,6416
39143962100,"Sandusky, OH (CT)",1880,193,2073,4477,531,5008
39143962200,"Sandusky, OH (CT)",0,1951,1951,0,4388,4388
39145002100,"Scioto, OH (CT)",2064,27,2091,5029,72,5101
39145002200,"Scioto, OH (CT)",912,558,1470,2137,2702,4839
39145002300,"Scioto, OH (CT)",2222,0,2222,5307,0,5307
39145002400,"Scioto, OH (CT)",2426,0,2426,5780,0,5780
39145002500,"Scioto, OH (CT)",1211,74,1285,2994,175,3169
39145002600,"Scioto, OH (CT)",1875,0,1875,4336,0,4336
39145002700,"Scioto, OH (CT)",1735,261,1996,4285,670,4955
39145002800,"Scioto, OH (CT)",1778,145,1923,4384,359,4743
39145002900,"Scioto, OH (CT)",171,2684,2855,406,5853,6259
39145003000,"Scioto, OH (CT)",441,1222,1663,1068,2846,3914
39145003100,"Scioto, OH (CT)",536,1030,1566,1139,2161,3300
39145003200,"Scioto, OH (CT)",0,910,910,0,1773,1773
39145003300,"Scioto, OH (CT)",0,1219,1219,0,2432,2432
39145003400,"Scioto, OH (CT)",0,1700,1700,0,3705,3705
39145003500,"Scioto, OH (CT)",0,1126,1126,0,2601,2601
39145003600,"Scioto, OH (CT)",0,1119,1119,0,2577,2577
39145003700,"Scioto, OH (CT)",0,1292,1292,0,2859,2859
39145003800,"Scioto, OH (CT)",653,1500,2153,1526,3087,4613
39145003900,"Scioto, OH (CT)",388,1035,1423,837,2363,3200
39145004000,"Scioto, OH (CT)",1783,45,1828,3922,114,4036
39147962500,"Seneca, OH (CT)",1594,0,1594,3928,0,3928
39147962600,"Seneca, OH (CT)",1658,0,1658,4129,0,4129
39147962700,"Seneca, OH (CT)",1538,0,1538,3529,0,3529
39147962800,"Seneca, OH (CT)",154,1441,1595,289,3171,3460
39147962900,"Seneca, OH (CT)",0,1809,1809,0,4107,4107
39147963000,"Seneca, OH (CT)",215,1217,1432,451,2962,3413
39147963100,"Seneca, OH (CT)",1768,0,1768,4607,0,4607
39147963200,"Seneca, OH (CT)",571,1438,2009,1397,2814,4211
39147963300,"Seneca, OH (CT)",240,1365,1605,583,3317,3900
39147963400,"Seneca, OH (CT)",517,1275,1792,1225,2877,4102
39147963500,"Seneca, OH (CT)",0,1767,1767,0,3809,3809
39147963600,"Seneca, OH (CT)",350,1363,1713,919,3478,4397
39147963700,"Seneca, OH (CT)",632,1487,2119,1823,3251,5074
39147963800,"Seneca, OH (CT)",1723,0,1723,4079,0,4079
39149971400,"Shelby, OH (CT)",1686,0,1686,4227,0,4227
39149971500,"Shelby, OH (CT)",1969,0,1969,5222,0,5222
39149971600,"Shelby, OH (CT)",1377,622,1999,3311,1596,4907
39149971700,"Shelby, OH (CT)",1397,407,1804,3602,911,4513
39149971800,"Shelby, OH (CT)",0,2467,2467,0,5632,5632
39149971900,"Shelby, OH (CT)",166,1620,1786,398,3738,4136
39149972000,"Shelby, OH (CT)",0,1787,1787,0,4079,4079
39149972100,"Shelby, OH (CT)",93,2286,2379,203,5115,5318
39149972200,"Shelby, OH (CT)",1389,826,2215,3511,2126,5637
39149972300,"Shelby, OH (CT)",1726,355,2081,4787,965,5752
39151700100,"Stark, OH (CT)",0,793,793,0,1269,1269
39151700200,"Stark, OH (CT)",0,2558,2558,0,5906,5906
39151700300,"Stark, OH (CT)",0,1191,1191,0,2587,2587
39151700400,"Stark, OH (CT)",0,2282,2282,0,4630,4630
39151700500,"Stark, OH (CT)",0,1344,1344,0,3041,3041
39151700600,"Stark, OH (CT)",0,1613,1613,0,3290,3290
39151700700,"Stark, OH (CT)",0,3164,3164,0,6956,6956
39151700800,"Stark, OH (CT)",0,1980,1980,0,3797,3797
39151701000,"Stark, OH (CT)",0,1536,1536,0,3539,3539
39151701100,"Stark, OH (CT)",0,1537,1537,0,3258,3258
39151701200,"Stark, OH (CT)",0,1777,1777,0,3701,3701
39151701300,"Stark, OH (CT)",0,1747,1747,0,4096,4096
39151701500,"Stark, OH (CT)",0,1506,1506,0,2988,2988
39151701700,"Stark, OH (CT)",0,1690,1690,0,3231,3231
39151701800,"Stark, OH (CT)",0,1226,1226,0,2263,2263
39151702100,"Stark, OH (CT)",0,1820,1820,0,3390,3390
39151702300,"Stark, OH (CT)",0,1371,1371,0,3140,3140
39151702500,"Stark, OH (CT)",0,1500,1500,0,3233,3233
39151710200,"Stark, OH (CT)",0,1981,1981,0,4635,4635
39151710300,"Stark, OH (CT)",0,1629,1629,0,3602,3602
39151710400,"Stark, OH (CT)",0,669,669,0,1034,1034
39151710500,"Stark, OH (CT)",0,2012,2012,0,4469,4469
39151710600,"Stark, OH (CT)",0,2354,2354,0,4805,4805
39151710700,"Stark, OH (CT)",0,1247,1247,0,3757,3757
39151710800,"Stark, OH (CT)",1112,1115,2227,2670,2723,5393
39151710900,"Stark, OH (CT)",1664,0,1664,4356,0,4356
39151711000,"Stark, OH (CT)",1044,2090,3134,2779,5026,7805
39151711111,"Stark, OH (CT)",4,1924,1928,13,4851,4864
39151711112,"Stark, OH (CT)",0,1765,1765,0,5010,5010
39151711121,"Stark, OH (CT)",374,1897,2271,1053,5477,6530
39151711122,"Stark, OH (CT)",54,2161,2215,152,5600,5752
39151711202,"Stark, OH (CT)",1133,557,1690,2948,1277,4225
39151711211,"Stark, OH (CT)",117,2764,2881,288,6575,6863
39151711212,"Stark, OH (CT)",0,1004,1004,0,2614,2614
39151711311,"Stark, OH (CT)",505,2627,3132,1232,6851,8083
39151711312,"Stark, OH (CT)",0,2647,2647,0,7035,7035
39151711321,"Stark, OH (CT)",0,1734,1734,0,3687,3687
39151711322,"Stark, OH (CT)",0,1904,1904,0,2973,2973
39151711402,"Stark, OH (CT)",0,3034,3034,0,6865,6865
39151711411,"Stark, OH (CT)",0,1492,1492,0,3834,3834
39151711412,"Stark, OH (CT)",82,2188,2270,180,4548,4728
39151711501,"Stark, OH (CT)",0,2222,2222,0,3791,3791
39151711502,"Stark, OH (CT)",0,1576,1576,0,3359,3359
39151711600,"Stark, OH (CT)",0,3006,3006,0,6023,6023
39151711700,"Stark, OH (CT)",0,2722,2722,0,5441,5441
39151711800,"Stark, OH (CT)",0,2583,2583,0,4831,4831
39151711900,"Stark, OH (CT)",0,2559,2559,0,4970,4970
39151712000,"Stark, OH (CT)",0,1905,1905,0,4325,4325
39151712102,"Stark, OH (CT)",93,3023,3116,222,7487,7709
39151712111,"Stark, OH (CT)",0,2928,2928,0,5962,5962
39151712112,"Stark, OH (CT)",0,769,769,0,1820,1820
39151712201,"Stark, OH (CT)",0,2482,2482,0,6412,6412
39151712202,"Stark, OH (CT)",0,2457,2457,0,5671,5671
39151712300,"Stark, OH (CT)",0,2736,2736,0,6020,6020
39151712400,"Stark, OH (CT)",19,2657,2676,24,6884,6908
39151712500,"Stark, OH (CT)",0,780,780,0,1862,1862
39151712601,"Stark, OH (CT)",0,1165,1165,0,2561,2561
39151712602,"Stark, OH (CT)",0,2150,2150,0,5080,5080
39151712700,"Stark, OH (CT)",1424,597,2021,3759,1461,5220
39151712800,"Stark, OH (CT)",1473,463,1936,3725,932,4657
39151712900,"Stark, OH (CT)",874,936,1810,2001,1959,3960
39151713000,"Stark, OH (CT)",1629,1,1630,3900,2,3902
39151713100,"Stark, OH (CT)",612,1944,2556,1414,4489,5903
39151713201,"Stark, OH (CT)",619,2413,3032,1493,5721,7214
39151713202,"Stark, OH (CT)",57,825,882,138,2022,2160
39151713300,"Stark, OH (CT)",0,1938,1938,0,4640,4640
39151713401,"Stark, OH (CT)",0,2320,2320,0,5116,5116
39151713402,"Stark, OH (CT)",0,1962,1962,0,4375,4375
39151713501,"Stark, OH (CT)",0,2429,2429,0,5378,5378
39151713502,"Stark, OH (CT)",0,2411,2411,0,5621,5621
39151713600,"Stark, OH (CT)",0,1137,1137,0,2496,2496
39151713700,"Stark, OH (CT)",0,1161,1161,0,2458,2458
39151713900,"Stark, OH (CT)",0,871,871,0,1912,1912
39151714000,"Stark, OH (CT)",0,1832,1832,0,3950,3950
39151714100,"Stark, OH (CT)",0,1411,1411,0,3336,3336
39151714200,"Stark, OH (CT)",0,1248,1248,0,2960,2960
39151714302,"Stark, OH (CT)",0,1709,1709,0,3958,3958
39151714400,"Stark, OH (CT)",29,1443,1472,73,3681,3754
39151714600,"Stark, OH (CT)",268,1704,1972,689,3597,4286
39151714701,"Stark, OH (CT)",562,1939,2501,1275,4551,5826
39151714702,"Stark, OH (CT)",941,72,1013,2409,175,2584
39151714801,"Stark, OH (CT)",1720,870,2590,4311,2235,6546
39151714802,"Stark, OH (CT)",1020,220,1240,2402,432,2834
39151714901,"Stark, OH (CT)",1576,165,1741,3636,325,3961
39151714902,"Stark, OH (CT)",1550,0,1550,3675,0,3675
39151715000,"Stark, OH (CT)",0,1489,1489,0,2925,2925
39153501100,"Summit, OH (CT)",0,619,619,0,1482,1482
39153501700,"Summit, OH (CT)",0,688,688,0,1448,1448
39153501800,"Summit, OH (CT)",0,490,490,0,1054,1054
39153501900,"Summit, OH (CT)",0,1317,1317,0,2465,2465
39153502101,"Summit, OH (CT)",0,1380,1380,0,3001,3001
39153502102,"Summit, OH (CT)",0,2395,2395,0,4202,4202
39153502200,"Summit, OH (CT)",0,2702,2702,0,5642,5642
39153502300,"Summit, OH (CT)",0,2455,2455,0,5273,5273
39153502500,"Summit, OH (CT)",0,623,623,0,1184,1184
39153502600,"Summit, OH (CT)",0,1419,1419,0,3054,3054
39153502700,"Summit, OH (CT)",0,3002,3002,0,6574,6574
39153502800,"Summit, OH (CT)",0,2026,2026,0,4243,4243
39153503100,"Summit, OH (CT)",0,903,903,0,1911,1911
39153503200,"Summit, OH (CT)",0,871,871,0,1829,1829
39153503300,"Summit, OH (CT)",0,2581,2581,0,5606,5606
39153503400,"Summit, OH (CT)",0,673,673,0,1478,1478
39153503500,"Summit, OH (CT)",0,1747,1747,0,3739,3739
39153503600,"Summit, OH (CT)",0,2003,2003,0,4352,4352
39153503701,"Summit, OH (CT)",0,2857,2857,0,5770,5770
39153503702,"Summit, OH (CT)",0,2728,2728,0,5769,5769
39153503800,"Summit, OH (CT)",0,1757,1757,0,3903,3903
39153504100,"Summit, OH (CT)",0,609,609,0,1222,1222
39153504200,"Summit, OH (CT)",0,945,945,0,1977,1977
39153504400,"Summit, OH (CT)",0,698,698,0,1491,1491
39153504500,"Summit, OH (CT)",0,855,855,0,1934,1934
39153504600,"Summit, OH (CT)",0,1685,1685,0,3376,3376
39153504700,"Summit, OH (CT)",0,1969,1969,0,4378,4378
39153504800,"Summit, OH (CT)",0,2324,2324,0,4810,4810
39153505200,"Summit, OH (CT)",0,788,788,0,1550,1550
39153505300,"Summit, OH (CT)",0,847,847,0,1791,1791
39153505400,"Summit, OH (CT)",0,1750,1750,0,3835,3835
39153505500,"Summit, OH (CT)",0,1235,1235,0,2688,2688
39153505600,"Summit, OH (CT)",0,746,746,0,1394,1394
39153505700,"Summit, OH (CT)",0,1289,1289,0,2837,2837
39153505800,"Summit, OH (CT)",0,2475,2475,0,4872,4872
39153505900,"Summit, OH (CT)",0,1178,1178,0,2423,2423
39153506100,"Summit, OH (CT)",0,2881,2881,0,5331,5331
39153506200,"Summit, OH (CT)",0,1764,1764,0,4049,4049
39153506400,"Summit, OH (CT)",0,1540,1540,0,2910,2910
39153506500,"Summit, OH (CT)",0,1417,1417,0,2965,2965
39153506600,"Summit, OH (CT)",0,1547,1547,0,2586,2586
39153506700,"Summit, OH (CT)",0,787,787,0,1608,1608
39153506800,"Summit, OH (CT)",0,903,903,0,2141,2141
39153507101,"Summit, OH (CT)",0,2467,2467,0,5195,5195
39153507102,"Summit, OH (CT)",0,1295,1295,0,2782,2782
39153507201,"Summit, OH (CT)",0,1142,1142,0,2517,2517
39153507202,"Summit, OH (CT)",0,1884,1884,0,3573,3573
39153507203,"Summit, OH (CT)",0,2124,2124,0,4334,4334
39153507300,"Summit, OH (CT)",0,1940,1940,0,3314,3314
39153507400,"Summit, OH (CT)",0,522,522,0,1062,1062
39153507500,"Summit, OH (CT)",0,3079,3079,0,6246,6246
39153507600,"Summit, OH (CT)",0,1941,1941,0,4248,4248
39153508000,"Summit, OH (CT)",29,3134,3163,81,4656,4737
39153508301,"Summit, OH (CT)",0,1156,1156,0,2153,2153
39153508399,"Summit, OH (CT)",0,2353,2353,0,4626,4626
39153508600,"Summit, OH (CT)",0,1627,1627,0,2913,2913
39153508800,"Summit, OH (CT)",0,2795,2795,0,5775,5775
39153508900,"Summit, OH (CT)",0,1467,1467,0,5255,5255
39153509000,"Summit, OH (CT)",0,928,928,0,1802,1802
39153510100,"Summit, OH (CT)",0,1535,1535,0,3129,3129
39153510200,"Summit, OH (CT)",0,1857,1857,0,4250,4250
39153510301,"Summit, OH (CT)",0,2393,2393,0,5339,5339
39153510302,"Summit, OH (CT)",0,2729,2729,0,5943,5943
39153510400,"Summit, OH (CT)",0,1744,1744,0,3840,3840
39153510500,"Summit, OH (CT)",0,2104,2104,0,4439,4439
39153520103,"Summit, OH (CT)",0,1059,1059,0,2099,2099
39153520104,"Summit, OH (CT)",0,2254,2254,0,4308,4308
39153520105,"Summit, OH (CT)",0,1981,1981,0,4177,4177
39153520106,"Summit, OH (CT)",0,1509,1509,0,2346,2346
39153520201,"Summit, OH (CT)",0,1291,1291,0,2752,2752
39153520202,"Summit, OH (CT)",0,2418,2418,0,4826,4826
39153520301,"Summit, OH (CT)",0,1809,1809,0,3387,3387
39153520302,"Summit, OH (CT)",0,1611,1611,0,3594,3594
39153520400,"Summit, OH (CT)",0,2167,2167,0,4728,4728
39153520500,"Summit, OH (CT)",0,1998,1998,0,4541,4541
39153520600,"Summit, OH (CT)",0,1680,1680,0,3766,3766
39153530101,"Summit, OH (CT)",51,1938,1989,150,4939,5089
39153530103,"Summit, OH (CT)",0,1862,1862,0,4828,4828
39153530104,"Summit, OH (CT)",0,3137,3137,0,7345,7345
39153530105,"Summit, OH (CT)",99,983,1082,197,2072,2269
39153530108,"Summit, OH (CT)",0,2013,2013,0,4340,4340
39153530401,"Summit, OH (CT)",0,1504,1504,0,3402,3402
39153530402,"Summit, OH (CT)",0,1470,1470,0,3695,3695
39153530501,"Summit, OH (CT)",0,2501,2501,0,5368,5368
39153530502,"Summit, OH (CT)",0,1461,1461,0,3239,3239
39153530603,"Summit, OH (CT)",37,2285,2322,151,4423,4574
39153530604,"Summit, OH (CT)",0,1433,1433,0,3474,3474
39153530605,"Summit, OH (CT)",0,2264,2264,0,5330,5330
39153530606,"Summit, OH (CT)",0,2186,2186,0,5755,5755
39153530700,"Summit, OH (CT)",0,1066,1066,0,2519,2519
39153530800,"Summit, OH (CT)",0,2764,2764,0,6630,6630
39153530901,"Summit, OH (CT)",0,2054,2054,0,4346,4346
39153530902,"Summit, OH (CT)",0,2760,2760,0,6216,6216
39153530903,"Summit, OH (CT)",0,1934,1934,0,5077,5077
39153531001,"Summit, OH (CT)",0,1539,1539,0,3704,3704
39153531002,"Summit, OH (CT)",0,2596,2596,0,5622,5622
39153531101,"Summit, OH (CT)",0,1369,1369,0,3122,3122
39153531102,"Summit, OH (CT)",0,1769,1769,0,4287,4287
39153531103,"Summit, OH (CT)",0,1284,1284,0,3044,3044
39153531401,"Summit, OH (CT)",195,2816,3011,482,7077,7559
39153531405,"Summit, OH (CT)",0,1951,1951,0,4195,4195
39153531500,"Summit, OH (CT)",65,3287,3352,147,8077,8224
39153531601,"Summit, OH (CT)",0,2038,2038,0,4304,4304
39153531602,"Summit, OH (CT)",223,1066,1289,572,2542,3114
39153531701,"Summit, OH (CT)",602,985,1587,1428,2424,3852
39153531702,"Summit, OH (CT)",662,1030,1692,1718,2590,4308
39153531801,"Summit, OH (CT)",0,2826,2826,0,5254,5254
39153531802,"Summit, OH (CT)",0,2045,2045,0,4529,4529
39153532001,"Summit, OH (CT)",149,1472,1621,383,3430,3813
39153532003,"Summit, OH (CT)",36,1693,1729,83,4316,4399
39153532004,"Summit, OH (CT)",3,1598,1601,5,3869,3874
39153532202,"Summit, OH (CT)",0,2950,2950,0,6468,6468
39153532301,"Summit, OH (CT)",868,1351,2219,2292,3313,5605
39153532302,"Summit, OH (CT)",390,2044,2434,935,4848,5783
39153532501,"Summit, OH (CT)",516,667,1183,1412,1804,3216
39153532502,"Summit, OH (CT)",1097,155,1252,2608,341,2949
39153532600,"Summit, OH (CT)",732,515,1247,1591,1173,2764
39153532701,"Summit, OH (CT)",6,2831,2837,15,6876,6891
39153532702,"Summit, OH (CT)",0,1644,1644,0,3677,3677
39153532703,"Summit, OH (CT)",20,2393,2413,57,5782,5839
39153532705,"Summit, OH (CT)",62,2790,2852,308,6843,7151
39153532706,"Summit, OH (CT)",20,2106,2126,36,3760,3796
39153532708,"Summit, OH (CT)",0,2089,2089,0,5453,5453
39153532901,"Summit, OH (CT)",484,165,649,1078,423,1501
39153532902,"Summit, OH (CT)",62,3610,3672,257,7936,8193
39153532999,"Summit, OH (CT)",277,2266,2543,720,5001,5721
39153533000,"Summit, OH (CT)",0,724,724,0,1688,1688
39153533101,"Summit, OH (CT)",5,1626,1631,15,4557,4572
39153533102,"Summit, OH (CT)",0,863,863,0,2619,2619
39153533200,"Summit, OH (CT)",215,1819,2034,660,5155,5815
39153533400,"Summit, OH (CT)",476,2240,2716,1127,4934,6061
39153533501,"Summit, OH (CT)",6,3400,3406,14,8172,8186
39153533502,"Summit, OH (CT)",495,1065,1560,1269,2465,3734
39153534000,"Summit, OH (CT)",388,2219,2607,832,5663,6495
39153534100,"Summit, OH (CT)",121,746,867,380,2381,2761
39155920300,"Trumbull, OH (CT)",0,1393,1393,0,2820,2820
39155920400,"Trumbull, OH (CT)",0,1217,1217,0,2569,2569
39155920500,"Trumbull, OH (CT)",0,496,496,0,956,956
39155920600,"Trumbull, OH (CT)",148,1803,1951,253,3492,3745
39155920700,"Trumbull, OH (CT)",280,1439,1719,681,4158,4839
39155920800,"Trumbull, OH (CT)",0,1392,1392,0,2399,2399
39155920900,"Trumbull, OH (CT)",0,1688,1688,0,3443,3443
39155921000,"Trumbull, OH (CT)",0,2588,2588,0,5455,5455
39155921100,"Trumbull, OH (CT)",0,1998,1998,0,3930,3930
39155921200,"Trumbull, OH (CT)",0,903,903,0,2135,2135
39155921300,"Trumbull, OH (CT)",0,1245,1245,0,2456,2456
39155921400,"Trumbull, OH (CT)",0,1771,1771,0,3324,3324
39155921500,"Trumbull, OH (CT)",0,2869,2869,0,5669,5669
39155921600,"Trumbull, OH (CT)",0,2078,2078,0,4248,4248
39155930101,"Trumbull, OH (CT)",1320,0,1320,3034,0,3034
39155930102,"Trumbull, OH (CT)",1097,0,1097,2645,0,2645
39155930200,"Trumbull, OH (CT)",1133,9,1142,2722,21,2743
39155930300,"Trumbull, OH (CT)",1516,22,1538,3632,57,3689
39155930400,"Trumbull, OH (CT)",1648,0,1648,4241,0,4241
39155930500,"Trumbull, OH (CT)",1704,11,1715,6060,55,6115
39155930600,"Trumbull, OH (CT)",1500,36,1536,3628,89,3717
39155930700,"Trumbull, OH (CT)",281,1565,1846,661,3625,4286
39155930800,"Trumbull, OH (CT)",1260,776,2036,3180,1690,4870
39155930900,"Trumbull, OH (CT)",90,3117,3207,167,6981,7148
39155931000,"Trumbull, OH (CT)",1465,1326,2791,3241,2723,5964
39155931100,"Trumbull, OH (CT)",1056,0,1056,2495,0,2495
39155931200,"Trumbull, OH (CT)",1839,81,1920,3809,188,3997
39155931300,"Trumbull, OH (CT)",1692,265,1957,3704,560,4264
39155931400,"Trumbull, OH (CT)",336,1894,2230,770,3820,4590
39155931500,"Trumbull, OH (CT)",878,817,1695,2087,1819,3906
39155931601,"Trumbull, OH (CT)",0,2183,2183,0,4603,4603
39155931602,"Trumbull, OH (CT)",0,1397,1397,0,2996,2996
39155931700,"Trumbull, OH (CT)",0,942,942,0,2023,2023
39155931900,"Trumbull, OH (CT)",7,2896,2903,12,5970,5982
39155932000,"Trumbull, OH (CT)",473,2157,2630,1099,4898,5997
39155932200,"Trumbull, OH (CT)",0,1310,1310,0,2802,2802
39155932300,"Trumbull, OH (CT)",0,2804,2804,0,5758,5758
39155932500,"Trumbull, OH (CT)",0,1370,1370,0,3263,3263
39155932600,"Trumbull, OH (CT)",0,1829,1829,0,3722,3722
39155932701,"Trumbull, OH (CT)",0,3108,3108,0,5816,5816
39155932702,"Trumbull, OH (CT)",0,1251,1251,0,2598,2598
39155932801,"Trumbull, OH (CT)",0,1495,1495,0,3029,3029
39155932802,"Trumbull, OH (CT)",0,1613,1613,0,3647,3647
39155932900,"Trumbull, OH (CT)",0,1049,1049,0,2357,2357
39155933001,"Trumbull, OH (CT)",95,2323,2418,223,5580,5803
39155933002,"Trumbull, OH (CT)",0,1987,1987,0,4149,4149
39155933100,"Trumbull, OH (CT)",136,1005,1141,282,2319,2601
39155933301,"Trumbull, OH (CT)",135,1242,1377,315,2301,2616
39155933302,"Trumbull, OH (CT)",0,1891,1891,0,4617,4617
39155933400,"Trumbull, OH (CT)",1496,0,1496,3417,0,3417
39155933500,"Trumbull, OH (CT)",1061,570,1631,2575,1328,3903
39155933600,"Trumbull, OH (CT)",30,2448,2478,59,4906,4965
39155933700,"Trumbull, OH (CT)",963,226,1189,2367,496,2863
39155933800,"Trumbull, OH (CT)",0,1585,1585,0,2843,2843
39155933900,"Trumbull, OH (CT)",0,1044,1044,0,2250,2250
39157020100,"Tuscarawas, OH (CT)",794,1247,2041,2154,2768,4922
39157020200,"Tuscarawas, OH (CT)",992,632,1624,2423,1469,3892
39157020300,"Tuscarawas, OH (CT)",262,1194,1456,624,2724,3348
39157020400,"Tuscarawas, OH (CT)",2582,0,2582,5697,0,5697
39157020500,"Tuscarawas, OH (CT)",1610,433,2043,4369,996,5365
39157020600,"Tuscarawas, OH (CT)",0,2220,2220,0,5079,5079
39157020700,"Tuscarawas, OH (CT)",405,2270,2675,843,5458,6301
39157020800,"Tuscarawas, OH (CT)",0,2886,2886,0,6128,6128
39157020900,"Tuscarawas, OH (CT)",110,1719,1829,213,3803,4016
39157021000,"Tuscarawas, OH (CT)",340,1828,2168,789,3902,4691
39157021100,"Tuscarawas, OH (CT)",0,1332,1332,0,2798,2798
39157021200,"Tuscarawas, OH (CT)",527,661,1188,1195,1704,2899
39157021300,"Tuscarawas, OH (CT)",1846,0,1846,4798,0,4798
39157021400,"Tuscarawas, OH (CT)",959,63,1022,2347,158,2505
39157021500,"Tuscarawas, OH (CT)",1191,2148,3339,2703,4913,7616
39157021600,"Tuscarawas, OH (CT)",779,1184,1963,1812,2622,4434
39157021700,"Tuscarawas, OH (CT)",631,1877,2508,1471,4003,5474
39157021800,"Tuscarawas, OH (CT)",1171,0,1171,2867,0,2867
39157021900,"Tuscarawas, OH (CT)",1119,31,1150,2519,84,2603
39157022001,"Tuscarawas, OH (CT)",93,1507,1600,210,3410,3620
39157022002,"Tuscarawas, OH (CT)",617,946,1563,1462,2067,3529
39159050100,"Union, OH (CT)",1582,0,1582,3887,0,3887
39159050200,"Union, OH (CT)",1901,0,1901,4710,0,4710
39159050301,"Union, OH (CT)",1382,0,1382,3885,0,3885
39159050303,"Union, OH (CT)",150,1985,2135,377,6271,6648
39159050304,"Union, OH (CT)",945,0,945,2346,0,2346
39159050400,"Union, OH (CT)",0,2784,2784,0,9340,9340
39159050500,"Union, OH (CT)",231,2316,2547,450,4828,5278
39159050601,"Union, OH (CT)",594,1097,1691,1467,3405,4872
39159050602,"Union, OH (CT)",920,802,1722,2267,1678,3945
39159050700,"Union, OH (CT)",2473,267,2740,6736,653,7389
39161020100,"Van Wert, OH (CT)",1576,114,1690,3998,288,4286
39161020200,"Van Wert, OH (CT)",1870,0,1870,4516,0,4516
39161020300,"Van Wert, OH (CT)",1122,0,1122,2623,0,2623
39161020400,"Van Wert, OH (CT)",1283,0,1283,2955,0,2955
39161020500,"Van Wert, OH (CT)",0,1375,1375,0,3128,3128
39161020600,"Van Wert, OH (CT)",38,729,767,92,1570,1662
39161020700,"Van Wert, OH (CT)",45,820,865,117,1794,1911
39161020800,"Van Wert, OH (CT)",63,1994,2057,135,4195,4330
39161020900,"Van Wert, OH (CT)",61,1525,1586,145,3188,3333
39163953000,"Vinton, OH (CT)",2384,0,2384,5012,0,5012
39163953100,"Vinton, OH (CT)",2368,0,2368,5466,0,5466
39163953200,"Vinton, OH (CT)",1539,0,1539,2957,0,2957
39165030101,"Warren, OH (CT)",119,1463,1582,304,4086,4390
39165030102,"Warren, OH (CT)",0,1672,1672,0,3942,3942
39165030200,"Warren, OH (CT)",0,639,639,0,1296,1296
39165030501,"Warren, OH (CT)",13,1579,1592,30,3603,3633
39165030503,"Warren, OH (CT)",0,2205,2205,0,5517,5517
39165030504,"Warren, OH (CT)",2,1665,1667,5,4873,4878
39165030600,"Warren, OH (CT)",202,1261,1463,457,3158,3615
39165030700,"Warren, OH (CT)",343,2358,2701,941,5430,6371
39165030800,"Warren, OH (CT)",1634,781,2415,4431,2320,6751
39165030900,"Warren, OH (CT)",454,3828,4282,1234,11215,12449
39165031000,"Warren, OH (CT)",1767,1509,3276,4656,3524,8180
39165031100,"Warren, OH (CT)",1524,0,1524,3858,0,3858
39165031200,"Warren, OH (CT)",1397,1454,2851,3813,4019,7832
39165031300,"Warren, OH (CT)",58,1714,1772,158,4695,4853
39165031400,"Warren, OH (CT)",0,2121,2121,0,5005,5005
39165031500,"Warren, OH (CT)",0,2293,2293,0,5258,5258
39165031600,"Warren, OH (CT)",1567,1504,3071,4034,3757,7791
39165031700,"Warren, OH (CT)",0,2,2,0,4397,4397
39165031902,"Warren, OH (CT)",14,3921,3935,50,9683,9733
39165031903,"Warren, OH (CT)",0,5064,5064,0,16114,16114
39165031904,"Warren, OH (CT)",0,2724,2724,0,6749,6749
39165032003,"Warren, OH (CT)",6,3141,3147,7,7105,7112
39165032004,"Warren, OH (CT)",0,2013,2013,0,6229,6229
39165032005,"Warren, OH (CT)",0,3796,3796,0,9434,9434
39165032006,"Warren, OH (CT)",0,1793,1793,0,3838,3838
39165032007,"Warren, OH (CT)",0,2743,2743,0,6467,6467
39165032100,"Warren, OH (CT)",547,1720,2267,1341,4485,5826
39165032201,"Warren, OH (CT)",451,6647,7098,1164,17410,18574
39165032202,"Warren, OH (CT)",1049,1038,2087,2676,3098,5774
39165032300,"Warren, OH (CT)",1113,701,1814,2867,1522,4389
39165032400,"Warren, OH (CT)",1797,0,1797,4698,0,4698
39165032501,"Warren, OH (CT)",0,1447,1447,0,3560,3560
39165032502,"Warren, OH (CT)",0,1897,1897,0,4180,4180
39167020101,"Washington, OH (CT)",0,1918,1918,0,3616,3616
39167020102,"Washington, OH (CT)",0,1182,1182,0,2320,2320
39167020200,"Washington, OH (CT)",2258,758,3016,5292,1650,6942
39167020300,"Washington, OH (CT)",1512,16,1528,3658,38,3696
39167020400,"Washington, OH (CT)",142,861,1003,331,1999,2330
39167020500,"Washington, OH (CT)",0,803,803,0,2494,2494
39167020800,"Washington, OH (CT)",0,1879,1879,0,3778,3778
39167020900,"Washington, OH (CT)",0,1217,1217,0,2450,2450
39167021000,"Washington, OH (CT)",229,1681,1910,550,3180,3730
39167021100,"Washington, OH (CT)",888,1101,1989,2003,2210,4213
39167021200,"Washington, OH (CT)",2441,369,2810,4925,852,5777
39167021300,"Washington, OH (CT)",2412,0,2412,5111,0,5111
39167021400,"Washington, OH (CT)",962,839,1801,2175,1882,4057
39167021500,"Washington, OH (CT)",511,187,698,1179,366,1545
39167021600,"Washington, OH (CT)",1569,0,1569,3707,0,3707
39167021700,"Washington, OH (CT)",2632,0,2632,6012,0,6012
39169000100,"Wayne, OH (CT)",0,1619,1619,0,3578,3578
39169000200,"Wayne, OH (CT)",0,1426,1426,0,3171,3171
39169000300,"Wayne, OH (CT)",0,1329,1329,0,2615,2615
39169000500,"Wayne, OH (CT)",382,1158,1540,800,2736,3536
39169000600,"Wayne, OH (CT)",644,1941,2585,1546,4178,5724
39169000700,"Wayne, OH (CT)",456,2732,3188,1295,5543,6838
39169000800,"Wayne, OH (CT)",372,2919,3291,911,6118,7029
39169000900,"Wayne, OH (CT)",1043,554,1597,2774,1216,3990
39169001000,"Wayne, OH (CT)",94,1065,1159,231,2525,2756
39169001100,"Wayne, OH (CT)",255,406,661,596,792,1388
39169001200,"Wayne, OH (CT)",0,626,626,0,1371,1371
39169001300,"Wayne, OH (CT)",69,1670,1739,158,3875,4033
39169001400,"Wayne, OH (CT)",1112,63,1175,2836,175,3011
39169001700,"Wayne, OH (CT)",1848,0,1848,7518,0,7518
39169001800,"Wayne, OH (CT)",1321,13,1334,3847,25,3872
39169001900,"Wayne, OH (CT)",1348,0,1348,3081,0,3081
39169002000,"Wayne, OH (CT)",1214,0,1214,3088,0,3088
39169002100,"Wayne, OH (CT)",1091,0,1091,2973,0,2973
39169002200,"Wayne, OH (CT)",1521,0,1521,3826,0,3826
39169002300,"Wayne, OH (CT)",1138,0,1138,2966,0,2966
39169002400,"Wayne, OH (CT)",771,789,1560,2058,1882,3940
39169002500,"Wayne, OH (CT)",849,117,966,2249,290,2539
39169002901,"Wayne, OH (CT)",117,1345,1462,292,3181,3473
39169002902,"Wayne, OH (CT)",943,1176,2119,2535,2750,5285
39169003000,"Wayne, OH (CT)",841,0,841,2166,0,2166
39169003100,"Wayne, OH (CT)",809,0,809,2172,0,2172
39169003200,"Wayne, OH (CT)",479,1056,1535,1333,2420,3753
39169003300,"Wayne, OH (CT)",954,0,954,2898,0,2898
39169003400,"Wayne, OH (CT)",87,1374,1461,212,3176,3388
39169003500,"Wayne, OH (CT)",98,1337,1435,235,3247,3482
39169003700,"Wayne, OH (CT)",1204,0,1204,3810,0,3810
39169980000,"Wayne, OH (CT)",0,72,72,0,1250,1250
39171950100,"Williams, OH (CT)",2144,0,2144,4796,0,4796
39171950200,"Williams, OH (CT)",1871,0,1871,4082,0,4082
39171950300,"Williams, OH (CT)",198,1797,1995,551,3914,4465
39171950400,"Williams, OH (CT)",2035,6,2041,4642,15,4657
39171950500,"Williams, OH (CT)",1470,101,1571,4055,250,4305
39171950600,"Williams, OH (CT)",24,2337,2361,50,4778,4828
39171950700,"Williams, OH (CT)",23,1913,1936,48,4071,4119
39171950800,"Williams, OH (CT)",1249,279,1528,2823,663,3486
39171950900,"Williams, OH (CT)",1221,0,1221,2904,0,2904
39173020100,"Wood, OH (CT)",12,2122,2134,31,5230,5261
39173020200,"Wood, OH (CT)",0,1281,1281,0,2967,2967
39173020300,"Wood, OH (CT)",0,2265,2265,0,4868,4868
39173020401,"Wood, OH (CT)",0,2653,2653,0,5470,5470
39173020402,"Wood, OH (CT)",0,2234,2234,0,5125,5125
39173020500,"Wood, OH (CT)",0,1092,1092,0,2295,2295
39173020601,"Wood, OH (CT)",0,1813,1813,0,4175,4175
39173020602,"Wood, OH (CT)",19,2514,2533,46,6848,6894
39173020700,"Wood, OH (CT)",933,2257,3190,2135,4398,6533
39173020800,"Wood, OH (CT)",99,1862,1961,220,3521,3741
39173020900,"Wood, OH (CT)",801,2155,2956,1928,5307,7235
39173021000,"Wood, OH (CT)",1615,63,1678,3725,145,3870
39173021100,"Wood, OH (CT)",1596,0,1596,4010,0,4010
39173021200,"Wood, OH (CT)",1255,918,2173,3238,2317,5555
39173021300,"Wood, OH (CT)",1463,0,1463,3448,0,3448
39173021400,"Wood, OH (CT)",1438,0,1438,3315,0,3315
39173021500,"Wood, OH (CT)",964,18,982,2413,40,2453
39173021600,"Wood, OH (CT)",261,2869,3130,637,6758,7395
39173021701,"Wood, OH (CT)",0,1864,1864,0,3568,3568
39173021702,"Wood, OH (CT)",0,2761,2761,0,4754,4754
39173021800,"Wood, OH (CT)",0,111,111,0,5215,5215
39173021901,"Wood, OH (CT)",47,1645,1692,88,3526,3614
39173021902,"Wood, OH (CT)",0,2630,2630,0,5080,5080
39173022100,"Wood, OH (CT)",1779,0,1779,4230,0,4230
39173022200,"Wood, OH (CT)",475,815,1290,1110,1533,2643
39173022300,"Wood, OH (CT)",1493,15,1508,3934,30,3964
39173022400,"Wood, OH (CT)",74,1475,1549,168,3444,3612
39173022500,"Wood, OH (CT)",936,684,1620,2401,1797,4198
39175938000,"Wyandot, OH (CT)",1845,1,1846,4488,3,4491
39175938100,"Wyandot, OH (CT)",391,1604,1995,952,3575,4527
39175938200,"Wyandot, OH (CT)",1479,0,1479,3725,0,3725
39175938300,"Wyandot, OH (CT)",265,1471,1736,528,2952,3480
39175938400,"Wyandot, OH (CT)",154,1269,1423,364,2883,3247
39175938500,"Wyandot, OH (CT)",1216,175,1391,2928,217,3145
40001376600,"Adair, OK (CT)",1184,0,1184,2843,0,2843
40001376700,"Adair, OK (CT)",2263,0,2263,5354,0,5354
40001376800,"Adair, OK (CT)",1928,0,1928,4845,0,4845
40001376900,"Adair, OK (CT)",308,1585,1893,746,3789,4535
40001377000,"Adair, OK (CT)",1874,0,1874,5106,0,5106
40003955600,"Alfalfa, OK (CT)",1021,0,1021,1469,0,1469
40003955700,"Alfalfa, OK (CT)",712,0,712,1338,0,1338
40003956000,"Alfalfa, OK (CT)",1030,0,1030,2835,0,2835
40005587600,"Atoka, OK (CT)",761,0,761,1449,0,1449
40005587700,"Atoka, OK (CT)",1907,0,1907,4082,0,4082
40005587800,"Atoka, OK (CT)",1743,0,1743,3774,0,3774
40005587900,"Atoka, OK (CT)",1901,0,1901,4877,0,4877
40007951600,"Beaver, OK (CT)",1198,0,1198,2698,0,2698
40007951700,"Beaver, OK (CT)",723,0,723,1327,0,1327
40007951800,"Beaver, OK (CT)",749,0,749,1611,0,1611
40009966100,"Beckham, OK (CT)",470,2938,3408,1097,6303,7400
40009966200,"Beckham, OK (CT)",1028,2076,3104,2418,4552,6970
40009966500,"Beckham, OK (CT)",976,0,976,1756,0,1756
40009966800,"Beckham, OK (CT)",934,1225,2159,1952,4041,5993
40011958600,"Blaine, OK (CT)",729,0,729,1525,0,1525
40011958700,"Blaine, OK (CT)",1245,0,1245,1737,0,1737
40011958800,"Blaine, OK (CT)",658,0,658,1220,0,1220
40011958900,"Blaine, OK (CT)",193,1471,1664,440,5084,5524
40011959000,"Blaine, OK (CT)",897,0,897,1937,0,1937
40013795600,"Bryan, OK (CT)",1300,0,1300,2700,0,2700
40013795700,"Bryan, OK (CT)",1683,0,1683,3564,0,3564
40013795900,"Bryan, OK (CT)",804,0,804,1711,0,1711
40013796001,"Bryan, OK (CT)",2883,21,2904,5655,73,5728
40013796002,"Bryan, OK (CT)",1166,710,1876,2671,1632,4303
40013796100,"Bryan, OK (CT)",1054,2568,3622,2535,5456,7991
40013796200,"Bryan, OK (CT)",0,1912,1912,0,4397,4397
40013796300,"Bryan, OK (CT)",0,790,790,0,1709,1709
40013796400,"Bryan, OK (CT)",192,730,922,320,1626,1946
40013796500,"Bryan, OK (CT)",494,598,1092,1136,1509,2645
40013796600,"Bryan, OK (CT)",2681,0,2681,5722,0,5722
40015161600,"Caddo, OK (CT)",2212,0,2212,6346,0,6346
40015161700,"Caddo, OK (CT)",862,0,862,1756,0,1756
40015161800,"Caddo, OK (CT)",1981,0,1981,3215,0,3215
40015161900,"Caddo, OK (CT)",847,0,847,1699,0,1699
40015162000,"Caddo, OK (CT)",1581,0,1581,3350,0,3350
40015162100,"Caddo, OK (CT)",582,2482,3064,1542,5929,7471
40015162200,"Caddo, OK (CT)",1248,0,1248,2874,0,2874
40015162300,"Caddo, OK (CT)",1346,0,1346,2889,0,2889
40017300100,"Canadian, OK (CT)",1481,0,1481,2469,0,2469
40017300201,"Canadian, OK (CT)",1876,0,1876,5263,0,5263
40017300202,"Canadian, OK (CT)",1361,413,1774,3320,988,4308
40017300300,"Canadian, OK (CT)",0,1396,1396,0,3381,3381
40017300400,"Canadian, OK (CT)",0,543,543,0,1127,1127
40017300500,"Canadian, OK (CT)",0,1470,1470,0,3078,3078
40017300600,"Canadian, OK (CT)",0,1434,1434,0,3201,3201
40017300700,"Canadian, OK (CT)",1029,710,1739,2879,3294,6173
40017300801,"Canadian, OK (CT)",2062,981,3043,5452,2569,8021
40017300802,"Canadian, OK (CT)",0,1039,1039,0,2513,2513
40017300901,"Canadian, OK (CT)",52,2311,2363,115,5799,5914
40017300902,"Canadian, OK (CT)",0,945,945,0,2490,2490
40017300904,"Canadian, OK (CT)",0,1427,1427,0,3643,3643
40017300905,"Canadian, OK (CT)",0,1556,1556,0,4436,4436
40017301001,"Canadian, OK (CT)",0,36,36,0,76,76
40017301003,"Canadian, OK (CT)",0,2478,2478,0,5932,5932
40017301006,"Canadian, OK (CT)",0,1176,1176,0,3210,3210
40017301007,"Canadian, OK (CT)",0,2039,2039,0,5285,5285
40017301008,"Canadian, OK (CT)",114,1977,2091,356,5586,5942
40017301009,"Canadian, OK (CT)",350,994,1344,723,2047,2770
40017301100,"Canadian, OK (CT)",0,2440,2440,0,5949,5949
40017301201,"Canadian, OK (CT)",0,1806,1806,0,4042,4042
40017301202,"Canadian, OK (CT)",0,1014,1014,0,2519,2519
40017301300,"Canadian, OK (CT)",1121,610,1731,3097,1386,4483
40017301406,"Canadian, OK (CT)",14,1919,1933,33,4865,4898
40017301407,"Canadian, OK (CT)",137,1830,1967,378,4725,5103
40017301408,"Canadian, OK (CT)",718,0,718,1921,0,1921
40017301409,"Canadian, OK (CT)",0,1025,1025,0,2815,2815
40017301410,"Canadian, OK (CT)",0,1926,1926,0,4579,4579
40019892100,"Carter, OK (CT)",1322,0,1322,2904,0,2904
40019892200,"Carter, OK (CT)",663,0,663,1411,0,1411
40019892300,"Carter, OK (CT)",1439,0,1439,3059,0,3059
40019892400,"Carter, OK (CT)",1496,0,1496,3448,0,3448
40019892500,"Carter, OK (CT)",3714,0,3714,9131,0,9131
40019892600,"Carter, OK (CT)",515,2456,2971,1144,5243,6387
40019892700,"Carter, OK (CT)",1873,60,1933,4316,139,4455
40019892800,"Carter, OK (CT)",282,1861,2143,646,4286,4932
40019892900,"Carter, OK (CT)",0,1199,1199,0,2448,2448
40019893000,"Carter, OK (CT)",278,2686,2964,610,5827,6437
40019893100,"Carter, OK (CT)",0,1304,1304,0,2945,2945
40021977600,"Cherokee, OK (CT)",2113,29,2142,5061,83,5144
40021977700,"Cherokee, OK (CT)",2680,100,2780,6183,251,6434
40021977800,"Cherokee, OK (CT)",1604,820,2424,3951,1902,5853
40021977900,"Cherokee, OK (CT)",526,2498,3024,1282,5494,6776
40021978000,"Cherokee, OK (CT)",75,1900,1975,163,3960,4123
40021978100,"Cherokee, OK (CT)",94,2329,2423,184,5932,6116
40021978201,"Cherokee, OK (CT)",1201,0,1201,2897,0,2897
40021978202,"Cherokee, OK (CT)",2350,0,2350,3256,0,3256
40021978300,"Cherokee, OK (CT)",2821,315,3136,5238,1150,6388
40023966900,"Choctaw, OK (CT)",1401,0,1401,2696,0,2696
40023967000,"Choctaw, OK (CT)",1478,0,1478,3149,0,3149
40023967100,"Choctaw, OK (CT)",366,1471,1837,703,2973,3676
40023967200,"Choctaw, OK (CT)",170,1007,1177,338,2055,2393
40023967300,"Choctaw, OK (CT)",1628,0,1628,3291,0,3291
40025950100,"Cimarron, OK (CT)",807,0,807,1163,0,1163
40025950300,"Cimarron, OK (CT)",780,0,780,1312,0,1312
40027200100,"Cleveland, OK (CT)",0,152,152,0,578,578
40027200200,"Cleveland, OK (CT)",0,911,911,0,1786,1786
40027200300,"Cleveland, OK (CT)",0,1524,1524,0,3586,3586
40027200400,"Cleveland, OK (CT)",0,955,955,0,1922,1922
40027200500,"Cleveland, OK (CT)",0,2093,2093,0,3797,3797
40027200601,"Cleveland, OK (CT)",0,3065,3065,0,6203,6203
40027200602,"Cleveland, OK (CT)",0,1762,1762,0,3448,3448
40027200700,"Cleveland, OK (CT)",0,41,41,0,272,272
40027200800,"Cleveland, OK (CT)",0,2677,2677,0,6574,6574
40027200900,"Cleveland, OK (CT)",0,1841,1841,0,3946,3946
40027201000,"Cleveland, OK (CT)",0,2828,2828,0,5774,5774
40027201101,"Cleveland, OK (CT)",0,2915,2915,0,5464,5464
40027201102,"Cleveland, OK (CT)",0,1257,1257,0,2783,2783
40027201201,"Cleveland, OK (CT)",0,1031,1031,0,2121,2121
40027201202,"Cleveland, OK (CT)",0,136,136,0,4771,4771
40027201203,"Cleveland, OK (CT)",77,2282,2359,203,5193,5396
40027201301,"Cleveland, OK (CT)",0,3590,3590,0,7499,7499
40027201403,"Cleveland, OK (CT)",254,1761,2015,648,4318,4966
40027201404,"Cleveland, OK (CT)",312,726,1038,802,1526,2328
40027201405,"Cleveland, OK (CT)",224,1932,2156,536,4842,5378
40027201505,"Cleveland, OK (CT)",0,2418,2418,0,5522,5522
40027201507,"Cleveland, OK (CT)",0,2976,2976,0,6318,6318
40027201508,"Cleveland, OK (CT)",0,1463,1463,0,3028,3028
40027201509,"Cleveland, OK (CT)",166,761,927,454,1910,2364
40027201510,"Cleveland, OK (CT)",472,1912,2384,1225,5415,6640
40027201602,"Cleveland, OK (CT)",0,1055,1055,0,2713,2713
40027201603,"Cleveland, OK (CT)",0,1586,1586,0,3895,3895
40027201604,"Cleveland, OK (CT)",0,1444,1444,0,3671,3671
40027201607,"Cleveland, OK (CT)",250,1656,1906,573,4608,5181
40027201609,"Cleveland, OK (CT)",0,1522,1522,0,4070,4070
40027201610,"Cleveland, OK (CT)",106,1121,1227,260,3448,3708
40027201611,"Cleveland, OK (CT)",0,833,833,0,2214,2214
40027201612,"Cleveland, OK (CT)",0,2205,2205,0,5074,5074
40027201700,"Cleveland, OK (CT)",645,0,645,1701,0,1701
40027201801,"Cleveland, OK (CT)",0,1540,1540,0,4143,4143
40027201802,"Cleveland, OK (CT)",0,1791,1791,0,3435,3435
40027201902,"Cleveland, OK (CT)",0,1721,1721,0,4230,4230
40027201903,"Cleveland, OK (CT)",0,1244,1244,0,2926,2926
40027201904,"Cleveland, OK (CT)",0,1807,1807,0,4598,4598
40027202002,"Cleveland, OK (CT)",0,2308,2308,0,4244,4244
40027202004,"Cleveland, OK (CT)",0,1401,1401,0,3588,3588
40027202005,"Cleveland, OK (CT)",0,2329,2329,0,6173,6173
40027202006,"Cleveland, OK (CT)",0,1533,1533,0,2854,2854
40027202007,"Cleveland, OK (CT)",107,1227,1334,278,3329,3607
40027202008,"Cleveland, OK (CT)",0,1522,1522,0,3825,3825
40027202102,"Cleveland, OK (CT)",0,1160,1160,0,2454,2454
40027202104,"Cleveland, OK (CT)",0,901,901,0,2338,2338
40027202105,"Cleveland, OK (CT)",0,1588,1588,0,4374,4374
40027202106,"Cleveland, OK (CT)",0,2209,2209,0,6183,6183
40027202107,"Cleveland, OK (CT)",0,831,831,0,2264,2264
40027202201,"Cleveland, OK (CT)",283,905,1188,747,2445,3192
40027202203,"Cleveland, OK (CT)",0,1417,1417,0,3713,3713
40027202205,"Cleveland, OK (CT)",0,2427,2427,0,6445,6445
40027202206,"Cleveland, OK (CT)",0,1268,1268,0,2819,2819
40027202301,"Cleveland, OK (CT)",1841,247,2088,4635,774,5409
40027202302,"Cleveland, OK (CT)",2313,0,2313,5986,0,5986
40027202402,"Cleveland, OK (CT)",2510,0,2510,6212,0,6212
40027202403,"Cleveland, OK (CT)",2132,0,2132,5259,0,5259
40027202404,"Cleveland, OK (CT)",1735,0,1735,4397,0,4397
40027202405,"Cleveland, OK (CT)",1727,0,1727,7006,0,7006
40027202500,"Cleveland, OK (CT)",698,2056,2754,1648,5072,6720
40027202600,"Cleveland, OK (CT)",264,842,1106,611,2059,2670
40029388100,"Coal, OK (CT)",1913,0,1913,4017,0,4017
40029388200,"Coal, OK (CT)",897,0,897,1908,0,1908
40031000100,"Comanche, OK (CT)",0,1969,1969,0,4042,4042
40031000200,"Comanche, OK (CT)",0,1347,1347,0,2998,2998
40031000300,"Comanche, OK (CT)",0,2563,2563,0,5830,5830
40031000401,"Comanche, OK (CT)",0,2906,2906,0,6450,6450
40031000402,"Comanche, OK (CT)",0,1845,1845,0,4018,4018
40031000403,"Comanche, OK (CT)",84,1982,2066,207,4562,4769
40031000501,"Comanche, OK (CT)",0,3354,3354,0,7888,7888
40031000502,"Comanche, OK (CT)",279,2596,2875,523,6435,6958
40031000600,"Comanche, OK (CT)",0,1119,1119,0,2509,2509
40031000700,"Comanche, OK (CT)",0,1324,1324,0,2809,2809
40031000800,"Comanche, OK (CT)",0,1255,1255,0,2430,2430
40031000900,"Comanche, OK (CT)",0,935,935,0,2024,2024
40031001000,"Comanche, OK (CT)",0,1087,1087,0,2074,2074
40031001100,"Comanche, OK (CT)",0,1042,1042,0,1909,1909
40031001400,"Comanche, OK (CT)",0,543,543,0,1534,1534
40031001500,"Comanche, OK (CT)",0,1363,1363,0,2909,2909
40031001600,"Comanche, OK (CT)",0,1021,1021,0,2050,2050
40031001700,"Comanche, OK (CT)",0,1430,1430,0,2545,2545
40031001901,"Comanche, OK (CT)",0,750,750,0,1762,1762
40031001902,"Comanche, OK (CT)",68,754,822,148,1714,1862
40031002001,"Comanche, OK (CT)",187,1820,2007,490,4547,5037
40031002003,"Comanche, OK (CT)",853,0,853,2091,0,2091
40031002004,"Comanche, OK (CT)",272,1277,1549,650,3436,4086
40031002005,"Comanche, OK (CT)",99,1411,1510,2707,3067,5774
40031002100,"Comanche, OK (CT)",2899,0,2899,6966,0,6966
40031002200,"Comanche, OK (CT)",2739,0,2739,5940,0,5940
40031002301,"Comanche, OK (CT)",1897,377,2274,4799,1120,5919
40031002302,"Comanche, OK (CT)",939,1060,1999,2306,2600,4906
40031002401,"Comanche, OK (CT)",27,0,27,95,42,137
40031002403,"Comanche, OK (CT)",0,518,518,0,4308,4308
40031002404,"Comanche, OK (CT)",40,917,957,119,6432,6551
40031002500,"Comanche, OK (CT)",0,1791,1791,0,3013,3013
40033871100,"Cotton, OK (CT)",580,1192,1772,1288,2506,3794
40033871200,"Cotton, OK (CT)",1244,0,1244,2399,0,2399
40035373100,"Craig, OK (CT)",1433,0,1433,3061,0,3061
40035373200,"Craig, OK (CT)",1202,37,1239,2651,67,2718
40035373300,"Craig, OK (CT)",282,1420,1702,706,3322,4028
40035373400,"Craig, OK (CT)",100,1168,1268,261,2613,2874
40035373500,"Craig, OK (CT)",1107,0,1107,2348,0,2348
40037020101,"Creek, OK (CT)",0,767,767,0,2051,2051
40037020102,"Creek, OK (CT)",261,243,504,608,846,1454
40037020103,"Creek, OK (CT)",143,1058,1201,357,2534,2891
40037020601,"Creek, OK (CT)",1308,951,2259,3153,2490,5643
40037020602,"Creek, OK (CT)",0,1417,1417,0,3208,3208
40037020702,"Creek, OK (CT)",1551,0,1551,3741,0,3741
40037020704,"Creek, OK (CT)",766,0,766,1619,0,1619
40037020705,"Creek, OK (CT)",1197,0,1197,2924,0,2924
40037020706,"Creek, OK (CT)",920,1306,2226,2174,2986,5160
40037020707,"Creek, OK (CT)",822,0,822,2088,0,2088
40037020800,"Creek, OK (CT)",1632,0,1632,3443,0,3443
40037020900,"Creek, OK (CT)",582,779,1361,1345,1493,2838
40037021000,"Creek, OK (CT)",514,1221,1735,1120,2617,3737
40037021101,"Creek, OK (CT)",1390,0,1390,3204,0,3204
40037021102,"Creek, OK (CT)",1486,0,1486,3662,0,3662
40037021201,"Creek, OK (CT)",473,282,755,1239,680,1919
40037021202,"Creek, OK (CT)",1093,572,1665,2778,1211,3989
40037021300,"Creek, OK (CT)",0,1070,1070,0,2268,2268
40037021400,"Creek, OK (CT)",127,2456,2583,373,5804,6177
40037021500,"Creek, OK (CT)",1517,676,2193,3717,1662,5379
40037021600,"Creek, OK (CT)",87,1094,1181,198,2374,2572
40039950800,"Custer, OK (CT)",246,1333,1579,536,3380,3916
40039960400,"Custer, OK (CT)",922,2173,3095,2163,5046,7209
40039960600,"Custer, OK (CT)",291,2020,2311,677,4700,5377
40039960700,"Custer, OK (CT)",675,2750,3425,1598,6013,7611
40039961000,"Custer, OK (CT)",1794,0,1794,3356,0,3356
40041375601,"Delaware, OK (CT)",1255,577,1832,2445,858,3303
40041375602,"Delaware, OK (CT)",2063,0,2063,3140,0,3140
40041375700,"Delaware, OK (CT)",660,3455,4115,1357,6300,7657
40041375801,"Delaware, OK (CT)",3348,0,3348,3497,0,3497
40041375802,"Delaware, OK (CT)",2940,0,2940,3404,0,3404
40041375900,"Delaware, OK (CT)",3486,0,3486,4144,0,4144
40041376000,"Delaware, OK (CT)",2350,0,2350,5542,0,5542
40041376100,"Delaware, OK (CT)",1984,0,1984,5017,0,5017
40041976200,"Delaware, OK (CT)",2419,281,2700,5107,676,5783
40043959100,"Dewey, OK (CT)",962,0,962,1964,0,1964
40043959200,"Dewey, OK (CT)",734,0,734,1543,0,1543
40043959300,"Dewey, OK (CT)",749,0,749,1303,0,1303
40045952600,"Ellis, OK (CT)",1569,0,1569,2971,0,2971
40045952800,"Ellis, OK (CT)",716,0,716,1180,0,1180
40047000100,"Garfield, OK (CT)",0,2699,2699,0,5810,5810
40047000200,"Garfield, OK (CT)",116,913,1029,257,2274,2531
40047000600,"Garfield, OK (CT)",87,2749,2836,196,6284,6480
40047000700,"Garfield, OK (CT)",0,2770,2770,0,6506,6506
40047001100,"Garfield, OK (CT)",1487,0,1487,3398,0,3398
40047001200,"Garfield, OK (CT)",1770,0,1770,3851,0,3851
40047001300,"Garfield, OK (CT)",3,3515,3518,12,7826,7838
40047001401,"Garfield, OK (CT)",0,1626,1626,0,3339,3339
40047001402,"Garfield, OK (CT)",0,2098,2098,0,4471,4471
40047001500,"Garfield, OK (CT)",547,2102,2649,1278,5220,6498
40047001601,"Garfield, OK (CT)",1326,1315,2641,2949,2676,5625
40047001602,"Garfield, OK (CT)",420,1288,1708,1030,3203,4233
40049681100,"Garvin, OK (CT)",1475,0,1475,3230,0,3230
40049681200,"Garvin, OK (CT)",1407,136,1543,3284,344,3628
40049681300,"Garvin, OK (CT)",97,1410,1507,194,2690,2884
40049681400,"Garvin, OK (CT)",984,1346,2330,2320,2801,5121
40049681500,"Garvin, OK (CT)",1269,0,1269,2609,0,2609
40049681600,"Garvin, OK (CT)",970,0,970,2109,0,2109
40049681700,"Garvin, OK (CT)",824,0,824,1861,0,1861
40049681800,"Garvin, OK (CT)",65,1376,1441,142,2796,2938
40049681900,"Garvin, OK (CT)",1468,0,1468,3196,0,3196
40051000100,"Grady, OK (CT)",48,618,666,86,1189,1275
40051000400,"Grady, OK (CT)",0,1512,1512,0,3277,3277
40051000500,"Grady, OK (CT)",110,2919,3029,254,6255,6509
40051000600,"Grady, OK (CT)",1729,465,2194,4194,1175,5369
40051000700,"Grady, OK (CT)",3526,0,3526,7465,0,7465
40051000800,"Grady, OK (CT)",2498,249,2747,6283,698,6981
40051000901,"Grady, OK (CT)",1086,0,1086,2534,0,2534
40051000902,"Grady, OK (CT)",2188,0,2188,5749,0,5749
40051000903,"Grady, OK (CT)",2571,931,3502,6829,2498,9327
40051001000,"Grady, OK (CT)",59,1710,1769,102,3843,3945
40053956400,"Grant, OK (CT)",801,0,801,1475,0,1475
40053956500,"Grant, OK (CT)",1685,0,1685,3052,0,3052
40055967100,"Greer, OK (CT)",885,0,885,2626,0,2626
40055967200,"Greer, OK (CT)",364,1489,1853,659,2954,3613
40057967800,"Harmon, OK (CT)",1544,0,1544,2922,0,2922
40059952100,"Harper, OK (CT)",905,0,905,1718,0,1718
40059952200,"Harper, OK (CT)",1003,0,1003,1967,0,1967
40061279100,"Haskell, OK (CT)",911,0,911,2108,0,2108
40061279200,"Haskell, OK (CT)",677,1262,1939,1541,2752,4293
40061279300,"Haskell, OK (CT)",2001,0,2001,3646,0,3646
40061279400,"Haskell, OK (CT)",1139,38,1177,2631,91,2722
40063484600,"Hughes, OK (CT)",1340,0,1340,2788,0,2788
40063484700,"Hughes, OK (CT)",1151,21,1172,2456,48,2504
40063484800,"Hughes, OK (CT)",209,944,1153,410,3303,3713
40063484900,"Hughes, OK (CT)",62,1226,1288,137,2417,2554
40063485000,"Hughes, OK (CT)",1230,0,1230,2444,0,2444
40065968100,"Jackson, OK (CT)",1124,0,1124,2445,0,2445
40065968200,"Jackson, OK (CT)",778,0,778,1662,0,1662
40065968300,"Jackson, OK (CT)",1024,0,1024,2043,0,2043
40065968400,"Jackson, OK (CT)",48,2531,2579,191,5604,5795
40065968500,"Jackson, OK (CT)",98,1607,1705,167,3950,4117
40065968600,"Jackson, OK (CT)",0,2144,2144,0,4669,4669
40065968700,"Jackson, OK (CT)",22,959,981,16,2021,2037
40065968800,"Jackson, OK (CT)",10,1732,1742,22,3656,3678
40067371600,"Jefferson, OK (CT)",1001,0,1001,1950,0,1950
40067371700,"Jefferson, OK (CT)",939,0,939,1687,0,1687
40067371800,"Jefferson, OK (CT)",1438,0,1438,2835,0,2835
40069660198,"Johnston, OK (CT)",1522,0,1522,3079,0,3079
40069660200,"Johnston, OK (CT)",2364,0,2364,5178,0,5178
40069660300,"Johnston, OK (CT)",1240,0,1240,2700,0,2700
40071000100,"Kay, OK (CT)",71,2678,2749,190,5647,5837
40071000201,"Kay, OK (CT)",0,1577,1577,0,3172,3172
40071000202,"Kay, OK (CT)",0,2367,2367,0,5106,5106
40071000300,"Kay, OK (CT)",121,1934,2055,193,4108,4301
40071000400,"Kay, OK (CT)",0,1168,1168,0,2438,2438
40071000500,"Kay, OK (CT)",0,1936,1936,0,4304,4304
40071000600,"Kay, OK (CT)",1414,162,1576,3463,334,3797
40071001100,"Kay, OK (CT)",375,1308,1683,837,3141,3978
40071001200,"Kay, OK (CT)",2298,0,2298,4875,0,4875
40071001301,"Kay, OK (CT)",164,1830,1994,326,3822,4148
40071001302,"Kay, OK (CT)",820,1485,2305,1512,3094,4606
40073958100,"Kingfisher, OK (CT)",1828,0,1828,4333,0,4333
40073958200,"Kingfisher, OK (CT)",1025,0,1025,2393,0,2393
40073958300,"Kingfisher, OK (CT)",584,1829,2413,1474,4144,5618
40073958400,"Kingfisher, OK (CT)",1143,0,1143,2690,0,2690
40075963600,"Kiowa, OK (CT)",960,0,960,1612,0,1612
40075963700,"Kiowa, OK (CT)",252,1856,2108,544,3622,4166
40075964200,"Kiowa, OK (CT)",2148,0,2148,3668,0,3668
40077087100,"Latimer, OK (CT)",1118,0,1118,2320,0,2320
40077087200,"Latimer, OK (CT)",1302,1274,2576,2981,2979,5960
40077087300,"Latimer, OK (CT)",1285,0,1285,2874,0,2874
40079040102,"Le Flore, OK (CT)",1725,152,1877,4069,329,4398
40079040198,"Le Flore, OK (CT)",142,803,945,306,1776,2082
40079040299,"Le Flore, OK (CT)",1733,0,1733,3734,0,3734
40079040301,"Le Flore, OK (CT)",2360,252,2612,5484,632,6116
40079040302,"Le Flore, OK (CT)",1577,0,1577,3806,0,3806
40079040303,"Le Flore, OK (CT)",1635,0,1635,3843,0,3843
40079040401,"Le Flore, OK (CT)",269,1919,2188,526,4253,4779
40079040402,"Le Flore, OK (CT)",422,1080,1502,1075,2906,3981
40079040500,"Le Flore, OK (CT)",2261,0,2261,5153,0,5153
40079040601,"Le Flore, OK (CT)",754,764,1518,1784,2144,3928
40079040602,"Le Flore, OK (CT)",1345,569,1914,3771,1616,5387
40079040700,"Le Flore, OK (CT)",1686,0,1686,3177,0,3177
40081961100,"Lincoln, OK (CT)",2232,0,2232,4731,0,4731
40081961200,"Lincoln, OK (CT)",1829,0,1829,4140,0,4140
40081961300,"Lincoln, OK (CT)",1937,0,1937,4319,0,4319
40081961400,"Lincoln, OK (CT)",3306,0,3306,7782,0,7782
40081961500,"Lincoln, OK (CT)",2311,0,2311,5061,0,5061
40081961600,"Lincoln, OK (CT)",1326,0,1326,3018,0,3018
40081961700,"Lincoln, OK (CT)",1041,1226,2267,2518,2704,5222
40083600100,"Logan, OK (CT)",8,2243,2251,23,4502,4525
40083600200,"Logan, OK (CT)",73,1017,1090,163,2597,2760
40083600300,"Logan, OK (CT)",583,425,1008,1186,1013,2199
40083600400,"Logan, OK (CT)",1456,1776,3232,3632,4747,8379
40083600500,"Logan, OK (CT)",2371,647,3018,5652,1629,7281
40083600600,"Logan, OK (CT)",1505,0,1505,4338,0,4338
40083600700,"Logan, OK (CT)",2271,0,2271,4662,0,4662
40083600800,"Logan, OK (CT)",1278,1542,2820,3517,4187,7704
40085094100,"Love, OK (CT)",1233,0,1233,2865,0,2865
40085094200,"Love, OK (CT)",2172,0,2172,4640,0,4640
40085094300,"Love, OK (CT)",1134,0,1134,1918,0,1918
40087400101,"McClain, OK (CT)",2574,8,2582,6652,19,6671
40087400102,"McClain, OK (CT)",2570,1142,3712,6587,2736,9323
40087400201,"McClain, OK (CT)",1605,0,1605,3676,0,3676
40087400202,"McClain, OK (CT)",2978,220,3198,7464,532,7996
40087400300,"McClain, OK (CT)",402,1895,2297,905,4592,5497
40087400400,"McClain, OK (CT)",602,0,602,1343,0,1343
40089098200,"McCurtain, OK (CT)",1414,0,1414,2698,0,2698
40089098300,"McCurtain, OK (CT)",802,0,802,1788,0,1788
40089098400,"McCurtain, OK (CT)",2042,0,2042,4339,0,4339
40089098500,"McCurtain, OK (CT)",3002,1,3003,5968,4,5972
40089098600,"McCurtain, OK (CT)",602,1835,2437,1370,4249,5619
40089098700,"McCurtain, OK (CT)",811,1170,1981,1814,2515,4329
40089098800,"McCurtain, OK (CT)",1011,1554,2565,2257,3425,5682
40089098900,"McCurtain, OK (CT)",1289,0,1289,2724,0,2724
40091779600,"McIntosh, OK (CT)",3441,0,3441,4695,0,4695
40091779700,"McIntosh, OK (CT)",453,1193,1646,1044,2572,3616
40091779900,"McIntosh, OK (CT)",1642,0,1642,2932,0,2932
40091780100,"McIntosh, OK (CT)",1430,0,1430,2394,0,2394
40091780200,"McIntosh, OK (CT)",1807,0,1807,3147,0,3147
40091780300,"McIntosh, OK (CT)",3384,0,3384,3468,0,3468
40093955100,"Major, OK (CT)",1408,0,1408,3151,0,3151
40093955200,"Major, OK (CT)",845,0,845,1584,0,1584
40093955300,"Major, OK (CT)",1418,0,1418,2792,0,2792
40095094698,"Marshall, OK (CT)",2010,0,2010,3734,0,3734
40095094700,"Marshall, OK (CT)",162,1732,1894,454,4419,4873
40095094801,"Marshall, OK (CT)",3107,0,3107,3512,0,3512
40095094802,"Marshall, OK (CT)",2995,0,2995,3721,0,3721
40097040100,"Mayes, OK (CT)",125,1952,2077,276,4533,4809
40097040200,"Mayes, OK (CT)",0,2201,2201,0,4730,4730
40097040300,"Mayes, OK (CT)",1545,23,1568,3634,62,3696
40097040400,"Mayes, OK (CT)",2446,0,2446,5633,0,5633
40097040501,"Mayes, OK (CT)",1572,0,1572,3326,0,3326
40097040502,"Mayes, OK (CT)",1950,0,1950,4220,0,4220
40097040600,"Mayes, OK (CT)",2206,0,2206,4574,0,4574
40097040700,"Mayes, OK (CT)",2408,0,2408,3924,0,3924
40097040800,"Mayes, OK (CT)",2811,0,2811,6347,0,6347
40099790600,"Murray, OK (CT)",909,0,909,2035,0,2035
40099790700,"Murray, OK (CT)",1559,1216,2775,2722,2591,5313
40099790800,"Murray, OK (CT)",863,2199,3062,1407,4733,6140
40101000100,"Muskogee, OK (CT)",151,2178,2329,326,4448,4774
40101000200,"Muskogee, OK (CT)",123,659,782,282,1398,1680
40101000300,"Muskogee, OK (CT)",0,1608,1608,0,3340,3340
40101000400,"Muskogee, OK (CT)",72,726,798,148,1696,1844
40101000600,"Muskogee, OK (CT)",457,1261,1718,1137,2774,3911
40101000700,"Muskogee, OK (CT)",0,2396,2396,0,5345,5345
40101000801,"Muskogee, OK (CT)",0,2570,2570,0,5364,5364
40101000802,"Muskogee, OK (CT)",0,1018,1018,0,2581,2581
40101000900,"Muskogee, OK (CT)",170,3304,3474,351,7468,7819
40101001000,"Muskogee, OK (CT)",25,765,790,44,1689,1733
40101001100,"Muskogee, OK (CT)",1308,0,1308,3174,0,3174
40101001200,"Muskogee, OK (CT)",1113,136,1249,4285,315,4600
40101001300,"Muskogee, OK (CT)",2057,792,2849,4820,1500,6320
40101001400,"Muskogee, OK (CT)",1413,1568,2981,3324,3883,7207
40101001500,"Muskogee, OK (CT)",2968,0,2968,6699,0,6699
40101001600,"Muskogee, OK (CT)",2070,0,2070,4599,0,4599
40103956600,"Noble, OK (CT)",1258,0,1258,3084,0,3084
40103956900,"Noble, OK (CT)",27,1840,1867,49,3753,3802
40103957000,"Noble, OK (CT)",231,679,910,516,1299,1815
40103957100,"Noble, OK (CT)",1306,0,1306,2860,0,2860
40105172100,"Nowata, OK (CT)",623,386,1009,1420,800,2220
40105172200,"Nowata, OK (CT)",758,0,758,1682,0,1682
40105172300,"Nowata, OK (CT)",916,0,916,2122,0,2122
40105172400,"Nowata, OK (CT)",426,1719,2145,880,3632,4512
40107080600,"Okfuskee, OK (CT)",1390,0,1390,2942,0,2942
40107080700,"Okfuskee, OK (CT)",1103,0,1103,3278,0,3278
40107080900,"Okfuskee, OK (CT)",247,1443,1690,499,3152,3651
40107081000,"Okfuskee, OK (CT)",1099,0,1099,2320,0,2320
40109100100,"Oklahoma, OK (CT)",0,1772,1772,0,3393,3393
40109100200,"Oklahoma, OK (CT)",0,3128,3128,0,6378,6378
40109100300,"Oklahoma, OK (CT)",0,1361,1361,0,2648,2648
40109100400,"Oklahoma, OK (CT)",0,1242,1242,0,2370,2370
40109100500,"Oklahoma, OK (CT)",0,1122,1122,0,1909,1909
40109100600,"Oklahoma, OK (CT)",0,460,460,0,727,727
40109100700,"Oklahoma, OK (CT)",0,799,799,0,1429,1429
40109100800,"Oklahoma, OK (CT)",0,1253,1253,0,2405,2405
40109100900,"Oklahoma, OK (CT)",0,702,702,0,1516,1516
40109101000,"Oklahoma, OK (CT)",0,1191,1191,0,2964,2964
40109101100,"Oklahoma, OK (CT)",0,647,647,0,838,838
40109101200,"Oklahoma, OK (CT)",0,850,850,0,1196,1196
40109101300,"Oklahoma, OK (CT)",0,1644,1644,0,2895,2895
40109101400,"Oklahoma, OK (CT)",0,714,714,0,1062,1062
40109101500,"Oklahoma, OK (CT)",0,988,988,0,1656,1656
40109101600,"Oklahoma, OK (CT)",0,368,368,0,466,466
40109101700,"Oklahoma, OK (CT)",0,565,565,0,1199,1199
40109101800,"Oklahoma, OK (CT)",0,873,873,0,1416,1416
40109101900,"Oklahoma, OK (CT)",0,1477,1477,0,2793,2793
40109102000,"Oklahoma, OK (CT)",0,1571,1571,0,3022,3022
40109102100,"Oklahoma, OK (CT)",0,1021,1021,0,2148,2148
40109102200,"Oklahoma, OK (CT)",0,1138,1138,0,2787,2787
40109102300,"Oklahoma, OK (CT)",0,1566,1566,0,3495,3495
40109102400,"Oklahoma, OK (CT)",0,1421,1421,0,3389,3389
40109102500,"Oklahoma, OK (CT)",0,435,435,0,542,542
40109102600,"Oklahoma, OK (CT)",0,139,139,0,437,437
40109102700,"Oklahoma, OK (CT)",0,91,91,0,130,130
40109102800,"Oklahoma, OK (CT)",0,1551,1551,0,2615,2615
40109102900,"Oklahoma, OK (CT)",0,259,259,0,607,607
40109103000,"Oklahoma, OK (CT)",0,203,203,0,358,358
40109103200,"Oklahoma, OK (CT)",0,1042,1042,0,3498,3498
40109103300,"Oklahoma, OK (CT)",0,691,691,0,1704,1704
40109103400,"Oklahoma, OK (CT)",0,167,167,0,373,373
40109103500,"Oklahoma, OK (CT)",0,91,91,0,351,351
40109103601,"Oklahoma, OK (CT)",0,247,247,0,226,226
40109103602,"Oklahoma, OK (CT)",0,33,33,0,704,704
40109103700,"Oklahoma, OK (CT)",0,76,76,0,514,514
40109103800,"Oklahoma, OK (CT)",0,461,461,0,467,467
40109103900,"Oklahoma, OK (CT)",0,1435,1435,0,3960,3960
40109104000,"Oklahoma, OK (CT)",0,105,105,0,227,227
40109104100,"Oklahoma, OK (CT)",0,1362,1362,0,3145,3145
40109104200,"Oklahoma, OK (CT)",0,820,820,0,2379,2379
40109104300,"Oklahoma, OK (CT)",0,1218,1218,0,3372,3372
40109104400,"Oklahoma, OK (CT)",0,1334,1334,0,3729,3729
40109104500,"Oklahoma, OK (CT)",0,1187,1187,0,3639,3639
40109104600,"Oklahoma, OK (CT)",0,409,409,0,1076,1076
40109104700,"Oklahoma, OK (CT)",0,711,711,0,1258,1258
40109104800,"Oklahoma, OK (CT)",0,1250,1250,0,3221,3221
40109104900,"Oklahoma, OK (CT)",0,1525,1525,0,3861,3861
40109105000,"Oklahoma, OK (CT)",0,892,892,0,2486,2486
40109105100,"Oklahoma, OK (CT)",0,955,955,0,1661,1661
40109105201,"Oklahoma, OK (CT)",0,736,736,0,1505,1505
40109105202,"Oklahoma, OK (CT)",0,580,580,0,1156,1156
40109105300,"Oklahoma, OK (CT)",0,1171,1171,0,3109,3109
40109105400,"Oklahoma, OK (CT)",0,764,764,0,1796,1796
40109105500,"Oklahoma, OK (CT)",0,1218,1218,0,3414,3414
40109105600,"Oklahoma, OK (CT)",0,1722,1722,0,5182,5182
40109105700,"Oklahoma, OK (CT)",0,297,297,0,1068,1068
40109105800,"Oklahoma, OK (CT)",0,394,394,0,819,819
40109105903,"Oklahoma, OK (CT)",0,1405,1405,0,2856,2856
40109105904,"Oklahoma, OK (CT)",0,1694,1694,0,3829,3829
40109105905,"Oklahoma, OK (CT)",0,1326,1326,0,2817,2817
40109105906,"Oklahoma, OK (CT)",0,1395,1395,0,2813,2813
40109105907,"Oklahoma, OK (CT)",0,1989,1989,0,4152,4152
40109106000,"Oklahoma, OK (CT)",539,428,967,1168,899,2067
40109106100,"Oklahoma, OK (CT)",70,1310,1380,113,3064,3177
40109106200,"Oklahoma, OK (CT)",0,691,691,0,1488,1488
40109106301,"Oklahoma, OK (CT)",0,1507,1507,0,3583,3583
40109106302,"Oklahoma, OK (CT)",0,2025,2025,0,4564,4564
40109106303,"Oklahoma, OK (CT)",0,1423,1423,0,3283,3283
40109106401,"Oklahoma, OK (CT)",0,1060,1060,0,2111,2111
40109106402,"Oklahoma, OK (CT)",0,1096,1096,0,2026,2026
40109106403,"Oklahoma, OK (CT)",0,2530,2530,0,4927,4927
40109106501,"Oklahoma, OK (CT)",0,1678,1678,0,2807,2807
40109106502,"Oklahoma, OK (CT)",0,2027,2027,0,3629,3629
40109106503,"Oklahoma, OK (CT)",0,858,858,0,1422,1422
40109106601,"Oklahoma, OK (CT)",0,1611,1611,0,3009,3009
40109106602,"Oklahoma, OK (CT)",0,1400,1400,0,2555,2555
40109106604,"Oklahoma, OK (CT)",0,1405,1405,0,2312,2312
40109106606,"Oklahoma, OK (CT)",0,926,926,0,2027,2027
40109106607,"Oklahoma, OK (CT)",0,1788,1788,0,3341,3341
40109106608,"Oklahoma, OK (CT)",0,1359,1359,0,2968,2968
40109106609,"Oklahoma, OK (CT)",0,667,667,0,1237,1237
40109106610,"Oklahoma, OK (CT)",0,888,888,0,1418,1418
40109106702,"Oklahoma, OK (CT)",0,1551,1551,0,3755,3755
40109106704,"Oklahoma, OK (CT)",0,1042,1042,0,2243,2243
40109106705,"Oklahoma, OK (CT)",0,952,952,0,2098,2098
40109106706,"Oklahoma, OK (CT)",0,1936,1936,0,3889,3889
40109106707,"Oklahoma, OK (CT)",0,3520,3520,0,6156,6156
40109106708,"Oklahoma, OK (CT)",0,862,862,0,2110,2110
40109106801,"Oklahoma, OK (CT)",0,638,638,0,1936,1936
40109106802,"Oklahoma, OK (CT)",0,772,772,0,1885,1885
40109106803,"Oklahoma, OK (CT)",0,1365,1365,0,3002,3002
40109106804,"Oklahoma, OK (CT)",0,1736,1736,0,3736,3736
40109106902,"Oklahoma, OK (CT)",0,1034,1034,0,2359,2359
40109106903,"Oklahoma, OK (CT)",0,2744,2744,0,5805,5805
40109106906,"Oklahoma, OK (CT)",0,1287,1287,0,2735,2735
40109106907,"Oklahoma, OK (CT)",0,956,956,0,2165,2165
40109106909,"Oklahoma, OK (CT)",0,679,679,0,1516,1516
40109106910,"Oklahoma, OK (CT)",0,1128,1128,0,2020,2020
40109106911,"Oklahoma, OK (CT)",0,763,763,0,1755,1755
40109106912,"Oklahoma, OK (CT)",0,1522,1522,0,2940,2940
40109106913,"Oklahoma, OK (CT)",0,1774,1774,0,3904,3904
40109106914,"Oklahoma, OK (CT)",0,2143,2143,0,3717,3717
40109106915,"Oklahoma, OK (CT)",0,2677,2677,0,6097,6097
40109107001,"Oklahoma, OK (CT)",0,2133,2133,0,5885,5885
40109107002,"Oklahoma, OK (CT)",0,933,933,0,1918,1918
40109107101,"Oklahoma, OK (CT)",0,16,16,0,31,31
40109107103,"Oklahoma, OK (CT)",0,682,682,0,1913,1913
40109107104,"Oklahoma, OK (CT)",0,1249,1249,0,2958,2958
40109107206,"Oklahoma, OK (CT)",0,1860,1860,0,4261,4261
40109107207,"Oklahoma, OK (CT)",0,1033,1033,0,1972,1972
40109107209,"Oklahoma, OK (CT)",0,2512,2512,0,5523,5523
40109107210,"Oklahoma, OK (CT)",0,438,438,0,1063,1063
40109107211,"Oklahoma, OK (CT)",0,970,970,0,2120,2120
40109107212,"Oklahoma, OK (CT)",0,2788,2788,0,6062,6062
40109107213,"Oklahoma, OK (CT)",0,2068,2068,0,4848,4848
40109107214,"Oklahoma, OK (CT)",0,1121,1121,0,2785,2785
40109107215,"Oklahoma, OK (CT)",0,1395,1395,0,3989,3989
40109107216,"Oklahoma, OK (CT)",0,1312,1312,0,3236,3236
40109107217,"Oklahoma, OK (CT)",0,736,736,0,1913,1913
40109107218,"Oklahoma, OK (CT)",0,1342,1342,0,2992,2992
40109107219,"Oklahoma, OK (CT)",0,1095,1095,0,3049,3049
40109107220,"Oklahoma, OK (CT)",0,1411,1411,0,3547,3547
40109107221,"Oklahoma, OK (CT)",0,860,860,0,2047,2047
40109107222,"Oklahoma, OK (CT)",0,819,819,0,1803,1803
40109107223,"Oklahoma, OK (CT)",0,1281,1281,0,2703,2703
40109107302,"Oklahoma, OK (CT)",0,1000,1000,0,2510,2510
40109107303,"Oklahoma, OK (CT)",0,643,643,0,1715,1715
40109107305,"Oklahoma, OK (CT)",0,674,674,0,1360,1360
40109107306,"Oklahoma, OK (CT)",0,1428,1428,0,3787,3787
40109107401,"Oklahoma, OK (CT)",0,2519,2519,0,6402,6402
40109107403,"Oklahoma, OK (CT)",161,2110,2271,271,5233,5504
40109107404,"Oklahoma, OK (CT)",0,1602,1602,0,3385,3385
40109107405,"Oklahoma, OK (CT)",0,1690,1690,0,4435,4435
40109107500,"Oklahoma, OK (CT)",0,640,640,0,2859,2859
40109107601,"Oklahoma, OK (CT)",0,1107,1107,0,1958,1958
40109107604,"Oklahoma, OK (CT)",0,899,899,0,1809,1809
40109107605,"Oklahoma, OK (CT)",0,1053,1053,0,2328,2328
40109107606,"Oklahoma, OK (CT)",0,125,125,0,240,240
40109107607,"Oklahoma, OK (CT)",0,1463,1463,0,3361,3361
40109107703,"Oklahoma, OK (CT)",0,1611,1611,0,3462,3462
40109107704,"Oklahoma, OK (CT)",0,653,653,0,1616,1616
40109107705,"Oklahoma, OK (CT)",0,975,975,0,2093,2093
40109107706,"Oklahoma, OK (CT)",0,1332,1332,0,2820,2820
40109107707,"Oklahoma, OK (CT)",0,593,593,0,1276,1276
40109107801,"Oklahoma, OK (CT)",0,1526,1526,0,3544,3544
40109107804,"Oklahoma, OK (CT)",0,1118,1118,0,2424,2424
40109107805,"Oklahoma, OK (CT)",0,1036,1036,0,2524,2524
40109107806,"Oklahoma, OK (CT)",0,1978,1978,0,3921,3921
40109107807,"Oklahoma, OK (CT)",0,1195,1195,0,2794,2794
40109107808,"Oklahoma, OK (CT)",0,839,839,0,1835,1835
40109107809,"Oklahoma, OK (CT)",0,718,718,0,1655,1655
40109107810,"Oklahoma, OK (CT)",0,1198,1198,0,2701,2701
40109107900,"Oklahoma, OK (CT)",0,876,876,0,1675,1675
40109108003,"Oklahoma, OK (CT)",42,2100,2142,93,4005,4098
40109108005,"Oklahoma, OK (CT)",320,843,1163,665,1717,2382
40109108006,"Oklahoma, OK (CT)",0,1866,1866,0,4029,4029
40109108007,"Oklahoma, OK (CT)",0,1433,1433,0,3057,3057
40109108008,"Oklahoma, OK (CT)",0,1903,1903,0,4418,4418
40109108009,"Oklahoma, OK (CT)",0,1243,1243,0,2986,2986
40109108010,"Oklahoma, OK (CT)",0,1478,1478,0,3058,3058
40109108011,"Oklahoma, OK (CT)",0,1520,1520,0,3506,3506
40109108101,"Oklahoma, OK (CT)",794,398,1192,2194,1195,3389
40109108106,"Oklahoma, OK (CT)",111,1551,1662,294,4449,4743
40109108107,"Oklahoma, OK (CT)",0,1033,1033,0,2790,2790
40109108109,"Oklahoma, OK (CT)",66,1933,1999,170,5120,5290
40109108110,"Oklahoma, OK (CT)",143,1365,1508,338,3642,3980
40109108113,"Oklahoma, OK (CT)",0,2043,2043,0,4686,4686
40109108114,"Oklahoma, OK (CT)",0,1961,1961,0,4367,4367
40109108201,"Oklahoma, OK (CT)",0,1666,1666,0,3599,3599
40109108203,"Oklahoma, OK (CT)",0,1450,1450,0,3034,3034
40109108204,"Oklahoma, OK (CT)",0,1233,1233,0,2739,2739
40109108206,"Oklahoma, OK (CT)",0,1526,1526,0,4087,4087
40109108207,"Oklahoma, OK (CT)",0,535,535,0,1571,1571
40109108208,"Oklahoma, OK (CT)",0,2006,2006,0,4291,4291
40109108213,"Oklahoma, OK (CT)",208,2752,2960,635,7509,8144
40109108215,"Oklahoma, OK (CT)",0,1858,1858,0,4738,4738
40109108216,"Oklahoma, OK (CT)",0,1250,1250,0,2892,2892
40109108217,"Oklahoma, OK (CT)",0,1677,1677,0,4295,4295
40109108218,"Oklahoma, OK (CT)",0,2881,2881,0,8014,8014
40109108219,"Oklahoma, OK (CT)",0,1807,1807,0,4384,4384
40109108220,"Oklahoma, OK (CT)",0,1905,1905,0,5167,5167
40109108221,"Oklahoma, OK (CT)",314,1601,1915,897,4677,5574
40109108301,"Oklahoma, OK (CT)",333,416,749,708,853,1561
40109108302,"Oklahoma, OK (CT)",125,1936,2061,269,4085,4354
40109108303,"Oklahoma, OK (CT)",0,3030,3030,0,6807,6807
40109108304,"Oklahoma, OK (CT)",0,2034,2034,0,4882,4882
40109108307,"Oklahoma, OK (CT)",0,2356,2356,0,4845,4845
40109108309,"Oklahoma, OK (CT)",0,942,942,0,2363,2363
40109108310,"Oklahoma, OK (CT)",0,1671,1671,0,2579,2579
40109108313,"Oklahoma, OK (CT)",0,3586,3586,0,5374,5374
40109108314,"Oklahoma, OK (CT)",0,1633,1633,0,2598,2598
40109108315,"Oklahoma, OK (CT)",0,2784,2784,0,5003,5003
40109108316,"Oklahoma, OK (CT)",0,2519,2519,0,5993,5993
40109108317,"Oklahoma, OK (CT)",0,1594,1594,0,3410,3410
40109108318,"Oklahoma, OK (CT)",0,2007,2007,0,5068,5068
40109108402,"Oklahoma, OK (CT)",0,658,658,0,1323,1323
40109108403,"Oklahoma, OK (CT)",0,1052,1052,0,2001,2001
40109108404,"Oklahoma, OK (CT)",0,1342,1342,0,2573,2573
40109108504,"Oklahoma, OK (CT)",0,3641,3641,0,6700,6700
40109108506,"Oklahoma, OK (CT)",0,1567,1567,0,3224,3224
40109108507,"Oklahoma, OK (CT)",0,716,716,0,1150,1150
40109108508,"Oklahoma, OK (CT)",0,853,853,0,2000,2000
40109108511,"Oklahoma, OK (CT)",296,1986,2282,618,4666,5284
40109108512,"Oklahoma, OK (CT)",992,486,1478,2970,1280,4250
40109108513,"Oklahoma, OK (CT)",0,1549,1549,0,3694,3694
40109108514,"Oklahoma, OK (CT)",0,2182,2182,0,5009,5009
40109108515,"Oklahoma, OK (CT)",0,2581,2581,0,5212,5212
40109108519,"Oklahoma, OK (CT)",0,1833,1833,0,3318,3318
40109108520,"Oklahoma, OK (CT)",0,952,952,0,1875,1875
40109108521,"Oklahoma, OK (CT)",0,777,777,0,1426,1426
40109108523,"Oklahoma, OK (CT)",0,2235,2235,0,5378,5378
40109108524,"Oklahoma, OK (CT)",0,1162,1162,0,3237,3237
40109108525,"Oklahoma, OK (CT)",0,795,795,0,2107,2107
40109108526,"Oklahoma, OK (CT)",0,2095,2095,0,4965,4965
40109108527,"Oklahoma, OK (CT)",0,2480,2480,0,5086,5086
40109108528,"Oklahoma, OK (CT)",0,861,861,0,2155,2155
40109108529,"Oklahoma, OK (CT)",0,1088,1088,0,2798,2798
40109108530,"Oklahoma, OK (CT)",0,1827,1827,0,4128,4128
40109108601,"Oklahoma, OK (CT)",180,733,913,354,1860,2214
40109108602,"Oklahoma, OK (CT)",0,441,441,0,935,935
40109108603,"Oklahoma, OK (CT)",149,668,817,351,1748,2099
40109108701,"Oklahoma, OK (CT)",678,281,959,1715,814,2529
40109108703,"Oklahoma, OK (CT)",441,1611,2052,1131,4209,5340
40109108704,"Oklahoma, OK (CT)",1779,136,1915,4539,373,4912
40109108706,"Oklahoma, OK (CT)",0,1161,1161,0,2739,2739
40109108707,"Oklahoma, OK (CT)",0,1351,1351,0,3401,3401
40109108708,"Oklahoma, OK (CT)",750,561,1311,1854,1409,3263
40109108709,"Oklahoma, OK (CT)",1335,40,1375,3310,92,3402
40109108801,"Oklahoma, OK (CT)",298,2465,2763,651,5898,6549
40109108802,"Oklahoma, OK (CT)",468,1496,1964,1086,3826,4912
40109108803,"Oklahoma, OK (CT)",368,160,528,719,369,1088
40109108804,"Oklahoma, OK (CT)",772,340,1112,1875,762,2637
40109108900,"Oklahoma, OK (CT)",1081,480,1561,2461,1197,3658
40109109001,"Oklahoma, OK (CT)",824,0,824,2076,0,2076
40109109003,"Oklahoma, OK (CT)",670,1283,1953,1616,3110,4726
40109109004,"Oklahoma, OK (CT)",1115,276,1391,2726,747,3473
40109109100,"Oklahoma, OK (CT)",0,161,161,0,251,251
40109109201,"Oklahoma, OK (CT)",1862,212,2074,4867,619,5486
40109109202,"Oklahoma, OK (CT)",979,0,979,2363,0,2363
40111000100,"Okmulgee, OK (CT)",273,1049,1322,440,2751,3191
40111000200,"Okmulgee, OK (CT)",216,1365,1581,425,2645,3070
40111000300,"Okmulgee, OK (CT)",151,1242,1393,255,2593,2848
40111000400,"Okmulgee, OK (CT)",150,2077,2227,295,4453,4748
40111000500,"Okmulgee, OK (CT)",1614,103,1717,3860,218,4078
40111000600,"Okmulgee, OK (CT)",3015,0,3015,7200,0,7200
40111000700,"Okmulgee, OK (CT)",1019,538,1557,2486,1393,3879
40111000800,"Okmulgee, OK (CT)",1095,344,1439,2508,844,3352
40111000901,"Okmulgee, OK (CT)",508,936,1444,1106,1991,3097
40111000902,"Okmulgee, OK (CT)",387,1809,2196,879,3727,4606
40113940001,"Osage, OK (CT)",1295,1134,2429,2490,3493,5983
40113940002,"Osage, OK (CT)",693,1798,2491,1406,3623,5029
40113940003,"Osage, OK (CT)",1966,419,2385,3882,938,4820
40113940004,"Osage, OK (CT)",1296,44,1340,2431,72,2503
40113940005,"Osage, OK (CT)",1536,112,1648,3643,278,3921
40113940006,"Osage, OK (CT)",0,2429,2429,0,5722,5722
40113940007,"Osage, OK (CT)",2041,5,2046,4666,8,4674
40113940008,"Osage, OK (CT)",1464,0,1464,3226,0,3226
40113940009,"Osage, OK (CT)",1326,0,1326,3216,0,3216
40113940010,"Osage, OK (CT)",702,2081,2783,1847,5105,6952
40113940011,"Osage, OK (CT)",802,0,802,1426,0,1426
40115574100,"Ottawa, OK (CT)",1731,0,1731,4150,0,4150
40115574200,"Ottawa, OK (CT)",112,1235,1347,220,2912,3132
40115574300,"Ottawa, OK (CT)",129,1075,1204,309,2401,2710
40115574400,"Ottawa, OK (CT)",0,1284,1284,0,2833,2833
40115574500,"Ottawa, OK (CT)",0,1197,1197,0,2523,2523
40115574600,"Ottawa, OK (CT)",73,1653,1726,155,4207,4362
40115574700,"Ottawa, OK (CT)",1441,519,1960,3305,1268,4573
40115574800,"Ottawa, OK (CT)",1993,0,1993,4311,0,4311
40115574900,"Ottawa, OK (CT)",1618,0,1618,3254,0,3254
40117957100,"Pawnee, OK (CT)",323,1459,1782,758,3128,3886
40117957200,"Pawnee, OK (CT)",1945,0,1945,4176,0,4176
40117957300,"Pawnee, OK (CT)",1484,0,1484,3317,0,3317
40117957400,"Pawnee, OK (CT)",1360,0,1360,2731,0,2731
40117957500,"Pawnee, OK (CT)",1174,0,1174,2467,0,2467
40119010101,"Payne, OK (CT)",334,1591,1925,792,3310,4102
40119010102,"Payne, OK (CT)",0,2718,2718,0,5091,5091
40119010200,"Payne, OK (CT)",402,2549,2951,777,4730,5507
40119010300,"Payne, OK (CT)",0,904,904,0,3401,3401
40119010400,"Payne, OK (CT)",0,769,769,0,6372,6372
40119010500,"Payne, OK (CT)",0,2210,2210,0,3323,3323
40119010600,"Payne, OK (CT)",29,2236,2265,74,4740,4814
40119010700,"Payne, OK (CT)",0,1538,1538,0,2871,2871
40119010800,"Payne, OK (CT)",0,1034,1034,0,2208,2208
40119010900,"Payne, OK (CT)",81,3471,3552,161,8105,8266
40119011000,"Payne, OK (CT)",2423,157,2580,5376,359,5735
40119011101,"Payne, OK (CT)",2319,1,2320,5172,5,5177
40119011102,"Payne, OK (CT)",2733,0,2733,6246,0,6246
40119011200,"Payne, OK (CT)",1171,0,1171,2453,0,2453
40119011301,"Payne, OK (CT)",1030,730,1760,2118,1507,3625
40119011302,"Payne, OK (CT)",55,1681,1736,127,3631,3758
40119011400,"Payne, OK (CT)",928,897,1825,2797,1604,4401
40121485600,"Pittsburg, OK (CT)",3060,0,3060,2772,0,2772
40121485700,"Pittsburg, OK (CT)",1211,0,1211,2442,0,2442
40121485800,"Pittsburg, OK (CT)",2563,0,2563,4725,0,4725
40121485900,"Pittsburg, OK (CT)",1041,0,1041,2378,0,2378
40121486000,"Pittsburg, OK (CT)",1517,764,2281,3361,1628,4989
40121486100,"Pittsburg, OK (CT)",96,2193,2289,209,4382,4591
40121486200,"Pittsburg, OK (CT)",60,1475,1535,127,3589,3716
40121486300,"Pittsburg, OK (CT)",9,10,19,21,1773,1794
40121486400,"Pittsburg, OK (CT)",106,1203,1309,221,2381,2602
40121486500,"Pittsburg, OK (CT)",19,2570,2589,35,5673,5708
40121486600,"Pittsburg, OK (CT)",1247,33,1280,2836,75,2911
40121486700,"Pittsburg, OK (CT)",1219,1196,2415,2545,2539,5084
40121486800,"Pittsburg, OK (CT)",1042,0,1042,2125,0,2125
40123088600,"Pontotoc, OK (CT)",2114,0,2114,5135,0,5135
40123088700,"Pontotoc, OK (CT)",1103,7,1110,2397,20,2417
40123088800,"Pontotoc, OK (CT)",1215,2062,3277,2927,4389,7316
40123088900,"Pontotoc, OK (CT)",0,1747,1747,0,4385,4385
40123089000,"Pontotoc, OK (CT)",1196,336,1532,2840,734,3574
40123089100,"Pontotoc, OK (CT)",0,1246,1246,0,2322,2322
40123089200,"Pontotoc, OK (CT)",0,844,844,0,1650,1650
40123089300,"Pontotoc, OK (CT)",0,1844,1844,0,3900,3900
40123089598,"Pontotoc, OK (CT)",1941,0,1941,4676,0,4676
40123089600,"Pontotoc, OK (CT)",940,0,940,2117,0,2117
40125500200,"Pottawatomie, OK (CT)",53,1526,1579,97,3178,3275
40125500301,"Pottawatomie, OK (CT)",0,1459,1459,0,3218,3218
40125500302,"Pottawatomie, OK (CT)",0,1330,1330,0,2833,2833
40125500400,"Pottawatomie, OK (CT)",0,1737,1737,0,3577,3577
40125500500,"Pottawatomie, OK (CT)",0,1566,1566,0,4335,4335
40125500600,"Pottawatomie, OK (CT)",0,1576,1576,0,3337,3337
40125500700,"Pottawatomie, OK (CT)",0,1323,1323,0,3053,3053
40125500800,"Pottawatomie, OK (CT)",30,1517,1547,80,3466,3546
40125500900,"Pottawatomie, OK (CT)",2277,395,2672,5781,1100,6881
40125501001,"Pottawatomie, OK (CT)",2764,210,2974,7963,428,8391
40125501003,"Pottawatomie, OK (CT)",1781,0,1781,4293,0,4293
40125501004,"Pottawatomie, OK (CT)",1449,295,1744,3687,708,4395
40125501101,"Pottawatomie, OK (CT)",1171,1110,2281,2877,2643,5520
40125501102,"Pottawatomie, OK (CT)",2273,1037,3310,5528,2379,7907
40125501201,"Pottawatomie, OK (CT)",903,0,903,1981,0,1981
40125501300,"Pottawatomie, OK (CT)",1357,0,1357,2900,0,2900
40127097600,"Pushmataha, OK (CT)",1662,0,1662,3033,0,3033
40127097700,"Pushmataha, OK (CT)",3074,0,3074,5892,0,5892
40127097800,"Pushmataha, OK (CT)",1374,0,1374,2647,0,2647
40129960000,"Roger Mills, OK (CT)",1905,0,1905,3647,0,3647
40131050101,"Rogers, OK (CT)",0,1937,1937,0,4676,4676
40131050103,"Rogers, OK (CT)",0,973,973,0,2375,2375
40131050104,"Rogers, OK (CT)",0,1045,1045,0,1955,1955
40131050105,"Rogers, OK (CT)",214,1453,1667,416,4274,4690
40131050201,"Rogers, OK (CT)",437,613,1050,1120,1387,2507
40131050202,"Rogers, OK (CT)",0,1409,1409,0,2927,2927
40131050203,"Rogers, OK (CT)",0,692,692,0,1634,1634
40131050301,"Rogers, OK (CT)",1046,0,1046,2420,0,2420
40131050302,"Rogers, OK (CT)",1137,0,1137,2719,0,2719
40131050303,"Rogers, OK (CT)",1059,44,1103,2793,96,2889
40131050304,"Rogers, OK (CT)",1005,267,1272,2593,642,3235
40131050403,"Rogers, OK (CT)",650,1216,1866,1586,3607,5193
40131050404,"Rogers, OK (CT)",0,2322,2322,0,5805,5805
40131050405,"Rogers, OK (CT)",884,362,1246,2596,1080,3676
40131050406,"Rogers, OK (CT)",70,743,813,207,2056,2263
40131050407,"Rogers, OK (CT)",111,798,909,258,2096,2354
40131050408,"Rogers, OK (CT)",46,1221,1267,81,2921,3002
40131050409,"Rogers, OK (CT)",863,167,1030,1355,467,1822
40131050501,"Rogers, OK (CT)",1137,0,1137,2980,0,2980
40131050502,"Rogers, OK (CT)",1382,0,1382,3379,0,3379
40131050601,"Rogers, OK (CT)",646,660,1306,1640,1480,3120
40131050602,"Rogers, OK (CT)",49,1053,1102,107,2886,2993
40131050603,"Rogers, OK (CT)",632,238,870,1619,635,2254
40131050604,"Rogers, OK (CT)",1387,69,1456,3547,197,3744
40131050701,"Rogers, OK (CT)",1025,0,1025,2165,0,2165
40131050702,"Rogers, OK (CT)",1227,0,1227,2948,0,2948
40131050801,"Rogers, OK (CT)",1608,0,1608,4048,0,4048
40131050802,"Rogers, OK (CT)",1263,0,1263,3132,0,3132
40133583100,"Seminole, OK (CT)",914,0,914,1849,0,1849
40133583200,"Seminole, OK (CT)",1389,0,1389,3321,0,3321
40133583300,"Seminole, OK (CT)",725,448,1173,1600,1027,2627
40133583400,"Seminole, OK (CT)",723,1121,1844,1576,2725,4301
40133583500,"Seminole, OK (CT)",0,1139,1139,0,2179,2179
40133583600,"Seminole, OK (CT)",587,1452,2039,1162,3071,4233
40133583700,"Seminole, OK (CT)",985,0,985,2179,0,2179
40133583800,"Seminole, OK (CT)",1277,0,1277,2852,0,2852
40133583900,"Seminole, OK (CT)",882,0,882,1941,0,1941
40135030101,"Sequoyah, OK (CT)",1987,0,1987,4858,0,4858
40135030103,"Sequoyah, OK (CT)",202,887,1089,510,2130,2640
40135030104,"Sequoyah, OK (CT)",2444,397,2841,6066,926,6992
40135030201,"Sequoyah, OK (CT)",1834,0,1834,2568,0,2568
40135030202,"Sequoyah, OK (CT)",2424,0,2424,5509,0,5509
40135030301,"Sequoyah, OK (CT)",105,779,884,258,2009,2267
40135030302,"Sequoyah, OK (CT)",328,2848,3176,761,6170,6931
40135030401,"Sequoyah, OK (CT)",1667,0,1667,4009,0,4009
40135030402,"Sequoyah, OK (CT)",1509,1245,2754,3704,2913,6617
40137000101,"Stephens, OK (CT)",176,2391,2567,401,5036,5437
40137000102,"Stephens, OK (CT)",419,1068,1487,941,2284,3225
40137000200,"Stephens, OK (CT)",123,1680,1803,264,3586,3850
40137000300,"Stephens, OK (CT)",0,1003,1003,0,2121,2121
40137000400,"Stephens, OK (CT)",338,2193,2531,805,4900,5705
40137000600,"Stephens, OK (CT)",56,1536,1592,95,3133,3228
40137000800,"Stephens, OK (CT)",2190,108,2298,5000,241,5241
40137000901,"Stephens, OK (CT)",803,1261,2064,1878,2763,4641
40137000902,"Stephens, OK (CT)",1027,639,1666,2369,1467,3836
40137001000,"Stephens, OK (CT)",1014,0,1014,2092,0,2092
40137001100,"Stephens, OK (CT)",2633,0,2633,5672,0,5672
40139950600,"Texas, OK (CT)",1631,0,1631,3790,0,3790
40139950700,"Texas, OK (CT)",1319,0,1319,3173,0,3173
40139950800,"Texas, OK (CT)",0,1814,1814,0,4817,4817
40139950900,"Texas, OK (CT)",305,2419,2724,724,6521,7245
40139951000,"Texas, OK (CT)",720,0,720,1615,0,1615
40141070100,"Tillman, OK (CT)",597,0,597,1219,0,1219
40141070200,"Tillman, OK (CT)",621,0,621,1139,0,1139
40141070300,"Tillman, OK (CT)",83,1097,1180,180,2207,2387
40141070400,"Tillman, OK (CT)",44,859,903,68,1692,1760
40141070500,"Tillman, OK (CT)",776,0,776,1487,0,1487
40143000100,"Tulsa, OK (CT)",0,1060,1060,0,2159,2159
40143000200,"Tulsa, OK (CT)",0,716,716,0,1473,1473
40143000300,"Tulsa, OK (CT)",0,1510,1510,0,3919,3919
40143000400,"Tulsa, OK (CT)",0,1651,1651,0,3939,3939
40143000500,"Tulsa, OK (CT)",0,1081,1081,0,2333,2333
40143000600,"Tulsa, OK (CT)",0,739,739,0,1545,1545
40143000700,"Tulsa, OK (CT)",0,855,855,0,1695,1695
40143000800,"Tulsa, OK (CT)",0,718,718,0,1397,1397
40143000900,"Tulsa, OK (CT)",0,699,699,0,1384,1384
40143001000,"Tulsa, OK (CT)",0,765,765,0,1421,1421
40143001200,"Tulsa, OK (CT)",0,793,793,0,1824,1824
40143001300,"Tulsa, OK (CT)",0,984,984,0,2309,2309
40143001400,"Tulsa, OK (CT)",0,2312,2312,0,5355,5355
40143001500,"Tulsa, OK (CT)",0,1854,1854,0,4038,4038
40143001600,"Tulsa, OK (CT)",0,2275,2275,0,4944,4944
40143001700,"Tulsa, OK (CT)",0,1243,1243,0,2493,2493
40143001800,"Tulsa, OK (CT)",0,990,990,0,1899,1899
40143001900,"Tulsa, OK (CT)",0,882,882,0,1763,1763
40143002000,"Tulsa, OK (CT)",0,967,967,0,1831,1831
40143002100,"Tulsa, OK (CT)",0,1504,1504,0,3695,3695
40143002301,"Tulsa, OK (CT)",0,1591,1591,0,2835,2835
40143002500,"Tulsa, OK (CT)",0,1299,1299,0,3980,3980
40143002700,"Tulsa, OK (CT)",0,1488,1488,0,3291,3291
40143002900,"Tulsa, OK (CT)",0,1395,1395,0,2935,2935
40143003000,"Tulsa, OK (CT)",0,975,975,0,2032,2032
40143003100,"Tulsa, OK (CT)",0,2111,2111,0,2620,2620
40143003200,"Tulsa, OK (CT)",0,907,907,0,1511,1511
40143003300,"Tulsa, OK (CT)",0,1205,1205,0,2032,2032
40143003400,"Tulsa, OK (CT)",0,1403,1403,0,2093,2093
40143003500,"Tulsa, OK (CT)",0,1235,1235,0,1998,1998
40143003600,"Tulsa, OK (CT)",0,1160,1160,0,2064,2064
40143003700,"Tulsa, OK (CT)",0,1467,1467,0,2675,2675
40143003800,"Tulsa, OK (CT)",0,985,985,0,1867,1867
40143003900,"Tulsa, OK (CT)",0,2284,2284,0,4061,4061
40143004000,"Tulsa, OK (CT)",0,2396,2396,0,4333,4333
40143004101,"Tulsa, OK (CT)",0,1014,1014,0,2327,2327
40143004200,"Tulsa, OK (CT)",0,1422,1422,0,2851,2851
40143004301,"Tulsa, OK (CT)",0,1014,1014,0,2137,2137
40143004302,"Tulsa, OK (CT)",0,1690,1690,0,3178,3178
40143004400,"Tulsa, OK (CT)",0,1923,1923,0,2710,2710
40143004500,"Tulsa, OK (CT)",0,1345,1345,0,2449,2449
40143004600,"Tulsa, OK (CT)",0,1736,1736,0,3082,3082
40143004700,"Tulsa, OK (CT)",0,891,891,0,1891,1891
40143004800,"Tulsa, OK (CT)",0,1980,1980,0,4400,4400
40143004900,"Tulsa, OK (CT)",0,947,947,0,1620,1620
40143005001,"Tulsa, OK (CT)",0,1137,1137,0,2057,2057
40143005002,"Tulsa, OK (CT)",0,2118,2118,0,3624,3624
40143005100,"Tulsa, OK (CT)",0,844,844,0,1811,1811
40143005200,"Tulsa, OK (CT)",0,1519,1519,0,2872,2872
40143005300,"Tulsa, OK (CT)",0,2178,2178,0,4569,4569
40143005401,"Tulsa, OK (CT)",763,101,864,2092,240,2332
40143005402,"Tulsa, OK (CT)",822,2217,3039,1978,5358,7336
40143005500,"Tulsa, OK (CT)",663,741,1404,1632,1663,3295
40143005600,"Tulsa, OK (CT)",641,415,1056,1524,980,2504
40143005700,"Tulsa, OK (CT)",0,1034,1034,0,2316,2316
40143005801,"Tulsa, OK (CT)",0,1697,1697,0,4098,4098
40143005805,"Tulsa, OK (CT)",0,2713,2713,0,6925,6925
40143005806,"Tulsa, OK (CT)",0,2052,2052,0,5194,5194
40143005807,"Tulsa, OK (CT)",5,4531,4536,11,12072,12083
40143005808,"Tulsa, OK (CT)",370,619,989,893,1628,2521
40143005900,"Tulsa, OK (CT)",213,985,1198,464,1878,2342
40143006000,"Tulsa, OK (CT)",0,1910,1910,0,4946,4946
40143006200,"Tulsa, OK (CT)",0,1370,1370,0,2781,2781
40143006506,"Tulsa, OK (CT)",182,728,910,518,1762,2280
40143006507,"Tulsa, OK (CT)",449,186,635,1053,430,1483
40143006600,"Tulsa, OK (CT)",69,1150,1219,154,2710,2864
40143006701,"Tulsa, OK (CT)",0,1258,1258,0,3200,3200
40143006703,"Tulsa, OK (CT)",0,1584,1584,0,3735,3735
40143006705,"Tulsa, OK (CT)",137,2003,2140,317,4575,4892
40143006707,"Tulsa, OK (CT)",313,2846,3159,614,7646,8260
40143006708,"Tulsa, OK (CT)",325,1618,1943,960,4638,5598
40143006801,"Tulsa, OK (CT)",0,1495,1495,0,2923,2923
40143006803,"Tulsa, OK (CT)",0,1563,1563,0,2753,2753
40143006804,"Tulsa, OK (CT)",0,1449,1449,0,2795,2795
40143006901,"Tulsa, OK (CT)",0,2281,2281,0,4123,4123
40143006902,"Tulsa, OK (CT)",0,706,706,0,1586,1586
40143006903,"Tulsa, OK (CT)",0,2108,2108,0,3620,3620
40143006905,"Tulsa, OK (CT)",0,2082,2082,0,4192,4192
40143006906,"Tulsa, OK (CT)",0,783,783,0,1990,1990
40143006907,"Tulsa, OK (CT)",0,1532,1532,0,2964,2964
40143007000,"Tulsa, OK (CT)",0,1507,1507,0,2977,2977
40143007101,"Tulsa, OK (CT)",0,1842,1842,0,3443,3443
40143007102,"Tulsa, OK (CT)",0,1238,1238,0,2395,2395
40143007200,"Tulsa, OK (CT)",0,1683,1683,0,3908,3908
40143007304,"Tulsa, OK (CT)",0,1581,1581,0,3810,3810
40143007305,"Tulsa, OK (CT)",0,2558,2558,0,6333,6333
40143007306,"Tulsa, OK (CT)",0,2095,2095,0,5695,5695
40143007308,"Tulsa, OK (CT)",258,1061,1319,606,2613,3219
40143007309,"Tulsa, OK (CT)",0,620,620,0,1502,1502
40143007310,"Tulsa, OK (CT)",0,1358,1358,0,3675,3675
40143007311,"Tulsa, OK (CT)",0,1059,1059,0,2777,2777
40143007312,"Tulsa, OK (CT)",0,1999,1999,0,4790,4790
40143007402,"Tulsa, OK (CT)",0,1321,1321,0,2893,2893
40143007407,"Tulsa, OK (CT)",0,1184,1184,0,3155,3155
40143007408,"Tulsa, OK (CT)",0,505,505,0,1264,1264
40143007409,"Tulsa, OK (CT)",0,1351,1351,0,3836,3836
40143007410,"Tulsa, OK (CT)",0,1016,1016,0,2232,2232
40143007411,"Tulsa, OK (CT)",0,1223,1223,0,2502,2502
40143007412,"Tulsa, OK (CT)",0,1227,1227,0,3617,3617
40143007413,"Tulsa, OK (CT)",0,1415,1415,0,3986,3986
40143007414,"Tulsa, OK (CT)",0,1172,1172,0,2781,2781
40143007415,"Tulsa, OK (CT)",0,685,685,0,1741,1741
40143007503,"Tulsa, OK (CT)",0,1091,1091,0,2629,2629
40143007506,"Tulsa, OK (CT)",5,1309,1314,10,3070,3080
40143007507,"Tulsa, OK (CT)",0,1366,1366,0,3425,3425
40143007508,"Tulsa, OK (CT)",0,2102,2102,0,6007,6007
40143007510,"Tulsa, OK (CT)",0,2103,2103,0,5212,5212
40143007511,"Tulsa, OK (CT)",0,1076,1076,0,2788,2788
40143007512,"Tulsa, OK (CT)",0,1694,1694,0,4353,4353
40143007513,"Tulsa, OK (CT)",378,1312,1690,916,3422,4338
40143007515,"Tulsa, OK (CT)",145,1492,1637,335,4098,4433
40143007516,"Tulsa, OK (CT)",466,1366,1832,1006,3313,4319
40143007518,"Tulsa, OK (CT)",0,1136,1136,0,3483,3483
40143007519,"Tulsa, OK (CT)",0,1038,1038,0,2938,2938
40143007520,"Tulsa, OK (CT)",0,1555,1555,0,3890,3890
40143007522,"Tulsa, OK (CT)",0,887,887,0,2169,2169
40143007523,"Tulsa, OK (CT)",0,928,928,0,2521,2521
40143007524,"Tulsa, OK (CT)",0,1200,1200,0,2736,2736
40143007608,"Tulsa, OK (CT)",0,1525,1525,0,2577,2577
40143007609,"Tulsa, OK (CT)",0,2663,2663,0,4779,4779
40143007611,"Tulsa, OK (CT)",0,718,718,0,1362,1362
40143007612,"Tulsa, OK (CT)",0,773,773,0,3434,3434
40143007613,"Tulsa, OK (CT)",0,1633,1633,0,3011,3011
40143007614,"Tulsa, OK (CT)",0,1190,1190,0,2430,2430
40143007615,"Tulsa, OK (CT)",0,1083,1083,0,2032,2032
40143007616,"Tulsa, OK (CT)",0,1598,1598,0,3373,3373
40143007617,"Tulsa, OK (CT)",0,2135,2135,0,4017,4017
40143007618,"Tulsa, OK (CT)",0,3173,3173,0,6041,6041
40143007619,"Tulsa, OK (CT)",0,1742,1742,0,3852,3852
40143007620,"Tulsa, OK (CT)",0,2836,2836,0,5243,5243
40143007624,"Tulsa, OK (CT)",3,1201,1204,4,2983,2987
40143007625,"Tulsa, OK (CT)",0,2467,2467,0,4684,4684
40143007629,"Tulsa, OK (CT)",0,1810,1810,0,3825,3825
40143007630,"Tulsa, OK (CT)",0,1971,1971,0,4861,4861
40143007631,"Tulsa, OK (CT)",0,1372,1372,0,3218,3218
40143007632,"Tulsa, OK (CT)",0,1384,1384,0,2824,2824
40143007633,"Tulsa, OK (CT)",0,1005,1005,0,2602,2602
40143007634,"Tulsa, OK (CT)",0,1895,1895,0,3350,3350
40143007635,"Tulsa, OK (CT)",0,2003,2003,0,5554,5554
40143007636,"Tulsa, OK (CT)",0,1577,1577,0,3740,3740
40143007637,"Tulsa, OK (CT)",0,1811,1811,0,5142,5142
40143007638,"Tulsa, OK (CT)",0,1350,1350,0,3927,3927
40143007639,"Tulsa, OK (CT)",0,2061,2061,0,4816,4816
40143007641,"Tulsa, OK (CT)",0,2301,2301,0,4171,4171
40143007642,"Tulsa, OK (CT)",0,917,917,0,1720,1720
40143007701,"Tulsa, OK (CT)",204,1708,1912,486,4620,5106
40143007702,"Tulsa, OK (CT)",794,2060,2854,2167,5685,7852
40143007801,"Tulsa, OK (CT)",212,1106,1318,500,2538,3038
40143007802,"Tulsa, OK (CT)",1406,501,1907,3582,1393,4975
40143007900,"Tulsa, OK (CT)",0,2120,2120,0,4636,4636
40143008001,"Tulsa, OK (CT)",0,759,759,0,1927,1927
40143008002,"Tulsa, OK (CT)",0,1199,1199,0,2791,2791
40143008200,"Tulsa, OK (CT)",0,933,933,0,2216,2216
40143008300,"Tulsa, OK (CT)",0,651,651,0,1465,1465
40143008400,"Tulsa, OK (CT)",0,1689,1689,0,3510,3510
40143008501,"Tulsa, OK (CT)",0,1295,1295,0,3002,3002
40143008502,"Tulsa, OK (CT)",0,2077,2077,0,4566,4566
40143008600,"Tulsa, OK (CT)",0,2266,2266,0,4312,4312
40143008700,"Tulsa, OK (CT)",0,1769,1769,0,2952,2952
40143008800,"Tulsa, OK (CT)",0,1113,1113,0,2531,2531
40143008900,"Tulsa, OK (CT)",0,1430,1430,0,3516,3516
40143009003,"Tulsa, OK (CT)",0,2601,2601,0,6207,6207
40143009004,"Tulsa, OK (CT)",0,1970,1970,0,5379,5379
40143009006,"Tulsa, OK (CT)",0,2335,2335,0,6445,6445
40143009007,"Tulsa, OK (CT)",88,2782,2870,239,6749,6988
40143009008,"Tulsa, OK (CT)",0,1884,1884,0,3626,3626
40143009009,"Tulsa, OK (CT)",0,2554,2554,0,6433,6433
40143009101,"Tulsa, OK (CT)",92,1126,1218,192,2491,2683
40143009104,"Tulsa, OK (CT)",208,919,1127,459,1890,2349
40143009200,"Tulsa, OK (CT)",24,1446,1470,50,3488,3538
40143009300,"Tulsa, OK (CT)",125,1893,2018,290,3900,4190
40143009401,"Tulsa, OK (CT)",162,1740,1902,467,4664,5131
40143009402,"Tulsa, OK (CT)",189,1992,2181,468,4541,5009
40143009500,"Tulsa, OK (CT)",1954,77,2031,4707,203,4910
40143011100,"Tulsa, OK (CT)",74,129,203,145,299,444
40145030101,"Wagoner, OK (CT)",645,1381,2026,1254,3422,4676
40145030102,"Wagoner, OK (CT)",136,1713,1849,309,4007,4316
40145030201,"Wagoner, OK (CT)",1730,0,1730,2829,0,2829
40145030202,"Wagoner, OK (CT)",1664,19,1683,3443,56,3499
40145030300,"Wagoner, OK (CT)",475,283,758,1233,558,1791
40145030402,"Wagoner, OK (CT)",1672,0,1672,4266,0,4266
40145030403,"Wagoner, OK (CT)",101,784,885,230,1667,1897
40145030405,"Wagoner, OK (CT)",0,1747,1747,0,5342,5342
40145030406,"Wagoner, OK (CT)",0,1768,1768,0,4987,4987
40145030502,"Wagoner, OK (CT)",28,870,898,62,2239,2301
40145030505,"Wagoner, OK (CT)",132,528,660,355,1356,1711
40145030506,"Wagoner, OK (CT)",18,553,571,48,1345,1393
40145030507,"Wagoner, OK (CT)",0,1065,1065,0,2675,2675
40145030508,"Wagoner, OK (CT)",0,740,740,0,2026,2026
40145030509,"Wagoner, OK (CT)",73,1327,1400,174,3463,3637
40145030510,"Wagoner, OK (CT)",0,666,666,0,1721,1721
40145030511,"Wagoner, OK (CT)",321,391,712,823,1062,1885
40145030512,"Wagoner, OK (CT)",530,911,1441,1452,2380,3832
40145030601,"Wagoner, OK (CT)",1489,248,1737,3840,669,4509
40145030602,"Wagoner, OK (CT)",315,2707,3022,752,6670,7422
40145030798,"Wagoner, OK (CT)",1420,0,1420,3276,0,3276
40145030800,"Wagoner, OK (CT)",1224,20,1244,3038,56,3094
40147000100,"Washington, OK (CT)",0,757,757,0,1885,1885
40147000200,"Washington, OK (CT)",0,998,998,0,1861,1861
40147000300,"Washington, OK (CT)",0,1435,1435,0,2532,2532
40147000400,"Washington, OK (CT)",201,1870,2071,468,4065,4533
40147000500,"Washington, OK (CT)",0,2839,2839,0,6196,6196
40147000600,"Washington, OK (CT)",143,3397,3540,307,7069,7376
40147000700,"Washington, OK (CT)",5,2412,2417,10,5601,5611
40147000800,"Washington, OK (CT)",0,1726,1726,0,3462,3462
40147000900,"Washington, OK (CT)",0,1006,1006,0,2293,2293
40147001000,"Washington, OK (CT)",1009,0,1009,2163,0,2163
40147001100,"Washington, OK (CT)",700,1620,2320,1503,3600,5103
40147001200,"Washington, OK (CT)",826,101,927,1980,238,2218
40147001300,"Washington, OK (CT)",2406,0,2406,5743,0,5743
40149964900,"Washita, OK (CT)",1855,0,1855,4018,0,4018
40149965000,"Washita, OK (CT)",1099,0,1099,2328,0,2328
40149965100,"Washita, OK (CT)",312,1363,1675,624,2876,3500
40149965400,"Washita, OK (CT)",850,0,850,1783,0,1783
40151954200,"Woods, OK (CT)",754,1411,2165,1433,2742,4175
40151954300,"Woods, OK (CT)",35,1205,1240,64,2878,2942
40151954400,"Woods, OK (CT)",1073,0,1073,1761,0,1761
40153953100,"Woodward, OK (CT)",1010,0,1010,2107,0,2107
40153953200,"Woodward, OK (CT)",1636,0,1636,4712,0,4712
40153953300,"Woodward, OK (CT)",319,1561,1880,800,3318,4118
40153953400,"Woodward, OK (CT)",49,1565,1614,108,3460,3568
40153953500,"Woodward, OK (CT)",420,2278,2698,1010,4566,5576
41001950100,"Baker, OR (CT)",1936,0,1936,2761,0,2761
41001950200,"Baker, OR (CT)",105,1419,1524,235,2910,3145
41001950300,"Baker, OR (CT)",641,712,1353,1152,1496,2648
41001950400,"Baker, OR (CT)",0,1468,1468,0,3026,3026
41001950500,"Baker, OR (CT)",234,899,1133,544,2086,2630
41001950600,"Baker, OR (CT)",1412,0,1412,1924,0,1924
41003000100,"Benton, OR (CT)",120,2950,3070,288,6771,7059
41003000202,"Benton, OR (CT)",104,2292,2396,226,5008,5234
41003000400,"Benton, OR (CT)",72,3350,3422,191,7629,7820
41003000500,"Benton, OR (CT)",455,927,1382,1052,2089,3141
41003000600,"Benton, OR (CT)",142,2063,2205,397,4448,4845
41003000900,"Benton, OR (CT)",129,2357,2486,278,5160,5438
41003001001,"Benton, OR (CT)",0,1870,1870,0,3872,3872
41003001002,"Benton, OR (CT)",0,1377,1377,0,3159,3159
41003001101,"Benton, OR (CT)",0,1388,1388,0,3662,3662
41003001102,"Benton, OR (CT)",0,2211,2211,0,4519,4519
41003010100,"Benton, OR (CT)",555,2770,3325,1431,7088,8519
41003010200,"Benton, OR (CT)",1642,21,1663,4040,50,4090
41003010300,"Benton, OR (CT)",1365,96,1461,2963,240,3203
41003010400,"Benton, OR (CT)",1629,0,1629,3808,0,3808
41003010600,"Benton, OR (CT)",0,2019,2019,0,5507,5507
41003010702,"Benton, OR (CT)",0,984,984,0,3645,3645
41003010800,"Benton, OR (CT)",41,1387,1428,110,3345,3455
41003010900,"Benton, OR (CT)",532,1397,1929,1274,3329,4603
41005020100,"Clackamas, OR (CT)",0,1805,1805,0,3870,3870
41005020200,"Clackamas, OR (CT)",0,3032,3032,0,6193,6193
41005020302,"Clackamas, OR (CT)",0,1649,1649,0,3591,3591
41005020303,"Clackamas, OR (CT)",0,2833,2833,0,5275,5275
41005020304,"Clackamas, OR (CT)",0,2251,2251,0,5438,5438
41005020401,"Clackamas, OR (CT)",0,2152,2152,0,5059,5059
41005020403,"Clackamas, OR (CT)",0,1358,1358,0,3628,3628
41005020404,"Clackamas, OR (CT)",0,1542,1542,0,3708,3708
41005020501,"Clackamas, OR (CT)",0,2842,2842,0,6921,6921
41005020503,"Clackamas, OR (CT)",0,1021,1021,0,2339,2339
41005020504,"Clackamas, OR (CT)",0,2534,2534,0,6316,6316
41005020505,"Clackamas, OR (CT)",0,1184,1184,0,2661,2661
41005020600,"Clackamas, OR (CT)",0,3053,3053,0,7814,7814
41005020700,"Clackamas, OR (CT)",0,1498,1498,0,3781,3781
41005020800,"Clackamas, OR (CT)",0,2091,2091,0,3989,3989
41005020900,"Clackamas, OR (CT)",0,1687,1687,0,3799,3799
41005021000,"Clackamas, OR (CT)",0,1932,1932,0,4509,4509
41005021100,"Clackamas, OR (CT)",0,2249,2249,0,5424,5424
41005021200,"Clackamas, OR (CT)",0,2139,2139,0,3859,3859
41005021300,"Clackamas, OR (CT)",0,2438,2438,0,5937,5937
41005021400,"Clackamas, OR (CT)",0,2071,2071,0,4719,4719
41005021500,"Clackamas, OR (CT)",0,2104,2104,0,4927,4927
41005021601,"Clackamas, OR (CT)",0,2458,2458,0,5951,5951
41005021602,"Clackamas, OR (CT)",0,2080,2080,0,4924,4924
41005021700,"Clackamas, OR (CT)",0,2813,2813,0,6082,6082
41005021801,"Clackamas, OR (CT)",0,2152,2152,0,5612,5612
41005021802,"Clackamas, OR (CT)",0,1919,1919,0,4300,4300
41005021900,"Clackamas, OR (CT)",0,1463,1463,0,3515,3515
41005022000,"Clackamas, OR (CT)",0,2609,2609,0,6412,6412
41005022101,"Clackamas, OR (CT)",0,2662,2662,0,6592,6592
41005022103,"Clackamas, OR (CT)",0,2190,2190,0,5827,5827
41005022105,"Clackamas, OR (CT)",0,2272,2272,0,6054,6054
41005022107,"Clackamas, OR (CT)",0,1870,1870,0,3685,3685
41005022108,"Clackamas, OR (CT)",0,1346,1346,0,2898,2898
41005022201,"Clackamas, OR (CT)",0,2457,2457,0,4779,4779
41005022205,"Clackamas, OR (CT)",0,1275,1275,0,3339,3339
41005022206,"Clackamas, OR (CT)",0,2486,2486,0,6412,6412
41005022207,"Clackamas, OR (CT)",0,1703,1703,0,5095,5095
41005022208,"Clackamas, OR (CT)",0,1966,1966,0,6062,6062
41005022301,"Clackamas, OR (CT)",530,944,1474,1356,2511,3867
41005022302,"Clackamas, OR (CT)",507,1640,2147,1191,4083,5274
41005022400,"Clackamas, OR (CT)",0,1875,1875,0,3968,3968
41005022500,"Clackamas, OR (CT)",0,3189,3189,0,7756,7756
41005022602,"Clackamas, OR (CT)",166,1433,1599,420,3751,4171
41005022603,"Clackamas, OR (CT)",0,1499,1499,0,3239,3239
41005022605,"Clackamas, OR (CT)",0,2801,2801,0,7363,7363
41005022606,"Clackamas, OR (CT)",0,1617,1617,0,4342,4342
41005022702,"Clackamas, OR (CT)",1353,1276,2629,3550,3135,6685
41005022707,"Clackamas, OR (CT)",248,1495,1743,632,3203,3835
41005022708,"Clackamas, OR (CT)",504,1025,1529,1222,2953,4175
41005022710,"Clackamas, OR (CT)",0,1208,1208,0,2570,2570
41005022800,"Clackamas, OR (CT)",414,1816,2230,1080,2897,3977
41005022901,"Clackamas, OR (CT)",439,835,1274,1134,2347,3481
41005022904,"Clackamas, OR (CT)",0,1323,1323,0,3611,3611
41005022905,"Clackamas, OR (CT)",99,1460,1559,245,3847,4092
41005022906,"Clackamas, OR (CT)",0,1293,1293,0,2950,2950
41005022907,"Clackamas, OR (CT)",0,1430,1430,0,4227,4227
41005023001,"Clackamas, OR (CT)",522,759,1281,1396,2076,3472
41005023002,"Clackamas, OR (CT)",1072,300,1372,2832,738,3570
41005023100,"Clackamas, OR (CT)",2174,192,2366,5689,438,6127
41005023201,"Clackamas, OR (CT)",643,912,1555,1732,2551,4283
41005023202,"Clackamas, OR (CT)",318,2048,2366,795,5692,6487
41005023300,"Clackamas, OR (CT)",705,1174,1879,1842,3089,4931
41005023401,"Clackamas, OR (CT)",1431,312,1743,3566,850,4416
41005023403,"Clackamas, OR (CT)",199,1733,1932,511,4420,4931
41005023404,"Clackamas, OR (CT)",230,2063,2293,596,5089,5685
41005023500,"Clackamas, OR (CT)",2036,188,2224,5232,553,5785
41005023600,"Clackamas, OR (CT)",1493,40,1533,3730,110,3840
41005023700,"Clackamas, OR (CT)",1795,0,1795,4637,0,4637
41005023800,"Clackamas, OR (CT)",2385,11,2396,6387,27,6414
41005023901,"Clackamas, OR (CT)",0,1867,1867,0,5065,5065
41005023902,"Clackamas, OR (CT)",454,1389,1843,1172,3660,4832
41005024000,"Clackamas, OR (CT)",1055,0,1055,2844,0,2844
41005024100,"Clackamas, OR (CT)",1893,0,1893,4968,0,4968
41005024200,"Clackamas, OR (CT)",936,1344,2280,2354,3175,5529
41005024302,"Clackamas, OR (CT)",1643,517,2160,3798,1161,4959
41005024303,"Clackamas, OR (CT)",428,1549,1977,506,2685,3191
41005024304,"Clackamas, OR (CT)",2486,145,2631,2260,190,2450
41005024400,"Clackamas, OR (CT)",0,2852,2852,0,6400,6400
41005980000,"Clackamas, OR (CT)",47,0,47,297,0,297
41007950100,"Clatsop, OR (CT)",0,1533,1533,0,3126,3126
41007950200,"Clatsop, OR (CT)",0,2071,2071,0,3663,3663
41007950300,"Clatsop, OR (CT)",167,1230,1397,316,2723,3039
41007950400,"Clatsop, OR (CT)",1513,0,1513,3492,0,3492
41007950500,"Clatsop, OR (CT)",410,1681,2091,995,3706,4701
41007950600,"Clatsop, OR (CT)",861,193,1054,2107,447,2554
41007950700,"Clatsop, OR (CT)",720,1116,1836,349,1692,2041
41007950900,"Clatsop, OR (CT)",0,3464,3464,0,4493,4493
41007951100,"Clatsop, OR (CT)",2660,1104,3764,2718,1854,4572
41007951200,"Clatsop, OR (CT)",1568,0,1568,3035,0,3035
41007951300,"Clatsop, OR (CT)",781,474,1255,1423,900,2323
41007990000,"Clatsop, OR (CT)",0,0,0,0,0,0
41009970200,"Columbia, OR (CT)",2704,0,2704,6154,0,6154
41009970300,"Columbia, OR (CT)",821,1097,1918,1903,2354,4257
41009970400,"Columbia, OR (CT)",932,100,1032,2277,195,2472
41009970500,"Columbia, OR (CT)",1238,1286,2524,3133,3154,6287
41009970600,"Columbia, OR (CT)",991,1406,2397,2469,3649,6118
41009970700,"Columbia, OR (CT)",1,1783,1784,2,4167,4169
41009970800,"Columbia, OR (CT)",0,2728,2728,0,6851,6851
41009970900,"Columbia, OR (CT)",362,1728,2090,694,4183,4877
41009971000,"Columbia, OR (CT)",572,1346,1918,1352,3275,4627
41009971100,"Columbia, OR (CT)",1603,0,1603,3539,0,3539
41011000100,"Coos, OR (CT)",2958,218,3176,5439,387,5826
41011000200,"Coos, OR (CT)",1152,0,1152,2456,0,2456
41011000300,"Coos, OR (CT)",0,1606,1606,0,3394,3394
41011000400,"Coos, OR (CT)",0,2871,2871,0,6354,6354
41011000502,"Coos, OR (CT)",498,946,1444,850,2026,2876
41011000503,"Coos, OR (CT)",0,1158,1158,0,2935,2935
41011000504,"Coos, OR (CT)",20,3013,3033,28,6138,6166
41011000600,"Coos, OR (CT)",0,1196,1196,0,2604,2604
41011000700,"Coos, OR (CT)",519,3077,3596,1146,6269,7415
41011000800,"Coos, OR (CT)",744,600,1344,1684,1279,2963
41011000900,"Coos, OR (CT)",1356,2035,3391,3026,4359,7385
41011001000,"Coos, OR (CT)",1964,1858,3822,3695,3119,6814
41011001100,"Coos, OR (CT)",2804,0,2804,5855,0,5855
41011990101,"Coos, OR (CT)",0,0,0,0,0,0
41013950100,"Crook, OR (CT)",811,2404,3215,1692,5575,7267
41013950200,"Crook, OR (CT)",959,961,1920,2141,2127,4268
41013950300,"Crook, OR (CT)",1192,1511,2703,2378,3188,5566
41013950400,"Crook, OR (CT)",2356,8,2364,3862,15,3877
41015950100,"Curry, OR (CT)",2000,0,2000,3106,0,3106
41015950200,"Curry, OR (CT)",1468,1671,3139,2366,2787,5153
41015950301,"Curry, OR (CT)",1112,1144,2256,2062,2437,4499
41015950302,"Curry, OR (CT)",73,2420,2493,141,4660,4801
41015950400,"Curry, OR (CT)",532,2193,2725,987,3818,4805
41015990101,"Curry, OR (CT)",0,0,0,0,0,0
41017000100,"Deschutes, OR (CT)",683,145,828,1518,351,1869
41017000200,"Deschutes, OR (CT)",2906,0,2906,4595,0,4595
41017000300,"Deschutes, OR (CT)",3294,1342,4636,5317,2651,7968
41017000401,"Deschutes, OR (CT)",354,1778,2132,524,4341,4865
41017000402,"Deschutes, OR (CT)",5371,0,5371,2756,0,2756
41017000500,"Deschutes, OR (CT)",4303,0,4303,5921,0,5921
41017000600,"Deschutes, OR (CT)",4016,97,4113,6346,191,6537
41017000700,"Deschutes, OR (CT)",1595,1660,3255,3534,4136,7670
41017000800,"Deschutes, OR (CT)",84,2684,2768,219,6207,6426
41017000900,"Deschutes, OR (CT)",0,3061,3061,0,6994,6994
41017001001,"Deschutes, OR (CT)",971,4176,5147,2189,10348,12537
41017001002,"Deschutes, OR (CT)",1095,0,1095,2314,0,2314
41017001100,"Deschutes, OR (CT)",987,3285,4272,2222,8032,10254
41017001200,"Deschutes, OR (CT)",1756,1095,2851,4099,2768,6867
41017001300,"Deschutes, OR (CT)",16,5068,5084,27,10779,10806
41017001400,"Deschutes, OR (CT)",20,2811,2831,46,5399,5445
41017001500,"Deschutes, OR (CT)",0,2914,2914,0,5537,5537
41017001600,"Deschutes, OR (CT)",0,2693,2693,0,5187,5187
41017001700,"Deschutes, OR (CT)",0,3356,3356,0,7550,7550
41017001800,"Deschutes, OR (CT)",0,3946,3946,0,7637,7637
41017001901,"Deschutes, OR (CT)",603,94,697,1413,229,1642
41017001902,"Deschutes, OR (CT)",156,3471,3627,371,7834,8205
41017002000,"Deschutes, OR (CT)",77,3129,3206,176,6826,7002
41017002100,"Deschutes, OR (CT)",8,5039,5047,16,11133,11149
41019010000,"Douglas, OR (CT)",488,913,1401,781,1538,2319
41019020000,"Douglas, OR (CT)",449,1527,1976,759,2949,3708
41019030000,"Douglas, OR (CT)",1878,0,1878,3970,0,3970
41019040000,"Douglas, OR (CT)",1254,0,1254,2718,0,2718
41019050001,"Douglas, OR (CT)",1032,975,2007,2339,2221,4560
41019050002,"Douglas, OR (CT)",265,2878,3143,433,6432,6865
41019060000,"Douglas, OR (CT)",1545,0,1545,3558,0,3558
41019070000,"Douglas, OR (CT)",2152,31,2183,5156,81,5237
41019080000,"Douglas, OR (CT)",720,2701,3421,1672,5675,7347
41019090000,"Douglas, OR (CT)",356,2421,2777,722,4981,5703
41019100000,"Douglas, OR (CT)",1582,0,1582,3229,0,3229
41019110000,"Douglas, OR (CT)",1221,35,1256,2690,83,2773
41019120000,"Douglas, OR (CT)",150,3377,3527,324,7342,7666
41019130000,"Douglas, OR (CT)",47,2402,2449,95,5545,5640
41019140000,"Douglas, OR (CT)",156,2276,2432,318,4821,5139
41019150000,"Douglas, OR (CT)",5,2849,2854,13,7269,7282
41019160000,"Douglas, OR (CT)",662,2565,3227,1548,5903,7451
41019170000,"Douglas, OR (CT)",1646,0,1646,3791,0,3791
41019180000,"Douglas, OR (CT)",711,1311,2022,1644,3055,4699
41019190000,"Douglas, OR (CT)",131,1795,1926,276,4228,4504
41019200000,"Douglas, OR (CT)",1751,497,2248,3832,1209,5041
41019210000,"Douglas, OR (CT)",2161,0,2161,4467,0,4467
41019990000,"Douglas, OR (CT)",0,0,0,0,0,0
41021960100,"Gilliam, OR (CT)",1156,0,1156,1871,0,1871
41023960100,"Grant, OR (CT)",1529,0,1529,2157,0,2157
41023960200,"Grant, OR (CT)",2815,0,2815,5288,0,5288
41025960100,"Harney, OR (CT)",572,2111,2683,1150,4131,5281
41025960200,"Harney, OR (CT)",1152,0,1152,2141,0,2141
41027950100,"Hood River, OR (CT)",1663,0,1663,4223,0,4223
41027950200,"Hood River, OR (CT)",734,2053,2787,1795,4849,6644
41027950300,"Hood River, OR (CT)",0,2806,2806,0,5812,5812
41027950400,"Hood River, OR (CT)",2004,11,2015,5641,26,5667
41029000100,"Jackson, OR (CT)",0,919,919,0,1782,1782
41029000201,"Jackson, OR (CT)",0,1493,1493,0,3686,3686
41029000202,"Jackson, OR (CT)",0,1493,1493,0,3670,3670
41029000203,"Jackson, OR (CT)",0,1554,1554,0,3956,3956
41029000300,"Jackson, OR (CT)",0,2392,2392,0,5603,5603
41029000403,"Jackson, OR (CT)",0,1666,1666,0,3645,3645
41029000404,"Jackson, OR (CT)",0,1801,1801,0,4614,4614
41029000405,"Jackson, OR (CT)",0,1742,1742,0,4016,4016
41029000406,"Jackson, OR (CT)",0,2048,2048,0,4536,4536
41029000501,"Jackson, OR (CT)",0,1466,1466,0,2872,2872
41029000502,"Jackson, OR (CT)",0,2511,2511,0,5264,5264
41029000601,"Jackson, OR (CT)",71,2773,2844,197,6593,6790
41029000602,"Jackson, OR (CT)",44,2921,2965,113,5483,5596
41029000700,"Jackson, OR (CT)",210,3522,3732,490,8909,9399
41029000800,"Jackson, OR (CT)",227,2212,2439,482,5165,5647
41029000900,"Jackson, OR (CT)",374,2930,3304,850,7321,8171
41029001001,"Jackson, OR (CT)",0,2712,2712,0,6476,6476
41029001002,"Jackson, OR (CT)",0,1671,1671,0,4231,4231
41029001100,"Jackson, OR (CT)",884,1342,2226,2156,3533,5689
41029001200,"Jackson, OR (CT)",73,1497,1570,193,3711,3904
41029001301,"Jackson, OR (CT)",196,1468,1664,525,4535,5060
41029001302,"Jackson, OR (CT)",637,3030,3667,1631,7319,8950
41029001400,"Jackson, OR (CT)",818,3613,4431,1954,8520,10474
41029001500,"Jackson, OR (CT)",942,1417,2359,2074,2600,4674
41029001601,"Jackson, OR (CT)",0,1871,1871,0,3639,3639
41029001602,"Jackson, OR (CT)",679,2081,2760,1481,4517,5998
41029001700,"Jackson, OR (CT)",223,3127,3350,496,6826,7322
41029001800,"Jackson, OR (CT)",60,3973,4033,138,7679,7817
41029001900,"Jackson, OR (CT)",0,1203,1203,0,3038,3038
41029002000,"Jackson, OR (CT)",0,1304,1304,0,1976,1976
41029002100,"Jackson, OR (CT)",55,1803,1858,105,3319,3424
41029002200,"Jackson, OR (CT)",104,2286,2390,254,4227,4481
41029002300,"Jackson, OR (CT)",782,20,802,1655,57,1712
41029002400,"Jackson, OR (CT)",555,351,906,1290,822,2112
41029002500,"Jackson, OR (CT)",1224,60,1284,2403,144,2547
41029002600,"Jackson, OR (CT)",1363,0,1363,2769,0,2769
41029002700,"Jackson, OR (CT)",1598,1717,3315,3542,3379,6921
41029002800,"Jackson, OR (CT)",1502,521,2023,3524,1162,4686
41029002900,"Jackson, OR (CT)",2230,1302,3532,4850,2408,7258
41029003001,"Jackson, OR (CT)",1482,344,1826,3169,653,3822
41029003002,"Jackson, OR (CT)",2134,314,2448,4407,572,4979
41031940000,"Jefferson, OR (CT)",802,0,802,3133,0,3133
41031960100,"Jefferson, OR (CT)",708,5,713,2102,85,2187
41031960201,"Jefferson, OR (CT)",69,1357,1426,151,3261,3412
41031960202,"Jefferson, OR (CT)",596,1688,2284,1416,3889,5305
41031960301,"Jefferson, OR (CT)",1986,0,1986,3530,0,3530
41031960302,"Jefferson, OR (CT)",2272,332,2604,3378,775,4153
41033360100,"Josephine, OR (CT)",998,0,998,2038,0,2038
41033360300,"Josephine, OR (CT)",1837,438,2275,4456,982,5438
41033360400,"Josephine, OR (CT)",1560,368,1928,3370,807,4177
41033360500,"Josephine, OR (CT)",0,2541,2541,0,5565,5565
41033360600,"Josephine, OR (CT)",110,2740,2850,270,6223,6493
41033360701,"Josephine, OR (CT)",0,1825,1825,0,4248,4248
41033360702,"Josephine, OR (CT)",0,2848,2848,0,5741,5741
41033360800,"Josephine, OR (CT)",1882,459,2341,4109,971,5080
41033360900,"Josephine, OR (CT)",1226,0,1226,2544,0,2544
41033361000,"Josephine, OR (CT)",1424,647,2071,3298,1500,4798
41033361100,"Josephine, OR (CT)",14,4131,4145,29,8927,8956
41033361200,"Josephine, OR (CT)",0,3137,3137,0,6980,6980
41033361300,"Josephine, OR (CT)",1555,1552,3107,3510,3578,7088
41033361400,"Josephine, OR (CT)",1263,0,1263,2648,0,2648
41033361500,"Josephine, OR (CT)",1249,0,1249,2571,0,2571
41033361600,"Josephine, OR (CT)",4197,0,4197,8348,0,8348
41035970100,"Klamath, OR (CT)",2737,0,2737,3038,0,3038
41035970200,"Klamath, OR (CT)",2960,0,2960,4723,0,4723
41035970300,"Klamath, OR (CT)",1992,0,1992,3100,0,3100
41035970400,"Klamath, OR (CT)",611,0,611,1418,0,1418
41035970500,"Klamath, OR (CT)",810,0,810,1608,0,1608
41035970600,"Klamath, OR (CT)",624,0,624,1608,0,1608
41035970700,"Klamath, OR (CT)",914,0,914,2174,0,2174
41035970800,"Klamath, OR (CT)",941,64,1005,2161,155,2316
41035970900,"Klamath, OR (CT)",1144,1206,2350,1870,2635,4505
41035971000,"Klamath, OR (CT)",1006,82,1088,2320,164,2484
41035971100,"Klamath, OR (CT)",257,2029,2286,732,4664,5396
41035971200,"Klamath, OR (CT)",0,1171,1171,0,2507,2507
41035971300,"Klamath, OR (CT)",0,2437,2437,0,5495,5495
41035971400,"Klamath, OR (CT)",0,2145,2145,0,5265,5265
41035971500,"Klamath, OR (CT)",53,1817,1870,121,4045,4166
41035971600,"Klamath, OR (CT)",0,1541,1541,0,3327,3327
41035971700,"Klamath, OR (CT)",0,1459,1459,0,2904,2904
41035971800,"Klamath, OR (CT)",0,1284,1284,0,2339,2339
41035971900,"Klamath, OR (CT)",0,1645,1645,0,3475,3475
41035972000,"Klamath, OR (CT)",41,1804,1845,73,4459,4532
41037960100,"Lake, OR (CT)",1937,0,1937,2756,0,2756
41037960200,"Lake, OR (CT)",971,1531,2502,2244,2895,5139
41039000100,"Lane, OR (CT)",2825,4,2829,5180,7,5187
41039000200,"Lane, OR (CT)",2050,0,2050,4880,0,4880
41039000300,"Lane, OR (CT)",519,415,934,1306,1035,2341
41039000402,"Lane, OR (CT)",1441,0,1441,3279,0,3279
41039000403,"Lane, OR (CT)",201,1885,2086,481,4462,4943
41039000404,"Lane, OR (CT)",806,701,1507,2083,1504,3587
41039000500,"Lane, OR (CT)",1253,0,1253,2147,0,2147
41039000702,"Lane, OR (CT)",1388,113,1501,2319,203,2522
41039000705,"Lane, OR (CT)",0,2224,2224,0,3589,3589
41039000706,"Lane, OR (CT)",275,1456,1731,415,2104,2519
41039000707,"Lane, OR (CT)",0,2389,2389,0,3987,3987
41039000708,"Lane, OR (CT)",1246,172,1418,1944,294,2238
41039000800,"Lane, OR (CT)",720,0,720,1613,0,1613
41039000902,"Lane, OR (CT)",1770,127,1897,4221,331,4552
41039000903,"Lane, OR (CT)",654,1433,2087,1610,3709,5319
41039000904,"Lane, OR (CT)",419,800,1219,1042,1939,2981
41039001001,"Lane, OR (CT)",1015,14,1029,2417,34,2451
41039001002,"Lane, OR (CT)",1532,298,1830,3678,489,4167
41039001101,"Lane, OR (CT)",703,1594,2297,1621,3928,5549
41039001102,"Lane, OR (CT)",558,974,1532,1436,2403,3839
41039001201,"Lane, OR (CT)",835,901,1736,1949,2047,3996
41039001202,"Lane, OR (CT)",370,1348,1718,876,3059,3935
41039001301,"Lane, OR (CT)",741,757,1498,1780,1606,3386
41039001302,"Lane, OR (CT)",321,1735,2056,778,4280,5058
41039001400,"Lane, OR (CT)",1034,5,1039,2465,15,2480
41039001500,"Lane, OR (CT)",629,1601,2230,1264,3214,4478
41039001600,"Lane, OR (CT)",2144,0,2144,5010,0,5010
41039001700,"Lane, OR (CT)",1666,558,2224,4158,1180,5338
41039001801,"Lane, OR (CT)",164,1802,1966,441,4868,5309
41039001803,"Lane, OR (CT)",0,1631,1631,0,3924,3924
41039001804,"Lane, OR (CT)",0,1364,1364,0,3655,3655
41039001902,"Lane, OR (CT)",0,2475,2475,0,6503,6503
41039001903,"Lane, OR (CT)",0,1145,1145,0,2944,2944
41039001904,"Lane, OR (CT)",0,2227,2227,0,4956,4956
41039002001,"Lane, OR (CT)",0,1351,1351,0,3120,3120
41039002002,"Lane, OR (CT)",0,2059,2059,0,4983,4983
41039002101,"Lane, OR (CT)",0,1166,1166,0,2768,2768
41039002102,"Lane, OR (CT)",0,3028,3028,0,6541,6541
41039002201,"Lane, OR (CT)",0,1705,1705,0,3548,3548
41039002202,"Lane, OR (CT)",0,2480,2480,0,5741,5741
41039002301,"Lane, OR (CT)",0,1665,1665,0,3905,3905
41039002302,"Lane, OR (CT)",0,1740,1740,0,4507,4507
41039002401,"Lane, OR (CT)",0,1555,1555,0,3887,3887
41039002403,"Lane, OR (CT)",0,1676,1676,0,4258,4258
41039002404,"Lane, OR (CT)",0,1662,1662,0,3990,3990
41039002501,"Lane, OR (CT)",33,1789,1822,79,4749,4828
41039002503,"Lane, OR (CT)",0,3107,3107,0,7689,7689
41039002504,"Lane, OR (CT)",0,1179,1179,0,2860,2860
41039002600,"Lane, OR (CT)",0,2628,2628,0,6489,6489
41039002700,"Lane, OR (CT)",0,1556,1556,0,3991,3991
41039002800,"Lane, OR (CT)",0,1796,1796,0,4189,4189
41039002902,"Lane, OR (CT)",0,1879,1879,0,3992,3992
41039002903,"Lane, OR (CT)",0,1173,1173,0,2547,2547
41039002904,"Lane, OR (CT)",0,2134,2134,0,3619,3619
41039003000,"Lane, OR (CT)",0,2107,2107,0,4263,4263
41039003101,"Lane, OR (CT)",0,2546,2546,0,5819,5819
41039003102,"Lane, OR (CT)",0,3351,3351,0,7069,7069
41039003201,"Lane, OR (CT)",0,1317,1317,0,3230,3230
41039003202,"Lane, OR (CT)",0,1800,1800,0,3980,3980
41039003301,"Lane, OR (CT)",0,1347,1347,0,3287,3287
41039003302,"Lane, OR (CT)",0,1602,1602,0,3389,3389
41039003400,"Lane, OR (CT)",0,2033,2033,0,4813,4813
41039003500,"Lane, OR (CT)",300,1327,1627,652,3628,4280
41039003600,"Lane, OR (CT)",104,1607,1711,222,3322,3544
41039003700,"Lane, OR (CT)",0,528,528,0,3972,3972
41039003800,"Lane, OR (CT)",0,3060,3060,0,6625,6625
41039003900,"Lane, OR (CT)",0,1663,1663,0,2963,2963
41039004000,"Lane, OR (CT)",0,1443,1443,0,2474,2474
41039004100,"Lane, OR (CT)",0,1679,1679,0,3794,3794
41039004200,"Lane, OR (CT)",0,1674,1674,0,3652,3652
41039004300,"Lane, OR (CT)",0,2875,2875,0,6717,6717
41039004401,"Lane, OR (CT)",0,2656,2656,0,5967,5967
41039004403,"Lane, OR (CT)",0,2367,2367,0,4739,4739
41039004404,"Lane, OR (CT)",0,1450,1450,0,3385,3385
41039004405,"Lane, OR (CT)",0,1902,1902,0,4668,4668
41039004501,"Lane, OR (CT)",0,1487,1487,0,2480,2480
41039004502,"Lane, OR (CT)",0,1850,1850,0,3370,3370
41039004600,"Lane, OR (CT)",0,1253,1253,0,2644,2644
41039004700,"Lane, OR (CT)",0,1712,1712,0,3511,3511
41039004800,"Lane, OR (CT)",0,2171,2171,0,4662,4662
41039004900,"Lane, OR (CT)",0,1776,1776,0,4372,4372
41039005000,"Lane, OR (CT)",0,2280,2280,0,5080,5080
41039005100,"Lane, OR (CT)",0,1563,1563,0,3118,3118
41039005200,"Lane, OR (CT)",0,1031,1031,0,2086,2086
41039005300,"Lane, OR (CT)",0,1084,1084,0,2479,2479
41039005400,"Lane, OR (CT)",129,2250,2379,285,4884,5169
41039990000,"Lane, OR (CT)",0,0,0,0,0,0
41041950100,"Lincoln, OR (CT)",1607,20,1627,3308,39,3347
41041950303,"Lincoln, OR (CT)",127,1479,1606,186,1153,1339
41041950304,"Lincoln, OR (CT)",0,2376,2376,0,3238,3238
41041950400,"Lincoln, OR (CT)",24,2937,2961,43,3828,3871
41041950601,"Lincoln, OR (CT)",1023,1670,2693,943,1576,2519
41041950602,"Lincoln, OR (CT)",1212,737,1949,1473,692,2165
41041950800,"Lincoln, OR (CT)",708,1509,2217,554,2618,3172
41041950900,"Lincoln, OR (CT)",108,1411,1519,240,3131,3371
41041951000,"Lincoln, OR (CT)",0,1274,1274,0,2276,2276
41041951100,"Lincoln, OR (CT)",0,1017,1017,0,1633,1633
41041951200,"Lincoln, OR (CT)",233,1080,1313,393,1530,1923
41041951300,"Lincoln, OR (CT)",555,559,1114,1220,1255,2475
41041951400,"Lincoln, OR (CT)",298,960,1258,617,2327,2944
41041951500,"Lincoln, OR (CT)",1208,975,2183,1631,786,2417
41041951600,"Lincoln, OR (CT)",632,1524,2156,1128,2391,3519
41041951700,"Lincoln, OR (CT)",1745,6,1751,1760,257,2017
41041951800,"Lincoln, OR (CT)",1596,0,1596,3808,0,3808
41041990100,"Lincoln, OR (CT)",0,0,0,0,0,0
41043020100,"Linn, OR (CT)",1049,2661,3710,2604,6520,9124
41043020200,"Linn, OR (CT)",111,750,861,235,1599,1834
41043020300,"Linn, OR (CT)",0,2916,2916,0,7095,7095
41043020400,"Linn, OR (CT)",0,1931,1931,0,4256,4256
41043020500,"Linn, OR (CT)",0,1762,1762,0,3783,3783
41043020600,"Linn, OR (CT)",0,3593,3593,0,8452,8452
41043020700,"Linn, OR (CT)",0,2225,2225,0,5485,5485
41043020801,"Linn, OR (CT)",0,1027,1027,0,2500,2500
41043020802,"Linn, OR (CT)",0,2400,2400,0,6064,6064
41043030100,"Linn, OR (CT)",2328,0,2328,5937,0,5937
41043030200,"Linn, OR (CT)",2771,0,2771,6644,0,6644
41043030300,"Linn, OR (CT)",1064,0,1064,2331,0,2331
41043030401,"Linn, OR (CT)",1083,1544,2627,2695,3737,6432
41043030402,"Linn, OR (CT)",380,2473,2853,855,5832,6687
41043030500,"Linn, OR (CT)",1756,0,1756,4180,0,4180
41043030600,"Linn, OR (CT)",1187,1351,2538,3057,3637,6694
41043030700,"Linn, OR (CT)",1334,387,1721,2964,1055,4019
41043030800,"Linn, OR (CT)",699,2804,3503,1365,6414,7779
41043030902,"Linn, OR (CT)",1592,1337,2929,4046,3292,7338
41043030903,"Linn, OR (CT)",0,2614,2614,0,6003,6003
41043030904,"Linn, OR (CT)",0,1692,1692,0,4035,4035
41045940000,"Malheur, OR (CT)",0,0,0,0,0,0
41045970200,"Malheur, OR (CT)",485,1373,1858,1174,3405,4579
41045970300,"Malheur, OR (CT)",88,1728,1816,228,3862,4090
41045970400,"Malheur, OR (CT)",40,1964,2004,124,5302,5426
41045970500,"Malheur, OR (CT)",661,1229,1890,1662,3475,5137
41045970600,"Malheur, OR (CT)",1790,0,1790,4462,0,4462
41045970700,"Malheur, OR (CT)",740,0,740,1720,0,1720
41045970900,"Malheur, OR (CT)",1546,48,1594,5791,108,5899
41047000200,"Marion, OR (CT)",0,1363,1363,0,3233,3233
41047000300,"Marion, OR (CT)",0,2049,2049,0,5014,5014
41047000400,"Marion, OR (CT)",0,1947,1947,0,4938,4938
41047000501,"Marion, OR (CT)",0,1144,1144,0,3733,3733
41047000502,"Marion, OR (CT)",0,1788,1788,0,5326,5326
41047000600,"Marion, OR (CT)",0,2294,2294,0,4858,4858
41047000701,"Marion, OR (CT)",0,2116,2116,0,8135,8135
41047000900,"Marion, OR (CT)",0,2429,2429,0,5782,5782
41047001000,"Marion, OR (CT)",0,1640,1640,0,3870,3870
41047001100,"Marion, OR (CT)",0,2128,2128,0,4543,4543
41047001200,"Marion, OR (CT)",0,1812,1812,0,3593,3593
41047001300,"Marion, OR (CT)",0,2002,2002,0,4040,4040
41047001401,"Marion, OR (CT)",27,2447,2474,77,5589,5666
41047001402,"Marion, OR (CT)",0,2288,2288,0,5662,5662
41047001501,"Marion, OR (CT)",0,1808,1808,0,4408,4408
41047001502,"Marion, OR (CT)",0,1866,1866,0,5253,5253
41047001503,"Marion, OR (CT)",0,1943,1943,0,5410,5410
41047001601,"Marion, OR (CT)",0,2844,2844,0,7668,7668
41047001602,"Marion, OR (CT)",0,3429,3429,0,9286,9286
41047001603,"Marion, OR (CT)",183,2091,2274,494,6470,6964
41047001604,"Marion, OR (CT)",0,3033,3033,0,8364,8364
41047001701,"Marion, OR (CT)",0,2538,2538,0,6409,6409
41047001702,"Marion, OR (CT)",0,1897,1897,0,5564,5564
41047001703,"Marion, OR (CT)",0,1592,1592,0,4337,4337
41047001801,"Marion, OR (CT)",0,2498,2498,0,6501,6501
41047001802,"Marion, OR (CT)",106,2404,2510,310,7376,7686
41047001803,"Marion, OR (CT)",71,1162,1233,177,5116,5293
41047002000,"Marion, OR (CT)",0,3751,3751,0,9208,9208
41047002101,"Marion, OR (CT)",0,1210,1210,0,2256,2256
41047002102,"Marion, OR (CT)",0,2609,2609,0,6067,6067
41047002201,"Marion, OR (CT)",0,884,884,0,1977,1977
41047002202,"Marion, OR (CT)",0,2595,2595,0,6230,6230
41047002301,"Marion, OR (CT)",0,1225,1225,0,3176,3176
41047002303,"Marion, OR (CT)",0,2852,2852,0,7142,7142
41047002304,"Marion, OR (CT)",0,2353,2353,0,5081,5081
41047002400,"Marion, OR (CT)",434,1056,1490,1040,2395,3435
41047002501,"Marion, OR (CT)",0,3547,3547,0,8868,8868
41047002502,"Marion, OR (CT)",875,1058,1933,2475,2558,5033
41047002600,"Marion, OR (CT)",717,2,719,2016,14,2030
41047002700,"Marion, OR (CT)",1928,1427,3355,4912,3598,8510
41047002800,"Marion, OR (CT)",918,719,1637,2294,1558,3852
41047010100,"Marion, OR (CT)",535,0,535,1477,0,1477
41047010201,"Marion, OR (CT)",934,100,1034,2400,232,2632
41047010202,"Marion, OR (CT)",973,1599,2572,2449,4756,7205
41047010303,"Marion, OR (CT)",653,739,1392,1936,2898,4834
41047010304,"Marion, OR (CT)",0,1635,1635,0,6435,6435
41047010305,"Marion, OR (CT)",142,1030,1172,439,4070,4509
41047010306,"Marion, OR (CT)",0,3185,3185,0,9060,9060
41047010307,"Marion, OR (CT)",0,2754,2754,0,5724,5724
41047010400,"Marion, OR (CT)",467,1312,1779,1431,3568,4999
41047010501,"Marion, OR (CT)",1547,603,2150,3975,1461,5436
41047010502,"Marion, OR (CT)",0,2347,2347,0,5953,5953
41047010503,"Marion, OR (CT)",618,869,1487,1670,2200,3870
41047010600,"Marion, OR (CT)",1667,0,1667,2471,0,2471
41047010701,"Marion, OR (CT)",133,3033,3166,312,7610,7922
41047010702,"Marion, OR (CT)",989,1557,2546,2582,3793,6375
41047010801,"Marion, OR (CT)",1286,867,2153,3412,2580,5992
41047010802,"Marion, OR (CT)",1155,1120,2275,2940,3100,6040
41049970100,"Morrow, OR (CT)",747,2010,2757,1949,6048,7997
41049970200,"Morrow, OR (CT)",1685,0,1685,3176,0,3176
41051000100,"Multnomah, OR (CT)",0,2973,2973,0,5927,5927
41051000200,"Multnomah, OR (CT)",0,3008,3008,0,5777,5777
41051000301,"Multnomah, OR (CT)",0,2261,2261,0,5041,5041
41051000302,"Multnomah, OR (CT)",0,2678,2678,0,6709,6709
41051000401,"Multnomah, OR (CT)",0,1519,1519,0,3418,3418
41051000402,"Multnomah, OR (CT)",0,1546,1546,0,3477,3477
41051000501,"Multnomah, OR (CT)",0,1607,1607,0,3732,3732
41051000502,"Multnomah, OR (CT)",0,1949,1949,0,4561,4561
41051000601,"Multnomah, OR (CT)",0,1953,1953,0,5368,5368
41051000602,"Multnomah, OR (CT)",0,1946,1946,0,5119,5119
41051000701,"Multnomah, OR (CT)",0,2000,2000,0,4254,4254
41051000702,"Multnomah, OR (CT)",0,2068,2068,0,4758,4758
41051000801,"Multnomah, OR (CT)",0,2037,2037,0,4518,4518
41051000802,"Multnomah, OR (CT)",0,2131,2131,0,4526,4526
41051000901,"Multnomah, OR (CT)",0,1837,1837,0,3890,3890
41051000902,"Multnomah, OR (CT)",0,2108,2108,0,4482,4482
41051001000,"Multnomah, OR (CT)",0,2676,2676,0,5353,5353
41051001101,"Multnomah, OR (CT)",0,1366,1366,0,2120,2120
41051001102,"Multnomah, OR (CT)",0,703,703,0,1334,1334
41051001201,"Multnomah, OR (CT)",0,2814,2814,0,4865,4865
41051001202,"Multnomah, OR (CT)",0,1546,1546,0,3232,3232
41051001301,"Multnomah, OR (CT)",0,1957,1957,0,3802,3802
41051001302,"Multnomah, OR (CT)",0,1289,1289,0,2946,2946
41051001400,"Multnomah, OR (CT)",0,2287,2287,0,4679,4679
41051001500,"Multnomah, OR (CT)",0,1418,1418,0,3271,3271
41051001601,"Multnomah, OR (CT)",0,2726,2726,0,5961,5961
41051001602,"Multnomah, OR (CT)",0,1750,1750,0,4376,4376
41051001701,"Multnomah, OR (CT)",0,2928,2928,0,6402,6402
41051001702,"Multnomah, OR (CT)",0,1560,1560,0,3904,3904
41051001801,"Multnomah, OR (CT)",0,2066,2066,0,4053,4053
41051001802,"Multnomah, OR (CT)",0,1647,1647,0,3364,3364
41051001900,"Multnomah, OR (CT)",0,1964,1964,0,4859,4859
41051002000,"Multnomah, OR (CT)",0,3164,3164,0,5358,5358
41051002100,"Multnomah, OR (CT)",0,1439,1439,0,2577,2577
41051002203,"Multnomah, OR (CT)",0,1555,1555,0,3207,3207
41051002303,"Multnomah, OR (CT)",0,1195,1195,0,1996,1996
41051002401,"Multnomah, OR (CT)",0,1155,1155,0,2765,2765
41051002402,"Multnomah, OR (CT)",0,2181,2181,0,3310,3310
41051002501,"Multnomah, OR (CT)",0,1752,1752,0,4573,4573
41051002502,"Multnomah, OR (CT)",0,2096,2096,0,3872,3872
41051002600,"Multnomah, OR (CT)",0,1101,1101,0,2689,2689
41051002701,"Multnomah, OR (CT)",0,1214,1214,0,3068,3068
41051002702,"Multnomah, OR (CT)",0,1490,1490,0,2578,2578
41051002801,"Multnomah, OR (CT)",0,1264,1264,0,2849,2849
41051002802,"Multnomah, OR (CT)",0,1332,1332,0,2928,2928
41051002901,"Multnomah, OR (CT)",0,2060,2060,0,4428,4428
41051002902,"Multnomah, OR (CT)",0,2531,2531,0,5325,5325
41051002903,"Multnomah, OR (CT)",0,2163,2163,0,5314,5314
41051003000,"Multnomah, OR (CT)",0,1989,1989,0,4443,4443
41051003100,"Multnomah, OR (CT)",0,1932,1932,0,4547,4547
41051003200,"Multnomah, OR (CT)",0,1725,1725,0,3968,3968
41051003301,"Multnomah, OR (CT)",0,1284,1284,0,2988,2988
41051003302,"Multnomah, OR (CT)",0,1281,1281,0,2757,2757
41051003401,"Multnomah, OR (CT)",0,1501,1501,0,3335,3335
41051003402,"Multnomah, OR (CT)",0,1468,1468,0,3094,3094
41051003501,"Multnomah, OR (CT)",0,1650,1650,0,3518,3518
41051003502,"Multnomah, OR (CT)",0,902,902,0,2028,2028
41051003601,"Multnomah, OR (CT)",0,1887,1887,0,4422,4422
41051003602,"Multnomah, OR (CT)",0,2373,2373,0,6085,6085
41051003603,"Multnomah, OR (CT)",0,674,674,0,1516,1516
41051003701,"Multnomah, OR (CT)",0,1860,1860,0,4356,4356
41051003702,"Multnomah, OR (CT)",0,984,984,0,2420,2420
41051003801,"Multnomah, OR (CT)",0,1342,1342,0,2907,2907
41051003802,"Multnomah, OR (CT)",0,1341,1341,0,2965,2965
41051003803,"Multnomah, OR (CT)",0,1754,1754,0,3933,3933
41051003901,"Multnomah, OR (CT)",0,2902,2902,0,7151,7151
41051003902,"Multnomah, OR (CT)",0,1333,1333,0,3040,3040
41051004001,"Multnomah, OR (CT)",0,2750,2750,0,7490,7490
41051004002,"Multnomah, OR (CT)",0,1731,1731,0,5802,5802
41051004101,"Multnomah, OR (CT)",0,2843,2843,0,7215,7215
41051004102,"Multnomah, OR (CT)",0,2266,2266,0,4966,4966
41051004200,"Multnomah, OR (CT)",0,1692,1692,0,3333,3333
41051004300,"Multnomah, OR (CT)",290,211,501,681,388,1069
41051004500,"Multnomah, OR (CT)",0,1197,1197,0,1893,1893
41051004601,"Multnomah, OR (CT)",0,1766,1766,0,3219,3219
41051004602,"Multnomah, OR (CT)",0,875,875,0,2011,2011
41051004700,"Multnomah, OR (CT)",0,2698,2698,0,4068,4068
41051004800,"Multnomah, OR (CT)",0,2174,2174,0,2758,2758
41051004900,"Multnomah, OR (CT)",0,2605,2605,0,3537,3537
41051005000,"Multnomah, OR (CT)",0,1982,1982,0,2291,2291
41051005100,"Multnomah, OR (CT)",0,5843,5843,0,7926,7926
41051005200,"Multnomah, OR (CT)",0,3578,3578,0,4525,4525
41051005500,"Multnomah, OR (CT)",0,1818,1818,0,2473,2473
41051005600,"Multnomah, OR (CT)",0,2818,2818,0,5097,5097
41051005700,"Multnomah, OR (CT)",0,2504,2504,0,3430,3430
41051005800,"Multnomah, OR (CT)",0,2605,2605,0,4847,4847
41051005900,"Multnomah, OR (CT)",0,4033,4033,0,5800,5800
41051006001,"Multnomah, OR (CT)",0,725,725,0,1390,1390
41051006002,"Multnomah, OR (CT)",0,988,988,0,2118,2118
41051006100,"Multnomah, OR (CT)",0,1032,1032,0,2337,2337
41051006200,"Multnomah, OR (CT)",0,1303,1303,0,2848,2848
41051006300,"Multnomah, OR (CT)",0,1650,1650,0,4996,4996
41051006402,"Multnomah, OR (CT)",0,2311,2311,0,5609,5609
41051006403,"Multnomah, OR (CT)",0,1772,1772,0,3915,3915
41051006404,"Multnomah, OR (CT)",0,1961,1961,0,3674,3674
41051006501,"Multnomah, OR (CT)",0,2476,2476,0,5898,5898
41051006502,"Multnomah, OR (CT)",0,2156,2156,0,4086,4086
41051006601,"Multnomah, OR (CT)",0,1110,1110,0,2513,2513
41051006602,"Multnomah, OR (CT)",0,2455,2455,0,4821,4821
41051006701,"Multnomah, OR (CT)",0,1403,1403,0,3053,3053
41051006702,"Multnomah, OR (CT)",0,1437,1437,0,3061,3061
41051006801,"Multnomah, OR (CT)",0,1058,1058,0,2176,2176
41051006802,"Multnomah, OR (CT)",0,1480,1480,0,3394,3394
41051006900,"Multnomah, OR (CT)",0,1127,1127,0,2628,2628
41051007000,"Multnomah, OR (CT)",648,2666,3314,1588,6593,8181
41051007100,"Multnomah, OR (CT)",1051,262,1313,2334,425,2759
41051007201,"Multnomah, OR (CT)",0,1539,1539,0,2270,2270
41051007202,"Multnomah, OR (CT)",1,1275,1276,1,2578,2579
41051007300,"Multnomah, OR (CT)",0,247,247,0,1948,1948
41051007400,"Multnomah, OR (CT)",0,1427,1427,0,3654,3654
41051007500,"Multnomah, OR (CT)",0,2019,2019,0,5080,5080
41051007600,"Multnomah, OR (CT)",0,1362,1362,0,3562,3562
41051007700,"Multnomah, OR (CT)",0,834,834,0,1977,1977
41051007800,"Multnomah, OR (CT)",0,754,754,0,1761,1761
41051007900,"Multnomah, OR (CT)",0,1864,1864,0,4530,4530
41051008001,"Multnomah, OR (CT)",0,1417,1417,0,3245,3245
41051008002,"Multnomah, OR (CT)",0,1157,1157,0,3050,3050
41051008100,"Multnomah, OR (CT)",0,3059,3059,0,7108,7108
41051008201,"Multnomah, OR (CT)",0,1336,1336,0,3022,3022
41051008202,"Multnomah, OR (CT)",0,3175,3175,0,7583,7583
41051008301,"Multnomah, OR (CT)",0,1724,1724,0,4334,4334
41051008302,"Multnomah, OR (CT)",0,1550,1550,0,4158,4158
41051008400,"Multnomah, OR (CT)",0,1745,1745,0,4555,4555
41051008500,"Multnomah, OR (CT)",0,1452,1452,0,4275,4275
41051008600,"Multnomah, OR (CT)",0,1620,1620,0,4333,4333
41051008700,"Multnomah, OR (CT)",0,1860,1860,0,4539,4539
41051008800,"Multnomah, OR (CT)",0,1611,1611,0,4070,4070
41051008901,"Multnomah, OR (CT)",0,3143,3143,0,9415,9415
41051008902,"Multnomah, OR (CT)",0,1579,1579,0,3984,3984
41051009000,"Multnomah, OR (CT)",0,3392,3392,0,9621,9621
41051009101,"Multnomah, OR (CT)",0,2082,2082,0,5550,5550
41051009102,"Multnomah, OR (CT)",0,2265,2265,0,6453,6453
41051009201,"Multnomah, OR (CT)",0,2994,2994,0,8103,8103
41051009202,"Multnomah, OR (CT)",0,1666,1666,0,4657,4657
41051009301,"Multnomah, OR (CT)",0,2309,2309,0,6045,6045
41051009302,"Multnomah, OR (CT)",0,1708,1708,0,4425,4425
41051009400,"Multnomah, OR (CT)",0,3020,3020,0,6659,6659
41051009501,"Multnomah, OR (CT)",0,2058,2058,0,4736,4736
41051009502,"Multnomah, OR (CT)",0,1717,1717,0,4359,4359
41051009603,"Multnomah, OR (CT)",0,1337,1337,0,3752,3752
41051009604,"Multnomah, OR (CT)",0,1900,1900,0,5013,5013
41051009605,"Multnomah, OR (CT)",0,2300,2300,0,5569,5569
41051009606,"Multnomah, OR (CT)",0,1893,1893,0,5251,5251
41051009701,"Multnomah, OR (CT)",0,2046,2046,0,5611,5611
41051009702,"Multnomah, OR (CT)",0,2826,2826,0,8199,8199
41051009801,"Multnomah, OR (CT)",0,1542,1542,0,4562,4562
41051009803,"Multnomah, OR (CT)",0,2692,2692,0,6892,6892
41051009804,"Multnomah, OR (CT)",0,1167,1167,0,3183,3183
41051009903,"Multnomah, OR (CT)",0,2130,2130,0,6219,6219
41051009904,"Multnomah, OR (CT)",0,1537,1537,0,3634,3634
41051009905,"Multnomah, OR (CT)",0,1213,1213,0,3084,3084
41051009906,"Multnomah, OR (CT)",0,1314,1314,0,3504,3504
41051009907,"Multnomah, OR (CT)",111,1885,1996,263,4856,5119
41051010001,"Multnomah, OR (CT)",0,2591,2591,0,5629,5629
41051010002,"Multnomah, OR (CT)",0,2060,2060,0,4994,4994
41051010100,"Multnomah, OR (CT)",0,3747,3747,0,8761,8761
41051010200,"Multnomah, OR (CT)",9,2551,2560,10,6019,6029
41051010303,"Multnomah, OR (CT)",0,2216,2216,0,5728,5728
41051010304,"Multnomah, OR (CT)",0,1512,1512,0,4661,4661
41051010305,"Multnomah, OR (CT)",1,1547,1548,1,4076,4077
41051010306,"Multnomah, OR (CT)",0,1701,1701,0,4676,4676
41051010402,"Multnomah, OR (CT)",627,1536,2163,1587,4548,6135
41051010405,"Multnomah, OR (CT)",0,2415,2415,0,5892,5892
41051010407,"Multnomah, OR (CT)",0,1944,1944,0,5524,5524
41051010408,"Multnomah, OR (CT)",0,2409,2409,0,6110,6110
41051010409,"Multnomah, OR (CT)",0,2734,2734,0,7436,7436
41051010410,"Multnomah, OR (CT)",0,1976,1976,0,4477,4477
41051010411,"Multnomah, OR (CT)",0,1300,1300,0,3002,3002
41051010500,"Multnomah, OR (CT)",1359,159,1518,3405,521,3926
41051010600,"Multnomah, OR (CT)",0,2042,2042,0,3442,3442
41051980000,"Multnomah, OR (CT)",0,0,0,0,8,8
41053005100,"Polk, OR (CT)",0,936,936,0,2194,2194
41053005201,"Polk, OR (CT)",0,3592,3592,0,8827,8827
41053005202,"Polk, OR (CT)",1,3807,3808,2,9134,9136
41053005300,"Polk, OR (CT)",1104,2448,3552,2709,5871,8580
41053020202,"Polk, OR (CT)",213,2497,2710,551,5591,6142
41053020203,"Polk, OR (CT)",0,1176,1176,0,2924,2924
41053020204,"Polk, OR (CT)",650,1155,1805,1669,2841,4510
41053020302,"Polk, OR (CT)",763,2635,3398,1885,7762,9647
41053020303,"Polk, OR (CT)",172,1309,1481,492,3867,4359
41053020304,"Polk, OR (CT)",0,2708,2708,0,6538,6538
41053020400,"Polk, OR (CT)",2164,338,2502,5132,845,5977
41053020500,"Polk, OR (CT)",1031,1603,2634,2585,3984,6569
41055950100,"Sherman, OR (CT)",918,0,918,1765,0,1765
41057960100,"Tillamook, OR (CT)",3829,0,3829,3553,0,3553
41057960200,"Tillamook, OR (CT)",2928,0,2928,2471,0,2471
41057960300,"Tillamook, OR (CT)",431,765,1196,856,1496,2352
41057960400,"Tillamook, OR (CT)",1373,1841,3214,3481,4183,7664
41057960500,"Tillamook, OR (CT)",290,820,1110,351,1783,2134
41057960600,"Tillamook, OR (CT)",1824,106,1930,1939,213,2152
41057960700,"Tillamook, OR (CT)",1923,0,1923,2440,0,2440
41057960800,"Tillamook, OR (CT)",2229,0,2229,2484,0,2484
41057990100,"Tillamook, OR (CT)",0,0,0,0,0,0
41059940000,"Umatilla, OR (CT)",1178,0,1178,3027,0,3027
41059950100,"Umatilla, OR (CT)",1599,687,2286,2624,1607,4231
41059950200,"Umatilla, OR (CT)",186,2788,2974,425,7218,7643
41059950300,"Umatilla, OR (CT)",1153,0,1153,2781,0,2781
41059950400,"Umatilla, OR (CT)",436,1593,2029,1013,5243,6256
41059950500,"Umatilla, OR (CT)",308,1615,1923,733,3670,4403
41059950600,"Umatilla, OR (CT)",147,2650,2797,377,5829,6206
41059950700,"Umatilla, OR (CT)",0,1172,1172,0,2474,2474
41059950800,"Umatilla, OR (CT)",872,1283,2155,4105,3776,7881
41059950900,"Umatilla, OR (CT)",295,1260,1555,760,3446,4206
41059951000,"Umatilla, OR (CT)",337,2036,2373,970,5289,6259
41059951100,"Umatilla, OR (CT)",295,1910,2205,728,4874,5602
41059951200,"Umatilla, OR (CT)",179,3027,3206,452,8362,8814
41059951300,"Umatilla, OR (CT)",672,734,1406,1672,2043,3715
41059951400,"Umatilla, OR (CT)",1281,0,1281,2391,0,2391
41061970100,"Union, OR (CT)",1580,0,1580,3247,0,3247
41061970200,"Union, OR (CT)",1495,0,1495,3269,0,3269
41061970300,"Union, OR (CT)",958,0,958,2224,0,2224
41061970400,"Union, OR (CT)",375,866,1241,909,2031,2940
41061970500,"Union, OR (CT)",192,1242,1434,447,2923,3370
41061970600,"Union, OR (CT)",201,1497,1698,383,3403,3786
41061970700,"Union, OR (CT)",0,1447,1447,0,3239,3239
41061970800,"Union, OR (CT)",147,1489,1636,360,3313,3673
41063960100,"Wallowa, OR (CT)",1277,0,1277,1957,0,1957
41063960200,"Wallowa, OR (CT)",1032,0,1032,1874,0,1874
41063960300,"Wallowa, OR (CT)",1799,0,1799,3177,0,3177
41065970100,"Wasco, OR (CT)",33,1642,1675,66,3922,3988
41065970200,"Wasco, OR (CT)",0,1279,1279,0,2899,2899
41065970300,"Wasco, OR (CT)",0,1177,1177,0,2859,2859
41065970400,"Wasco, OR (CT)",0,1322,1322,0,2943,2943
41065970500,"Wasco, OR (CT)",32,1396,1428,82,3409,3491
41065970600,"Wasco, OR (CT)",1089,290,1379,2164,695,2859
41065970700,"Wasco, OR (CT)",698,70,768,1573,149,1722
41065970800,"Wasco, OR (CT)",2459,0,2459,4452,0,4452
41067030101,"Washington, OR (CT)",0,4120,4120,0,7544,7544
41067030102,"Washington, OR (CT)",0,2148,2148,0,4713,4713
41067030200,"Washington, OR (CT)",0,2755,2755,0,6022,6022
41067030300,"Washington, OR (CT)",0,1970,1970,0,4520,4520
41067030401,"Washington, OR (CT)",0,2223,2223,0,4343,4343
41067030402,"Washington, OR (CT)",0,2254,2254,0,4417,4417
41067030501,"Washington, OR (CT)",0,2389,2389,0,5311,5311
41067030502,"Washington, OR (CT)",0,1763,1763,0,3792,3792
41067030600,"Washington, OR (CT)",0,2397,2397,0,5236,5236
41067030700,"Washington, OR (CT)",0,692,692,0,1435,1435
41067030801,"Washington, OR (CT)",0,2847,2847,0,6774,6774
41067030803,"Washington, OR (CT)",0,2665,2665,0,4852,4852
41067030805,"Washington, OR (CT)",0,1784,1784,0,3656,3656
41067030806,"Washington, OR (CT)",0,974,974,0,2604,2604
41067030900,"Washington, OR (CT)",0,2152,2152,0,5261,5261
41067031003,"Washington, OR (CT)",0,3046,3046,0,7390,7390
41067031004,"Washington, OR (CT)",0,3122,3122,0,6967,6967
41067031005,"Washington, OR (CT)",0,2233,2233,0,5800,5800
41067031006,"Washington, OR (CT)",0,2961,2961,0,6241,6241
41067031100,"Washington, OR (CT)",0,1177,1177,0,2629,2629
41067031200,"Washington, OR (CT)",0,3202,3202,0,7137,7137
41067031300,"Washington, OR (CT)",0,3164,3164,0,7201,7201
41067031402,"Washington, OR (CT)",0,1331,1331,0,2911,2911
41067031403,"Washington, OR (CT)",0,2012,2012,0,4890,4890
41067031404,"Washington, OR (CT)",0,2036,2036,0,4728,4728
41067031504,"Washington, OR (CT)",0,2760,2760,0,6259,6259
41067031506,"Washington, OR (CT)",0,1545,1545,0,3795,3795
41067031507,"Washington, OR (CT)",0,2295,2295,0,5153,5153
41067031508,"Washington, OR (CT)",0,2746,2746,0,7507,7507
41067031509,"Washington, OR (CT)",409,948,1357,961,2241,3202
41067031511,"Washington, OR (CT)",0,1087,1087,0,3071,3071
41067031512,"Washington, OR (CT)",0,2795,2795,0,7535,7535
41067031513,"Washington, OR (CT)",0,3865,3865,0,11399,11399
41067031514,"Washington, OR (CT)",0,2702,2702,0,6634,6634
41067031606,"Washington, OR (CT)",0,2205,2205,0,6174,6174
41067031609,"Washington, OR (CT)",0,3890,3890,0,8468,8468
41067031610,"Washington, OR (CT)",0,3271,3271,0,7458,7458
41067031611,"Washington, OR (CT)",0,3029,3029,0,7147,7147
41067031612,"Washington, OR (CT)",0,1183,1183,0,3174,3174
41067031613,"Washington, OR (CT)",0,2899,2899,0,6902,6902
41067031614,"Washington, OR (CT)",0,1646,1646,0,4901,4901
41067031615,"Washington, OR (CT)",0,1767,1767,0,5430,5430
41067031616,"Washington, OR (CT)",0,1786,1786,0,3112,3112
41067031617,"Washington, OR (CT)",0,2516,2516,0,4716,4716
41067031703,"Washington, OR (CT)",0,1658,1658,0,4681,4681
41067031704,"Washington, OR (CT)",0,3009,3009,0,8379,8379
41067031705,"Washington, OR (CT)",0,1843,1843,0,4891,4891
41067031706,"Washington, OR (CT)",0,2034,2034,0,5030,5030
41067031804,"Washington, OR (CT)",97,1970,2067,251,5500,5751
41067031805,"Washington, OR (CT)",0,2450,2450,0,7002,7002
41067031806,"Washington, OR (CT)",0,2033,2033,0,5505,5505
41067031807,"Washington, OR (CT)",0,1638,1638,0,3641,3641
41067031812,"Washington, OR (CT)",0,2798,2798,0,5479,5479
41067031813,"Washington, OR (CT)",0,2272,2272,0,5721,5721
41067031814,"Washington, OR (CT)",0,1310,1310,0,3992,3992
41067031815,"Washington, OR (CT)",0,2585,2585,0,6422,6422
41067031904,"Washington, OR (CT)",0,1066,1066,0,2880,2880
41067031907,"Washington, OR (CT)",0,3084,3084,0,5486,5486
41067031908,"Washington, OR (CT)",54,2489,2543,127,6769,6896
41067031909,"Washington, OR (CT)",0,1585,1585,0,4714,4714
41067031910,"Washington, OR (CT)",0,3060,3060,0,7993,7993
41067031911,"Washington, OR (CT)",0,2026,2026,0,4839,4839
41067031912,"Washington, OR (CT)",0,1662,1662,0,4446,4446
41067032001,"Washington, OR (CT)",0,2314,2314,0,5445,5445
41067032003,"Washington, OR (CT)",0,1786,1786,0,3756,3756
41067032004,"Washington, OR (CT)",0,815,815,0,1923,1923
41067032005,"Washington, OR (CT)",0,1759,1759,0,4169,4169
41067032103,"Washington, OR (CT)",256,3534,3790,652,9538,10190
41067032104,"Washington, OR (CT)",0,1673,1673,0,4822,4822
41067032107,"Washington, OR (CT)",0,739,739,0,1919,1919
41067032108,"Washington, OR (CT)",0,1546,1546,0,4203,4203
41067032109,"Washington, OR (CT)",0,938,938,0,2937,2937
41067032110,"Washington, OR (CT)",157,712,869,396,3157,3553
41067032200,"Washington, OR (CT)",1344,1457,2801,3548,4097,7645
41067032300,"Washington, OR (CT)",650,912,1562,1743,2752,4495
41067032404,"Washington, OR (CT)",0,2499,2499,0,7260,7260
41067032406,"Washington, OR (CT)",0,3071,3071,0,8505,8505
41067032407,"Washington, OR (CT)",0,1822,1822,0,5174,5174
41067032408,"Washington, OR (CT)",0,2502,2502,0,6379,6379
41067032409,"Washington, OR (CT)",0,1544,1544,0,5336,5336
41067032410,"Washington, OR (CT)",0,1333,1333,0,4005,4005
41067032501,"Washington, OR (CT)",0,980,980,0,3481,3481
41067032502,"Washington, OR (CT)",0,1097,1097,0,2839,2839
41067032503,"Washington, OR (CT)",0,1302,1302,0,3490,3490
41067032603,"Washington, OR (CT)",188,2263,2451,463,6681,7144
41067032604,"Washington, OR (CT)",0,2277,2277,0,6111,6111
41067032606,"Washington, OR (CT)",0,2273,2273,0,6440,6440
41067032607,"Washington, OR (CT)",0,2082,2082,0,3368,3368
41067032608,"Washington, OR (CT)",0,1043,1043,0,2198,2198
41067032609,"Washington, OR (CT)",0,934,934,0,2153,2153
41067032610,"Washington, OR (CT)",0,931,931,0,2875,2875
41067032700,"Washington, OR (CT)",1863,88,1951,4599,201,4800
41067032800,"Washington, OR (CT)",489,0,489,1206,0,1206
41067032901,"Washington, OR (CT)",89,1759,1848,226,5372,5598
41067032902,"Washington, OR (CT)",157,2056,2213,371,7197,7568
41067033000,"Washington, OR (CT)",2096,11,2107,5453,33,5486
41067033101,"Washington, OR (CT)",0,1180,1180,0,2845,2845
41067033102,"Washington, OR (CT)",0,1217,1217,0,3277,3277
41067033200,"Washington, OR (CT)",58,2303,2361,150,6302,6452
41067033301,"Washington, OR (CT)",0,1961,1961,0,5397,5397
41067033302,"Washington, OR (CT)",485,1234,1719,1227,3563,4790
41067033400,"Washington, OR (CT)",883,0,883,2281,0,2281
41067033500,"Washington, OR (CT)",1417,0,1417,3867,0,3867
41067033600,"Washington, OR (CT)",862,25,887,2090,79,2169
41069960100,"Wheeler, OR (CT)",895,0,895,1441,0,1441
41071030101,"Yamhill, OR (CT)",825,1322,2147,2112,3550,5662
41071030102,"Yamhill, OR (CT)",160,2690,2850,392,7202,7594
41071030201,"Yamhill, OR (CT)",0,2096,2096,0,6060,6060
41071030202,"Yamhill, OR (CT)",0,2465,2465,0,6125,6125
41071030301,"Yamhill, OR (CT)",733,2844,3577,1808,7820,9628
41071030302,"Yamhill, OR (CT)",831,5,836,2073,14,2087
41071030400,"Yamhill, OR (CT)",1745,1205,2950,4390,3213,7603
41071030501,"Yamhill, OR (CT)",909,908,1817,2122,4127,6249
41071030502,"Yamhill, OR (CT)",685,1215,1900,1569,3496,5065
41071030601,"Yamhill, OR (CT)",247,1169,1416,618,2867,3485
41071030602,"Yamhill, OR (CT)",577,1583,2160,1446,4435,5881
41071030701,"Yamhill, OR (CT)",0,3268,3268,0,7712,7712
41071030702,"Yamhill, OR (CT)",0,2961,2961,0,7570,7570
41071030801,"Yamhill, OR (CT)",0,2255,2255,0,5383,5383
41071030802,"Yamhill, OR (CT)",0,1282,1282,0,4530,4530
41071030900,"Yamhill, OR (CT)",703,893,1596,1768,2668,4436
41071031000,"Yamhill, OR (CT)",1534,0,1534,4123,0,4123
42001030101,"Adams, PA (CT)",769,259,1028,1970,610,2580
42001030102,"Adams, PA (CT)",1444,800,2244,3827,1953,5780
42001030200,"Adams, PA (CT)",2167,0,2167,5500,0,5500
42001030300,"Adams, PA (CT)",1724,0,1724,4156,0,4156
42001030400,"Adams, PA (CT)",2436,0,2436,5829,0,5829
42001030500,"Adams, PA (CT)",1463,101,1564,3531,236,3767
42001030600,"Adams, PA (CT)",1218,653,1871,2956,1972,4928
42001030700,"Adams, PA (CT)",1203,1358,2561,3058,3435,6493
42001030800,"Adams, PA (CT)",2329,723,3052,5548,1903,7451
42001030900,"Adams, PA (CT)",291,2599,2890,693,6607,7300
42001031000,"Adams, PA (CT)",2,667,669,5,1776,1781
42001031101,"Adams, PA (CT)",0,2261,2261,0,5163,5163
42001031102,"Adams, PA (CT)",281,894,1175,703,2476,3179
42001031201,"Adams, PA (CT)",1060,483,1543,2571,1099,3670
42001031202,"Adams, PA (CT)",708,307,1015,1827,873,2700
42001031203,"Adams, PA (CT)",696,511,1207,1791,1357,3148
42001031300,"Adams, PA (CT)",0,1951,1951,0,4434,4434
42001031401,"Adams, PA (CT)",681,1053,1734,1485,2490,3975
42001031402,"Adams, PA (CT)",769,263,1032,1644,543,2187
42001031501,"Adams, PA (CT)",0,589,589,0,3315,3315
42001031502,"Adams, PA (CT)",0,2031,2031,0,4305,4305
42001031600,"Adams, PA (CT)",1865,920,2785,4458,2429,6887
42001031700,"Adams, PA (CT)",1291,0,1291,2879,0,2879
42003010300,"Allegheny, PA (CT)",0,388,388,0,6600,6600
42003020100,"Allegheny, PA (CT)",0,2342,2342,0,3629,3629
42003020300,"Allegheny, PA (CT)",0,473,473,0,616,616
42003030500,"Allegheny, PA (CT)",0,1270,1270,0,2256,2256
42003040200,"Allegheny, PA (CT)",0,687,687,0,2604,2604
42003040400,"Allegheny, PA (CT)",0,1480,1480,0,2488,2488
42003040500,"Allegheny, PA (CT)",0,1379,1379,0,3694,3694
42003040600,"Allegheny, PA (CT)",0,1152,1152,0,2392,2392
42003040900,"Allegheny, PA (CT)",0,1469,1469,0,2969,2969
42003050100,"Allegheny, PA (CT)",0,1120,1120,0,1707,1707
42003050600,"Allegheny, PA (CT)",0,1240,1240,0,2057,2057
42003050900,"Allegheny, PA (CT)",0,746,746,0,1202,1202
42003051000,"Allegheny, PA (CT)",0,778,778,0,2106,2106
42003051100,"Allegheny, PA (CT)",0,731,731,0,1122,1122
42003060300,"Allegheny, PA (CT)",0,1386,1386,0,2341,2341
42003060500,"Allegheny, PA (CT)",0,849,849,0,1274,1274
42003070300,"Allegheny, PA (CT)",0,1294,1294,0,2197,2197
42003070500,"Allegheny, PA (CT)",0,1979,1979,0,2997,2997
42003070600,"Allegheny, PA (CT)",0,1356,1356,0,2082,2082
42003070800,"Allegheny, PA (CT)",0,1088,1088,0,1705,1705
42003070900,"Allegheny, PA (CT)",0,2893,2893,0,4934,4934
42003080200,"Allegheny, PA (CT)",0,1004,1004,0,1679,1679
42003080400,"Allegheny, PA (CT)",0,825,825,0,1369,1369
42003080600,"Allegheny, PA (CT)",0,1226,1226,0,1998,1998
42003080700,"Allegheny, PA (CT)",0,1163,1163,0,1785,1785
42003080900,"Allegheny, PA (CT)",0,1102,1102,0,1767,1767
42003090100,"Allegheny, PA (CT)",0,1124,1124,0,1843,1843
42003090200,"Allegheny, PA (CT)",0,1544,1544,0,2635,2635
42003090300,"Allegheny, PA (CT)",0,979,979,0,1629,1629
42003100500,"Allegheny, PA (CT)",0,963,963,0,2079,2079
42003101100,"Allegheny, PA (CT)",0,1442,1442,0,2669,2669
42003101400,"Allegheny, PA (CT)",0,1643,1643,0,3346,3346
42003101600,"Allegheny, PA (CT)",0,391,391,0,857,857
42003101700,"Allegheny, PA (CT)",0,817,817,0,1465,1465
42003101800,"Allegheny, PA (CT)",0,1260,1260,0,2522,2522
42003110200,"Allegheny, PA (CT)",0,2156,2156,0,3971,3971
42003110600,"Allegheny, PA (CT)",0,1108,1108,0,2406,2406
42003111300,"Allegheny, PA (CT)",0,1524,1524,0,2639,2639
42003111400,"Allegheny, PA (CT)",0,763,763,0,1353,1353
42003111500,"Allegheny, PA (CT)",0,1995,1995,0,3230,3230
42003120300,"Allegheny, PA (CT)",0,922,922,0,1650,1650
42003120400,"Allegheny, PA (CT)",0,493,493,0,869,869
42003120700,"Allegheny, PA (CT)",0,532,532,0,818,818
42003120800,"Allegheny, PA (CT)",0,399,399,0,859,859
42003130100,"Allegheny, PA (CT)",0,1073,1073,0,1910,1910
42003130200,"Allegheny, PA (CT)",0,734,734,0,1370,1370
42003130300,"Allegheny, PA (CT)",0,826,826,0,1153,1153
42003130400,"Allegheny, PA (CT)",0,681,681,0,1191,1191
42003130600,"Allegheny, PA (CT)",0,1522,1522,0,3169,3169
42003140100,"Allegheny, PA (CT)",0,1167,1167,0,5476,5476
42003140200,"Allegheny, PA (CT)",0,1137,1137,0,2447,2447
42003140300,"Allegheny, PA (CT)",0,1588,1588,0,3440,3440
42003140400,"Allegheny, PA (CT)",0,989,989,0,2306,2306
42003140500,"Allegheny, PA (CT)",0,1167,1167,0,2054,2054
42003140600,"Allegheny, PA (CT)",0,1490,1490,0,3002,3002
42003140800,"Allegheny, PA (CT)",0,2080,2080,0,4554,4554
42003141000,"Allegheny, PA (CT)",0,479,479,0,928,928
42003141100,"Allegheny, PA (CT)",0,625,625,0,1361,1361
42003141300,"Allegheny, PA (CT)",0,2574,2574,0,5177,5177
42003141400,"Allegheny, PA (CT)",0,2843,2843,0,5351,5351
42003151600,"Allegheny, PA (CT)",0,1248,1248,0,2363,2363
42003151700,"Allegheny, PA (CT)",0,2557,2557,0,4931,4931
42003160800,"Allegheny, PA (CT)",0,1439,1439,0,2559,2559
42003160900,"Allegheny, PA (CT)",0,1888,1888,0,2872,2872
42003170200,"Allegheny, PA (CT)",0,2438,2438,0,3725,3725
42003170600,"Allegheny, PA (CT)",0,1113,1113,0,1864,1864
42003180300,"Allegheny, PA (CT)",0,1291,1291,0,2500,2500
42003180700,"Allegheny, PA (CT)",0,1069,1069,0,2011,2011
42003190300,"Allegheny, PA (CT)",0,1202,1202,0,1945,1945
42003191100,"Allegheny, PA (CT)",0,1393,1393,0,2425,2425
42003191400,"Allegheny, PA (CT)",0,1736,1736,0,2796,2796
42003191500,"Allegheny, PA (CT)",0,1168,1168,0,2047,2047
42003191600,"Allegheny, PA (CT)",0,2088,2088,0,4295,4295
42003191700,"Allegheny, PA (CT)",0,1632,1632,0,3448,3448
42003191800,"Allegheny, PA (CT)",0,2596,2596,0,5322,5322
42003191900,"Allegheny, PA (CT)",0,1076,1076,0,2183,2183
42003192000,"Allegheny, PA (CT)",0,1851,1851,0,3679,3679
42003202200,"Allegheny, PA (CT)",0,1245,1245,0,2568,2568
42003202300,"Allegheny, PA (CT)",0,2118,2118,0,4144,4144
42003210700,"Allegheny, PA (CT)",0,1319,1319,0,2130,2130
42003220600,"Allegheny, PA (CT)",0,1276,1276,0,1833,1833
42003240600,"Allegheny, PA (CT)",0,1608,1608,0,2714,2714
42003241200,"Allegheny, PA (CT)",0,552,552,0,884,884
42003250300,"Allegheny, PA (CT)",0,695,695,0,1090,1090
42003250700,"Allegheny, PA (CT)",0,393,393,0,761,761
42003250900,"Allegheny, PA (CT)",0,760,760,0,1285,1285
42003260200,"Allegheny, PA (CT)",0,1079,1079,0,2285,2285
42003260700,"Allegheny, PA (CT)",0,835,835,0,1744,1744
42003260900,"Allegheny, PA (CT)",0,723,723,0,1214,1214
42003261200,"Allegheny, PA (CT)",0,510,510,0,1051,1051
42003261400,"Allegheny, PA (CT)",0,1423,1423,0,2473,2473
42003261500,"Allegheny, PA (CT)",0,938,938,0,1672,1672
42003262000,"Allegheny, PA (CT)",0,1326,1326,0,2648,2648
42003270100,"Allegheny, PA (CT)",0,1252,1252,0,2649,2649
42003270300,"Allegheny, PA (CT)",0,1014,1014,0,1947,1947
42003270400,"Allegheny, PA (CT)",0,552,552,0,1079,1079
42003270800,"Allegheny, PA (CT)",0,1349,1349,0,2651,2651
42003271500,"Allegheny, PA (CT)",0,1701,1701,0,3167,3167
42003281400,"Allegheny, PA (CT)",0,1122,1122,0,2352,2352
42003281500,"Allegheny, PA (CT)",0,714,714,0,1462,1462
42003290100,"Allegheny, PA (CT)",0,1054,1054,0,2120,2120
42003290200,"Allegheny, PA (CT)",0,1997,1997,0,3944,3944
42003290400,"Allegheny, PA (CT)",0,1990,1990,0,4049,4049
42003300100,"Allegheny, PA (CT)",0,1857,1857,0,3747,3747
42003310200,"Allegheny, PA (CT)",0,1569,1569,0,3227,3227
42003310300,"Allegheny, PA (CT)",0,429,429,0,990,990
42003320400,"Allegheny, PA (CT)",0,915,915,0,1994,1994
42003320600,"Allegheny, PA (CT)",0,1060,1060,0,2261,2261
42003320700,"Allegheny, PA (CT)",0,791,791,0,1650,1650
42003401100,"Allegheny, PA (CT)",0,2177,2177,0,4447,4447
42003401200,"Allegheny, PA (CT)",0,1758,1758,0,3272,3272
42003401300,"Allegheny, PA (CT)",0,1242,1242,0,2742,2742
42003402000,"Allegheny, PA (CT)",0,1689,1689,0,3260,3260
42003403500,"Allegheny, PA (CT)",0,2417,2417,0,4530,4530
42003404000,"Allegheny, PA (CT)",0,815,815,0,1500,1500
42003405000,"Allegheny, PA (CT)",449,91,540,983,174,1157
42003406000,"Allegheny, PA (CT)",848,193,1041,1944,432,2376
42003407001,"Allegheny, PA (CT)",1235,1115,2350,2713,2461,5174
42003407002,"Allegheny, PA (CT)",537,2224,2761,1060,5537,6597
42003408001,"Allegheny, PA (CT)",319,1724,2043,756,4013,4769
42003408002,"Allegheny, PA (CT)",4,2387,2391,5,6326,6331
42003409000,"Allegheny, PA (CT)",444,3678,4122,1168,10329,11497
42003410000,"Allegheny, PA (CT)",0,497,497,0,1171,1171
42003411000,"Allegheny, PA (CT)",606,1925,2531,1652,5263,6915
42003412001,"Allegheny, PA (CT)",340,2803,3143,739,7866,8605
42003412002,"Allegheny, PA (CT)",59,1680,1739,136,4729,4865
42003413100,"Allegheny, PA (CT)",38,2702,2740,99,6510,6609
42003413201,"Allegheny, PA (CT)",0,1650,1650,0,3737,3737
42003413202,"Allegheny, PA (CT)",0,1262,1262,0,2866,2866
42003413300,"Allegheny, PA (CT)",0,1922,1922,0,4742,4742
42003413400,"Allegheny, PA (CT)",0,1731,1731,0,4339,4339
42003413500,"Allegheny, PA (CT)",1,3001,3002,2,6162,6164
42003414101,"Allegheny, PA (CT)",92,1954,2046,269,5089,5358
42003414102,"Allegheny, PA (CT)",0,3141,3141,0,7040,7040
42003414200,"Allegheny, PA (CT)",42,2326,2368,86,5879,5965
42003415001,"Allegheny, PA (CT)",369,1460,1829,932,3776,4708
42003415002,"Allegheny, PA (CT)",0,1014,1014,0,2545,2545
42003416000,"Allegheny, PA (CT)",0,837,837,0,1636,1636
42003417100,"Allegheny, PA (CT)",0,1039,1039,0,2145,2145
42003417200,"Allegheny, PA (CT)",0,702,702,0,1260,1260
42003418000,"Allegheny, PA (CT)",0,859,859,0,1746,1746
42003419000,"Allegheny, PA (CT)",114,1436,1550,187,2734,2921
42003420000,"Allegheny, PA (CT)",0,899,899,0,1432,1432
42003421100,"Allegheny, PA (CT)",0,1868,1868,0,4103,4103
42003421200,"Allegheny, PA (CT)",0,1795,1795,0,4304,4304
42003422000,"Allegheny, PA (CT)",0,2186,2186,0,5388,5388
42003423000,"Allegheny, PA (CT)",0,1497,1497,0,2801,2801
42003424000,"Allegheny, PA (CT)",0,1869,1869,0,3446,3446
42003425000,"Allegheny, PA (CT)",0,1812,1812,0,3451,3451
42003426300,"Allegheny, PA (CT)",0,2507,2507,0,6037,6037
42003426400,"Allegheny, PA (CT)",0,2119,2119,0,4581,4581
42003426700,"Allegheny, PA (CT)",0,1209,1209,0,2361,2361
42003426800,"Allegheny, PA (CT)",0,2092,2092,0,5369,5369
42003427000,"Allegheny, PA (CT)",0,2118,2118,0,3744,3744
42003427100,"Allegheny, PA (CT)",0,2243,2243,0,5510,5510
42003427200,"Allegheny, PA (CT)",0,2357,2357,0,4899,4899
42003428100,"Allegheny, PA (CT)",0,591,591,0,1242,1242
42003428200,"Allegheny, PA (CT)",0,952,952,0,2091,2091
42003429100,"Allegheny, PA (CT)",0,1213,1213,0,2510,2510
42003429201,"Allegheny, PA (CT)",0,1881,1881,0,4310,4310
42003429202,"Allegheny, PA (CT)",0,1969,1969,0,4365,4365
42003429300,"Allegheny, PA (CT)",0,2573,2573,0,5644,5644
42003429400,"Allegheny, PA (CT)",0,2002,2002,0,4265,4265
42003429500,"Allegheny, PA (CT)",0,2527,2527,0,4212,4212
42003429600,"Allegheny, PA (CT)",0,1640,1640,0,3428,3428
42003429700,"Allegheny, PA (CT)",0,1104,1104,0,2371,2371
42003430100,"Allegheny, PA (CT)",0,975,975,0,2104,2104
42003430200,"Allegheny, PA (CT)",0,2198,2198,0,4667,4667
42003431100,"Allegheny, PA (CT)",0,1849,1849,0,3380,3380
42003431400,"Allegheny, PA (CT)",0,986,986,0,1902,1902
42003431500,"Allegheny, PA (CT)",0,1868,1868,0,3088,3088
42003432300,"Allegheny, PA (CT)",0,1262,1262,0,2121,2121
42003432400,"Allegheny, PA (CT)",0,1467,1467,0,2584,2584
42003434000,"Allegheny, PA (CT)",0,810,810,0,1781,1781
42003435000,"Allegheny, PA (CT)",0,1201,1201,0,2449,2449
42003437000,"Allegheny, PA (CT)",5,1982,1987,10,4747,4757
42003439000,"Allegheny, PA (CT)",536,35,571,1309,79,1388
42003445500,"Allegheny, PA (CT)",0,1965,1965,0,3827,3827
42003446000,"Allegheny, PA (CT)",0,655,655,0,1680,1680
42003447000,"Allegheny, PA (CT)",0,632,632,0,1634,1634
42003448000,"Allegheny, PA (CT)",0,632,632,0,1218,1218
42003449000,"Allegheny, PA (CT)",0,1131,1131,0,2640,2640
42003450700,"Allegheny, PA (CT)",0,1648,1648,0,3137,3137
42003450800,"Allegheny, PA (CT)",0,1453,1453,0,2540,2540
42003451101,"Allegheny, PA (CT)",0,1609,1609,0,3639,3639
42003451102,"Allegheny, PA (CT)",0,2205,2205,0,5627,5627
42003451104,"Allegheny, PA (CT)",0,1270,1270,0,3590,3590
42003451105,"Allegheny, PA (CT)",0,2476,2476,0,4196,4196
42003451300,"Allegheny, PA (CT)",141,2737,2878,350,6783,7133
42003452000,"Allegheny, PA (CT)",698,1561,2259,1531,3529,5060
42003453003,"Allegheny, PA (CT)",368,402,770,973,920,1893
42003453004,"Allegheny, PA (CT)",0,3248,3248,0,6955,6955
42003455000,"Allegheny, PA (CT)",0,641,641,0,1459,1459
42003456001,"Allegheny, PA (CT)",0,1330,1330,0,3523,3523
42003456003,"Allegheny, PA (CT)",219,2226,2445,579,5522,6101
42003456004,"Allegheny, PA (CT)",0,2431,2431,0,4792,4792
42003457100,"Allegheny, PA (CT)",0,796,796,0,1428,1428
42003457200,"Allegheny, PA (CT)",0,1881,1881,0,3720,3720
42003458000,"Allegheny, PA (CT)",387,2979,3366,919,6161,7080
42003459101,"Allegheny, PA (CT)",0,701,701,0,1708,1708
42003459102,"Allegheny, PA (CT)",0,2393,2393,0,5658,5658
42003459201,"Allegheny, PA (CT)",1,3000,3001,2,5986,5988
42003459202,"Allegheny, PA (CT)",0,493,493,0,661,661
42003460001,"Allegheny, PA (CT)",0,2008,2008,0,4250,4250
42003460002,"Allegheny, PA (CT)",0,1450,1450,0,3422,3422
42003461000,"Allegheny, PA (CT)",0,620,620,0,1084,1084
42003462100,"Allegheny, PA (CT)",0,1349,1349,0,2627,2627
42003462600,"Allegheny, PA (CT)",0,2044,2044,0,3735,3735
42003463900,"Allegheny, PA (CT)",0,1463,1463,0,2662,2662
42003464300,"Allegheny, PA (CT)",0,1623,1623,0,3330,3330
42003464400,"Allegheny, PA (CT)",0,1879,1879,0,3442,3442
42003465600,"Allegheny, PA (CT)",0,1385,1385,0,2373,2373
42003465800,"Allegheny, PA (CT)",0,1725,1725,0,3578,3578
42003468700,"Allegheny, PA (CT)",0,909,909,0,1759,1759
42003468800,"Allegheny, PA (CT)",0,1375,1375,0,2572,2572
42003468900,"Allegheny, PA (CT)",0,2045,2045,0,3641,3641
42003469000,"Allegheny, PA (CT)",0,2072,2072,0,4432,4432
42003470300,"Allegheny, PA (CT)",0,1724,1724,0,3933,3933
42003470400,"Allegheny, PA (CT)",0,1430,1430,0,3063,3063
42003470501,"Allegheny, PA (CT)",0,2227,2227,0,3954,3954
42003470502,"Allegheny, PA (CT)",0,1343,1343,0,2971,2971
42003470600,"Allegheny, PA (CT)",0,1621,1621,0,3103,3103
42003471000,"Allegheny, PA (CT)",0,665,665,0,1244,1244
42003472100,"Allegheny, PA (CT)",0,1303,1303,0,2524,2524
42003472200,"Allegheny, PA (CT)",0,1114,1114,0,2227,2227
42003472300,"Allegheny, PA (CT)",0,1040,1040,0,2014,2014
42003472400,"Allegheny, PA (CT)",0,851,851,0,1828,1828
42003473100,"Allegheny, PA (CT)",0,2291,2291,0,4734,4734
42003473200,"Allegheny, PA (CT)",0,1711,1711,0,3192,3192
42003473300,"Allegheny, PA (CT)",0,2400,2400,0,5502,5502
42003473401,"Allegheny, PA (CT)",0,1664,1664,0,3713,3713
42003473402,"Allegheny, PA (CT)",0,1651,1651,0,3667,3667
42003473500,"Allegheny, PA (CT)",0,1359,1359,0,3680,3680
42003473601,"Allegheny, PA (CT)",0,1759,1759,0,4049,4049
42003473602,"Allegheny, PA (CT)",0,2205,2205,0,4600,4600
42003474101,"Allegheny, PA (CT)",0,1315,1315,0,3601,3601
42003474102,"Allegheny, PA (CT)",0,1458,1458,0,3685,3685
42003474201,"Allegheny, PA (CT)",0,932,932,0,2600,2600
42003474202,"Allegheny, PA (CT)",0,1934,1934,0,4809,4809
42003474203,"Allegheny, PA (CT)",0,1648,1648,0,4534,4534
42003475101,"Allegheny, PA (CT)",0,2489,2489,0,4702,4702
42003475102,"Allegheny, PA (CT)",0,697,697,0,1665,1665
42003475200,"Allegheny, PA (CT)",0,1994,1994,0,4919,4919
42003475301,"Allegheny, PA (CT)",0,2221,2221,0,4425,4425
42003475303,"Allegheny, PA (CT)",0,1621,1621,0,4064,4064
42003475304,"Allegheny, PA (CT)",0,2375,2375,0,5688,5688
42003475401,"Allegheny, PA (CT)",0,1669,1669,0,3790,3790
42003475402,"Allegheny, PA (CT)",0,1245,1245,0,3060,3060
42003476100,"Allegheny, PA (CT)",0,2657,2657,0,5034,5034
42003476200,"Allegheny, PA (CT)",0,1489,1489,0,3282,3282
42003477100,"Allegheny, PA (CT)",0,1720,1720,0,3651,3651
42003477200,"Allegheny, PA (CT)",0,2009,2009,0,4140,4140
42003477300,"Allegheny, PA (CT)",0,2913,2913,0,6153,6153
42003478100,"Allegheny, PA (CT)",0,2177,2177,0,4015,4015
42003478200,"Allegheny, PA (CT)",0,2615,2615,0,5628,5628
42003479000,"Allegheny, PA (CT)",0,881,881,0,1992,1992
42003480101,"Allegheny, PA (CT)",0,2577,2577,0,4837,4837
42003480102,"Allegheny, PA (CT)",0,1379,1379,0,3107,3107
42003480200,"Allegheny, PA (CT)",0,1530,1530,0,3428,3428
42003480300,"Allegheny, PA (CT)",0,1543,1543,0,3415,3415
42003480400,"Allegheny, PA (CT)",0,2306,2306,0,4980,4980
42003481000,"Allegheny, PA (CT)",0,1808,1808,0,3403,3403
42003482500,"Allegheny, PA (CT)",0,995,995,0,1929,1929
42003483800,"Allegheny, PA (CT)",0,1895,1895,0,3165,3165
42003484300,"Allegheny, PA (CT)",0,1857,1857,0,3404,3404
42003484500,"Allegheny, PA (CT)",0,2854,2854,0,5745,5745
42003484600,"Allegheny, PA (CT)",0,1114,1114,0,2257,2257
42003485000,"Allegheny, PA (CT)",0,606,606,0,1271,1271
42003486700,"Allegheny, PA (CT)",0,1407,1407,0,2360,2360
42003486800,"Allegheny, PA (CT)",0,980,980,0,1827,1827
42003486900,"Allegheny, PA (CT)",0,776,776,0,1378,1378
42003487000,"Allegheny, PA (CT)",0,1000,1000,0,1792,1792
42003488100,"Allegheny, PA (CT)",0,1038,1038,0,2311,2311
42003488200,"Allegheny, PA (CT)",0,1586,1586,0,3591,3591
42003488300,"Allegheny, PA (CT)",0,1001,1001,0,2173,2173
42003488400,"Allegheny, PA (CT)",0,2190,2190,0,4453,4453
42003488500,"Allegheny, PA (CT)",0,1347,1347,0,2843,2843
42003488600,"Allegheny, PA (CT)",0,2300,2300,0,4942,4942
42003489001,"Allegheny, PA (CT)",0,2138,2138,0,4542,4542
42003489002,"Allegheny, PA (CT)",0,1586,1586,0,3726,3726
42003490002,"Allegheny, PA (CT)",0,2237,2237,0,4802,4802
42003490003,"Allegheny, PA (CT)",0,1518,1518,0,3519,3519
42003490004,"Allegheny, PA (CT)",11,1903,1914,21,5074,5095
42003491101,"Allegheny, PA (CT)",0,2382,2382,0,5892,5892
42003491200,"Allegheny, PA (CT)",0,1033,1033,0,2042,2042
42003492700,"Allegheny, PA (CT)",0,1111,1111,0,1882,1882
42003492800,"Allegheny, PA (CT)",0,1539,1539,0,2769,2769
42003492900,"Allegheny, PA (CT)",0,1239,1239,0,2145,2145
42003494000,"Allegheny, PA (CT)",0,715,715,0,1493,1493
42003495000,"Allegheny, PA (CT)",993,528,1521,2310,1066,3376
42003496101,"Allegheny, PA (CT)",155,1111,1266,347,2610,2957
42003496102,"Allegheny, PA (CT)",560,1445,2005,1178,3324,4502
42003496200,"Allegheny, PA (CT)",205,2472,2677,478,5334,5812
42003497000,"Allegheny, PA (CT)",390,87,477,867,205,1072
42003498000,"Allegheny, PA (CT)",0,1151,1151,0,2551,2551
42003499300,"Allegheny, PA (CT)",0,758,758,0,1574,1574
42003499400,"Allegheny, PA (CT)",0,1497,1497,0,2909,2909
42003500300,"Allegheny, PA (CT)",0,1832,1832,0,3798,3798
42003501000,"Allegheny, PA (CT)",0,866,866,0,1515,1515
42003503002,"Allegheny, PA (CT)",0,2936,2936,0,5989,5989
42003504100,"Allegheny, PA (CT)",0,2670,2670,0,5243,5243
42003507000,"Allegheny, PA (CT)",0,1152,1152,0,2126,2126
42003508000,"Allegheny, PA (CT)",0,1189,1189,0,2190,2190
42003509400,"Allegheny, PA (CT)",0,2851,2851,0,5349,5349
42003510000,"Allegheny, PA (CT)",0,1035,1035,0,1822,1822
42003512000,"Allegheny, PA (CT)",0,1233,1233,0,2317,2317
42003512800,"Allegheny, PA (CT)",0,915,915,0,1380,1380
42003512900,"Allegheny, PA (CT)",0,649,649,0,1160,1160
42003513800,"Allegheny, PA (CT)",0,1086,1086,0,2159,2159
42003514000,"Allegheny, PA (CT)",0,1046,1046,0,2122,2122
42003515100,"Allegheny, PA (CT)",0,1523,1523,0,2722,2722
42003515200,"Allegheny, PA (CT)",0,1276,1276,0,2124,2124
42003515300,"Allegheny, PA (CT)",0,1081,1081,0,1871,1871
42003515401,"Allegheny, PA (CT)",0,1192,1192,0,2266,2266
42003516100,"Allegheny, PA (CT)",0,752,752,0,1392,1392
42003516200,"Allegheny, PA (CT)",0,917,917,0,1726,1726
42003517000,"Allegheny, PA (CT)",0,1078,1078,0,1880,1880
42003518001,"Allegheny, PA (CT)",0,1662,1662,0,3391,3391
42003519000,"Allegheny, PA (CT)",0,1438,1438,0,3011,3011
42003520001,"Allegheny, PA (CT)",0,1671,1671,0,3229,3229
42003520002,"Allegheny, PA (CT)",0,1710,1710,0,3128,3128
42003521100,"Allegheny, PA (CT)",0,1862,1862,0,4603,4603
42003521200,"Allegheny, PA (CT)",0,2293,2293,0,4090,4090
42003521301,"Allegheny, PA (CT)",0,2221,2221,0,4226,4226
42003521302,"Allegheny, PA (CT)",0,2293,2293,0,4378,4378
42003521401,"Allegheny, PA (CT)",0,1295,1295,0,2858,2858
42003521402,"Allegheny, PA (CT)",0,1566,1566,0,3897,3897
42003521500,"Allegheny, PA (CT)",0,1969,1969,0,4341,4341
42003522000,"Allegheny, PA (CT)",0,1866,1866,0,3294,3294
42003523100,"Allegheny, PA (CT)",0,1967,1967,0,4194,4194
42003523200,"Allegheny, PA (CT)",0,1876,1876,0,3922,3922
42003523300,"Allegheny, PA (CT)",0,1907,1907,0,4194,4194
42003523400,"Allegheny, PA (CT)",0,2533,2533,0,4967,4967
42003523501,"Allegheny, PA (CT)",0,2129,2129,0,4658,4658
42003523502,"Allegheny, PA (CT)",0,742,742,0,1539,1539
42003523600,"Allegheny, PA (CT)",0,2283,2283,0,4845,4845
42003523701,"Allegheny, PA (CT)",0,1922,1922,0,4179,4179
42003523702,"Allegheny, PA (CT)",0,2681,2681,0,5180,5180
42003523800,"Allegheny, PA (CT)",0,2302,2302,0,4651,4651
42003524000,"Allegheny, PA (CT)",0,1254,1254,0,2474,2474
42003525100,"Allegheny, PA (CT)",0,1047,1047,0,2054,2054
42003525200,"Allegheny, PA (CT)",0,1215,1215,0,2007,2007
42003525300,"Allegheny, PA (CT)",0,971,971,0,2242,2242
42003526101,"Allegheny, PA (CT)",411,2569,2980,930,5972,6902
42003526102,"Allegheny, PA (CT)",542,356,898,1324,796,2120
42003526201,"Allegheny, PA (CT)",0,1510,1510,0,3690,3690
42003526202,"Allegheny, PA (CT)",0,2081,2081,0,5060,5060
42003526301,"Allegheny, PA (CT)",0,1693,1693,0,4105,4105
42003526302,"Allegheny, PA (CT)",0,2332,2332,0,5249,5249
42003550900,"Allegheny, PA (CT)",0,1001,1001,0,2015,2015
42003551200,"Allegheny, PA (CT)",0,1738,1738,0,3370,3370
42003551300,"Allegheny, PA (CT)",0,1183,1183,0,2385,2385
42003551900,"Allegheny, PA (CT)",0,956,956,0,1464,1464
42003552000,"Allegheny, PA (CT)",0,1269,1269,0,2746,2746
42003552100,"Allegheny, PA (CT)",0,569,569,0,1450,1450
42003552200,"Allegheny, PA (CT)",0,582,582,0,1100,1100
42003552300,"Allegheny, PA (CT)",0,1230,1230,0,2184,2184
42003552400,"Allegheny, PA (CT)",0,1560,1560,0,3017,3017
42003560400,"Allegheny, PA (CT)",0,994,994,0,1559,1559
42003560500,"Allegheny, PA (CT)",0,1349,1349,0,2176,2176
42003560600,"Allegheny, PA (CT)",0,886,886,0,1074,1074
42003561000,"Allegheny, PA (CT)",0,870,870,0,1559,1559
42003561100,"Allegheny, PA (CT)",0,550,550,0,850,850
42003561200,"Allegheny, PA (CT)",0,839,839,0,1333,1333
42003561400,"Allegheny, PA (CT)",0,2621,2621,0,4239,4239
42003561500,"Allegheny, PA (CT)",0,1937,1937,0,3140,3140
42003561600,"Allegheny, PA (CT)",0,1034,1034,0,2113,2113
42003561700,"Allegheny, PA (CT)",0,397,397,0,718,718
42003561900,"Allegheny, PA (CT)",0,1174,1174,0,2232,2232
42003562000,"Allegheny, PA (CT)",0,2112,2112,0,3247,3247
42003562300,"Allegheny, PA (CT)",0,1746,1746,0,3469,3469
42003562400,"Allegheny, PA (CT)",0,1472,1472,0,2733,2733
42003562500,"Allegheny, PA (CT)",0,1430,1430,0,3032,3032
42003562600,"Allegheny, PA (CT)",0,1435,1435,0,2635,2635
42003562700,"Allegheny, PA (CT)",0,1407,1407,0,1395,1395
42003562800,"Allegheny, PA (CT)",0,822,822,0,1597,1597
42003562900,"Allegheny, PA (CT)",0,1067,1067,0,1926,1926
42003563000,"Allegheny, PA (CT)",0,1447,1447,0,2848,2848
42003563100,"Allegheny, PA (CT)",0,1714,1714,0,3549,3549
42003563200,"Allegheny, PA (CT)",0,1818,1818,0,2439,2439
42003563300,"Allegheny, PA (CT)",582,38,620,1353,96,1449
42003563800,"Allegheny, PA (CT)",25,1919,1944,65,3741,3806
42003563900,"Allegheny, PA (CT)",0,2092,2092,0,3927,3927
42003564000,"Allegheny, PA (CT)",945,1414,2359,2390,3079,5469
42003564100,"Allegheny, PA (CT)",0,372,372,0,882,882
42003564200,"Allegheny, PA (CT)",26,1087,1113,66,2158,2224
42003564400,"Allegheny, PA (CT)",0,2911,2911,0,5620,5620
42003564500,"Allegheny, PA (CT)",307,1065,1372,683,2520,3203
42003980000,"Allegheny, PA (CT)",0,412,412,0,540,540
42003980100,"Allegheny, PA (CT)",0,8,8,0,18,18
42003980300,"Allegheny, PA (CT)",0,1,1,0,1,1
42003980400,"Allegheny, PA (CT)",0,15,15,0,21,21
42003980500,"Allegheny, PA (CT)",0,16,16,0,27,27
42003980600,"Allegheny, PA (CT)",0,4,4,0,11,11
42003980700,"Allegheny, PA (CT)",0,15,15,0,19,19
42003980800,"Allegheny, PA (CT)",0,0,0,0,0,0
42003980900,"Allegheny, PA (CT)",0,0,0,0,1797,1797
42003981000,"Allegheny, PA (CT)",0,2,2,0,4,4
42003981100,"Allegheny, PA (CT)",0,4,4,0,7,7
42003981200,"Allegheny, PA (CT)",0,0,0,0,0,0
42003981800,"Allegheny, PA (CT)",0,43,43,0,461,461
42003982200,"Allegheny, PA (CT)",0,169,169,0,4816,4816
42005950100,"Armstrong, PA (CT)",2199,0,2199,4723,0,4723
42005950200,"Armstrong, PA (CT)",1292,0,1292,2155,0,2155
42005950300,"Armstrong, PA (CT)",1901,0,1901,3601,0,3601
42005950400,"Armstrong, PA (CT)",1090,0,1090,2492,0,2492
42005950500,"Armstrong, PA (CT)",1054,1537,2591,2442,3125,5567
42005950600,"Armstrong, PA (CT)",1294,192,1486,3072,427,3499
42005950700,"Armstrong, PA (CT)",1731,0,1731,3882,0,3882
42005950800,"Armstrong, PA (CT)",1876,0,1876,4137,0,4137
42005950900,"Armstrong, PA (CT)",972,1413,2385,2062,2946,5008
42005951000,"Armstrong, PA (CT)",0,1644,1644,0,2991,2991
42005951100,"Armstrong, PA (CT)",0,2109,2109,0,4044,4044
42005951200,"Armstrong, PA (CT)",2282,275,2557,5394,597,5991
42005951300,"Armstrong, PA (CT)",1039,119,1158,2247,249,2496
42005951400,"Armstrong, PA (CT)",867,401,1268,1951,793,2744
42005951500,"Armstrong, PA (CT)",0,1386,1386,0,2944,2944
42005951600,"Armstrong, PA (CT)",1938,167,2105,4470,330,4800
42005951700,"Armstrong, PA (CT)",1707,0,1707,3898,0,3898
42005951800,"Armstrong, PA (CT)",0,1138,1138,0,2156,2156
42005951900,"Armstrong, PA (CT)",0,897,897,0,1813,1813
42007600601,"Beaver, PA (CT)",772,212,984,1774,442,2216
42007600602,"Beaver, PA (CT)",1067,88,1155,2575,142,2717
42007600700,"Beaver, PA (CT)",723,2613,3336,1695,5925,7620
42007601000,"Beaver, PA (CT)",0,1758,1758,0,3665,3665
42007601100,"Beaver, PA (CT)",0,1142,1142,0,3272,3272
42007601200,"Beaver, PA (CT)",0,1641,1641,0,2984,2984
42007601300,"Beaver, PA (CT)",0,1302,1302,0,2731,2731
42007601400,"Beaver, PA (CT)",0,1598,1598,0,3362,3362
42007601600,"Beaver, PA (CT)",0,721,721,0,1500,1500
42007601700,"Beaver, PA (CT)",581,838,1419,1378,2034,3412
42007601800,"Beaver, PA (CT)",1952,1397,3349,4545,2815,7360
42007602100,"Beaver, PA (CT)",0,1800,1800,0,3658,3658
42007602300,"Beaver, PA (CT)",0,1374,1374,0,2555,2555
42007602400,"Beaver, PA (CT)",0,958,958,0,1976,1976
42007602500,"Beaver, PA (CT)",0,817,817,0,1321,1321
42007602601,"Beaver, PA (CT)",844,1001,1845,2183,2500,4683
42007602602,"Beaver, PA (CT)",195,1105,1300,436,3108,3544
42007602701,"Beaver, PA (CT)",486,326,812,1099,736,1835
42007602702,"Beaver, PA (CT)",1207,333,1540,2837,756,3593
42007602800,"Beaver, PA (CT)",0,1441,1441,0,2635,2635
42007602900,"Beaver, PA (CT)",1141,0,1141,2891,0,2891
42007603000,"Beaver, PA (CT)",1259,0,1259,3064,0,3064
42007603202,"Beaver, PA (CT)",138,2620,2758,474,6615,7089
42007603300,"Beaver, PA (CT)",0,1782,1782,0,3845,3845
42007603400,"Beaver, PA (CT)",0,1051,1051,0,1892,1892
42007603500,"Beaver, PA (CT)",0,712,712,0,1569,1569
42007603600,"Beaver, PA (CT)",0,1044,1044,0,2176,2176
42007603700,"Beaver, PA (CT)",0,1995,1995,0,4135,4135
42007603801,"Beaver, PA (CT)",368,772,1140,915,1907,2822
42007603802,"Beaver, PA (CT)",121,1085,1206,287,2728,3015
42007603803,"Beaver, PA (CT)",550,901,1451,1251,1882,3133
42007603900,"Beaver, PA (CT)",0,1484,1484,0,3197,3197
42007604000,"Beaver, PA (CT)",0,1340,1340,0,2562,2562
42007604100,"Beaver, PA (CT)",0,1633,1633,0,2864,2864
42007604200,"Beaver, PA (CT)",0,979,979,0,1624,1624
42007604500,"Beaver, PA (CT)",0,1468,1468,0,2286,2286
42007604600,"Beaver, PA (CT)",0,1647,1647,0,3025,3025
42007604700,"Beaver, PA (CT)",0,808,808,0,1493,1493
42007604800,"Beaver, PA (CT)",0,2005,2005,0,4414,4414
42007604901,"Beaver, PA (CT)",214,1502,1716,479,3692,4171
42007604902,"Beaver, PA (CT)",0,2050,2050,0,4483,4483
42007605001,"Beaver, PA (CT)",1060,0,1060,2503,0,2503
42007605002,"Beaver, PA (CT)",1507,0,1507,3820,0,3820
42007605100,"Beaver, PA (CT)",1232,951,2183,2821,2144,4965
42007605200,"Beaver, PA (CT)",0,1222,1222,0,2633,2633
42007605300,"Beaver, PA (CT)",925,597,1522,2016,1204,3220
42007605400,"Beaver, PA (CT)",0,1837,1837,0,3633,3633
42007605500,"Beaver, PA (CT)",234,2151,2385,543,4711,5254
42007605600,"Beaver, PA (CT)",209,1323,1532,527,2841,3368
42007605700,"Beaver, PA (CT)",0,1373,1373,0,2634,2634
42007605800,"Beaver, PA (CT)",1663,966,2629,3933,2187,6120
42009960100,"Bedford, PA (CT)",1640,0,1640,3651,0,3651
42009960200,"Bedford, PA (CT)",1691,48,1739,3454,120,3574
42009960300,"Bedford, PA (CT)",2220,0,2220,5054,0,5054
42009960400,"Bedford, PA (CT)",2227,8,2235,5399,12,5411
42009960500,"Bedford, PA (CT)",1874,0,1874,3702,0,3702
42009960600,"Bedford, PA (CT)",916,1573,2489,1836,3208,5044
42009960700,"Bedford, PA (CT)",0,1676,1676,0,2841,2841
42009960800,"Bedford, PA (CT)",1803,756,2559,3568,1827,5395
42009960900,"Bedford, PA (CT)",2603,0,2603,4948,0,4948
42009961000,"Bedford, PA (CT)",2910,13,2923,5754,25,5779
42009961100,"Bedford, PA (CT)",1976,20,1996,4332,31,4363
42011000100,"Berks, PA (CT)",0,3014,3014,0,5346,5346
42011000200,"Berks, PA (CT)",0,1768,1768,0,3970,3970
42011000300,"Berks, PA (CT)",0,780,780,0,2172,2172
42011000400,"Berks, PA (CT)",0,1403,1403,0,3936,3936
42011000500,"Berks, PA (CT)",0,1268,1268,0,3554,3554
42011000600,"Berks, PA (CT)",0,989,989,0,3261,3261
42011000700,"Berks, PA (CT)",0,1400,1400,0,4196,4196
42011000800,"Berks, PA (CT)",0,1437,1437,0,4405,4405
42011000900,"Berks, PA (CT)",0,1157,1157,0,2696,2696
42011001000,"Berks, PA (CT)",0,1101,1101,0,3248,3248
42011001100,"Berks, PA (CT)",0,1421,1421,0,4184,4184
42011001200,"Berks, PA (CT)",0,584,584,0,1741,1741
42011001300,"Berks, PA (CT)",0,1314,1314,0,2970,2970
42011001400,"Berks, PA (CT)",0,1615,1615,0,4494,4494
42011001500,"Berks, PA (CT)",0,1172,1172,0,3730,3730
42011001600,"Berks, PA (CT)",0,944,944,0,2670,2670
42011001700,"Berks, PA (CT)",0,1215,1215,0,3224,3224
42011001800,"Berks, PA (CT)",0,1250,1250,0,2874,2874
42011001900,"Berks, PA (CT)",0,1266,1266,0,2539,2539
42011002000,"Berks, PA (CT)",0,1693,1693,0,4181,4181
42011002100,"Berks, PA (CT)",0,1111,1111,0,2783,2783
42011002200,"Berks, PA (CT)",0,777,777,0,2026,2026
42011002300,"Berks, PA (CT)",0,908,908,0,2186,2186
42011002500,"Berks, PA (CT)",0,1489,1489,0,3201,3201
42011002600,"Berks, PA (CT)",0,1111,1111,0,3330,3330
42011002700,"Berks, PA (CT)",0,948,948,0,2071,2071
42011002900,"Berks, PA (CT)",0,1073,1073,0,3094,3094
42011010100,"Berks, PA (CT)",2336,0,2336,6029,0,6029
42011010201,"Berks, PA (CT)",894,826,1720,2308,2115,4423
42011010202,"Berks, PA (CT)",1461,714,2175,3593,1738,5331
42011010302,"Berks, PA (CT)",1161,0,1161,2904,0,2904
42011010303,"Berks, PA (CT)",0,819,819,0,1987,1987
42011010304,"Berks, PA (CT)",1209,930,2139,3027,3701,6728
42011010400,"Berks, PA (CT)",2627,422,3049,7236,917,8153
42011010500,"Berks, PA (CT)",383,2402,2785,1103,5492,6595
42011010600,"Berks, PA (CT)",856,2217,3073,1774,6233,8007
42011010700,"Berks, PA (CT)",849,1807,2656,2265,5006,7271
42011010801,"Berks, PA (CT)",519,228,747,1340,588,1928
42011010802,"Berks, PA (CT)",255,3186,3441,666,8418,9084
42011010902,"Berks, PA (CT)",0,1733,1733,0,4008,4008
42011010903,"Berks, PA (CT)",15,2512,2527,30,6175,6205
42011010904,"Berks, PA (CT)",0,1484,1484,0,3610,3610
42011010905,"Berks, PA (CT)",0,2078,2078,0,4594,4594
42011011000,"Berks, PA (CT)",0,1937,1937,0,4588,4588
42011011101,"Berks, PA (CT)",0,1275,1275,0,2129,2129
42011011102,"Berks, PA (CT)",0,2454,2454,0,5459,5459
42011011200,"Berks, PA (CT)",0,1738,1738,0,4212,4212
42011011300,"Berks, PA (CT)",0,1261,1261,0,2877,2877
42011011400,"Berks, PA (CT)",0,2335,2335,0,5273,5273
42011011500,"Berks, PA (CT)",0,1303,1303,0,3043,3043
42011011601,"Berks, PA (CT)",0,2363,2363,0,5265,5265
42011011602,"Berks, PA (CT)",505,1273,1778,1169,3063,4232
42011011603,"Berks, PA (CT)",716,2223,2939,1337,4313,5650
42011011701,"Berks, PA (CT)",2313,458,2771,6043,1173,7216
42011011702,"Berks, PA (CT)",1231,502,1733,3214,1371,4585
42011011703,"Berks, PA (CT)",607,911,1518,1687,2390,4077
42011011800,"Berks, PA (CT)",0,2014,2014,0,5163,5163
42011011902,"Berks, PA (CT)",781,643,1424,1870,1633,3503
42011011903,"Berks, PA (CT)",500,1177,1677,1335,3695,5030
42011011904,"Berks, PA (CT)",249,2619,2868,546,7007,7553
42011012001,"Berks, PA (CT)",259,809,1068,588,1884,2472
42011012002,"Berks, PA (CT)",0,3722,3722,0,8760,8760
42011012101,"Berks, PA (CT)",0,763,763,0,1809,1809
42011012103,"Berks, PA (CT)",689,256,945,1627,695,2322
42011012104,"Berks, PA (CT)",351,944,1295,884,2276,3160
42011012105,"Berks, PA (CT)",0,3021,3021,0,8836,8836
42011012200,"Berks, PA (CT)",0,1357,1357,0,3138,3138
42011012300,"Berks, PA (CT)",130,1819,1949,313,4130,4443
42011012400,"Berks, PA (CT)",302,2318,2620,724,5646,6370
42011012500,"Berks, PA (CT)",0,857,857,0,2008,2008
42011012600,"Berks, PA (CT)",0,933,933,0,2291,2291
42011012700,"Berks, PA (CT)",0,3716,3716,0,8959,8959
42011012800,"Berks, PA (CT)",0,1675,1675,0,3911,3911
42011012900,"Berks, PA (CT)",1804,1283,3087,4215,3156,7371
42011013000,"Berks, PA (CT)",1626,1129,2755,4055,2446,6501
42011013100,"Berks, PA (CT)",373,1704,2077,941,4137,5078
42011013200,"Berks, PA (CT)",0,2026,2026,0,4055,4055
42011013301,"Berks, PA (CT)",881,382,1263,2213,784,2997
42011013302,"Berks, PA (CT)",857,1480,2337,2156,3686,5842
42011013401,"Berks, PA (CT)",2607,470,3077,6622,1268,7890
42011013402,"Berks, PA (CT)",1247,0,1247,3060,0,3060
42011013500,"Berks, PA (CT)",809,3178,3987,2089,8683,10772
42011013600,"Berks, PA (CT)",0,1720,1720,0,4085,4085
42011013701,"Berks, PA (CT)",1210,248,1458,2847,550,3397
42011013702,"Berks, PA (CT)",800,853,1653,1909,1886,3795
42011013800,"Berks, PA (CT)",0,2019,2019,0,4289,4289
42011013900,"Berks, PA (CT)",3028,332,3360,7124,769,7893
42011014000,"Berks, PA (CT)",0,2187,2187,0,5012,5012
42011014100,"Berks, PA (CT)",1331,459,1790,3299,5085,8384
42011014200,"Berks, PA (CT)",1483,1861,3344,3518,4230,7748
42013010101,"Blair, PA (CT)",1322,487,1809,3111,1118,4229
42013010102,"Blair, PA (CT)",0,1356,1356,0,2966,2966
42013010103,"Blair, PA (CT)",0,1116,1116,0,2511,2511
42013010401,"Blair, PA (CT)",0,782,782,0,1828,1828
42013010402,"Blair, PA (CT)",1363,1483,2846,3230,3269,6499
42013010500,"Blair, PA (CT)",777,662,1439,1900,1530,3430
42013010600,"Blair, PA (CT)",112,886,998,259,1937,2196
42013010700,"Blair, PA (CT)",706,2243,2949,1602,5800,7402
42013010800,"Blair, PA (CT)",1573,0,1573,3671,0,3671
42013010900,"Blair, PA (CT)",1206,1862,3068,2928,4453,7381
42013011001,"Blair, PA (CT)",929,714,1643,2186,1556,3742
42013011002,"Blair, PA (CT)",226,1557,1783,539,3687,4226
42013011100,"Blair, PA (CT)",714,1950,2664,1634,4363,5997
42013011200,"Blair, PA (CT)",0,2703,2703,0,5791,5791
42013011300,"Blair, PA (CT)",1242,1283,2525,3205,2733,5938
42013011400,"Blair, PA (CT)",0,1173,1173,0,2585,2585
42013011500,"Blair, PA (CT)",1510,1098,2608,3495,2428,5923
42013011600,"Blair, PA (CT)",930,954,1884,2018,2155,4173
42013100200,"Blair, PA (CT)",0,1049,1049,0,2231,2231
42013100300,"Blair, PA (CT)",0,1486,1486,0,3184,3184
42013100400,"Blair, PA (CT)",0,778,778,0,1768,1768
42013100500,"Blair, PA (CT)",0,1641,1641,0,3631,3631
42013100600,"Blair, PA (CT)",0,1157,1157,0,2553,2553
42013100700,"Blair, PA (CT)",0,990,990,0,2326,2326
42013100800,"Blair, PA (CT)",0,662,662,0,1917,1917
42013100900,"Blair, PA (CT)",0,1909,1909,0,4389,4389
42013101100,"Blair, PA (CT)",0,707,707,0,1567,1567
42013101200,"Blair, PA (CT)",0,1998,1998,0,4001,4001
42013101400,"Blair, PA (CT)",0,1700,1700,0,3862,3862
42013101500,"Blair, PA (CT)",0,1558,1558,0,3479,3479
42013101600,"Blair, PA (CT)",0,1555,1555,0,3280,3280
42013101700,"Blair, PA (CT)",0,1709,1709,0,3846,3846
42013101800,"Blair, PA (CT)",0,1243,1243,0,2964,2964
42013101900,"Blair, PA (CT)",0,1215,1215,0,1603,1603
42015950100,"Bradford, PA (CT)",2142,0,2142,4270,0,4270
42015950200,"Bradford, PA (CT)",2361,0,2361,5233,0,5233
42015950300,"Bradford, PA (CT)",0,2693,2693,0,5587,5587
42015950400,"Bradford, PA (CT)",0,1477,1477,0,3367,3367
42015950500,"Bradford, PA (CT)",1063,1754,2817,2395,3883,6278
42015950600,"Bradford, PA (CT)",1870,0,1870,3920,0,3920
42015950700,"Bradford, PA (CT)",2163,0,2163,4594,0,4594
42015950800,"Bradford, PA (CT)",1870,0,1870,3959,0,3959
42015950900,"Bradford, PA (CT)",2149,587,2736,4593,1109,5702
42015951000,"Bradford, PA (CT)",0,1426,1426,0,2919,2919
42015951100,"Bradford, PA (CT)",1393,0,1393,2969,0,2969
42015951200,"Bradford, PA (CT)",2684,241,2925,4707,560,5267
42015951300,"Bradford, PA (CT)",2182,0,2182,4281,0,4281
42015951400,"Bradford, PA (CT)",1924,0,1924,4276,0,4276
42017100102,"Bucks, PA (CT)",0,1483,1483,0,2720,2720
42017100103,"Bucks, PA (CT)",0,1122,1122,0,2402,2402
42017100104,"Bucks, PA (CT)",0,1890,1890,0,4498,4498
42017100105,"Bucks, PA (CT)",0,1231,1231,0,3297,3297
42017100201,"Bucks, PA (CT)",0,1698,1698,0,4422,4422
42017100206,"Bucks, PA (CT)",0,1968,1968,0,4838,4838
42017100207,"Bucks, PA (CT)",0,1857,1857,0,4246,4246
42017100208,"Bucks, PA (CT)",0,2737,2737,0,6429,6429
42017100209,"Bucks, PA (CT)",0,3960,3960,0,9452,9452
42017100210,"Bucks, PA (CT)",0,2692,2692,0,7408,7408
42017100211,"Bucks, PA (CT)",0,3185,3185,0,6710,6710
42017100212,"Bucks, PA (CT)",0,1423,1423,0,4005,4005
42017100302,"Bucks, PA (CT)",0,1876,1876,0,5084,5084
42017100303,"Bucks, PA (CT)",0,1917,1917,0,5176,5176
42017100304,"Bucks, PA (CT)",0,1096,1096,0,2319,2319
42017100306,"Bucks, PA (CT)",0,1394,1394,0,3450,3450
42017100307,"Bucks, PA (CT)",0,2098,2098,0,5027,5027
42017100401,"Bucks, PA (CT)",0,2601,2601,0,6677,6677
42017100402,"Bucks, PA (CT)",0,2386,2386,0,6471,6471
42017100403,"Bucks, PA (CT)",0,829,829,0,2102,2102
42017100404,"Bucks, PA (CT)",0,2396,2396,0,6363,6363
42017100406,"Bucks, PA (CT)",0,1498,1498,0,3839,3839
42017100407,"Bucks, PA (CT)",0,489,489,0,1299,1299
42017100408,"Bucks, PA (CT)",0,2307,2307,0,6775,6775
42017100500,"Bucks, PA (CT)",0,1161,1161,0,2680,2680
42017100600,"Bucks, PA (CT)",0,1726,1726,0,3737,3737
42017100700,"Bucks, PA (CT)",0,1350,1350,0,3309,3309
42017100803,"Bucks, PA (CT)",0,1725,1725,0,4706,4706
42017100804,"Bucks, PA (CT)",0,1239,1239,0,3900,3900
42017100805,"Bucks, PA (CT)",0,2219,2219,0,6246,6246
42017100807,"Bucks, PA (CT)",0,1777,1777,0,4208,4208
42017100808,"Bucks, PA (CT)",0,2111,2111,0,5254,5254
42017100809,"Bucks, PA (CT)",0,2104,2104,0,5774,5774
42017100811,"Bucks, PA (CT)",0,2021,2021,0,4547,4547
42017100900,"Bucks, PA (CT)",0,2755,2755,0,7563,7563
42017101100,"Bucks, PA (CT)",0,964,964,0,2328,2328
42017101401,"Bucks, PA (CT)",0,1613,1613,0,4305,4305
42017101403,"Bucks, PA (CT)",0,2152,2152,0,5560,5560
42017101404,"Bucks, PA (CT)",0,898,898,0,2420,2420
42017101405,"Bucks, PA (CT)",0,2699,2699,0,6624,6624
42017101503,"Bucks, PA (CT)",0,1587,1587,0,3786,3786
42017101504,"Bucks, PA (CT)",0,1284,1284,0,2819,2819
42017101505,"Bucks, PA (CT)",0,1166,1166,0,3330,3330
42017101506,"Bucks, PA (CT)",0,2083,2083,0,5217,5217
42017101603,"Bucks, PA (CT)",0,1238,1238,0,3193,3193
42017101605,"Bucks, PA (CT)",0,1603,1603,0,4130,4130
42017101607,"Bucks, PA (CT)",0,1411,1411,0,3152,3152
42017101609,"Bucks, PA (CT)",0,1722,1722,0,4415,4415
42017101610,"Bucks, PA (CT)",0,1772,1772,0,4785,4785
42017101611,"Bucks, PA (CT)",0,2603,2603,0,6900,6900
42017101802,"Bucks, PA (CT)",0,1975,1975,0,6554,6554
42017101803,"Bucks, PA (CT)",0,3120,3120,0,8247,8247
42017101805,"Bucks, PA (CT)",0,771,771,0,2302,2302
42017101807,"Bucks, PA (CT)",0,1465,1465,0,4058,4058
42017101808,"Bucks, PA (CT)",0,1111,1111,0,2257,2257
42017101900,"Bucks, PA (CT)",0,1556,1556,0,4009,4009
42017102002,"Bucks, PA (CT)",467,519,986,1181,1545,2726
42017102003,"Bucks, PA (CT)",0,1429,1429,0,3937,3937
42017102004,"Bucks, PA (CT)",0,1851,1851,0,4407,4407
42017102102,"Bucks, PA (CT)",600,588,1188,1566,1563,3129
42017102104,"Bucks, PA (CT)",234,1969,2203,653,5049,5702
42017102300,"Bucks, PA (CT)",883,1237,2120,2188,3518,5706
42017102401,"Bucks, PA (CT)",0,1634,1634,0,3893,3893
42017102402,"Bucks, PA (CT)",0,1762,1762,0,4618,4618
42017102500,"Bucks, PA (CT)",0,1824,1824,0,4307,4307
42017102600,"Bucks, PA (CT)",0,1072,1072,0,2207,2207
42017102700,"Bucks, PA (CT)",1104,1143,2247,2693,2505,5198
42017102801,"Bucks, PA (CT)",813,464,1277,2053,1476,3529
42017103101,"Bucks, PA (CT)",0,999,999,0,2377,2377
42017103102,"Bucks, PA (CT)",0,875,875,0,1976,1976
42017103103,"Bucks, PA (CT)",0,2002,2002,0,4626,4626
42017103300,"Bucks, PA (CT)",947,0,947,2225,0,2225
42017103400,"Bucks, PA (CT)",1930,212,2142,4538,497,5035
42017103700,"Bucks, PA (CT)",1493,0,1493,3441,0,3441
42017103800,"Bucks, PA (CT)",483,139,622,1024,253,1277
42017103900,"Bucks, PA (CT)",1839,68,1907,3860,135,3995
42017104000,"Bucks, PA (CT)",1519,1042,2561,3729,2845,6574
42017104100,"Bucks, PA (CT)",0,959,959,0,2158,2158
42017104201,"Bucks, PA (CT)",1028,59,1087,2596,197,2793
42017104203,"Bucks, PA (CT)",299,1539,1838,821,4515,5336
42017104204,"Bucks, PA (CT)",346,1194,1540,940,3373,4313
42017104301,"Bucks, PA (CT)",774,450,1224,1700,1208,2908
42017104303,"Bucks, PA (CT)",776,1196,1972,1598,2935,4533
42017104304,"Bucks, PA (CT)",551,0,551,1251,0,1251
42017104400,"Bucks, PA (CT)",0,1398,1398,0,2528,2528
42017104502,"Bucks, PA (CT)",984,2038,3022,2474,4728,7202
42017104503,"Bucks, PA (CT)",0,1560,1560,0,4382,4382
42017104505,"Bucks, PA (CT)",0,1922,1922,0,5943,5943
42017104506,"Bucks, PA (CT)",256,673,929,707,1841,2548
42017104601,"Bucks, PA (CT)",0,1777,1777,0,4766,4766
42017104603,"Bucks, PA (CT)",0,2212,2212,0,6969,6969
42017104604,"Bucks, PA (CT)",25,2619,2644,58,5766,5824
42017104701,"Bucks, PA (CT)",0,1907,1907,0,3395,3395
42017104702,"Bucks, PA (CT)",0,1249,1249,0,2649,2649
42017104703,"Bucks, PA (CT)",0,976,976,0,2342,2342
42017104800,"Bucks, PA (CT)",0,969,969,0,3152,3152
42017104901,"Bucks, PA (CT)",0,2465,2465,0,7677,7677
42017104902,"Bucks, PA (CT)",242,2534,2776,560,6200,6760
42017105003,"Bucks, PA (CT)",0,1727,1727,0,4968,4968
42017105004,"Bucks, PA (CT)",0,1876,1876,0,5595,5595
42017105006,"Bucks, PA (CT)",0,1962,1962,0,5901,5901
42017105008,"Bucks, PA (CT)",0,1229,1229,0,3610,3610
42017105009,"Bucks, PA (CT)",0,1727,1727,0,3507,3507
42017105010,"Bucks, PA (CT)",0,1548,1548,0,4009,4009
42017105011,"Bucks, PA (CT)",0,1325,1325,0,3559,3559
42017105012,"Bucks, PA (CT)",0,947,947,0,2673,2673
42017105013,"Bucks, PA (CT)",0,1933,1933,0,5904,5904
42017105100,"Bucks, PA (CT)",762,326,1088,2052,943,2995
42017105202,"Bucks, PA (CT)",0,2334,2334,0,5278,5278
42017105203,"Bucks, PA (CT)",25,709,734,79,1965,2044
42017105206,"Bucks, PA (CT)",0,1892,1892,0,4835,4835
42017105207,"Bucks, PA (CT)",0,1923,1923,0,4778,4778
42017105208,"Bucks, PA (CT)",0,735,735,0,2364,2364
42017105300,"Bucks, PA (CT)",0,1027,1027,0,2248,2248
42017105400,"Bucks, PA (CT)",1180,1920,3100,3333,4857,8190
42017105505,"Bucks, PA (CT)",0,1521,1521,0,3981,3981
42017105506,"Bucks, PA (CT)",0,1302,1302,0,4172,4172
42017105507,"Bucks, PA (CT)",0,2561,2561,0,7224,7224
42017105508,"Bucks, PA (CT)",0,1140,1140,0,3708,3708
42017105509,"Bucks, PA (CT)",0,1541,1541,0,4534,4534
42017105510,"Bucks, PA (CT)",0,2631,2631,0,4748,4748
42017105511,"Bucks, PA (CT)",0,1488,1488,0,4192,4192
42017105600,"Bucks, PA (CT)",0,1218,1218,0,2434,2434
42017105702,"Bucks, PA (CT)",0,1473,1473,0,3143,3143
42017105704,"Bucks, PA (CT)",0,2757,2757,0,6210,6210
42017105801,"Bucks, PA (CT)",0,2416,2416,0,6346,6346
42017105805,"Bucks, PA (CT)",24,2507,2531,11,5639,5650
42017105807,"Bucks, PA (CT)",0,1550,1550,0,3445,3445
42017105808,"Bucks, PA (CT)",0,1416,1416,0,3507,3507
42017105809,"Bucks, PA (CT)",0,1568,1568,0,4399,4399
42017105810,"Bucks, PA (CT)",0,880,880,0,2320,2320
42017105811,"Bucks, PA (CT)",0,2297,2297,0,6276,6276
42017105812,"Bucks, PA (CT)",0,623,623,0,1732,1732
42017105900,"Bucks, PA (CT)",0,789,789,0,1872,1872
42017106000,"Bucks, PA (CT)",0,1757,1757,0,4241,4241
42017106100,"Bucks, PA (CT)",0,1003,1003,0,3064,3064
42017106200,"Bucks, PA (CT)",0,3407,3407,0,7148,7148
42017106300,"Bucks, PA (CT)",630,1880,2510,1632,5437,7069
42017106401,"Bucks, PA (CT)",293,2377,2670,679,6732,7411
42017106402,"Bucks, PA (CT)",865,1930,2795,2250,5097,7347
42017106500,"Bucks, PA (CT)",573,2270,2843,1303,5665,6968
42017106600,"Bucks, PA (CT)",930,0,930,2012,0,2012
42017980000,"Bucks, PA (CT)",0,0,0,0,0,0
42019902100,"Butler, PA (CT)",0,1216,1216,0,2290,2290
42019902200,"Butler, PA (CT)",0,1031,1031,0,1980,1980
42019902300,"Butler, PA (CT)",0,1607,1607,0,3573,3573
42019902400,"Butler, PA (CT)",0,1314,1314,0,2354,2354
42019902500,"Butler, PA (CT)",0,1745,1745,0,3560,3560
42019902600,"Butler, PA (CT)",0,1245,1245,0,2999,2999
42019902700,"Butler, PA (CT)",0,1049,1049,0,2103,2103
42019902800,"Butler, PA (CT)",0,1491,1491,0,2822,2822
42019902900,"Butler, PA (CT)",59,778,837,140,1820,1960
42019903000,"Butler, PA (CT)",204,1839,2043,501,4268,4769
42019903100,"Butler, PA (CT)",232,978,1210,607,1988,2595
42019910100,"Butler, PA (CT)",1929,0,1929,4496,0,4496
42019910200,"Butler, PA (CT)",2139,0,2139,4895,0,4895
42019910301,"Butler, PA (CT)",1248,713,1961,2720,1783,4503
42019910302,"Butler, PA (CT)",1812,114,1926,3947,332,4279
42019910400,"Butler, PA (CT)",0,1481,1481,0,3625,3625
42019910500,"Butler, PA (CT)",0,3,3,0,1898,1898
42019910600,"Butler, PA (CT)",1910,0,1910,4400,0,4400
42019910700,"Butler, PA (CT)",1209,0,1209,2987,0,2987
42019910800,"Butler, PA (CT)",1094,228,1322,2396,451,2847
42019910900,"Butler, PA (CT)",257,2057,2314,530,4521,5051
42019911000,"Butler, PA (CT)",2123,617,2740,4929,1349,6278
42019911100,"Butler, PA (CT)",1417,640,2057,3358,1340,4698
42019911200,"Butler, PA (CT)",1492,774,2266,3614,2002,5616
42019911300,"Butler, PA (CT)",2292,0,2292,5552,0,5552
42019911400,"Butler, PA (CT)",1133,407,1540,2820,715,3535
42019911501,"Butler, PA (CT)",1455,878,2333,3609,1895,5504
42019911502,"Butler, PA (CT)",1111,897,2008,2732,1657,4389
42019911600,"Butler, PA (CT)",1851,235,2086,4473,598,5071
42019911700,"Butler, PA (CT)",959,902,1861,2348,2016,4364
42019911800,"Butler, PA (CT)",2245,281,2526,5389,800,6189
42019911900,"Butler, PA (CT)",0,2453,2453,0,4702,4702
42019912001,"Butler, PA (CT)",105,1616,1721,358,4580,4938
42019912002,"Butler, PA (CT)",0,1892,1892,0,4268,4268
42019912101,"Butler, PA (CT)",0,1565,1565,0,3962,3962
42019912102,"Butler, PA (CT)",0,1093,1093,0,2659,2659
42019912200,"Butler, PA (CT)",0,1400,1400,0,3299,3299
42019912301,"Butler, PA (CT)",2,1914,1916,4,5511,5515
42019912303,"Butler, PA (CT)",0,1239,1239,0,2888,2888
42019912304,"Butler, PA (CT)",0,1181,1181,0,3456,3456
42019912401,"Butler, PA (CT)",200,2904,3104,528,7285,7813
42019912402,"Butler, PA (CT)",681,2046,2727,1796,4687,6483
42019912700,"Butler, PA (CT)",1485,1492,2977,3645,3662,7307
42019912800,"Butler, PA (CT)",1770,438,2208,4382,1008,5390
42021000100,"Cambria, PA (CT)",0,1042,1042,0,1234,1234
42021000200,"Cambria, PA (CT)",0,571,571,0,837,837
42021000300,"Cambria, PA (CT)",0,1086,1086,0,2009,2009
42021000500,"Cambria, PA (CT)",0,967,967,0,1819,1819
42021000600,"Cambria, PA (CT)",0,1111,1111,0,1995,1995
42021000700,"Cambria, PA (CT)",0,1407,1407,0,2556,2556
42021001200,"Cambria, PA (CT)",0,1780,1780,0,3218,3218
42021010100,"Cambria, PA (CT)",1109,771,1880,2453,1795,4248
42021010200,"Cambria, PA (CT)",0,851,851,0,1543,1543
42021010300,"Cambria, PA (CT)",719,344,1063,1570,768,2338
42021010500,"Cambria, PA (CT)",109,1764,1873,224,3351,3575
42021010600,"Cambria, PA (CT)",0,1183,1183,0,2467,2467
42021010700,"Cambria, PA (CT)",379,1014,1393,848,2296,3144
42021010801,"Cambria, PA (CT)",235,2469,2704,467,5233,5700
42021011000,"Cambria, PA (CT)",0,799,799,0,1636,1636
42021011100,"Cambria, PA (CT)",489,1860,2349,1181,4268,5449
42021011200,"Cambria, PA (CT)",0,1063,1063,0,2284,2284
42021011300,"Cambria, PA (CT)",0,2338,2338,0,5181,5181
42021011400,"Cambria, PA (CT)",172,1643,1815,358,3085,3443
42021011500,"Cambria, PA (CT)",1265,708,1973,2814,1578,4392
42021011600,"Cambria, PA (CT)",0,1289,1289,0,2734,2734
42021011700,"Cambria, PA (CT)",997,122,1119,2167,260,2427
42021011800,"Cambria, PA (CT)",1373,329,1702,3358,705,4063
42021011900,"Cambria, PA (CT)",0,1774,1774,0,3835,3835
42021012000,"Cambria, PA (CT)",1165,1561,2726,2701,3337,6038
42021012100,"Cambria, PA (CT)",1393,0,1393,2455,0,2455
42021012200,"Cambria, PA (CT)",798,907,1705,1880,1975,3855
42021012300,"Cambria, PA (CT)",708,218,926,1734,2568,4302
42021012400,"Cambria, PA (CT)",1064,554,1618,2564,1239,3803
42021012500,"Cambria, PA (CT)",1580,619,2199,4536,1563,6099
42021012600,"Cambria, PA (CT)",0,1742,1742,0,3351,3351
42021012700,"Cambria, PA (CT)",567,574,1141,1389,1291,2680
42021012800,"Cambria, PA (CT)",109,2112,2221,261,6461,6722
42021012900,"Cambria, PA (CT)",602,951,1553,1453,2187,3640
42021013000,"Cambria, PA (CT)",0,1315,1315,0,2638,2638
42021013100,"Cambria, PA (CT)",626,529,1155,1567,1125,2692
42021013200,"Cambria, PA (CT)",1725,0,1725,3985,0,3985
42021013300,"Cambria, PA (CT)",2638,84,2722,5811,161,5972
42021013400,"Cambria, PA (CT)",0,1609,1609,0,2633,2633
42021013500,"Cambria, PA (CT)",0,1370,1370,0,2598,2598
42021013600,"Cambria, PA (CT)",0,1711,1711,0,3323,3323
42021013700,"Cambria, PA (CT)",92,1595,1687,210,4556,4766
42023960100,"Cameron, PA (CT)",0,1140,1140,0,2073,2073
42023960200,"Cameron, PA (CT)",3024,291,3315,2408,604,3012
42025020102,"Carbon, PA (CT)",491,1799,2290,1011,3770,4781
42025020103,"Carbon, PA (CT)",2243,0,2243,3631,0,3631
42025020105,"Carbon, PA (CT)",1267,3166,4433,1353,4597,5950
42025020106,"Carbon, PA (CT)",2775,220,2995,1935,317,2252
42025020200,"Carbon, PA (CT)",2050,914,2964,4516,1854,6370
42025020300,"Carbon, PA (CT)",1063,2096,3159,2182,4201,6383
42025020400,"Carbon, PA (CT)",0,2161,2161,0,3941,3941
42025020500,"Carbon, PA (CT)",2688,425,3113,6214,972,7186
42025020600,"Carbon, PA (CT)",0,2499,2499,0,5500,5500
42025020700,"Carbon, PA (CT)",1280,1050,2330,2930,2269,5199
42025020800,"Carbon, PA (CT)",2966,710,3676,7001,1641,8642
42025020900,"Carbon, PA (CT)",0,2436,2436,0,5414,5414
42027010100,"Centre, PA (CT)",2244,0,2244,4420,0,4420
42027010200,"Centre, PA (CT)",1782,0,1782,2950,0,2950
42027010300,"Centre, PA (CT)",0,1704,1704,0,3180,3180
42027010400,"Centre, PA (CT)",1464,374,1838,2742,856,3598
42027010500,"Centre, PA (CT)",2462,0,2462,5317,0,5317
42027010600,"Centre, PA (CT)",1113,718,1831,2469,1639,4108
42027010700,"Centre, PA (CT)",1435,790,2225,3768,1889,5657
42027010800,"Centre, PA (CT)",2832,0,2832,5632,0,5632
42027010900,"Centre, PA (CT)",3402,0,3402,7187,0,7187
42027011000,"Centre, PA (CT)",1161,2187,3348,2487,4983,7470
42027011100,"Centre, PA (CT)",0,3038,3038,0,6187,6187
42027011201,"Centre, PA (CT)",1393,365,1758,3061,1128,4189
42027011300,"Centre, PA (CT)",367,4050,4417,845,7585,8430
42027011400,"Centre, PA (CT)",300,2589,2889,779,6102,6881
42027011501,"Centre, PA (CT)",0,1379,1379,0,3106,3106
42027011502,"Centre, PA (CT)",0,3425,3425,0,7867,7867
42027011600,"Centre, PA (CT)",106,1218,1324,214,3875,4089
42027011702,"Centre, PA (CT)",256,2326,2582,534,4898,5432
42027011800,"Centre, PA (CT)",800,1348,2148,1775,3098,4873
42027011901,"Centre, PA (CT)",963,0,963,2667,0,2667
42027011902,"Centre, PA (CT)",1137,1560,2697,2765,3952,6717
42027012000,"Centre, PA (CT)",0,2401,2401,0,6917,6917
42027012100,"Centre, PA (CT)",0,162,162,0,6908,6908
42027012200,"Centre, PA (CT)",0,417,417,0,6180,6180
42027012300,"Centre, PA (CT)",0,837,837,0,1839,1839
42027012400,"Centre, PA (CT)",0,2090,2090,0,4779,4779
42027012500,"Centre, PA (CT)",0,1851,1851,0,4417,4417
42027012600,"Centre, PA (CT)",0,1476,1476,0,3454,3454
42027012700,"Centre, PA (CT)",0,1289,1289,0,2654,2654
42027012800,"Centre, PA (CT)",0,2484,2484,0,4886,4886
42027981202,"Centre, PA (CT)",0,2,2,0,1999,1999
42029300101,"Chester, PA (CT)",0,1280,1280,0,2982,2982
42029300103,"Chester, PA (CT)",0,1241,1241,0,2519,2519
42029300104,"Chester, PA (CT)",0,2064,2064,0,5031,5031
42029300106,"Chester, PA (CT)",0,2389,2389,0,4589,4589
42029300107,"Chester, PA (CT)",208,1337,1545,565,3792,4357
42029300108,"Chester, PA (CT)",0,2844,2844,0,6235,6235
42029300109,"Chester, PA (CT)",0,1316,1316,0,3619,3619
42029300201,"Chester, PA (CT)",0,2216,2216,0,5146,5146
42029300202,"Chester, PA (CT)",44,1861,1905,101,5230,5331
42029300301,"Chester, PA (CT)",551,1282,1833,1272,2644,3916
42029300302,"Chester, PA (CT)",196,1087,1283,495,2967,3462
42029300303,"Chester, PA (CT)",0,1383,1383,0,3115,3115
42029300400,"Chester, PA (CT)",0,1432,1432,0,2998,2998
42029300501,"Chester, PA (CT)",147,1518,1665,330,4494,4824
42029300502,"Chester, PA (CT)",0,1398,1398,0,3641,3641
42029300600,"Chester, PA (CT)",0,2108,2108,0,4919,4919
42029300700,"Chester, PA (CT)",0,2352,2352,0,4777,4777
42029300800,"Chester, PA (CT)",0,2212,2212,0,4346,4346
42029300900,"Chester, PA (CT)",0,1046,1046,0,2449,2449
42029301000,"Chester, PA (CT)",112,2992,3104,297,6782,7079
42029301100,"Chester, PA (CT)",0,1643,1643,0,3323,3323
42029301300,"Chester, PA (CT)",102,2522,2624,243,6393,6636
42029301401,"Chester, PA (CT)",0,1312,1312,0,2810,2810
42029301402,"Chester, PA (CT)",296,1721,2017,741,4315,5056
42029301500,"Chester, PA (CT)",496,503,999,1216,1388,2604
42029301600,"Chester, PA (CT)",1049,0,1049,2507,0,2507
42029301700,"Chester, PA (CT)",652,0,652,1803,0,1803
42029301800,"Chester, PA (CT)",872,912,1784,2359,2208,4567
42029301900,"Chester, PA (CT)",600,836,1436,1547,2477,4024
42029302000,"Chester, PA (CT)",832,1137,1969,2312,3359,5671
42029302101,"Chester, PA (CT)",0,2277,2277,0,6293,6293
42029302102,"Chester, PA (CT)",0,1536,1536,0,4357,4357
42029302202,"Chester, PA (CT)",0,3091,3091,0,6899,6899
42029302203,"Chester, PA (CT)",0,2005,2005,0,5427,5427
42029302204,"Chester, PA (CT)",0,2463,2463,0,5948,5948
42029302300,"Chester, PA (CT)",0,1378,1378,0,2420,2420
42029302400,"Chester, PA (CT)",0,1783,1783,0,4268,4268
42029302500,"Chester, PA (CT)",0,1871,1871,0,3830,3830
42029302600,"Chester, PA (CT)",0,1730,1730,0,4543,4543
42029302702,"Chester, PA (CT)",0,2089,2089,0,4609,4609
42029302703,"Chester, PA (CT)",0,1315,1315,0,3859,3859
42029302704,"Chester, PA (CT)",0,1725,1725,0,5072,5072
42029302705,"Chester, PA (CT)",0,1530,1530,0,3973,3973
42029302706,"Chester, PA (CT)",0,1654,1654,0,4353,4353
42029302802,"Chester, PA (CT)",0,2092,2092,0,5335,5335
42029302803,"Chester, PA (CT)",0,1299,1299,0,1950,1950
42029302804,"Chester, PA (CT)",0,1702,1702,0,3789,3789
42029302805,"Chester, PA (CT)",0,3563,3563,0,6956,6956
42029302901,"Chester, PA (CT)",0,1853,1853,0,5036,5036
42029302902,"Chester, PA (CT)",0,2150,2150,0,5791,5791
42029303000,"Chester, PA (CT)",0,1163,1163,0,3017,3017
42029303100,"Chester, PA (CT)",146,1313,1459,388,3820,4208
42029303301,"Chester, PA (CT)",98,934,1032,255,2601,2856
42029303302,"Chester, PA (CT)",416,1703,2119,1009,3700,4709
42029303401,"Chester, PA (CT)",0,1326,1326,0,4135,4135
42029303402,"Chester, PA (CT)",0,758,758,0,1937,1937
42029303501,"Chester, PA (CT)",47,1574,1621,120,3988,4108
42029303502,"Chester, PA (CT)",253,793,1046,689,2229,2918
42029303801,"Chester, PA (CT)",498,1050,1548,1222,2819,4041
42029303802,"Chester, PA (CT)",0,2669,2669,0,8182,8182
42029303901,"Chester, PA (CT)",20,1383,1403,48,4598,4646
42029303902,"Chester, PA (CT)",253,1794,2047,705,4591,5296
42029304000,"Chester, PA (CT)",0,2185,2185,0,4838,4838
42029304101,"Chester, PA (CT)",0,2107,2107,0,4424,4424
42029304102,"Chester, PA (CT)",0,1346,1346,0,3467,3467
42029304201,"Chester, PA (CT)",0,2861,2861,0,6880,6880
42029304300,"Chester, PA (CT)",77,2380,2457,195,6547,6742
42029304403,"Chester, PA (CT)",0,1506,1506,0,3840,3840
42029304404,"Chester, PA (CT)",0,2156,2156,0,4859,4859
42029304405,"Chester, PA (CT)",0,1992,1992,0,6319,6319
42029304406,"Chester, PA (CT)",0,1305,1305,0,3071,3071
42029304501,"Chester, PA (CT)",2,2591,2593,3,8086,8089
42029304502,"Chester, PA (CT)",149,930,1079,406,2731,3137
42029304600,"Chester, PA (CT)",746,432,1178,2286,1172,3458
42029304900,"Chester, PA (CT)",1471,1285,2756,4203,3444,7647
42029305000,"Chester, PA (CT)",0,700,700,0,1713,1713
42029305101,"Chester, PA (CT)",737,957,1694,2052,2241,4293
42029305102,"Chester, PA (CT)",384,1286,1670,1072,3649,4721
42029305300,"Chester, PA (CT)",34,2795,2829,68,6728,6796
42029305400,"Chester, PA (CT)",0,1526,1526,0,3867,3867
42029305500,"Chester, PA (CT)",0,1557,1557,0,3899,3899
42029305600,"Chester, PA (CT)",0,1065,1065,0,2942,2942
42029305700,"Chester, PA (CT)",0,839,839,0,2390,2390
42029306000,"Chester, PA (CT)",643,2119,2762,1551,5898,7449
42029306300,"Chester, PA (CT)",0,938,938,0,2854,2854
42029306501,"Chester, PA (CT)",1,1518,1519,2,4151,4153
42029306503,"Chester, PA (CT)",101,716,817,321,2448,2769
42029306504,"Chester, PA (CT)",11,1526,1537,21,5041,5062
42029306600,"Chester, PA (CT)",583,545,1128,1587,1552,3139
42029306700,"Chester, PA (CT)",478,999,1477,1375,2977,4352
42029306800,"Chester, PA (CT)",456,157,613,1209,472,1681
42029306900,"Chester, PA (CT)",230,1558,1788,725,4906,5631
42029307000,"Chester, PA (CT)",281,2016,2297,779,4585,5364
42029307100,"Chester, PA (CT)",735,54,789,1953,196,2149
42029307200,"Chester, PA (CT)",486,3,489,1264,8,1272
42029307300,"Chester, PA (CT)",284,1077,1361,722,2848,3570
42029307400,"Chester, PA (CT)",0,1506,1506,0,3593,3593
42029307700,"Chester, PA (CT)",899,0,899,2566,0,2566
42029307800,"Chester, PA (CT)",754,102,856,2150,334,2484
42029307900,"Chester, PA (CT)",778,376,1154,2205,2995,5200
42029308000,"Chester, PA (CT)",0,1980,1980,0,5077,5077
42029308101,"Chester, PA (CT)",200,1192,1392,621,3935,4556
42029308102,"Chester, PA (CT)",607,760,1367,1703,2391,4094
42029308200,"Chester, PA (CT)",557,492,1049,1459,1263,2722
42029310400,"Chester, PA (CT)",0,0,0,0,3400,3400
42029311000,"Chester, PA (CT)",719,1613,2332,2108,4713,6821
42029311100,"Chester, PA (CT)",630,920,1550,1654,1950,3604
42029311200,"Chester, PA (CT)",854,40,894,1942,157,2099
42029311300,"Chester, PA (CT)",397,792,1189,1069,3513,4582
42029311401,"Chester, PA (CT)",0,2751,2751,0,6937,6937
42029311403,"Chester, PA (CT)",0,1550,1550,0,3513,3513
42029311404,"Chester, PA (CT)",436,994,1430,1103,2778,3881
42029311500,"Chester, PA (CT)",868,566,1434,2191,1204,3395
42029311600,"Chester, PA (CT)",0,760,760,0,1838,1838
42029311700,"Chester, PA (CT)",562,2195,2757,1653,7087,8740
42029311800,"Chester, PA (CT)",582,716,1298,1793,2057,3850
42031160101,"Clarion, PA (CT)",1820,0,1820,1934,0,1934
42031160102,"Clarion, PA (CT)",1453,1425,2878,2185,2877,5062
42031160200,"Clarion, PA (CT)",1941,0,1941,3448,0,3448
42031160300,"Clarion, PA (CT)",1721,430,2151,3748,1035,4783
42031160400,"Clarion, PA (CT)",1759,0,1759,3788,0,3788
42031160500,"Clarion, PA (CT)",1904,0,1904,3948,0,3948
42031160600,"Clarion, PA (CT)",0,1972,1972,0,5276,5276
42031160700,"Clarion, PA (CT)",2128,0,2128,4146,0,4146
42031160800,"Clarion, PA (CT)",1689,100,1789,3696,185,3881
42031160900,"Clarion, PA (CT)",1620,0,1620,3722,0,3722
42033330100,"Clearfield, PA (CT)",887,1230,2117,2008,2940,4948
42033330200,"Clearfield, PA (CT)",0,1680,1680,0,3420,3420
42033330300,"Clearfield, PA (CT)",0,2145,2145,0,4374,4374
42033330400,"Clearfield, PA (CT)",1469,1499,2968,2740,2985,5725
42033330500,"Clearfield, PA (CT)",2305,95,2400,4361,207,4568
42033330600,"Clearfield, PA (CT)",718,762,1480,1200,2054,3254
42033330700,"Clearfield, PA (CT)",1653,0,1653,2306,0,2306
42033330800,"Clearfield, PA (CT)",2812,400,3212,6173,852,7025
42033330900,"Clearfield, PA (CT)",852,1518,2370,1808,4764,6572
42033331000,"Clearfield, PA (CT)",1952,341,2293,4332,766,5098
42033331100,"Clearfield, PA (CT)",0,1818,1818,0,3319,3319
42033331200,"Clearfield, PA (CT)",0,1513,1513,0,2896,2896
42033331300,"Clearfield, PA (CT)",1008,1084,2092,2196,2231,4427
42033331401,"Clearfield, PA (CT)",1515,120,1635,3209,244,3453
42033331402,"Clearfield, PA (CT)",591,1168,1759,1063,2507,3570
42033331500,"Clearfield, PA (CT)",1221,0,1221,1944,0,1944
42033331600,"Clearfield, PA (CT)",1309,0,1309,2539,0,2539
42033331700,"Clearfield, PA (CT)",1405,904,2309,2805,4081,6886
42033331800,"Clearfield, PA (CT)",1416,0,1416,2952,0,2952
42033331900,"Clearfield, PA (CT)",1241,13,1254,2328,38,2366
42035030100,"Clinton, PA (CT)",3177,0,3177,3092,0,3092
42035030200,"Clinton, PA (CT)",1508,1203,2711,2864,2530,5394
42035030300,"Clinton, PA (CT)",1418,808,2226,2188,1823,4011
42035030400,"Clinton, PA (CT)",658,1480,2138,1501,3198,4699
42035030500,"Clinton, PA (CT)",476,1350,1826,1115,3259,4374
42035030600,"Clinton, PA (CT)",0,1002,1002,0,1992,1992
42035030700,"Clinton, PA (CT)",0,2622,2622,0,7780,7780
42035030800,"Clinton, PA (CT)",1352,327,1679,3249,728,3977
42035030900,"Clinton, PA (CT)",1699,0,1699,3919,0,3919
42037050100,"Columbia, PA (CT)",2894,0,2894,5233,0,5233
42037050200,"Columbia, PA (CT)",2447,0,2447,5551,0,5551
42037050300,"Columbia, PA (CT)",1493,675,2168,3676,1526,5202
42037050400,"Columbia, PA (CT)",1073,681,1754,2564,1635,4199
42037050500,"Columbia, PA (CT)",950,802,1752,2013,1747,3760
42037050600,"Columbia, PA (CT)",0,2511,2511,0,5331,5331
42037050700,"Columbia, PA (CT)",0,2524,2524,0,5146,5146
42037050800,"Columbia, PA (CT)",0,1698,1698,0,3622,3622
42037050900,"Columbia, PA (CT)",123,1124,1247,376,2639,3015
42037051000,"Columbia, PA (CT)",0,1116,1116,0,2418,2418
42037051100,"Columbia, PA (CT)",0,1853,1853,0,8176,8176
42037051200,"Columbia, PA (CT)",0,2152,2152,0,4261,4261
42037051300,"Columbia, PA (CT)",550,855,1405,1232,1767,2999
42037051400,"Columbia, PA (CT)",561,551,1112,1347,1236,2583
42037051500,"Columbia, PA (CT)",2703,162,2865,5499,300,5799
42039110100,"Crawford, PA (CT)",3178,0,3178,6114,0,6114
42039110201,"Crawford, PA (CT)",1719,6,1725,3868,10,3878
42039110202,"Crawford, PA (CT)",886,746,1632,2006,2592,4598
42039110300,"Crawford, PA (CT)",2087,0,2087,4920,0,4920
42039110400,"Crawford, PA (CT)",1769,0,1769,2978,0,2978
42039110501,"Crawford, PA (CT)",1113,36,1149,1802,63,1865
42039110502,"Crawford, PA (CT)",741,2417,3158,1055,2693,3748
42039110600,"Crawford, PA (CT)",1281,15,1296,2923,17,2940
42039110700,"Crawford, PA (CT)",1028,554,1582,2565,1445,4010
42039110800,"Crawford, PA (CT)",2195,0,2195,5053,0,5053
42039110900,"Crawford, PA (CT)",1483,0,1483,3098,0,3098
42039111000,"Crawford, PA (CT)",1112,67,1179,2272,131,2403
42039111100,"Crawford, PA (CT)",0,1512,1512,0,3251,3251
42039111200,"Crawford, PA (CT)",0,1103,1103,0,2350,2350
42039111300,"Crawford, PA (CT)",2706,110,2816,5449,213,5662
42039111400,"Crawford, PA (CT)",803,1322,2125,1773,3007,4780
42039111500,"Crawford, PA (CT)",0,2606,2606,0,5054,5054
42039111600,"Crawford, PA (CT)",0,2134,2134,0,4095,4095
42039111700,"Crawford, PA (CT)",131,1457,1588,288,4420,4708
42039111800,"Crawford, PA (CT)",1267,1442,2709,2750,2880,5630
42039111900,"Crawford, PA (CT)",1462,0,1462,3679,0,3679
42039112001,"Crawford, PA (CT)",2242,0,2242,2541,0,2541
42039112002,"Crawford, PA (CT)",1956,0,1956,1410,0,1410
42041010100,"Cumberland, PA (CT)",0,2508,2508,0,5411,5411
42041010201,"Cumberland, PA (CT)",187,1920,2107,440,4722,5162
42041010203,"Cumberland, PA (CT)",0,1509,1509,0,3437,3437
42041010204,"Cumberland, PA (CT)",0,2046,2046,0,4900,4900
42041010300,"Cumberland, PA (CT)",0,2141,2141,0,4388,4388
42041010400,"Cumberland, PA (CT)",0,1628,1628,0,3753,3753
42041010500,"Cumberland, PA (CT)",0,1917,1917,0,4135,4135
42041010600,"Cumberland, PA (CT)",0,2363,2363,0,4553,4553
42041010700,"Cumberland, PA (CT)",0,1661,1661,0,3760,3760
42041010800,"Cumberland, PA (CT)",0,1811,1811,0,3517,3517
42041010900,"Cumberland, PA (CT)",0,2164,2164,0,4671,4671
42041011002,"Cumberland, PA (CT)",0,1127,1127,0,2031,2031
42041011101,"Cumberland, PA (CT)",0,1426,1426,0,3263,3263
42041011102,"Cumberland, PA (CT)",0,2534,2534,0,4564,4564
42041011200,"Cumberland, PA (CT)",0,742,742,0,1569,1569
42041011301,"Cumberland, PA (CT)",271,1655,1926,771,3703,4474
42041011302,"Cumberland, PA (CT)",0,2882,2882,0,7246,7246
42041011303,"Cumberland, PA (CT)",0,2680,2680,0,6926,6926
42041011304,"Cumberland, PA (CT)",0,2620,2620,0,5023,5023
42041011305,"Cumberland, PA (CT)",0,2153,2153,0,4375,4375
42041011400,"Cumberland, PA (CT)",0,2183,2183,0,4393,4393
42041011500,"Cumberland, PA (CT)",0,2080,2080,0,4588,4588
42041011601,"Cumberland, PA (CT)",0,3648,3648,0,7486,7486
42041011602,"Cumberland, PA (CT)",0,1476,1476,0,3932,3932
42041011605,"Cumberland, PA (CT)",0,1876,1876,0,4414,4414
42041011700,"Cumberland, PA (CT)",1732,643,2375,4336,1487,5823
42041011801,"Cumberland, PA (CT)",1001,2391,3392,2459,5280,7739
42041011802,"Cumberland, PA (CT)",328,2167,2495,715,5203,5918
42041011803,"Cumberland, PA (CT)",1972,731,2703,4782,2258,7040
42041011901,"Cumberland, PA (CT)",894,1178,2072,2195,2822,5017
42041011902,"Cumberland, PA (CT)",104,2458,2562,207,5919,6126
42041012000,"Cumberland, PA (CT)",0,2302,2302,0,4995,4995
42041012100,"Cumberland, PA (CT)",0,1119,1119,0,2077,2077
42041012200,"Cumberland, PA (CT)",0,1147,1147,0,2049,2049
42041012300,"Cumberland, PA (CT)",0,843,843,0,2562,2562
42041012400,"Cumberland, PA (CT)",18,2975,2993,39,6960,6999
42041012501,"Cumberland, PA (CT)",605,1254,1859,1390,2352,3742
42041012502,"Cumberland, PA (CT)",582,2224,2806,1514,5481,6995
42041012600,"Cumberland, PA (CT)",943,1529,2472,2271,3685,5956
42041012701,"Cumberland, PA (CT)",1863,277,2140,4481,742,5223
42041012702,"Cumberland, PA (CT)",1788,126,1914,4169,317,4486
42041012800,"Cumberland, PA (CT)",3156,0,3156,8001,0,8001
42041012900,"Cumberland, PA (CT)",617,0,617,1316,0,1316
42041013000,"Cumberland, PA (CT)",2775,7,2782,6809,15,6824
42041013101,"Cumberland, PA (CT)",2332,1271,3603,6313,2803,9116
42041013102,"Cumberland, PA (CT)",0,1250,1250,0,5304,5304
42041013200,"Cumberland, PA (CT)",0,2167,2167,0,4449,4449
42041981001,"Cumberland, PA (CT)",0,4,4,0,3451,3451
42041981606,"Cumberland, PA (CT)",0,7,7,0,2227,2227
42043020100,"Dauphin, PA (CT)",0,2567,2567,0,3292,3292
42043020300,"Dauphin, PA (CT)",0,1359,1359,0,1734,1734
42043020400,"Dauphin, PA (CT)",0,1200,1200,0,1620,1620
42043020500,"Dauphin, PA (CT)",0,1838,1838,0,3013,3013
42043020600,"Dauphin, PA (CT)",0,547,547,0,1157,1157
42043020700,"Dauphin, PA (CT)",0,1121,1121,0,2745,2745
42043020800,"Dauphin, PA (CT)",0,1443,1443,0,2699,2699
42043020900,"Dauphin, PA (CT)",0,1706,1706,0,3728,3728
42043021100,"Dauphin, PA (CT)",0,1391,1391,0,3081,3081
42043021200,"Dauphin, PA (CT)",0,1071,1071,0,2409,2409
42043021300,"Dauphin, PA (CT)",0,2663,2663,0,6612,6612
42043021400,"Dauphin, PA (CT)",0,1960,1960,0,5233,5233
42043021500,"Dauphin, PA (CT)",0,1538,1538,0,3700,3700
42043021600,"Dauphin, PA (CT)",0,1201,1201,0,2700,2700
42043021700,"Dauphin, PA (CT)",0,2667,2667,0,5806,5806
42043021800,"Dauphin, PA (CT)",0,1020,1020,0,2296,2296
42043021901,"Dauphin, PA (CT)",18,2405,2423,34,4373,4407
42043021903,"Dauphin, PA (CT)",0,1559,1559,0,3358,3358
42043021904,"Dauphin, PA (CT)",0,2073,2073,0,4770,4770
42043022000,"Dauphin, PA (CT)",0,2364,2364,0,5074,5074
42043022100,"Dauphin, PA (CT)",0,2144,2144,0,4130,4130
42043022200,"Dauphin, PA (CT)",0,1393,1393,0,3008,3008
42043022300,"Dauphin, PA (CT)",0,2715,2715,0,5473,5473
42043022401,"Dauphin, PA (CT)",0,1449,1449,0,3460,3460
42043022403,"Dauphin, PA (CT)",0,3154,3154,0,6419,6419
42043022501,"Dauphin, PA (CT)",105,2168,2273,240,5478,5718
42043022502,"Dauphin, PA (CT)",0,2376,2376,0,5659,5659
42043022601,"Dauphin, PA (CT)",0,3037,3037,0,7017,7017
42043022604,"Dauphin, PA (CT)",76,2443,2519,216,5851,6067
42043022605,"Dauphin, PA (CT)",0,2011,2011,0,4467,4467
42043022606,"Dauphin, PA (CT)",0,1644,1644,0,3080,3080
42043022701,"Dauphin, PA (CT)",0,1779,1779,0,3868,3868
42043022702,"Dauphin, PA (CT)",0,1879,1879,0,4338,4338
42043022800,"Dauphin, PA (CT)",0,2187,2187,0,4946,4946
42043022900,"Dauphin, PA (CT)",0,3006,3006,0,8386,8386
42043023000,"Dauphin, PA (CT)",0,885,885,0,1824,1824
42043023100,"Dauphin, PA (CT)",0,698,698,0,1561,1561
42043023300,"Dauphin, PA (CT)",0,1804,1804,0,4158,4158
42043023400,"Dauphin, PA (CT)",0,802,802,0,1832,1832
42043023500,"Dauphin, PA (CT)",0,1273,1273,0,2399,2399
42043023601,"Dauphin, PA (CT)",0,1158,1158,0,2750,2750
42043023602,"Dauphin, PA (CT)",0,2273,2273,0,5566,5566
42043023700,"Dauphin, PA (CT)",0,774,774,0,1527,1527
42043023800,"Dauphin, PA (CT)",0,2079,2079,0,3897,3897
42043023900,"Dauphin, PA (CT)",0,1530,1530,0,3429,3429
42043024001,"Dauphin, PA (CT)",1220,1353,2573,2922,3220,6142
42043024002,"Dauphin, PA (CT)",862,284,1146,2171,826,2997
42043024101,"Dauphin, PA (CT)",64,933,997,206,1721,1927
42043024102,"Dauphin, PA (CT)",113,1307,1420,298,4703,5001
42043024104,"Dauphin, PA (CT)",156,2231,2387,452,5377,5829
42043024105,"Dauphin, PA (CT)",44,2415,2459,101,5570,5671
42043024200,"Dauphin, PA (CT)",0,1282,1282,0,2688,2688
42043024300,"Dauphin, PA (CT)",0,1722,1722,0,3563,3563
42043024400,"Dauphin, PA (CT)",0,2050,2050,0,4538,4538
42043024502,"Dauphin, PA (CT)",1148,1191,2339,2765,2953,5718
42043024503,"Dauphin, PA (CT)",470,2057,2527,1442,4806,6248
42043024600,"Dauphin, PA (CT)",1072,2859,3931,2598,6745,9343
42043024700,"Dauphin, PA (CT)",1702,975,2677,3860,2138,5998
42043024800,"Dauphin, PA (CT)",3445,66,3511,8091,116,8207
42043024900,"Dauphin, PA (CT)",182,1013,1195,403,2096,2499
42043025000,"Dauphin, PA (CT)",189,1292,1481,422,2567,2989
42043025100,"Dauphin, PA (CT)",1456,0,1456,3833,0,3833
42043025200,"Dauphin, PA (CT)",1448,178,1626,3372,406,3778
42043025300,"Dauphin, PA (CT)",939,774,1713,2294,1867,4161
42043025400,"Dauphin, PA (CT)",0,1361,1361,0,2557,2557
42045400301,"Delaware, PA (CT)",0,2655,2655,0,6674,6674
42045400302,"Delaware, PA (CT)",0,1479,1479,0,4103,4103
42045400401,"Delaware, PA (CT)",0,1988,1988,0,5026,5026
42045400402,"Delaware, PA (CT)",0,1859,1859,0,4608,4608
42045400500,"Delaware, PA (CT)",0,1681,1681,0,4235,4235
42045400600,"Delaware, PA (CT)",0,2180,2180,0,5316,5316
42045400700,"Delaware, PA (CT)",0,1822,1822,0,5384,5384
42045400801,"Delaware, PA (CT)",0,1362,1362,0,2010,2010
42045400802,"Delaware, PA (CT)",0,1392,1392,0,3493,3493
42045400900,"Delaware, PA (CT)",0,584,584,0,1584,1584
42045401000,"Delaware, PA (CT)",0,773,773,0,1934,1934
42045401101,"Delaware, PA (CT)",0,1281,1281,0,2924,2924
42045401103,"Delaware, PA (CT)",0,1272,1272,0,3503,3503
42045401104,"Delaware, PA (CT)",0,1723,1723,0,4134,4134
42045401200,"Delaware, PA (CT)",0,1637,1637,0,3636,3636
42045401301,"Delaware, PA (CT)",0,1066,1066,0,1621,1621
42045401302,"Delaware, PA (CT)",0,1245,1245,0,3032,3032
42045401401,"Delaware, PA (CT)",0,883,883,0,2114,2114
42045401402,"Delaware, PA (CT)",0,1806,1806,0,3947,3947
42045401501,"Delaware, PA (CT)",0,1441,1441,0,3469,3469
42045401502,"Delaware, PA (CT)",0,1967,1967,0,4307,4307
42045401600,"Delaware, PA (CT)",0,823,823,0,1824,1824
42045401700,"Delaware, PA (CT)",0,1025,1025,0,2668,2668
42045401800,"Delaware, PA (CT)",0,1591,1591,0,3684,3684
42045401900,"Delaware, PA (CT)",0,2043,2043,0,4480,4480
42045402000,"Delaware, PA (CT)",0,1341,1341,0,2456,2456
42045402100,"Delaware, PA (CT)",0,2316,2316,0,5813,5813
42045402200,"Delaware, PA (CT)",0,945,945,0,2309,2309
42045402300,"Delaware, PA (CT)",0,1624,1624,0,3321,3321
42045402400,"Delaware, PA (CT)",0,1321,1321,0,3459,3459
42045402500,"Delaware, PA (CT)",0,1451,1451,0,3582,3582
42045402600,"Delaware, PA (CT)",0,1116,1116,0,3646,3646
42045402700,"Delaware, PA (CT)",0,916,916,0,2546,2546
42045402800,"Delaware, PA (CT)",0,2265,2265,0,5697,5697
42045402900,"Delaware, PA (CT)",0,1449,1449,0,3471,3471
42045403001,"Delaware, PA (CT)",0,1279,1279,0,3006,3006
42045403002,"Delaware, PA (CT)",0,1198,1198,0,2787,2787
42045403101,"Delaware, PA (CT)",0,1354,1354,0,3433,3433
42045403103,"Delaware, PA (CT)",0,1117,1117,0,2855,2855
42045403104,"Delaware, PA (CT)",0,975,975,0,2498,2498
42045403200,"Delaware, PA (CT)",0,1824,1824,0,4152,4152
42045403300,"Delaware, PA (CT)",0,2849,2849,0,6652,6652
42045403401,"Delaware, PA (CT)",0,1251,1251,0,3028,3028
42045403402,"Delaware, PA (CT)",0,1349,1349,0,3578,3578
42045403501,"Delaware, PA (CT)",0,1863,1863,0,4273,4273
42045403502,"Delaware, PA (CT)",0,1242,1242,0,2880,2880
42045403601,"Delaware, PA (CT)",0,1632,1632,0,3964,3964
42045403602,"Delaware, PA (CT)",0,702,702,0,1926,1926
42045403701,"Delaware, PA (CT)",0,767,767,0,1763,1763
42045403702,"Delaware, PA (CT)",0,1071,1071,0,2328,2328
42045403800,"Delaware, PA (CT)",0,2703,2703,0,6454,6454
42045403901,"Delaware, PA (CT)",0,1671,1671,0,3391,3391
42045403902,"Delaware, PA (CT)",0,1491,1491,0,3611,3611
42045404003,"Delaware, PA (CT)",0,1101,1101,0,2147,2147
42045404004,"Delaware, PA (CT)",0,2490,2490,0,6514,6514
42045404101,"Delaware, PA (CT)",0,2665,2665,0,6484,6484
42045404102,"Delaware, PA (CT)",0,2139,2139,0,4833,4833
42045404103,"Delaware, PA (CT)",0,1384,1384,0,3322,3322
42045404300,"Delaware, PA (CT)",0,1010,1010,0,2410,2410
42045404400,"Delaware, PA (CT)",0,697,697,0,1615,1615
42045404500,"Delaware, PA (CT)",0,2059,2059,0,4991,4991
42045404600,"Delaware, PA (CT)",0,976,976,0,2493,2493
42045404700,"Delaware, PA (CT)",0,1043,1043,0,3655,3655
42045404800,"Delaware, PA (CT)",0,842,842,0,2136,2136
42045404900,"Delaware, PA (CT)",0,527,527,0,1439,1439
42045405000,"Delaware, PA (CT)",0,887,887,0,2130,2130
42045405100,"Delaware, PA (CT)",0,1006,1006,0,2165,2165
42045405200,"Delaware, PA (CT)",0,1415,1415,0,3030,3030
42045405300,"Delaware, PA (CT)",0,1192,1192,0,2610,2610
42045405400,"Delaware, PA (CT)",0,1099,1099,0,2429,2429
42045406100,"Delaware, PA (CT)",0,912,912,0,2328,2328
42045406201,"Delaware, PA (CT)",0,1298,1298,0,3036,3036
42045406202,"Delaware, PA (CT)",0,2392,2392,0,4970,4970
42045406300,"Delaware, PA (CT)",0,1291,1291,0,3239,3239
42045406401,"Delaware, PA (CT)",0,1023,1023,0,2855,2855
42045406402,"Delaware, PA (CT)",0,542,542,0,1085,1085
42045406500,"Delaware, PA (CT)",0,667,667,0,1828,1828
42045406600,"Delaware, PA (CT)",0,1018,1018,0,2397,2397
42045406700,"Delaware, PA (CT)",0,1346,1346,0,3469,3469
42045406801,"Delaware, PA (CT)",0,1774,1774,0,4295,4295
42045406802,"Delaware, PA (CT)",0,1770,1770,0,4332,4332
42045406803,"Delaware, PA (CT)",0,3569,3569,0,8111,8111
42045406902,"Delaware, PA (CT)",0,2255,2255,0,5866,5866
42045406903,"Delaware, PA (CT)",0,1875,1875,0,5030,5030
42045406904,"Delaware, PA (CT)",0,1961,1961,0,5696,5696
42045407000,"Delaware, PA (CT)",0,1263,1263,0,2531,2531
42045407101,"Delaware, PA (CT)",0,1559,1559,0,3713,3713
42045407102,"Delaware, PA (CT)",0,1157,1157,0,3169,3169
42045407201,"Delaware, PA (CT)",85,1839,1924,239,4896,5135
42045407202,"Delaware, PA (CT)",0,1372,1372,0,3790,3790
42045407401,"Delaware, PA (CT)",0,1548,1548,0,4057,4057
42045407404,"Delaware, PA (CT)",0,1125,1125,0,2843,2843
42045407501,"Delaware, PA (CT)",0,1262,1262,0,2340,2340
42045407502,"Delaware, PA (CT)",0,1719,1719,0,2987,2987
42045407600,"Delaware, PA (CT)",0,2203,2203,0,6390,6390
42045407700,"Delaware, PA (CT)",0,1215,1215,0,2669,2669
42045407801,"Delaware, PA (CT)",0,1727,1727,0,4485,4485
42045407802,"Delaware, PA (CT)",0,2262,2262,0,6353,6353
42045407803,"Delaware, PA (CT)",0,1973,1973,0,5365,5365
42045407804,"Delaware, PA (CT)",0,1607,1607,0,4506,4506
42045407805,"Delaware, PA (CT)",0,585,585,0,1696,1696
42045407806,"Delaware, PA (CT)",0,643,643,0,1610,1610
42045407901,"Delaware, PA (CT)",5,1445,1450,12,3932,3944
42045407902,"Delaware, PA (CT)",0,1293,1293,0,2760,2760
42045407903,"Delaware, PA (CT)",0,1620,1620,0,3438,3438
42045408001,"Delaware, PA (CT)",0,2329,2329,0,6170,6170
42045408002,"Delaware, PA (CT)",0,1708,1708,0,4094,4094
42045408101,"Delaware, PA (CT)",0,1801,1801,0,5320,5320
42045408102,"Delaware, PA (CT)",0,1365,1365,0,3413,3413
42045408103,"Delaware, PA (CT)",0,1737,1737,0,4431,4431
42045408300,"Delaware, PA (CT)",0,1464,1464,0,4815,4815
42045408400,"Delaware, PA (CT)",0,943,943,0,1850,1850
42045408500,"Delaware, PA (CT)",0,1577,1577,0,3997,3997
42045408600,"Delaware, PA (CT)",0,1351,1351,0,3543,3543
42045408700,"Delaware, PA (CT)",0,1821,1821,0,4871,4871
42045408800,"Delaware, PA (CT)",0,2089,2089,0,4780,4780
42045408900,"Delaware, PA (CT)",0,1075,1075,0,2933,2933
42045409000,"Delaware, PA (CT)",0,1374,1374,0,3721,3721
42045409100,"Delaware, PA (CT)",0,1505,1505,0,4180,4180
42045409200,"Delaware, PA (CT)",0,1511,1511,0,4048,4048
42045409300,"Delaware, PA (CT)",0,909,909,0,2354,2354
42045409400,"Delaware, PA (CT)",0,1018,1018,0,2861,2861
42045409500,"Delaware, PA (CT)",0,1713,1713,0,4538,4538
42045409601,"Delaware, PA (CT)",0,2034,2034,0,4585,4585
42045409602,"Delaware, PA (CT)",0,1772,1772,0,4641,4641
42045409701,"Delaware, PA (CT)",0,2050,2050,0,7312,7312
42045409702,"Delaware, PA (CT)",0,175,175,0,1918,1918
42045409802,"Delaware, PA (CT)",0,1714,1714,0,6168,6168
42045409803,"Delaware, PA (CT)",0,3069,3069,0,6907,6907
42045409902,"Delaware, PA (CT)",0,2293,2293,0,4820,4820
42045409903,"Delaware, PA (CT)",0,1655,1655,0,3823,3823
42045409904,"Delaware, PA (CT)",0,1317,1317,0,3573,3573
42045410000,"Delaware, PA (CT)",206,1602,1808,484,3503,3987
42045410100,"Delaware, PA (CT)",74,2123,2197,191,7837,8028
42045410200,"Delaware, PA (CT)",604,909,1513,1540,2100,3640
42045410301,"Delaware, PA (CT)",0,2416,2416,0,8284,8284
42045410302,"Delaware, PA (CT)",39,4256,4295,127,8820,8947
42045410400,"Delaware, PA (CT)",0,3101,3101,0,8791,8791
42045410500,"Delaware, PA (CT)",0,1630,1630,0,5076,5076
42045410601,"Delaware, PA (CT)",0,1344,1344,0,3372,3372
42045410602,"Delaware, PA (CT)",0,1836,1836,0,4880,4880
42045410700,"Delaware, PA (CT)",0,2002,2002,0,5279,5279
42045410800,"Delaware, PA (CT)",0,2999,2999,0,7719,7719
42045980000,"Delaware, PA (CT)",0,0,0,0,0,0
42047950100,"Elk, PA (CT)",1181,0,1181,1624,0,1624
42047950200,"Elk, PA (CT)",2384,157,2541,2998,332,3330
42047950400,"Elk, PA (CT)",0,2068,2068,0,4078,4078
42047950500,"Elk, PA (CT)",1293,0,1293,2483,0,2483
42047950900,"Elk, PA (CT)",1951,1,1952,2274,5,2279
42047951000,"Elk, PA (CT)",2345,81,2426,4917,165,5082
42047951100,"Elk, PA (CT)",725,1945,2670,1562,4107,5669
42047951200,"Elk, PA (CT)",533,507,1040,1156,950,2106
42047951300,"Elk, PA (CT)",360,2054,2414,772,4523,5295
42049000100,"Erie, PA (CT)",0,1251,1251,0,1690,1690
42049000200,"Erie, PA (CT)",0,2098,2098,0,3957,3957
42049000300,"Erie, PA (CT)",0,1845,1845,0,4214,4214
42049000400,"Erie, PA (CT)",0,1115,1115,0,2696,2696
42049000500,"Erie, PA (CT)",0,1478,1478,0,3276,3276
42049000600,"Erie, PA (CT)",0,1503,1503,0,3269,3269
42049000700,"Erie, PA (CT)",0,1143,1143,0,2737,2737
42049000800,"Erie, PA (CT)",0,1449,1449,0,3116,3116
42049000900,"Erie, PA (CT)",0,2667,2667,0,5454,5454
42049001000,"Erie, PA (CT)",0,1701,1701,0,3442,3442
42049001100,"Erie, PA (CT)",0,1223,1223,0,2877,2877
42049001200,"Erie, PA (CT)",0,1159,1159,0,2509,2509
42049001300,"Erie, PA (CT)",0,663,663,0,1549,1549
42049001400,"Erie, PA (CT)",0,604,604,0,1824,1824
42049001500,"Erie, PA (CT)",0,1016,1016,0,2679,2679
42049001600,"Erie, PA (CT)",0,1737,1737,0,4158,4158
42049001700,"Erie, PA (CT)",0,1139,1139,0,2880,2880
42049001800,"Erie, PA (CT)",0,934,934,0,2395,2395
42049001900,"Erie, PA (CT)",0,981,981,0,1887,1887
42049002000,"Erie, PA (CT)",0,1477,1477,0,3454,3454
42049002100,"Erie, PA (CT)",0,1705,1705,0,3775,3775
42049002200,"Erie, PA (CT)",0,1721,1721,0,3854,3854
42049002300,"Erie, PA (CT)",0,1243,1243,0,2832,2832
42049002400,"Erie, PA (CT)",0,1464,1464,0,3147,3147
42049002500,"Erie, PA (CT)",0,1035,1035,0,2508,2508
42049002600,"Erie, PA (CT)",0,1720,1720,0,4355,4355
42049002700,"Erie, PA (CT)",0,3024,3024,0,6817,6817
42049002800,"Erie, PA (CT)",0,2529,2529,0,7462,7462
42049002900,"Erie, PA (CT)",0,1246,1246,0,2839,2839
42049003000,"Erie, PA (CT)",0,1920,1920,0,4134,4134
42049010101,"Erie, PA (CT)",1567,0,1567,3425,0,3425
42049010103,"Erie, PA (CT)",784,68,852,1924,155,2079
42049010104,"Erie, PA (CT)",713,274,987,1744,692,2436
42049010107,"Erie, PA (CT)",0,697,697,0,1516,1516
42049010201,"Erie, PA (CT)",58,2478,2536,139,6006,6145
42049010202,"Erie, PA (CT)",1395,1007,2402,3276,2246,5522
42049010301,"Erie, PA (CT)",1582,368,1950,3952,845,4797
42049010303,"Erie, PA (CT)",935,1203,2138,2274,3177,5451
42049010304,"Erie, PA (CT)",166,1714,1880,346,4305,4651
42049010400,"Erie, PA (CT)",0,2093,2093,0,4832,4832
42049010500,"Erie, PA (CT)",0,2437,2437,0,4390,4390
42049010700,"Erie, PA (CT)",0,1803,1803,0,4019,4019
42049010800,"Erie, PA (CT)",0,1594,1594,0,3553,3553
42049010902,"Erie, PA (CT)",0,1992,1992,0,4355,4355
42049010903,"Erie, PA (CT)",0,2710,2710,0,6722,6722
42049010904,"Erie, PA (CT)",158,1571,1729,444,4410,4854
42049011001,"Erie, PA (CT)",0,3100,3100,0,6577,6577
42049011002,"Erie, PA (CT)",0,2189,2189,0,4161,4161
42049011101,"Erie, PA (CT)",63,2111,2174,155,4997,5152
42049011102,"Erie, PA (CT)",0,1578,1578,0,3439,3439
42049011201,"Erie, PA (CT)",1746,118,1864,4396,310,4706
42049011202,"Erie, PA (CT)",762,2098,2860,1942,4661,6603
42049011300,"Erie, PA (CT)",0,1447,1447,0,3341,3341
42049011400,"Erie, PA (CT)",0,1622,1622,0,3982,3982
42049011503,"Erie, PA (CT)",0,1686,1686,0,3713,3713
42049011505,"Erie, PA (CT)",619,559,1178,1324,1292,2616
42049011507,"Erie, PA (CT)",1127,119,1246,2803,319,3122
42049011600,"Erie, PA (CT)",0,1815,1815,0,4294,4294
42049011701,"Erie, PA (CT)",817,576,1393,1686,1192,2878
42049011702,"Erie, PA (CT)",1657,381,2038,4400,970,5370
42049011801,"Erie, PA (CT)",1051,0,1051,2700,0,2700
42049011802,"Erie, PA (CT)",1288,43,1331,3111,110,3221
42049011900,"Erie, PA (CT)",272,2593,2865,602,6003,6605
42049012001,"Erie, PA (CT)",1055,23,1078,2667,61,2728
42049012002,"Erie, PA (CT)",0,1402,1402,0,3320,3320
42049012100,"Erie, PA (CT)",3039,0,3039,7547,0,7547
42049012201,"Erie, PA (CT)",2077,370,2447,5240,825,6065
42049012202,"Erie, PA (CT)",0,2346,2346,0,6438,6438
42049012300,"Erie, PA (CT)",25,2326,2351,59,7724,7783
42049012400,"Erie, PA (CT)",27,845,872,12,1449,1461
42049980109,"Erie, PA (CT)",0,9,9,0,2211,2211
42049990000,"Erie, PA (CT)",0,0,0,0,0,0
42051260100,"Fayette, PA (CT)",393,2399,2792,875,4716,5591
42051260200,"Fayette, PA (CT)",2071,0,2071,4336,0,4336
42051260300,"Fayette, PA (CT)",733,895,1628,1739,2059,3798
42051260401,"Fayette, PA (CT)",811,217,1028,1945,448,2393
42051260402,"Fayette, PA (CT)",1621,444,2065,3609,964,4573
42051260500,"Fayette, PA (CT)",3057,0,3057,6519,0,6519
42051260600,"Fayette, PA (CT)",541,1425,1966,1236,3070,4306
42051260700,"Fayette, PA (CT)",0,1762,1762,0,3806,3806
42051260800,"Fayette, PA (CT)",0,2013,2013,0,3886,3886
42051260900,"Fayette, PA (CT)",993,966,1959,2384,2174,4558
42051261000,"Fayette, PA (CT)",1067,9,1076,2502,26,2528
42051261100,"Fayette, PA (CT)",1127,0,1127,2556,0,2556
42051261200,"Fayette, PA (CT)",0,1371,1371,0,2331,2331
42051261300,"Fayette, PA (CT)",1160,1115,2275,2452,4196,6648
42051261401,"Fayette, PA (CT)",581,658,1239,1253,1265,2518
42051261402,"Fayette, PA (CT)",1051,409,1460,2253,795,3048
42051261500,"Fayette, PA (CT)",1937,0,1937,4205,0,4205
42051261600,"Fayette, PA (CT)",532,763,1295,1169,1646,2815
42051261700,"Fayette, PA (CT)",58,1254,1312,125,2793,2918
42051261800,"Fayette, PA (CT)",131,1604,1735,257,3382,3639
42051261900,"Fayette, PA (CT)",0,1765,1765,0,3484,3484
42051262000,"Fayette, PA (CT)",139,1956,2095,325,4590,4915
42051262100,"Fayette, PA (CT)",0,1154,1154,0,2524,2524
42051262200,"Fayette, PA (CT)",0,1734,1734,0,3302,3302
42051262300,"Fayette, PA (CT)",0,1676,1676,0,3589,3589
42051262400,"Fayette, PA (CT)",103,1415,1518,226,3014,3240
42051262500,"Fayette, PA (CT)",617,864,1481,1331,2024,3355
42051262600,"Fayette, PA (CT)",634,707,1341,1487,1513,3000
42051262701,"Fayette, PA (CT)",1741,0,1741,3575,0,3575
42051262702,"Fayette, PA (CT)",1863,0,1863,3140,0,3140
42051262800,"Fayette, PA (CT)",1459,1546,3005,3500,3628,7128
42051262900,"Fayette, PA (CT)",1761,508,2269,4017,1080,5097
42051263000,"Fayette, PA (CT)",0,1572,1572,0,3450,3450
42051263100,"Fayette, PA (CT)",2562,35,2597,5799,72,5871
42051263200,"Fayette, PA (CT)",1048,0,1048,2334,0,2334
42051263300,"Fayette, PA (CT)",136,610,746,282,1348,1630
42053530100,"Forest, PA (CT)",3059,0,3059,4395,0,4395
42053530201,"Forest, PA (CT)",2104,0,2104,1461,0,1461
42053530300,"Forest, PA (CT)",3597,0,3597,1860,0,1860
42055010100,"Franklin, PA (CT)",1995,0,1995,4414,0,4414
42055010200,"Franklin, PA (CT)",1728,140,1868,4116,353,4469
42055010300,"Franklin, PA (CT)",1939,1755,3694,5190,4135,9325
42055010400,"Franklin, PA (CT)",910,2778,3688,2225,6046,8271
42055010500,"Franklin, PA (CT)",1307,2434,3741,2752,5677,8429
42055010600,"Franklin, PA (CT)",193,2391,2584,503,5924,6427
42055010700,"Franklin, PA (CT)",1918,1604,3522,4799,3305,8104
42055010800,"Franklin, PA (CT)",0,1891,1891,0,3754,3754
42055010900,"Franklin, PA (CT)",0,2054,2054,0,4537,4537
42055011000,"Franklin, PA (CT)",0,2150,2150,0,4888,4888
42055011100,"Franklin, PA (CT)",0,1723,1723,0,4131,4131
42055011200,"Franklin, PA (CT)",0,1268,1268,0,2958,2958
42055011301,"Franklin, PA (CT)",1043,1013,2056,2645,2466,5111
42055011302,"Franklin, PA (CT)",651,1656,2307,1604,4073,5677
42055011400,"Franklin, PA (CT)",1196,1142,2338,3160,2775,5935
42055011500,"Franklin, PA (CT)",2621,0,2621,5991,0,5991
42055011600,"Franklin, PA (CT)",2547,0,2547,6485,0,6485
42055011700,"Franklin, PA (CT)",1821,1229,3050,4987,3179,8166
42055011800,"Franklin, PA (CT)",0,1871,1871,0,3996,3996
42055011900,"Franklin, PA (CT)",1638,928,2566,4399,2328,6727
42055012000,"Franklin, PA (CT)",1323,1397,2720,3687,3559,7246
42055012100,"Franklin, PA (CT)",492,1245,1737,1304,2714,4018
42055012200,"Franklin, PA (CT)",0,1662,1662,0,3520,3520
42055012300,"Franklin, PA (CT)",0,2064,2064,0,4296,4296
42055012400,"Franklin, PA (CT)",0,1243,1243,0,2752,2752
42055012501,"Franklin, PA (CT)",787,1796,2583,1912,4347,6259
42055012502,"Franklin, PA (CT)",128,1548,1676,201,3531,3732
42057960100,"Fulton, PA (CT)",2294,0,2294,4689,0,4689
42057960200,"Fulton, PA (CT)",2642,0,2642,5396,0,5396
42057960300,"Fulton, PA (CT)",2186,0,2186,4760,0,4760
42059970100,"Greene, PA (CT)",1293,1960,3253,2940,4166,7106
42059970200,"Greene, PA (CT)",1458,0,1458,3085,0,3085
42059970300,"Greene, PA (CT)",2025,0,2025,4733,0,4733
42059970400,"Greene, PA (CT)",2119,0,2119,4290,0,4290
42059970501,"Greene, PA (CT)",458,565,1023,1345,3050,4395
42059970502,"Greene, PA (CT)",1111,671,1782,2540,1439,3979
42059970600,"Greene, PA (CT)",0,1687,1687,0,4176,4176
42059970700,"Greene, PA (CT)",1251,0,1251,2718,0,2718
42059970800,"Greene, PA (CT)",1862,0,1862,4204,0,4204
42061950100,"Huntingdon, PA (CT)",1240,0,1240,1803,0,1803
42061950200,"Huntingdon, PA (CT)",1656,45,1701,3487,86,3573
42061950300,"Huntingdon, PA (CT)",1804,458,2262,3824,4038,7862
42061950400,"Huntingdon, PA (CT)",131,2780,2911,261,6832,7093
42061950500,"Huntingdon, PA (CT)",1677,9,1686,3490,20,3510
42061950600,"Huntingdon, PA (CT)",2466,198,2664,3625,495,4120
42061950800,"Huntingdon, PA (CT)",2314,0,2314,3684,0,3684
42061950900,"Huntingdon, PA (CT)",0,1262,1262,0,2447,2447
42061951000,"Huntingdon, PA (CT)",1159,199,1358,2204,470,2674
42061951100,"Huntingdon, PA (CT)",1074,0,1074,2057,0,2057
42061951200,"Huntingdon, PA (CT)",2554,0,2554,4679,0,4679
42061951300,"Huntingdon, PA (CT)",1339,0,1339,2411,0,2411
42063960100,"Indiana, PA (CT)",1855,0,1855,4196,0,4196
42063960200,"Indiana, PA (CT)",1881,0,1881,5079,0,5079
42063960300,"Indiana, PA (CT)",1185,79,1264,2485,188,2673
42063960400,"Indiana, PA (CT)",1670,0,1670,3839,0,3839
42063960500,"Indiana, PA (CT)",1559,0,1559,3454,0,3454
42063960600,"Indiana, PA (CT)",2266,0,2266,5245,0,5245
42063960700,"Indiana, PA (CT)",265,3496,3761,613,6528,7141
42063960800,"Indiana, PA (CT)",899,823,1722,2026,1891,3917
42063960900,"Indiana, PA (CT)",738,1097,1835,1555,3208,4763
42063961000,"Indiana, PA (CT)",0,1097,1097,0,2188,2188
42063961101,"Indiana, PA (CT)",0,2178,2178,0,6480,6480
42063961102,"Indiana, PA (CT)",0,448,448,0,2873,2873
42063961200,"Indiana, PA (CT)",0,1186,1186,0,2434,2434
42063961300,"Indiana, PA (CT)",1799,0,1799,4122,0,4122
42063961400,"Indiana, PA (CT)",1398,0,1398,3361,0,3361
42063961500,"Indiana, PA (CT)",1762,0,1762,4172,0,4172
42063961600,"Indiana, PA (CT)",1462,684,2146,3266,1498,4764
42063961700,"Indiana, PA (CT)",0,843,843,0,1707,1707
42063961800,"Indiana, PA (CT)",800,0,800,1775,0,1775
42063961900,"Indiana, PA (CT)",2002,0,2002,4404,0,4404
42063962000,"Indiana, PA (CT)",589,1271,1860,1310,3083,4393
42063962100,"Indiana, PA (CT)",0,1772,1772,0,3412,3412
42063962200,"Indiana, PA (CT)",1132,0,1132,2488,0,2488
42065950100,"Jefferson, PA (CT)",0,996,996,0,2072,2072
42065950200,"Jefferson, PA (CT)",2119,271,2390,2571,619,3190
42065950300,"Jefferson, PA (CT)",2490,445,2935,4611,954,5565
42065950400,"Jefferson, PA (CT)",0,957,957,0,1913,1913
42065950500,"Jefferson, PA (CT)",0,990,990,0,2011,2011
42065950600,"Jefferson, PA (CT)",2517,196,2713,5219,618,5837
42065950700,"Jefferson, PA (CT)",0,1280,1280,0,2759,2759
42065950800,"Jefferson, PA (CT)",1727,45,1772,3699,80,3779
42065950900,"Jefferson, PA (CT)",1949,0,1949,4077,0,4077
42065951000,"Jefferson, PA (CT)",1736,0,1736,4230,0,4230
42065951100,"Jefferson, PA (CT)",1510,211,1721,3373,432,3805
42065951200,"Jefferson, PA (CT)",0,1653,1653,0,3296,3296
42065951300,"Jefferson, PA (CT)",0,1342,1342,0,2666,2666
42067070100,"Juniata, PA (CT)",2430,793,3223,5452,1773,7225
42067070201,"Juniata, PA (CT)",1288,0,1288,2025,0,2025
42067070202,"Juniata, PA (CT)",1829,969,2798,4053,2247,6300
42067070300,"Juniata, PA (CT)",1924,150,2074,4630,352,4982
42067070400,"Juniata, PA (CT)",1595,0,1595,4104,0,4104
42069100200,"Lackawanna, PA (CT)",0,1428,1428,0,2642,2642
42069100300,"Lackawanna, PA (CT)",0,911,911,0,4453,4453
42069100400,"Lackawanna, PA (CT)",0,980,980,0,2165,2165
42069100500,"Lackawanna, PA (CT)",0,1027,1027,0,1977,1977
42069100600,"Lackawanna, PA (CT)",0,1777,1777,0,4170,4170
42069100800,"Lackawanna, PA (CT)",0,1097,1097,0,2975,2975
42069100900,"Lackawanna, PA (CT)",0,730,730,0,1474,1474
42069101000,"Lackawanna, PA (CT)",0,1387,1387,0,3376,3376
42069101100,"Lackawanna, PA (CT)",0,1219,1219,0,2592,2592
42069101200,"Lackawanna, PA (CT)",0,1330,1330,0,3001,3001
42069101300,"Lackawanna, PA (CT)",0,1320,1320,0,2681,2681
42069101400,"Lackawanna, PA (CT)",0,1186,1186,0,2855,2855
42069101600,"Lackawanna, PA (CT)",0,1208,1208,0,2522,2522
42069101700,"Lackawanna, PA (CT)",0,1459,1459,0,3034,3034
42069101800,"Lackawanna, PA (CT)",30,1954,1984,61,4728,4789
42069101900,"Lackawanna, PA (CT)",0,713,713,0,1489,1489
42069102000,"Lackawanna, PA (CT)",0,1066,1066,0,2215,2215
42069102100,"Lackawanna, PA (CT)",0,1241,1241,0,2439,2439
42069102200,"Lackawanna, PA (CT)",0,1120,1120,0,2330,2330
42069102300,"Lackawanna, PA (CT)",0,1769,1769,0,3656,3656
42069102500,"Lackawanna, PA (CT)",0,1535,1535,0,3166,3166
42069102600,"Lackawanna, PA (CT)",0,1182,1182,0,2434,2434
42069102700,"Lackawanna, PA (CT)",0,1260,1260,0,2747,2747
42069102800,"Lackawanna, PA (CT)",166,1335,1501,468,2592,3060
42069102900,"Lackawanna, PA (CT)",0,1774,1774,0,4160,4160
42069103000,"Lackawanna, PA (CT)",0,967,967,0,2141,2141
42069103100,"Lackawanna, PA (CT)",0,682,682,0,1546,1546
42069110100,"Lackawanna, PA (CT)",258,1127,1385,620,2309,2929
42069110201,"Lackawanna, PA (CT)",2061,0,2061,4013,0,4013
42069110202,"Lackawanna, PA (CT)",2076,184,2260,4462,443,4905
42069110300,"Lackawanna, PA (CT)",1045,723,1768,2397,1638,4035
42069110401,"Lackawanna, PA (CT)",78,2629,2707,200,6485,6685
42069110402,"Lackawanna, PA (CT)",297,777,1074,683,1881,2564
42069110403,"Lackawanna, PA (CT)",77,1026,1103,190,2775,2965
42069110500,"Lackawanna, PA (CT)",0,2352,2352,0,5194,5194
42069110600,"Lackawanna, PA (CT)",217,1078,1295,519,2403,2922
42069110700,"Lackawanna, PA (CT)",0,1050,1050,0,2228,2228
42069110800,"Lackawanna, PA (CT)",0,1696,1696,0,3568,3568
42069110900,"Lackawanna, PA (CT)",0,1398,1398,0,3095,3095
42069111000,"Lackawanna, PA (CT)",0,1017,1017,0,2169,2169
42069111100,"Lackawanna, PA (CT)",386,2566,2952,905,6079,6984
42069111200,"Lackawanna, PA (CT)",13,3011,3024,29,6535,6564
42069111300,"Lackawanna, PA (CT)",10,2124,2134,17,4659,4676
42069111400,"Lackawanna, PA (CT)",5,2516,2521,8,5143,5151
42069111500,"Lackawanna, PA (CT)",0,1628,1628,0,3481,3481
42069111600,"Lackawanna, PA (CT)",30,1263,1293,66,2523,2589
42069111700,"Lackawanna, PA (CT)",1,1936,1937,7,4081,4088
42069111800,"Lackawanna, PA (CT)",2487,1107,3594,5752,2806,8558
42069112000,"Lackawanna, PA (CT)",0,1786,1786,0,4563,4563
42069112100,"Lackawanna, PA (CT)",85,2118,2203,125,4134,4259
42069112200,"Lackawanna, PA (CT)",0,1176,1176,0,2584,2584
42069112300,"Lackawanna, PA (CT)",0,1365,1365,0,2651,2651
42069112400,"Lackawanna, PA (CT)",1592,50,1642,3955,311,4266
42069112500,"Lackawanna, PA (CT)",51,2740,2791,126,6137,6263
42069112600,"Lackawanna, PA (CT)",0,2649,2649,0,5463,5463
42069112700,"Lackawanna, PA (CT)",0,1391,1391,0,2850,2850
42069112800,"Lackawanna, PA (CT)",0,2500,2500,0,5719,5719
42069112901,"Lackawanna, PA (CT)",1961,0,1961,4185,0,4185
42069112902,"Lackawanna, PA (CT)",3261,5,3266,6177,5,6182
42071000100,"Lancaster, PA (CT)",0,1387,1387,0,2530,2530
42071000200,"Lancaster, PA (CT)",0,1170,1170,0,2948,2948
42071000300,"Lancaster, PA (CT)",0,2012,2012,0,5012,5012
42071000400,"Lancaster, PA (CT)",0,2209,2209,0,4444,4444
42071000500,"Lancaster, PA (CT)",0,1699,1699,0,4481,4481
42071000600,"Lancaster, PA (CT)",0,1727,1727,0,3306,3306
42071000700,"Lancaster, PA (CT)",0,1275,1275,0,3957,3957
42071000800,"Lancaster, PA (CT)",0,1265,1265,0,3794,3794
42071000900,"Lancaster, PA (CT)",0,1465,1465,0,3757,3757
42071001000,"Lancaster, PA (CT)",0,1437,1437,0,4018,4018
42071001100,"Lancaster, PA (CT)",0,1346,1346,0,3376,3376
42071001200,"Lancaster, PA (CT)",0,2009,2009,0,4693,4693
42071001400,"Lancaster, PA (CT)",0,1775,1775,0,5318,5318
42071010101,"Lancaster, PA (CT)",781,1767,2548,2352,4928,7280
42071010102,"Lancaster, PA (CT)",0,1488,1488,0,3861,3861
42071010201,"Lancaster, PA (CT)",974,743,1717,2671,2107,4778
42071010202,"Lancaster, PA (CT)",525,1470,1995,1457,3959,5416
42071010300,"Lancaster, PA (CT)",678,2807,3485,2075,6714,8789
42071010400,"Lancaster, PA (CT)",0,2114,2114,0,4858,4858
42071010501,"Lancaster, PA (CT)",1460,183,1643,3974,353,4327
42071010502,"Lancaster, PA (CT)",956,1600,2556,2736,3379,6115
42071010600,"Lancaster, PA (CT)",1430,2332,3762,3925,5928,9853
42071010701,"Lancaster, PA (CT)",0,2501,2501,0,5875,5875
42071010702,"Lancaster, PA (CT)",0,2026,2026,0,5690,5690
42071010801,"Lancaster, PA (CT)",433,2880,3313,1165,7095,8260
42071010802,"Lancaster, PA (CT)",757,487,1244,1958,1236,3194
42071010900,"Lancaster, PA (CT)",0,3349,3349,0,7410,7410
42071011000,"Lancaster, PA (CT)",0,1177,1177,0,2588,2588
42071011100,"Lancaster, PA (CT)",853,2168,3021,2404,5351,7755
42071011200,"Lancaster, PA (CT)",0,873,873,0,1947,1947
42071011300,"Lancaster, PA (CT)",0,1827,1827,0,4134,4134
42071011400,"Lancaster, PA (CT)",0,1972,1972,0,4319,4319
42071011502,"Lancaster, PA (CT)",7,2271,2278,13,5913,5926
42071011503,"Lancaster, PA (CT)",0,2085,2085,0,5288,5288
42071011504,"Lancaster, PA (CT)",39,3054,3093,75,7666,7741
42071011600,"Lancaster, PA (CT)",156,2179,2335,434,5513,5947
42071011701,"Lancaster, PA (CT)",0,2141,2141,0,4779,4779
42071011703,"Lancaster, PA (CT)",16,3000,3016,43,7512,7555
42071011704,"Lancaster, PA (CT)",0,1677,1677,0,4340,4340
42071011705,"Lancaster, PA (CT)",0,2664,2664,0,5407,5407
42071011801,"Lancaster, PA (CT)",0,1140,1140,0,3025,3025
42071011802,"Lancaster, PA (CT)",0,2532,2532,0,5642,5642
42071011803,"Lancaster, PA (CT)",0,2608,2608,0,5752,5752
42071011804,"Lancaster, PA (CT)",0,3228,3228,0,8211,8211
42071011805,"Lancaster, PA (CT)",0,1070,1070,0,2665,2665
42071011901,"Lancaster, PA (CT)",0,2033,2033,0,5486,5486
42071011902,"Lancaster, PA (CT)",26,3289,3315,95,7568,7663
42071012001,"Lancaster, PA (CT)",0,2449,2449,0,5486,5486
42071012002,"Lancaster, PA (CT)",0,1676,1676,0,3883,3883
42071012102,"Lancaster, PA (CT)",118,2831,2949,331,7286,7617
42071012103,"Lancaster, PA (CT)",34,1584,1618,84,4016,4100
42071012104,"Lancaster, PA (CT)",145,2225,2370,413,5653,6066
42071012200,"Lancaster, PA (CT)",0,3020,3020,0,7093,7093
42071012301,"Lancaster, PA (CT)",0,1379,1379,0,3174,3174
42071012302,"Lancaster, PA (CT)",0,1384,1384,0,3127,3127
42071012402,"Lancaster, PA (CT)",0,1696,1696,0,3894,3894
42071012403,"Lancaster, PA (CT)",198,1463,1661,611,3564,4175
42071012404,"Lancaster, PA (CT)",495,1376,1871,1547,3660,5207
42071012501,"Lancaster, PA (CT)",509,2354,2863,1336,6225,7561
42071012502,"Lancaster, PA (CT)",243,1533,1776,759,3762,4521
42071012601,"Lancaster, PA (CT)",983,1461,2444,3041,4158,7199
42071012602,"Lancaster, PA (CT)",1477,55,1532,4604,144,4748
42071012700,"Lancaster, PA (CT)",1092,1565,2657,3629,4173,7802
42071012800,"Lancaster, PA (CT)",0,2341,2341,0,5378,5378
42071012900,"Lancaster, PA (CT)",1067,1413,2480,3696,3328,7024
42071013000,"Lancaster, PA (CT)",742,1936,2678,2548,5320,7868
42071013101,"Lancaster, PA (CT)",537,1259,1796,1875,3125,5000
42071013102,"Lancaster, PA (CT)",235,1035,1270,931,2777,3708
42071013202,"Lancaster, PA (CT)",0,2346,2346,0,5710,5710
42071013203,"Lancaster, PA (CT)",136,1879,2015,393,4601,4994
42071013204,"Lancaster, PA (CT)",455,2354,2809,1315,5309,6624
42071013301,"Lancaster, PA (CT)",0,1726,1726,0,4265,4265
42071013303,"Lancaster, PA (CT)",262,1895,2157,697,3928,4625
42071013304,"Lancaster, PA (CT)",265,2944,3209,780,6667,7447
42071013400,"Lancaster, PA (CT)",0,1063,1063,0,3080,3080
42071013501,"Lancaster, PA (CT)",113,3599,3712,227,8468,8695
42071013502,"Lancaster, PA (CT)",0,2031,2031,0,4229,4229
42071013503,"Lancaster, PA (CT)",0,1089,1089,0,2484,2484
42071013601,"Lancaster, PA (CT)",0,632,632,0,3045,3045
42071013602,"Lancaster, PA (CT)",0,1987,1987,0,5565,5565
42071013701,"Lancaster, PA (CT)",0,2098,2098,0,4740,4740
42071013702,"Lancaster, PA (CT)",418,3383,3801,1065,8110,9175
42071013800,"Lancaster, PA (CT)",1264,236,1500,3191,624,3815
42071013901,"Lancaster, PA (CT)",344,1390,1734,971,3634,4605
42071013902,"Lancaster, PA (CT)",1019,489,1508,2494,1282,3776
42071014000,"Lancaster, PA (CT)",729,1794,2523,2407,4584,6991
42071014101,"Lancaster, PA (CT)",995,608,1603,3737,1483,5220
42071014102,"Lancaster, PA (CT)",801,924,1725,2685,2446,5131
42071014201,"Lancaster, PA (CT)",1546,50,1596,5251,157,5408
42071014202,"Lancaster, PA (CT)",806,985,1791,3038,2616,5654
42071014300,"Lancaster, PA (CT)",1536,751,2287,5353,2304,7657
42071014401,"Lancaster, PA (CT)",1063,1588,2651,3003,3894,6897
42071014402,"Lancaster, PA (CT)",571,1161,1732,1815,2855,4670
42071014501,"Lancaster, PA (CT)",1920,0,1920,5190,0,5190
42071014502,"Lancaster, PA (CT)",1992,0,1992,5634,0,5634
42071014601,"Lancaster, PA (CT)",902,502,1404,2650,1141,3791
42071014602,"Lancaster, PA (CT)",2465,0,2465,7741,0,7741
42071014700,"Lancaster, PA (CT)",0,1334,1334,0,4446,4446
42073000100,"Lawrence, PA (CT)",0,2048,2048,0,4370,4370
42073000200,"Lawrence, PA (CT)",0,991,991,0,1976,1976
42073000300,"Lawrence, PA (CT)",0,1968,1968,0,3975,3975
42073000400,"Lawrence, PA (CT)",0,1095,1095,0,1981,1981
42073000600,"Lawrence, PA (CT)",0,506,506,0,1284,1284
42073000700,"Lawrence, PA (CT)",0,884,884,0,2032,2032
42073000800,"Lawrence, PA (CT)",0,2000,2000,0,4131,4131
42073000900,"Lawrence, PA (CT)",0,972,972,0,1825,1825
42073001000,"Lawrence, PA (CT)",0,840,840,0,1699,1699
42073010100,"Lawrence, PA (CT)",1726,0,1726,4127,0,4127
42073010201,"Lawrence, PA (CT)",686,963,1649,1361,2032,3393
42073010202,"Lawrence, PA (CT)",1995,101,2096,4949,236,5185
42073010300,"Lawrence, PA (CT)",0,626,626,0,2466,2466
42073010400,"Lawrence, PA (CT)",1458,0,1458,3452,0,3452
42073010500,"Lawrence, PA (CT)",1199,211,1410,2649,434,3083
42073010600,"Lawrence, PA (CT)",457,678,1135,954,1396,2350
42073010700,"Lawrence, PA (CT)",0,1271,1271,0,2867,2867
42073010800,"Lawrence, PA (CT)",427,2386,2813,1083,5133,6216
42073010900,"Lawrence, PA (CT)",1333,67,1400,3163,120,3283
42073011000,"Lawrence, PA (CT)",675,1493,2168,1642,3389,5031
42073011100,"Lawrence, PA (CT)",331,1501,1832,760,3422,4182
42073011200,"Lawrence, PA (CT)",1074,0,1074,2481,0,2481
42073011300,"Lawrence, PA (CT)",1904,34,1938,4407,80,4487
42073011400,"Lawrence, PA (CT)",1007,0,1007,2219,0,2219
42073011500,"Lawrence, PA (CT)",1501,309,1810,3486,690,4176
42073011600,"Lawrence, PA (CT)",0,1896,1896,0,4141,4141
42073011700,"Lawrence, PA (CT)",0,953,953,0,2145,2145
42073011800,"Lawrence, PA (CT)",0,1409,1409,0,2551,2551
42075000100,"Lebanon, PA (CT)",0,2391,2391,0,4810,4810
42075000200,"Lebanon, PA (CT)",0,2325,2325,0,4990,4990
42075000300,"Lebanon, PA (CT)",0,1749,1749,0,4336,4336
42075000401,"Lebanon, PA (CT)",0,1699,1699,0,3965,3965
42075000402,"Lebanon, PA (CT)",0,1543,1543,0,3776,3776
42075000500,"Lebanon, PA (CT)",0,1571,1571,0,3600,3600
42075002000,"Lebanon, PA (CT)",957,377,1334,2230,921,3151
42075002100,"Lebanon, PA (CT)",1944,0,1944,5007,0,5007
42075002200,"Lebanon, PA (CT)",802,1709,2511,2022,4438,6460
42075002300,"Lebanon, PA (CT)",1085,14,1099,2755,46,2801
42075002400,"Lebanon, PA (CT)",968,19,987,2338,43,2381
42075002500,"Lebanon, PA (CT)",0,1652,1652,0,4767,4767
42075002600,"Lebanon, PA (CT)",0,902,902,0,2080,2080
42075002701,"Lebanon, PA (CT)",318,1980,2298,792,5092,5884
42075002702,"Lebanon, PA (CT)",546,1817,2363,1304,4241,5545
42075002800,"Lebanon, PA (CT)",1017,2313,3330,2930,5233,8163
42075002900,"Lebanon, PA (CT)",0,1348,1348,0,3062,3062
42075003000,"Lebanon, PA (CT)",575,1536,2111,1696,3715,5411
42075003100,"Lebanon, PA (CT)",1332,112,1444,3772,297,4069
42075003200,"Lebanon, PA (CT)",323,1380,1703,921,3389,4310
42075003300,"Lebanon, PA (CT)",0,794,794,0,2700,2700
42075003400,"Lebanon, PA (CT)",0,1107,1107,0,2453,2453
42075003500,"Lebanon, PA (CT)",252,1787,2039,765,4221,4986
42075003600,"Lebanon, PA (CT)",0,1389,1389,0,3348,3348
42075003700,"Lebanon, PA (CT)",771,382,1153,1980,870,2850
42075003800,"Lebanon, PA (CT)",337,3058,3395,820,7248,8068
42075003901,"Lebanon, PA (CT)",0,1661,1661,0,3500,3500
42075003902,"Lebanon, PA (CT)",0,1783,1783,0,3820,3820
42075004000,"Lebanon, PA (CT)",1225,1606,2831,2897,4094,6991
42075004100,"Lebanon, PA (CT)",944,306,1250,1473,699,2172
42075004200,"Lebanon, PA (CT)",809,1077,1886,1768,2344,4112
42077000101,"Lehigh, PA (CT)",0,1801,1801,0,3661,3661
42077000102,"Lehigh, PA (CT)",0,1644,1644,0,4150,4150
42077000400,"Lehigh, PA (CT)",0,1284,1284,0,3548,3548
42077000500,"Lehigh, PA (CT)",0,849,849,0,2646,2646
42077000600,"Lehigh, PA (CT)",0,2298,2298,0,6243,6243
42077000700,"Lehigh, PA (CT)",0,1300,1300,0,4056,4056
42077000800,"Lehigh, PA (CT)",0,1358,1358,0,4083,4083
42077000900,"Lehigh, PA (CT)",0,631,631,0,1852,1852
42077001000,"Lehigh, PA (CT)",0,1190,1190,0,3151,3151
42077001200,"Lehigh, PA (CT)",0,645,645,0,2463,2463
42077001401,"Lehigh, PA (CT)",0,3011,3011,0,7226,7226
42077001402,"Lehigh, PA (CT)",0,1013,1013,0,2143,2143
42077001501,"Lehigh, PA (CT)",0,2617,2617,0,6625,6625
42077001502,"Lehigh, PA (CT)",0,3016,3016,0,6612,6612
42077001600,"Lehigh, PA (CT)",0,1265,1265,0,3822,3822
42077001700,"Lehigh, PA (CT)",0,1583,1583,0,4872,4872
42077001800,"Lehigh, PA (CT)",0,1949,1949,0,4621,4621
42077001900,"Lehigh, PA (CT)",0,1994,1994,0,4459,4459
42077002000,"Lehigh, PA (CT)",0,2062,2062,0,5151,5151
42077002100,"Lehigh, PA (CT)",0,2951,2951,0,7023,7023
42077002201,"Lehigh, PA (CT)",0,2075,2075,0,4379,4379
42077002202,"Lehigh, PA (CT)",0,987,987,0,4183,4183
42077002301,"Lehigh, PA (CT)",0,3406,3406,0,7134,7134
42077002302,"Lehigh, PA (CT)",0,1240,1240,0,3034,3034
42077005100,"Lehigh, PA (CT)",0,1931,1931,0,4232,4232
42077005200,"Lehigh, PA (CT)",1023,1732,2755,2486,4138,6624
42077005301,"Lehigh, PA (CT)",1129,198,1327,2879,537,3416
42077005302,"Lehigh, PA (CT)",1692,0,1692,4229,0,4229
42077005401,"Lehigh, PA (CT)",752,84,836,1955,218,2173
42077005402,"Lehigh, PA (CT)",1432,409,1841,3769,1154,4923
42077005503,"Lehigh, PA (CT)",44,1444,1488,128,3964,4092
42077005504,"Lehigh, PA (CT)",121,1642,1763,327,4229,4556
42077005505,"Lehigh, PA (CT)",0,1258,1258,0,3261,3261
42077005506,"Lehigh, PA (CT)",0,1491,1491,0,3794,3794
42077005601,"Lehigh, PA (CT)",4,2048,2052,10,4902,4912
42077005602,"Lehigh, PA (CT)",0,2187,2187,0,5170,5170
42077005702,"Lehigh, PA (CT)",0,2126,2126,0,4488,4488
42077005703,"Lehigh, PA (CT)",0,1492,1492,0,3440,3440
42077005704,"Lehigh, PA (CT)",0,1423,1423,0,3201,3201
42077005705,"Lehigh, PA (CT)",0,2343,2343,0,5527,5527
42077005800,"Lehigh, PA (CT)",0,1501,1501,0,3192,3192
42077005901,"Lehigh, PA (CT)",0,2792,2792,0,6436,6436
42077005902,"Lehigh, PA (CT)",0,751,751,0,1571,1571
42077006001,"Lehigh, PA (CT)",48,1871,1919,124,4405,4529
42077006002,"Lehigh, PA (CT)",332,2019,2351,798,4980,5778
42077006101,"Lehigh, PA (CT)",0,1645,1645,0,3688,3688
42077006102,"Lehigh, PA (CT)",0,2265,2265,0,5185,5185
42077006202,"Lehigh, PA (CT)",457,3221,3678,1149,7467,8616
42077006203,"Lehigh, PA (CT)",0,2743,2743,0,7329,7329
42077006204,"Lehigh, PA (CT)",67,1355,1422,196,3922,4118
42077006302,"Lehigh, PA (CT)",201,2338,2539,492,6407,6899
42077006303,"Lehigh, PA (CT)",0,1493,1493,0,3074,3074
42077006304,"Lehigh, PA (CT)",0,1569,1569,0,3946,3946
42077006305,"Lehigh, PA (CT)",0,2546,2546,0,6617,6617
42077006307,"Lehigh, PA (CT)",0,3387,3387,0,8327,8327
42077006308,"Lehigh, PA (CT)",0,2779,2779,0,7205,7205
42077006401,"Lehigh, PA (CT)",293,971,1264,667,2122,2789
42077006402,"Lehigh, PA (CT)",903,964,1867,2225,2567,4792
42077006500,"Lehigh, PA (CT)",0,2669,2669,0,5626,5626
42077006600,"Lehigh, PA (CT)",0,2323,2323,0,5296,5296
42077006701,"Lehigh, PA (CT)",0,1943,1943,0,4917,4917
42077006702,"Lehigh, PA (CT)",337,894,1231,607,2186,2793
42077006703,"Lehigh, PA (CT)",0,2421,2421,0,5795,5795
42077006800,"Lehigh, PA (CT)",0,1998,1998,0,4597,4597
42077006902,"Lehigh, PA (CT)",0,985,985,0,2386,2386
42077006903,"Lehigh, PA (CT)",487,1602,2089,1208,5187,6395
42077006905,"Lehigh, PA (CT)",251,1393,1644,669,3778,4447
42077006906,"Lehigh, PA (CT)",548,981,1529,1427,2539,3966
42077007000,"Lehigh, PA (CT)",914,503,1417,2355,1420,3775
42077009100,"Lehigh, PA (CT)",0,1774,1774,0,3717,3717
42077009200,"Lehigh, PA (CT)",0,1826,1826,0,3768,3768
42077009300,"Lehigh, PA (CT)",0,1498,1498,0,3246,3246
42077009400,"Lehigh, PA (CT)",0,1643,1643,0,3972,3972
42077009500,"Lehigh, PA (CT)",0,2186,2186,0,4640,4640
42077009600,"Lehigh, PA (CT)",0,2975,2975,0,7344,7344
42077009700,"Lehigh, PA (CT)",0,1777,1777,0,3551,3551
42079200100,"Luzerne, PA (CT)",0,971,971,0,2867,2867
42079200200,"Luzerne, PA (CT)",0,1665,1665,0,3630,3630
42079200300,"Luzerne, PA (CT)",0,805,805,0,1818,1818
42079200400,"Luzerne, PA (CT)",0,1200,1200,0,2523,2523
42079200500,"Luzerne, PA (CT)",0,1503,1503,0,2703,2703
42079200600,"Luzerne, PA (CT)",0,1025,1025,0,2192,2192
42079200700,"Luzerne, PA (CT)",0,1645,1645,0,3401,3401
42079200800,"Luzerne, PA (CT)",0,1771,1771,0,3705,3705
42079200900,"Luzerne, PA (CT)",0,1698,1698,0,3178,3178
42079201000,"Luzerne, PA (CT)",0,1292,1292,0,2519,2519
42079201100,"Luzerne, PA (CT)",0,613,613,0,1252,1252
42079201200,"Luzerne, PA (CT)",0,816,816,0,2303,2303
42079201300,"Luzerne, PA (CT)",0,1001,1001,0,1997,1997
42079201400,"Luzerne, PA (CT)",0,1118,1118,0,2262,2262
42079201500,"Luzerne, PA (CT)",0,1053,1053,0,2315,2315
42079201600,"Luzerne, PA (CT)",0,1419,1419,0,2833,2833
42079210100,"Luzerne, PA (CT)",318,1104,1422,817,2551,3368
42079210200,"Luzerne, PA (CT)",0,1372,1372,0,2711,2711
42079210300,"Luzerne, PA (CT)",0,1235,1235,0,2661,2661
42079210400,"Luzerne, PA (CT)",0,652,652,0,1392,1392
42079210500,"Luzerne, PA (CT)",40,2258,2298,70,4847,4917
42079210600,"Luzerne, PA (CT)",0,680,680,0,1196,1196
42079210700,"Luzerne, PA (CT)",0,818,818,0,1831,1831
42079210800,"Luzerne, PA (CT)",0,1646,1646,0,3196,3196
42079210900,"Luzerne, PA (CT)",0,763,763,0,1516,1516
42079211000,"Luzerne, PA (CT)",0,2377,2377,0,4868,4868
42079211101,"Luzerne, PA (CT)",142,2484,2626,368,5284,5652
42079211102,"Luzerne, PA (CT)",991,16,1007,2334,44,2378
42079211201,"Luzerne, PA (CT)",0,1209,1209,0,2804,2804
42079211203,"Luzerne, PA (CT)",733,0,733,1757,0,1757
42079211204,"Luzerne, PA (CT)",619,1784,2403,1448,4872,6320
42079211205,"Luzerne, PA (CT)",307,904,1211,764,1922,2686
42079211301,"Luzerne, PA (CT)",582,449,1031,1434,3212,4646
42079211302,"Luzerne, PA (CT)",1211,366,1577,2631,865,3496
42079211303,"Luzerne, PA (CT)",670,1201,1871,1093,1698,2791
42079211304,"Luzerne, PA (CT)",878,0,878,2049,0,2049
42079211400,"Luzerne, PA (CT)",487,2496,2983,1160,5839,6999
42079211500,"Luzerne, PA (CT)",235,1018,1253,544,2181,2725
42079211600,"Luzerne, PA (CT)",0,1567,1567,0,3073,3073
42079211701,"Luzerne, PA (CT)",134,2183,2317,299,4750,5049
42079211702,"Luzerne, PA (CT)",0,647,647,0,1487,1487
42079211800,"Luzerne, PA (CT)",204,618,822,442,1444,1886
42079211900,"Luzerne, PA (CT)",0,3025,3025,0,6147,6147
42079212000,"Luzerne, PA (CT)",0,926,926,0,1928,1928
42079212100,"Luzerne, PA (CT)",0,2074,2074,0,4214,4214
42079212200,"Luzerne, PA (CT)",0,2429,2429,0,5062,5062
42079212300,"Luzerne, PA (CT)",0,1512,1512,0,2845,2845
42079212700,"Luzerne, PA (CT)",0,2646,2646,0,5158,5158
42079212800,"Luzerne, PA (CT)",0,1690,1690,0,3530,3530
42079212900,"Luzerne, PA (CT)",0,657,657,0,1379,1379
42079213000,"Luzerne, PA (CT)",0,708,708,0,1405,1405
42079213100,"Luzerne, PA (CT)",0,797,797,0,1710,1710
42079213200,"Luzerne, PA (CT)",0,2506,2506,0,4816,4816
42079213300,"Luzerne, PA (CT)",0,776,776,0,1711,1711
42079213400,"Luzerne, PA (CT)",236,1746,1982,532,3948,4480
42079213600,"Luzerne, PA (CT)",0,1259,1259,0,2271,2271
42079213700,"Luzerne, PA (CT)",0,1078,1078,0,2074,2074
42079213800,"Luzerne, PA (CT)",0,803,803,0,1606,1606
42079213900,"Luzerne, PA (CT)",347,547,894,736,1076,1812
42079214000,"Luzerne, PA (CT)",0,593,593,0,1044,1044
42079214100,"Luzerne, PA (CT)",0,1353,1353,0,2526,2526
42079214200,"Luzerne, PA (CT)",0,1459,1459,0,2833,2833
42079214300,"Luzerne, PA (CT)",0,934,934,0,2024,2024
42079214400,"Luzerne, PA (CT)",0,1020,1020,0,2038,2038
42079214500,"Luzerne, PA (CT)",0,849,849,0,1687,1687
42079214600,"Luzerne, PA (CT)",0,1917,1917,0,3943,3943
42079214900,"Luzerne, PA (CT)",85,638,723,184,1272,1456
42079215000,"Luzerne, PA (CT)",0,730,730,0,1573,1573
42079215100,"Luzerne, PA (CT)",0,1383,1383,0,2790,2790
42079215200,"Luzerne, PA (CT)",0,1545,1545,0,2967,2967
42079215300,"Luzerne, PA (CT)",2016,0,2016,3966,0,3966
42079215400,"Luzerne, PA (CT)",1331,0,1331,2530,0,2530
42079215501,"Luzerne, PA (CT)",168,1578,1746,416,4104,4520
42079215502,"Luzerne, PA (CT)",598,1610,2208,1415,4236,5651
42079215503,"Luzerne, PA (CT)",579,733,1312,1540,1795,3335
42079215504,"Luzerne, PA (CT)",1432,338,1770,3398,584,3982
42079215600,"Luzerne, PA (CT)",493,1651,2144,2170,3204,5374
42079215701,"Luzerne, PA (CT)",1003,0,1003,2443,0,2443
42079215702,"Luzerne, PA (CT)",917,0,917,2042,0,2042
42079215800,"Luzerne, PA (CT)",1387,0,1387,2937,0,2937
42079215900,"Luzerne, PA (CT)",1679,0,1679,3747,0,3747
42079216000,"Luzerne, PA (CT)",440,0,440,838,0,838
42079216100,"Luzerne, PA (CT)",830,1155,1985,1733,2521,4254
42079216200,"Luzerne, PA (CT)",1777,738,2515,3868,1519,5387
42079216400,"Luzerne, PA (CT)",1079,0,1079,2016,0,2016
42079216501,"Luzerne, PA (CT)",0,864,864,0,1914,1914
42079216502,"Luzerne, PA (CT)",1227,332,1559,2949,1262,4211
42079216600,"Luzerne, PA (CT)",1340,2524,3864,3185,6036,9221
42079216700,"Luzerne, PA (CT)",0,1760,1760,0,3531,3531
42079216800,"Luzerne, PA (CT)",1509,518,2027,2480,1085,3565
42079216900,"Luzerne, PA (CT)",543,1546,2089,1115,3428,4543
42079217001,"Luzerne, PA (CT)",508,577,1085,682,1199,1881
42079217002,"Luzerne, PA (CT)",0,1356,1356,0,3125,3125
42079217100,"Luzerne, PA (CT)",0,1586,1586,0,3309,3309
42079217200,"Luzerne, PA (CT)",0,1494,1494,0,3223,3223
42079217300,"Luzerne, PA (CT)",0,1563,1563,0,3554,3554
42079217400,"Luzerne, PA (CT)",0,746,746,0,1605,1605
42079217500,"Luzerne, PA (CT)",0,1181,1181,0,2755,2755
42079217600,"Luzerne, PA (CT)",0,1274,1274,0,2866,2866
42079217700,"Luzerne, PA (CT)",0,2076,2076,0,4499,4499
42079217800,"Luzerne, PA (CT)",0,1489,1489,0,3529,3529
42079217900,"Luzerne, PA (CT)",0,2072,2072,0,4589,4589
42079218000,"Luzerne, PA (CT)",0,1867,1867,0,3990,3990
42079980100,"Luzerne, PA (CT)",2,1,3,3,2,5
42081000100,"Lycoming, PA (CT)",0,1453,1453,0,3184,3184
42081000200,"Lycoming, PA (CT)",0,940,940,0,2271,2271
42081000300,"Lycoming, PA (CT)",0,2826,2826,0,5959,5959
42081000400,"Lycoming, PA (CT)",0,2377,2377,0,4373,4373
42081000500,"Lycoming, PA (CT)",0,886,886,0,2900,2900
42081000600,"Lycoming, PA (CT)",0,1354,1354,0,2734,2734
42081000800,"Lycoming, PA (CT)",0,560,560,0,2380,2380
42081000900,"Lycoming, PA (CT)",0,1061,1061,0,2509,2509
42081001000,"Lycoming, PA (CT)",0,1407,1407,0,3071,3071
42081010100,"Lycoming, PA (CT)",1549,0,1549,2339,0,2339
42081010200,"Lycoming, PA (CT)",1630,0,1630,1049,0,1049
42081010300,"Lycoming, PA (CT)",1276,148,1424,3006,347,3353
42081010400,"Lycoming, PA (CT)",1821,524,2345,4161,1066,5227
42081010500,"Lycoming, PA (CT)",2813,43,2856,5692,106,5798
42081010600,"Lycoming, PA (CT)",2073,0,2073,4331,0,4331
42081010700,"Lycoming, PA (CT)",970,1713,2683,2326,3768,6094
42081010800,"Lycoming, PA (CT)",1216,1868,3084,2864,4176,7040
42081010900,"Lycoming, PA (CT)",669,524,1193,1610,1182,2792
42081011000,"Lycoming, PA (CT)",1,2150,2151,2,4613,4615
42081011100,"Lycoming, PA (CT)",1,2679,2680,2,5540,5542
42081011200,"Lycoming, PA (CT)",1263,997,2260,3214,2270,5484
42081011301,"Lycoming, PA (CT)",640,325,965,1482,718,2200
42081011302,"Lycoming, PA (CT)",591,1644,2235,1411,3527,4938
42081011400,"Lycoming, PA (CT)",523,226,749,1128,553,1681
42081011601,"Lycoming, PA (CT)",0,537,537,0,1205,1205
42081011602,"Lycoming, PA (CT)",0,2935,2935,0,6379,6379
42081011700,"Lycoming, PA (CT)",1490,1003,2493,3560,3867,7427
42081011800,"Lycoming, PA (CT)",1266,2,1268,3270,4,3274
42081011900,"Lycoming, PA (CT)",280,2246,2526,674,5288,5962
42083420100,"McKean, PA (CT)",945,683,1628,1962,1453,3415
42083420200,"McKean, PA (CT)",0,1690,1690,0,3329,3329
42083420300,"McKean, PA (CT)",0,1189,1189,0,2713,2713
42083420400,"McKean, PA (CT)",0,1278,1278,0,2728,2728
42083420500,"McKean, PA (CT)",1193,218,1411,2695,503,3198
42083420600,"McKean, PA (CT)",2626,0,2626,5556,0,5556
42083420700,"McKean, PA (CT)",2198,0,2198,4353,0,4353
42083420800,"McKean, PA (CT)",2188,0,2188,4044,0,4044
42083420900,"McKean, PA (CT)",1701,0,1701,2183,0,2183
42083421000,"McKean, PA (CT)",1605,281,1886,4631,1347,5978
42083421100,"McKean, PA (CT)",1013,1220,2233,1307,2256,3563
42083421200,"McKean, PA (CT)",505,692,1197,876,1514,2390
42085030100,"Mercer, PA (CT)",0,1033,1033,0,2100,2100
42085030300,"Mercer, PA (CT)",0,1743,1743,0,3449,3449
42085030400,"Mercer, PA (CT)",0,1303,1303,0,2690,2690
42085030500,"Mercer, PA (CT)",0,1233,1233,0,2420,2420
42085030900,"Mercer, PA (CT)",0,1483,1483,0,2942,2942
42085031100,"Mercer, PA (CT)",0,809,809,0,1655,1655
42085031200,"Mercer, PA (CT)",1026,1385,2411,2236,3148,5384
42085031300,"Mercer, PA (CT)",646,563,1209,1528,1099,2627
42085031400,"Mercer, PA (CT)",9,2838,2847,22,5377,5399
42085031700,"Mercer, PA (CT)",0,1104,1104,0,2516,2516
42085031800,"Mercer, PA (CT)",2476,0,2476,5006,0,5006
42085031900,"Mercer, PA (CT)",1128,941,2069,2564,2148,4712
42085032000,"Mercer, PA (CT)",2002,349,2351,4392,854,5246
42085032100,"Mercer, PA (CT)",0,1250,1250,0,3187,3187
42085032200,"Mercer, PA (CT)",0,1317,1317,0,2732,2732
42085032300,"Mercer, PA (CT)",941,492,1433,2123,1212,3335
42085032400,"Mercer, PA (CT)",1820,804,2624,4224,1850,6074
42085032501,"Mercer, PA (CT)",2773,0,2773,6214,0,6214
42085032502,"Mercer, PA (CT)",1110,0,1110,2396,0,2396
42085032601,"Mercer, PA (CT)",2426,154,2580,5516,324,5840
42085032602,"Mercer, PA (CT)",631,984,1615,1398,3514,4912
42085032701,"Mercer, PA (CT)",1583,571,2154,3591,1201,4792
42085032702,"Mercer, PA (CT)",1049,0,1049,2662,0,2662
42085032800,"Mercer, PA (CT)",1473,798,2271,3528,2420,5948
42085032900,"Mercer, PA (CT)",0,1463,1463,0,3231,3231
42085033000,"Mercer, PA (CT)",0,1386,1386,0,5125,5125
42085033100,"Mercer, PA (CT)",1768,149,1917,4491,319,4810
42085033200,"Mercer, PA (CT)",0,1824,1824,0,3379,3379
42085033300,"Mercer, PA (CT)",0,1413,1413,0,3036,3036
42085033400,"Mercer, PA (CT)",0,1483,1483,0,2819,2819
42087960100,"Mifflin, PA (CT)",1111,935,2046,1945,1918,3863
42087960200,"Mifflin, PA (CT)",616,1105,1721,1682,2371,4053
42087960300,"Mifflin, PA (CT)",1943,0,1943,5343,0,5343
42087960400,"Mifflin, PA (CT)",1160,425,1585,2133,942,3075
42087960500,"Mifflin, PA (CT)",1810,12,1822,3802,32,3834
42087960600,"Mifflin, PA (CT)",1272,1325,2597,2834,2812,5646
42087960700,"Mifflin, PA (CT)",0,1186,1186,0,2316,2316
42087960800,"Mifflin, PA (CT)",0,1913,1913,0,3832,3832
42087960900,"Mifflin, PA (CT)",0,1246,1246,0,2190,2190
42087961000,"Mifflin, PA (CT)",0,934,934,0,2054,2054
42087961100,"Mifflin, PA (CT)",1138,2105,3243,2683,4656,7339
42087961200,"Mifflin, PA (CT)",1301,0,1301,3137,0,3137
42089300101,"Monroe, PA (CT)",1309,382,1691,2543,1030,3573
42089300102,"Monroe, PA (CT)",2571,448,3019,5669,1299,6968
42089300201,"Monroe, PA (CT)",2529,0,2529,4225,0,4225
42089300202,"Monroe, PA (CT)",1409,1538,2947,2777,3579,6356
42089300301,"Monroe, PA (CT)",2950,740,3690,2722,1698,4420
42089300304,"Monroe, PA (CT)",1195,2400,3595,1915,4874,6789
42089300305,"Monroe, PA (CT)",557,1905,2462,1058,4434,5492
42089300307,"Monroe, PA (CT)",0,3556,3556,0,7578,7578
42089300308,"Monroe, PA (CT)",249,1206,1455,480,2594,3074
42089300309,"Monroe, PA (CT)",1556,1155,2711,1830,2335,4165
42089300311,"Monroe, PA (CT)",1827,637,2464,1149,941,2090
42089300312,"Monroe, PA (CT)",2172,0,2172,2299,0,2299
42089300401,"Monroe, PA (CT)",1802,555,2357,3453,1182,4635
42089300402,"Monroe, PA (CT)",533,1997,2530,1273,5157,6430
42089300403,"Monroe, PA (CT)",2786,608,3394,5434,1599,7033
42089300501,"Monroe, PA (CT)",749,1211,1960,672,2671,3343
42089300502,"Monroe, PA (CT)",784,1290,2074,1676,3084,4760
42089300600,"Monroe, PA (CT)",0,1831,1831,0,4344,4344
42089300700,"Monroe, PA (CT)",0,1625,1625,0,5496,5496
42089300800,"Monroe, PA (CT)",0,2661,2661,0,5567,5567
42089300900,"Monroe, PA (CT)",0,2559,2559,0,6241,6241
42089301001,"Monroe, PA (CT)",141,3820,3961,272,9897,10169
42089301002,"Monroe, PA (CT)",393,748,1141,946,1857,2803
42089301101,"Monroe, PA (CT)",1217,1350,2567,2892,3160,6052
42089301102,"Monroe, PA (CT)",938,111,1049,2350,681,3031
42089301202,"Monroe, PA (CT)",1013,884,1897,2433,2340,4773
42089301203,"Monroe, PA (CT)",1280,938,2218,3286,2654,5940
42089301204,"Monroe, PA (CT)",22,1755,1777,51,4179,4230
42089301205,"Monroe, PA (CT)",546,2467,3013,1359,6794,8153
42089301301,"Monroe, PA (CT)",2225,1119,3344,5382,2492,7874
42089301302,"Monroe, PA (CT)",1251,0,1251,2910,0,2910
42089301401,"Monroe, PA (CT)",1082,1575,2657,1079,3153,4232
42089301402,"Monroe, PA (CT)",1400,802,2202,3006,1791,4797
42091200103,"Montgomery, PA (CT)",0,1325,1325,0,4140,4140
42091200104,"Montgomery, PA (CT)",0,1506,1506,0,4207,4207
42091200105,"Montgomery, PA (CT)",0,947,947,0,2778,2778
42091200106,"Montgomery, PA (CT)",0,997,997,0,1857,1857
42091200200,"Montgomery, PA (CT)",0,453,453,0,1375,1375
42091200301,"Montgomery, PA (CT)",0,2878,2878,0,5739,5739
42091200305,"Montgomery, PA (CT)",0,907,907,0,2291,2291
42091200306,"Montgomery, PA (CT)",0,1421,1421,0,3434,3434
42091200307,"Montgomery, PA (CT)",0,1492,1492,0,3063,3063
42091200308,"Montgomery, PA (CT)",0,1734,1734,0,3983,3983
42091200309,"Montgomery, PA (CT)",0,973,973,0,2660,2660
42091200310,"Montgomery, PA (CT)",0,1167,1167,0,2845,2845
42091200401,"Montgomery, PA (CT)",0,1615,1615,0,3259,3259
42091200402,"Montgomery, PA (CT)",0,1704,1704,0,4101,4101
42091200501,"Montgomery, PA (CT)",0,1360,1360,0,4081,4081
42091200502,"Montgomery, PA (CT)",0,2461,2461,0,5420,5420
42091200505,"Montgomery, PA (CT)",0,2455,2455,0,6905,6905
42091200506,"Montgomery, PA (CT)",0,1482,1482,0,4376,4376
42091200507,"Montgomery, PA (CT)",0,2295,2295,0,5365,5365
42091200602,"Montgomery, PA (CT)",0,3085,3085,0,7741,7741
42091200603,"Montgomery, PA (CT)",0,1259,1259,0,3412,3412
42091200605,"Montgomery, PA (CT)",0,2290,2290,0,5706,5706
42091200606,"Montgomery, PA (CT)",0,1233,1233,0,3264,3264
42091200607,"Montgomery, PA (CT)",0,1600,1600,0,4667,4667
42091200703,"Montgomery, PA (CT)",0,1640,1640,0,4338,4338
42091200704,"Montgomery, PA (CT)",0,1499,1499,0,3455,3455
42091200707,"Montgomery, PA (CT)",0,1858,1858,0,4037,4037
42091200708,"Montgomery, PA (CT)",0,2086,2086,0,5419,5419
42091200800,"Montgomery, PA (CT)",0,1333,1333,0,3290,3290
42091200901,"Montgomery, PA (CT)",0,1648,1648,0,4143,4143
42091200902,"Montgomery, PA (CT)",0,571,571,0,1257,1257
42091200903,"Montgomery, PA (CT)",0,2033,2033,0,4152,4152
42091200906,"Montgomery, PA (CT)",0,895,895,0,1998,1998
42091200907,"Montgomery, PA (CT)",0,1117,1117,0,2627,2627
42091200908,"Montgomery, PA (CT)",0,893,893,0,2092,2092
42091201003,"Montgomery, PA (CT)",0,2229,2229,0,4918,4918
42091201004,"Montgomery, PA (CT)",0,2114,2114,0,4956,4956
42091201005,"Montgomery, PA (CT)",0,1214,1214,0,3454,3454
42091201006,"Montgomery, PA (CT)",0,930,930,0,2224,2224
42091201100,"Montgomery, PA (CT)",0,1348,1348,0,3229,3229
42091201201,"Montgomery, PA (CT)",0,2483,2483,0,5867,5867
42091201203,"Montgomery, PA (CT)",0,1415,1415,0,3389,3389
42091201204,"Montgomery, PA (CT)",0,1008,1008,0,2149,2149
42091201301,"Montgomery, PA (CT)",0,1457,1457,0,3357,3357
42091201302,"Montgomery, PA (CT)",0,1310,1310,0,3060,3060
42091201404,"Montgomery, PA (CT)",0,2013,2013,0,4953,4953
42091201406,"Montgomery, PA (CT)",0,1560,1560,0,4482,4482
42091201407,"Montgomery, PA (CT)",0,930,930,0,2594,2594
42091201408,"Montgomery, PA (CT)",0,1499,1499,0,4345,4345
42091201409,"Montgomery, PA (CT)",0,1508,1508,0,4120,4120
42091201410,"Montgomery, PA (CT)",0,1053,1053,0,2519,2519
42091201411,"Montgomery, PA (CT)",0,1086,1086,0,2556,2556
42091201501,"Montgomery, PA (CT)",0,1598,1598,0,3462,3462
42091201502,"Montgomery, PA (CT)",0,713,713,0,1908,1908
42091201603,"Montgomery, PA (CT)",0,1772,1772,0,4552,4552
42091201604,"Montgomery, PA (CT)",0,1151,1151,0,3128,3128
42091201605,"Montgomery, PA (CT)",0,1070,1070,0,2980,2980
42091201606,"Montgomery, PA (CT)",0,885,885,0,2200,2200
42091201607,"Montgomery, PA (CT)",0,1362,1362,0,3468,3468
42091201608,"Montgomery, PA (CT)",0,1886,1886,0,4684,4684
42091201703,"Montgomery, PA (CT)",0,1173,1173,0,3114,3114
42091201704,"Montgomery, PA (CT)",0,1277,1277,0,3333,3333
42091201705,"Montgomery, PA (CT)",0,1716,1716,0,4403,4403
42091201706,"Montgomery, PA (CT)",0,1779,1779,0,4606,4606
42091201800,"Montgomery, PA (CT)",0,1450,1450,0,2779,2779
42091201901,"Montgomery, PA (CT)",0,1854,1854,0,4725,4725
42091201902,"Montgomery, PA (CT)",0,2683,2683,0,5968,5968
42091202000,"Montgomery, PA (CT)",0,1097,1097,0,2543,2543
42091202100,"Montgomery, PA (CT)",0,2128,2128,0,4422,4422
42091202201,"Montgomery, PA (CT)",0,1885,1885,0,4810,4810
42091202202,"Montgomery, PA (CT)",0,989,989,0,3006,3006
42091202301,"Montgomery, PA (CT)",0,2068,2068,0,4571,4571
42091202302,"Montgomery, PA (CT)",0,985,985,0,2100,2100
42091202401,"Montgomery, PA (CT)",0,1866,1866,0,3554,3554
42091202402,"Montgomery, PA (CT)",0,1823,1823,0,4689,4689
42091202500,"Montgomery, PA (CT)",0,2351,2351,0,5236,5236
42091202602,"Montgomery, PA (CT)",0,1131,1131,0,2624,2624
42091202603,"Montgomery, PA (CT)",0,1374,1374,0,3861,3861
42091202604,"Montgomery, PA (CT)",0,937,937,0,2342,2342
42091203000,"Montgomery, PA (CT)",0,1204,1204,0,3154,3154
42091203103,"Montgomery, PA (CT)",0,1063,1063,0,2985,2985
42091203104,"Montgomery, PA (CT)",0,1751,1751,0,4182,4182
42091203105,"Montgomery, PA (CT)",0,2280,2280,0,5385,5385
42091203106,"Montgomery, PA (CT)",0,807,807,0,1643,1643
42091203203,"Montgomery, PA (CT)",0,1612,1612,0,4093,4093
42091203204,"Montgomery, PA (CT)",0,2905,2905,0,6558,6558
42091203205,"Montgomery, PA (CT)",0,823,823,0,2211,2211
42091203207,"Montgomery, PA (CT)",0,1202,1202,0,3255,3255
42091203208,"Montgomery, PA (CT)",0,1395,1395,0,2758,2758
42091203302,"Montgomery, PA (CT)",0,2298,2298,0,5907,5907
42091203303,"Montgomery, PA (CT)",0,1939,1939,0,4155,4155
42091203304,"Montgomery, PA (CT)",0,1783,1783,0,3528,3528
42091203401,"Montgomery, PA (CT)",0,3006,3006,0,6153,6153
42091203402,"Montgomery, PA (CT)",0,3114,3114,0,6189,6189
42091203403,"Montgomery, PA (CT)",0,1725,1725,0,3192,3192
42091203500,"Montgomery, PA (CT)",0,2656,2656,0,6077,6077
42091203601,"Montgomery, PA (CT)",0,1111,1111,0,3243,3243
42091203602,"Montgomery, PA (CT)",0,1446,1446,0,3763,3763
42091203700,"Montgomery, PA (CT)",0,474,474,0,1545,1545
42091203801,"Montgomery, PA (CT)",0,1385,1385,0,3709,3709
42091203803,"Montgomery, PA (CT)",0,2207,2207,0,5630,5630
42091203804,"Montgomery, PA (CT)",0,1196,1196,0,3241,3241
42091203901,"Montgomery, PA (CT)",0,1259,1259,0,3709,3709
42091203902,"Montgomery, PA (CT)",0,1686,1686,0,3536,3536
42091204002,"Montgomery, PA (CT)",0,1460,1460,0,3285,3285
42091204007,"Montgomery, PA (CT)",0,1007,1007,0,2257,2257
42091204008,"Montgomery, PA (CT)",0,1214,1214,0,2865,2865
42091204009,"Montgomery, PA (CT)",0,677,677,0,1439,1439
42091204010,"Montgomery, PA (CT)",0,950,950,0,2582,2582
42091204101,"Montgomery, PA (CT)",0,2102,2102,0,4321,4321
42091204102,"Montgomery, PA (CT)",0,2584,2584,0,3512,3512
42091204200,"Montgomery, PA (CT)",0,658,658,0,1320,1320
42091204300,"Montgomery, PA (CT)",0,1322,1322,0,2434,2434
42091204400,"Montgomery, PA (CT)",0,1250,1250,0,3241,3241
42091204500,"Montgomery, PA (CT)",0,1519,1519,0,4752,4752
42091204600,"Montgomery, PA (CT)",0,1627,1627,0,4612,4612
42091204701,"Montgomery, PA (CT)",0,1137,1137,0,2173,2173
42091204702,"Montgomery, PA (CT)",0,1345,1345,0,3402,3402
42091204800,"Montgomery, PA (CT)",0,2112,2112,0,5020,5020
42091204900,"Montgomery, PA (CT)",0,1904,1904,0,5178,5178
42091205000,"Montgomery, PA (CT)",0,837,837,0,2517,2517
42091205100,"Montgomery, PA (CT)",0,759,759,0,1853,1853
42091205200,"Montgomery, PA (CT)",0,1345,1345,0,2848,2848
42091205300,"Montgomery, PA (CT)",0,988,988,0,1867,1867
42091205400,"Montgomery, PA (CT)",0,2790,2790,0,5990,5990
42091205501,"Montgomery, PA (CT)",0,1806,1806,0,3514,3514
42091205502,"Montgomery, PA (CT)",0,1356,1356,0,3565,3565
42091205503,"Montgomery, PA (CT)",0,1984,1984,0,4827,4827
42091205600,"Montgomery, PA (CT)",0,1995,1995,0,4314,4314
42091205700,"Montgomery, PA (CT)",0,2161,2161,0,4554,4554
42091205801,"Montgomery, PA (CT)",0,1739,1739,0,2643,2643
42091205805,"Montgomery, PA (CT)",0,1280,1280,0,3070,3070
42091205806,"Montgomery, PA (CT)",0,903,903,0,2050,2050
42091205807,"Montgomery, PA (CT)",0,1237,1237,0,2248,2248
42091205808,"Montgomery, PA (CT)",0,1942,1942,0,5340,5340
42091205809,"Montgomery, PA (CT)",0,1008,1008,0,2811,2811
42091205903,"Montgomery, PA (CT)",0,1042,1042,0,2719,2719
42091205904,"Montgomery, PA (CT)",0,973,973,0,2141,2141
42091205905,"Montgomery, PA (CT)",0,1798,1798,0,3436,3436
42091205906,"Montgomery, PA (CT)",0,878,878,0,1937,1937
42091206004,"Montgomery, PA (CT)",0,1676,1676,0,6147,6147
42091206005,"Montgomery, PA (CT)",0,1584,1584,0,4397,4397
42091206006,"Montgomery, PA (CT)",0,1628,1628,0,3032,3032
42091206007,"Montgomery, PA (CT)",0,2300,2300,0,6068,6068
42091206102,"Montgomery, PA (CT)",0,3319,3319,0,8290,8290
42091206104,"Montgomery, PA (CT)",0,1004,1004,0,2940,2940
42091206105,"Montgomery, PA (CT)",0,1496,1496,0,5442,5442
42091206106,"Montgomery, PA (CT)",0,1730,1730,0,4547,4547
42091206201,"Montgomery, PA (CT)",0,1343,1343,0,2666,2666
42091206202,"Montgomery, PA (CT)",0,1008,1008,0,2086,2086
42091206300,"Montgomery, PA (CT)",0,1427,1427,0,5089,5089
42091206400,"Montgomery, PA (CT)",0,1407,1407,0,3509,3509
42091206501,"Montgomery, PA (CT)",0,1359,1359,0,4182,4182
42091206502,"Montgomery, PA (CT)",0,1748,1748,0,4957,4957
42091206600,"Montgomery, PA (CT)",0,697,697,0,1385,1385
42091206702,"Montgomery, PA (CT)",0,6,6,0,3403,3403
42091206703,"Montgomery, PA (CT)",0,1495,1495,0,3700,3700
42091206704,"Montgomery, PA (CT)",281,2163,2444,713,5899,6612
42091206801,"Montgomery, PA (CT)",647,1943,2590,1670,5155,6825
42091206802,"Montgomery, PA (CT)",214,970,1184,540,2385,2925
42091206901,"Montgomery, PA (CT)",0,1901,1901,0,4438,4438
42091206904,"Montgomery, PA (CT)",0,2559,2559,0,5407,5407
42091206905,"Montgomery, PA (CT)",120,1681,1801,280,4500,4780
42091206906,"Montgomery, PA (CT)",0,1285,1285,0,2953,2953
42091207001,"Montgomery, PA (CT)",495,2282,2777,1283,6509,7792
42091207003,"Montgomery, PA (CT)",0,1179,1179,0,2897,2897
42091207004,"Montgomery, PA (CT)",0,1708,1708,0,4270,4270
42091207101,"Montgomery, PA (CT)",109,1997,2106,303,5480,5783
42091207103,"Montgomery, PA (CT)",0,1446,1446,0,4095,4095
42091207104,"Montgomery, PA (CT)",0,1249,1249,0,3186,3186
42091207201,"Montgomery, PA (CT)",0,1013,1013,0,2502,2502
42091207202,"Montgomery, PA (CT)",0,1743,1743,0,4116,4116
42091207300,"Montgomery, PA (CT)",0,1056,1056,0,2665,2665
42091207400,"Montgomery, PA (CT)",635,288,923,1660,844,2504
42091207500,"Montgomery, PA (CT)",654,545,1199,1742,1557,3299
42091207600,"Montgomery, PA (CT)",814,766,1580,1980,1706,3686
42091207800,"Montgomery, PA (CT)",1234,1190,2424,3213,3251,6464
42091207900,"Montgomery, PA (CT)",0,1141,1141,0,2383,2383
42091208000,"Montgomery, PA (CT)",0,1317,1317,0,3843,3843
42091208100,"Montgomery, PA (CT)",0,1173,1173,0,2951,2951
42091208201,"Montgomery, PA (CT)",753,58,811,2001,186,2187
42091208203,"Montgomery, PA (CT)",0,1731,1731,0,4364,4364
42091208204,"Montgomery, PA (CT)",0,1198,1198,0,3644,3644
42091208301,"Montgomery, PA (CT)",1049,12,1061,2610,29,2639
42091208302,"Montgomery, PA (CT)",195,2663,2858,486,7814,8300
42091208400,"Montgomery, PA (CT)",748,702,1450,1856,1667,3523
42091208500,"Montgomery, PA (CT)",409,1499,1908,1036,3804,4840
42091208601,"Montgomery, PA (CT)",664,1641,2305,1743,4384,6127
42091208603,"Montgomery, PA (CT)",33,2527,2560,67,6412,6479
42091208604,"Montgomery, PA (CT)",0,2334,2334,0,5468,5468
42091208702,"Montgomery, PA (CT)",0,1326,1326,0,3469,3469
42091208703,"Montgomery, PA (CT)",0,1573,1573,0,3857,3857
42091208704,"Montgomery, PA (CT)",0,1752,1752,0,4733,4733
42091208801,"Montgomery, PA (CT)",0,602,602,0,1178,1178
42091208802,"Montgomery, PA (CT)",0,1441,1441,0,3225,3225
42091208901,"Montgomery, PA (CT)",0,1697,1697,0,3537,3537
42091208903,"Montgomery, PA (CT)",0,1299,1299,0,2991,2991
42091208904,"Montgomery, PA (CT)",0,1633,1633,0,3297,3297
42091208905,"Montgomery, PA (CT)",0,1273,1273,0,2586,2586
42091208906,"Montgomery, PA (CT)",0,1696,1696,0,3931,3931
42091209000,"Montgomery, PA (CT)",0,679,679,0,1632,1632
42091209100,"Montgomery, PA (CT)",0,1950,1950,0,5315,5315
42091209201,"Montgomery, PA (CT)",0,642,642,0,1587,1587
42091209202,"Montgomery, PA (CT)",0,971,971,0,2287,2287
42091210100,"Montgomery, PA (CT)",0,1528,1528,0,3871,3871
42091210200,"Montgomery, PA (CT)",0,1066,1066,0,2786,2786
42091210300,"Montgomery, PA (CT)",0,1585,1585,0,3921,3921
42091210400,"Montgomery, PA (CT)",0,2007,2007,0,4597,4597
42091210500,"Montgomery, PA (CT)",0,1635,1635,0,4243,4243
42091210600,"Montgomery, PA (CT)",0,1712,1712,0,4097,4097
42091210700,"Montgomery, PA (CT)",133,1906,2039,283,5509,5792
42093050100,"Montour, PA (CT)",1537,0,1537,3970,0,3970
42093050200,"Montour, PA (CT)",281,1434,1715,697,3474,4171
42093050300,"Montour, PA (CT)",0,2430,2430,0,4699,4699
42093050400,"Montour, PA (CT)",2158,125,2283,5155,272,5427
42095010100,"Northampton, PA (CT)",0,1637,1637,0,3739,3739
42095010200,"Northampton, PA (CT)",0,1547,1547,0,3777,3777
42095010300,"Northampton, PA (CT)",0,1528,1528,0,3290,3290
42095010400,"Northampton, PA (CT)",0,2211,2211,0,5064,5064
42095010500,"Northampton, PA (CT)",0,1733,1733,0,4208,4208
42095010600,"Northampton, PA (CT)",0,3403,3403,0,7823,7823
42095010700,"Northampton, PA (CT)",0,1796,1796,0,4780,4780
42095010800,"Northampton, PA (CT)",0,1635,1635,0,2876,2876
42095010900,"Northampton, PA (CT)",0,1358,1358,0,3515,3515
42095011000,"Northampton, PA (CT)",0,1491,1491,0,3530,3530
42095011100,"Northampton, PA (CT)",0,98,98,0,3208,3208
42095011200,"Northampton, PA (CT)",0,2154,2154,0,5768,5768
42095011300,"Northampton, PA (CT)",2,1701,1703,3,4058,4061
42095014100,"Northampton, PA (CT)",0,1588,1588,0,5340,5340
42095014200,"Northampton, PA (CT)",0,2417,2417,0,6029,6029
42095014300,"Northampton, PA (CT)",0,1566,1566,0,4764,4764
42095014400,"Northampton, PA (CT)",0,1530,1530,0,2409,2409
42095014500,"Northampton, PA (CT)",0,1038,1038,0,2660,2660
42095014600,"Northampton, PA (CT)",0,1227,1227,0,3076,3076
42095014700,"Northampton, PA (CT)",0,990,990,0,2522,2522
42095015201,"Northampton, PA (CT)",0,2932,2932,0,6840,6840
42095015300,"Northampton, PA (CT)",864,1152,2016,2266,2856,5122
42095015400,"Northampton, PA (CT)",1012,367,1379,2356,745,3101
42095015500,"Northampton, PA (CT)",1080,1402,2482,2757,3381,6138
42095015600,"Northampton, PA (CT)",0,1490,1490,0,3595,3595
42095015700,"Northampton, PA (CT)",0,1313,1313,0,2720,2720
42095015801,"Northampton, PA (CT)",281,1539,1820,811,4289,5100
42095015802,"Northampton, PA (CT)",725,382,1107,1917,1161,3078
42095015901,"Northampton, PA (CT)",1068,1276,2344,2616,2979,5595
42095015902,"Northampton, PA (CT)",1040,457,1497,2636,1166,3802
42095016001,"Northampton, PA (CT)",498,1930,2428,1255,4825,6080
42095016002,"Northampton, PA (CT)",736,1198,1934,1652,2794,4446
42095016100,"Northampton, PA (CT)",0,888,888,0,2070,2070
42095016201,"Northampton, PA (CT)",0,2648,2648,0,5575,5575
42095016202,"Northampton, PA (CT)",0,1790,1790,0,4351,4351
42095016300,"Northampton, PA (CT)",0,1242,1242,0,2849,2849
42095016400,"Northampton, PA (CT)",608,1136,1744,1456,2813,4269
42095016500,"Northampton, PA (CT)",689,1328,2017,1736,3167,4903
42095016600,"Northampton, PA (CT)",0,1138,1138,0,2693,2693
42095016700,"Northampton, PA (CT)",36,1989,2025,94,6137,6231
42095016800,"Northampton, PA (CT)",0,2948,2948,0,5746,5746
42095016901,"Northampton, PA (CT)",97,1041,1138,239,2892,3131
42095016902,"Northampton, PA (CT)",309,632,941,844,1699,2543
42095017000,"Northampton, PA (CT)",0,808,808,0,2130,2130
42095017101,"Northampton, PA (CT)",0,2300,2300,0,6137,6137
42095017102,"Northampton, PA (CT)",267,3028,3295,659,7925,8584
42095017200,"Northampton, PA (CT)",0,2765,2765,0,6593,6593
42095017300,"Northampton, PA (CT)",0,1090,1090,0,2560,2560
42095017401,"Northampton, PA (CT)",6,3082,3088,18,7711,7729
42095017402,"Northampton, PA (CT)",0,1600,1600,0,3887,3887
42095017501,"Northampton, PA (CT)",0,1757,1757,0,4161,4161
42095017502,"Northampton, PA (CT)",0,1921,1921,0,4914,4914
42095017603,"Northampton, PA (CT)",0,1583,1583,0,3741,3741
42095017604,"Northampton, PA (CT)",0,1849,1849,0,4585,4585
42095017605,"Northampton, PA (CT)",60,1471,1531,139,3832,3971
42095017606,"Northampton, PA (CT)",0,1674,1674,0,4831,4831
42095017607,"Northampton, PA (CT)",11,2383,2394,23,6579,6602
42095017702,"Northampton, PA (CT)",0,908,908,0,2283,2283
42095017703,"Northampton, PA (CT)",0,1113,1113,0,2560,2560
42095017704,"Northampton, PA (CT)",9,2375,2384,15,6008,6023
42095017800,"Northampton, PA (CT)",0,1017,1017,0,2636,2636
42095017901,"Northampton, PA (CT)",0,1784,1784,0,3652,3652
42095017902,"Northampton, PA (CT)",0,990,990,0,2246,2246
42095018001,"Northampton, PA (CT)",1245,397,1642,3081,1005,4086
42095018002,"Northampton, PA (CT)",296,2402,2698,686,6000,6686
42095018100,"Northampton, PA (CT)",1452,1237,2689,3633,2691,6324
42095018200,"Northampton, PA (CT)",1580,0,1580,3538,0,3538
42095018300,"Northampton, PA (CT)",1505,487,1992,3586,1273,4859
42097080100,"Northumberland, PA (CT)",1593,342,1935,3741,685,4426
42097080200,"Northumberland, PA (CT)",1348,1808,3156,3241,3878,7119
42097080300,"Northumberland, PA (CT)",22,3250,3272,52,6990,7042
42097080400,"Northumberland, PA (CT)",565,958,1523,1245,2050,3295
42097080500,"Northumberland, PA (CT)",820,869,1689,1804,1881,3685
42097080600,"Northumberland, PA (CT)",0,1839,1839,0,3804,3804
42097080700,"Northumberland, PA (CT)",618,725,1343,1425,1629,3054
42097080800,"Northumberland, PA (CT)",3114,49,3163,6956,111,7067
42097080900,"Northumberland, PA (CT)",422,1497,1919,866,2884,3750
42097081000,"Northumberland, PA (CT)",0,1900,1900,0,3198,3198
42097081100,"Northumberland, PA (CT)",0,1635,1635,0,2695,2695
42097081200,"Northumberland, PA (CT)",325,1494,1819,1285,4600,5885
42097081300,"Northumberland, PA (CT)",0,1276,1276,0,2384,2384
42097081400,"Northumberland, PA (CT)",0,1119,1119,0,2114,2114
42097081500,"Northumberland, PA (CT)",0,1475,1475,0,2271,2271
42097081600,"Northumberland, PA (CT)",0,1655,1655,0,2820,2820
42097081700,"Northumberland, PA (CT)",0,1391,1391,0,2283,2283
42097081800,"Northumberland, PA (CT)",847,839,1686,1949,1691,3640
42097081900,"Northumberland, PA (CT)",2178,361,2539,5145,778,5923
42097082000,"Northumberland, PA (CT)",0,1772,1772,0,3753,3753
42097082100,"Northumberland, PA (CT)",0,1370,1370,0,2557,2557
42097082200,"Northumberland, PA (CT)",0,1722,1722,0,3595,3595
42097082300,"Northumberland, PA (CT)",2419,0,2419,5244,0,5244
42097082400,"Northumberland, PA (CT)",0,1508,1508,0,2924,2924
42099030100,"Perry, PA (CT)",2215,0,2215,4872,0,4872
42099030201,"Perry, PA (CT)",1293,0,1293,2710,0,2710
42099030202,"Perry, PA (CT)",966,1232,2198,2260,2657,4917
42099030301,"Perry, PA (CT)",1929,143,2072,4391,356,4747
42099030302,"Perry, PA (CT)",2010,0,2010,4728,0,4728
42099030400,"Perry, PA (CT)",1087,1056,2143,2624,2274,4898
42099030501,"Perry, PA (CT)",2207,0,2207,5269,0,5269
42099030502,"Perry, PA (CT)",2401,0,2401,5946,0,5946
42099030601,"Perry, PA (CT)",2108,0,2108,4844,0,4844
42099030602,"Perry, PA (CT)",1777,0,1777,3038,0,3038
42101000100,"Philadelphia, PA (CT)",0,2696,2696,0,3478,3478
42101000200,"Philadelphia, PA (CT)",0,1285,1285,0,2937,2937
42101000300,"Philadelphia, PA (CT)",0,1968,1968,0,3169,3169
42101000401,"Philadelphia, PA (CT)",0,1790,1790,0,2125,2125
42101000402,"Philadelphia, PA (CT)",0,2709,2709,0,3142,3142
42101000500,"Philadelphia, PA (CT)",0,797,797,0,2329,2329
42101000600,"Philadelphia, PA (CT)",0,814,814,0,1781,1781
42101000700,"Philadelphia, PA (CT)",0,2489,2489,0,3082,3082
42101000801,"Philadelphia, PA (CT)",0,1078,1078,0,1562,1562
42101000803,"Philadelphia, PA (CT)",0,2844,2844,0,3601,3601
42101000804,"Philadelphia, PA (CT)",0,3066,3066,0,3609,3609
42101000901,"Philadelphia, PA (CT)",0,1877,1877,0,2276,2276
42101000902,"Philadelphia, PA (CT)",0,1582,1582,0,2773,2773
42101001001,"Philadelphia, PA (CT)",0,1733,1733,0,2603,2603
42101001002,"Philadelphia, PA (CT)",0,2348,2348,0,3612,3612
42101001101,"Philadelphia, PA (CT)",0,2263,2263,0,3586,3586
42101001102,"Philadelphia, PA (CT)",0,1741,1741,0,2659,2659
42101001201,"Philadelphia, PA (CT)",0,2193,2193,0,3778,3778
42101001202,"Philadelphia, PA (CT)",0,3529,3529,0,5137,5137
42101001300,"Philadelphia, PA (CT)",0,2868,2868,0,4942,4942
42101001400,"Philadelphia, PA (CT)",0,2373,2373,0,3950,3950
42101001500,"Philadelphia, PA (CT)",0,1545,1545,0,2708,2708
42101001600,"Philadelphia, PA (CT)",0,1294,1294,0,2192,2192
42101001700,"Philadelphia, PA (CT)",0,1498,1498,0,2647,2647
42101001800,"Philadelphia, PA (CT)",0,1628,1628,0,2873,2873
42101001900,"Philadelphia, PA (CT)",0,1524,1524,0,2721,2721
42101002000,"Philadelphia, PA (CT)",0,1066,1066,0,2092,2092
42101002100,"Philadelphia, PA (CT)",0,1090,1090,0,2036,2036
42101002200,"Philadelphia, PA (CT)",0,1270,1270,0,2281,2281
42101002300,"Philadelphia, PA (CT)",0,1348,1348,0,2682,2682
42101002400,"Philadelphia, PA (CT)",0,2538,2538,0,5129,5129
42101002500,"Philadelphia, PA (CT)",0,1818,1818,0,3769,3769
42101002701,"Philadelphia, PA (CT)",0,1677,1677,0,3874,3874
42101002702,"Philadelphia, PA (CT)",0,1895,1895,0,3566,3566
42101002801,"Philadelphia, PA (CT)",0,1774,1774,0,4324,4324
42101002802,"Philadelphia, PA (CT)",0,2496,2496,0,5539,5539
42101002900,"Philadelphia, PA (CT)",0,2225,2225,0,4141,4141
42101003001,"Philadelphia, PA (CT)",0,1803,1803,0,4664,4664
42101003002,"Philadelphia, PA (CT)",0,1567,1567,0,3200,3200
42101003100,"Philadelphia, PA (CT)",0,2343,2343,0,4437,4437
42101003200,"Philadelphia, PA (CT)",0,2271,2271,0,4875,4875
42101003300,"Philadelphia, PA (CT)",0,2761,2761,0,6162,6162
42101003600,"Philadelphia, PA (CT)",0,2803,2803,0,6723,6723
42101003701,"Philadelphia, PA (CT)",0,2663,2663,0,6609,6609
42101003702,"Philadelphia, PA (CT)",0,1486,1486,0,3707,3707
42101003800,"Philadelphia, PA (CT)",0,1723,1723,0,3898,3898
42101003901,"Philadelphia, PA (CT)",0,2936,2936,0,6062,6062
42101003902,"Philadelphia, PA (CT)",0,2630,2630,0,5507,5507
42101004001,"Philadelphia, PA (CT)",0,2091,2091,0,4259,4259
42101004002,"Philadelphia, PA (CT)",0,2362,2362,0,4998,4998
42101004101,"Philadelphia, PA (CT)",0,2447,2447,0,6243,6243
42101004102,"Philadelphia, PA (CT)",0,2981,2981,0,7848,7848
42101004201,"Philadelphia, PA (CT)",0,2284,2284,0,5105,5105
42101004202,"Philadelphia, PA (CT)",0,1925,1925,0,4925,4925
42101005000,"Philadelphia, PA (CT)",0,1,1,0,13,13
42101005400,"Philadelphia, PA (CT)",0,689,689,0,1314,1314
42101005500,"Philadelphia, PA (CT)",0,2429,2429,0,5635,5635
42101005600,"Philadelphia, PA (CT)",0,587,587,0,1111,1111
42101006000,"Philadelphia, PA (CT)",0,2617,2617,0,6450,6450
42101006100,"Philadelphia, PA (CT)",0,1213,1213,0,3123,3123
42101006200,"Philadelphia, PA (CT)",0,1592,1592,0,4524,4524
42101006300,"Philadelphia, PA (CT)",0,1620,1620,0,4236,4236
42101006400,"Philadelphia, PA (CT)",0,1586,1586,0,4472,4472
42101006500,"Philadelphia, PA (CT)",0,2088,2088,0,4486,4486
42101006600,"Philadelphia, PA (CT)",0,1571,1571,0,3750,3750
42101006700,"Philadelphia, PA (CT)",0,2804,2804,0,7472,7472
42101006900,"Philadelphia, PA (CT)",0,1093,1093,0,2539,2539
42101007000,"Philadelphia, PA (CT)",0,1715,1715,0,3990,3990
42101007101,"Philadelphia, PA (CT)",0,1093,1093,0,2557,2557
42101007102,"Philadelphia, PA (CT)",0,2042,2042,0,4924,4924
42101007200,"Philadelphia, PA (CT)",0,2040,2040,0,4773,4773
42101007300,"Philadelphia, PA (CT)",0,1351,1351,0,3088,3088
42101007400,"Philadelphia, PA (CT)",0,2031,2031,0,4338,4338
42101007700,"Philadelphia, PA (CT)",0,899,899,0,2380,2380
42101007800,"Philadelphia, PA (CT)",0,2315,2315,0,4177,4177
42101007900,"Philadelphia, PA (CT)",0,2301,2301,0,4553,4553
42101008000,"Philadelphia, PA (CT)",0,1909,1909,0,3951,3951
42101008101,"Philadelphia, PA (CT)",0,1190,1190,0,2758,2758
42101008102,"Philadelphia, PA (CT)",0,2083,2083,0,5028,5028
42101008200,"Philadelphia, PA (CT)",0,2928,2928,0,6797,6797
42101008301,"Philadelphia, PA (CT)",0,1935,1935,0,4081,4081
42101008302,"Philadelphia, PA (CT)",0,2134,2134,0,4307,4307
42101008400,"Philadelphia, PA (CT)",0,2041,2041,0,4488,4488
42101008500,"Philadelphia, PA (CT)",0,3171,3171,0,6313,6313
42101008601,"Philadelphia, PA (CT)",0,1637,1637,0,2947,2947
42101008602,"Philadelphia, PA (CT)",0,1548,1548,0,3010,3010
42101008701,"Philadelphia, PA (CT)",0,2116,2116,0,4147,4147
42101008702,"Philadelphia, PA (CT)",0,1598,1598,0,3036,3036
42101008801,"Philadelphia, PA (CT)",0,190,190,0,988,988
42101008802,"Philadelphia, PA (CT)",0,1927,1927,0,6983,6983
42101009000,"Philadelphia, PA (CT)",0,1528,1528,0,5576,5576
42101009100,"Philadelphia, PA (CT)",0,1746,1746,0,2803,2803
42101009200,"Philadelphia, PA (CT)",0,1488,1488,0,2884,2884
42101009300,"Philadelphia, PA (CT)",0,2217,2217,0,4221,4221
42101009400,"Philadelphia, PA (CT)",0,1984,1984,0,3827,3827
42101009500,"Philadelphia, PA (CT)",0,1587,1587,0,3313,3313
42101009600,"Philadelphia, PA (CT)",0,2059,2059,0,4238,4238
42101009801,"Philadelphia, PA (CT)",0,976,976,0,2184,2184
42101009802,"Philadelphia, PA (CT)",0,2261,2261,0,5475,5475
42101010000,"Philadelphia, PA (CT)",0,1804,1804,0,4366,4366
42101010100,"Philadelphia, PA (CT)",0,2643,2643,0,5459,5459
42101010200,"Philadelphia, PA (CT)",0,1485,1485,0,3187,3187
42101010300,"Philadelphia, PA (CT)",0,1200,1200,0,2449,2449
42101010400,"Philadelphia, PA (CT)",0,1477,1477,0,3332,3332
42101010500,"Philadelphia, PA (CT)",0,1666,1666,0,3746,3746
42101010600,"Philadelphia, PA (CT)",0,816,816,0,1476,1476
42101010700,"Philadelphia, PA (CT)",0,1702,1702,0,3562,3562
42101010800,"Philadelphia, PA (CT)",0,1807,1807,0,3611,3611
42101010900,"Philadelphia, PA (CT)",0,1034,1034,0,2313,2313
42101011000,"Philadelphia, PA (CT)",0,1846,1846,0,3470,3470
42101011100,"Philadelphia, PA (CT)",0,1753,1753,0,3712,3712
42101011200,"Philadelphia, PA (CT)",0,2455,2455,0,5494,5494
42101011300,"Philadelphia, PA (CT)",0,1350,1350,0,2917,2917
42101011400,"Philadelphia, PA (CT)",0,2926,2926,0,6126,6126
42101011500,"Philadelphia, PA (CT)",0,1696,1696,0,4282,4282
42101011700,"Philadelphia, PA (CT)",0,401,401,0,1931,1931
42101011800,"Philadelphia, PA (CT)",0,2340,2340,0,5621,5621
42101011900,"Philadelphia, PA (CT)",0,2431,2431,0,5195,5195
42101012000,"Philadelphia, PA (CT)",0,760,760,0,1947,1947
42101012100,"Philadelphia, PA (CT)",0,1588,1588,0,2547,2547
42101012201,"Philadelphia, PA (CT)",0,2409,2409,0,2911,2911
42101012203,"Philadelphia, PA (CT)",0,894,894,0,1120,1120
42101012204,"Philadelphia, PA (CT)",0,1925,1925,0,3564,3564
42101012500,"Philadelphia, PA (CT)",0,3555,3555,0,5210,5210
42101013100,"Philadelphia, PA (CT)",0,785,785,0,1529,1529
42101013200,"Philadelphia, PA (CT)",0,1025,1025,0,2914,2914
42101013300,"Philadelphia, PA (CT)",0,1637,1637,0,2854,2854
42101013401,"Philadelphia, PA (CT)",0,1567,1567,0,2288,2288
42101013402,"Philadelphia, PA (CT)",0,1730,1730,0,2922,2922
42101013500,"Philadelphia, PA (CT)",0,1582,1582,0,3222,3222
42101013601,"Philadelphia, PA (CT)",0,1580,1580,0,2677,2677
42101013602,"Philadelphia, PA (CT)",0,1929,1929,0,3503,3503
42101013700,"Philadelphia, PA (CT)",0,2461,2461,0,4813,4813
42101013800,"Philadelphia, PA (CT)",0,1085,1085,0,2061,2061
42101013900,"Philadelphia, PA (CT)",0,1465,1465,0,3764,3764
42101014000,"Philadelphia, PA (CT)",0,1561,1561,0,3010,3010
42101014100,"Philadelphia, PA (CT)",0,1025,1025,0,2094,2094
42101014200,"Philadelphia, PA (CT)",0,2063,2063,0,3570,3570
42101014300,"Philadelphia, PA (CT)",0,802,802,0,1439,1439
42101014400,"Philadelphia, PA (CT)",0,1561,1561,0,3105,3105
42101014500,"Philadelphia, PA (CT)",0,713,713,0,2464,2464
42101014600,"Philadelphia, PA (CT)",0,1192,1192,0,4289,4289
42101014700,"Philadelphia, PA (CT)",0,1170,1170,0,3939,3939
42101014800,"Philadelphia, PA (CT)",0,446,446,0,785,785
42101014900,"Philadelphia, PA (CT)",0,2099,2099,0,3967,3967
42101015101,"Philadelphia, PA (CT)",0,1097,1097,0,2038,2038
42101015102,"Philadelphia, PA (CT)",0,2274,2274,0,4269,4269
42101015200,"Philadelphia, PA (CT)",0,2372,2372,0,6133,6133
42101015300,"Philadelphia, PA (CT)",0,1783,1783,0,4962,4962
42101015600,"Philadelphia, PA (CT)",0,705,705,0,1741,1741
42101015700,"Philadelphia, PA (CT)",0,1099,1099,0,2641,2641
42101015800,"Philadelphia, PA (CT)",0,2884,2884,0,5684,5684
42101016000,"Philadelphia, PA (CT)",0,3205,3205,0,7002,7002
42101016100,"Philadelphia, PA (CT)",0,2241,2241,0,5590,5590
42101016200,"Philadelphia, PA (CT)",0,897,897,0,2225,2225
42101016300,"Philadelphia, PA (CT)",0,1224,1224,0,3248,3248
42101016400,"Philadelphia, PA (CT)",0,1739,1739,0,4564,4564
42101016500,"Philadelphia, PA (CT)",0,1218,1218,0,2758,2758
42101016600,"Philadelphia, PA (CT)",0,729,729,0,1788,1788
42101016701,"Philadelphia, PA (CT)",0,1558,1558,0,3055,3055
42101016702,"Philadelphia, PA (CT)",0,1423,1423,0,2903,2903
42101016800,"Philadelphia, PA (CT)",0,1932,1932,0,3935,3935
42101016901,"Philadelphia, PA (CT)",0,1791,1791,0,3466,3466
42101016902,"Philadelphia, PA (CT)",0,2814,2814,0,5524,5524
42101017000,"Philadelphia, PA (CT)",0,1375,1375,0,2953,2953
42101017100,"Philadelphia, PA (CT)",0,1809,1809,0,4047,4047
42101017201,"Philadelphia, PA (CT)",0,1536,1536,0,3194,3194
42101017202,"Philadelphia, PA (CT)",0,1986,1986,0,4056,4056
42101017300,"Philadelphia, PA (CT)",0,1363,1363,0,3165,3165
42101017400,"Philadelphia, PA (CT)",0,1115,1115,0,2419,2419
42101017500,"Philadelphia, PA (CT)",0,2603,2603,0,7016,7016
42101017601,"Philadelphia, PA (CT)",0,2097,2097,0,5562,5562
42101017602,"Philadelphia, PA (CT)",0,1371,1371,0,3914,3914
42101017701,"Philadelphia, PA (CT)",0,1352,1352,0,3705,3705
42101017702,"Philadelphia, PA (CT)",0,1824,1824,0,5076,5076
42101017800,"Philadelphia, PA (CT)",0,2518,2518,0,6704,6704
42101017900,"Philadelphia, PA (CT)",0,2415,2415,0,6313,6313
42101018001,"Philadelphia, PA (CT)",0,1202,1202,0,2586,2586
42101018002,"Philadelphia, PA (CT)",0,2630,2630,0,5451,5451
42101018300,"Philadelphia, PA (CT)",0,1768,1768,0,4313,4313
42101018400,"Philadelphia, PA (CT)",0,921,921,0,2260,2260
42101018800,"Philadelphia, PA (CT)",0,2849,2849,0,8322,8322
42101019000,"Philadelphia, PA (CT)",0,2568,2568,0,7543,7543
42101019100,"Philadelphia, PA (CT)",0,2777,2777,0,7937,7937
42101019200,"Philadelphia, PA (CT)",0,2707,2707,0,7972,7972
42101019501,"Philadelphia, PA (CT)",0,1741,1741,0,4927,4927
42101019502,"Philadelphia, PA (CT)",0,1291,1291,0,3675,3675
42101019700,"Philadelphia, PA (CT)",0,2316,2316,0,7001,7001
42101019800,"Philadelphia, PA (CT)",0,2163,2163,0,6195,6195
42101019900,"Philadelphia, PA (CT)",0,1661,1661,0,4419,4419
42101020000,"Philadelphia, PA (CT)",0,787,787,0,1265,1265
42101020101,"Philadelphia, PA (CT)",0,2055,2055,0,3547,3547
42101020102,"Philadelphia, PA (CT)",0,1678,1678,0,3353,3353
42101020200,"Philadelphia, PA (CT)",0,2550,2550,0,5189,5189
42101020300,"Philadelphia, PA (CT)",0,1340,1340,0,2769,2769
42101020400,"Philadelphia, PA (CT)",0,1392,1392,0,3050,3050
42101020500,"Philadelphia, PA (CT)",0,1416,1416,0,2819,2819
42101020600,"Philadelphia, PA (CT)",0,990,990,0,1819,1819
42101020700,"Philadelphia, PA (CT)",0,2684,2684,0,5841,5841
42101020800,"Philadelphia, PA (CT)",0,1403,1403,0,1971,1971
42101020900,"Philadelphia, PA (CT)",0,1463,1463,0,2910,2910
42101021000,"Philadelphia, PA (CT)",0,2528,2528,0,4917,4917
42101021100,"Philadelphia, PA (CT)",0,1218,1218,0,2327,2327
42101021200,"Philadelphia, PA (CT)",0,1134,1134,0,2245,2245
42101021300,"Philadelphia, PA (CT)",0,1651,1651,0,3551,3551
42101021400,"Philadelphia, PA (CT)",0,2001,2001,0,3880,3880
42101021500,"Philadelphia, PA (CT)",0,1924,1924,0,3857,3857
42101021600,"Philadelphia, PA (CT)",0,1016,1016,0,1826,1826
42101021700,"Philadelphia, PA (CT)",0,2571,2571,0,5772,5772
42101021800,"Philadelphia, PA (CT)",0,2323,2323,0,4259,4259
42101021900,"Philadelphia, PA (CT)",0,721,721,0,1432,1432
42101022000,"Philadelphia, PA (CT)",0,797,797,0,1681,1681
42101023100,"Philadelphia, PA (CT)",0,562,562,0,1262,1262
42101023500,"Philadelphia, PA (CT)",0,577,577,0,1161,1161
42101023600,"Philadelphia, PA (CT)",0,1165,1165,0,2619,2619
42101023700,"Philadelphia, PA (CT)",0,2347,2347,0,4566,4566
42101023800,"Philadelphia, PA (CT)",0,2398,2398,0,4391,4391
42101023900,"Philadelphia, PA (CT)",0,1321,1321,0,1777,1777
42101024000,"Philadelphia, PA (CT)",0,2104,2104,0,3822,3822
42101024100,"Philadelphia, PA (CT)",0,824,824,0,1433,1433
42101024200,"Philadelphia, PA (CT)",0,2019,2019,0,4236,4236
42101024300,"Philadelphia, PA (CT)",0,1929,1929,0,3913,3913
42101024400,"Philadelphia, PA (CT)",0,1350,1350,0,3129,3129
42101024500,"Philadelphia, PA (CT)",0,1839,1839,0,4035,4035
42101024600,"Philadelphia, PA (CT)",0,1304,1304,0,2956,2956
42101024700,"Philadelphia, PA (CT)",0,1932,1932,0,4423,4423
42101024800,"Philadelphia, PA (CT)",0,786,786,0,1889,1889
42101024900,"Philadelphia, PA (CT)",0,1369,1369,0,3311,3311
42101025200,"Philadelphia, PA (CT)",0,3155,3155,0,7118,7118
42101025300,"Philadelphia, PA (CT)",0,1944,1944,0,4002,4002
42101025400,"Philadelphia, PA (CT)",0,1999,1999,0,3920,3920
42101025500,"Philadelphia, PA (CT)",0,1148,1148,0,2571,2571
42101025600,"Philadelphia, PA (CT)",0,1191,1191,0,2742,2742
42101025700,"Philadelphia, PA (CT)",0,2052,2052,0,3463,3463
42101025800,"Philadelphia, PA (CT)",0,788,788,0,1681,1681
42101025900,"Philadelphia, PA (CT)",0,2151,2151,0,4755,4755
42101026000,"Philadelphia, PA (CT)",0,1252,1252,0,2788,2788
42101026100,"Philadelphia, PA (CT)",0,1469,1469,0,2995,2995
42101026200,"Philadelphia, PA (CT)",0,1833,1833,0,4065,4065
42101026301,"Philadelphia, PA (CT)",0,1623,1623,0,3840,3840
42101026302,"Philadelphia, PA (CT)",0,2179,2179,0,5480,5480
42101026400,"Philadelphia, PA (CT)",0,2271,2271,0,5241,5241
42101026500,"Philadelphia, PA (CT)",0,1865,1865,0,4340,4340
42101026600,"Philadelphia, PA (CT)",0,2648,2648,0,6667,6667
42101026700,"Philadelphia, PA (CT)",0,2788,2788,0,6565,6565
42101026800,"Philadelphia, PA (CT)",0,2141,2141,0,4647,4647
42101026900,"Philadelphia, PA (CT)",0,744,744,0,2199,2199
42101027000,"Philadelphia, PA (CT)",0,981,981,0,2326,2326
42101027100,"Philadelphia, PA (CT)",0,926,926,0,2453,2453
42101027200,"Philadelphia, PA (CT)",0,1896,1896,0,4278,4278
42101027300,"Philadelphia, PA (CT)",0,2158,2158,0,6069,6069
42101027401,"Philadelphia, PA (CT)",0,1237,1237,0,3457,3457
42101027402,"Philadelphia, PA (CT)",0,2393,2393,0,6800,6800
42101027500,"Philadelphia, PA (CT)",0,1666,1666,0,4489,4489
42101027600,"Philadelphia, PA (CT)",0,1805,1805,0,3600,3600
42101027700,"Philadelphia, PA (CT)",0,2311,2311,0,4788,4788
42101027800,"Philadelphia, PA (CT)",0,2203,2203,0,4481,4481
42101027901,"Philadelphia, PA (CT)",0,1653,1653,0,3827,3827
42101027902,"Philadelphia, PA (CT)",0,1093,1093,0,3873,3873
42101028000,"Philadelphia, PA (CT)",0,1860,1860,0,4272,4272
42101028100,"Philadelphia, PA (CT)",0,1476,1476,0,3589,3589
42101028200,"Philadelphia, PA (CT)",0,2193,2193,0,4899,4899
42101028300,"Philadelphia, PA (CT)",0,2771,2771,0,6173,6173
42101028400,"Philadelphia, PA (CT)",0,1424,1424,0,4085,4085
42101028500,"Philadelphia, PA (CT)",0,887,887,0,2375,2375
42101028600,"Philadelphia, PA (CT)",0,2375,2375,0,7124,7124
42101028700,"Philadelphia, PA (CT)",0,878,878,0,2507,2507
42101028800,"Philadelphia, PA (CT)",0,1442,1442,0,4245,4245
42101028901,"Philadelphia, PA (CT)",0,1281,1281,0,3857,3857
42101028902,"Philadelphia, PA (CT)",0,1975,1975,0,6315,6315
42101029000,"Philadelphia, PA (CT)",0,2150,2150,0,6160,6160
42101029100,"Philadelphia, PA (CT)",0,1619,1619,0,4685,4685
42101029200,"Philadelphia, PA (CT)",0,1429,1429,0,4080,4080
42101029300,"Philadelphia, PA (CT)",0,1204,1204,0,2891,2891
42101029400,"Philadelphia, PA (CT)",0,1283,1283,0,3141,3141
42101029800,"Philadelphia, PA (CT)",0,1934,1934,0,4715,4715
42101029900,"Philadelphia, PA (CT)",0,1737,1737,0,4700,4700
42101030000,"Philadelphia, PA (CT)",0,3007,3007,0,7478,7478
42101030100,"Philadelphia, PA (CT)",0,2489,2489,0,5869,5869
42101030200,"Philadelphia, PA (CT)",0,2652,2652,0,7345,7345
42101030501,"Philadelphia, PA (CT)",0,1918,1918,0,5231,5231
42101030502,"Philadelphia, PA (CT)",0,2077,2077,0,5839,5839
42101030600,"Philadelphia, PA (CT)",0,2872,2872,0,7115,7115
42101030700,"Philadelphia, PA (CT)",0,1518,1518,0,3235,3235
42101030800,"Philadelphia, PA (CT)",0,1798,1798,0,4874,4874
42101030900,"Philadelphia, PA (CT)",0,1443,1443,0,3991,3991
42101031000,"Philadelphia, PA (CT)",0,2295,2295,0,6755,6755
42101031101,"Philadelphia, PA (CT)",0,1693,1693,0,4898,4898
42101031102,"Philadelphia, PA (CT)",0,1505,1505,0,4465,4465
42101031200,"Philadelphia, PA (CT)",0,1698,1698,0,4673,4673
42101031300,"Philadelphia, PA (CT)",0,2384,2384,0,6945,6945
42101031401,"Philadelphia, PA (CT)",0,2222,2222,0,6664,6664
42101031402,"Philadelphia, PA (CT)",0,1908,1908,0,5595,5595
42101031501,"Philadelphia, PA (CT)",0,2419,2419,0,6217,6217
42101031502,"Philadelphia, PA (CT)",0,1608,1608,0,4018,4018
42101031600,"Philadelphia, PA (CT)",0,2270,2270,0,6045,6045
42101031700,"Philadelphia, PA (CT)",0,2365,2365,0,6093,6093
42101031800,"Philadelphia, PA (CT)",0,1516,1516,0,4017,4017
42101031900,"Philadelphia, PA (CT)",0,1862,1862,0,4971,4971
42101032000,"Philadelphia, PA (CT)",0,2656,2656,0,6599,6599
42101032100,"Philadelphia, PA (CT)",0,1584,1584,0,3903,3903
42101032300,"Philadelphia, PA (CT)",0,1574,1574,0,3835,3835
42101032500,"Philadelphia, PA (CT)",0,2434,2434,0,5766,5766
42101032600,"Philadelphia, PA (CT)",0,2697,2697,0,6942,6942
42101032900,"Philadelphia, PA (CT)",0,1831,1831,0,4089,4089
42101033000,"Philadelphia, PA (CT)",0,2889,2889,0,7645,7645
42101033101,"Philadelphia, PA (CT)",0,1921,1921,0,4913,4913
42101033102,"Philadelphia, PA (CT)",0,1833,1833,0,4145,4145
42101033200,"Philadelphia, PA (CT)",0,1034,1034,0,2741,2741
42101033300,"Philadelphia, PA (CT)",0,1772,1772,0,4244,4244
42101033400,"Philadelphia, PA (CT)",0,2025,2025,0,4734,4734
42101033500,"Philadelphia, PA (CT)",0,1444,1444,0,3680,3680
42101033600,"Philadelphia, PA (CT)",0,2999,2999,0,6866,6866
42101033701,"Philadelphia, PA (CT)",0,2430,2430,0,5128,5128
42101033702,"Philadelphia, PA (CT)",0,2063,2063,0,5175,5175
42101033800,"Philadelphia, PA (CT)",0,2651,2651,0,6040,6040
42101033900,"Philadelphia, PA (CT)",0,1305,1305,0,2924,2924
42101034000,"Philadelphia, PA (CT)",0,1106,1106,0,2872,2872
42101034100,"Philadelphia, PA (CT)",0,2622,2622,0,5577,5577
42101034200,"Philadelphia, PA (CT)",0,1665,1665,0,3399,3399
42101034400,"Philadelphia, PA (CT)",0,2807,2807,0,7662,7662
42101034501,"Philadelphia, PA (CT)",0,1932,1932,0,3370,3370
42101034502,"Philadelphia, PA (CT)",0,2554,2554,0,5285,5285
42101034600,"Philadelphia, PA (CT)",0,1303,1303,0,2250,2250
42101034701,"Philadelphia, PA (CT)",0,2555,2555,0,6399,6399
42101034702,"Philadelphia, PA (CT)",0,1475,1475,0,3807,3807
42101034801,"Philadelphia, PA (CT)",0,1996,1996,0,4299,4299
42101034802,"Philadelphia, PA (CT)",0,2281,2281,0,5373,5373
42101034803,"Philadelphia, PA (CT)",0,1794,1794,0,4390,4390
42101034900,"Philadelphia, PA (CT)",0,2732,2732,0,5543,5543
42101035100,"Philadelphia, PA (CT)",0,2462,2462,0,4086,4086
42101035200,"Philadelphia, PA (CT)",0,1828,1828,0,4482,4482
42101035301,"Philadelphia, PA (CT)",0,2061,2061,0,5300,5300
42101035302,"Philadelphia, PA (CT)",0,2013,2013,0,4462,4462
42101035500,"Philadelphia, PA (CT)",0,3079,3079,0,7282,7282
42101035601,"Philadelphia, PA (CT)",0,2525,2525,0,5439,5439
42101035602,"Philadelphia, PA (CT)",0,1310,1310,0,3617,3617
42101035701,"Philadelphia, PA (CT)",0,2007,2007,0,4745,4745
42101035702,"Philadelphia, PA (CT)",0,1821,1821,0,4405,4405
42101035800,"Philadelphia, PA (CT)",0,2347,2347,0,5948,5948
42101035900,"Philadelphia, PA (CT)",0,2242,2242,0,5309,5309
42101036000,"Philadelphia, PA (CT)",0,1188,1188,0,3201,3201
42101036100,"Philadelphia, PA (CT)",0,1628,1628,0,4083,4083
42101036201,"Philadelphia, PA (CT)",0,2149,2149,0,4744,4744
42101036202,"Philadelphia, PA (CT)",0,2409,2409,0,6138,6138
42101036203,"Philadelphia, PA (CT)",0,1923,1923,0,5129,5129
42101036301,"Philadelphia, PA (CT)",0,1382,1382,0,3695,3695
42101036302,"Philadelphia, PA (CT)",0,1346,1346,0,3543,3543
42101036303,"Philadelphia, PA (CT)",0,2519,2519,0,6726,6726
42101036400,"Philadelphia, PA (CT)",0,417,417,0,703,703
42101036501,"Philadelphia, PA (CT)",0,2458,2458,0,5562,5562
42101036502,"Philadelphia, PA (CT)",0,1518,1518,0,4077,4077
42101036600,"Philadelphia, PA (CT)",0,1350,1350,0,1643,1643
42101036700,"Philadelphia, PA (CT)",0,1529,1529,0,2542,2542
42101036900,"Philadelphia, PA (CT)",0,708,708,0,6966,6966
42101037200,"Philadelphia, PA (CT)",0,1882,1882,0,4244,4244
42101037300,"Philadelphia, PA (CT)",0,2625,2625,0,5137,5137
42101037500,"Philadelphia, PA (CT)",0,1557,1557,0,3771,3771
42101037600,"Philadelphia, PA (CT)",0,1220,1220,0,2986,2986
42101037700,"Philadelphia, PA (CT)",0,1506,1506,0,5635,5635
42101037800,"Philadelphia, PA (CT)",0,1192,1192,0,2504,2504
42101037900,"Philadelphia, PA (CT)",0,2386,2386,0,5315,5315
42101038000,"Philadelphia, PA (CT)",0,960,960,0,2375,2375
42101038100,"Philadelphia, PA (CT)",0,332,332,0,833,833
42101038200,"Philadelphia, PA (CT)",0,1032,1032,0,2631,2631
42101038300,"Philadelphia, PA (CT)",0,1126,1126,0,4157,4157
42101038400,"Philadelphia, PA (CT)",0,1007,1007,0,2437,2437
42101038500,"Philadelphia, PA (CT)",0,939,939,0,1888,1888
42101038600,"Philadelphia, PA (CT)",0,605,605,0,1320,1320
42101038700,"Philadelphia, PA (CT)",0,735,735,0,2348,2348
42101038800,"Philadelphia, PA (CT)",0,1905,1905,0,3718,3718
42101038900,"Philadelphia, PA (CT)",0,1343,1343,0,3080,3080
42101039000,"Philadelphia, PA (CT)",0,2827,2827,0,8154,8154
42101980000,"Philadelphia, PA (CT)",0,85,85,0,601,601
42101980100,"Philadelphia, PA (CT)",0,46,46,0,74,74
42101980200,"Philadelphia, PA (CT)",0,65,65,0,504,504
42101980300,"Philadelphia, PA (CT)",0,1,1,0,2,2
42101980400,"Philadelphia, PA (CT)",0,0,0,0,0,0
42101980500,"Philadelphia, PA (CT)",0,0,0,0,0,0
42101980600,"Philadelphia, PA (CT)",0,0,0,0,0,0
42101980700,"Philadelphia, PA (CT)",0,1,1,0,5,5
42101980800,"Philadelphia, PA (CT)",0,4,4,0,6,6
42101980900,"Philadelphia, PA (CT)",0,20,20,0,30,30
42101989100,"Philadelphia, PA (CT)",0,0,0,0,7765,7765
42103950102,"Pike, PA (CT)",2350,0,2350,2475,0,2475
42103950103,"Pike, PA (CT)",0,1020,1020,0,2469,2469
42103950104,"Pike, PA (CT)",531,671,1202,1090,1233,2323
42103950201,"Pike, PA (CT)",3783,0,3783,3497,0,3497
42103950202,"Pike, PA (CT)",797,0,797,1497,0,1497
42103950301,"Pike, PA (CT)",2489,0,2489,2578,0,2578
42103950302,"Pike, PA (CT)",1599,0,1599,734,0,734
42103950501,"Pike, PA (CT)",864,0,864,1656,0,1656
42103950502,"Pike, PA (CT)",3107,0,3107,3163,0,3163
42103950601,"Pike, PA (CT)",262,468,730,601,929,1530
42103950603,"Pike, PA (CT)",0,580,580,0,1021,1021
42103950605,"Pike, PA (CT)",805,2049,2854,1579,4268,5847
42103950606,"Pike, PA (CT)",1407,1085,2492,3314,2765,6079
42103950701,"Pike, PA (CT)",2269,0,2269,3817,0,3817
42103950702,"Pike, PA (CT)",1938,0,1938,3579,0,3579
42103950801,"Pike, PA (CT)",2705,0,2705,5278,0,5278
42103950802,"Pike, PA (CT)",654,2779,3433,1296,4089,5385
42103950900,"Pike, PA (CT)",4138,0,4138,4441,0,4441
42105950100,"Potter, PA (CT)",2993,0,2993,4584,0,4584
42105950200,"Potter, PA (CT)",1974,0,1974,3284,0,3284
42105950300,"Potter, PA (CT)",2343,0,2343,4307,0,4307
42105950400,"Potter, PA (CT)",3120,0,3120,3100,0,3100
42105950500,"Potter, PA (CT)",2502,0,2502,2182,0,2182
42107000100,"Schuylkill, PA (CT)",2649,0,2649,5172,0,5172
42107000200,"Schuylkill, PA (CT)",0,1195,1195,0,2300,2300
42107000300,"Schuylkill, PA (CT)",1959,557,2516,4133,1162,5295
42107000400,"Schuylkill, PA (CT)",829,292,1121,1739,3872,5611
42107000500,"Schuylkill, PA (CT)",0,2414,2414,0,4162,4162
42107000601,"Schuylkill, PA (CT)",0,2255,2255,0,3658,3658
42107000602,"Schuylkill, PA (CT)",0,857,857,0,1413,1413
42107000700,"Schuylkill, PA (CT)",993,937,1930,2014,1627,3641
42107000800,"Schuylkill, PA (CT)",0,1977,1977,0,3805,3805
42107000900,"Schuylkill, PA (CT)",945,1929,2874,2121,5385,7506
42107001000,"Schuylkill, PA (CT)",0,1677,1677,0,2817,2817
42107001100,"Schuylkill, PA (CT)",1085,0,1085,2345,0,2345
42107001200,"Schuylkill, PA (CT)",1995,0,1995,4370,0,4370
42107001300,"Schuylkill, PA (CT)",1360,0,1360,3158,0,3158
42107001400,"Schuylkill, PA (CT)",621,456,1077,1378,994,2372
42107001500,"Schuylkill, PA (CT)",0,2315,2315,0,4397,4397
42107001600,"Schuylkill, PA (CT)",391,1430,1821,915,3208,4123
42107001700,"Schuylkill, PA (CT)",0,1517,1517,0,3173,3173
42107001800,"Schuylkill, PA (CT)",0,984,984,0,2032,2032
42107001900,"Schuylkill, PA (CT)",0,2887,2887,0,5475,5475
42107002000,"Schuylkill, PA (CT)",0,1652,1652,0,3644,3644
42107002100,"Schuylkill, PA (CT)",0,690,690,0,1489,1489
42107002200,"Schuylkill, PA (CT)",66,1236,1302,137,2615,2752
42107002300,"Schuylkill, PA (CT)",0,1598,1598,0,3004,3004
42107002400,"Schuylkill, PA (CT)",1063,174,1237,2047,367,2414
42107002500,"Schuylkill, PA (CT)",994,0,994,2183,0,2183
42107002600,"Schuylkill, PA (CT)",132,1954,2086,250,3864,4114
42107002700,"Schuylkill, PA (CT)",130,1350,1480,256,2737,2993
42107002800,"Schuylkill, PA (CT)",0,1154,1154,0,2281,2281
42107002900,"Schuylkill, PA (CT)",2434,0,2434,5351,0,5351
42107003000,"Schuylkill, PA (CT)",1473,956,2429,3398,2107,5505
42107003100,"Schuylkill, PA (CT)",0,1290,1290,0,3099,3099
42107003200,"Schuylkill, PA (CT)",651,1695,2346,1511,4028,5539
42107003300,"Schuylkill, PA (CT)",0,2529,2529,0,5437,5437
42107003400,"Schuylkill, PA (CT)",698,847,1545,1692,1710,3402
42107003500,"Schuylkill, PA (CT)",1157,1060,2217,2716,2397,5113
42107003600,"Schuylkill, PA (CT)",1220,0,1220,3033,0,3033
42107003700,"Schuylkill, PA (CT)",601,1201,1802,1251,2551,3802
42107003800,"Schuylkill, PA (CT)",0,996,996,0,2186,2186
42107003900,"Schuylkill, PA (CT)",1238,578,1816,2898,1225,4123
42109070100,"Snyder, PA (CT)",767,1780,2547,1875,3706,5581
42109070200,"Snyder, PA (CT)",1617,1483,3100,4007,3813,7820
42109070300,"Snyder, PA (CT)",2478,0,2478,6026,0,6026
42109070400,"Snyder, PA (CT)",2385,0,2385,5651,0,5651
42109070500,"Snyder, PA (CT)",1641,0,1641,3667,0,3667
42109070600,"Snyder, PA (CT)",1942,0,1942,5303,0,5303
42109070701,"Snyder, PA (CT)",0,1799,1799,0,3731,3731
42109980705,"Snyder, PA (CT)",0,135,135,0,1923,1923
42111020101,"Somerset, PA (CT)",741,200,941,1641,433,2074
42111020102,"Somerset, PA (CT)",1701,752,2453,3826,1570,5396
42111020200,"Somerset, PA (CT)",1498,640,2138,3294,1379,4673
42111020300,"Somerset, PA (CT)",0,2089,2089,0,4138,4138
42111020400,"Somerset, PA (CT)",1886,0,1886,3898,0,3898
42111020500,"Somerset, PA (CT)",1364,0,1364,3025,0,3025
42111020600,"Somerset, PA (CT)",2917,0,2917,6094,0,6094
42111020700,"Somerset, PA (CT)",2330,0,2330,2942,0,2942
42111020800,"Somerset, PA (CT)",1196,591,1787,2690,3540,6230
42111020900,"Somerset, PA (CT)",1349,667,2016,3126,2766,5892
42111021000,"Somerset, PA (CT)",0,2026,2026,0,4044,4044
42111021100,"Somerset, PA (CT)",0,1192,1192,0,2233,2233
42111021200,"Somerset, PA (CT)",1821,0,1821,2868,0,2868
42111021300,"Somerset, PA (CT)",1890,0,1890,3464,0,3464
42111021400,"Somerset, PA (CT)",1932,0,1932,4502,0,4502
42111021500,"Somerset, PA (CT)",966,187,1153,2315,412,2727
42111021600,"Somerset, PA (CT)",0,1086,1086,0,2184,2184
42111021700,"Somerset, PA (CT)",1289,0,1289,2968,0,2968
42111021800,"Somerset, PA (CT)",1643,0,1643,3584,0,3584
42111021901,"Somerset, PA (CT)",2607,0,2607,2464,0,2464
42111021902,"Somerset, PA (CT)",1553,0,1553,2342,0,2342
42113960100,"Sullivan, PA (CT)",3022,0,3022,3672,0,3672
42113960200,"Sullivan, PA (CT)",3282,0,3282,2756,0,2756
42115032000,"Susquehanna, PA (CT)",1763,0,1763,3172,0,3172
42115032100,"Susquehanna, PA (CT)",2200,0,2200,3945,0,3945
42115032200,"Susquehanna, PA (CT)",701,1152,1853,1564,2422,3986
42115032300,"Susquehanna, PA (CT)",745,1156,1901,1272,2585,3857
42115032400,"Susquehanna, PA (CT)",3158,0,3158,4321,0,4321
42115032500,"Susquehanna, PA (CT)",2414,0,2414,4340,0,4340
42115032600,"Susquehanna, PA (CT)",2160,0,2160,4461,0,4461
42115032700,"Susquehanna, PA (CT)",1863,0,1863,3742,0,3742
42115032800,"Susquehanna, PA (CT)",2454,0,2454,5279,0,5279
42115032901,"Susquehanna, PA (CT)",2239,2,2241,4336,6,4342
42115032902,"Susquehanna, PA (CT)",0,961,961,0,1911,1911
42117950100,"Tioga, PA (CT)",1899,0,1899,4186,0,4186
42117950200,"Tioga, PA (CT)",1712,0,1712,3688,0,3688
42117950300,"Tioga, PA (CT)",1846,0,1846,3823,0,3823
42117950400,"Tioga, PA (CT)",2314,0,2314,4111,0,4111
42117950500,"Tioga, PA (CT)",2302,181,2483,4154,405,4559
42117950600,"Tioga, PA (CT)",1048,1188,2236,2274,3747,6021
42117950700,"Tioga, PA (CT)",2439,0,2439,5251,0,5251
42117950800,"Tioga, PA (CT)",1653,0,1653,3263,0,3263
42117950900,"Tioga, PA (CT)",2872,0,2872,3974,0,3974
42117951000,"Tioga, PA (CT)",1910,0,1910,3105,0,3105
42119090102,"Union, PA (CT)",1643,729,2372,4016,1542,5558
42119090200,"Union, PA (CT)",3216,216,3432,5947,505,6452
42119090300,"Union, PA (CT)",0,1715,1715,0,3646,3646
42119090400,"Union, PA (CT)",1615,163,1778,3662,439,4101
42119090502,"Union, PA (CT)",1716,1390,3106,4449,2727,7176
42119090600,"Union, PA (CT)",459,1855,2314,1167,4302,5469
42119090700,"Union, PA (CT)",0,2206,2206,0,4095,4095
42119980101,"Union, PA (CT)",4,3,7,3,3870,3873
42119980501,"Union, PA (CT)",0,39,39,0,1845,1845
42119980800,"Union, PA (CT)",0,28,28,0,2732,2732
42121200000,"Venango, PA (CT)",1719,0,1719,3562,0,3562
42121200100,"Venango, PA (CT)",1885,0,1885,4167,0,4167
42121200200,"Venango, PA (CT)",2484,174,2658,5500,330,5830
42121200300,"Venango, PA (CT)",0,790,790,0,1771,1771
42121200400,"Venango, PA (CT)",0,1247,1247,0,2308,2308
42121200500,"Venango, PA (CT)",0,1138,1138,0,2466,2466
42121200600,"Venango, PA (CT)",1007,1340,2347,2226,3068,5294
42121200700,"Venango, PA (CT)",0,1112,1112,0,2201,2201
42121200800,"Venango, PA (CT)",0,1155,1155,0,2465,2465
42121200900,"Venango, PA (CT)",0,1307,1307,0,2509,2509
42121201000,"Venango, PA (CT)",0,1484,1484,0,3382,3382
42121201100,"Venango, PA (CT)",1913,767,2680,2967,1868,4835
42121201200,"Venango, PA (CT)",844,512,1356,1922,1084,3006
42121201300,"Venango, PA (CT)",1052,682,1734,2254,1425,3679
42121201400,"Venango, PA (CT)",2074,0,2074,3908,0,3908
42121201500,"Venango, PA (CT)",2778,0,2778,3601,0,3601
42123970100,"Warren, PA (CT)",1014,479,1493,1438,918,2356
42123970200,"Warren, PA (CT)",1323,481,1804,2874,1080,3954
42123970300,"Warren, PA (CT)",2320,204,2524,5587,458,6045
42123970400,"Warren, PA (CT)",1784,72,1856,2768,139,2907
42123970500,"Warren, PA (CT)",607,1165,1772,1014,2599,3613
42123970600,"Warren, PA (CT)",802,860,1662,1687,1907,3594
42123970700,"Warren, PA (CT)",0,1233,1233,0,2621,2621
42123970800,"Warren, PA (CT)",0,1863,1863,0,3603,3603
42123970900,"Warren, PA (CT)",0,1786,1786,0,3486,3486
42123971000,"Warren, PA (CT)",949,215,1164,1909,399,2308
42123971100,"Warren, PA (CT)",2253,737,2990,1532,1589,3121
42123971200,"Warren, PA (CT)",1627,0,1627,2337,0,2337
42123971400,"Warren, PA (CT)",1786,0,1786,1870,0,1870
42125704100,"Washington, PA (CT)",0,727,727,0,1934,1934
42125711000,"Washington, PA (CT)",1529,129,1658,3533,302,3835
42125712700,"Washington, PA (CT)",0,674,674,0,1388,1388
42125713700,"Washington, PA (CT)",919,1146,2065,2033,2443,4476
42125714000,"Washington, PA (CT)",627,636,1263,1415,1429,2844
42125715700,"Washington, PA (CT)",0,885,885,0,1766,1766
42125721000,"Washington, PA (CT)",1838,0,1838,4209,0,4209
42125722700,"Washington, PA (CT)",1345,147,1492,3188,327,3515
42125731000,"Washington, PA (CT)",2503,35,2538,5956,97,6053
42125732000,"Washington, PA (CT)",1376,23,1399,3292,47,3339
42125741100,"Washington, PA (CT)",557,1176,1733,1362,2779,4141
42125741300,"Washington, PA (CT)",323,1295,1618,699,2647,3346
42125742100,"Washington, PA (CT)",232,2421,2653,562,5519,6081
42125742200,"Washington, PA (CT)",684,57,741,1603,134,1737
42125743700,"Washington, PA (CT)",0,652,652,0,1296,1296
42125744100,"Washington, PA (CT)",0,2838,2838,0,5675,5675
42125744200,"Washington, PA (CT)",0,1691,1691,0,3317,3317
42125745100,"Washington, PA (CT)",0,3705,3705,0,8564,8564
42125745200,"Washington, PA (CT)",1138,846,1984,2772,2072,4844
42125746100,"Washington, PA (CT)",0,2352,2352,0,6096,6096
42125746200,"Washington, PA (CT)",0,1578,1578,0,4223,4223
42125746301,"Washington, PA (CT)",0,1894,1894,0,5455,5455
42125746302,"Washington, PA (CT)",204,1531,1735,555,4884,5439
42125751100,"Washington, PA (CT)",248,2089,2337,600,4626,5226
42125751200,"Washington, PA (CT)",18,1405,1423,50,3099,3149
42125752700,"Washington, PA (CT)",222,1816,2038,539,4044,4583
42125753700,"Washington, PA (CT)",0,942,942,0,2234,2234
42125754200,"Washington, PA (CT)",0,1180,1180,0,2461,2461
42125754300,"Washington, PA (CT)",0,1624,1624,0,3170,3170
42125754400,"Washington, PA (CT)",0,910,910,0,1864,1864
42125754500,"Washington, PA (CT)",0,1316,1316,0,2561,2561
42125754600,"Washington, PA (CT)",0,864,864,0,1673,1673
42125755100,"Washington, PA (CT)",0,2199,2199,0,4041,4041
42125755200,"Washington, PA (CT)",536,1771,2307,1333,3972,5305
42125755700,"Washington, PA (CT)",1460,153,1613,3441,310,3751
42125761000,"Washington, PA (CT)",2356,71,2427,5239,172,5411
42125762000,"Washington, PA (CT)",1261,0,1261,2676,0,2676
42125763700,"Washington, PA (CT)",723,0,723,1587,0,1587
42125764000,"Washington, PA (CT)",355,1409,1764,788,2820,3608
42125771100,"Washington, PA (CT)",1647,894,2541,3645,2082,5727
42125771200,"Washington, PA (CT)",147,1560,1707,258,3212,3470
42125772700,"Washington, PA (CT)",0,1066,1066,0,2184,2184
42125773100,"Washington, PA (CT)",0,1542,1542,0,2859,2859
42125773200,"Washington, PA (CT)",0,723,723,0,1441,1441
42125774700,"Washington, PA (CT)",262,2225,2487,521,5119,5640
42125775200,"Washington, PA (CT)",0,1320,1320,0,2344,2344
42125775300,"Washington, PA (CT)",0,1390,1390,0,2437,2437
42125781700,"Washington, PA (CT)",1082,860,1942,2406,1915,4321
42125782700,"Washington, PA (CT)",0,709,709,0,1313,1313
42125783200,"Washington, PA (CT)",0,1411,1411,0,2331,2331
42125783300,"Washington, PA (CT)",0,1034,1034,0,1789,1789
42125784000,"Washington, PA (CT)",213,1174,1387,478,2329,2807
42125791000,"Washington, PA (CT)",213,538,751,469,1113,1582
42125792100,"Washington, PA (CT)",374,1126,1500,904,3023,3927
42125792200,"Washington, PA (CT)",0,824,824,0,3007,3007
42125795700,"Washington, PA (CT)",417,712,1129,877,1477,2354
42125795800,"Washington, PA (CT)",334,1173,1507,793,2991,3784
42125795900,"Washington, PA (CT)",1302,668,1970,2902,1353,4255
42125796000,"Washington, PA (CT)",1396,0,1396,3375,0,3375
42127960100,"Wayne, PA (CT)",1209,0,1209,1356,0,1356
42127960200,"Wayne, PA (CT)",2412,0,2412,3137,0,3137
42127960300,"Wayne, PA (CT)",1061,235,1296,1809,494,2303
42127960400,"Wayne, PA (CT)",1521,117,1638,2875,237,3112
42127960500,"Wayne, PA (CT)",2296,0,2296,3659,0,3659
42127960600,"Wayne, PA (CT)",2538,10,2548,5108,20,5128
42127960700,"Wayne, PA (CT)",109,2248,2357,241,4239,4480
42127960800,"Wayne, PA (CT)",1396,606,2002,3165,1299,4464
42127960900,"Wayne, PA (CT)",1748,0,1748,7072,0,7072
42127961000,"Wayne, PA (CT)",4009,0,4009,5269,0,5269
42127961100,"Wayne, PA (CT)",4030,0,4030,3828,0,3828
42127961200,"Wayne, PA (CT)",3019,0,3019,4271,0,4271
42127961300,"Wayne, PA (CT)",1437,0,1437,2862,0,2862
42127961400,"Wayne, PA (CT)",1652,0,1652,1881,0,1881
42129800100,"Westmoreland, PA (CT)",0,834,834,0,1193,1193
42129800200,"Westmoreland, PA (CT)",0,682,682,0,1428,1428
42129800300,"Westmoreland, PA (CT)",0,1295,1295,0,2536,2536
42129800400,"Westmoreland, PA (CT)",0,748,748,0,1440,1440
42129800500,"Westmoreland, PA (CT)",0,1272,1272,0,2524,2524
42129800600,"Westmoreland, PA (CT)",0,1264,1264,0,2495,2495
42129800700,"Westmoreland, PA (CT)",0,1416,1416,0,2188,2188
42129800800,"Westmoreland, PA (CT)",0,862,862,0,1783,1783
42129800900,"Westmoreland, PA (CT)",0,1338,1338,0,2686,2686
42129801001,"Westmoreland, PA (CT)",0,1724,1724,0,3993,3993
42129801002,"Westmoreland, PA (CT)",441,826,1267,988,1633,2621
42129801100,"Westmoreland, PA (CT)",27,2363,2390,54,5093,5147
42129801200,"Westmoreland, PA (CT)",1330,1069,2399,3075,2462,5537
42129801300,"Westmoreland, PA (CT)",354,1625,1979,788,3633,4421
42129801400,"Westmoreland, PA (CT)",0,957,957,0,1899,1899
42129801500,"Westmoreland, PA (CT)",0,1326,1326,0,2568,2568
42129801600,"Westmoreland, PA (CT)",0,805,805,0,1412,1412
42129801701,"Westmoreland, PA (CT)",921,69,990,2175,151,2326
42129801702,"Westmoreland, PA (CT)",1445,559,2004,3329,1441,4770
42129801703,"Westmoreland, PA (CT)",574,622,1196,1231,1401,2632
42129801800,"Westmoreland, PA (CT)",2541,342,2883,5817,733,6550
42129801900,"Westmoreland, PA (CT)",2449,826,3275,5267,1356,6623
42129802001,"Westmoreland, PA (CT)",740,245,985,1998,728,2726
42129802002,"Westmoreland, PA (CT)",104,3323,3427,265,7346,7611
42129802101,"Westmoreland, PA (CT)",211,1939,2150,564,4402,4966
42129802102,"Westmoreland, PA (CT)",485,2149,2634,1163,4908,6071
42129802103,"Westmoreland, PA (CT)",259,694,953,599,1729,2328
42129802200,"Westmoreland, PA (CT)",0,1629,1629,0,3113,3113
42129802301,"Westmoreland, PA (CT)",311,2104,2415,706,5369,6075
42129802303,"Westmoreland, PA (CT)",0,1241,1241,0,3111,3111
42129802304,"Westmoreland, PA (CT)",236,2187,2423,582,6041,6623
42129802400,"Westmoreland, PA (CT)",782,1120,1902,1824,2545,4369
42129802500,"Westmoreland, PA (CT)",0,1117,1117,0,2234,2234
42129802600,"Westmoreland, PA (CT)",0,1730,1730,0,3627,3627
42129802700,"Westmoreland, PA (CT)",0,998,998,0,2012,2012
42129802800,"Westmoreland, PA (CT)",0,1295,1295,0,2256,2256
42129802900,"Westmoreland, PA (CT)",0,2229,2229,0,5382,5382
42129803000,"Westmoreland, PA (CT)",0,2614,2614,0,4819,4819
42129803100,"Westmoreland, PA (CT)",102,1718,1820,234,3891,4125
42129803200,"Westmoreland, PA (CT)",287,856,1143,670,1800,2470
42129803301,"Westmoreland, PA (CT)",0,2680,2680,0,5957,5957
42129803302,"Westmoreland, PA (CT)",273,1416,1689,746,3391,4137
42129803400,"Westmoreland, PA (CT)",0,1245,1245,0,3190,3190
42129803501,"Westmoreland, PA (CT)",76,1776,1852,192,4409,4601
42129803502,"Westmoreland, PA (CT)",0,1681,1681,0,3986,3986
42129803600,"Westmoreland, PA (CT)",119,700,819,236,1481,1717
42129803700,"Westmoreland, PA (CT)",61,1868,1929,148,4018,4166
42129803800,"Westmoreland, PA (CT)",856,1722,2578,1896,3942,5838
42129803901,"Westmoreland, PA (CT)",0,1594,1594,0,3170,3170
42129803902,"Westmoreland, PA (CT)",0,1649,1649,0,3878,3878
42129804000,"Westmoreland, PA (CT)",0,734,734,0,1325,1325
42129804100,"Westmoreland, PA (CT)",0,1590,1590,0,2668,2668
42129804200,"Westmoreland, PA (CT)",0,1942,1942,0,3851,3851
42129804300,"Westmoreland, PA (CT)",0,1165,1165,0,2155,2155
42129804400,"Westmoreland, PA (CT)",0,1137,1137,0,2117,2117
42129804501,"Westmoreland, PA (CT)",456,1487,1943,1048,3756,4804
42129804502,"Westmoreland, PA (CT)",0,2750,2750,0,5736,5736
42129804600,"Westmoreland, PA (CT)",0,1593,1593,0,3050,3050
42129804701,"Westmoreland, PA (CT)",493,834,1327,1099,2048,3147
42129804702,"Westmoreland, PA (CT)",0,2269,2269,0,6708,6708
42129804801,"Westmoreland, PA (CT)",0,1306,1306,0,2458,2458
42129804802,"Westmoreland, PA (CT)",325,2404,2729,651,5814,6465
42129804900,"Westmoreland, PA (CT)",1045,1549,2594,2321,3111,5432
42129805000,"Westmoreland, PA (CT)",1152,620,1772,2537,1266,3803
42129805100,"Westmoreland, PA (CT)",714,563,1277,1647,1151,2798
42129805200,"Westmoreland, PA (CT)",0,1092,1092,0,2105,2105
42129805400,"Westmoreland, PA (CT)",0,1191,1191,0,1823,1823
42129805500,"Westmoreland, PA (CT)",0,1955,1955,0,3792,3792
42129805600,"Westmoreland, PA (CT)",0,979,979,0,1971,1971
42129805800,"Westmoreland, PA (CT)",379,1118,1497,891,2424,3315
42129805901,"Westmoreland, PA (CT)",450,283,733,1020,641,1661
42129805902,"Westmoreland, PA (CT)",723,2015,2738,1600,4787,6387
42129806000,"Westmoreland, PA (CT)",0,1361,1361,0,2633,2633
42129806100,"Westmoreland, PA (CT)",1601,54,1655,3485,138,3623
42129806200,"Westmoreland, PA (CT)",1139,0,1139,2572,0,2572
42129806300,"Westmoreland, PA (CT)",0,953,953,0,1982,1982
42129806400,"Westmoreland, PA (CT)",0,1191,1191,0,2402,2402
42129806500,"Westmoreland, PA (CT)",1019,1126,2145,2405,2378,4783
42129806600,"Westmoreland, PA (CT)",713,711,1424,1567,1613,3180
42129806700,"Westmoreland, PA (CT)",0,1418,1418,0,2869,2869
42129806800,"Westmoreland, PA (CT)",0,808,808,0,1585,1585
42129806900,"Westmoreland, PA (CT)",567,1272,1839,1326,2714,4040
42129807000,"Westmoreland, PA (CT)",1495,93,1588,3320,215,3535
42129807100,"Westmoreland, PA (CT)",662,834,1496,1454,1882,3336
42129807200,"Westmoreland, PA (CT)",941,2262,3203,2241,5372,7613
42129807300,"Westmoreland, PA (CT)",822,1513,2335,1932,3298,5230
42129807401,"Westmoreland, PA (CT)",827,164,991,1842,356,2198
42129807402,"Westmoreland, PA (CT)",211,2644,2855,480,7412,7892
42129807500,"Westmoreland, PA (CT)",0,1124,1124,0,2294,2294
42129807600,"Westmoreland, PA (CT)",0,1406,1406,0,2593,2593
42129807700,"Westmoreland, PA (CT)",0,1687,1687,0,3451,3451
42129807800,"Westmoreland, PA (CT)",152,1814,1966,319,3654,3973
42129807900,"Westmoreland, PA (CT)",2192,738,2930,4890,1720,6610
42129808100,"Westmoreland, PA (CT)",953,1033,1986,2033,2446,4479
42129808200,"Westmoreland, PA (CT)",0,1267,1267,0,2688,2688
42129808300,"Westmoreland, PA (CT)",2649,0,2649,5591,0,5591
42129808401,"Westmoreland, PA (CT)",1220,57,1277,1983,82,2065
42129808402,"Westmoreland, PA (CT)",1504,859,2363,3046,1659,4705
42129808500,"Westmoreland, PA (CT)",0,929,929,0,1573,1573
42129808600,"Westmoreland, PA (CT)",2574,0,2574,4773,0,4773
42131400100,"Wyoming, PA (CT)",1677,0,1677,3358,0,3358
42131400200,"Wyoming, PA (CT)",1993,65,2058,4096,54,4150
42131400300,"Wyoming, PA (CT)",1577,397,1974,3425,1252,4677
42131400400,"Wyoming, PA (CT)",1211,688,1899,2722,1551,4273
42131400500,"Wyoming, PA (CT)",2197,0,2197,4351,0,4351
42131400600,"Wyoming, PA (CT)",781,864,1645,1534,1821,3355
42131400700,"Wyoming, PA (CT)",1804,0,1804,4112,0,4112
42133000100,"York, PA (CT)",0,833,833,0,1284,1284
42133000200,"York, PA (CT)",0,1246,1246,0,2831,2831
42133000300,"York, PA (CT)",0,997,997,0,2363,2363
42133000400,"York, PA (CT)",0,913,913,0,2159,2159
42133000500,"York, PA (CT)",0,1175,1175,0,2605,2605
42133000600,"York, PA (CT)",0,1078,1078,0,2752,2752
42133000700,"York, PA (CT)",0,1191,1191,0,3247,3247
42133000800,"York, PA (CT)",0,933,933,0,2127,2127
42133000900,"York, PA (CT)",0,985,985,0,3238,3238
42133001000,"York, PA (CT)",0,650,650,0,1654,1654
42133001100,"York, PA (CT)",0,1381,1381,0,3789,3789
42133001200,"York, PA (CT)",0,1441,1441,0,3197,3197
42133001300,"York, PA (CT)",0,1347,1347,0,2924,2924
42133001400,"York, PA (CT)",0,2034,2034,0,4255,4255
42133001500,"York, PA (CT)",0,1438,1438,0,3742,3742
42133001600,"York, PA (CT)",0,854,854,0,1551,1551
42133010110,"York, PA (CT)",75,2894,2969,172,9487,9659
42133010120,"York, PA (CT)",0,1969,1969,0,4506,4506
42133010130,"York, PA (CT)",0,1343,1343,0,3479,3479
42133010210,"York, PA (CT)",0,1479,1479,0,3204,3204
42133010220,"York, PA (CT)",0,2505,2505,0,5820,5820
42133010300,"York, PA (CT)",0,701,701,0,1669,1669
42133010400,"York, PA (CT)",0,1575,1575,0,3705,3705
42133010510,"York, PA (CT)",16,1280,1296,27,4875,4902
42133010520,"York, PA (CT)",0,957,957,0,2302,2302
42133020100,"York, PA (CT)",12,1547,1559,33,3397,3430
42133020220,"York, PA (CT)",244,1490,1734,591,3490,4081
42133020221,"York, PA (CT)",402,1401,1803,1059,3600,4659
42133020222,"York, PA (CT)",1586,240,1826,3905,593,4498
42133020310,"York, PA (CT)",602,453,1055,1475,1155,2630
42133020320,"York, PA (CT)",3101,0,3101,7447,0,7447
42133020410,"York, PA (CT)",1301,892,2193,3232,1935,5167
42133020420,"York, PA (CT)",776,2602,3378,2039,6463,8502
42133020510,"York, PA (CT)",1448,0,1448,3766,0,3766
42133020521,"York, PA (CT)",245,2038,2283,601,4975,5576
42133020522,"York, PA (CT)",1123,473,1596,2896,1189,4085
42133020600,"York, PA (CT)",2393,547,2940,5723,1384,7107
42133020710,"York, PA (CT)",0,2697,2697,0,6517,6517
42133020720,"York, PA (CT)",61,3871,3932,160,9301,9461
42133020800,"York, PA (CT)",1636,1356,2992,4027,3483,7510
42133020910,"York, PA (CT)",288,2182,2470,676,5630,6306
42133020921,"York, PA (CT)",156,2624,2780,408,6699,7107
42133020922,"York, PA (CT)",814,855,1669,1866,2029,3895
42133021010,"York, PA (CT)",150,1699,1849,361,4648,5009
42133021020,"York, PA (CT)",238,2451,2689,614,5797,6411
42133021100,"York, PA (CT)",0,2031,2031,0,4510,4510
42133021210,"York, PA (CT)",0,3421,3421,0,8303,8303
42133021220,"York, PA (CT)",180,2311,2491,400,6862,7262
42133021300,"York, PA (CT)",0,2041,2041,0,4617,4617
42133021410,"York, PA (CT)",0,2336,2336,0,4861,4861
42133021420,"York, PA (CT)",0,2913,2913,0,7330,7330
42133021500,"York, PA (CT)",1,1824,1825,2,3825,3827
42133021600,"York, PA (CT)",113,1165,1278,295,2581,2876
42133021711,"York, PA (CT)",1016,172,1188,2592,486,3078
42133021712,"York, PA (CT)",2120,408,2528,5471,1060,6531
42133021720,"York, PA (CT)",544,1350,1894,1272,3076,4348
42133021801,"York, PA (CT)",87,1692,1779,171,4356,4527
42133021802,"York, PA (CT)",374,1216,1590,911,3239,4150
42133021900,"York, PA (CT)",0,2941,2941,0,6935,6935
42133022000,"York, PA (CT)",0,1620,1620,0,3623,3623
42133022100,"York, PA (CT)",0,1627,1627,0,3279,3279
42133022200,"York, PA (CT)",0,2089,2089,0,4372,4372
42133022300,"York, PA (CT)",0,1927,1927,0,4015,4015
42133022401,"York, PA (CT)",1287,0,1287,3380,0,3380
42133022402,"York, PA (CT)",1086,1900,2986,2812,4932,7744
42133022500,"York, PA (CT)",1529,8,1537,3773,23,3796
42133022600,"York, PA (CT)",1568,1647,3215,3816,4417,8233
42133022700,"York, PA (CT)",288,2961,3249,701,5617,6318
42133022800,"York, PA (CT)",245,2880,3125,612,7055,7667
42133022910,"York, PA (CT)",0,4128,4128,0,9580,9580
42133022920,"York, PA (CT)",190,1539,1729,457,3771,4228
42133023000,"York, PA (CT)",0,2183,2183,0,5067,5067
42133023100,"York, PA (CT)",0,2804,2804,0,6373,6373
42133023200,"York, PA (CT)",647,1838,2485,1699,4634,6333
42133023301,"York, PA (CT)",79,2300,2379,213,5908,6121
42133023302,"York, PA (CT)",128,2373,2501,300,6069,6369
42133023400,"York, PA (CT)",936,1680,2616,2200,3481,5681
42133023500,"York, PA (CT)",701,1578,2279,1656,3689,5345
42133023601,"York, PA (CT)",941,602,1543,2256,1417,3673
42133023602,"York, PA (CT)",1087,968,2055,2346,2497,4843
42133023710,"York, PA (CT)",1236,337,1573,3138,791,3929
42133023721,"York, PA (CT)",1974,421,2395,4839,1272,6111
42133023722,"York, PA (CT)",1221,0,1221,3028,0,3028
42133023810,"York, PA (CT)",800,1117,1917,1996,2682,4678
42133023821,"York, PA (CT)",118,2030,2148,292,5047,5339
42133023822,"York, PA (CT)",457,2350,2807,1153,5867,7020
42133023901,"York, PA (CT)",1072,1826,2898,2648,4876,7524
42133023902,"York, PA (CT)",1097,0,1097,2928,0,2928
42133024001,"York, PA (CT)",2363,0,2363,5541,0,5541
42133024002,"York, PA (CT)",1348,0,1348,3551,0,3551
44001030100,"Bristol, RI (CT)",0,1943,1943,0,4654,4654
44001030200,"Bristol, RI (CT)",0,1282,1282,0,3188,3188
44001030300,"Bristol, RI (CT)",0,1738,1738,0,4531,4531
44001030400,"Bristol, RI (CT)",0,1423,1423,0,3937,3937
44001030500,"Bristol, RI (CT)",0,1758,1758,0,3224,3224
44001030601,"Bristol, RI (CT)",166,1301,1467,424,2917,3341
44001030602,"Bristol, RI (CT)",0,1924,1924,0,4046,4046
44001030700,"Bristol, RI (CT)",0,2224,2224,0,3996,3996
44001030800,"Bristol, RI (CT)",0,1722,1722,0,5650,5650
44001030901,"Bristol, RI (CT)",0,2309,2309,0,6271,6271
44001030902,"Bristol, RI (CT)",90,2970,3060,146,6891,7037
44003020101,"Kent, RI (CT)",0,2927,2927,0,6438,6438
44003020102,"Kent, RI (CT)",0,2201,2201,0,4836,4836
44003020200,"Kent, RI (CT)",0,2404,2404,0,4905,4905
44003020300,"Kent, RI (CT)",0,2959,2959,0,5833,5833
44003020400,"Kent, RI (CT)",0,1348,1348,0,2919,2919
44003020500,"Kent, RI (CT)",0,2049,2049,0,4260,4260
44003020601,"Kent, RI (CT)",0,2225,2225,0,6286,6286
44003020602,"Kent, RI (CT)",0,1651,1651,0,3527,3527
44003020603,"Kent, RI (CT)",0,2891,2891,0,6527,6527
44003020604,"Kent, RI (CT)",0,2317,2317,0,5270,5270
44003020701,"Kent, RI (CT)",707,0,707,1920,0,1920
44003020702,"Kent, RI (CT)",1238,590,1828,3267,1365,4632
44003020703,"Kent, RI (CT)",524,2167,2691,1540,5312,6852
44003020800,"Kent, RI (CT)",1625,745,2370,4581,1554,6135
44003020901,"Kent, RI (CT)",0,1887,1887,0,3448,3448
44003020903,"Kent, RI (CT)",655,1504,2159,1962,4023,5985
44003020904,"Kent, RI (CT)",0,1357,1357,0,3713,3713
44003021001,"Kent, RI (CT)",0,1035,1035,0,2525,2525
44003021002,"Kent, RI (CT)",0,2282,2282,0,4932,4932
44003021100,"Kent, RI (CT)",0,2323,2323,0,5320,5320
44003021200,"Kent, RI (CT)",0,1644,1644,0,3656,3656
44003021300,"Kent, RI (CT)",0,2225,2225,0,4772,4772
44003021401,"Kent, RI (CT)",0,1586,1586,0,3937,3937
44003021402,"Kent, RI (CT)",0,1566,1566,0,3660,3660
44003021501,"Kent, RI (CT)",0,1437,1437,0,3194,3194
44003021502,"Kent, RI (CT)",0,1795,1795,0,4286,4286
44003021600,"Kent, RI (CT)",0,656,656,0,1526,1526
44003021700,"Kent, RI (CT)",0,2085,2085,0,4852,4852
44003021800,"Kent, RI (CT)",0,1812,1812,0,4144,4144
44003021901,"Kent, RI (CT)",0,1507,1507,0,3601,3601
44003021902,"Kent, RI (CT)",0,1211,1211,0,2727,2727
44003021903,"Kent, RI (CT)",0,1723,1723,0,3987,3987
44003022000,"Kent, RI (CT)",0,1717,1717,0,3360,3360
44003022100,"Kent, RI (CT)",0,2497,2497,0,5515,5515
44003022201,"Kent, RI (CT)",0,3009,3009,0,6799,6799
44003022202,"Kent, RI (CT)",0,2267,2267,0,3583,3583
44003022300,"Kent, RI (CT)",0,2330,2330,0,4167,4167
44003022400,"Kent, RI (CT)",0,1022,1022,0,2126,2126
44003980000,"Kent, RI (CT)",0,1,1,0,3,3
44005040101,"Newport, RI (CT)",0,2272,2272,0,4895,4895
44005040102,"Newport, RI (CT)",245,2302,2547,538,5345,5883
44005040103,"Newport, RI (CT)",570,2905,3475,221,6390,6611
44005040200,"Newport, RI (CT)",0,582,582,0,1127,1127
44005040302,"Newport, RI (CT)",0,1251,1251,0,2431,2431
44005040303,"Newport, RI (CT)",0,1376,1376,0,3178,3178
44005040304,"Newport, RI (CT)",0,1331,1331,0,2912,2912
44005040400,"Newport, RI (CT)",235,2847,3082,396,6106,6502
44005040500,"Newport, RI (CT)",0,2029,2029,0,4260,4260
44005040600,"Newport, RI (CT)",0,2360,2360,0,4416,4416
44005040700,"Newport, RI (CT)",0,1950,1950,0,3324,3324
44005040800,"Newport, RI (CT)",0,1652,1652,0,2511,2511
44005040900,"Newport, RI (CT)",285,2026,2311,331,4407,4738
44005041000,"Newport, RI (CT)",0,1451,1451,0,1965,1965
44005041100,"Newport, RI (CT)",0,1079,1079,0,1573,1573
44005041200,"Newport, RI (CT)",0,237,237,0,1885,1885
44005041300,"Newport, RI (CT)",357,2641,2998,457,4948,5405
44005041400,"Newport, RI (CT)",2367,0,2367,3492,0,3492
44005041601,"Newport, RI (CT)",0,1519,1519,0,3137,3137
44005041602,"Newport, RI (CT)",91,2049,2140,224,4196,4420
44005041701,"Newport, RI (CT)",377,1172,1549,962,2284,3246
44005041702,"Newport, RI (CT)",1553,685,2238,3402,1575,4977
44005990000,"Newport, RI (CT)",0,0,0,0,0,0
44007000101,"Providence, RI (CT)",0,1351,1351,0,5064,5064
44007000102,"Providence, RI (CT)",0,1950,1950,0,5303,5303
44007000200,"Providence, RI (CT)",0,2371,2371,0,6452,6452
44007000300,"Providence, RI (CT)",0,2647,2647,0,6714,6714
44007000400,"Providence, RI (CT)",0,1279,1279,0,3761,3761
44007000500,"Providence, RI (CT)",0,1138,1138,0,3040,3040
44007000600,"Providence, RI (CT)",0,563,563,0,1665,1665
44007000700,"Providence, RI (CT)",0,1101,1101,0,2671,2671
44007000800,"Providence, RI (CT)",0,2072,2072,0,4569,4569
44007000900,"Providence, RI (CT)",0,1264,1264,0,2317,2317
44007001000,"Providence, RI (CT)",0,1342,1342,0,2456,2456
44007001100,"Providence, RI (CT)",0,1313,1313,0,2473,2473
44007001200,"Providence, RI (CT)",0,1194,1194,0,2895,2895
44007001300,"Providence, RI (CT)",0,1776,1776,0,4256,4256
44007001400,"Providence, RI (CT)",0,2295,2295,0,6693,6693
44007001500,"Providence, RI (CT)",0,1108,1108,0,2994,2994
44007001600,"Providence, RI (CT)",0,2804,2804,0,8540,8540
44007001700,"Providence, RI (CT)",0,1513,1513,0,3744,3744
44007001800,"Providence, RI (CT)",0,2411,2411,0,7114,7114
44007001900,"Providence, RI (CT)",0,2393,2393,0,5559,5559
44007002000,"Providence, RI (CT)",0,2134,2134,0,6323,6323
44007002101,"Providence, RI (CT)",0,1057,1057,0,2575,2575
44007002102,"Providence, RI (CT)",0,2156,2156,0,5839,5839
44007002200,"Providence, RI (CT)",0,1851,1851,0,4746,4746
44007002300,"Providence, RI (CT)",0,2294,2294,0,5307,5307
44007002400,"Providence, RI (CT)",0,2200,2200,0,6760,6760
44007002500,"Providence, RI (CT)",0,1572,1572,0,2984,2984
44007002600,"Providence, RI (CT)",0,1563,1563,0,3098,3098
44007002700,"Providence, RI (CT)",0,1780,1780,0,5777,5777
44007002800,"Providence, RI (CT)",0,2747,2747,0,6092,6092
44007002900,"Providence, RI (CT)",0,3150,3150,0,6760,6760
44007003100,"Providence, RI (CT)",0,2470,2470,0,4315,4315
44007003200,"Providence, RI (CT)",0,1625,1625,0,3270,3270
44007003300,"Providence, RI (CT)",0,2105,2105,0,4132,4132
44007003400,"Providence, RI (CT)",0,2208,2208,0,4769,4769
44007003500,"Providence, RI (CT)",0,2704,2704,0,4474,4474
44007003601,"Providence, RI (CT)",0,1159,1159,0,3031,3031
44007003602,"Providence, RI (CT)",0,807,807,0,5937,5937
44007003700,"Providence, RI (CT)",0,2063,2063,0,3573,3573
44007010101,"Providence, RI (CT)",0,1718,1718,0,3870,3870
44007010102,"Providence, RI (CT)",0,1682,1682,0,3424,3424
44007010200,"Providence, RI (CT)",0,2924,2924,0,6600,6600
44007010300,"Providence, RI (CT)",0,1919,1919,0,4090,4090
44007010400,"Providence, RI (CT)",0,3031,3031,0,6661,6661
44007010501,"Providence, RI (CT)",0,1917,1917,0,4661,4661
44007010502,"Providence, RI (CT)",0,2263,2263,0,4731,4731
44007010600,"Providence, RI (CT)",0,3077,3077,0,6367,6367
44007010701,"Providence, RI (CT)",0,1054,1054,0,2378,2378
44007010702,"Providence, RI (CT)",0,1855,1855,0,4255,4255
44007010800,"Providence, RI (CT)",0,1988,1988,0,4763,4763
44007010900,"Providence, RI (CT)",0,1790,1790,0,4903,4903
44007011000,"Providence, RI (CT)",0,2135,2135,0,5534,5534
44007011100,"Providence, RI (CT)",0,1565,1565,0,4176,4176
44007011200,"Providence, RI (CT)",0,2524,2524,0,5673,5673
44007011301,"Providence, RI (CT)",0,1782,1782,0,4255,4255
44007011302,"Providence, RI (CT)",0,1515,1515,0,4012,4012
44007011401,"Providence, RI (CT)",126,3307,3433,346,7968,8314
44007011402,"Providence, RI (CT)",770,788,1558,2015,2078,4093
44007011403,"Providence, RI (CT)",0,2979,2979,0,7159,7159
44007011500,"Providence, RI (CT)",2,2981,2983,9,6142,6151
44007011600,"Providence, RI (CT)",0,2319,2319,0,6021,6021
44007011701,"Providence, RI (CT)",0,2077,2077,0,4745,4745
44007011702,"Providence, RI (CT)",0,1683,1683,0,4188,4188
44007011800,"Providence, RI (CT)",0,2964,2964,0,6734,6734
44007011901,"Providence, RI (CT)",0,1384,1384,0,3122,3122
44007011902,"Providence, RI (CT)",0,2566,2566,0,4780,4780
44007012000,"Providence, RI (CT)",0,2690,2690,0,5935,5935
44007012102,"Providence, RI (CT)",0,2074,2074,0,4325,4325
44007012103,"Providence, RI (CT)",0,1625,1625,0,2964,2964
44007012104,"Providence, RI (CT)",0,2069,2069,0,4218,4218
44007012200,"Providence, RI (CT)",457,2419,2876,1230,5957,7187
44007012300,"Providence, RI (CT)",37,2840,2877,93,6563,6656
44007012401,"Providence, RI (CT)",0,2914,2914,0,6950,6950
44007012402,"Providence, RI (CT)",0,1130,1130,0,2486,2486
44007012500,"Providence, RI (CT)",0,2642,2642,0,5490,5490
44007012601,"Providence, RI (CT)",262,454,716,602,3807,4409
44007012602,"Providence, RI (CT)",0,3127,3127,0,6997,6997
44007012701,"Providence, RI (CT)",211,1878,2089,533,4850,5383
44007012702,"Providence, RI (CT)",0,1974,1974,0,4641,4641
44007012801,"Providence, RI (CT)",38,2174,2212,80,4720,4800
44007012802,"Providence, RI (CT)",0,1031,1031,0,2391,2391
44007012803,"Providence, RI (CT)",639,1186,1825,1754,3022,4776
44007012900,"Providence, RI (CT)",47,2096,2143,29,4908,4937
44007013001,"Providence, RI (CT)",1005,350,1355,2660,819,3479
44007013002,"Providence, RI (CT)",1358,1563,2921,3674,3865,7539
44007013101,"Providence, RI (CT)",1920,0,1920,4590,0,4590
44007013102,"Providence, RI (CT)",1348,757,2105,3473,1683,5156
44007013201,"Providence, RI (CT)",845,1041,1886,2082,2450,4532
44007013202,"Providence, RI (CT)",2239,19,2258,5742,55,5797
44007013300,"Providence, RI (CT)",1775,0,1775,4606,0,4606
44007013400,"Providence, RI (CT)",0,1882,1882,0,3868,3868
44007013500,"Providence, RI (CT)",0,2067,2067,0,4700,4700
44007013600,"Providence, RI (CT)",0,1236,1236,0,2973,2973
44007013701,"Providence, RI (CT)",0,1760,1760,0,4138,4138
44007013702,"Providence, RI (CT)",0,1238,1238,0,2799,2799
44007013800,"Providence, RI (CT)",0,2199,2199,0,4768,4768
44007013900,"Providence, RI (CT)",0,1522,1522,0,2992,2992
44007014000,"Providence, RI (CT)",0,2425,2425,0,5772,5772
44007014100,"Providence, RI (CT)",0,2106,2106,0,5052,5052
44007014200,"Providence, RI (CT)",0,878,878,0,5715,5715
44007014300,"Providence, RI (CT)",0,2205,2205,0,4716,4716
44007014400,"Providence, RI (CT)",0,1786,1786,0,3693,3693
44007014501,"Providence, RI (CT)",0,1729,1729,0,5179,5179
44007014502,"Providence, RI (CT)",0,1988,1988,0,4096,4096
44007014600,"Providence, RI (CT)",366,2131,2497,1004,5987,6991
44007014700,"Providence, RI (CT)",0,3177,3177,0,7344,7344
44007014800,"Providence, RI (CT)",0,2422,2422,0,5591,5591
44007015000,"Providence, RI (CT)",0,1809,1809,0,4470,4470
44007015100,"Providence, RI (CT)",0,1882,1882,0,4472,4472
44007015200,"Providence, RI (CT)",0,1658,1658,0,2421,2421
44007015300,"Providence, RI (CT)",0,1070,1070,0,2355,2355
44007015400,"Providence, RI (CT)",0,978,978,0,2258,2258
44007015500,"Providence, RI (CT)",0,1764,1764,0,3999,3999
44007015600,"Providence, RI (CT)",0,1086,1086,0,2399,2399
44007015700,"Providence, RI (CT)",0,1532,1532,0,3611,3611
44007015800,"Providence, RI (CT)",0,1603,1603,0,3771,3771
44007015900,"Providence, RI (CT)",0,1327,1327,0,2976,2976
44007016000,"Providence, RI (CT)",0,1771,1771,0,3289,3289
44007016100,"Providence, RI (CT)",0,2143,2143,0,4607,4607
44007016300,"Providence, RI (CT)",0,1145,1145,0,2678,2678
44007016400,"Providence, RI (CT)",0,2065,2065,0,4938,4938
44007016500,"Providence, RI (CT)",0,1886,1886,0,3749,3749
44007016600,"Providence, RI (CT)",0,767,767,0,1799,1799
44007016700,"Providence, RI (CT)",0,1477,1477,0,3109,3109
44007016800,"Providence, RI (CT)",0,1294,1294,0,3070,3070
44007016900,"Providence, RI (CT)",0,866,866,0,1877,1877
44007017000,"Providence, RI (CT)",0,1932,1932,0,4418,4418
44007017100,"Providence, RI (CT)",0,2000,2000,0,4882,4882
44007017300,"Providence, RI (CT)",0,1466,1466,0,3223,3223
44007017400,"Providence, RI (CT)",0,1702,1702,0,4226,4226
44007017500,"Providence, RI (CT)",0,1457,1457,0,3128,3128
44007017600,"Providence, RI (CT)",0,1096,1096,0,2560,2560
44007017700,"Providence, RI (CT)",0,1611,1611,0,3518,3518
44007017800,"Providence, RI (CT)",0,1190,1190,0,2514,2514
44007017900,"Providence, RI (CT)",0,1604,1604,0,3049,3049
44007018000,"Providence, RI (CT)",0,1773,1773,0,2680,2680
44007018100,"Providence, RI (CT)",0,1304,1304,0,2523,2523
44007018200,"Providence, RI (CT)",0,1326,1326,0,2638,2638
44007018300,"Providence, RI (CT)",0,796,796,0,1769,1769
44007018400,"Providence, RI (CT)",0,2676,2676,0,6527,6527
44007018500,"Providence, RI (CT)",0,1213,1213,0,2831,2831
44009041500,"Washington, RI (CT)",1808,0,1808,1051,0,1051
44009050102,"Washington, RI (CT)",79,913,992,218,1914,2132
44009050103,"Washington, RI (CT)",0,2479,2479,0,5519,5519
44009050104,"Washington, RI (CT)",0,1538,1538,0,3934,3934
44009050301,"Washington, RI (CT)",0,1838,1838,0,4684,4684
44009050302,"Washington, RI (CT)",0,1368,1368,0,2714,2714
44009050401,"Washington, RI (CT)",253,1438,1691,740,4007,4747
44009050402,"Washington, RI (CT)",581,840,1421,1190,1566,2756
44009050500,"Washington, RI (CT)",1908,603,2511,4782,1643,6425
44009050600,"Washington, RI (CT)",2952,0,2952,7708,0,7708
44009050700,"Washington, RI (CT)",2907,551,3458,6836,1352,8188
44009050801,"Washington, RI (CT)",0,3001,3001,0,5907,5907
44009050802,"Washington, RI (CT)",0,1920,1920,0,3914,3914
44009050901,"Washington, RI (CT)",374,2197,2571,848,5045,5893
44009050902,"Washington, RI (CT)",721,1715,2436,1908,3587,5495
44009051000,"Washington, RI (CT)",566,1826,2392,260,1318,1578
44009051101,"Washington, RI (CT)",2758,88,2846,4558,107,4665
44009051102,"Washington, RI (CT)",784,1512,2296,1698,1464,3162
44009051201,"Washington, RI (CT)",0,1783,1783,0,4538,4538
44009051202,"Washington, RI (CT)",0,2288,2288,0,4365,4365
44009051302,"Washington, RI (CT)",1222,2647,3869,931,3141,4072
44009051304,"Washington, RI (CT)",763,173,936,1546,436,1982
44009051305,"Washington, RI (CT)",862,920,1782,1990,1983,3973
44009051306,"Washington, RI (CT)",1040,1264,2304,2666,3366,6032
44009051400,"Washington, RI (CT)",0,256,256,0,5677,5677
44009051502,"Washington, RI (CT)",99,3437,3536,209,7049,7258
44009051503,"Washington, RI (CT)",0,2631,2631,0,4165,4165
44009051504,"Washington, RI (CT)",0,3303,3303,0,4445,4445
44009990100,"Washington, RI (CT)",0,0,0,0,0,0
44009990200,"Washington, RI (CT)",0,0,0,0,0,0
45001950100,"Abbeville, SC (CT)",1434,42,1476,3186,68,3254
45001950200,"Abbeville, SC (CT)",1603,0,1603,4195,0,4195
45001950300,"Abbeville, SC (CT)",2115,0,2115,3130,0,3130
45001950400,"Abbeville, SC (CT)",1556,1158,2714,3725,2348,6073
45001950500,"Abbeville, SC (CT)",1203,1461,2664,2672,3029,5701
45001950600,"Abbeville, SC (CT)",1507,0,1507,3064,0,3064
45003020100,"Aiken, SC (CT)",2191,0,2191,4830,0,4830
45003020200,"Aiken, SC (CT)",2415,122,2537,5528,289,5817
45003020301,"Aiken, SC (CT)",1097,0,1097,2407,0,2407
45003020302,"Aiken, SC (CT)",1072,1525,2597,2398,3082,5480
45003020400,"Aiken, SC (CT)",1085,1290,2375,2729,2918,5647
45003020500,"Aiken, SC (CT)",276,2539,2815,681,6469,7150
45003020601,"Aiken, SC (CT)",241,1147,1388,613,3112,3725
45003020602,"Aiken, SC (CT)",8,2672,2680,10,6204,6214
45003020701,"Aiken, SC (CT)",0,2476,2476,0,5583,5583
45003020702,"Aiken, SC (CT)",0,2234,2234,0,4993,4993
45003020801,"Aiken, SC (CT)",0,1272,1272,0,3000,3000
45003020802,"Aiken, SC (CT)",0,2589,2589,0,5010,5010
45003020901,"Aiken, SC (CT)",832,217,1049,1849,469,2318
45003020902,"Aiken, SC (CT)",2222,299,2521,5376,618,5994
45003021001,"Aiken, SC (CT)",251,1820,2071,572,4049,4621
45003021002,"Aiken, SC (CT)",179,2168,2347,398,4998,5396
45003021101,"Aiken, SC (CT)",211,1219,1430,448,2552,3000
45003021102,"Aiken, SC (CT)",0,1866,1866,0,3898,3898
45003021201,"Aiken, SC (CT)",194,2222,2416,490,4990,5480
45003021202,"Aiken, SC (CT)",274,1543,1817,494,3253,3747
45003021203,"Aiken, SC (CT)",304,3745,4049,620,7539,8159
45003021300,"Aiken, SC (CT)",47,2135,2182,73,4912,4985
45003021400,"Aiken, SC (CT)",3,2750,2753,2,5911,5913
45003021500,"Aiken, SC (CT)",5,2690,2695,8,5276,5284
45003021601,"Aiken, SC (CT)",1259,1058,2317,2593,3042,5635
45003021602,"Aiken, SC (CT)",931,2502,3433,2134,5274,7408
45003021700,"Aiken, SC (CT)",2204,0,2204,4815,0,4815
45003021800,"Aiken, SC (CT)",1349,0,1349,2589,0,2589
45003021900,"Aiken, SC (CT)",2675,0,2675,6149,0,6149
45003022001,"Aiken, SC (CT)",1394,629,2023,3014,1270,4284
45003022002,"Aiken, SC (CT)",2251,975,3226,4951,2153,7104
45003022100,"Aiken, SC (CT)",1575,0,1575,3464,0,3464
45003980100,"Aiken, SC (CT)",0,0,0,0,0,0
45005970200,"Allendale, SC (CT)",933,1567,2500,1844,3307,5151
45005970300,"Allendale, SC (CT)",573,0,573,1068,0,1068
45005970400,"Allendale, SC (CT)",1413,0,1413,4200,0,4200
45007000200,"Anderson, SC (CT)",0,1616,1616,0,4101,4101
45007000300,"Anderson, SC (CT)",0,2400,2400,0,4912,4912
45007000500,"Anderson, SC (CT)",0,1158,1158,0,2875,2875
45007000600,"Anderson, SC (CT)",0,1713,1713,0,3084,3084
45007000700,"Anderson, SC (CT)",0,2446,2446,0,4495,4495
45007000800,"Anderson, SC (CT)",0,1220,1220,0,2381,2381
45007000900,"Anderson, SC (CT)",0,1491,1491,0,2869,2869
45007001000,"Anderson, SC (CT)",0,1285,1285,0,2914,2914
45007001100,"Anderson, SC (CT)",0,2509,2509,0,5115,5115
45007010102,"Anderson, SC (CT)",1166,1423,2589,2867,3337,6204
45007010103,"Anderson, SC (CT)",524,2226,2750,1209,6035,7244
45007010104,"Anderson, SC (CT)",1763,1227,2990,4620,3295,7915
45007010200,"Anderson, SC (CT)",315,1761,2076,778,4273,5051
45007010300,"Anderson, SC (CT)",489,1311,1800,1205,2782,3987
45007010401,"Anderson, SC (CT)",331,2367,2698,746,5187,5933
45007010402,"Anderson, SC (CT)",1655,1050,2705,4049,2758,6807
45007010500,"Anderson, SC (CT)",2382,76,2458,5857,194,6051
45007010600,"Anderson, SC (CT)",2828,517,3345,6403,1006,7409
45007010700,"Anderson, SC (CT)",873,2101,2974,1918,3823,5741
45007010800,"Anderson, SC (CT)",2268,143,2411,4608,190,4798
45007010900,"Anderson, SC (CT)",2991,0,2991,4085,0,4085
45007011001,"Anderson, SC (CT)",1231,1221,2452,2118,2765,4883
45007011002,"Anderson, SC (CT)",0,1880,1880,0,4156,4156
45007011100,"Anderson, SC (CT)",0,1288,1288,0,2607,2607
45007011201,"Anderson, SC (CT)",87,1479,1566,219,3784,4003
45007011202,"Anderson, SC (CT)",493,2636,3129,1284,6498,7782
45007011300,"Anderson, SC (CT)",2182,771,2953,5142,2092,7234
45007011401,"Anderson, SC (CT)",307,1624,1931,596,3259,3855
45007011402,"Anderson, SC (CT)",638,890,1528,1458,1910,3368
45007011500,"Anderson, SC (CT)",1226,1731,2957,2846,3437,6283
45007011600,"Anderson, SC (CT)",914,0,914,2041,0,2041
45007011700,"Anderson, SC (CT)",2915,0,2915,6335,0,6335
45007011800,"Anderson, SC (CT)",1361,327,1688,3298,753,4051
45007011901,"Anderson, SC (CT)",200,2269,2469,413,4886,5299
45007011902,"Anderson, SC (CT)",136,1125,1261,357,2472,2829
45007012001,"Anderson, SC (CT)",46,2137,2183,34,4924,4958
45007012002,"Anderson, SC (CT)",787,1206,1993,1689,3007,4696
45007012200,"Anderson, SC (CT)",2156,310,2466,4794,682,5476
45007012300,"Anderson, SC (CT)",0,1576,1576,0,3299,3299
45009960100,"Bamberg, SC (CT)",1190,1600,2790,2235,3781,6016
45009960200,"Bamberg, SC (CT)",1848,1526,3374,3634,3492,7126
45009960300,"Bamberg, SC (CT)",706,0,706,1291,0,1291
45009960400,"Bamberg, SC (CT)",846,0,846,1554,0,1554
45011970100,"Barnwell, SC (CT)",2678,0,2678,5701,0,5701
45011970200,"Barnwell, SC (CT)",1864,0,1864,3873,0,3873
45011970300,"Barnwell, SC (CT)",612,1209,1821,1281,2565,3846
45011970400,"Barnwell, SC (CT)",1707,640,2347,3879,1384,5263
45011970500,"Barnwell, SC (CT)",1774,0,1774,3938,0,3938
45011980100,"Barnwell, SC (CT)",0,0,0,0,0,0
45013000100,"Beaufort, SC (CT)",2101,0,2101,4269,0,4269
45013000200,"Beaufort, SC (CT)",1259,963,2222,2801,2400,5201
45013000300,"Beaufort, SC (CT)",0,1706,1706,0,4850,4850
45013000400,"Beaufort, SC (CT)",137,0,137,338,659,997
45013000501,"Beaufort, SC (CT)",1,2815,2816,4,6462,6466
45013000502,"Beaufort, SC (CT)",15,2206,2221,47,4761,4808
45013000503,"Beaufort, SC (CT)",109,1981,2090,219,4645,4864
45013000600,"Beaufort, SC (CT)",207,950,1157,432,1725,2157
45013000700,"Beaufort, SC (CT)",0,3080,3080,0,6284,6284
45013000800,"Beaufort, SC (CT)",0,2766,2766,0,5247,5247
45013000901,"Beaufort, SC (CT)",1131,11,1142,2633,17,2650
45013000902,"Beaufort, SC (CT)",405,2993,3398,849,7293,8142
45013000903,"Beaufort, SC (CT)",553,240,793,1224,554,1778
45013001000,"Beaufort, SC (CT)",124,153,277,559,3910,4469
45013001101,"Beaufort, SC (CT)",2284,0,2284,3862,0,3862
45013001102,"Beaufort, SC (CT)",2593,0,2593,4901,0,4901
45013001200,"Beaufort, SC (CT)",2087,0,2087,718,0,718
45013002101,"Beaufort, SC (CT)",602,0,602,416,0,416
45013002102,"Beaufort, SC (CT)",778,118,896,1233,284,1517
45013002103,"Beaufort, SC (CT)",394,760,1154,1020,1949,2969
45013002104,"Beaufort, SC (CT)",86,7024,7110,135,11473,11608
45013002105,"Beaufort, SC (CT)",224,1037,1261,531,2442,2973
45013002106,"Beaufort, SC (CT)",0,3609,3609,0,9216,9216
45013002107,"Beaufort, SC (CT)",0,3964,3964,0,9876,9876
45013002108,"Beaufort, SC (CT)",433,1635,2068,801,3968,4769
45013002201,"Beaufort, SC (CT)",1387,2429,3816,2272,4205,6477
45013002202,"Beaufort, SC (CT)",1715,193,1908,2606,350,2956
45013010100,"Beaufort, SC (CT)",0,3260,3260,0,1717,1717
45013010200,"Beaufort, SC (CT)",0,2938,2938,0,3476,3476
45013010300,"Beaufort, SC (CT)",2,3225,3227,3,3972,3975
45013010400,"Beaufort, SC (CT)",0,2529,2529,0,5237,5237
45013010500,"Beaufort, SC (CT)",0,1771,1771,0,3622,3622
45013010600,"Beaufort, SC (CT)",0,2271,2271,0,3925,3925
45013010700,"Beaufort, SC (CT)",0,2546,2546,0,4606,4606
45013010800,"Beaufort, SC (CT)",0,1404,1404,0,3154,3154
45013010900,"Beaufort, SC (CT)",0,1272,1272,0,1794,1794
45013011000,"Beaufort, SC (CT)",0,3332,3332,0,1771,1771
45013011100,"Beaufort, SC (CT)",0,4401,4401,0,2555,2555
45013011200,"Beaufort, SC (CT)",0,1809,1809,0,812,812
45013011300,"Beaufort, SC (CT)",0,3005,3005,0,1149,1149
45013990100,"Beaufort, SC (CT)",0,0,0,0,0,0
45015020101,"Berkeley, SC (CT)",1755,0,1755,3173,0,3173
45015020102,"Berkeley, SC (CT)",1466,0,1466,3931,0,3931
45015020201,"Berkeley, SC (CT)",1726,0,1726,3872,0,3872
45015020202,"Berkeley, SC (CT)",1725,0,1725,3332,0,3332
45015020301,"Berkeley, SC (CT)",1397,0,1397,3370,0,3370
45015020302,"Berkeley, SC (CT)",2982,0,2982,6350,0,6350
45015020401,"Berkeley, SC (CT)",1792,0,1792,4016,0,4016
45015020403,"Berkeley, SC (CT)",986,2170,3156,1829,4420,6249
45015020404,"Berkeley, SC (CT)",490,1152,1642,1200,2499,3699
45015020405,"Berkeley, SC (CT)",1188,99,1287,2808,186,2994
45015020503,"Berkeley, SC (CT)",2115,99,2214,4957,231,5188
45015020504,"Berkeley, SC (CT)",460,1204,1664,1133,2856,3989
45015020505,"Berkeley, SC (CT)",22,1054,1076,57,2885,2942
45015020506,"Berkeley, SC (CT)",123,2080,2203,272,5108,5380
45015020600,"Berkeley, SC (CT)",1870,480,2350,4097,1133,5230
45015020707,"Berkeley, SC (CT)",512,1726,2238,1089,4402,5491
45015020710,"Berkeley, SC (CT)",1032,1077,2109,2654,2794,5448
45015020711,"Berkeley, SC (CT)",836,315,1151,1819,901,2720
45015020712,"Berkeley, SC (CT)",109,1304,1413,238,3177,3415
45015020713,"Berkeley, SC (CT)",134,772,906,287,2134,2421
45015020714,"Berkeley, SC (CT)",0,2198,2198,0,5315,5315
45015020715,"Berkeley, SC (CT)",0,1631,1631,0,4297,4297
45015020716,"Berkeley, SC (CT)",0,2616,2616,0,7320,7320
45015020717,"Berkeley, SC (CT)",0,1906,1906,0,5046,5046
45015020718,"Berkeley, SC (CT)",0,1724,1724,0,4497,4497
45015020719,"Berkeley, SC (CT)",0,2926,2926,0,6963,6963
45015020720,"Berkeley, SC (CT)",0,1076,1076,0,2941,2941
45015020721,"Berkeley, SC (CT)",0,1185,1185,0,3324,3324
45015020722,"Berkeley, SC (CT)",0,1283,1283,0,3277,3277
45015020723,"Berkeley, SC (CT)",0,1305,1305,0,3135,3135
45015020724,"Berkeley, SC (CT)",343,222,565,803,2436,3239
45015020725,"Berkeley, SC (CT)",0,458,458,0,1055,1055
45015020804,"Berkeley, SC (CT)",0,1051,1051,0,2627,2627
45015020806,"Berkeley, SC (CT)",0,1373,1373,0,3641,3641
45015020807,"Berkeley, SC (CT)",56,1992,2048,163,5307,5470
45015020808,"Berkeley, SC (CT)",0,1269,1269,0,3335,3335
45015020809,"Berkeley, SC (CT)",0,1330,1330,0,3340,3340
45015020810,"Berkeley, SC (CT)",0,1441,1441,0,3716,3716
45015020811,"Berkeley, SC (CT)",0,2126,2126,0,4642,4642
45015020812,"Berkeley, SC (CT)",0,1724,1724,0,4704,4704
45015020901,"Berkeley, SC (CT)",0,713,713,0,1519,1519
45015020903,"Berkeley, SC (CT)",0,1515,1515,0,3204,3204
45015020904,"Berkeley, SC (CT)",0,1584,1584,0,3583,3583
45015021000,"Berkeley, SC (CT)",48,2025,2073,42,4401,4443
45015980100,"Berkeley, SC (CT)",0,0,0,0,0,0
45017950100,"Calhoun, SC (CT)",2558,0,2558,5613,0,5613
45017950200,"Calhoun, SC (CT)",2837,0,2837,6122,0,6122
45017950400,"Calhoun, SC (CT)",1945,0,1945,3440,0,3440
45019000100,"Charleston, SC (CT)",0,1461,1461,0,2767,2767
45019000200,"Charleston, SC (CT)",0,1047,1047,0,1363,1363
45019000400,"Charleston, SC (CT)",0,1353,1353,0,3361,3361
45019000500,"Charleston, SC (CT)",0,1125,1125,0,1975,1975
45019000600,"Charleston, SC (CT)",0,771,771,0,1256,1256
45019000700,"Charleston, SC (CT)",0,1137,1137,0,3504,3504
45019000900,"Charleston, SC (CT)",0,729,729,0,1413,1413
45019001000,"Charleston, SC (CT)",0,1188,1188,0,2249,2249
45019001100,"Charleston, SC (CT)",0,1309,1309,0,2525,2525
45019001500,"Charleston, SC (CT)",0,727,727,0,1371,1371
45019001600,"Charleston, SC (CT)",0,711,711,0,1347,1347
45019001901,"Charleston, SC (CT)",32,1935,1967,79,3742,3821
45019001902,"Charleston, SC (CT)",109,2338,2447,205,4110,4315
45019002002,"Charleston, SC (CT)",0,2907,2907,0,5899,5899
45019002003,"Charleston, SC (CT)",94,4311,4405,210,8141,8351
45019002004,"Charleston, SC (CT)",148,1770,1918,181,1830,2011
45019002005,"Charleston, SC (CT)",0,2515,2515,0,5942,5942
45019002006,"Charleston, SC (CT)",0,2017,2017,0,4599,4599
45019002007,"Charleston, SC (CT)",0,1362,1362,0,3311,3311
45019002101,"Charleston, SC (CT)",2102,2768,4870,4813,6278,11091
45019002103,"Charleston, SC (CT)",1802,0,1802,4090,0,4090
45019002104,"Charleston, SC (CT)",3368,0,3368,1626,0,1626
45019002105,"Charleston, SC (CT)",2235,0,2235,1738,0,1738
45019002200,"Charleston, SC (CT)",1324,0,1324,2725,0,2725
45019002300,"Charleston, SC (CT)",1145,0,1145,1879,0,1879
45019002400,"Charleston, SC (CT)",2083,0,2083,4514,0,4514
45019002502,"Charleston, SC (CT)",3125,0,3125,7077,0,7077
45019002604,"Charleston, SC (CT)",0,1809,1809,0,3503,3503
45019002605,"Charleston, SC (CT)",0,1962,1962,0,3894,3894
45019002606,"Charleston, SC (CT)",0,924,924,0,2101,2101
45019002611,"Charleston, SC (CT)",0,1581,1581,0,2884,2884
45019002612,"Charleston, SC (CT)",0,3405,3405,0,6479,6479
45019002613,"Charleston, SC (CT)",0,2845,2845,0,4935,4935
45019002614,"Charleston, SC (CT)",0,1697,1697,0,3193,3193
45019002701,"Charleston, SC (CT)",0,1317,1317,0,2547,2547
45019002702,"Charleston, SC (CT)",0,2335,2335,0,5271,5271
45019002801,"Charleston, SC (CT)",0,2107,2107,0,4498,4498
45019002802,"Charleston, SC (CT)",0,1289,1289,0,2664,2664
45019002900,"Charleston, SC (CT)",0,1565,1565,0,2847,2847
45019003000,"Charleston, SC (CT)",0,1658,1658,0,3160,3160
45019003104,"Charleston, SC (CT)",0,2076,2076,0,4924,4924
45019003105,"Charleston, SC (CT)",0,1591,1591,0,4012,4012
45019003106,"Charleston, SC (CT)",0,2409,2409,0,5955,5955
45019003107,"Charleston, SC (CT)",61,1761,1822,119,4278,4397
45019003108,"Charleston, SC (CT)",0,1499,1499,0,2846,2846
45019003109,"Charleston, SC (CT)",0,1478,1478,0,3391,3391
45019003110,"Charleston, SC (CT)",0,3358,3358,0,6535,6535
45019003111,"Charleston, SC (CT)",0,2549,2549,0,6128,6128
45019003113,"Charleston, SC (CT)",0,1225,1225,0,2772,2772
45019003114,"Charleston, SC (CT)",0,3617,3617,0,7133,7133
45019003115,"Charleston, SC (CT)",0,2984,2984,0,7113,7113
45019003200,"Charleston, SC (CT)",0,228,228,0,871,871
45019003300,"Charleston, SC (CT)",0,1761,1761,0,3871,3871
45019003400,"Charleston, SC (CT)",0,1833,1833,0,4450,4450
45019003500,"Charleston, SC (CT)",0,1331,1331,0,2681,2681
45019003600,"Charleston, SC (CT)",0,1174,1174,0,2233,2233
45019003700,"Charleston, SC (CT)",0,1664,1664,0,3383,3383
45019003800,"Charleston, SC (CT)",0,1330,1330,0,3306,3306
45019003900,"Charleston, SC (CT)",0,1115,1115,0,4047,4047
45019004000,"Charleston, SC (CT)",0,1109,1109,0,2762,2762
45019004300,"Charleston, SC (CT)",0,1286,1286,0,2542,2542
45019004400,"Charleston, SC (CT)",0,998,998,0,2216,2216
45019004606,"Charleston, SC (CT)",0,4154,4154,0,8776,8776
45019004607,"Charleston, SC (CT)",0,2948,2948,0,5227,5227
45019004608,"Charleston, SC (CT)",189,7638,7827,476,20366,20842
45019004609,"Charleston, SC (CT)",75,2479,2554,60,5575,5635
45019004610,"Charleston, SC (CT)",62,1361,1423,33,2887,2920
45019004611,"Charleston, SC (CT)",0,4138,4138,0,8185,8185
45019004612,"Charleston, SC (CT)",0,3312,3312,0,6364,6364
45019004613,"Charleston, SC (CT)",0,565,565,0,1679,1679
45019004614,"Charleston, SC (CT)",169,2345,2514,485,5835,6320
45019004701,"Charleston, SC (CT)",0,2412,2412,0,4859,4859
45019004702,"Charleston, SC (CT)",0,1106,1106,0,2229,2229
45019004800,"Charleston, SC (CT)",0,1054,1054,0,1791,1791
45019004901,"Charleston, SC (CT)",0,1400,1400,0,1873,1873
45019004902,"Charleston, SC (CT)",331,2543,2874,339,1921,2260
45019005000,"Charleston, SC (CT)",2337,32,2369,4838,75,4913
45019005100,"Charleston, SC (CT)",0,1108,1108,0,1576,1576
45019005200,"Charleston, SC (CT)",0,1057,1057,0,3999,3999
45019005300,"Charleston, SC (CT)",0,1705,1705,0,3526,3526
45019005400,"Charleston, SC (CT)",0,889,889,0,2138,2138
45019005500,"Charleston, SC (CT)",0,559,559,0,1244,1244
45019005600,"Charleston, SC (CT)",31,4260,4291,64,8419,8483
45019005700,"Charleston, SC (CT)",20,3514,3534,34,8408,8442
45019005800,"Charleston, SC (CT)",1106,1106,2212,2521,2743,5264
45019990100,"Charleston, SC (CT)",0,0,0,0,0,0
45021970100,"Cherokee, SC (CT)",2929,303,3232,7001,712,7713
45021970201,"Cherokee, SC (CT)",423,1135,1558,1028,2232,3260
45021970202,"Cherokee, SC (CT)",1811,778,2589,4423,2193,6616
45021970301,"Cherokee, SC (CT)",93,1829,1922,181,3902,4083
45021970302,"Cherokee, SC (CT)",194,1721,1915,455,4144,4599
45021970401,"Cherokee, SC (CT)",1610,0,1610,3646,0,3646
45021970402,"Cherokee, SC (CT)",2672,0,2672,6007,0,6007
45021970501,"Cherokee, SC (CT)",584,234,818,1429,560,1989
45021970502,"Cherokee, SC (CT)",148,2091,2239,324,4549,4873
45021970503,"Cherokee, SC (CT)",609,0,609,1363,0,1363
45021970601,"Cherokee, SC (CT)",870,1417,2287,1944,3264,5208
45021970602,"Cherokee, SC (CT)",967,0,967,2296,0,2296
45021970700,"Cherokee, SC (CT)",1579,0,1579,3689,0,3689
45023020100,"Chester, SC (CT)",0,942,942,0,1972,1972
45023020200,"Chester, SC (CT)",0,1507,1507,0,3271,3271
45023020300,"Chester, SC (CT)",134,1406,1540,298,3241,3539
45023020400,"Chester, SC (CT)",1034,0,1034,2503,0,2503
45023020500,"Chester, SC (CT)",1508,108,1616,3040,238,3278
45023020601,"Chester, SC (CT)",1163,64,1227,2433,151,2584
45023020602,"Chester, SC (CT)",1445,206,1651,3564,478,4042
45023020700,"Chester, SC (CT)",817,0,817,2031,0,2031
45023020800,"Chester, SC (CT)",2192,0,2192,5261,0,5261
45023020900,"Chester, SC (CT)",1103,0,1103,2417,0,2417
45023021000,"Chester, SC (CT)",1072,0,1072,2242,0,2242
45025950101,"Chesterfield, SC (CT)",1337,1059,2396,2913,2484,5397
45025950102,"Chesterfield, SC (CT)",1298,689,1987,2742,1616,4358
45025950200,"Chesterfield, SC (CT)",1934,0,1934,4196,0,4196
45025950300,"Chesterfield, SC (CT)",1408,0,1408,2821,0,2821
45025950400,"Chesterfield, SC (CT)",3511,0,3511,7275,0,7275
45025950501,"Chesterfield, SC (CT)",966,26,992,2217,40,2257
45025950502,"Chesterfield, SC (CT)",452,2339,2791,1022,5124,6146
45025950600,"Chesterfield, SC (CT)",1462,1339,2801,3117,2996,6113
45025950700,"Chesterfield, SC (CT)",2440,0,2440,5393,0,5393
45025950800,"Chesterfield, SC (CT)",1222,0,1222,2778,0,2778
45027960100,"Clarendon, SC (CT)",1481,0,1481,3527,0,3527
45027960201,"Clarendon, SC (CT)",757,0,757,3281,0,3281
45027960202,"Clarendon, SC (CT)",0,0,0,0,0,0
45027960300,"Clarendon, SC (CT)",998,0,998,2264,0,2264
45027960400,"Clarendon, SC (CT)",1096,0,1096,2503,0,2503
45027960500,"Clarendon, SC (CT)",816,1409,2225,2071,3194,5265
45027960600,"Clarendon, SC (CT)",1287,0,1287,3029,0,3029
45027960701,"Clarendon, SC (CT)",1020,819,1839,2270,1804,4074
45027960702,"Clarendon, SC (CT)",765,0,765,1150,0,1150
45027960703,"Clarendon, SC (CT)",3077,0,3077,3337,0,3337
45027960801,"Clarendon, SC (CT)",1828,0,1828,3606,0,3606
45027960802,"Clarendon, SC (CT)",2114,0,2114,2935,0,2935
45029970100,"Colleton, SC (CT)",815,0,815,1840,0,1840
45029970200,"Colleton, SC (CT)",875,0,875,1711,0,1711
45029970300,"Colleton, SC (CT)",2446,368,2814,5183,772,5955
45029970401,"Colleton, SC (CT)",2011,0,2011,4424,0,4424
45029970402,"Colleton, SC (CT)",977,599,1576,2252,1246,3498
45029970500,"Colleton, SC (CT)",132,2651,2783,278,5672,5950
45029970600,"Colleton, SC (CT)",2428,729,3157,5887,1812,7699
45029970700,"Colleton, SC (CT)",2760,0,2760,5894,0,5894
45029970800,"Colleton, SC (CT)",3110,0,3110,1921,0,1921
45029990100,"Colleton, SC (CT)",0,0,0,0,0,0
45031010100,"Darlington, SC (CT)",1596,0,1596,3616,0,3616
45031010200,"Darlington, SC (CT)",2263,348,2611,5045,791,5836
45031010300,"Darlington, SC (CT)",1006,1312,2318,2502,3040,5542
45031010400,"Darlington, SC (CT)",1471,1154,2625,3372,2445,5817
45031010500,"Darlington, SC (CT)",0,1359,1359,0,2578,2578
45031010600,"Darlington, SC (CT)",665,1372,2037,1547,3342,4889
45031010700,"Darlington, SC (CT)",0,1340,1340,0,2819,2819
45031010800,"Darlington, SC (CT)",1292,46,1338,2864,110,2974
45031010900,"Darlington, SC (CT)",2521,379,2900,6258,837,7095
45031011000,"Darlington, SC (CT)",221,1052,1273,538,2474,3012
45031011100,"Darlington, SC (CT)",0,904,904,0,1832,1832
45031011200,"Darlington, SC (CT)",497,1600,2097,1099,3433,4532
45031011300,"Darlington, SC (CT)",1527,950,2477,3622,2199,5821
45031011400,"Darlington, SC (CT)",518,1404,1922,1239,3010,4249
45031011500,"Darlington, SC (CT)",1922,37,1959,4427,98,4525
45031011600,"Darlington, SC (CT)",1541,0,1541,3544,0,3544
45033970100,"Dillon, SC (CT)",1379,0,1379,3467,0,3467
45033970200,"Dillon, SC (CT)",1844,602,2446,4532,1485,6017
45033970300,"Dillon, SC (CT)",393,1977,2370,898,4349,5247
45033970400,"Dillon, SC (CT)",613,1581,2194,1522,3943,5465
45033970500,"Dillon, SC (CT)",2021,0,2021,4370,0,4370
45033970600,"Dillon, SC (CT)",3332,0,3332,7496,0,7496
45035010100,"Dorchester, SC (CT)",1235,0,1235,2563,0,2563
45035010200,"Dorchester, SC (CT)",2300,0,2300,5120,0,5120
45035010300,"Dorchester, SC (CT)",2601,0,2601,5713,0,5713
45035010400,"Dorchester, SC (CT)",1935,0,1935,6066,0,6066
45035010501,"Dorchester, SC (CT)",1053,613,1666,2884,1836,4720
45035010503,"Dorchester, SC (CT)",718,390,1108,1765,1012,2777
45035010504,"Dorchester, SC (CT)",186,2120,2306,450,5631,6081
45035010505,"Dorchester, SC (CT)",6,2686,2692,14,6480,6494
45035010603,"Dorchester, SC (CT)",7,2298,2305,8,6248,6256
45035010604,"Dorchester, SC (CT)",0,1520,1520,0,3837,3837
45035010605,"Dorchester, SC (CT)",0,3342,3342,0,8202,8202
45035010606,"Dorchester, SC (CT)",0,777,777,0,1752,1752
45035010700,"Dorchester, SC (CT)",0,2484,2484,0,5572,5572
45035010801,"Dorchester, SC (CT)",792,1118,1910,2022,3140,5162
45035010807,"Dorchester, SC (CT)",0,1836,1836,0,4466,4466
45035010808,"Dorchester, SC (CT)",0,3170,3170,0,7253,7253
45035010809,"Dorchester, SC (CT)",0,1382,1382,0,3386,3386
45035010813,"Dorchester, SC (CT)",0,3791,3791,0,8688,8688
45035010814,"Dorchester, SC (CT)",0,2324,2324,0,6212,6212
45035010815,"Dorchester, SC (CT)",0,1326,1326,0,2894,2894
45035010816,"Dorchester, SC (CT)",0,3826,3826,0,10241,10241
45035010817,"Dorchester, SC (CT)",0,1967,1967,0,4620,4620
45035010818,"Dorchester, SC (CT)",0,2980,2980,0,8016,8016
45035010819,"Dorchester, SC (CT)",0,1726,1726,0,4287,4287
45035010820,"Dorchester, SC (CT)",0,2677,2677,0,6177,6177
45037970201,"Edgefield, SC (CT)",969,0,969,1962,0,1962
45037970202,"Edgefield, SC (CT)",1310,1137,2447,2877,4562,7439
45037970300,"Edgefield, SC (CT)",2022,0,2022,4660,0,4660
45037970400,"Edgefield, SC (CT)",1359,0,1359,3648,0,3648
45037970501,"Edgefield, SC (CT)",1060,672,1732,2465,1753,4218
45037970502,"Edgefield, SC (CT)",1626,404,2030,4171,887,5058
45039960100,"Fairfield, SC (CT)",1079,0,1079,2209,0,2209
45039960200,"Fairfield, SC (CT)",1800,44,1844,3943,100,4043
45039960300,"Fairfield, SC (CT)",3318,18,3336,6102,54,6156
45039960400,"Fairfield, SC (CT)",525,2536,3061,1236,5037,6273
45039960500,"Fairfield, SC (CT)",2359,2,2361,5271,4,5275
45041000101,"Florence, SC (CT)",251,764,1015,524,2130,2654
45041000102,"Florence, SC (CT)",48,2159,2207,123,5332,5455
45041000201,"Florence, SC (CT)",138,889,1027,361,2118,2479
45041000202,"Florence, SC (CT)",0,3721,3721,0,7785,7785
45041000300,"Florence, SC (CT)",506,1284,1790,1275,3040,4315
45041000400,"Florence, SC (CT)",1355,798,2153,2996,1804,4800
45041000500,"Florence, SC (CT)",1123,867,1990,2729,3289,6018
45041000600,"Florence, SC (CT)",93,1867,1960,192,4333,4525
45041000700,"Florence, SC (CT)",0,1262,1262,0,3019,3019
45041000800,"Florence, SC (CT)",0,1727,1727,0,4078,4078
45041000900,"Florence, SC (CT)",0,1564,1564,0,3608,3608
45041001000,"Florence, SC (CT)",0,992,992,0,1704,1704
45041001100,"Florence, SC (CT)",0,2437,2437,0,4676,4676
45041001200,"Florence, SC (CT)",0,1528,1528,0,3295,3295
45041001300,"Florence, SC (CT)",0,1755,1755,0,3779,3779
45041001400,"Florence, SC (CT)",0,3596,3596,0,7856,7856
45041001503,"Florence, SC (CT)",455,885,1340,1040,2330,3370
45041001504,"Florence, SC (CT)",1216,1284,2500,2886,3053,5939
45041001505,"Florence, SC (CT)",856,711,1567,1994,1881,3875
45041001506,"Florence, SC (CT)",816,0,816,1971,0,1971
45041001601,"Florence, SC (CT)",835,1656,2491,1973,4111,6084
45041001602,"Florence, SC (CT)",1959,0,1959,5221,0,5221
45041001700,"Florence, SC (CT)",1091,0,1091,2488,0,2488
45041001800,"Florence, SC (CT)",1657,0,1657,3852,0,3852
45041001900,"Florence, SC (CT)",2692,0,2692,6556,0,6556
45041002000,"Florence, SC (CT)",1252,393,1645,2791,1025,3816
45041002201,"Florence, SC (CT)",438,2102,2540,986,4725,5711
45041002202,"Florence, SC (CT)",291,1146,1437,659,2735,3394
45041002300,"Florence, SC (CT)",1661,0,1661,4006,0,4006
45041002400,"Florence, SC (CT)",1695,0,1695,3879,0,3879
45041002500,"Florence, SC (CT)",1248,0,1248,2978,0,2978
45041002600,"Florence, SC (CT)",540,1062,1602,1246,2449,3695
45041980100,"Florence, SC (CT)",0,1,1,0,4,4
45043920100,"Georgetown, SC (CT)",1544,0,1544,3592,0,3592
45043920201,"Georgetown, SC (CT)",905,1388,2293,2106,3177,5283
45043920202,"Georgetown, SC (CT)",746,269,1015,1711,614,2325
45043920301,"Georgetown, SC (CT)",1978,0,1978,4630,0,4630
45043920302,"Georgetown, SC (CT)",67,1466,1533,186,2705,2891
45043920400,"Georgetown, SC (CT)",1381,0,1381,2957,0,2957
45043920501,"Georgetown, SC (CT)",375,3228,3603,72,4370,4442
45043920502,"Georgetown, SC (CT)",183,1902,2085,254,3169,3423
45043920503,"Georgetown, SC (CT)",637,2737,3374,948,4485,5433
45043920504,"Georgetown, SC (CT)",421,2329,2750,841,4397,5238
45043920505,"Georgetown, SC (CT)",1806,3358,5164,1037,2650,3687
45043920600,"Georgetown, SC (CT)",487,2432,2919,1183,5728,6911
45043920700,"Georgetown, SC (CT)",723,1683,2406,1546,3887,5433
45043920800,"Georgetown, SC (CT)",1627,0,1627,3913,0,3913
45043990100,"Georgetown, SC (CT)",0,0,0,0,0,0
45045000100,"Greenville, SC (CT)",0,763,763,0,2265,2265
45045000200,"Greenville, SC (CT)",0,840,840,0,954,954
45045000400,"Greenville, SC (CT)",0,810,810,0,1163,1163
45045000500,"Greenville, SC (CT)",0,677,677,0,1286,1286
45045000700,"Greenville, SC (CT)",0,866,866,0,1974,1974
45045000800,"Greenville, SC (CT)",0,621,621,0,1346,1346
45045000900,"Greenville, SC (CT)",0,588,588,0,1135,1135
45045001000,"Greenville, SC (CT)",0,1266,1266,0,2061,2061
45045001101,"Greenville, SC (CT)",0,1880,1880,0,3823,3823
45045001102,"Greenville, SC (CT)",0,833,833,0,1663,1663
45045001203,"Greenville, SC (CT)",0,299,299,0,3297,3297
45045001204,"Greenville, SC (CT)",0,1442,1442,0,2721,2721
45045001205,"Greenville, SC (CT)",0,724,724,0,1323,1323
45045001302,"Greenville, SC (CT)",0,788,788,0,1453,1453
45045001400,"Greenville, SC (CT)",0,1824,1824,0,3769,3769
45045001501,"Greenville, SC (CT)",0,1863,1863,0,3569,3569
45045001502,"Greenville, SC (CT)",0,1102,1102,0,2526,2526
45045001600,"Greenville, SC (CT)",0,1993,1993,0,4680,4680
45045001700,"Greenville, SC (CT)",0,1887,1887,0,4070,4070
45045001803,"Greenville, SC (CT)",0,1835,1835,0,3908,3908
45045001804,"Greenville, SC (CT)",0,1820,1820,0,4136,4136
45045001805,"Greenville, SC (CT)",0,2140,2140,0,4484,4484
45045001807,"Greenville, SC (CT)",0,2693,2693,0,5415,5415
45045001808,"Greenville, SC (CT)",0,2234,2234,0,3380,3380
45045001809,"Greenville, SC (CT)",0,1857,1857,0,3084,3084
45045001810,"Greenville, SC (CT)",0,1789,1789,0,3633,3633
45045001900,"Greenville, SC (CT)",0,2052,2052,0,4646,4646
45045002001,"Greenville, SC (CT)",0,1230,1230,0,2862,2862
45045002003,"Greenville, SC (CT)",121,1611,1732,294,4254,4548
45045002005,"Greenville, SC (CT)",0,1664,1664,0,3613,3613
45045002103,"Greenville, SC (CT)",0,1433,1433,0,3322,3322
45045002104,"Greenville, SC (CT)",0,564,564,0,1426,1426
45045002105,"Greenville, SC (CT)",0,1135,1135,0,2219,2219
45045002106,"Greenville, SC (CT)",0,1604,1604,0,3363,3363
45045002107,"Greenville, SC (CT)",0,1322,1322,0,2635,2635
45045002108,"Greenville, SC (CT)",0,866,866,0,1435,1435
45045002201,"Greenville, SC (CT)",0,2591,2591,0,6032,6032
45045002202,"Greenville, SC (CT)",0,846,846,0,1933,1933
45045002301,"Greenville, SC (CT)",0,1918,1918,0,3917,3917
45045002302,"Greenville, SC (CT)",0,1574,1574,0,3278,3278
45045002303,"Greenville, SC (CT)",0,956,956,0,1923,1923
45045002304,"Greenville, SC (CT)",0,1124,1124,0,2449,2449
45045002402,"Greenville, SC (CT)",760,2057,2817,1796,5274,7070
45045002403,"Greenville, SC (CT)",1747,12,1759,4150,39,4189
45045002404,"Greenville, SC (CT)",1842,140,1982,3304,140,3444
45045002503,"Greenville, SC (CT)",0,3698,3698,0,8617,8617
45045002504,"Greenville, SC (CT)",0,849,849,0,1676,1676
45045002505,"Greenville, SC (CT)",0,1639,1639,0,3398,3398
45045002506,"Greenville, SC (CT)",0,1594,1594,0,3654,3654
45045002507,"Greenville, SC (CT)",0,2097,2097,0,4874,4874
45045002602,"Greenville, SC (CT)",0,1667,1667,0,3971,3971
45045002604,"Greenville, SC (CT)",0,2257,2257,0,5434,5434
45045002606,"Greenville, SC (CT)",218,2020,2238,512,5216,5728
45045002608,"Greenville, SC (CT)",0,3295,3295,0,8582,8582
45045002609,"Greenville, SC (CT)",0,2676,2676,0,6343,6343
45045002610,"Greenville, SC (CT)",0,1294,1294,0,3056,3056
45045002611,"Greenville, SC (CT)",33,1970,2003,67,4705,4772
45045002701,"Greenville, SC (CT)",630,1060,1690,1481,2403,3884
45045002702,"Greenville, SC (CT)",0,2820,2820,0,6814,6814
45045002803,"Greenville, SC (CT)",0,3490,3490,0,7797,7797
45045002804,"Greenville, SC (CT)",0,939,939,0,2232,2232
45045002805,"Greenville, SC (CT)",0,2300,2300,0,4704,4704
45045002808,"Greenville, SC (CT)",0,3425,3425,0,6750,6750
45045002811,"Greenville, SC (CT)",0,3236,3236,0,6994,6994
45045002812,"Greenville, SC (CT)",0,2936,2936,0,7259,7259
45045002813,"Greenville, SC (CT)",0,1450,1450,0,4541,4541
45045002814,"Greenville, SC (CT)",0,1894,1894,0,5662,5662
45045002815,"Greenville, SC (CT)",0,1885,1885,0,5462,5462
45045002816,"Greenville, SC (CT)",12,2785,2797,41,7903,7944
45045002901,"Greenville, SC (CT)",19,2657,2676,34,5469,5503
45045002903,"Greenville, SC (CT)",0,3328,3328,0,6925,6925
45045002904,"Greenville, SC (CT)",81,2244,2325,188,5189,5377
45045002905,"Greenville, SC (CT)",23,1556,1579,49,4277,4326
45045003005,"Greenville, SC (CT)",0,1286,1286,0,2376,2376
45045003008,"Greenville, SC (CT)",0,2347,2347,0,6425,6425
45045003009,"Greenville, SC (CT)",898,1145,2043,2259,3031,5290
45045003010,"Greenville, SC (CT)",86,2294,2380,202,5741,5943
45045003011,"Greenville, SC (CT)",26,1810,1836,56,4575,4631
45045003012,"Greenville, SC (CT)",0,2257,2257,0,5561,5561
45045003013,"Greenville, SC (CT)",9,2252,2261,17,5722,5739
45045003014,"Greenville, SC (CT)",66,1614,1680,168,4092,4260
45045003015,"Greenville, SC (CT)",316,2341,2657,839,6795,7634
45045003101,"Greenville, SC (CT)",57,2729,2786,110,6677,6787
45045003103,"Greenville, SC (CT)",712,352,1064,1811,962,2773
45045003104,"Greenville, SC (CT)",830,0,830,2000,0,2000
45045003201,"Greenville, SC (CT)",1821,52,1873,4214,1184,5398
45045003202,"Greenville, SC (CT)",1543,0,1543,3581,0,3581
45045003301,"Greenville, SC (CT)",1378,1241,2619,3135,2965,6100
45045003303,"Greenville, SC (CT)",1316,857,2173,2991,2057,5048
45045003304,"Greenville, SC (CT)",676,1836,2512,1540,4504,6044
45045003401,"Greenville, SC (CT)",3,506,509,6,1073,1079
45045003500,"Greenville, SC (CT)",319,766,1085,683,1594,2277
45045003601,"Greenville, SC (CT)",328,2067,2395,817,4779,5596
45045003602,"Greenville, SC (CT)",0,1067,1067,0,2528,2528
45045003701,"Greenville, SC (CT)",584,1553,2137,1347,3704,5051
45045003704,"Greenville, SC (CT)",0,1642,1642,0,3818,3818
45045003705,"Greenville, SC (CT)",0,870,870,0,1896,1896
45045003706,"Greenville, SC (CT)",0,1320,1320,0,3465,3465
45045003707,"Greenville, SC (CT)",0,1644,1644,0,3573,3573
45045003801,"Greenville, SC (CT)",36,2216,2252,70,6830,6900
45045003802,"Greenville, SC (CT)",433,1617,2050,1032,3616,4648
45045003902,"Greenville, SC (CT)",939,529,1468,2286,1243,3529
45045003903,"Greenville, SC (CT)",1112,672,1784,2582,1616,4198
45045003904,"Greenville, SC (CT)",830,1756,2586,2076,4252,6328
45045004001,"Greenville, SC (CT)",1180,136,1316,2905,322,3227
45045004002,"Greenville, SC (CT)",1864,0,1864,4959,0,4959
45045004101,"Greenville, SC (CT)",1010,726,1736,2315,1671,3986
45045004102,"Greenville, SC (CT)",829,0,829,963,0,963
45045004200,"Greenville, SC (CT)",0,1152,1152,0,2356,2356
45045004300,"Greenville, SC (CT)",0,1865,1865,0,3507,3507
45045004400,"Greenville, SC (CT)",0,1064,1064,0,2050,2050
45047970101,"Greenwood, SC (CT)",1358,351,1709,2892,837,3729
45047970102,"Greenwood, SC (CT)",2033,125,2158,4276,267,4543
45047970201,"Greenwood, SC (CT)",982,529,1511,2707,1378,4085
45047970202,"Greenwood, SC (CT)",0,3688,3688,0,7792,7792
45047970301,"Greenwood, SC (CT)",0,1762,1762,0,4897,4897
45047970302,"Greenwood, SC (CT)",151,2579,2730,331,5372,5703
45047970400,"Greenwood, SC (CT)",276,2533,2809,643,5719,6362
45047970500,"Greenwood, SC (CT)",0,2385,2385,0,5029,5029
45047970600,"Greenwood, SC (CT)",1512,1853,3365,3613,4095,7708
45047970701,"Greenwood, SC (CT)",1188,0,1188,1999,0,1999
45047970702,"Greenwood, SC (CT)",2059,284,2343,4635,749,5384
45047970800,"Greenwood, SC (CT)",1063,2480,3543,2551,5834,8385
45047970900,"Greenwood, SC (CT)",953,0,953,2010,0,2010
45047971000,"Greenwood, SC (CT)",910,0,910,2035,0,2035
45049920100,"Hampton, SC (CT)",902,340,1242,1919,712,2631
45049920200,"Hampton, SC (CT)",1581,1745,3326,3400,3828,7228
45049920300,"Hampton, SC (CT)",1232,0,1232,2655,0,2655
45049920400,"Hampton, SC (CT)",2394,0,2394,6590,0,6590
45049920500,"Hampton, SC (CT)",946,0,946,1986,0,1986
45051010100,"Horry, SC (CT)",1584,0,1584,3301,0,3301
45051020100,"Horry, SC (CT)",1325,2,1327,2918,6,2924
45051020200,"Horry, SC (CT)",2565,0,2565,5849,0,5849
45051020300,"Horry, SC (CT)",3039,0,3039,7105,0,7105
45051030101,"Horry, SC (CT)",283,0,283,740,0,740
45051030102,"Horry, SC (CT)",1217,0,1217,2789,0,2789
45051030103,"Horry, SC (CT)",1735,0,1735,3116,0,3116
45051040101,"Horry, SC (CT)",1736,781,2517,3246,1380,4626
45051040102,"Horry, SC (CT)",214,2340,2554,546,4166,4712
45051040103,"Horry, SC (CT)",262,3637,3899,300,4764,5064
45051040104,"Horry, SC (CT)",758,587,1345,1434,961,2395
45051040105,"Horry, SC (CT)",0,2113,2113,0,2335,2335
45051040200,"Horry, SC (CT)",70,6709,6779,114,3618,3732
45051040300,"Horry, SC (CT)",0,7732,7732,0,3723,3723
45051040400,"Horry, SC (CT)",0,5917,5917,0,3546,3546
45051040500,"Horry, SC (CT)",280,7781,8061,53,3466,3519
45051050102,"Horry, SC (CT)",0,3622,3622,0,3237,3237
45051050200,"Horry, SC (CT)",0,6126,6126,0,1353,1353
45051050303,"Horry, SC (CT)",0,4203,4203,0,2487,2487
45051050401,"Horry, SC (CT)",0,1600,1600,0,2430,2430
45051050402,"Horry, SC (CT)",0,2605,2605,0,1955,1955
45051050500,"Horry, SC (CT)",0,3669,3669,0,4321,4321
45051050600,"Horry, SC (CT)",0,2723,2723,0,4600,4600
45051050700,"Horry, SC (CT)",0,1586,1586,0,1777,1777
45051050900,"Horry, SC (CT)",0,3195,3195,0,6446,6446
45051051000,"Horry, SC (CT)",0,1722,1722,0,2429,2429
45051051201,"Horry, SC (CT)",0,1629,1629,0,1442,1442
45051051202,"Horry, SC (CT)",0,2655,2655,0,2375,2375
45051051301,"Horry, SC (CT)",0,3063,3063,0,1194,1194
45051051302,"Horry, SC (CT)",0,2616,2616,0,2517,2517
45051051403,"Horry, SC (CT)",0,2463,2463,0,4490,4490
45051051404,"Horry, SC (CT)",0,3190,3190,0,3204,3204
45051051405,"Horry, SC (CT)",0,2269,2269,0,3524,3524
45051051406,"Horry, SC (CT)",0,2362,2362,0,3145,3145
45051051501,"Horry, SC (CT)",0,1579,1579,0,3730,3730
45051051502,"Horry, SC (CT)",0,3856,3856,0,7124,7124
45051051503,"Horry, SC (CT)",0,1904,1904,0,4250,4250
45051051601,"Horry, SC (CT)",947,2672,3619,2132,6165,8297
45051051603,"Horry, SC (CT)",470,2282,2752,850,2941,3791
45051051604,"Horry, SC (CT)",950,3268,4218,1420,5875,7295
45051051605,"Horry, SC (CT)",0,2557,2557,0,5540,5540
45051051700,"Horry, SC (CT)",0,5863,5863,0,1669,1669
45051060101,"Horry, SC (CT)",343,1346,1689,788,3228,4016
45051060102,"Horry, SC (CT)",190,1014,1204,470,2490,2960
45051060203,"Horry, SC (CT)",31,2352,2383,68,5554,5622
45051060204,"Horry, SC (CT)",0,4227,4227,0,7601,7601
45051060206,"Horry, SC (CT)",0,2942,2942,0,6421,6421
45051060207,"Horry, SC (CT)",213,1857,2070,501,4439,4940
45051060208,"Horry, SC (CT)",0,2653,2653,0,2870,2870
45051060209,"Horry, SC (CT)",137,2693,2830,366,5646,6012
45051060301,"Horry, SC (CT)",1431,0,1431,3236,0,3236
45051060303,"Horry, SC (CT)",564,2239,2803,702,897,1599
45051060308,"Horry, SC (CT)",1807,616,2423,3809,967,4776
45051060403,"Horry, SC (CT)",24,1143,1167,55,2604,2659
45051060404,"Horry, SC (CT)",712,106,818,1126,204,1330
45051060405,"Horry, SC (CT)",0,2252,2252,0,5699,5699
45051060406,"Horry, SC (CT)",17,2929,2946,30,5593,5623
45051070101,"Horry, SC (CT)",1878,17,1895,4299,42,4341
45051070102,"Horry, SC (CT)",1335,0,1335,3038,0,3038
45051070200,"Horry, SC (CT)",0,1347,1347,0,2880,2880
45051070300,"Horry, SC (CT)",207,1236,1443,355,2624,2979
45051070400,"Horry, SC (CT)",220,1745,1965,547,3849,4396
45051070500,"Horry, SC (CT)",166,1272,1438,374,2960,3334
45051070601,"Horry, SC (CT)",1701,0,1701,3880,0,3880
45051070602,"Horry, SC (CT)",1686,224,1910,3534,564,4098
45051070701,"Horry, SC (CT)",1940,297,2237,5117,596,5713
45051070702,"Horry, SC (CT)",1527,580,2107,3539,1517,5056
45051080101,"Horry, SC (CT)",1507,0,1507,3461,0,3461
45051080102,"Horry, SC (CT)",1087,0,1087,2472,0,2472
45051080200,"Horry, SC (CT)",1809,0,1809,4119,0,4119
45051980100,"Horry, SC (CT)",0,60,60,0,62,62
45051990100,"Horry, SC (CT)",0,0,0,0,0,0
45053950100,"Jasper, SC (CT)",2490,0,2490,5160,0,5160
45053950201,"Jasper, SC (CT)",1426,344,1770,2714,852,3566
45053950202,"Jasper, SC (CT)",1692,1336,3028,3919,4449,8368
45053950300,"Jasper, SC (CT)",1930,1081,3011,4726,2957,7683
45053990100,"Jasper, SC (CT)",0,0,0,0,0,0
45055970100,"Kershaw, SC (CT)",1179,0,1179,2498,0,2498
45055970200,"Kershaw, SC (CT)",1266,0,1266,2806,0,2806
45055970300,"Kershaw, SC (CT)",1875,0,1875,2266,0,2266
45055970401,"Kershaw, SC (CT)",2080,0,2080,4582,0,4582
45055970402,"Kershaw, SC (CT)",171,998,1169,349,2275,2624
45055970403,"Kershaw, SC (CT)",76,820,896,209,2100,2309
45055970500,"Kershaw, SC (CT)",654,2128,2782,1375,4302,5677
45055970601,"Kershaw, SC (CT)",770,1629,2399,1791,3718,5509
45055970602,"Kershaw, SC (CT)",1972,12,1984,4601,38,4639
45055970700,"Kershaw, SC (CT)",1307,0,1307,2987,0,2987
45055970800,"Kershaw, SC (CT)",303,2709,3012,736,5488,6224
45055970902,"Kershaw, SC (CT)",1175,0,1175,3029,0,3029
45055970903,"Kershaw, SC (CT)",1567,789,2356,4036,1963,5999
45055970904,"Kershaw, SC (CT)",1614,1367,2981,4180,3701,7881
45055970905,"Kershaw, SC (CT)",56,961,1017,142,2525,2667
45057010100,"Lancaster, SC (CT)",1615,0,1615,3818,0,3818
45057010200,"Lancaster, SC (CT)",3208,0,3208,8474,0,8474
45057010300,"Lancaster, SC (CT)",2246,174,2420,5068,415,5483
45057010400,"Lancaster, SC (CT)",504,630,1134,1121,1568,2689
45057010500,"Lancaster, SC (CT)",171,2129,2300,398,5078,5476
45057010600,"Lancaster, SC (CT)",492,1758,2250,1094,4396,5490
45057010700,"Lancaster, SC (CT)",0,1833,1833,0,3804,3804
45057010800,"Lancaster, SC (CT)",0,1270,1270,0,2696,2696
45057010900,"Lancaster, SC (CT)",180,1530,1710,577,3186,3763
45057011001,"Lancaster, SC (CT)",1958,239,2197,4676,643,5319
45057011002,"Lancaster, SC (CT)",1637,249,1886,3948,676,4624
45057011100,"Lancaster, SC (CT)",1549,634,2183,3770,1517,5287
45057011201,"Lancaster, SC (CT)",1169,2808,3977,2609,6854,9463
45057011202,"Lancaster, SC (CT)",1135,3569,4704,2738,7528,10266
45059920101,"Laurens, SC (CT)",1924,901,2825,4702,2312,7014
45059920102,"Laurens, SC (CT)",662,0,662,1588,0,1588
45059920103,"Laurens, SC (CT)",1878,0,1878,4417,0,4417
45059920104,"Laurens, SC (CT)",1448,0,1448,3311,0,3311
45059920201,"Laurens, SC (CT)",1449,0,1449,3230,0,3230
45059920202,"Laurens, SC (CT)",1932,0,1932,3284,0,3284
45059920301,"Laurens, SC (CT)",1358,333,1691,3003,669,3672
45059920302,"Laurens, SC (CT)",1094,810,1904,2801,1603,4404
45059920400,"Laurens, SC (CT)",215,2292,2507,509,4631,5140
45059920501,"Laurens, SC (CT)",792,0,792,1761,0,1761
45059920502,"Laurens, SC (CT)",1172,1452,2624,2671,3433,6104
45059920600,"Laurens, SC (CT)",1160,791,1951,2646,2054,4700
45059920700,"Laurens, SC (CT)",664,1654,2318,1473,3353,4826
45059920800,"Laurens, SC (CT)",302,1614,1916,695,4519,5214
45059920900,"Laurens, SC (CT)",561,604,1165,1177,1250,2427
45059921001,"Laurens, SC (CT)",1614,0,1614,2778,0,2778
45059921002,"Laurens, SC (CT)",2033,0,2033,2667,0,2667
45061920100,"Lee, SC (CT)",742,0,742,1550,0,1550
45061920200,"Lee, SC (CT)",1300,918,2218,2878,1988,4866
45061920301,"Lee, SC (CT)",0,0,0,0,0,0
45061920302,"Lee, SC (CT)",901,794,1695,2186,3403,5589
45061920400,"Lee, SC (CT)",1777,0,1777,4001,0,4001
45061920500,"Lee, SC (CT)",618,0,618,1583,0,1583
45061920600,"Lee, SC (CT)",725,0,725,1631,0,1631
45063020100,"Lexington, SC (CT)",18,1219,1237,53,2709,2762
45063020201,"Lexington, SC (CT)",0,1226,1226,0,2350,2350
45063020202,"Lexington, SC (CT)",0,1055,1055,0,2294,2294
45063020300,"Lexington, SC (CT)",0,2201,2201,0,4202,4202
45063020505,"Lexington, SC (CT)",0,1838,1838,0,4143,4143
45063020506,"Lexington, SC (CT)",50,2031,2081,122,3463,3585
45063020507,"Lexington, SC (CT)",0,3010,3010,0,6510,6510
45063020508,"Lexington, SC (CT)",0,980,980,0,2151,2151
45063020509,"Lexington, SC (CT)",0,1880,1880,0,3468,3468
45063020510,"Lexington, SC (CT)",0,2362,2362,0,4684,4684
45063020511,"Lexington, SC (CT)",0,1667,1667,0,3430,3430
45063020601,"Lexington, SC (CT)",0,2011,2011,0,4094,4094
45063020602,"Lexington, SC (CT)",0,2004,2004,0,4232,4232
45063020604,"Lexington, SC (CT)",9,1357,1366,15,2767,2782
45063020605,"Lexington, SC (CT)",161,651,812,392,1460,1852
45063020703,"Lexington, SC (CT)",156,1674,1830,344,3701,4045
45063020705,"Lexington, SC (CT)",793,704,1497,1861,1760,3621
45063020706,"Lexington, SC (CT)",23,1177,1200,42,3139,3181
45063020707,"Lexington, SC (CT)",202,1282,1484,454,3249,3703
45063020708,"Lexington, SC (CT)",327,869,1196,692,1879,2571
45063020801,"Lexington, SC (CT)",649,0,649,1514,0,1514
45063020802,"Lexington, SC (CT)",1161,107,1268,2555,263,2818
45063020803,"Lexington, SC (CT)",1440,36,1476,3392,98,3490
45063020804,"Lexington, SC (CT)",753,366,1119,1882,984,2866
45063020805,"Lexington, SC (CT)",974,1123,2097,2578,2920,5498
45063020903,"Lexington, SC (CT)",1860,0,1860,4679,0,4679
45063020904,"Lexington, SC (CT)",1314,0,1314,3184,0,3184
45063020905,"Lexington, SC (CT)",1336,27,1363,3264,54,3318
45063020906,"Lexington, SC (CT)",1626,0,1626,4008,0,4008
45063020907,"Lexington, SC (CT)",465,1642,2107,1221,4627,5848
45063020908,"Lexington, SC (CT)",425,877,1302,987,2161,3148
45063021009,"Lexington, SC (CT)",972,2264,3236,2396,6140,8536
45063021014,"Lexington, SC (CT)",254,1737,1991,571,4304,4875
45063021017,"Lexington, SC (CT)",0,3033,3033,0,7514,7514
45063021018,"Lexington, SC (CT)",0,2254,2254,0,5261,5261
45063021019,"Lexington, SC (CT)",0,598,598,0,1369,1369
45063021020,"Lexington, SC (CT)",0,1690,1690,0,3992,3992
45063021021,"Lexington, SC (CT)",217,423,640,475,996,1471
45063021022,"Lexington, SC (CT)",7,1455,1462,19,3695,3714
45063021023,"Lexington, SC (CT)",196,793,989,513,2053,2566
45063021024,"Lexington, SC (CT)",178,1194,1372,420,3355,3775
45063021025,"Lexington, SC (CT)",19,1685,1704,23,3416,3439
45063021026,"Lexington, SC (CT)",0,1534,1534,0,4274,4274
45063021027,"Lexington, SC (CT)",0,1557,1557,0,3992,3992
45063021028,"Lexington, SC (CT)",0,1572,1572,0,3463,3463
45063021029,"Lexington, SC (CT)",0,1347,1347,0,3314,3314
45063021030,"Lexington, SC (CT)",0,2266,2266,0,4901,4901
45063021031,"Lexington, SC (CT)",0,1725,1725,0,3982,3982
45063021032,"Lexington, SC (CT)",0,1499,1499,0,3767,3767
45063021033,"Lexington, SC (CT)",0,1683,1683,0,4431,4431
45063021034,"Lexington, SC (CT)",0,1737,1737,0,4133,4133
45063021106,"Lexington, SC (CT)",0,1227,1227,0,2859,2859
45063021109,"Lexington, SC (CT)",0,1337,1337,0,3105,3105
45063021110,"Lexington, SC (CT)",0,1174,1174,0,2859,2859
45063021111,"Lexington, SC (CT)",0,1111,1111,0,2495,2495
45063021112,"Lexington, SC (CT)",0,1303,1303,0,2709,2709
45063021113,"Lexington, SC (CT)",0,1265,1265,0,3074,3074
45063021114,"Lexington, SC (CT)",0,1456,1456,0,3653,3653
45063021115,"Lexington, SC (CT)",130,1092,1222,248,1851,2099
45063021116,"Lexington, SC (CT)",0,1347,1347,0,3306,3306
45063021203,"Lexington, SC (CT)",553,1643,2196,1164,3804,4968
45063021204,"Lexington, SC (CT)",464,1093,1557,1008,2646,3654
45063021205,"Lexington, SC (CT)",44,1332,1376,81,2773,2854
45063021206,"Lexington, SC (CT)",856,375,1231,1886,866,2752
45063021303,"Lexington, SC (CT)",2061,0,2061,3272,0,3272
45063021304,"Lexington, SC (CT)",1710,0,1710,3764,0,3764
45063021305,"Lexington, SC (CT)",1026,109,1135,2540,312,2852
45063021306,"Lexington, SC (CT)",1567,0,1567,3986,0,3986
45063021307,"Lexington, SC (CT)",750,0,750,1927,0,1927
45063021308,"Lexington, SC (CT)",1695,0,1695,4227,0,4227
45063021402,"Lexington, SC (CT)",267,1606,1873,514,3435,3949
45063021403,"Lexington, SC (CT)",915,37,952,2032,86,2118
45063021404,"Lexington, SC (CT)",895,510,1405,2017,1092,3109
45063980100,"Lexington, SC (CT)",0,0,0,0,0,0
45065920100,"McCormick, SC (CT)",1567,0,1567,2356,0,2356
45065920200,"McCormick, SC (CT)",2416,0,2416,5759,0,5759
45065920300,"McCormick, SC (CT)",1470,0,1470,2118,0,2118
45067950100,"Marion, SC (CT)",1270,711,1981,2810,1788,4598
45067950200,"Marion, SC (CT)",1565,1276,2841,3676,2754,6430
45067950300,"Marion, SC (CT)",550,815,1365,1251,1856,3107
45067950400,"Marion, SC (CT)",1081,801,1882,2256,1607,3863
45067950500,"Marion, SC (CT)",1324,992,2316,2842,2049,4891
45067950600,"Marion, SC (CT)",1377,1341,2718,3230,2922,6152
45067950700,"Marion, SC (CT)",807,0,807,1652,0,1652
45067950800,"Marion, SC (CT)",1043,0,1043,2369,0,2369
45069960100,"Marlboro, SC (CT)",1590,0,1590,3287,0,3287
45069960200,"Marlboro, SC (CT)",679,2183,2862,1618,4646,6264
45069960301,"Marlboro, SC (CT)",182,2219,2401,421,4484,4905
45069960302,"Marlboro, SC (CT)",648,356,1004,1320,3876,5196
45069960400,"Marlboro, SC (CT)",2166,0,2166,4732,0,4732
45069960500,"Marlboro, SC (CT)",1030,0,1030,2293,0,2293
45069960600,"Marlboro, SC (CT)",1019,0,1019,2256,0,2256
45071950100,"Newberry, SC (CT)",1617,0,1617,3631,0,3631
45071950201,"Newberry, SC (CT)",840,131,971,2257,358,2615
45071950202,"Newberry, SC (CT)",441,2658,3099,1136,6255,7391
45071950300,"Newberry, SC (CT)",1764,0,1764,3351,0,3351
45071950502,"Newberry, SC (CT)",383,2247,2630,816,4930,5746
45071950601,"Newberry, SC (CT)",2175,0,2175,4869,0,4869
45071950602,"Newberry, SC (CT)",3499,6,3505,5864,13,5877
45071950700,"Newberry, SC (CT)",1943,218,2161,3525,503,4028
45073030100,"Oconee, SC (CT)",2645,0,2645,4352,0,4352
45073030200,"Oconee, SC (CT)",3889,0,3889,5764,0,5764
45073030300,"Oconee, SC (CT)",3304,119,3423,5895,250,6145
45073030401,"Oconee, SC (CT)",1114,1930,3044,2512,4477,6989
45073030402,"Oconee, SC (CT)",815,77,892,1602,177,1779
45073030500,"Oconee, SC (CT)",1443,734,2177,3000,1375,4375
45073030601,"Oconee, SC (CT)",428,1895,2323,927,3516,4443
45073030602,"Oconee, SC (CT)",459,1692,2151,784,3663,4447
45073030701,"Oconee, SC (CT)",0,1867,1867,0,3733,3733
45073030702,"Oconee, SC (CT)",844,2084,2928,1478,4608,6086
45073030800,"Oconee, SC (CT)",1492,1971,3463,2959,4255,7214
45073030901,"Oconee, SC (CT)",1921,0,1921,2454,0,2454
45073030902,"Oconee, SC (CT)",3601,0,3601,7526,0,7526
45073031000,"Oconee, SC (CT)",2634,0,2634,5267,0,5267
45073031100,"Oconee, SC (CT)",1805,0,1805,3699,0,3699
45075010100,"Orangeburg, SC (CT)",2945,0,2945,5021,0,5021
45075010200,"Orangeburg, SC (CT)",2286,0,2286,5097,0,5097
45075010300,"Orangeburg, SC (CT)",3157,0,3157,6125,0,6125
45075010400,"Orangeburg, SC (CT)",1895,0,1895,3878,0,3878
45075010500,"Orangeburg, SC (CT)",1712,0,1712,3621,0,3621
45075010600,"Orangeburg, SC (CT)",1179,949,2128,2830,2168,4998
45075010700,"Orangeburg, SC (CT)",904,521,1425,2032,1113,3145
45075010800,"Orangeburg, SC (CT)",1136,1089,2225,2675,2496,5171
45075010900,"Orangeburg, SC (CT)",1025,2464,3489,2519,5557,8076
45075011000,"Orangeburg, SC (CT)",77,2727,2804,184,5924,6108
45075011100,"Orangeburg, SC (CT)",261,1259,1520,606,2648,3254
45075011200,"Orangeburg, SC (CT)",0,518,518,0,2843,2843
45075011300,"Orangeburg, SC (CT)",0,1484,1484,0,3151,3151
45075011400,"Orangeburg, SC (CT)",0,1945,1945,0,3590,3590
45075011500,"Orangeburg, SC (CT)",836,946,1782,1775,2046,3821
45075011600,"Orangeburg, SC (CT)",1969,803,2772,4685,1970,6655
45075011700,"Orangeburg, SC (CT)",2301,0,2301,4933,0,4933
45075011800,"Orangeburg, SC (CT)",2183,0,2183,4607,0,4607
45075011900,"Orangeburg, SC (CT)",1956,0,1956,4352,0,4352
45075012000,"Orangeburg, SC (CT)",1977,0,1977,4055,0,4055
45077010100,"Pickens, SC (CT)",1833,0,1833,3003,0,3003
45077010200,"Pickens, SC (CT)",2453,0,2453,4410,0,4410
45077010300,"Pickens, SC (CT)",2484,0,2484,5669,0,5669
45077010401,"Pickens, SC (CT)",960,0,960,2134,0,2134
45077010402,"Pickens, SC (CT)",902,1680,2582,1999,3527,5526
45077010403,"Pickens, SC (CT)",649,179,828,1583,427,2010
45077010501,"Pickens, SC (CT)",1199,0,1199,2776,0,2776
45077010502,"Pickens, SC (CT)",944,532,1476,2116,1151,3267
45077010601,"Pickens, SC (CT)",1425,0,1425,3541,0,3541
45077010602,"Pickens, SC (CT)",1211,1646,2857,2892,4079,6971
45077010700,"Pickens, SC (CT)",737,1187,1924,1705,2603,4308
45077010801,"Pickens, SC (CT)",91,2096,2187,196,4569,4765
45077010802,"Pickens, SC (CT)",71,1436,1507,157,3128,3285
45077010803,"Pickens, SC (CT)",7,1870,1877,10,4503,4513
45077010804,"Pickens, SC (CT)",0,1647,1647,0,3278,3278
45077010901,"Pickens, SC (CT)",580,1509,2089,1401,3526,4927
45077010902,"Pickens, SC (CT)",39,2769,2808,86,6312,6398
45077010903,"Pickens, SC (CT)",6,2224,2230,9,5589,5598
45077011001,"Pickens, SC (CT)",497,810,1307,1258,1957,3215
45077011002,"Pickens, SC (CT)",818,2050,2868,1864,4605,6469
45077011003,"Pickens, SC (CT)",1043,0,1043,2468,0,2468
45077011101,"Pickens, SC (CT)",476,534,1010,1126,1263,2389
45077011102,"Pickens, SC (CT)",440,2878,3318,945,6397,7342
45077011103,"Pickens, SC (CT)",262,312,574,576,633,1209
45077011202,"Pickens, SC (CT)",16,138,154,32,5662,5694
45077011203,"Pickens, SC (CT)",59,2793,2852,117,6005,6122
45077011204,"Pickens, SC (CT)",277,1936,2213,600,3768,4368
45077011205,"Pickens, SC (CT)",0,1539,1539,0,3569,3569
45079000100,"Richland, SC (CT)",0,940,940,0,2467,2467
45079000200,"Richland, SC (CT)",0,768,768,0,1494,1494
45079000300,"Richland, SC (CT)",0,1227,1227,0,2876,2876
45079000400,"Richland, SC (CT)",0,975,975,0,1876,1876
45079000500,"Richland, SC (CT)",0,980,980,0,2194,2194
45079000600,"Richland, SC (CT)",0,1337,1337,0,2332,2332
45079000700,"Richland, SC (CT)",0,992,992,0,1736,1736
45079000900,"Richland, SC (CT)",0,1140,1140,0,2372,2372
45079001000,"Richland, SC (CT)",0,954,954,0,3535,3535
45079001100,"Richland, SC (CT)",0,2267,2267,0,4043,4043
45079001200,"Richland, SC (CT)",0,800,800,0,1820,1820
45079001300,"Richland, SC (CT)",0,1201,1201,0,2610,2610
45079001600,"Richland, SC (CT)",0,783,783,0,1236,1236
45079002100,"Richland, SC (CT)",0,1712,1712,0,2683,2683
45079002200,"Richland, SC (CT)",0,749,749,0,1278,1278
45079002300,"Richland, SC (CT)",0,1047,1047,0,2187,2187
45079002400,"Richland, SC (CT)",0,1955,1955,0,3905,3905
45079002500,"Richland, SC (CT)",0,1894,1894,0,3694,3694
45079002602,"Richland, SC (CT)",0,1680,1680,0,2957,2957
45079002603,"Richland, SC (CT)",0,2323,2323,0,4058,4058
45079002604,"Richland, SC (CT)",0,946,946,0,1697,1697
45079002700,"Richland, SC (CT)",0,1591,1591,0,2982,2982
45079002800,"Richland, SC (CT)",0,2167,2167,0,6455,6455
45079002900,"Richland, SC (CT)",0,530,530,0,3232,3232
45079003000,"Richland, SC (CT)",0,1254,1254,0,2852,2852
45079003100,"Richland, SC (CT)",0,569,569,0,1213,1213
45079010102,"Richland, SC (CT)",644,1854,2498,1578,4641,6219
45079010103,"Richland, SC (CT)",1,6094,6095,1,17154,17155
45079010104,"Richland, SC (CT)",1446,81,1527,3600,257,3857
45079010200,"Richland, SC (CT)",2368,50,2418,5380,125,5505
45079010304,"Richland, SC (CT)",0,3812,3812,0,7126,7126
45079010305,"Richland, SC (CT)",0,2715,2715,0,7004,7004
45079010306,"Richland, SC (CT)",241,2942,3183,554,7369,7923
45079010307,"Richland, SC (CT)",1155,1818,2973,2939,5433,8372
45079010308,"Richland, SC (CT)",3,2113,2116,5,5852,5857
45079010309,"Richland, SC (CT)",155,3362,3517,377,8571,8948
45079010403,"Richland, SC (CT)",0,2210,2210,0,3875,3875
45079010407,"Richland, SC (CT)",0,1801,1801,0,4284,4284
45079010408,"Richland, SC (CT)",0,2,2,211,5955,6166
45079010409,"Richland, SC (CT)",0,1156,1156,0,1604,1604
45079010410,"Richland, SC (CT)",0,1878,1878,0,3781,3781
45079010411,"Richland, SC (CT)",0,2077,2077,0,3174,3174
45079010412,"Richland, SC (CT)",0,2022,2022,0,3159,3159
45079010413,"Richland, SC (CT)",0,1338,1338,0,1989,1989
45079010501,"Richland, SC (CT)",34,719,753,49,1940,1989
45079010502,"Richland, SC (CT)",0,269,269,0,643,643
45079010600,"Richland, SC (CT)",0,2363,2363,0,4862,4862
45079010701,"Richland, SC (CT)",155,993,1148,453,2565,3018
45079010702,"Richland, SC (CT)",173,1219,1392,451,3205,3656
45079010703,"Richland, SC (CT)",0,1542,1542,0,3450,3450
45079010803,"Richland, SC (CT)",0,920,920,0,2127,2127
45079010804,"Richland, SC (CT)",0,1028,1028,0,2405,2405
45079010805,"Richland, SC (CT)",0,1319,1319,0,2445,2445
45079010806,"Richland, SC (CT)",0,0,0,0,555,555
45079010900,"Richland, SC (CT)",0,1122,1122,0,2884,2884
45079011000,"Richland, SC (CT)",0,684,684,0,1551,1551
45079011101,"Richland, SC (CT)",0,1610,1610,0,3521,3521
45079011102,"Richland, SC (CT)",0,1621,1621,0,3386,3386
45079011201,"Richland, SC (CT)",0,1007,1007,0,1895,1895
45079011202,"Richland, SC (CT)",0,1892,1892,0,3534,3534
45079011301,"Richland, SC (CT)",0,3110,3110,0,5881,5881
45079011303,"Richland, SC (CT)",0,2595,2595,0,4919,4919
45079011304,"Richland, SC (CT)",0,2331,2331,0,5211,5211
45079011305,"Richland, SC (CT)",0,2144,2144,0,5154,5154
45079011404,"Richland, SC (CT)",0,3828,3828,0,8292,8292
45079011407,"Richland, SC (CT)",286,1210,1496,623,2539,3162
45079011411,"Richland, SC (CT)",0,1485,1485,0,3501,3501
45079011412,"Richland, SC (CT)",0,2041,2041,0,5089,5089
45079011413,"Richland, SC (CT)",2,3866,3868,6,8352,8358
45079011414,"Richland, SC (CT)",57,2279,2336,155,5612,5767
45079011415,"Richland, SC (CT)",151,3736,3887,380,10212,10592
45079011416,"Richland, SC (CT)",2,4250,4252,6,11469,11475
45079011417,"Richland, SC (CT)",0,3255,3255,0,8302,8302
45079011418,"Richland, SC (CT)",0,1447,1447,0,3433,3433
45079011419,"Richland, SC (CT)",0,1930,1930,0,4905,4905
45079011501,"Richland, SC (CT)",0,3,3,0,10945,10945
45079011502,"Richland, SC (CT)",0,826,826,0,2133,2133
45079011603,"Richland, SC (CT)",0,2402,2402,0,5380,5380
45079011604,"Richland, SC (CT)",0,2745,2745,0,5946,5946
45079011606,"Richland, SC (CT)",0,1918,1918,0,4461,4461
45079011607,"Richland, SC (CT)",0,1935,1935,0,3800,3800
45079011608,"Richland, SC (CT)",0,3311,3311,0,6959,6959
45079011701,"Richland, SC (CT)",2,2371,2373,2,5135,5137
45079011702,"Richland, SC (CT)",46,1070,1116,85,3465,3550
45079011800,"Richland, SC (CT)",2610,0,2610,6424,0,6424
45079011901,"Richland, SC (CT)",585,2395,2980,1437,6153,7590
45079011902,"Richland, SC (CT)",2105,146,2251,4705,275,4980
45079012000,"Richland, SC (CT)",2449,0,2449,5433,0,5433
45079980100,"Richland, SC (CT)",12,0,12,22,0,22
45081960100,"Saluda, SC (CT)",1518,0,1518,2817,0,2817
45081960201,"Saluda, SC (CT)",1528,457,1985,3658,1149,4807
45081960202,"Saluda, SC (CT)",819,869,1688,1859,2379,4238
45081960300,"Saluda, SC (CT)",2560,141,2701,4512,342,4854
45081960400,"Saluda, SC (CT)",1397,0,1397,3159,0,3159
45083020301,"Spartanburg, SC (CT)",0,711,711,0,2905,2905
45083020400,"Spartanburg, SC (CT)",0,620,620,0,1212,1212
45083020500,"Spartanburg, SC (CT)",0,566,566,0,1414,1414
45083020601,"Spartanburg, SC (CT)",0,1215,1215,0,2756,2756
45083020602,"Spartanburg, SC (CT)",0,878,878,0,1899,1899
45083020603,"Spartanburg, SC (CT)",0,1127,1127,0,2214,2214
45083020701,"Spartanburg, SC (CT)",0,1431,1431,0,3068,3068
45083020702,"Spartanburg, SC (CT)",19,831,850,61,1797,1858
45083020800,"Spartanburg, SC (CT)",0,632,632,0,1484,1484
45083020900,"Spartanburg, SC (CT)",0,825,825,0,1302,1302
45083021001,"Spartanburg, SC (CT)",0,1357,1357,0,2612,2612
45083021100,"Spartanburg, SC (CT)",0,1775,1775,0,3537,3537
45083021200,"Spartanburg, SC (CT)",0,1541,1541,0,3267,3267
45083021301,"Spartanburg, SC (CT)",0,1578,1578,0,2646,2646
45083021302,"Spartanburg, SC (CT)",0,1108,1108,0,2439,2439
45083021303,"Spartanburg, SC (CT)",0,2571,2571,0,5073,5073
45083021401,"Spartanburg, SC (CT)",230,549,779,515,1063,1578
45083021402,"Spartanburg, SC (CT)",395,1000,1395,882,2528,3410
45083021403,"Spartanburg, SC (CT)",0,1850,1850,0,3514,3514
45083021500,"Spartanburg, SC (CT)",0,1621,1621,0,3145,3145
45083021600,"Spartanburg, SC (CT)",0,1299,1299,0,3419,3419
45083021700,"Spartanburg, SC (CT)",0,1593,1593,0,3913,3913
45083021802,"Spartanburg, SC (CT)",0,2329,2329,0,6059,6059
45083021803,"Spartanburg, SC (CT)",0,2586,2586,0,6407,6407
45083021804,"Spartanburg, SC (CT)",0,821,821,0,1989,1989
45083021901,"Spartanburg, SC (CT)",398,2118,2516,888,4930,5818
45083021902,"Spartanburg, SC (CT)",0,3184,3184,0,6944,6944
45083022003,"Spartanburg, SC (CT)",256,1293,1549,557,3276,3833
45083022004,"Spartanburg, SC (CT)",52,1130,1182,133,2580,2713
45083022005,"Spartanburg, SC (CT)",0,2333,2333,0,5422,5422
45083022006,"Spartanburg, SC (CT)",200,1543,1743,450,3810,4260
45083022007,"Spartanburg, SC (CT)",1,1512,1513,1,3252,3253
45083022101,"Spartanburg, SC (CT)",6,1696,1702,13,3343,3356
45083022102,"Spartanburg, SC (CT)",251,723,974,544,1544,2088
45083022201,"Spartanburg, SC (CT)",298,1756,2054,698,3907,4605
45083022202,"Spartanburg, SC (CT)",758,1230,1988,1689,2699,4388
45083022302,"Spartanburg, SC (CT)",1195,1107,2302,2815,2495,5310
45083022303,"Spartanburg, SC (CT)",147,790,937,334,1615,1949
45083022304,"Spartanburg, SC (CT)",1795,86,1881,4229,204,4433
45083022401,"Spartanburg, SC (CT)",1845,896,2741,4233,1939,6172
45083022403,"Spartanburg, SC (CT)",1422,1708,3130,3439,4481,7920
45083022404,"Spartanburg, SC (CT)",329,1823,2152,783,4572,5355
45083022405,"Spartanburg, SC (CT)",152,1332,1484,386,3379,3765
45083022406,"Spartanburg, SC (CT)",0,2641,2641,0,6328,6328
45083022500,"Spartanburg, SC (CT)",1759,1,1760,3950,0,3950
45083022600,"Spartanburg, SC (CT)",392,1245,1637,789,2514,3303
45083022700,"Spartanburg, SC (CT)",2583,290,2873,6309,870,7179
45083022801,"Spartanburg, SC (CT)",882,1572,2454,2238,3969,6207
45083022802,"Spartanburg, SC (CT)",1138,1470,2608,2868,3928,6796
45083022900,"Spartanburg, SC (CT)",105,2734,2839,228,6217,6445
45083023001,"Spartanburg, SC (CT)",969,2218,3187,2512,5325,7837
45083023002,"Spartanburg, SC (CT)",341,923,1264,805,2320,3125
45083023101,"Spartanburg, SC (CT)",0,2075,2075,0,4839,4839
45083023102,"Spartanburg, SC (CT)",19,2593,2612,33,5639,5672
45083023201,"Spartanburg, SC (CT)",328,1176,1504,839,2918,3757
45083023202,"Spartanburg, SC (CT)",656,883,1539,1425,2199,3624
45083023301,"Spartanburg, SC (CT)",0,739,739,0,1815,1815
45083023302,"Spartanburg, SC (CT)",0,2132,2132,0,4964,4964
45083023401,"Spartanburg, SC (CT)",0,897,897,0,2232,2232
45083023402,"Spartanburg, SC (CT)",638,980,1618,1590,2369,3959
45083023403,"Spartanburg, SC (CT)",107,2423,2530,276,5542,5818
45083023404,"Spartanburg, SC (CT)",1084,1301,2385,2516,3400,5916
45083023405,"Spartanburg, SC (CT)",1142,611,1753,2717,1665,4382
45083023500,"Spartanburg, SC (CT)",2057,29,2086,4840,69,4909
45083023600,"Spartanburg, SC (CT)",821,1897,2718,1781,4229,6010
45083023700,"Spartanburg, SC (CT)",1960,0,1960,4464,0,4464
45083023801,"Spartanburg, SC (CT)",1834,360,2194,4470,888,5358
45083023802,"Spartanburg, SC (CT)",1807,0,1807,5634,0,5634
45083023900,"Spartanburg, SC (CT)",2383,10,2393,5058,22,5080
45085000100,"Sumter, SC (CT)",1227,0,1227,3679,0,3679
45085000201,"Sumter, SC (CT)",1136,869,2005,2415,1833,4248
45085000202,"Sumter, SC (CT)",931,1439,2370,2000,3695,5695
45085000300,"Sumter, SC (CT)",20,1595,1615,44,4128,4172
45085000400,"Sumter, SC (CT)",2415,1247,3662,5361,3177,8538
45085000500,"Sumter, SC (CT)",1038,0,1038,2349,0,2349
45085000600,"Sumter, SC (CT)",1386,340,1726,3287,881,4168
45085000700,"Sumter, SC (CT)",419,1468,1887,1038,3566,4604
45085000800,"Sumter, SC (CT)",0,1434,1434,0,3937,3937
45085000901,"Sumter, SC (CT)",0,2191,2191,0,3936,3936
45085000902,"Sumter, SC (CT)",0,1936,1936,0,4584,4584
45085001100,"Sumter, SC (CT)",313,1398,1711,746,3581,4327
45085001300,"Sumter, SC (CT)",0,1220,1220,0,2073,2073
45085001500,"Sumter, SC (CT)",0,981,981,0,2078,2078
45085001600,"Sumter, SC (CT)",0,1702,1702,0,4004,4004
45085001701,"Sumter, SC (CT)",39,2584,2623,78,6658,6736
45085001703,"Sumter, SC (CT)",55,1858,1913,139,4694,4833
45085001704,"Sumter, SC (CT)",23,2135,2158,49,5306,5355
45085001801,"Sumter, SC (CT)",1532,201,1733,3667,521,4188
45085001802,"Sumter, SC (CT)",966,2919,3885,2089,5756,7845
45085001901,"Sumter, SC (CT)",1833,811,2644,4416,1957,6373
45085001902,"Sumter, SC (CT)",1186,1075,2261,2992,2681,5673
45085002000,"Sumter, SC (CT)",0,2089,2089,0,4061,4061
45087030100,"Union, SC (CT)",0,1145,1145,0,2250,2250
45087030200,"Union, SC (CT)",0,1481,1481,0,2881,2881
45087030300,"Union, SC (CT)",548,1590,2138,1097,2958,4055
45087030400,"Union, SC (CT)",1845,923,2768,4178,1874,6052
45087030500,"Union, SC (CT)",967,30,997,2116,70,2186
45087030600,"Union, SC (CT)",993,0,993,1957,0,1957
45087030700,"Union, SC (CT)",1617,0,1617,3313,0,3313
45087030800,"Union, SC (CT)",1760,0,1760,3737,0,3737
45087030900,"Union, SC (CT)",1254,0,1254,2530,0,2530
45089970100,"Williamsburg, SC (CT)",1080,12,1092,2398,11,2409
45089970200,"Williamsburg, SC (CT)",757,0,757,1591,0,1591
45089970300,"Williamsburg, SC (CT)",2198,0,2198,4753,0,4753
45089970400,"Williamsburg, SC (CT)",1435,0,1435,3181,0,3181
45089970501,"Williamsburg, SC (CT)",1337,378,1715,2903,895,3798
45089970502,"Williamsburg, SC (CT)",803,1181,1984,1748,2712,4460
45089970600,"Williamsburg, SC (CT)",1169,1258,2427,2678,2488,5166
45089970700,"Williamsburg, SC (CT)",1155,0,1155,2465,0,2465
45089970801,"Williamsburg, SC (CT)",1478,0,1478,2937,0,2937
45089970802,"Williamsburg, SC (CT)",0,0,0,1162,0,1162
45089970900,"Williamsburg, SC (CT)",1066,52,1118,2389,112,2501
45091060102,"York, SC (CT)",0,1359,1359,0,2806,2806
45091060200,"York, SC (CT)",0,1810,1810,0,3828,3828
45091060300,"York, SC (CT)",0,1744,1744,0,3964,3964
45091060401,"York, SC (CT)",0,1208,1208,0,2648,2648
45091060402,"York, SC (CT)",0,636,636,0,1679,1679
45091060501,"York, SC (CT)",0,1622,1622,0,3300,3300
45091060502,"York, SC (CT)",0,1139,1139,0,2549,2549
45091060600,"York, SC (CT)",0,1,1,0,1762,1762
45091060700,"York, SC (CT)",0,2469,2469,0,5294,5294
45091060802,"York, SC (CT)",0,767,767,0,1804,1804
45091060803,"York, SC (CT)",0,2341,2341,0,4901,4901
45091060804,"York, SC (CT)",0,2100,2100,0,4360,4360
45091060901,"York, SC (CT)",0,2186,2186,0,4293,4293
45091060904,"York, SC (CT)",76,2292,2368,188,5950,6138
45091060905,"York, SC (CT)",0,3953,3953,0,8916,8916
45091060906,"York, SC (CT)",116,3269,3385,197,7920,8117
45091060907,"York, SC (CT)",35,3746,3781,81,8355,8436
45091061003,"York, SC (CT)",111,3555,3666,229,9069,9298
45091061004,"York, SC (CT)",111,2559,2670,260,6691,6951
45091061005,"York, SC (CT)",28,3392,3420,69,7968,8037
45091061006,"York, SC (CT)",0,1028,1028,0,2884,2884
45091061007,"York, SC (CT)",0,2504,2504,0,6233,6233
45091061008,"York, SC (CT)",99,1069,1168,191,3002,3193
45091061101,"York, SC (CT)",8,1806,1814,12,3883,3895
45091061103,"York, SC (CT)",193,1829,2022,557,4844,5401
45091061104,"York, SC (CT)",194,1275,1469,505,3468,3973
45091061201,"York, SC (CT)",621,2713,3334,1453,6061,7514
45091061202,"York, SC (CT)",369,1257,1626,941,3218,4159
45091061203,"York, SC (CT)",1261,1344,2605,3127,3534,6661
45091061301,"York, SC (CT)",269,1525,1794,624,4093,4717
45091061302,"York, SC (CT)",1582,353,1935,3929,949,4878
45091061401,"York, SC (CT)",1601,0,1601,3975,0,3975
45091061403,"York, SC (CT)",1261,651,1912,3136,1801,4937
45091061404,"York, SC (CT)",5,1438,1443,15,3547,3562
45091061501,"York, SC (CT)",2564,461,3025,6466,1264,7730
45091061502,"York, SC (CT)",2243,809,3052,6071,2139,8210
45091061601,"York, SC (CT)",159,1100,1259,427,2534,2961
45091061602,"York, SC (CT)",94,2172,2266,195,5117,5312
45091061701,"York, SC (CT)",1846,0,1846,4395,0,4395
45091061705,"York, SC (CT)",1425,447,1872,3573,1296,4869
45091061706,"York, SC (CT)",1383,392,1775,3173,1038,4211
45091061707,"York, SC (CT)",583,2988,3571,1239,6263,7502
45091061708,"York, SC (CT)",279,1333,1612,481,3561,4042
45091061801,"York, SC (CT)",143,980,1123,344,2401,2745
45091061802,"York, SC (CT)",641,1266,1907,1550,2991,4541
45091061900,"York, SC (CT)",2008,0,2008,4492,0,4492
46003973600,"Aurora, SD (CT)",1324,0,1324,2710,0,2710
46005956600,"Beadle, SD (CT)",902,0,902,1999,0,1999
46005956700,"Beadle, SD (CT)",983,0,983,1922,0,1922
46005956800,"Beadle, SD (CT)",161,706,867,358,1348,1706
46005956900,"Beadle, SD (CT)",0,1457,1457,0,3129,3129
46005957000,"Beadle, SD (CT)",162,2542,2704,358,5270,5628
46005957100,"Beadle, SD (CT)",58,1333,1391,124,2890,3014
46007941000,"Bennett, SD (CT)",615,0,615,1619,0,1619
46007941200,"Bennett, SD (CT)",648,0,648,1812,0,1812
46009967600,"Bon Homme, SD (CT)",1661,0,1661,3454,0,3454
46009967700,"Bon Homme, SD (CT)",1270,0,1270,3616,0,3616
46011958600,"Brookings, SD (CT)",1606,3,1609,3738,8,3746
46011958700,"Brookings, SD (CT)",2346,0,2346,4965,0,4965
46011958802,"Brookings, SD (CT)",66,2731,2797,165,6351,6516
46011958803,"Brookings, SD (CT)",144,1595,1739,341,4023,4364
46011958900,"Brookings, SD (CT)",73,2227,2300,178,7211,7389
46011959000,"Brookings, SD (CT)",38,2308,2346,96,4889,4985
46013951300,"Brown, SD (CT)",474,2019,2493,1220,4730,5950
46013951400,"Brown, SD (CT)",233,2591,2824,571,5657,6228
46013951500,"Brown, SD (CT)",0,1431,1431,0,2575,2575
46013951600,"Brown, SD (CT)",0,1925,1925,0,4598,4598
46013951700,"Brown, SD (CT)",212,1645,1857,512,3762,4274
46013951800,"Brown, SD (CT)",111,2503,2614,309,4655,4964
46013951900,"Brown, SD (CT)",1438,0,1438,3530,0,3530
46013952000,"Brown, SD (CT)",2124,0,2124,4412,0,4412
46015973100,"Brule, SD (CT)",1197,0,1197,2657,0,2657
46015973200,"Brule, SD (CT)",1236,0,1236,2598,0,2598
46017940200,"Buffalo, SD (CT)",609,0,609,1912,0,1912
46019967600,"Butte, SD (CT)",1464,1,1465,2968,4,2972
46019967700,"Butte, SD (CT)",790,2366,3156,1902,5236,7138
46021964100,"Campbell, SD (CT)",980,0,980,1466,0,1466
46023940200,"Charles Mix, SD (CT)",1247,0,1247,3142,0,3142
46023940300,"Charles Mix, SD (CT)",1329,0,1329,3323,0,3323
46023970100,"Charles Mix, SD (CT)",1273,0,1273,2664,0,2664
46025955800,"Clark, SD (CT)",1710,0,1710,3691,0,3691
46027965700,"Clay, SD (CT)",257,2144,2401,475,4768,5243
46027965800,"Clay, SD (CT)",1378,0,1378,2897,0,2897
46027965900,"Clay, SD (CT)",0,1860,1860,0,5724,5724
46029954100,"Codington, SD (CT)",923,344,1267,2279,919,3198
46029954301,"Codington, SD (CT)",0,2048,2048,0,4209,4209
46029954302,"Codington, SD (CT)",8,2049,2057,22,5058,5080
46029954400,"Codington, SD (CT)",0,2691,2691,0,5245,5245
46029954501,"Codington, SD (CT)",445,530,975,1004,1258,2262
46029954502,"Codington, SD (CT)",144,2207,2351,375,4422,4797
46029954600,"Codington, SD (CT)",1008,0,1008,2436,0,2436
46031941000,"Corson, SD (CT)",725,0,725,1744,0,1744
46031941100,"Corson, SD (CT)",815,0,815,2306,0,2306
46033965100,"Custer, SD (CT)",3173,0,3173,5525,0,5525
46033965200,"Custer, SD (CT)",1455,0,1455,2691,0,2691
46035962600,"Davison, SD (CT)",1209,0,1209,2919,0,2919
46035962700,"Davison, SD (CT)",393,2284,2677,979,4488,5467
46035962800,"Davison, SD (CT)",39,2804,2843,84,6027,6111
46035962900,"Davison, SD (CT)",232,1891,2123,567,4440,5007
46037952700,"Day, SD (CT)",905,0,905,1682,0,1682
46037952800,"Day, SD (CT)",1115,0,1115,2109,0,2109
46037952900,"Day, SD (CT)",1610,0,1610,1919,0,1919
46039953600,"Deuel, SD (CT)",1526,0,1526,2924,0,2924
46039953700,"Deuel, SD (CT)",678,0,678,1440,0,1440
46041941500,"Dewey, SD (CT)",154,700,854,578,1904,2482
46041941700,"Dewey, SD (CT)",1148,0,1148,2819,0,2819
46043969600,"Douglas, SD (CT)",1439,0,1439,3002,0,3002
46045962100,"Edmunds, SD (CT)",1074,0,1074,2411,0,2411
46045962200,"Edmunds, SD (CT)",892,0,892,1660,0,1660
46047964100,"Fall River, SD (CT)",1940,0,1940,2787,0,2787
46047964200,"Fall River, SD (CT)",418,1833,2251,757,3550,4307
46049961100,"Faulk, SD (CT)",1136,0,1136,2364,0,2364
46051953100,"Grant, SD (CT)",933,1658,2591,1956,3283,5239
46051953300,"Grant, SD (CT)",935,0,935,2117,0,2117
46053971100,"Gregory, SD (CT)",1159,0,1159,2081,0,2081
46053971200,"Gregory, SD (CT)",1344,0,1344,2190,0,2190
46055960100,"Haakon, SD (CT)",1013,0,1013,1937,0,1937
46057955100,"Hamlin, SD (CT)",1534,0,1534,2752,0,2752
46057955200,"Hamlin, SD (CT)",1226,0,1226,3151,0,3151
46059975600,"Hand, SD (CT)",805,0,805,1556,0,1556
46059975700,"Hand, SD (CT)",1010,0,1010,1875,0,1875
46061964100,"Hanson, SD (CT)",1177,0,1177,3331,0,3331
46063968700,"Harding, SD (CT)",731,0,731,1255,0,1255
46065977700,"Hughes, SD (CT)",284,2250,2534,771,4676,5447
46065977800,"Hughes, SD (CT)",54,2104,2158,133,5286,5419
46065977900,"Hughes, SD (CT)",118,1456,1574,306,2758,3064
46065978000,"Hughes, SD (CT)",1357,0,1357,3092,0,3092
46067968600,"Hutchinson, SD (CT)",1485,0,1485,3153,0,3153
46067968700,"Hutchinson, SD (CT)",1004,0,1004,2276,0,2276
46067968800,"Hutchinson, SD (CT)",862,0,862,1914,0,1914
46069976700,"Hyde, SD (CT)",708,0,708,1420,0,1420
46071941200,"Jackson, SD (CT)",529,0,529,1813,0,1813
46071961100,"Jackson, SD (CT)",664,0,664,1218,0,1218
46073974100,"Jerauld, SD (CT)",1070,0,1070,2071,0,2071
46075091600,"Jones, SD (CT)",589,0,589,1006,0,1006
46077958100,"Kingsbury, SD (CT)",1719,0,1719,3117,0,3117
46077958200,"Kingsbury, SD (CT)",1001,0,1001,2031,0,2031
46079960100,"Lake, SD (CT)",1047,0,1047,2337,0,2337
46079960200,"Lake, SD (CT)",177,2733,2910,436,6174,6610
46079960300,"Lake, SD (CT)",1602,0,1602,2253,0,2253
46081966100,"Lawrence, SD (CT)",2280,748,3028,4633,1324,5957
46081966200,"Lawrence, SD (CT)",0,2295,2295,0,4057,4057
46081966301,"Lawrence, SD (CT)",413,1263,1676,938,3495,4433
46081966302,"Lawrence, SD (CT)",721,1617,2338,1454,3360,4814
46081966600,"Lawrence, SD (CT)",1822,1597,3419,1863,2973,4836
46083010101,"Lincoln, SD (CT)",211,1343,1554,615,3784,4399
46083010102,"Lincoln, SD (CT)",46,3089,3135,123,6611,6734
46083010103,"Lincoln, SD (CT)",0,2045,2045,0,5465,5465
46083010104,"Lincoln, SD (CT)",167,3528,3695,384,8980,9364
46083010105,"Lincoln, SD (CT)",242,0,242,670,0,670
46083010106,"Lincoln, SD (CT)",385,0,385,1100,0,1100
46083010107,"Lincoln, SD (CT)",188,1525,1713,471,4190,4661
46083010108,"Lincoln, SD (CT)",635,0,635,1767,0,1767
46083010200,"Lincoln, SD (CT)",343,1204,1547,904,2679,3583
46083010300,"Lincoln, SD (CT)",1827,0,1827,4493,0,4493
46083010400,"Lincoln, SD (CT)",1097,0,1097,2592,0,2592
46085940100,"Lyman, SD (CT)",431,0,431,1480,0,1480
46085972600,"Lyman, SD (CT)",1273,0,1273,2275,0,2275
46087964600,"McCook, SD (CT)",1415,0,1415,3213,0,3213
46087964700,"McCook, SD (CT)",1076,0,1076,2405,0,2405
46089963100,"McPherson, SD (CT)",1418,0,1418,2459,0,2459
46091950800,"Marshall, SD (CT)",2534,0,2534,4656,0,4656
46093020200,"Meade, SD (CT)",0,155,155,0,1192,1192
46093020301,"Meade, SD (CT)",1163,1956,3119,2601,4874,7475
46093020302,"Meade, SD (CT)",1685,561,2246,4069,1450,5519
46093020400,"Meade, SD (CT)",137,3139,3276,285,6583,6868
46093020500,"Meade, SD (CT)",1335,869,2204,2709,1671,4380
46095940300,"Mellette, SD (CT)",838,0,838,2048,0,2048
46097961600,"Miner, SD (CT)",1308,0,1308,2389,0,2389
46099000100,"Minnehaha, SD (CT)",5,1321,1326,161,5013,5174
46099000201,"Minnehaha, SD (CT)",0,2066,2066,0,4298,4298
46099000202,"Minnehaha, SD (CT)",0,1274,1274,0,2264,2264
46099000300,"Minnehaha, SD (CT)",0,1659,1659,0,3722,3722
46099000401,"Minnehaha, SD (CT)",0,1242,1242,0,2942,2942
46099000405,"Minnehaha, SD (CT)",0,1911,1911,0,4929,4929
46099000406,"Minnehaha, SD (CT)",0,1363,1363,0,2987,2987
46099000407,"Minnehaha, SD (CT)",0,1277,1277,0,3012,3012
46099000408,"Minnehaha, SD (CT)",0,1572,1572,0,3971,3971
46099000500,"Minnehaha, SD (CT)",0,1469,1469,0,3558,3558
46099000600,"Minnehaha, SD (CT)",0,1374,1374,0,2566,2566
46099000700,"Minnehaha, SD (CT)",0,2455,2455,0,4154,4154
46099000900,"Minnehaha, SD (CT)",0,1727,1727,0,3549,3549
46099001001,"Minnehaha, SD (CT)",0,1388,1388,0,3296,3296
46099001002,"Minnehaha, SD (CT)",0,2411,2411,0,4788,4788
46099001101,"Minnehaha, SD (CT)",0,2960,2960,0,4521,4521
46099001105,"Minnehaha, SD (CT)",0,2463,2463,0,6085,6085
46099001106,"Minnehaha, SD (CT)",0,3523,3523,0,9727,9727
46099001107,"Minnehaha, SD (CT)",0,1527,1527,0,3511,3511
46099001108,"Minnehaha, SD (CT)",0,2329,2329,0,4883,4883
46099001200,"Minnehaha, SD (CT)",0,2193,2193,0,4529,4529
46099001500,"Minnehaha, SD (CT)",0,2325,2325,0,5648,5648
46099001600,"Minnehaha, SD (CT)",0,1380,1380,0,3089,3089
46099001700,"Minnehaha, SD (CT)",0,993,993,0,2174,2174
46099001801,"Minnehaha, SD (CT)",0,2850,2850,0,6493,6493
46099001803,"Minnehaha, SD (CT)",0,2392,2392,0,6580,6580
46099001804,"Minnehaha, SD (CT)",0,1556,1556,0,3915,3915
46099001901,"Minnehaha, SD (CT)",0,775,775,0,1808,1808
46099001902,"Minnehaha, SD (CT)",0,2155,2155,0,5182,5182
46099010101,"Minnehaha, SD (CT)",1768,0,1768,4601,0,4601
46099010102,"Minnehaha, SD (CT)",166,1476,1642,472,3584,4056
46099010200,"Minnehaha, SD (CT)",1094,0,1094,2712,0,2712
46099010300,"Minnehaha, SD (CT)",2109,0,2109,5590,0,5590
46099010401,"Minnehaha, SD (CT)",241,222,463,641,640,1281
46099010402,"Minnehaha, SD (CT)",950,22,972,2433,41,2474
46099010403,"Minnehaha, SD (CT)",205,361,566,543,1023,1566
46099010404,"Minnehaha, SD (CT)",1454,303,1757,3880,776,4656
46099010405,"Minnehaha, SD (CT)",77,1349,1426,337,3203,3540
46099010406,"Minnehaha, SD (CT)",460,232,692,1170,527,1697
46099010501,"Minnehaha, SD (CT)",39,1846,1885,106,4851,4957
46099010502,"Minnehaha, SD (CT)",174,1116,1290,463,3214,3677
46099010600,"Minnehaha, SD (CT)",0,1958,1958,0,5306,5306
46101959600,"Moody, SD (CT)",1384,0,1384,3313,0,3313
46101959700,"Moody, SD (CT)",1440,0,1440,3173,0,3173
46103010200,"Pennington, SD (CT)",0,2365,2365,0,5375,5375
46103010300,"Pennington, SD (CT)",0,1462,1462,0,3389,3389
46103010400,"Pennington, SD (CT)",0,1648,1648,0,3829,3829
46103010500,"Pennington, SD (CT)",0,1472,1472,0,3484,3484
46103010600,"Pennington, SD (CT)",0,1558,1558,0,3451,3451
46103010700,"Pennington, SD (CT)",0,1832,1832,0,4208,4208
46103010800,"Pennington, SD (CT)",0,1989,1989,0,3835,3835
46103010903,"Pennington, SD (CT)",675,2347,3022,1676,6120,7796
46103010904,"Pennington, SD (CT)",0,1910,1910,0,4605,4605
46103010905,"Pennington, SD (CT)",262,1883,2145,814,4091,4905
46103010906,"Pennington, SD (CT)",198,1884,2082,391,4906,5297
46103010907,"Pennington, SD (CT)",191,724,915,381,1666,2047
46103011001,"Pennington, SD (CT)",0,1058,1058,0,2588,2588
46103011002,"Pennington, SD (CT)",0,2897,2897,0,6124,6124
46103011004,"Pennington, SD (CT)",950,1613,2563,2482,4123,6605
46103011005,"Pennington, SD (CT)",1243,0,1243,2263,0,2263
46103011100,"Pennington, SD (CT)",0,1533,1533,0,2879,2879
46103011200,"Pennington, SD (CT)",0,1389,1389,0,2866,2866
46103011300,"Pennington, SD (CT)",1189,1627,2816,2602,3733,6335
46103011400,"Pennington, SD (CT)",702,2481,3183,1641,5858,7499
46103011500,"Pennington, SD (CT)",3,254,257,8,736,744
46103011600,"Pennington, SD (CT)",2082,715,2797,4637,2083,6720
46103011700,"Pennington, SD (CT)",2813,0,2813,4104,0,4104
46105968300,"Perkins, SD (CT)",1739,0,1739,2982,0,2982
46107000100,"Potter, SD (CT)",1500,0,1500,2329,0,2329
46109940400,"Roberts, SD (CT)",1208,0,1208,2775,0,2775
46109940700,"Roberts, SD (CT)",1231,0,1231,2673,0,2673
46109940800,"Roberts, SD (CT)",1076,0,1076,2862,0,2862
46109950400,"Roberts, SD (CT)",1390,0,1390,1839,0,1839
46111962100,"Sanborn, SD (CT)",1172,0,1172,2355,0,2355
46113940500,"Shannon, SD (CT)",494,685,1179,1699,2720,4419
46113940800,"Shannon, SD (CT)",1208,0,1208,4745,0,4745
46113940900,"Shannon, SD (CT)",1206,0,1206,4422,0,4422
46115000100,"Spink, SD (CT)",978,0,978,1910,0,1910
46115000200,"Spink, SD (CT)",1286,0,1286,2719,0,2719
46115000300,"Spink, SD (CT)",875,0,875,1786,0,1786
46117960100,"Stanley, SD (CT)",592,795,1387,1261,1705,2966
46119979100,"Sully, SD (CT)",845,0,845,1373,0,1373
46121940100,"Todd, SD (CT)",1316,0,1316,4451,0,4451
46121940200,"Todd, SD (CT)",1826,0,1826,5161,0,5161
46123971600,"Tripp, SD (CT)",1347,0,1347,2261,0,2261
46123971700,"Tripp, SD (CT)",205,1520,1725,476,2907,3383
46125965100,"Turner, SD (CT)",1861,0,1861,4147,0,4147
46125965200,"Turner, SD (CT)",2078,0,2078,4200,0,4200
46127020100,"Union, SD (CT)",1917,0,1917,4157,0,4157
46127020200,"Union, SD (CT)",1157,0,1157,2664,0,2664
46127020300,"Union, SD (CT)",792,2414,3206,2019,5559,7578
46129965100,"Walworth, SD (CT)",1139,0,1139,1667,0,1667
46129965200,"Walworth, SD (CT)",134,1730,1864,314,3457,3771
46135966100,"Yankton, SD (CT)",0,1557,1557,0,3038,3038
46135966200,"Yankton, SD (CT)",423,2140,2563,991,4565,5556
46135966301,"Yankton, SD (CT)",1242,67,1309,2986,476,3462
46135966302,"Yankton, SD (CT)",4,2546,2550,17,6558,6575
46135966400,"Yankton, SD (CT)",1673,0,1673,3807,0,3807
46137941600,"Ziebach, SD (CT)",819,168,987,2060,741,2801
47001020100,"Anderson, TN (CT)",118,1676,1794,199,2912,3111
47001020201,"Anderson, TN (CT)",245,1446,1691,543,3127,3670
47001020202,"Anderson, TN (CT)",0,2215,2215,0,4507,4507
47001020300,"Anderson, TN (CT)",0,1869,1869,0,3822,3822
47001020400,"Anderson, TN (CT)",131,2298,2429,277,4231,4508
47001020500,"Anderson, TN (CT)",0,1833,1833,0,3864,3864
47001020600,"Anderson, TN (CT)",0,1060,1060,0,2427,2427
47001020700,"Anderson, TN (CT)",739,34,773,1576,92,1668
47001020800,"Anderson, TN (CT)",983,1201,2184,2225,2650,4875
47001020901,"Anderson, TN (CT)",2104,506,2610,4682,1155,5837
47001020902,"Anderson, TN (CT)",1700,826,2526,3854,1961,5815
47001021000,"Anderson, TN (CT)",1544,1158,2702,3468,2640,6108
47001021100,"Anderson, TN (CT)",607,1223,1830,1419,2561,3980
47001021201,"Anderson, TN (CT)",1150,849,1999,2665,2222,4887
47001021202,"Anderson, TN (CT)",0,2712,2712,0,5372,5372
47001021301,"Anderson, TN (CT)",827,622,1449,1947,1355,3302
47001021302,"Anderson, TN (CT)",1358,1683,3041,3186,4190,7376
47001980100,"Anderson, TN (CT)",0,0,0,0,0,0
47003950100,"Bedford, TN (CT)",1483,0,1483,3672,0,3672
47003950200,"Bedford, TN (CT)",2708,0,2708,6909,0,6909
47003950300,"Bedford, TN (CT)",1499,0,1499,3532,0,3532
47003950401,"Bedford, TN (CT)",432,1661,2093,1059,4364,5423
47003950402,"Bedford, TN (CT)",907,1881,2788,2240,4661,6901
47003950500,"Bedford, TN (CT)",291,2131,2422,646,5282,5928
47003950600,"Bedford, TN (CT)",556,2351,2907,1281,5698,6979
47003950700,"Bedford, TN (CT)",1150,0,1150,2763,0,2763
47003950800,"Bedford, TN (CT)",1310,0,1310,2951,0,2951
47005963000,"Benton, TN (CT)",2148,0,2148,3409,0,3409
47005963100,"Benton, TN (CT)",1671,0,1671,3074,0,3074
47005963200,"Benton, TN (CT)",1319,0,1319,2088,0,2088
47005963300,"Benton, TN (CT)",333,1473,1806,692,3000,3692
47005963400,"Benton, TN (CT)",1780,251,2031,3674,552,4226
47007953000,"Bledsoe, TN (CT)",1689,0,1689,3321,0,3321
47007953100,"Bledsoe, TN (CT)",2490,0,2490,5195,0,5195
47007953200,"Bledsoe, TN (CT)",1539,0,1539,4360,0,4360
47009010100,"Blount, TN (CT)",0,1274,1274,0,2718,2718
47009010200,"Blount, TN (CT)",0,2683,2683,0,5721,5721
47009010301,"Blount, TN (CT)",228,2573,2801,471,4804,5275
47009010302,"Blount, TN (CT)",262,1264,1526,585,2711,3296
47009010400,"Blount, TN (CT)",603,860,1463,1192,2025,3217
47009010500,"Blount, TN (CT)",0,1421,1421,0,2700,2700
47009010600,"Blount, TN (CT)",0,1632,1632,0,4243,4243
47009010700,"Blount, TN (CT)",0,2040,2040,0,4680,4680
47009010800,"Blount, TN (CT)",0,1432,1432,0,3227,3227
47009010900,"Blount, TN (CT)",435,2098,2533,971,4841,5812
47009011001,"Blount, TN (CT)",355,2093,2448,707,4817,5524
47009011002,"Blount, TN (CT)",763,955,1718,1744,2242,3986
47009011101,"Blount, TN (CT)",85,2075,2160,186,5037,5223
47009011102,"Blount, TN (CT)",0,3493,3493,0,8743,8743
47009011200,"Blount, TN (CT)",0,3503,3503,0,7915,7915
47009011301,"Blount, TN (CT)",1444,846,2290,3574,2135,5709
47009011302,"Blount, TN (CT)",2202,45,2247,5176,114,5290
47009011401,"Blount, TN (CT)",1285,0,1285,1778,0,1778
47009011402,"Blount, TN (CT)",2980,25,3005,4376,61,4437
47009011501,"Blount, TN (CT)",852,0,852,1738,0,1738
47009011502,"Blount, TN (CT)",1631,86,1717,3878,187,4065
47009011503,"Blount, TN (CT)",1312,1543,2855,3103,3686,6789
47009011602,"Blount, TN (CT)",1221,2490,3711,2917,6144,9061
47009011603,"Blount, TN (CT)",1143,882,2025,2709,2092,4801
47009011604,"Blount, TN (CT)",805,764,1569,1868,1889,3757
47009011605,"Blount, TN (CT)",1489,77,1566,3142,136,3278
47009980100,"Blount, TN (CT)",0,1,1,0,2,2
47009980200,"Blount, TN (CT)",16,0,16,25,0,25
47011010100,"Bradley, TN (CT)",0,2117,2117,0,4719,4719
47011010200,"Bradley, TN (CT)",0,2446,2446,0,5082,5082
47011010300,"Bradley, TN (CT)",0,1169,1169,0,2570,2570
47011010400,"Bradley, TN (CT)",0,1270,1270,0,2500,2500
47011010500,"Bradley, TN (CT)",0,1227,1227,0,3777,3777
47011010600,"Bradley, TN (CT)",0,1531,1531,0,3196,3196
47011010700,"Bradley, TN (CT)",0,2026,2026,0,4818,4818
47011010800,"Bradley, TN (CT)",0,1444,1444,0,3327,3327
47011010900,"Bradley, TN (CT)",195,1081,1276,439,2441,2880
47011011000,"Bradley, TN (CT)",4,2439,2443,14,6044,6058
47011011100,"Bradley, TN (CT)",1867,1855,3722,4779,4953,9732
47011011201,"Bradley, TN (CT)",557,1837,2394,1327,4727,6054
47011011202,"Bradley, TN (CT)",1071,2482,3553,2674,6243,8917
47011011300,"Bradley, TN (CT)",2846,243,3089,6725,534,7259
47011011401,"Bradley, TN (CT)",855,2299,3154,2025,5592,7617
47011011402,"Bradley, TN (CT)",174,1212,1386,398,2540,2938
47011011500,"Bradley, TN (CT)",2862,308,3170,7007,736,7743
47011011601,"Bradley, TN (CT)",1001,983,1984,2452,2534,4986
47011011602,"Bradley, TN (CT)",1994,0,1994,4790,0,4790
47013950100,"Campbell, TN (CT)",1499,37,1536,3190,84,3274
47013950200,"Campbell, TN (CT)",1227,0,1227,2580,0,2580
47013950300,"Campbell, TN (CT)",846,0,846,1896,0,1896
47013950400,"Campbell, TN (CT)",1543,821,2364,3007,1797,4804
47013950500,"Campbell, TN (CT)",386,2004,2390,847,4366,5213
47013950600,"Campbell, TN (CT)",182,1961,2143,385,4299,4684
47013950700,"Campbell, TN (CT)",295,1937,2232,598,4104,4702
47013950800,"Campbell, TN (CT)",1255,72,1327,2230,144,2374
47013950900,"Campbell, TN (CT)",1459,411,1870,2040,959,2999
47013951000,"Campbell, TN (CT)",1183,123,1306,2284,320,2604
47013951100,"Campbell, TN (CT)",1808,917,2725,3346,2240,5586
47015960100,"Cannon, TN (CT)",1609,83,1692,3622,237,3859
47015960200,"Cannon, TN (CT)",1841,1098,2939,4235,2367,6602
47015960300,"Cannon, TN (CT)",1406,0,1406,3340,0,3340
47017962000,"Carroll, TN (CT)",2106,0,2106,4447,0,4447
47017962100,"Carroll, TN (CT)",3163,0,3163,6823,0,6823
47017962201,"Carroll, TN (CT)",572,951,1523,1290,1893,3183
47017962202,"Carroll, TN (CT)",651,1186,1837,1530,2939,4469
47017962300,"Carroll, TN (CT)",2244,0,2244,4672,0,4672
47017962400,"Carroll, TN (CT)",1213,0,1213,2599,0,2599
47017962500,"Carroll, TN (CT)",1098,0,1098,2329,0,2329
47017980100,"Carroll, TN (CT)",0,0,0,0,0,0
47019070100,"Carter, TN (CT)",0,1025,1025,0,1995,1995
47019070200,"Carter, TN (CT)",0,1713,1713,0,3890,3890
47019070300,"Carter, TN (CT)",0,2696,2696,0,5802,5802
47019070400,"Carter, TN (CT)",0,1010,1010,0,2260,2260
47019070500,"Carter, TN (CT)",423,1498,1921,939,3169,4108
47019070600,"Carter, TN (CT)",412,784,1196,913,1726,2639
47019070700,"Carter, TN (CT)",1276,288,1564,2729,647,3376
47019070800,"Carter, TN (CT)",144,1332,1476,325,2542,2867
47019070900,"Carter, TN (CT)",0,1474,1474,0,3399,3399
47019071000,"Carter, TN (CT)",223,1226,1449,468,2508,2976
47019071100,"Carter, TN (CT)",670,114,784,1469,240,1709
47019071200,"Carter, TN (CT)",702,1156,1858,1446,2468,3914
47019071300,"Carter, TN (CT)",2750,753,3503,5707,1610,7317
47019071400,"Carter, TN (CT)",940,781,1721,1948,1553,3501
47019071500,"Carter, TN (CT)",1177,43,1220,2061,91,2152
47019071600,"Carter, TN (CT)",1104,0,1104,1587,0,1587
47019071700,"Carter, TN (CT)",2032,0,2032,3932,0,3932
47021070102,"Cheatham, TN (CT)",1681,0,1681,4243,0,4243
47021070103,"Cheatham, TN (CT)",1394,37,1431,3556,87,3643
47021070104,"Cheatham, TN (CT)",1833,405,2238,4548,759,5307
47021070201,"Cheatham, TN (CT)",603,930,1533,1606,2539,4145
47021070202,"Cheatham, TN (CT)",1821,152,1973,4733,446,5179
47021070203,"Cheatham, TN (CT)",1331,60,1391,3336,207,3543
47021070300,"Cheatham, TN (CT)",520,1096,1616,1000,2625,3625
47021070401,"Cheatham, TN (CT)",1069,0,1069,2507,0,2507
47021070402,"Cheatham, TN (CT)",2731,0,2731,6913,0,6913
47023970100,"Chester, TN (CT)",2546,0,2546,5870,0,5870
47023970200,"Chester, TN (CT)",90,1818,1908,172,5310,5482
47023970300,"Chester, TN (CT)",2230,296,2526,5135,644,5779
47025970100,"Claiborne, TN (CT)",1106,175,1281,2327,383,2710
47025970200,"Claiborne, TN (CT)",221,1192,1413,474,2594,3068
47025970300,"Claiborne, TN (CT)",1220,479,1699,2767,1573,4340
47025970400,"Claiborne, TN (CT)",388,0,388,936,0,936
47025970500,"Claiborne, TN (CT)",1376,0,1376,2876,0,2876
47025970600,"Claiborne, TN (CT)",2083,87,2170,3980,210,4190
47025970700,"Claiborne, TN (CT)",1513,1146,2659,3499,2245,5744
47025970800,"Claiborne, TN (CT)",1440,334,1774,3185,744,3929
47025970900,"Claiborne, TN (CT)",1485,614,2099,3006,1414,4420
47027955000,"Clay, TN (CT)",2902,0,2902,5051,0,5051
47027955100,"Clay, TN (CT)",1380,0,1380,2810,0,2810
47029920100,"Cocke, TN (CT)",1900,0,1900,3964,0,3964
47029920200,"Cocke, TN (CT)",997,1767,2764,2078,3910,5988
47029920300,"Cocke, TN (CT)",1912,7,1919,4003,19,4022
47029920400,"Cocke, TN (CT)",1002,0,1002,1678,0,1678
47029920501,"Cocke, TN (CT)",1187,1707,2894,2535,3436,5971
47029920502,"Cocke, TN (CT)",2184,214,2398,4739,431,5170
47029920600,"Cocke, TN (CT)",411,1797,2208,870,3783,4653
47029920700,"Cocke, TN (CT)",2370,0,2370,4212,0,4212
47029980100,"Cocke, TN (CT)",4,0,4,4,0,4
47031970100,"Coffee, TN (CT)",1546,0,1546,3842,0,3842
47031970200,"Coffee, TN (CT)",2730,410,3140,5740,1040,6780
47031970300,"Coffee, TN (CT)",809,0,809,1828,0,1828
47031970400,"Coffee, TN (CT)",1479,1168,2647,3437,3005,6442
47031970500,"Coffee, TN (CT)",41,2466,2507,99,5437,5536
47031970600,"Coffee, TN (CT)",879,956,1835,2110,1895,4005
47031970700,"Coffee, TN (CT)",1765,2,1767,4288,2,4290
47031970801,"Coffee, TN (CT)",70,1814,1884,144,3788,3932
47031970802,"Coffee, TN (CT)",1262,1314,2576,2869,3113,5982
47031970900,"Coffee, TN (CT)",117,1863,1980,206,3887,4093
47031971000,"Coffee, TN (CT)",178,2557,2735,390,5662,6052
47031980100,"Coffee, TN (CT)",8,0,8,14,0,14
47033961000,"Crockett, TN (CT)",1009,0,1009,2268,0,2268
47033961100,"Crockett, TN (CT)",799,1040,1839,1845,2402,4247
47033961200,"Crockett, TN (CT)",831,0,831,1895,0,1895
47033961300,"Crockett, TN (CT)",1109,0,1109,2355,0,2355
47033961400,"Crockett, TN (CT)",626,1011,1637,1465,2356,3821
47035970101,"Cumberland, TN (CT)",582,1544,2126,1025,2398,3423
47035970102,"Cumberland, TN (CT)",1106,2289,3395,2206,3186,5392
47035970200,"Cumberland, TN (CT)",2687,125,2812,5877,265,6142
47035970301,"Cumberland, TN (CT)",1367,0,1367,3346,0,3346
47035970302,"Cumberland, TN (CT)",2070,0,2070,4414,0,4414
47035970400,"Cumberland, TN (CT)",726,2220,2946,1603,4486,6089
47035970501,"Cumberland, TN (CT)",607,613,1220,1315,1201,2516
47035970502,"Cumberland, TN (CT)",241,1578,1819,480,3544,4024
47035970601,"Cumberland, TN (CT)",490,1676,2166,1003,3685,4688
47035970602,"Cumberland, TN (CT)",679,1133,1812,1354,2070,3424
47035970603,"Cumberland, TN (CT)",922,0,922,1998,0,1998
47035970701,"Cumberland, TN (CT)",521,693,1214,865,1086,1951
47035970702,"Cumberland, TN (CT)",2237,0,2237,4561,0,4561
47035970800,"Cumberland, TN (CT)",2045,0,2045,4085,0,4085
47037010103,"Davidson, TN (CT)",1016,0,1016,2377,0,2377
47037010104,"Davidson, TN (CT)",1408,0,1408,3070,0,3070
47037010105,"Davidson, TN (CT)",484,1228,1712,1124,3144,4268
47037010106,"Davidson, TN (CT)",376,599,975,892,1776,2668
47037010201,"Davidson, TN (CT)",393,1389,1782,803,3238,4041
47037010202,"Davidson, TN (CT)",1311,246,1557,2978,552,3530
47037010301,"Davidson, TN (CT)",0,1609,1609,0,3676,3676
47037010302,"Davidson, TN (CT)",0,935,935,0,2104,2104
47037010303,"Davidson, TN (CT)",0,2372,2372,0,4539,4539
47037010401,"Davidson, TN (CT)",0,2075,2075,0,4494,4494
47037010402,"Davidson, TN (CT)",0,2606,2606,0,5588,5588
47037010501,"Davidson, TN (CT)",0,2492,2492,0,5029,5029
47037010502,"Davidson, TN (CT)",0,2083,2083,0,4706,4706
47037010601,"Davidson, TN (CT)",0,2199,2199,0,5007,5007
47037010602,"Davidson, TN (CT)",0,1342,1342,0,3442,3442
47037010701,"Davidson, TN (CT)",0,2105,2105,0,4431,4431
47037010702,"Davidson, TN (CT)",0,1908,1908,0,3034,3034
47037010801,"Davidson, TN (CT)",0,2453,2453,0,5363,5363
47037010802,"Davidson, TN (CT)",0,1625,1625,0,3274,3274
47037010901,"Davidson, TN (CT)",0,1325,1325,0,2952,2952
47037010903,"Davidson, TN (CT)",0,1984,1984,0,4810,4810
47037010904,"Davidson, TN (CT)",0,1224,1224,0,2888,2888
47037011001,"Davidson, TN (CT)",0,2509,2509,0,5953,5953
47037011002,"Davidson, TN (CT)",0,1223,1223,0,2643,2643
47037011100,"Davidson, TN (CT)",0,1876,1876,0,3921,3921
47037011200,"Davidson, TN (CT)",0,1979,1979,0,4133,4133
47037011300,"Davidson, TN (CT)",0,2212,2212,0,5317,5317
47037011400,"Davidson, TN (CT)",0,2144,2144,0,4461,4461
47037011500,"Davidson, TN (CT)",0,1791,1791,0,3724,3724
47037011600,"Davidson, TN (CT)",0,2198,2198,0,4751,4751
47037011700,"Davidson, TN (CT)",0,2629,2629,0,6044,6044
47037011800,"Davidson, TN (CT)",0,1142,1142,0,2673,2673
47037011900,"Davidson, TN (CT)",0,1094,1094,0,2429,2429
47037012100,"Davidson, TN (CT)",0,1203,1203,0,2431,2431
47037012200,"Davidson, TN (CT)",0,1132,1132,0,2056,2056
47037012600,"Davidson, TN (CT)",0,862,862,0,1999,1999
47037012701,"Davidson, TN (CT)",0,2152,2152,0,5150,5150
47037012702,"Davidson, TN (CT)",0,985,985,0,2376,2376
47037012801,"Davidson, TN (CT)",0,2133,2133,0,4835,4835
47037012802,"Davidson, TN (CT)",1,1234,1235,1,4545,4546
47037013000,"Davidson, TN (CT)",0,7,7,0,1938,1938
47037013100,"Davidson, TN (CT)",794,182,976,1719,471,2190
47037013201,"Davidson, TN (CT)",0,1343,1343,0,2936,2936
47037013202,"Davidson, TN (CT)",0,1414,1414,0,3287,3287
47037013300,"Davidson, TN (CT)",0,1848,1848,0,4004,4004
47037013400,"Davidson, TN (CT)",0,2142,2142,0,3746,3746
47037013500,"Davidson, TN (CT)",0,1061,1061,0,1936,1936
47037013601,"Davidson, TN (CT)",0,1351,1351,0,3616,3616
47037013602,"Davidson, TN (CT)",0,151,151,0,2120,2120
47037013700,"Davidson, TN (CT)",0,2619,2619,0,5834,5834
47037013800,"Davidson, TN (CT)",0,748,748,0,1623,1623
47037013900,"Davidson, TN (CT)",0,822,822,0,1646,1646
47037014200,"Davidson, TN (CT)",0,990,990,0,2249,2249
47037014300,"Davidson, TN (CT)",0,943,943,0,1816,1816
47037014400,"Davidson, TN (CT)",0,597,597,0,1250,1250
47037014800,"Davidson, TN (CT)",0,1099,1099,0,3127,3127
47037015100,"Davidson, TN (CT)",0,1907,1907,0,4026,4026
47037015200,"Davidson, TN (CT)",0,1237,1237,0,2578,2578
47037015300,"Davidson, TN (CT)",0,2777,2777,0,5804,5804
47037015401,"Davidson, TN (CT)",0,2441,2441,0,5642,5642
47037015402,"Davidson, TN (CT)",0,1764,1764,0,4109,4109
47037015404,"Davidson, TN (CT)",0,1585,1585,0,2926,2926
47037015405,"Davidson, TN (CT)",0,1938,1938,0,4401,4401
47037015501,"Davidson, TN (CT)",0,1754,1754,0,3383,3383
47037015502,"Davidson, TN (CT)",0,2018,2018,0,3924,3924
47037015609,"Davidson, TN (CT)",0,2117,2117,0,3411,3411
47037015610,"Davidson, TN (CT)",117,3678,3795,259,7561,7820
47037015612,"Davidson, TN (CT)",0,3300,3300,0,6772,6772
47037015613,"Davidson, TN (CT)",0,1645,1645,0,6223,6223
47037015614,"Davidson, TN (CT)",0,1560,1560,0,4245,4245
47037015615,"Davidson, TN (CT)",0,1595,1595,0,4775,4775
47037015617,"Davidson, TN (CT)",0,1063,1063,0,2368,2368
47037015618,"Davidson, TN (CT)",0,2350,2350,0,5712,5712
47037015619,"Davidson, TN (CT)",0,1858,1858,0,4639,4639
47037015620,"Davidson, TN (CT)",0,2596,2596,0,7033,7033
47037015622,"Davidson, TN (CT)",0,1606,1606,0,3913,3913
47037015623,"Davidson, TN (CT)",0,2341,2341,0,5335,5335
47037015624,"Davidson, TN (CT)",0,2324,2324,0,4509,4509
47037015625,"Davidson, TN (CT)",0,2416,2416,0,4906,4906
47037015626,"Davidson, TN (CT)",0,2614,2614,0,5820,5820
47037015627,"Davidson, TN (CT)",0,968,968,0,2683,2683
47037015628,"Davidson, TN (CT)",0,1687,1687,0,3224,3224
47037015629,"Davidson, TN (CT)",0,2363,2363,0,4379,4379
47037015630,"Davidson, TN (CT)",7,1529,1536,16,3173,3189
47037015631,"Davidson, TN (CT)",204,3015,3219,468,8290,8758
47037015700,"Davidson, TN (CT)",0,624,624,0,1600,1600
47037015802,"Davidson, TN (CT)",0,2867,2867,0,5882,5882
47037015803,"Davidson, TN (CT)",0,1164,1164,0,2771,2771
47037015804,"Davidson, TN (CT)",0,2043,2043,0,4294,4294
47037015900,"Davidson, TN (CT)",0,1336,1336,0,2864,2864
47037016000,"Davidson, TN (CT)",0,459,459,0,874,874
47037016100,"Davidson, TN (CT)",0,1010,1010,0,2047,2047
47037016200,"Davidson, TN (CT)",0,1668,1668,0,3299,3299
47037016300,"Davidson, TN (CT)",0,1072,1072,0,2189,2189
47037016400,"Davidson, TN (CT)",0,1270,1270,0,4402,4402
47037016500,"Davidson, TN (CT)",0,240,240,0,4478,4478
47037016600,"Davidson, TN (CT)",0,1957,1957,0,2436,2436
47037016700,"Davidson, TN (CT)",0,3026,3026,0,5398,5398
47037016800,"Davidson, TN (CT)",0,2477,2477,0,4194,4194
47037016900,"Davidson, TN (CT)",0,2411,2411,0,4514,4514
47037017000,"Davidson, TN (CT)",0,1472,1472,0,3865,3865
47037017100,"Davidson, TN (CT)",0,1049,1049,0,1749,1749
47037017200,"Davidson, TN (CT)",0,713,713,0,1335,1335
47037017300,"Davidson, TN (CT)",0,1283,1283,0,3368,3368
47037017401,"Davidson, TN (CT)",0,977,977,0,2238,2238
47037017402,"Davidson, TN (CT)",0,2756,2756,0,5907,5907
47037017500,"Davidson, TN (CT)",0,1387,1387,0,2951,2951
47037017701,"Davidson, TN (CT)",0,949,949,0,2081,2081
47037017702,"Davidson, TN (CT)",0,1622,1622,0,4382,4382
47037017800,"Davidson, TN (CT)",0,2999,2999,0,5145,5145
47037017901,"Davidson, TN (CT)",0,2319,2319,0,4455,4455
47037017902,"Davidson, TN (CT)",0,2537,2537,0,4326,4326
47037018000,"Davidson, TN (CT)",0,2813,2813,0,4742,4742
47037018101,"Davidson, TN (CT)",0,2452,2452,0,4700,4700
47037018102,"Davidson, TN (CT)",0,1908,1908,0,3529,3529
47037018201,"Davidson, TN (CT)",0,1344,1344,0,2958,2958
47037018202,"Davidson, TN (CT)",0,3772,3772,0,6486,6486
47037018203,"Davidson, TN (CT)",0,577,577,0,1434,1434
47037018301,"Davidson, TN (CT)",1099,1951,3050,2617,4751,7368
47037018302,"Davidson, TN (CT)",411,651,1062,918,1733,2651
47037018401,"Davidson, TN (CT)",0,3346,3346,0,5992,5992
47037018404,"Davidson, TN (CT)",3,2402,2405,9,4398,4407
47037018405,"Davidson, TN (CT)",0,1935,1935,0,4760,4760
47037018407,"Davidson, TN (CT)",0,1441,1441,0,3813,3813
47037018408,"Davidson, TN (CT)",0,1281,1281,0,3417,3417
47037018409,"Davidson, TN (CT)",0,2275,2275,0,4010,4010
47037018410,"Davidson, TN (CT)",0,1695,1695,0,2770,2770
47037018500,"Davidson, TN (CT)",36,2170,2206,92,5236,5328
47037018601,"Davidson, TN (CT)",309,576,885,780,1506,2286
47037018602,"Davidson, TN (CT)",338,1315,1653,860,3298,4158
47037018700,"Davidson, TN (CT)",683,719,1402,1564,1798,3362
47037018801,"Davidson, TN (CT)",0,2587,2587,0,5462,5462
47037018803,"Davidson, TN (CT)",0,1812,1812,0,3149,3149
47037018804,"Davidson, TN (CT)",0,2077,2077,0,4868,4868
47037018901,"Davidson, TN (CT)",0,1446,1446,0,2683,2683
47037018902,"Davidson, TN (CT)",0,1172,1172,0,2454,2454
47037018904,"Davidson, TN (CT)",0,1643,1643,0,3844,3844
47037018905,"Davidson, TN (CT)",0,1358,1358,0,2898,2898
47037019003,"Davidson, TN (CT)",0,1823,1823,0,5032,5032
47037019004,"Davidson, TN (CT)",0,1601,1601,0,4407,4407
47037019005,"Davidson, TN (CT)",0,1316,1316,0,3172,3172
47037019006,"Davidson, TN (CT)",0,1941,1941,0,5473,5473
47037019105,"Davidson, TN (CT)",0,2514,2514,0,5502,5502
47037019106,"Davidson, TN (CT)",0,2026,2026,0,3710,3710
47037019108,"Davidson, TN (CT)",0,1308,1308,0,3248,3248
47037019109,"Davidson, TN (CT)",0,1695,1695,0,4692,4692
47037019110,"Davidson, TN (CT)",0,1366,1366,0,3749,3749
47037019111,"Davidson, TN (CT)",0,1979,1979,0,4163,4163
47037019112,"Davidson, TN (CT)",0,1505,1505,0,3912,3912
47037019114,"Davidson, TN (CT)",339,4135,4474,762,8667,9429
47037019115,"Davidson, TN (CT)",0,1466,1466,0,3654,3654
47037019116,"Davidson, TN (CT)",0,2951,2951,0,6340,6340
47037019117,"Davidson, TN (CT)",28,1373,1401,73,3875,3948
47037019118,"Davidson, TN (CT)",0,2525,2525,0,4780,4780
47037019200,"Davidson, TN (CT)",0,1721,1721,0,3497,3497
47037019300,"Davidson, TN (CT)",0,1427,1427,0,3523,3523
47037019400,"Davidson, TN (CT)",0,2143,2143,0,3639,3639
47037019500,"Davidson, TN (CT)",0,3857,3857,0,5916,5916
47037019600,"Davidson, TN (CT)",0,1884,1884,0,3764,3764
47037980100,"Davidson, TN (CT)",0,0,0,0,0,0
47037980200,"Davidson, TN (CT)",0,0,0,0,0,0
47039955001,"Decatur, TN (CT)",1401,0,1401,1904,0,1904
47039955002,"Decatur, TN (CT)",2477,0,2477,5024,0,5024
47039955101,"Decatur, TN (CT)",1037,0,1037,1828,0,1828
47039955102,"Decatur, TN (CT)",1958,0,1958,3001,0,3001
47041920101,"DeKalb, TN (CT)",1663,0,1663,2135,0,2135
47041920102,"DeKalb, TN (CT)",2038,13,2051,4348,30,4378
47041920200,"DeKalb, TN (CT)",1252,1801,3053,2743,4020,6763
47041920300,"DeKalb, TN (CT)",2638,0,2638,5447,0,5447
47043060100,"Dickson, TN (CT)",1745,0,1745,4210,0,4210
47043060200,"Dickson, TN (CT)",2706,0,2706,6625,0,6625
47043060300,"Dickson, TN (CT)",2646,0,2646,6376,0,6376
47043060401,"Dickson, TN (CT)",804,425,1229,1990,996,2986
47043060402,"Dickson, TN (CT)",1724,679,2403,4261,1741,6002
47043060501,"Dickson, TN (CT)",501,2147,2648,1280,4478,5758
47043060502,"Dickson, TN (CT)",407,903,1310,937,2199,3136
47043060601,"Dickson, TN (CT)",498,1099,1597,1073,2574,3647
47043060602,"Dickson, TN (CT)",1003,1751,2754,2510,4028,6538
47043060700,"Dickson, TN (CT)",1782,0,1782,4388,0,4388
47045964000,"Dyer, TN (CT)",1477,1473,2950,3485,3493,6978
47045964200,"Dyer, TN (CT)",10,2854,2864,27,5828,5855
47045964300,"Dyer, TN (CT)",59,2431,2490,140,5500,5640
47045964400,"Dyer, TN (CT)",268,2458,2726,636,5784,6420
47045964500,"Dyer, TN (CT)",952,0,952,2346,0,2346
47045964600,"Dyer, TN (CT)",1004,192,1196,2248,468,2716
47045964800,"Dyer, TN (CT)",1486,0,1486,3415,0,3415
47045964900,"Dyer, TN (CT)",1696,343,2039,4135,830,4965
47047060300,"Fayette, TN (CT)",1083,180,1263,2508,443,2951
47047060401,"Fayette, TN (CT)",998,159,1157,2471,426,2897
47047060402,"Fayette, TN (CT)",688,559,1247,1780,1511,3291
47047060403,"Fayette, TN (CT)",1102,473,1575,2774,1171,3945
47047060404,"Fayette, TN (CT)",324,1742,2066,825,4375,5200
47047060501,"Fayette, TN (CT)",1760,0,1760,4451,0,4451
47047060502,"Fayette, TN (CT)",1756,0,1756,4044,0,4044
47047060600,"Fayette, TN (CT)",1693,0,1693,4072,0,4072
47047060701,"Fayette, TN (CT)",953,0,953,2242,0,2242
47047060702,"Fayette, TN (CT)",1046,56,1102,2479,124,2603
47047060800,"Fayette, TN (CT)",1097,0,1097,2717,0,2717
47049965000,"Fentress, TN (CT)",1859,0,1859,3174,0,3174
47049965100,"Fentress, TN (CT)",2261,0,2261,4531,0,4531
47049965200,"Fentress, TN (CT)",2670,0,2670,5502,0,5502
47049965300,"Fentress, TN (CT)",2171,0,2171,4752,0,4752
47051960100,"Franklin, TN (CT)",1546,187,1733,3203,451,3654
47051960201,"Franklin, TN (CT)",2609,265,2874,5475,571,6046
47051960202,"Franklin, TN (CT)",1744,607,2351,4030,1227,5257
47051960300,"Franklin, TN (CT)",1660,0,1660,3167,0,3167
47051960400,"Franklin, TN (CT)",602,2803,3405,1273,5967,7240
47051960500,"Franklin, TN (CT)",231,1500,1731,518,3332,3850
47051960600,"Franklin, TN (CT)",1893,400,2293,4115,925,5040
47051960700,"Franklin, TN (CT)",1341,0,1341,3758,0,3758
47051960800,"Franklin, TN (CT)",1309,0,1309,3040,0,3040
47053966100,"Gibson, TN (CT)",693,494,1187,1584,984,2568
47053966200,"Gibson, TN (CT)",627,989,1616,1448,2264,3712
47053966300,"Gibson, TN (CT)",1107,0,1107,2609,0,2609
47053966400,"Gibson, TN (CT)",1108,1249,2357,2452,2745,5197
47053966500,"Gibson, TN (CT)",577,2144,2721,1369,4682,6051
47053966600,"Gibson, TN (CT)",769,0,769,1825,0,1825
47053966700,"Gibson, TN (CT)",918,1827,2745,2073,3852,5925
47053966800,"Gibson, TN (CT)",583,0,583,1273,0,1273
47053966900,"Gibson, TN (CT)",186,1170,1356,377,2281,2658
47053967000,"Gibson, TN (CT)",730,2495,3225,1671,5540,7211
47053967100,"Gibson, TN (CT)",854,1345,2199,2221,3629,5850
47053967300,"Gibson, TN (CT)",536,0,536,1165,0,1165
47053967400,"Gibson, TN (CT)",1597,0,1597,3635,0,3635
47053980100,"Gibson, TN (CT)",1,0,1,4,0,4
47055920100,"Giles, TN (CT)",1526,0,1526,3362,0,3362
47055920200,"Giles, TN (CT)",1161,879,2040,2752,1983,4735
47055920300,"Giles, TN (CT)",2091,1012,3103,4549,1892,6441
47055920400,"Giles, TN (CT)",469,966,1435,989,1842,2831
47055920500,"Giles, TN (CT)",1118,1001,2119,2486,2024,4510
47055920600,"Giles, TN (CT)",1295,0,1295,2814,0,2814
47055920700,"Giles, TN (CT)",867,0,867,1794,0,1794
47055920800,"Giles, TN (CT)",1459,0,1459,2998,0,2998
47057500100,"Grainger, TN (CT)",1842,0,1842,3955,0,3955
47057500200,"Grainger, TN (CT)",2034,0,2034,4692,0,4692
47057500300,"Grainger, TN (CT)",3093,0,3093,6337,0,6337
47057500401,"Grainger, TN (CT)",1186,0,1186,2657,0,2657
47057500402,"Grainger, TN (CT)",2739,0,2739,5016,0,5016
47059090100,"Greene, TN (CT)",989,2220,3209,2074,4539,6613
47059090200,"Greene, TN (CT)",417,701,1118,807,2293,3100
47059090300,"Greene, TN (CT)",290,2507,2797,542,5051,5593
47059090400,"Greene, TN (CT)",263,2155,2418,565,4867,5432
47059090500,"Greene, TN (CT)",826,2503,3329,1790,5145,6935
47059090600,"Greene, TN (CT)",1708,134,1842,3617,302,3919
47059090700,"Greene, TN (CT)",1095,76,1171,2377,161,2538
47059090800,"Greene, TN (CT)",1989,0,1989,4256,0,4256
47059090900,"Greene, TN (CT)",1659,687,2346,3616,1599,5215
47059091000,"Greene, TN (CT)",3628,0,3628,7790,0,7790
47059091100,"Greene, TN (CT)",1724,0,1724,3576,0,3576
47059091200,"Greene, TN (CT)",1681,0,1681,3529,0,3529
47059091300,"Greene, TN (CT)",1939,0,1939,4386,0,4386
47059091400,"Greene, TN (CT)",1342,0,1342,2741,0,2741
47059091500,"Greene, TN (CT)",1492,0,1492,3208,0,3208
47061955000,"Grundy, TN (CT)",1331,0,1331,2770,0,2770
47061955100,"Grundy, TN (CT)",842,0,842,1567,0,1567
47061955200,"Grundy, TN (CT)",1732,0,1732,4075,0,4075
47061955300,"Grundy, TN (CT)",2492,0,2492,5291,0,5291
47063100100,"Hamblen, TN (CT)",27,2779,2806,50,6496,6546
47063100200,"Hamblen, TN (CT)",0,2501,2501,0,5439,5439
47063100300,"Hamblen, TN (CT)",0,1334,1334,0,3252,3252
47063100400,"Hamblen, TN (CT)",35,2526,2561,90,5960,6050
47063100500,"Hamblen, TN (CT)",635,746,1381,1379,1587,2966
47063100600,"Hamblen, TN (CT)",569,2632,3201,1422,5906,7328
47063100700,"Hamblen, TN (CT)",1542,1003,2545,3440,2466,5906
47063100800,"Hamblen, TN (CT)",500,925,1425,1171,2062,3233
47063100900,"Hamblen, TN (CT)",2,2068,2070,0,4978,4978
47063101000,"Hamblen, TN (CT)",1990,321,2311,4533,730,5263
47063101100,"Hamblen, TN (CT)",321,1929,2250,683,4546,5229
47063101200,"Hamblen, TN (CT)",405,2173,2578,912,5442,6354
47065000400,"Hamilton, TN (CT)",0,1568,1568,0,3143,3143
47065000600,"Hamilton, TN (CT)",0,1704,1704,0,3003,3003
47065000700,"Hamilton, TN (CT)",0,1993,1993,0,3810,3810
47065000800,"Hamilton, TN (CT)",0,868,868,0,1348,1348
47065001100,"Hamilton, TN (CT)",0,898,898,0,1774,1774
47065001200,"Hamilton, TN (CT)",0,1594,1594,0,3513,3513
47065001300,"Hamilton, TN (CT)",0,903,903,0,2064,2064
47065001400,"Hamilton, TN (CT)",0,829,829,0,2066,2066
47065001600,"Hamilton, TN (CT)",0,1664,1664,0,2481,2481
47065001800,"Hamilton, TN (CT)",0,1381,1381,0,2741,2741
47065001900,"Hamilton, TN (CT)",0,1834,1834,0,3959,3959
47065002000,"Hamilton, TN (CT)",0,716,716,0,1211,1211
47065002300,"Hamilton, TN (CT)",0,688,688,0,1492,1492
47065002400,"Hamilton, TN (CT)",0,1803,1803,0,4256,4256
47065002500,"Hamilton, TN (CT)",0,2114,2114,0,4773,4773
47065002600,"Hamilton, TN (CT)",0,982,982,0,2734,2734
47065002800,"Hamilton, TN (CT)",0,1970,1970,0,3832,3832
47065002900,"Hamilton, TN (CT)",0,1386,1386,0,2662,2662
47065003000,"Hamilton, TN (CT)",0,1098,1098,0,2380,2380
47065003100,"Hamilton, TN (CT)",0,970,970,0,1708,1708
47065003200,"Hamilton, TN (CT)",0,1513,1513,0,3385,3385
47065003300,"Hamilton, TN (CT)",0,2993,2993,0,6477,6477
47065003400,"Hamilton, TN (CT)",0,2366,2366,0,4343,4343
47065010101,"Hamilton, TN (CT)",1088,1304,2392,2611,3336,5947
47065010103,"Hamilton, TN (CT)",1124,322,1446,2717,839,3556
47065010104,"Hamilton, TN (CT)",1681,0,1681,3952,0,3952
47065010201,"Hamilton, TN (CT)",1411,0,1411,3414,0,3414
47065010202,"Hamilton, TN (CT)",1923,0,1923,4284,0,4284
47065010303,"Hamilton, TN (CT)",0,1172,1172,0,2942,2942
47065010304,"Hamilton, TN (CT)",16,2084,2100,37,5375,5412
47065010305,"Hamilton, TN (CT)",554,783,1337,1137,1953,3090
47065010306,"Hamilton, TN (CT)",0,1466,1466,0,3817,3817
47065010307,"Hamilton, TN (CT)",345,2326,2671,767,4901,5668
47065010411,"Hamilton, TN (CT)",108,2527,2635,272,6358,6630
47065010412,"Hamilton, TN (CT)",0,2062,2062,0,5126,5126
47065010413,"Hamilton, TN (CT)",70,1525,1595,176,3759,3935
47065010431,"Hamilton, TN (CT)",137,2949,3086,194,6750,6944
47065010432,"Hamilton, TN (CT)",0,3135,3135,0,6323,6323
47065010433,"Hamilton, TN (CT)",0,2326,2326,0,5095,5095
47065010434,"Hamilton, TN (CT)",391,456,847,865,1032,1897
47065010435,"Hamilton, TN (CT)",311,2487,2798,628,5189,5817
47065010501,"Hamilton, TN (CT)",0,2894,2894,0,6255,6255
47065010502,"Hamilton, TN (CT)",0,1547,1547,0,3071,3071
47065010600,"Hamilton, TN (CT)",0,1515,1515,0,2834,2834
47065010700,"Hamilton, TN (CT)",0,1530,1530,0,2747,2747
47065010800,"Hamilton, TN (CT)",0,2229,2229,0,4120,4120
47065010901,"Hamilton, TN (CT)",16,725,741,119,1338,1457
47065010902,"Hamilton, TN (CT)",150,344,494,300,707,1007
47065010903,"Hamilton, TN (CT)",218,3046,3264,519,5589,6108
47065011001,"Hamilton, TN (CT)",795,25,820,1720,61,1781
47065011002,"Hamilton, TN (CT)",883,1777,2660,2233,4586,6819
47065011100,"Hamilton, TN (CT)",0,2766,2766,0,6444,6444
47065011201,"Hamilton, TN (CT)",1043,2336,3379,2489,5832,8321
47065011203,"Hamilton, TN (CT)",544,1310,1854,1381,4854,6235
47065011204,"Hamilton, TN (CT)",981,1146,2127,2470,2585,5055
47065011311,"Hamilton, TN (CT)",0,2646,2646,0,7268,7268
47065011314,"Hamilton, TN (CT)",0,1832,1832,0,5057,5057
47065011321,"Hamilton, TN (CT)",0,3091,3091,0,6599,6599
47065011323,"Hamilton, TN (CT)",0,2397,2397,0,5463,5463
47065011324,"Hamilton, TN (CT)",0,1417,1417,0,3989,3989
47065011325,"Hamilton, TN (CT)",0,2079,2079,0,5475,5475
47065011326,"Hamilton, TN (CT)",0,2291,2291,0,4485,4485
47065011402,"Hamilton, TN (CT)",0,2624,2624,0,5802,5802
47065011411,"Hamilton, TN (CT)",0,1916,1916,0,3910,3910
47065011413,"Hamilton, TN (CT)",0,3347,3347,0,7813,7813
47065011442,"Hamilton, TN (CT)",0,1270,1270,0,2716,2716
47065011443,"Hamilton, TN (CT)",7,2831,2838,17,5647,5664
47065011444,"Hamilton, TN (CT)",0,1717,1717,0,3813,3813
47065011445,"Hamilton, TN (CT)",0,1971,1971,0,3704,3704
47065011446,"Hamilton, TN (CT)",0,1541,1541,0,3194,3194
47065011447,"Hamilton, TN (CT)",0,2926,2926,0,7951,7951
47065011600,"Hamilton, TN (CT)",0,2909,2909,0,5605,5605
47065011700,"Hamilton, TN (CT)",0,2195,2195,0,4341,4341
47065011800,"Hamilton, TN (CT)",0,3070,3070,0,6481,6481
47065011900,"Hamilton, TN (CT)",0,885,885,0,1706,1706
47065012000,"Hamilton, TN (CT)",0,800,800,0,1832,1832
47065012100,"Hamilton, TN (CT)",681,2102,2783,1417,4308,5725
47065012200,"Hamilton, TN (CT)",0,1499,1499,0,2908,2908
47065012300,"Hamilton, TN (CT)",0,2128,2128,0,4609,4609
47065012400,"Hamilton, TN (CT)",0,1195,1195,0,5092,5092
47065980100,"Hamilton, TN (CT)",0,1,1,0,1,1
47065980200,"Hamilton, TN (CT)",1,0,1,2,0,2
47067960500,"Hancock, TN (CT)",1570,0,1570,2809,0,2809
47067960600,"Hancock, TN (CT)",2054,0,2054,4010,0,4010
47069950100,"Hardeman, TN (CT)",1889,0,1889,3959,0,3959
47069950200,"Hardeman, TN (CT)",1350,0,1350,6470,0,6470
47069950300,"Hardeman, TN (CT)",482,1187,1669,958,2840,3798
47069950400,"Hardeman, TN (CT)",1569,1033,2602,3227,2554,5781
47069950500,"Hardeman, TN (CT)",2063,0,2063,4463,0,4463
47069950600,"Hardeman, TN (CT)",1278,0,1278,2782,0,2782
47071920100,"Hardin, TN (CT)",1788,59,1847,3776,145,3921
47071920200,"Hardin, TN (CT)",2349,148,2497,4262,269,4531
47071920300,"Hardin, TN (CT)",472,1221,1693,1168,2697,3865
47071920400,"Hardin, TN (CT)",189,2209,2398,415,4622,5037
47071920500,"Hardin, TN (CT)",2675,276,2951,4941,614,5555
47071920600,"Hardin, TN (CT)",2560,0,2560,3117,0,3117
47073050100,"Hawkins, TN (CT)",1957,0,1957,3709,0,3709
47073050200,"Hawkins, TN (CT)",2317,136,2453,4715,326,5041
47073050301,"Hawkins, TN (CT)",167,2128,2295,356,4330,4686
47073050302,"Hawkins, TN (CT)",958,826,1784,2094,1788,3882
47073050400,"Hawkins, TN (CT)",2569,51,2620,5553,72,5625
47073050501,"Hawkins, TN (CT)",1211,749,1960,2470,1656,4126
47073050502,"Hawkins, TN (CT)",544,965,1509,1120,2238,3358
47073050503,"Hawkins, TN (CT)",208,1979,2187,442,4199,4641
47073050601,"Hawkins, TN (CT)",299,2462,2761,635,5351,5986
47073050602,"Hawkins, TN (CT)",101,1773,1874,223,3989,4212
47073050700,"Hawkins, TN (CT)",1789,0,1789,3521,0,3521
47073050800,"Hawkins, TN (CT)",2330,0,2330,5142,0,5142
47073050900,"Hawkins, TN (CT)",1351,0,1351,2904,0,2904
47075930100,"Haywood, TN (CT)",1121,0,1121,2811,0,2811
47075930200,"Haywood, TN (CT)",816,0,816,1739,0,1739
47075930301,"Haywood, TN (CT)",175,1857,2032,396,4267,4663
47075930302,"Haywood, TN (CT)",74,1183,1257,153,2773,2926
47075930400,"Haywood, TN (CT)",545,1283,1828,1220,2839,4059
47075930500,"Haywood, TN (CT)",1261,0,1261,2589,0,2589
47077975000,"Henderson, TN (CT)",1323,0,1323,2778,0,2778
47077975100,"Henderson, TN (CT)",1707,0,1707,3712,0,3712
47077975200,"Henderson, TN (CT)",2468,0,2468,5490,0,5490
47077975300,"Henderson, TN (CT)",1088,2149,3237,2481,4717,7198
47077975400,"Henderson, TN (CT)",1297,908,2205,2793,1843,4636
47077975500,"Henderson, TN (CT)",1836,0,1836,3955,0,3955
47079969000,"Henry, TN (CT)",3471,0,3471,4389,0,4389
47079969100,"Henry, TN (CT)",1332,0,1332,2796,0,2796
47079969200,"Henry, TN (CT)",822,0,822,1831,0,1831
47079969300,"Henry, TN (CT)",382,1268,1650,765,2735,3500
47079969400,"Henry, TN (CT)",0,1114,1114,0,2118,2118
47079969500,"Henry, TN (CT)",173,2395,2568,360,4769,5129
47079969600,"Henry, TN (CT)",2932,442,3374,6878,1020,7898
47079969700,"Henry, TN (CT)",1653,0,1653,2320,0,2320
47079969800,"Henry, TN (CT)",1048,22,1070,2273,76,2349
47081950100,"Hickman, TN (CT)",2283,0,2283,5528,0,5528
47081950200,"Hickman, TN (CT)",2938,0,2938,6969,0,6969
47081950301,"Hickman, TN (CT)",1387,0,1387,2970,0,2970
47081950302,"Hickman, TN (CT)",2140,0,2140,4742,0,4742
47081950400,"Hickman, TN (CT)",945,0,945,2078,0,2078
47081950500,"Hickman, TN (CT)",618,0,618,2403,0,2403
47083120100,"Houston, TN (CT)",1460,0,1460,3228,0,3228
47083120200,"Houston, TN (CT)",990,0,990,2203,0,2203
47083120300,"Houston, TN (CT)",1738,0,1738,2995,0,2995
47085130100,"Humphreys, TN (CT)",2375,0,2375,5399,0,5399
47085130200,"Humphreys, TN (CT)",1201,0,1201,1897,0,1897
47085130300,"Humphreys, TN (CT)",1006,1528,2534,2353,3246,5599
47085130400,"Humphreys, TN (CT)",1357,0,1357,2582,0,2582
47085130500,"Humphreys, TN (CT)",1398,0,1398,3061,0,3061
47087960100,"Jackson, TN (CT)",1158,0,1158,1894,0,1894
47087960200,"Jackson, TN (CT)",1206,0,1206,2294,0,2294
47087960300,"Jackson, TN (CT)",2530,0,2530,5448,0,5448
47087960400,"Jackson, TN (CT)",949,0,949,2002,0,2002
47089070100,"Jefferson, TN (CT)",1698,1451,3149,3706,3285,6991
47089070200,"Jefferson, TN (CT)",1762,253,2015,4127,624,4751
47089070300,"Jefferson, TN (CT)",191,2782,2973,400,6839,7239
47089070400,"Jefferson, TN (CT)",1506,76,1582,3539,184,3723
47089070500,"Jefferson, TN (CT)",1246,1029,2275,2818,2555,5373
47089070600,"Jefferson, TN (CT)",995,1059,2054,2395,2301,4696
47089070700,"Jefferson, TN (CT)",1767,1643,3410,3331,3865,7196
47089070800,"Jefferson, TN (CT)",2788,470,3258,5937,1149,7086
47089070900,"Jefferson, TN (CT)",2776,7,2783,4328,24,4352
47091956000,"Johnson, TN (CT)",595,0,595,1018,0,1018
47091956100,"Johnson, TN (CT)",1381,0,1381,4161,0,4161
47091956200,"Johnson, TN (CT)",1498,0,1498,2446,0,2446
47091956300,"Johnson, TN (CT)",1739,1192,2931,3316,2427,5743
47091956400,"Johnson, TN (CT)",2439,112,2551,4605,271,4876
47093000100,"Knox, TN (CT)",0,1146,1146,0,1605,1605
47093000800,"Knox, TN (CT)",0,1548,1548,0,3413,3413
47093000901,"Knox, TN (CT)",0,13,13,0,1755,1755
47093000902,"Knox, TN (CT)",0,229,229,0,4214,4214
47093001400,"Knox, TN (CT)",0,1198,1198,0,2761,2761
47093001500,"Knox, TN (CT)",0,1595,1595,0,3419,3419
47093001600,"Knox, TN (CT)",0,1674,1674,0,2889,2889
47093001700,"Knox, TN (CT)",0,1401,1401,0,2560,2560
47093001800,"Knox, TN (CT)",0,1134,1134,0,2291,2291
47093001900,"Knox, TN (CT)",0,851,851,0,1594,1594
47093002000,"Knox, TN (CT)",0,1639,1639,0,3172,3172
47093002100,"Knox, TN (CT)",22,1225,1247,28,2549,2577
47093002200,"Knox, TN (CT)",0,1876,1876,0,3965,3965
47093002300,"Knox, TN (CT)",0,1803,1803,0,3252,3252
47093002400,"Knox, TN (CT)",0,1949,1949,0,3644,3644
47093002600,"Knox, TN (CT)",0,1172,1172,0,2451,2451
47093002700,"Knox, TN (CT)",0,1182,1182,0,2496,2496
47093002800,"Knox, TN (CT)",0,2210,2210,0,4754,4754
47093002900,"Knox, TN (CT)",0,1723,1723,0,3765,3765
47093003000,"Knox, TN (CT)",0,2469,2469,0,4579,4579
47093003100,"Knox, TN (CT)",0,1317,1317,0,2730,2730
47093003200,"Knox, TN (CT)",0,1692,1692,0,3179,3179
47093003300,"Knox, TN (CT)",0,964,964,0,2125,2125
47093003400,"Knox, TN (CT)",0,2000,2000,0,3755,3755
47093003500,"Knox, TN (CT)",9,2356,2365,13,4792,4805
47093003700,"Knox, TN (CT)",0,1612,1612,0,2948,2948
47093003801,"Knox, TN (CT)",0,2361,2361,0,4268,4268
47093003802,"Knox, TN (CT)",0,1423,1423,0,3144,3144
47093003901,"Knox, TN (CT)",0,1914,1914,0,4173,4173
47093003902,"Knox, TN (CT)",0,1411,1411,0,3019,3019
47093004000,"Knox, TN (CT)",0,2535,2535,0,4313,4313
47093004100,"Knox, TN (CT)",0,2140,2140,0,4160,4160
47093004200,"Knox, TN (CT)",0,1646,1646,0,3168,3168
47093004300,"Knox, TN (CT)",0,1369,1369,0,2533,2533
47093004401,"Knox, TN (CT)",0,2177,2177,0,4590,4590
47093004403,"Knox, TN (CT)",0,2852,2852,0,5043,5043
47093004404,"Knox, TN (CT)",0,1840,1840,0,3527,3527
47093004500,"Knox, TN (CT)",0,3336,3336,0,6400,6400
47093004606,"Knox, TN (CT)",0,2595,2595,0,6384,6384
47093004607,"Knox, TN (CT)",0,2354,2354,0,5952,5952
47093004608,"Knox, TN (CT)",0,1200,1200,0,2884,2884
47093004609,"Knox, TN (CT)",0,2376,2376,0,4733,4733
47093004610,"Knox, TN (CT)",0,2853,2853,0,4955,4955
47093004611,"Knox, TN (CT)",0,1648,1648,0,3971,3971
47093004612,"Knox, TN (CT)",0,1123,1123,0,2454,2454
47093004613,"Knox, TN (CT)",0,2322,2322,0,5149,5149
47093004614,"Knox, TN (CT)",0,1581,1581,0,2835,2835
47093004615,"Knox, TN (CT)",0,1872,1872,0,4191,4191
47093004700,"Knox, TN (CT)",0,1906,1906,0,3947,3947
47093004800,"Knox, TN (CT)",0,2414,2414,0,5224,5224
47093004900,"Knox, TN (CT)",0,2571,2571,0,5204,5204
47093005000,"Knox, TN (CT)",0,2009,2009,0,3825,3825
47093005100,"Knox, TN (CT)",0,2553,2553,0,6030,6030
47093005201,"Knox, TN (CT)",1351,812,2163,3054,2639,5693
47093005202,"Knox, TN (CT)",288,1228,1516,626,2885,3511
47093005301,"Knox, TN (CT)",774,1136,1910,1755,2502,4257
47093005302,"Knox, TN (CT)",1125,478,1603,2641,1081,3722
47093005401,"Knox, TN (CT)",1093,566,1659,2297,1177,3474
47093005402,"Knox, TN (CT)",1412,4,1416,3236,10,3246
47093005501,"Knox, TN (CT)",661,614,1275,1415,1308,2723
47093005502,"Knox, TN (CT)",1241,67,1308,3222,117,3339
47093005602,"Knox, TN (CT)",1198,552,1750,2737,1310,4047
47093005603,"Knox, TN (CT)",150,1453,1603,300,3074,3374
47093005604,"Knox, TN (CT)",582,677,1259,1164,1536,2700
47093005701,"Knox, TN (CT)",131,1878,2009,307,4319,4626
47093005704,"Knox, TN (CT)",0,2987,2987,0,5864,5864
47093005706,"Knox, TN (CT)",0,1604,1604,0,3640,3640
47093005707,"Knox, TN (CT)",0,1275,1275,0,3270,3270
47093005708,"Knox, TN (CT)",0,1193,1193,0,3069,3069
47093005709,"Knox, TN (CT)",0,716,716,0,1913,1913
47093005710,"Knox, TN (CT)",0,855,855,0,2057,2057
47093005711,"Knox, TN (CT)",0,1988,1988,0,5513,5513
47093005712,"Knox, TN (CT)",0,3253,3253,0,8068,8068
47093005803,"Knox, TN (CT)",0,1116,1116,0,2635,2635
47093005807,"Knox, TN (CT)",0,1086,1086,0,2617,2617
47093005808,"Knox, TN (CT)",0,2180,2180,0,5232,5232
47093005809,"Knox, TN (CT)",0,2030,2030,0,4894,4894
47093005810,"Knox, TN (CT)",0,1258,1258,0,3656,3656
47093005811,"Knox, TN (CT)",135,896,1031,339,2609,2948
47093005812,"Knox, TN (CT)",338,1391,1729,791,4033,4824
47093005813,"Knox, TN (CT)",1,2242,2243,3,5630,5633
47093005903,"Knox, TN (CT)",0,1600,1600,0,3837,3837
47093005904,"Knox, TN (CT)",180,1893,2073,450,4408,4858
47093005905,"Knox, TN (CT)",691,264,955,1482,437,1919
47093005906,"Knox, TN (CT)",664,0,664,1671,0,1671
47093005907,"Knox, TN (CT)",558,709,1267,1266,1704,2970
47093005908,"Knox, TN (CT)",167,1758,1925,364,4480,4844
47093006001,"Knox, TN (CT)",0,1454,1454,0,3120,3120
47093006002,"Knox, TN (CT)",0,2529,2529,0,5978,5978
47093006003,"Knox, TN (CT)",0,1731,1731,0,4297,4297
47093006102,"Knox, TN (CT)",899,1310,2209,2251,2972,5223
47093006103,"Knox, TN (CT)",0,2084,2084,0,5042,5042
47093006104,"Knox, TN (CT)",138,2053,2191,312,5076,5388
47093006202,"Knox, TN (CT)",130,1891,2021,342,4663,5005
47093006203,"Knox, TN (CT)",0,2214,2214,0,5035,5035
47093006205,"Knox, TN (CT)",111,1602,1713,265,4020,4285
47093006206,"Knox, TN (CT)",154,1675,1829,373,4406,4779
47093006207,"Knox, TN (CT)",0,1509,1509,0,3346,3346
47093006208,"Knox, TN (CT)",0,2264,2264,0,5299,5299
47093006301,"Knox, TN (CT)",936,508,1444,2274,1285,3559
47093006302,"Knox, TN (CT)",920,274,1194,2122,671,2793
47093006401,"Knox, TN (CT)",246,1372,1618,580,3627,4207
47093006402,"Knox, TN (CT)",1207,716,1923,2893,1718,4611
47093006403,"Knox, TN (CT)",540,667,1207,1278,1559,2837
47093006501,"Knox, TN (CT)",1241,206,1447,2826,450,3276
47093006502,"Knox, TN (CT)",1162,328,1490,2528,723,3251
47093006600,"Knox, TN (CT)",0,1636,1636,0,3101,3101
47093006700,"Knox, TN (CT)",0,1735,1735,0,2975,2975
47093006800,"Knox, TN (CT)",0,2406,2406,0,4415,4415
47093006900,"Knox, TN (CT)",0,2992,2992,0,6649,6649
47093007000,"Knox, TN (CT)",0,1217,1217,0,2664,2664
47093007100,"Knox, TN (CT)",0,2003,2003,0,3673,3673
47095960100,"Lake, TN (CT)",1582,0,1582,5490,0,5490
47095960200,"Lake, TN (CT)",1016,0,1016,2342,0,2342
47097050100,"Lauderdale, TN (CT)",827,0,827,4026,0,4026
47097050200,"Lauderdale, TN (CT)",737,929,1666,1628,2009,3637
47097050300,"Lauderdale, TN (CT)",946,312,1258,2112,726,2838
47097050400,"Lauderdale, TN (CT)",1410,0,1410,3193,0,3193
47097050503,"Lauderdale, TN (CT)",699,309,1008,1566,877,2443
47097050504,"Lauderdale, TN (CT)",10,1252,1262,21,2706,2727
47097050505,"Lauderdale, TN (CT)",178,1549,1727,414,3738,4152
47097050506,"Lauderdale, TN (CT)",746,250,996,1970,550,2520
47097050600,"Lauderdale, TN (CT)",622,480,1102,1387,892,2279
47099960100,"Lawrence, TN (CT)",1760,0,1760,4511,0,4511
47099960200,"Lawrence, TN (CT)",1087,0,1087,2464,0,2464
47099960300,"Lawrence, TN (CT)",1923,0,1923,5306,0,5306
47099960401,"Lawrence, TN (CT)",757,1842,2599,1776,3606,5382
47099960402,"Lawrence, TN (CT)",940,825,1765,2231,1707,3938
47099960501,"Lawrence, TN (CT)",411,1486,1897,1125,3211,4336
47099960502,"Lawrence, TN (CT)",1211,721,1932,2739,1538,4277
47099960600,"Lawrence, TN (CT)",1086,0,1086,2202,0,2202
47099960700,"Lawrence, TN (CT)",1678,0,1678,3841,0,3841
47099960800,"Lawrence, TN (CT)",1541,18,1559,3569,38,3607
47099960900,"Lawrence, TN (CT)",891,0,891,2005,0,2005
47101970100,"Lewis, TN (CT)",2121,0,2121,4529,0,4529
47101970200,"Lewis, TN (CT)",1708,1641,3349,4007,3625,7632
47103975000,"Lincoln, TN (CT)",843,37,880,1662,78,1740
47103975100,"Lincoln, TN (CT)",1084,0,1084,2352,0,2352
47103975200,"Lincoln, TN (CT)",881,0,881,1816,0,1816
47103975300,"Lincoln, TN (CT)",597,2519,3116,1376,5116,6492
47103975400,"Lincoln, TN (CT)",846,902,1748,1747,1945,3692
47103975500,"Lincoln, TN (CT)",2249,0,2249,5003,0,5003
47103975601,"Lincoln, TN (CT)",1725,349,2074,4119,779,4898
47103975602,"Lincoln, TN (CT)",1213,530,1743,2776,1260,4036
47103975700,"Lincoln, TN (CT)",1466,0,1466,3332,0,3332
47105060100,"Loudon, TN (CT)",1336,704,2040,3180,1549,4729
47105060201,"Loudon, TN (CT)",445,996,1441,1074,2422,3496
47105060202,"Loudon, TN (CT)",0,3249,3249,0,7604,7604
47105060301,"Loudon, TN (CT)",0,1549,1549,0,3332,3332
47105060302,"Loudon, TN (CT)",1135,1430,2565,2596,3605,6201
47105060400,"Loudon, TN (CT)",2108,0,2108,4719,0,4719
47105060501,"Loudon, TN (CT)",1044,3556,4600,2028,6636,8664
47105060502,"Loudon, TN (CT)",829,155,984,2075,283,2358
47105060600,"Loudon, TN (CT)",493,1438,1931,1042,3405,4447
47105060700,"Loudon, TN (CT)",1258,0,1258,3006,0,3006
47107970101,"McMinn, TN (CT)",2859,69,2928,6806,170,6976
47107970102,"McMinn, TN (CT)",1376,653,2029,3212,1443,4655
47107970200,"McMinn, TN (CT)",398,2502,2900,905,5102,6007
47107970300,"McMinn, TN (CT)",0,1411,1411,0,3328,3328
47107970401,"McMinn, TN (CT)",658,916,1574,1536,2081,3617
47107970402,"McMinn, TN (CT)",773,1623,2396,1855,3349,5204
47107970500,"McMinn, TN (CT)",1774,0,1774,3865,0,3865
47107970600,"McMinn, TN (CT)",2075,1234,3309,4695,2501,7196
47107970700,"McMinn, TN (CT)",1130,830,1960,2518,1628,4146
47107970800,"McMinn, TN (CT)",2576,484,3060,6146,1126,7272
47109930100,"McNairy, TN (CT)",1902,0,1902,4218,0,4218
47109930200,"McNairy, TN (CT)",1006,0,1006,2202,0,2202
47109930300,"McNairy, TN (CT)",1313,0,1313,3091,0,3091
47109930400,"McNairy, TN (CT)",839,0,839,1789,0,1789
47109930500,"McNairy, TN (CT)",1863,1806,3669,3948,3840,7788
47109930600,"McNairy, TN (CT)",1704,0,1704,3785,0,3785
47109930700,"McNairy, TN (CT)",1500,0,1500,3202,0,3202
47111970100,"Macon, TN (CT)",2189,0,2189,4913,0,4913
47111970200,"Macon, TN (CT)",2177,198,2375,5239,468,5707
47111970300,"Macon, TN (CT)",1559,1932,3491,3372,4077,7449
47111970400,"Macon, TN (CT)",1806,0,1806,4179,0,4179
47113000100,"Madison, TN (CT)",175,1337,1512,450,3130,3580
47113000200,"Madison, TN (CT)",0,3103,3103,0,6475,6475
47113000300,"Madison, TN (CT)",0,2124,2124,7,4850,4857
47113000400,"Madison, TN (CT)",0,1550,1550,0,3631,3631
47113000500,"Madison, TN (CT)",0,1733,1733,0,4531,4531
47113000600,"Madison, TN (CT)",0,1012,1012,0,2120,2120
47113000700,"Madison, TN (CT)",0,1212,1212,0,2519,2519
47113000800,"Madison, TN (CT)",0,752,752,0,1741,1741
47113000900,"Madison, TN (CT)",0,1169,1169,0,2342,2342
47113001000,"Madison, TN (CT)",0,976,976,0,2343,2343
47113001100,"Madison, TN (CT)",0,476,476,0,1065,1065
47113001300,"Madison, TN (CT)",735,1978,2713,1694,4445,6139
47113001401,"Madison, TN (CT)",678,197,875,1514,533,2047
47113001402,"Madison, TN (CT)",825,142,967,1870,333,2203
47113001501,"Madison, TN (CT)",468,1420,1888,1058,3721,4779
47113001502,"Madison, TN (CT)",2376,113,2489,5575,315,5890
47113001603,"Madison, TN (CT)",0,1026,1026,0,2362,2362
47113001604,"Madison, TN (CT)",0,1096,1096,0,2898,2898
47113001605,"Madison, TN (CT)",150,794,944,395,2648,3043
47113001606,"Madison, TN (CT)",0,4478,4478,0,9481,9481
47113001607,"Madison, TN (CT)",45,2267,2312,115,5746,5861
47113001608,"Madison, TN (CT)",564,394,958,1357,948,2305
47113001609,"Madison, TN (CT)",594,128,722,1362,339,1701
47113001610,"Madison, TN (CT)",358,1464,1822,976,4299,5275
47113001700,"Madison, TN (CT)",702,0,702,1620,0,1620
47113001800,"Madison, TN (CT)",1438,0,1438,3241,0,3241
47113001900,"Madison, TN (CT)",1785,43,1828,4152,93,4245
47115050101,"Marion, TN (CT)",1675,0,1675,3778,0,3778
47115050102,"Marion, TN (CT)",2703,0,2703,6069,0,6069
47115050201,"Marion, TN (CT)",2176,0,2176,4641,0,4641
47115050202,"Marion, TN (CT)",961,1486,2447,2169,3290,5459
47115050301,"Marion, TN (CT)",1036,1492,2528,2303,3200,5503
47115050302,"Marion, TN (CT)",1425,0,1425,2787,0,2787
47117955000,"Marshall, TN (CT)",2692,0,2692,6801,0,6801
47117955100,"Marshall, TN (CT)",2268,0,2268,5460,0,5460
47117955200,"Marshall, TN (CT)",1402,1138,2540,3214,2485,5699
47117955300,"Marshall, TN (CT)",0,1849,1849,0,4215,4215
47117955400,"Marshall, TN (CT)",84,1719,1803,170,3764,3934
47117955500,"Marshall, TN (CT)",1967,0,1967,4508,0,4508
47119010100,"Maury, TN (CT)",1503,0,1503,3528,0,3528
47119010201,"Maury, TN (CT)",1438,909,2347,3738,1947,5685
47119010202,"Maury, TN (CT)",696,2445,3141,1592,5643,7235
47119010301,"Maury, TN (CT)",1367,1034,2401,3427,2665,6092
47119010302,"Maury, TN (CT)",1013,76,1089,2497,212,2709
47119010400,"Maury, TN (CT)",254,2561,2815,549,5535,6084
47119010500,"Maury, TN (CT)",305,1955,2260,705,3947,4652
47119010600,"Maury, TN (CT)",3,2276,2279,3,4719,4722
47119010700,"Maury, TN (CT)",0,2202,2202,0,4553,4553
47119010801,"Maury, TN (CT)",52,1331,1383,151,3282,3433
47119010802,"Maury, TN (CT)",144,2660,2804,567,6146,6713
47119010900,"Maury, TN (CT)",1213,189,1402,2902,514,3416
47119011001,"Maury, TN (CT)",898,224,1122,2159,560,2719
47119011002,"Maury, TN (CT)",1103,1790,2893,2632,3799,6431
47119011101,"Maury, TN (CT)",581,1412,1993,1394,3024,4418
47119011102,"Maury, TN (CT)",798,454,1252,1923,738,2661
47119011200,"Maury, TN (CT)",2368,0,2368,5905,0,5905
47121960100,"Meigs, TN (CT)",1736,0,1736,3155,0,3155
47121960200,"Meigs, TN (CT)",2029,0,2029,4631,0,4631
47121960300,"Meigs, TN (CT)",1863,0,1863,3967,0,3967
47123925000,"Monroe, TN (CT)",3698,0,3698,7528,0,7528
47123925100,"Monroe, TN (CT)",2309,1168,3477,5626,2666,8292
47123925200,"Monroe, TN (CT)",830,1285,2115,1767,2594,4361
47123925300,"Monroe, TN (CT)",2043,1199,3242,4612,2543,7155
47123925400,"Monroe, TN (CT)",2699,1210,3909,6006,2848,8854
47123925501,"Monroe, TN (CT)",1591,0,1591,3046,0,3046
47123925502,"Monroe, TN (CT)",2755,0,2755,5283,0,5283
47125100100,"Montgomery, TN (CT)",0,572,572,0,1303,1303
47125100200,"Montgomery, TN (CT)",0,956,956,0,1670,1670
47125100300,"Montgomery, TN (CT)",0,2281,2281,0,5221,5221
47125100400,"Montgomery, TN (CT)",0,1496,1496,0,3145,3145
47125100500,"Montgomery, TN (CT)",0,2507,2507,0,4692,4692
47125100601,"Montgomery, TN (CT)",0,993,993,0,2121,2121
47125100602,"Montgomery, TN (CT)",0,1497,1497,0,2615,2615
47125100700,"Montgomery, TN (CT)",0,671,671,0,1382,1382
47125100800,"Montgomery, TN (CT)",0,1052,1052,0,2958,2958
47125100900,"Montgomery, TN (CT)",0,1539,1539,0,2910,2910
47125101001,"Montgomery, TN (CT)",0,1763,1763,0,4302,4302
47125101002,"Montgomery, TN (CT)",0,1330,1330,0,3645,3645
47125101101,"Montgomery, TN (CT)",0,1109,1109,0,2764,2764
47125101102,"Montgomery, TN (CT)",87,2877,2964,198,7499,7697
47125101103,"Montgomery, TN (CT)",491,473,964,1317,1128,2445
47125101201,"Montgomery, TN (CT)",0,890,890,0,2172,2172
47125101202,"Montgomery, TN (CT)",0,1595,1595,0,3767,3767
47125101303,"Montgomery, TN (CT)",0,3235,3235,0,7913,7913
47125101304,"Montgomery, TN (CT)",0,2328,2328,0,4867,4867
47125101305,"Montgomery, TN (CT)",464,649,1113,1279,1866,3145
47125101306,"Montgomery, TN (CT)",0,1782,1782,0,4632,4632
47125101307,"Montgomery, TN (CT)",0,1065,1065,0,2310,2310
47125101400,"Montgomery, TN (CT)",0,1526,1526,31,5724,5755
47125101500,"Montgomery, TN (CT)",2992,0,2992,7322,0,7322
47125101600,"Montgomery, TN (CT)",2029,201,2230,5011,484,5495
47125101700,"Montgomery, TN (CT)",3222,0,3222,8091,0,8091
47125101802,"Montgomery, TN (CT)",1867,1961,3828,4703,5115,9818
47125101803,"Montgomery, TN (CT)",366,2071,2437,925,4915,5840
47125101804,"Montgomery, TN (CT)",866,1446,2312,2386,4079,6465
47125101902,"Montgomery, TN (CT)",0,1003,1003,0,2546,2546
47125101903,"Montgomery, TN (CT)",256,3092,3348,672,7413,8085
47125101904,"Montgomery, TN (CT)",704,3,707,1729,5,1734
47125102001,"Montgomery, TN (CT)",0,1846,1846,0,4744,4744
47125102002,"Montgomery, TN (CT)",7,2668,2675,16,7380,7396
47125102003,"Montgomery, TN (CT)",0,1841,1841,0,4875,4875
47125102004,"Montgomery, TN (CT)",0,2114,2114,0,5213,5213
47125102005,"Montgomery, TN (CT)",0,2208,2208,0,5062,5062
47125102006,"Montgomery, TN (CT)",145,1962,2107,342,5475,5817
47125980100,"Montgomery, TN (CT)",0,0,0,0,397,397
47127930100,"Moore, TN (CT)",1752,0,1752,3846,0,3846
47127930200,"Moore, TN (CT)",1160,3,1163,2508,8,2516
47129110100,"Morgan, TN (CT)",1635,0,1635,3309,0,3309
47129110200,"Morgan, TN (CT)",1610,0,1610,3301,0,3301
47129110300,"Morgan, TN (CT)",1618,0,1618,6032,0,6032
47129110400,"Morgan, TN (CT)",1895,15,1910,4367,25,4392
47129110500,"Morgan, TN (CT)",2147,0,2147,4953,0,4953
47131965000,"Obion, TN (CT)",1113,966,2079,2417,1916,4333
47131965100,"Obion, TN (CT)",962,101,1063,2273,232,2505
47131965200,"Obion, TN (CT)",952,0,952,2165,0,2165
47131965300,"Obion, TN (CT)",1838,0,1838,3734,0,3734
47131965400,"Obion, TN (CT)",1941,0,1941,4429,0,4429
47131965500,"Obion, TN (CT)",173,1045,1218,388,2282,2670
47131965600,"Obion, TN (CT)",334,1614,1948,703,3378,4081
47131965700,"Obion, TN (CT)",134,2049,2183,326,4411,4737
47131965800,"Obion, TN (CT)",788,0,788,1796,0,1796
47131965900,"Obion, TN (CT)",649,0,649,1357,0,1357
47133950100,"Overton, TN (CT)",877,0,877,1718,0,1718
47133950200,"Overton, TN (CT)",911,0,911,1744,0,1744
47133950301,"Overton, TN (CT)",902,1280,2182,2019,2760,4779
47133950302,"Overton, TN (CT)",1080,355,1435,2304,725,3029
47133950400,"Overton, TN (CT)",985,0,985,2086,0,2086
47133950500,"Overton, TN (CT)",2653,0,2653,6111,0,6111
47133950600,"Overton, TN (CT)",1252,0,1252,2616,0,2616
47135930100,"Perry, TN (CT)",1976,0,1976,3122,0,3122
47135930200,"Perry, TN (CT)",2623,0,2623,4793,0,4793
47137925100,"Pickett, TN (CT)",3462,0,3462,5077,0,5077
47139950100,"Polk, TN (CT)",747,0,747,1545,0,1545
47139950201,"Polk, TN (CT)",1057,0,1057,2226,0,2226
47139950202,"Polk, TN (CT)",2597,0,2597,5742,0,5742
47139950300,"Polk, TN (CT)",1743,0,1743,3855,0,3855
47139950400,"Polk, TN (CT)",1847,0,1847,3457,0,3457
47141000100,"Putnam, TN (CT)",1161,1237,2398,2479,3010,5489
47141000200,"Putnam, TN (CT)",1767,2190,3957,4211,5160,9371
47141000301,"Putnam, TN (CT)",933,215,1148,2159,501,2660
47141000302,"Putnam, TN (CT)",188,3047,3235,315,6254,6569
47141000303,"Putnam, TN (CT)",0,1034,1034,0,2388,2388
47141000400,"Putnam, TN (CT)",0,1848,1848,0,3662,3662
47141000500,"Putnam, TN (CT)",0,1072,1072,0,2094,2094
47141000600,"Putnam, TN (CT)",0,1541,1541,0,3525,3525
47141000700,"Putnam, TN (CT)",34,1653,1687,59,3505,3564
47141000800,"Putnam, TN (CT)",0,1946,1946,0,5420,5420
47141000900,"Putnam, TN (CT)",1301,1446,2747,2940,3675,6615
47141001000,"Putnam, TN (CT)",1579,32,1611,3447,97,3544
47141001100,"Putnam, TN (CT)",2037,882,2919,4449,1906,6355
47141001200,"Putnam, TN (CT)",1393,2357,3750,3287,5463,8750
47141001300,"Putnam, TN (CT)",853,136,989,1949,366,2315
47143975000,"Rhea, TN (CT)",2733,0,2733,4829,0,4829
47143975100,"Rhea, TN (CT)",2242,0,2242,4594,0,4594
47143975200,"Rhea, TN (CT)",2394,106,2500,5679,262,5941
47143975300,"Rhea, TN (CT)",1669,862,2531,3824,1998,5822
47143975401,"Rhea, TN (CT)",430,2475,2905,928,6223,7151
47143975402,"Rhea, TN (CT)",749,705,1454,1781,1691,3472
47145030100,"Roane, TN (CT)",563,890,1453,1355,1869,3224
47145030201,"Roane, TN (CT)",2873,207,3080,6199,469,6668
47145030202,"Roane, TN (CT)",321,3132,3453,644,6675,7319
47145030300,"Roane, TN (CT)",3283,0,3283,6623,0,6623
47145030400,"Roane, TN (CT)",1607,1504,3111,3237,3322,6559
47145030500,"Roane, TN (CT)",348,1704,2052,718,3528,4246
47145030600,"Roane, TN (CT)",609,1052,1661,1287,2344,3631
47145030700,"Roane, TN (CT)",930,1206,2136,1906,2495,4401
47145030800,"Roane, TN (CT)",580,2186,2766,1178,4358,5536
47145030900,"Roane, TN (CT)",2010,711,2721,4481,1493,5974
47145980100,"Roane, TN (CT)",0,0,0,0,0,0
47147080101,"Robertson, TN (CT)",1570,0,1570,3949,0,3949
47147080103,"Robertson, TN (CT)",613,1506,2119,1630,3921,5551
47147080104,"Robertson, TN (CT)",2381,318,2699,6275,890,7165
47147080200,"Robertson, TN (CT)",2355,7,2362,5926,17,5943
47147080301,"Robertson, TN (CT)",215,808,1023,479,2016,2495
47147080302,"Robertson, TN (CT)",0,1443,1443,0,3169,3169
47147080401,"Robertson, TN (CT)",18,1794,1812,41,4792,4833
47147080402,"Robertson, TN (CT)",61,1950,2011,126,4603,4729
47147080500,"Robertson, TN (CT)",1008,641,1649,2537,1661,4198
47147080603,"Robertson, TN (CT)",1221,470,1691,3106,1221,4327
47147080604,"Robertson, TN (CT)",797,625,1422,2020,1662,3682
47147080605,"Robertson, TN (CT)",455,703,1158,1143,1852,2995
47147080606,"Robertson, TN (CT)",514,1844,2358,1233,4650,5883
47147080700,"Robertson, TN (CT)",2587,182,2769,6824,540,7364
47149040101,"Rutherford, TN (CT)",59,1012,1071,146,3107,3253
47149040102,"Rutherford, TN (CT)",188,1084,1272,529,3138,3667
47149040103,"Rutherford, TN (CT)",0,2563,2563,0,7445,7445
47149040104,"Rutherford, TN (CT)",0,1921,1921,0,4810,4810
47149040105,"Rutherford, TN (CT)",0,1591,1591,0,4349,4349
47149040200,"Rutherford, TN (CT)",0,1387,1387,0,3860,3860
47149040302,"Rutherford, TN (CT)",192,2820,3012,464,7847,8311
47149040303,"Rutherford, TN (CT)",0,879,879,0,2037,2037
47149040304,"Rutherford, TN (CT)",0,881,881,0,2084,2084
47149040305,"Rutherford, TN (CT)",0,1067,1067,0,2438,2438
47149040306,"Rutherford, TN (CT)",0,1958,1958,0,4112,4112
47149040307,"Rutherford, TN (CT)",0,1121,1121,0,2840,2840
47149040308,"Rutherford, TN (CT)",0,2222,2222,0,5598,5598
47149040403,"Rutherford, TN (CT)",67,2681,2748,170,7183,7353
47149040501,"Rutherford, TN (CT)",1361,1116,2477,3669,3320,6989
47149040502,"Rutherford, TN (CT)",2027,467,2494,5226,1383,6609
47149040600,"Rutherford, TN (CT)",1814,0,1814,4372,0,4372
47149040701,"Rutherford, TN (CT)",1971,1387,3358,5413,3338,8751
47149040702,"Rutherford, TN (CT)",1327,580,1907,3334,1652,4986
47149040805,"Rutherford, TN (CT)",299,2516,2815,813,7237,8050
47149040806,"Rutherford, TN (CT)",573,1733,2306,1632,4976,6608
47149040807,"Rutherford, TN (CT)",783,927,1710,2193,2764,4957
47149040808,"Rutherford, TN (CT)",1281,912,2193,3551,2762,6313
47149040809,"Rutherford, TN (CT)",1183,169,1352,3245,504,3749
47149040810,"Rutherford, TN (CT)",1006,0,1006,2439,0,2439
47149040901,"Rutherford, TN (CT)",91,988,1079,224,2498,2722
47149040902,"Rutherford, TN (CT)",62,3317,3379,164,8378,8542
47149040903,"Rutherford, TN (CT)",0,4375,4375,0,10129,10129
47149040904,"Rutherford, TN (CT)",0,1767,1767,0,4623,4623
47149040905,"Rutherford, TN (CT)",10,3264,3274,21,7888,7909
47149041000,"Rutherford, TN (CT)",1033,1459,2492,2655,3845,6500
47149041101,"Rutherford, TN (CT)",164,2457,2621,396,7094,7490
47149041102,"Rutherford, TN (CT)",807,382,1189,1972,851,2823
47149041201,"Rutherford, TN (CT)",142,1721,1863,443,4680,5123
47149041202,"Rutherford, TN (CT)",483,944,1427,1242,2739,3981
47149041301,"Rutherford, TN (CT)",0,1935,1935,0,5128,5128
47149041302,"Rutherford, TN (CT)",0,2509,2509,0,5707,5707
47149041401,"Rutherford, TN (CT)",0,1769,1769,0,4455,4455
47149041402,"Rutherford, TN (CT)",0,3132,3132,0,6514,6514
47149041403,"Rutherford, TN (CT)",0,3430,3430,0,7429,7429
47149041500,"Rutherford, TN (CT)",0,34,34,0,2966,2966
47149041600,"Rutherford, TN (CT)",0,3126,3126,0,5673,5673
47149041700,"Rutherford, TN (CT)",0,2420,2420,0,4691,4691
47149041800,"Rutherford, TN (CT)",0,1597,1597,0,4453,4453
47149041900,"Rutherford, TN (CT)",0,2001,2001,0,4024,4024
47149042000,"Rutherford, TN (CT)",0,2167,2167,0,4740,4740
47149042100,"Rutherford, TN (CT)",38,3640,3678,109,8533,8642
47149042200,"Rutherford, TN (CT)",5,1830,1835,12,4990,5002
47149042300,"Rutherford, TN (CT)",91,2653,2744,265,7093,7358
47151975000,"Scott, TN (CT)",1775,145,1920,4002,298,4300
47151975100,"Scott, TN (CT)",1624,1526,3150,3747,3099,6846
47151975200,"Scott, TN (CT)",2063,414,2477,4907,925,5832
47151975300,"Scott, TN (CT)",1077,0,1077,2477,0,2477
47151975400,"Scott, TN (CT)",1286,0,1286,2773,0,2773
47153060101,"Sequatchie, TN (CT)",1953,1571,3524,4346,3691,8037
47153060102,"Sequatchie, TN (CT)",1054,0,1054,2174,0,2174
47153060200,"Sequatchie, TN (CT)",1785,5,1790,3895,6,3901
47155080101,"Sevier, TN (CT)",1147,499,1646,2710,1251,3961
47155080102,"Sevier, TN (CT)",2966,0,2966,6772,0,6772
47155080201,"Sevier, TN (CT)",867,2279,3146,2148,5766,7914
47155080202,"Sevier, TN (CT)",606,1528,2134,1389,3872,5261
47155080300,"Sevier, TN (CT)",253,2018,2271,624,4691,5315
47155080400,"Sevier, TN (CT)",3356,463,3819,5897,1281,7178
47155080500,"Sevier, TN (CT)",488,2313,2801,589,4364,4953
47155080601,"Sevier, TN (CT)",1034,837,1871,1945,1858,3803
47155080602,"Sevier, TN (CT)",4028,241,4269,8261,505,8766
47155080700,"Sevier, TN (CT)",4955,315,5270,6998,711,7709
47155080801,"Sevier, TN (CT)",0,1782,1782,0,2971,2971
47155080802,"Sevier, TN (CT)",505,2509,3014,1090,5588,6678
47155080901,"Sevier, TN (CT)",2544,1076,3620,2063,1334,3397
47155080902,"Sevier, TN (CT)",2799,1158,3957,3079,1241,4320
47155081000,"Sevier, TN (CT)",2599,2568,5167,2208,3536,5744
47155081101,"Sevier, TN (CT)",4071,0,4071,1941,0,1941
47155081102,"Sevier, TN (CT)",4107,0,4107,3205,0,3205
47155980100,"Sevier, TN (CT)",7,0,7,1,0,1
47157000100,"Shelby, TN (CT)",0,3378,3378,0,5394,5394
47157000200,"Shelby, TN (CT)",0,578,578,0,1033,1033
47157000300,"Shelby, TN (CT)",0,518,518,0,1060,1060
47157000400,"Shelby, TN (CT)",0,885,885,0,1727,1727
47157000600,"Shelby, TN (CT)",0,1175,1175,0,2152,2152
47157000700,"Shelby, TN (CT)",0,2521,2521,0,4861,4861
47157000800,"Shelby, TN (CT)",0,1194,1194,0,2684,2684
47157000900,"Shelby, TN (CT)",0,1443,1443,0,2884,2884
47157001100,"Shelby, TN (CT)",0,1477,1477,0,3666,3666
47157001200,"Shelby, TN (CT)",0,1700,1700,0,3733,3733
47157001300,"Shelby, TN (CT)",0,1719,1719,0,3817,3817
47157001400,"Shelby, TN (CT)",0,774,774,0,1648,1648
47157001500,"Shelby, TN (CT)",0,937,937,0,1745,1745
47157001600,"Shelby, TN (CT)",0,1113,1113,0,3158,3158
47157001700,"Shelby, TN (CT)",0,2079,2079,0,3848,3848
47157001900,"Shelby, TN (CT)",0,772,772,0,1601,1601
47157002000,"Shelby, TN (CT)",0,801,801,0,1969,1969
47157002100,"Shelby, TN (CT)",0,659,659,0,1192,1192
47157002400,"Shelby, TN (CT)",0,942,942,0,1839,1839
47157002500,"Shelby, TN (CT)",0,1424,1424,0,2877,2877
47157002600,"Shelby, TN (CT)",0,1381,1381,0,2511,2511
47157002700,"Shelby, TN (CT)",0,864,864,0,2018,2018
47157002800,"Shelby, TN (CT)",0,1800,1800,0,3762,3762
47157002900,"Shelby, TN (CT)",0,2464,2464,0,4637,4637
47157003000,"Shelby, TN (CT)",0,1575,1575,0,2938,2938
47157003100,"Shelby, TN (CT)",0,1932,1932,0,3410,3410
47157003200,"Shelby, TN (CT)",0,2595,2595,0,3856,3856
47157003300,"Shelby, TN (CT)",0,1213,1213,0,2141,2141
47157003400,"Shelby, TN (CT)",0,1435,1435,0,2099,2099
47157003500,"Shelby, TN (CT)",0,1706,1706,0,2996,2996
47157003600,"Shelby, TN (CT)",0,1375,1375,0,2039,2039
47157003700,"Shelby, TN (CT)",0,989,989,0,1345,1345
47157003800,"Shelby, TN (CT)",0,888,888,0,1048,1048
47157003900,"Shelby, TN (CT)",0,874,874,0,1184,1184
47157004200,"Shelby, TN (CT)",0,2131,2131,0,2348,2348
47157004300,"Shelby, TN (CT)",0,1100,1100,0,1353,1353
47157004500,"Shelby, TN (CT)",0,398,398,0,956,956
47157004600,"Shelby, TN (CT)",0,742,742,0,1498,1498
47157005000,"Shelby, TN (CT)",0,531,531,0,1074,1074
47157005300,"Shelby, TN (CT)",0,1912,1912,0,3945,3945
47157005500,"Shelby, TN (CT)",0,1432,1432,0,2731,2731
47157005600,"Shelby, TN (CT)",0,1825,1825,0,3802,3802
47157005700,"Shelby, TN (CT)",0,1223,1223,0,2633,2633
47157005800,"Shelby, TN (CT)",0,640,640,0,1235,1235
47157005900,"Shelby, TN (CT)",0,1304,1304,0,2730,2730
47157006000,"Shelby, TN (CT)",0,1001,1001,0,2030,2030
47157006200,"Shelby, TN (CT)",0,1090,1090,0,2242,2242
47157006300,"Shelby, TN (CT)",0,1318,1318,0,2405,2405
47157006400,"Shelby, TN (CT)",0,827,827,0,1585,1585
47157006500,"Shelby, TN (CT)",0,1244,1244,0,2747,2747
47157006600,"Shelby, TN (CT)",0,1350,1350,0,2286,2286
47157006700,"Shelby, TN (CT)",0,1803,1803,0,3559,3559
47157006800,"Shelby, TN (CT)",0,1235,1235,0,2538,2538
47157006900,"Shelby, TN (CT)",0,1272,1272,0,3011,3011
47157007000,"Shelby, TN (CT)",0,1726,1726,0,3324,3324
47157007100,"Shelby, TN (CT)",0,1176,1176,0,2549,2549
47157007200,"Shelby, TN (CT)",0,1422,1422,0,2322,2322
47157007300,"Shelby, TN (CT)",0,1758,1758,0,4127,4127
47157007400,"Shelby, TN (CT)",0,1620,1620,0,3094,3094
47157007500,"Shelby, TN (CT)",0,667,667,0,1581,1581
47157007810,"Shelby, TN (CT)",0,1486,1486,0,2802,2802
47157007821,"Shelby, TN (CT)",0,2602,2602,0,5903,5903
47157007822,"Shelby, TN (CT)",0,739,739,0,1681,1681
47157007900,"Shelby, TN (CT)",0,2669,2669,0,5528,5528
47157008000,"Shelby, TN (CT)",0,2338,2338,0,5174,5174
47157008110,"Shelby, TN (CT)",0,1413,1413,0,2725,2725
47157008120,"Shelby, TN (CT)",0,2220,2220,0,4393,4393
47157008200,"Shelby, TN (CT)",0,1971,1971,0,4840,4840
47157008500,"Shelby, TN (CT)",0,1940,1940,0,4116,4116
47157008600,"Shelby, TN (CT)",0,2682,2682,0,5886,5886
47157008700,"Shelby, TN (CT)",0,2170,2170,0,4768,4768
47157008800,"Shelby, TN (CT)",0,2509,2509,0,6854,6854
47157008900,"Shelby, TN (CT)",0,1707,1707,0,4078,4078
47157009100,"Shelby, TN (CT)",0,971,971,0,2567,2567
47157009200,"Shelby, TN (CT)",0,3341,3341,0,7200,7200
47157009300,"Shelby, TN (CT)",0,2360,2360,0,4495,4495
47157009400,"Shelby, TN (CT)",0,1712,1712,0,3128,3128
47157009500,"Shelby, TN (CT)",0,3175,3175,0,6346,6346
47157009600,"Shelby, TN (CT)",0,2089,2089,0,4830,4830
47157009700,"Shelby, TN (CT)",0,1100,1100,0,2908,2908
47157009800,"Shelby, TN (CT)",0,1332,1332,0,3110,3110
47157009901,"Shelby, TN (CT)",148,1509,1657,271,3512,3783
47157009902,"Shelby, TN (CT)",0,1344,1344,0,2851,2851
47157010000,"Shelby, TN (CT)",0,2789,2789,0,7653,7653
47157010110,"Shelby, TN (CT)",0,2905,2905,0,7191,7191
47157010120,"Shelby, TN (CT)",0,2373,2373,0,5399,5399
47157010210,"Shelby, TN (CT)",0,2139,2139,0,5706,5706
47157010220,"Shelby, TN (CT)",0,2785,2785,0,6810,6810
47157010300,"Shelby, TN (CT)",0,614,614,0,1478,1478
47157010500,"Shelby, TN (CT)",0,1290,1290,0,2413,2413
47157010610,"Shelby, TN (CT)",0,2358,2358,0,7051,7051
47157010620,"Shelby, TN (CT)",0,1565,1565,0,4026,4026
47157010630,"Shelby, TN (CT)",0,1905,1905,0,4452,4452
47157010710,"Shelby, TN (CT)",0,1621,1621,0,4831,4831
47157010720,"Shelby, TN (CT)",0,1620,1620,0,3206,3206
47157010810,"Shelby, TN (CT)",0,2296,2296,0,5865,5865
47157010820,"Shelby, TN (CT)",0,1624,1624,0,4146,4146
47157011010,"Shelby, TN (CT)",0,1595,1595,0,4116,4116
47157011020,"Shelby, TN (CT)",0,1015,1015,0,1615,1615
47157011100,"Shelby, TN (CT)",0,934,934,0,1892,1892
47157011200,"Shelby, TN (CT)",0,986,986,0,1720,1720
47157011300,"Shelby, TN (CT)",0,951,951,0,1850,1850
47157011400,"Shelby, TN (CT)",0,1832,1832,0,5954,5954
47157011500,"Shelby, TN (CT)",0,1449,1449,0,2914,2914
47157011600,"Shelby, TN (CT)",0,1145,1145,0,2743,2743
47157011700,"Shelby, TN (CT)",0,671,671,0,1693,1693
47157011800,"Shelby, TN (CT)",0,2248,2248,0,5645,5645
47157020101,"Shelby, TN (CT)",519,1301,1820,1169,3507,4676
47157020102,"Shelby, TN (CT)",1254,0,1254,3084,0,3084
47157020210,"Shelby, TN (CT)",726,1719,2445,1848,4444,6292
47157020221,"Shelby, TN (CT)",635,560,1195,1411,1417,2828
47157020222,"Shelby, TN (CT)",250,935,1185,720,2816,3536
47157020300,"Shelby, TN (CT)",224,2345,2569,482,4911,5393
47157020400,"Shelby, TN (CT)",1,353,354,2,1116,1118
47157020511,"Shelby, TN (CT)",0,846,846,0,2128,2128
47157020512,"Shelby, TN (CT)",0,3104,3104,0,5837,5837
47157020521,"Shelby, TN (CT)",0,1365,1365,0,3693,3693
47157020523,"Shelby, TN (CT)",0,1473,1473,0,3547,3547
47157020524,"Shelby, TN (CT)",0,1733,1733,0,4909,4909
47157020531,"Shelby, TN (CT)",52,1809,1861,136,5667,5803
47157020532,"Shelby, TN (CT)",11,2489,2500,29,6261,6290
47157020541,"Shelby, TN (CT)",0,1935,1935,0,5158,5158
47157020542,"Shelby, TN (CT)",0,2500,2500,0,5313,5313
47157020610,"Shelby, TN (CT)",0,1871,1871,0,4164,4164
47157020621,"Shelby, TN (CT)",0,3053,3053,0,7124,7124
47157020622,"Shelby, TN (CT)",0,1719,1719,0,4026,4026
47157020632,"Shelby, TN (CT)",0,2007,2007,0,5522,5522
47157020633,"Shelby, TN (CT)",0,1263,1263,0,3347,3347
47157020634,"Shelby, TN (CT)",0,1188,1188,0,2912,2912
47157020635,"Shelby, TN (CT)",0,1022,1022,0,2840,2840
47157020642,"Shelby, TN (CT)",239,3088,3327,628,9447,10075
47157020643,"Shelby, TN (CT)",0,3209,3209,0,8492,8492
47157020644,"Shelby, TN (CT)",10,3568,3578,29,9440,9469
47157020651,"Shelby, TN (CT)",0,2555,2555,0,6442,6442
47157020652,"Shelby, TN (CT)",0,2128,2128,0,5340,5340
47157020700,"Shelby, TN (CT)",961,18,979,2535,49,2584
47157020810,"Shelby, TN (CT)",1211,0,1211,3274,0,3274
47157020820,"Shelby, TN (CT)",726,2232,2958,2110,6096,8206
47157020831,"Shelby, TN (CT)",0,1661,1661,0,3889,3889
47157020832,"Shelby, TN (CT)",26,2903,2929,64,8329,8393
47157020900,"Shelby, TN (CT)",114,3019,3133,293,9593,9886
47157021010,"Shelby, TN (CT)",881,5072,5953,2484,12428,14912
47157021020,"Shelby, TN (CT)",1019,1233,2252,2809,3396,6205
47157021111,"Shelby, TN (CT)",0,1677,1677,0,3713,3713
47157021112,"Shelby, TN (CT)",0,2545,2545,0,6724,6724
47157021113,"Shelby, TN (CT)",0,1464,1464,0,3877,3877
47157021121,"Shelby, TN (CT)",0,2693,2693,0,4901,4901
47157021122,"Shelby, TN (CT)",0,2440,2440,0,5626,5626
47157021124,"Shelby, TN (CT)",0,3219,3219,0,7801,7801
47157021125,"Shelby, TN (CT)",0,2016,2016,0,4375,4375
47157021126,"Shelby, TN (CT)",0,2085,2085,0,4070,4070
47157021135,"Shelby, TN (CT)",0,2901,2901,0,6334,6334
47157021136,"Shelby, TN (CT)",0,1861,1861,0,4925,4925
47157021137,"Shelby, TN (CT)",0,3548,3548,0,8037,8037
47157021138,"Shelby, TN (CT)",0,1391,1391,0,3387,3387
47157021139,"Shelby, TN (CT)",157,1324,1481,459,3804,4263
47157021140,"Shelby, TN (CT)",0,2152,2152,0,4787,4787
47157021141,"Shelby, TN (CT)",0,2919,2919,0,7301,7301
47157021142,"Shelby, TN (CT)",0,1756,1756,0,3440,3440
47157021200,"Shelby, TN (CT)",0,3,3,0,4526,4526
47157021311,"Shelby, TN (CT)",0,2332,2332,0,4778,4778
47157021312,"Shelby, TN (CT)",0,1313,1313,0,2206,2206
47157021320,"Shelby, TN (CT)",0,2661,2661,0,5924,5924
47157021331,"Shelby, TN (CT)",0,1401,1401,0,3247,3247
47157021333,"Shelby, TN (CT)",0,1681,1681,0,3993,3993
47157021334,"Shelby, TN (CT)",0,1757,1757,0,3710,3710
47157021341,"Shelby, TN (CT)",0,1985,1985,0,5055,5055
47157021342,"Shelby, TN (CT)",0,4306,4306,0,9004,9004
47157021351,"Shelby, TN (CT)",0,2256,2256,0,4726,4726
47157021352,"Shelby, TN (CT)",0,2545,2545,0,6867,6867
47157021353,"Shelby, TN (CT)",0,3134,3134,0,9295,9295
47157021410,"Shelby, TN (CT)",0,1267,1267,0,2890,2890
47157021420,"Shelby, TN (CT)",0,1383,1383,0,3244,3244
47157021430,"Shelby, TN (CT)",0,1932,1932,0,4138,4138
47157021510,"Shelby, TN (CT)",35,3648,3683,60,7932,7992
47157021520,"Shelby, TN (CT)",305,3906,4211,809,9401,10210
47157021530,"Shelby, TN (CT)",0,1889,1889,0,5361,5361
47157021540,"Shelby, TN (CT)",15,3777,3792,43,11431,11474
47157021611,"Shelby, TN (CT)",0,2202,2202,0,6111,6111
47157021612,"Shelby, TN (CT)",0,1609,1609,0,4599,4599
47157021613,"Shelby, TN (CT)",0,1542,1542,0,4644,4644
47157021620,"Shelby, TN (CT)",28,1202,1230,59,3030,3089
47157021710,"Shelby, TN (CT)",0,1364,1364,0,3114,3114
47157021721,"Shelby, TN (CT)",0,2230,2230,0,3974,3974
47157021724,"Shelby, TN (CT)",0,939,939,0,2312,2312
47157021725,"Shelby, TN (CT)",0,2512,2512,0,4073,4073
47157021726,"Shelby, TN (CT)",0,2566,2566,0,4156,4156
47157021731,"Shelby, TN (CT)",0,1229,1229,0,2845,2845
47157021732,"Shelby, TN (CT)",0,2788,2788,0,6966,6966
47157021741,"Shelby, TN (CT)",0,2742,2742,0,7888,7888
47157021744,"Shelby, TN (CT)",0,2056,2056,0,5879,5879
47157021745,"Shelby, TN (CT)",0,2756,2756,0,7718,7718
47157021746,"Shelby, TN (CT)",0,1916,1916,0,4588,4588
47157021747,"Shelby, TN (CT)",0,1358,1358,0,4035,4035
47157021751,"Shelby, TN (CT)",0,2408,2408,0,7066,7066
47157021752,"Shelby, TN (CT)",0,1794,1794,0,4661,4661
47157021753,"Shelby, TN (CT)",0,1198,1198,0,3323,3323
47157021754,"Shelby, TN (CT)",0,1679,1679,0,4736,4736
47157021900,"Shelby, TN (CT)",89,1813,1902,231,4800,5031
47157022022,"Shelby, TN (CT)",0,2681,2681,0,3377,3377
47157022023,"Shelby, TN (CT)",0,1639,1639,0,2757,2757
47157022024,"Shelby, TN (CT)",0,1570,1570,0,3490,3490
47157022111,"Shelby, TN (CT)",0,2440,2440,0,5742,5742
47157022112,"Shelby, TN (CT)",0,2561,2561,0,6014,6014
47157022121,"Shelby, TN (CT)",0,1712,1712,0,4436,4436
47157022122,"Shelby, TN (CT)",0,1835,1835,0,3995,3995
47157022130,"Shelby, TN (CT)",0,2232,2232,0,5920,5920
47157022210,"Shelby, TN (CT)",274,1499,1773,521,4094,4615
47157022220,"Shelby, TN (CT)",0,1788,1788,0,4099,4099
47157022310,"Shelby, TN (CT)",0,2162,2162,0,5520,5520
47157022321,"Shelby, TN (CT)",0,1595,1595,0,4052,4052
47157022322,"Shelby, TN (CT)",0,1633,1633,0,4197,4197
47157022330,"Shelby, TN (CT)",0,1732,1732,0,4744,4744
47157022410,"Shelby, TN (CT)",0,2450,2450,0,6011,6011
47157022500,"Shelby, TN (CT)",0,2003,2003,0,4641,4641
47157022600,"Shelby, TN (CT)",17,1745,1762,25,3856,3881
47157022700,"Shelby, TN (CT)",0,2697,2697,0,7166,7166
47157980100,"Shelby, TN (CT)",0,1,1,0,63,63
47157980200,"Shelby, TN (CT)",1,0,1,3,0,3
47157980300,"Shelby, TN (CT)",0,0,0,0,0,0
47157980400,"Shelby, TN (CT)",9,0,9,13,280,293
47159975000,"Smith, TN (CT)",1840,0,1840,3996,0,3996
47159975100,"Smith, TN (CT)",309,1021,1330,691,2250,2941
47159975200,"Smith, TN (CT)",1925,485,2410,4602,1032,5634
47159975300,"Smith, TN (CT)",992,0,992,2132,0,2132
47159975400,"Smith, TN (CT)",1957,0,1957,4463,0,4463
47161110200,"Stewart, TN (CT)",2975,0,2975,6544,0,6544
47161110600,"Stewart, TN (CT)",1261,0,1261,2547,0,2547
47161110700,"Stewart, TN (CT)",2542,0,2542,4233,0,4233
47161980100,"Stewart, TN (CT)",0,0,0,0,0,0
47161980200,"Stewart, TN (CT)",0,0,0,0,0,0
47163040200,"Sullivan, TN (CT)",0,1384,1384,0,2575,2575
47163040300,"Sullivan, TN (CT)",0,1494,1494,0,2656,2656
47163040500,"Sullivan, TN (CT)",0,2115,2115,0,4264,4264
47163040600,"Sullivan, TN (CT)",0,1729,1729,0,3356,3356
47163040700,"Sullivan, TN (CT)",0,1241,1241,0,2587,2587
47163040800,"Sullivan, TN (CT)",0,1759,1759,0,3633,3633
47163040900,"Sullivan, TN (CT)",0,1529,1529,0,3229,3229
47163041000,"Sullivan, TN (CT)",72,1638,1710,157,3895,4052
47163041100,"Sullivan, TN (CT)",0,1253,1253,0,2375,2375
47163041200,"Sullivan, TN (CT)",0,2961,2961,0,6526,6526
47163041300,"Sullivan, TN (CT)",1090,789,1879,2493,1775,4268
47163041400,"Sullivan, TN (CT)",1126,1470,2596,2475,3053,5528
47163041500,"Sullivan, TN (CT)",0,1289,1289,0,2609,2609
47163041600,"Sullivan, TN (CT)",0,1243,1243,0,2617,2617
47163041700,"Sullivan, TN (CT)",0,1653,1653,0,3393,3393
47163041800,"Sullivan, TN (CT)",0,2526,2526,0,4880,4880
47163041900,"Sullivan, TN (CT)",0,1524,1524,0,3221,3221
47163042000,"Sullivan, TN (CT)",543,1060,1603,1169,2232,3401
47163042100,"Sullivan, TN (CT)",241,2512,2753,498,5177,5675
47163042200,"Sullivan, TN (CT)",606,789,1395,1382,1817,3199
47163042300,"Sullivan, TN (CT)",485,2487,2972,1042,5738,6780
47163042400,"Sullivan, TN (CT)",1463,91,1554,3216,199,3415
47163042500,"Sullivan, TN (CT)",464,1140,1604,1086,2443,3529
47163042600,"Sullivan, TN (CT)",233,1792,2025,415,3697,4112
47163042701,"Sullivan, TN (CT)",6,2605,2611,14,4934,4948
47163042702,"Sullivan, TN (CT)",0,1025,1025,0,2103,2103
47163042801,"Sullivan, TN (CT)",0,1219,1219,0,2657,2657
47163042802,"Sullivan, TN (CT)",0,2121,2121,0,4813,4813
47163042900,"Sullivan, TN (CT)",12,1860,1872,34,4035,4069
47163043000,"Sullivan, TN (CT)",456,1649,2105,894,3798,4692
47163043100,"Sullivan, TN (CT)",1328,156,1484,2740,340,3080
47163043201,"Sullivan, TN (CT)",1115,664,1779,2521,1581,4102
47163043202,"Sullivan, TN (CT)",2019,248,2267,4417,550,4967
47163043301,"Sullivan, TN (CT)",1870,661,2531,3728,1554,5282
47163043302,"Sullivan, TN (CT)",1533,1220,2753,3288,2617,5905
47163043401,"Sullivan, TN (CT)",1779,618,2397,3814,1328,5142
47163043402,"Sullivan, TN (CT)",564,1517,2081,1016,3652,4668
47163043500,"Sullivan, TN (CT)",1650,38,1688,3654,72,3726
47163043600,"Sullivan, TN (CT)",15,2021,2036,33,4756,4789
47165020101,"Sumner, TN (CT)",1307,0,1307,3322,0,3322
47165020102,"Sumner, TN (CT)",2088,0,2088,4959,0,4959
47165020203,"Sumner, TN (CT)",689,201,890,1808,542,2350
47165020204,"Sumner, TN (CT)",552,593,1145,1413,1597,3010
47165020205,"Sumner, TN (CT)",210,815,1025,512,2262,2774
47165020206,"Sumner, TN (CT)",346,163,509,901,395,1296
47165020207,"Sumner, TN (CT)",668,55,723,1593,117,1710
47165020208,"Sumner, TN (CT)",638,334,972,1497,880,2377
47165020209,"Sumner, TN (CT)",688,102,790,1637,274,1911
47165020300,"Sumner, TN (CT)",149,2003,2152,348,4752,5100
47165020403,"Sumner, TN (CT)",723,9,732,1738,34,1772
47165020404,"Sumner, TN (CT)",800,0,800,1946,0,1946
47165020405,"Sumner, TN (CT)",497,313,810,1322,718,2040
47165020406,"Sumner, TN (CT)",391,786,1177,1058,2333,3391
47165020407,"Sumner, TN (CT)",262,1284,1546,645,3423,4068
47165020501,"Sumner, TN (CT)",272,1896,2168,655,3797,4452
47165020502,"Sumner, TN (CT)",452,916,1368,1171,2309,3480
47165020503,"Sumner, TN (CT)",573,277,850,1317,615,1932
47165020601,"Sumner, TN (CT)",1175,182,1357,2798,419,3217
47165020602,"Sumner, TN (CT)",1333,234,1567,3280,611,3891
47165020603,"Sumner, TN (CT)",1018,331,1349,2315,928,3243
47165020700,"Sumner, TN (CT)",2,2199,2201,5,5218,5223
47165020800,"Sumner, TN (CT)",29,2546,2575,72,6448,6520
47165020901,"Sumner, TN (CT)",359,207,566,901,568,1469
47165020902,"Sumner, TN (CT)",22,2874,2896,61,6767,6828
47165020903,"Sumner, TN (CT)",0,1607,1607,0,3499,3499
47165021002,"Sumner, TN (CT)",682,1822,2504,1726,5118,6844
47165021004,"Sumner, TN (CT)",334,1233,1567,790,2917,3707
47165021005,"Sumner, TN (CT)",715,1682,2397,1875,4328,6203
47165021006,"Sumner, TN (CT)",685,448,1133,1831,1314,3145
47165021007,"Sumner, TN (CT)",361,259,620,1036,773,1809
47165021008,"Sumner, TN (CT)",52,1208,1260,130,3595,3725
47165021009,"Sumner, TN (CT)",1,2301,2302,1,5297,5298
47165021103,"Sumner, TN (CT)",0,2253,2253,0,5762,5762
47165021104,"Sumner, TN (CT)",0,809,809,0,2021,2021
47165021105,"Sumner, TN (CT)",0,3043,3043,0,6629,6629
47165021106,"Sumner, TN (CT)",0,2069,2069,0,3882,3882
47165021107,"Sumner, TN (CT)",0,2105,2105,0,4228,4228
47165021201,"Sumner, TN (CT)",0,2404,2404,0,6666,6666
47165021203,"Sumner, TN (CT)",50,2001,2051,129,4733,4862
47165021204,"Sumner, TN (CT)",0,3136,3136,0,7434,7434
47165021205,"Sumner, TN (CT)",0,1145,1145,0,2650,2650
47167040100,"Tipton, TN (CT)",1946,0,1946,5098,0,5098
47167040200,"Tipton, TN (CT)",868,0,868,2119,0,2119
47167040302,"Tipton, TN (CT)",338,2685,3023,922,8026,8948
47167040303,"Tipton, TN (CT)",698,1729,2427,1757,4557,6314
47167040304,"Tipton, TN (CT)",1585,950,2535,4202,2440,6642
47167040400,"Tipton, TN (CT)",1308,0,1308,3105,0,3105
47167040500,"Tipton, TN (CT)",1004,1312,2316,2636,3809,6445
47167040601,"Tipton, TN (CT)",961,941,1902,2332,2569,4901
47167040602,"Tipton, TN (CT)",938,354,1292,2365,797,3162
47167040700,"Tipton, TN (CT)",0,2263,2263,0,5212,5212
47167040800,"Tipton, TN (CT)",1563,0,1563,4208,0,4208
47167040900,"Tipton, TN (CT)",683,0,683,1640,0,1640
47167041000,"Tipton, TN (CT)",1073,0,1073,3287,0,3287
47169090100,"Trousdale, TN (CT)",2238,0,2238,5390,0,5390
47169090200,"Trousdale, TN (CT)",1130,0,1130,2480,0,2480
47171080100,"Unicoi, TN (CT)",1294,157,1451,2249,419,2668
47171080200,"Unicoi, TN (CT)",866,2046,2912,1829,4566,6395
47171080300,"Unicoi, TN (CT)",1959,484,2443,4102,1036,5138
47171080400,"Unicoi, TN (CT)",0,2024,2024,0,4112,4112
47173040100,"Union, TN (CT)",3042,0,3042,7040,0,7040
47173040201,"Union, TN (CT)",1666,0,1666,3886,0,3886
47173040202,"Union, TN (CT)",2810,0,2810,5817,0,5817
47173040300,"Union, TN (CT)",1440,0,1440,2366,0,2366
47175925000,"Van Buren, TN (CT)",1154,0,1154,2367,0,2367
47175925200,"Van Buren, TN (CT)",1509,0,1509,3181,0,3181
47177930100,"Warren, TN (CT)",1606,0,1606,3579,0,3579
47177930200,"Warren, TN (CT)",2773,0,2773,6436,0,6436
47177930300,"Warren, TN (CT)",1117,0,1117,2512,0,2512
47177930400,"Warren, TN (CT)",427,2398,2825,990,5023,6013
47177930500,"Warren, TN (CT)",157,2025,2182,337,4772,5109
47177930600,"Warren, TN (CT)",701,1150,1851,1502,2206,3708
47177930700,"Warren, TN (CT)",668,1392,2060,1613,2972,4585
47177930800,"Warren, TN (CT)",2418,170,2588,5678,413,6091
47177930900,"Warren, TN (CT)",819,0,819,1806,0,1806
47179060100,"Washington, TN (CT)",0,1846,1846,0,3296,3296
47179060400,"Washington, TN (CT)",0,3182,3182,0,5977,5977
47179060501,"Washington, TN (CT)",0,2267,2267,0,4622,4622
47179060502,"Washington, TN (CT)",401,2438,2839,904,5088,5992
47179060600,"Washington, TN (CT)",73,3272,3345,167,6878,7045
47179060700,"Washington, TN (CT)",0,0,0,0,2107,2107
47179060800,"Washington, TN (CT)",0,1645,1645,0,2923,2923
47179060900,"Washington, TN (CT)",0,2759,2759,0,5852,5852
47179061000,"Washington, TN (CT)",0,1284,1284,0,2632,2632
47179061100,"Washington, TN (CT)",0,2291,2291,0,4468,4468
47179061200,"Washington, TN (CT)",799,880,1679,1590,1709,3299
47179061300,"Washington, TN (CT)",52,4020,4072,59,8003,8062
47179061401,"Washington, TN (CT)",0,2536,2536,0,5135,5135
47179061402,"Washington, TN (CT)",295,2723,3018,690,5828,6518
47179061500,"Washington, TN (CT)",374,2866,3240,906,6049,6955
47179061601,"Washington, TN (CT)",1232,418,1650,2950,1004,3954
47179061602,"Washington, TN (CT)",2966,823,3789,6602,2243,8845
47179061701,"Washington, TN (CT)",840,1518,2358,1908,4036,5944
47179061702,"Washington, TN (CT)",538,2717,3255,1194,5800,6994
47179061800,"Washington, TN (CT)",2618,374,2992,5871,904,6775
47179061901,"Washington, TN (CT)",2665,389,3054,5759,993,6752
47179061902,"Washington, TN (CT)",1678,406,2084,3893,967,4860
47179062000,"Washington, TN (CT)",0,2069,2069,0,3972,3972
47181950100,"Wayne, TN (CT)",1541,0,1541,4559,0,4559
47181950200,"Wayne, TN (CT)",2602,0,2602,5603,0,5603
47181950300,"Wayne, TN (CT)",1681,0,1681,3782,0,3782
47181950400,"Wayne, TN (CT)",1463,0,1463,3077,0,3077
47183968000,"Weakley, TN (CT)",566,0,566,1177,0,1177
47183968101,"Weakley, TN (CT)",124,1623,1747,301,3424,3725
47183968102,"Weakley, TN (CT)",620,179,799,1433,423,1856
47183968201,"Weakley, TN (CT)",1289,838,2127,2566,1938,4504
47183968202,"Weakley, TN (CT)",0,432,432,0,2685,2685
47183968203,"Weakley, TN (CT)",69,1504,1573,124,2927,3051
47183968300,"Weakley, TN (CT)",1089,0,1089,2322,0,2322
47183968400,"Weakley, TN (CT)",2636,0,2636,5894,0,5894
47183968500,"Weakley, TN (CT)",2035,77,2112,4455,158,4613
47183968600,"Weakley, TN (CT)",1692,0,1692,3710,0,3710
47183968700,"Weakley, TN (CT)",722,0,722,1484,0,1484
47185935000,"White, TN (CT)",1843,0,1843,4205,0,4205
47185935100,"White, TN (CT)",2108,190,2298,4723,425,5148
47185935200,"White, TN (CT)",1802,0,1802,4166,0,4166
47185935300,"White, TN (CT)",1350,971,2321,3165,2168,5333
47185935400,"White, TN (CT)",487,1211,1698,1048,2604,3652
47185935500,"White, TN (CT)",1350,199,1549,2894,443,3337
47187050101,"Williamson, TN (CT)",273,2155,2428,815,6871,7686
47187050102,"Williamson, TN (CT)",199,1048,1247,533,3298,3831
47187050103,"Williamson, TN (CT)",1627,0,1627,4011,0,4011
47187050203,"Williamson, TN (CT)",0,1765,1765,0,5647,5647
47187050204,"Williamson, TN (CT)",0,1543,1543,0,4833,4833
47187050205,"Williamson, TN (CT)",0,1160,1160,0,3344,3344
47187050206,"Williamson, TN (CT)",0,889,889,0,2858,2858
47187050207,"Williamson, TN (CT)",0,1122,1122,0,3510,3510
47187050208,"Williamson, TN (CT)",0,2766,2766,0,6192,6192
47187050303,"Williamson, TN (CT)",0,994,994,0,2734,2734
47187050304,"Williamson, TN (CT)",0,865,865,0,1930,1930
47187050305,"Williamson, TN (CT)",58,802,860,117,2245,2362
47187050306,"Williamson, TN (CT)",0,668,668,0,1657,1657
47187050307,"Williamson, TN (CT)",0,1856,1856,0,3065,3065
47187050403,"Williamson, TN (CT)",404,316,720,1099,868,1967
47187050404,"Williamson, TN (CT)",488,1725,2213,1445,5030,6475
47187050405,"Williamson, TN (CT)",614,275,889,1673,810,2483
47187050406,"Williamson, TN (CT)",665,1072,1737,1873,3279,5152
47187050502,"Williamson, TN (CT)",1469,170,1639,3485,417,3902
47187050503,"Williamson, TN (CT)",946,859,1805,2307,2263,4570
47187050504,"Williamson, TN (CT)",175,1313,1488,453,3693,4146
47187050601,"Williamson, TN (CT)",145,2048,2193,428,5251,5679
47187050602,"Williamson, TN (CT)",676,2628,3304,1687,6771,8458
47187050701,"Williamson, TN (CT)",0,1632,1632,0,4265,4265
47187050702,"Williamson, TN (CT)",202,1200,1402,531,3473,4004
47187050800,"Williamson, TN (CT)",0,2618,2618,0,6321,6321
47187050904,"Williamson, TN (CT)",0,1908,1908,0,4954,4954
47187050905,"Williamson, TN (CT)",0,2530,2530,0,5697,5697
47187050906,"Williamson, TN (CT)",0,2042,2042,0,5356,5356
47187050907,"Williamson, TN (CT)",0,2157,2157,0,4973,4973
47187050908,"Williamson, TN (CT)",0,1185,1185,0,3491,3491
47187050909,"Williamson, TN (CT)",634,498,1132,1800,1500,3300
47187051001,"Williamson, TN (CT)",272,1754,2026,697,5088,5785
47187051002,"Williamson, TN (CT)",769,1416,2185,1926,3590,5516
47187051100,"Williamson, TN (CT)",2272,1,2273,5581,2,5583
47187051201,"Williamson, TN (CT)",1762,486,2248,4193,1489,5682
47187051202,"Williamson, TN (CT)",312,7070,7382,858,20905,21763
47189030101,"Wilson, TN (CT)",1727,1354,3081,4048,3373,7421
47189030102,"Wilson, TN (CT)",2504,69,2573,6473,167,6640
47189030202,"Wilson, TN (CT)",921,1193,2114,2352,3121,5473
47189030203,"Wilson, TN (CT)",764,841,1605,1960,2366,4326
47189030204,"Wilson, TN (CT)",2153,393,2546,5467,870,6337
47189030303,"Wilson, TN (CT)",0,1683,1683,0,4394,4394
47189030304,"Wilson, TN (CT)",0,2474,2474,0,6425,6425
47189030305,"Wilson, TN (CT)",0,2119,2119,0,5367,5367
47189030307,"Wilson, TN (CT)",184,2584,2768,515,6620,7135
47189030308,"Wilson, TN (CT)",0,1586,1586,0,4819,4819
47189030309,"Wilson, TN (CT)",65,1811,1876,159,4975,5134
47189030401,"Wilson, TN (CT)",0,968,968,0,2267,2267
47189030402,"Wilson, TN (CT)",0,1731,1731,0,3951,3951
47189030500,"Wilson, TN (CT)",32,2638,2670,74,6181,6255
47189030600,"Wilson, TN (CT)",0,1809,1809,0,4041,4041
47189030700,"Wilson, TN (CT)",86,1260,1346,178,3205,3383
47189030800,"Wilson, TN (CT)",1979,351,2330,4865,922,5787
47189030901,"Wilson, TN (CT)",1388,2483,3871,3627,5945,9572
47189030903,"Wilson, TN (CT)",1905,624,2529,4947,1134,6081
47189030904,"Wilson, TN (CT)",1498,0,1498,3523,0,3523
47189031000,"Wilson, TN (CT)",2391,0,2391,5662,0,5662
48001950100,"Anderson, TX (CT)",2286,0,2286,4685,0,4685
48001950401,"Anderson, TX (CT)",101,0,101,5422,0,5422
48001950402,"Anderson, TX (CT)",110,0,110,7535,0,7535
48001950500,"Anderson, TX (CT)",128,1683,1811,261,4116,4377
48001950600,"Anderson, TX (CT)",87,2424,2511,181,6224,6405
48001950700,"Anderson, TX (CT)",0,1102,1102,0,2640,2640
48001950800,"Anderson, TX (CT)",84,2344,2428,195,5051,5246
48001950901,"Anderson, TX (CT)",1895,193,2088,5515,423,5938
48001950902,"Anderson, TX (CT)",1961,380,2341,4034,800,4834
48001951000,"Anderson, TX (CT)",3171,0,3171,6988,0,6988
48001951100,"Anderson, TX (CT)",2167,0,2167,4388,0,4388
48003950100,"Andrews, TX (CT)",293,387,680,687,991,1678
48003950200,"Andrews, TX (CT)",0,2554,2554,0,6473,6473
48003950300,"Andrews, TX (CT)",0,1549,1549,0,3924,3924
48003950400,"Andrews, TX (CT)",680,351,1031,1753,958,2711
48005000101,"Angelina, TX (CT)",2405,79,2484,6074,237,6311
48005000102,"Angelina, TX (CT)",873,804,1677,2112,2335,4447
48005000200,"Angelina, TX (CT)",1796,996,2792,4230,2350,6580
48005000301,"Angelina, TX (CT)",894,1227,2121,2190,3136,5326
48005000302,"Angelina, TX (CT)",918,817,1735,2303,2310,4613
48005000400,"Angelina, TX (CT)",0,2234,2234,0,5479,5479
48005000500,"Angelina, TX (CT)",94,1715,1809,238,3768,4006
48005000600,"Angelina, TX (CT)",112,1898,2010,293,6123,6416
48005000700,"Angelina, TX (CT)",0,1200,1200,0,3292,3292
48005000800,"Angelina, TX (CT)",84,2453,2537,205,6094,6299
48005000901,"Angelina, TX (CT)",21,2749,2770,38,6304,6342
48005000902,"Angelina, TX (CT)",110,1711,1821,246,3499,3745
48005001001,"Angelina, TX (CT)",730,905,1635,2413,2964,5377
48005001002,"Angelina, TX (CT)",1054,516,1570,2792,1497,4289
48005001100,"Angelina, TX (CT)",2575,0,2575,6079,0,6079
48005001200,"Angelina, TX (CT)",2213,0,2213,2989,0,2989
48005001300,"Angelina, TX (CT)",2406,0,2406,5181,0,5181
48007950100,"Aransas, TX (CT)",1527,2921,4448,1579,3916,5495
48007950200,"Aransas, TX (CT)",0,1502,1502,0,1163,1163
48007950300,"Aransas, TX (CT)",0,3427,3427,0,6609,6609
48007950400,"Aransas, TX (CT)",0,2172,2172,0,3583,3583
48007950500,"Aransas, TX (CT)",2959,847,3806,4734,1574,6308
48007990000,"Aransas, TX (CT)",0,0,0,0,0,0
48009020100,"Archer, TX (CT)",670,399,1069,1663,997,2660
48009020200,"Archer, TX (CT)",1452,0,1452,2780,0,2780
48009020300,"Archer, TX (CT)",1586,0,1586,3614,0,3614
48011950100,"Armstrong, TX (CT)",904,0,904,1901,0,1901
48013960100,"Atascosa, TX (CT)",2183,799,2982,4945,2027,6972
48013960201,"Atascosa, TX (CT)",1509,762,2271,4256,1978,6234
48013960202,"Atascosa, TX (CT)",3397,0,3397,9342,0,9342
48013960300,"Atascosa, TX (CT)",155,1160,1315,396,3199,3595
48013960401,"Atascosa, TX (CT)",852,0,852,2294,0,2294
48013960402,"Atascosa, TX (CT)",397,2714,3111,961,6840,7801
48013960500,"Atascosa, TX (CT)",1183,0,1183,2684,0,2684
48013960600,"Atascosa, TX (CT)",1076,1444,2520,2388,3601,5989
48015760100,"Austin, TX (CT)",1087,0,1087,2400,0,2400
48015760200,"Austin, TX (CT)",1422,1008,2430,3394,2638,6032
48015760300,"Austin, TX (CT)",1715,1255,2970,4113,2924,7037
48015760400,"Austin, TX (CT)",2172,0,2172,3660,0,3660
48015760501,"Austin, TX (CT)",1497,452,1949,3131,1053,4184
48015760502,"Austin, TX (CT)",994,1324,2318,2155,2949,5104
48017950100,"Bailey, TX (CT)",910,1874,2784,2060,5105,7165
48019000101,"Bandera, TX (CT)",2149,0,2149,4330,0,4330
48019000102,"Bandera, TX (CT)",2550,0,2550,4913,0,4913
48019000200,"Bandera, TX (CT)",1898,0,1898,2726,0,2726
48019000300,"Bandera, TX (CT)",3249,0,3249,6369,0,6369
48019000400,"Bandera, TX (CT)",1715,0,1715,2147,0,2147
48021950100,"Bastrop, TX (CT)",3291,193,3484,7892,716,8608
48021950200,"Bastrop, TX (CT)",318,2607,2925,886,7069,7955
48021950300,"Bastrop, TX (CT)",4309,872,5181,10582,2345,12927
48021950400,"Bastrop, TX (CT)",493,2981,3474,1196,6788,7984
48021950501,"Bastrop, TX (CT)",1702,796,2498,4314,3694,8008
48021950502,"Bastrop, TX (CT)",2720,238,2958,5865,544,6409
48021950600,"Bastrop, TX (CT)",2565,0,2565,5184,0,5184
48021950700,"Bastrop, TX (CT)",229,1683,1912,439,3750,4189
48021950801,"Bastrop, TX (CT)",1594,517,2111,4615,1905,6520
48021950802,"Bastrop, TX (CT)",2208,0,2208,6387,0,6387
48023950300,"Baylor, TX (CT)",2665,0,2665,3726,0,3726
48025950100,"Bee, TX (CT)",1023,0,1023,2002,0,2002
48025950201,"Bee, TX (CT)",216,149,365,4722,3206,7928
48025950202,"Bee, TX (CT)",1978,306,2284,4357,702,5059
48025950300,"Bee, TX (CT)",50,2158,2208,115,4978,5093
48025950400,"Bee, TX (CT)",0,925,925,0,2006,2006
48025950500,"Bee, TX (CT)",32,2757,2789,67,7276,7343
48025950600,"Bee, TX (CT)",1055,0,1055,2430,0,2430
48027020100,"Bell, TX (CT)",2349,129,2478,5896,323,6219
48027020201,"Bell, TX (CT)",165,2184,2349,433,5584,6017
48027020202,"Bell, TX (CT)",1766,987,2753,4143,2431,6574
48027020300,"Bell, TX (CT)",367,2411,2778,1034,6804,7838
48027020401,"Bell, TX (CT)",189,1087,1276,434,2574,3008
48027020402,"Bell, TX (CT)",541,497,1038,1309,1494,2803
48027020500,"Bell, TX (CT)",0,1494,1494,0,3810,3810
48027020600,"Bell, TX (CT)",0,1137,1137,0,2574,2574
48027020701,"Bell, TX (CT)",0,857,857,0,1343,1343
48027020702,"Bell, TX (CT)",0,777,777,0,2172,2172
48027020800,"Bell, TX (CT)",196,1178,1374,498,3030,3528
48027020900,"Bell, TX (CT)",91,1008,1099,201,2797,2998
48027021000,"Bell, TX (CT)",0,2235,2235,0,4610,4610
48027021100,"Bell, TX (CT)",0,2494,2494,0,5402,5402
48027021201,"Bell, TX (CT)",0,1648,1648,0,3021,3021
48027021202,"Bell, TX (CT)",0,1740,1740,0,4130,4130
48027021203,"Bell, TX (CT)",37,1988,2025,102,4196,4298
48027021301,"Bell, TX (CT)",0,2231,2231,0,4796,4796
48027021302,"Bell, TX (CT)",0,1454,1454,0,2865,2865
48027021303,"Bell, TX (CT)",108,2495,2603,169,5984,6153
48027021400,"Bell, TX (CT)",1458,30,1488,3744,90,3834
48027021500,"Bell, TX (CT)",535,1662,2197,1317,5221,6538
48027021601,"Bell, TX (CT)",195,1744,1939,494,4586,5080
48027021602,"Bell, TX (CT)",146,527,673,325,2174,2499
48027021700,"Bell, TX (CT)",63,3053,3116,146,7192,7338
48027021800,"Bell, TX (CT)",1521,1655,3176,4008,4432,8440
48027021901,"Bell, TX (CT)",0,1422,1422,0,3463,3463
48027021903,"Bell, TX (CT)",0,2777,2777,0,8350,8350
48027021904,"Bell, TX (CT)",8,3485,3493,13,8810,8823
48027022000,"Bell, TX (CT)",590,2969,3559,1614,6338,7952
48027022101,"Bell, TX (CT)",0,2043,2043,0,4256,4256
48027022103,"Bell, TX (CT)",0,1932,1932,0,5518,5518
48027022104,"Bell, TX (CT)",0,2091,2091,0,4399,4399
48027022105,"Bell, TX (CT)",0,880,880,0,2317,2317
48027022200,"Bell, TX (CT)",0,1682,1682,0,3258,3258
48027022300,"Bell, TX (CT)",0,2028,2028,0,4010,4010
48027022401,"Bell, TX (CT)",0,2267,2267,0,5567,5567
48027022402,"Bell, TX (CT)",0,1581,1581,0,4402,4402
48027022403,"Bell, TX (CT)",0,1651,1651,0,4513,4513
48027022404,"Bell, TX (CT)",0,2473,2473,0,7400,7400
48027022405,"Bell, TX (CT)",0,939,939,0,1750,1750
48027022501,"Bell, TX (CT)",0,1525,1525,0,3423,3423
48027022502,"Bell, TX (CT)",156,3559,3715,415,9127,9542
48027022600,"Bell, TX (CT)",0,2270,2270,0,4292,4292
48027022801,"Bell, TX (CT)",0,1722,1722,0,2540,2540
48027022900,"Bell, TX (CT)",0,2064,2064,0,3672,3672
48027023000,"Bell, TX (CT)",0,2871,2871,0,7028,7028
48027023103,"Bell, TX (CT)",0,1919,1919,0,4467,4467
48027023104,"Bell, TX (CT)",0,1470,1470,0,3235,3235
48027023105,"Bell, TX (CT)",301,2830,3131,724,8081,8805
48027023106,"Bell, TX (CT)",4,3905,3909,13,9703,9716
48027023107,"Bell, TX (CT)",0,2850,2850,0,7105,7105
48027023108,"Bell, TX (CT)",0,5175,5175,0,13856,13856
48027023201,"Bell, TX (CT)",0,1021,1021,0,2684,2684
48027023202,"Bell, TX (CT)",0,1059,1059,0,5198,5198
48027023203,"Bell, TX (CT)",0,876,876,0,2909,2909
48027023204,"Bell, TX (CT)",0,825,825,0,4486,4486
48027023300,"Bell, TX (CT)",2693,57,2750,6811,155,6966
48027023402,"Bell, TX (CT)",1970,0,1970,4862,0,4862
48027023403,"Bell, TX (CT)",2331,0,2331,5400,0,5400
48027023404,"Bell, TX (CT)",1254,268,1522,3008,701,3709
48027023500,"Bell, TX (CT)",0,1247,1247,0,2155,2155
48027980001,"Bell, TX (CT)",0,0,0,0,319,319
48027980002,"Bell, TX (CT)",0,0,0,0,0,0
48027980003,"Bell, TX (CT)",1,0,1,0,0,0
48029110100,"Bexar, TX (CT)",0,1992,1992,0,3379,3379
48029110300,"Bexar, TX (CT)",0,1309,1309,0,2542,2542
48029110500,"Bexar, TX (CT)",0,849,849,0,2238,2238
48029110600,"Bexar, TX (CT)",0,1387,1387,0,7553,7553
48029110700,"Bexar, TX (CT)",0,695,695,0,1398,1398
48029110800,"Bexar, TX (CT)",0,1139,1139,0,1965,1965
48029110900,"Bexar, TX (CT)",0,240,240,0,549,549
48029111000,"Bexar, TX (CT)",0,1007,1007,0,2125,2125
48029120100,"Bexar, TX (CT)",0,926,926,0,7129,7129
48029120300,"Bexar, TX (CT)",0,3367,3367,0,7031,7031
48029120400,"Bexar, TX (CT)",0,2631,2631,0,5733,5733
48029120501,"Bexar, TX (CT)",0,3556,3556,0,8151,8151
48029120502,"Bexar, TX (CT)",0,2080,2080,0,5155,5155
48029120600,"Bexar, TX (CT)",0,3420,3420,0,5970,5970
48029120701,"Bexar, TX (CT)",0,2532,2532,0,5326,5326
48029120702,"Bexar, TX (CT)",0,2828,2828,0,4477,4477
48029120800,"Bexar, TX (CT)",0,2995,2995,0,6334,6334
48029120901,"Bexar, TX (CT)",0,1071,1071,0,2077,2077
48029120902,"Bexar, TX (CT)",0,3739,3739,0,6123,6123
48029121000,"Bexar, TX (CT)",0,3077,3077,0,7095,7095
48029121108,"Bexar, TX (CT)",0,3562,3562,0,7109,7109
48029121110,"Bexar, TX (CT)",0,1791,1791,0,4895,4895
48029121111,"Bexar, TX (CT)",0,2535,2535,0,6591,6591
48029121112,"Bexar, TX (CT)",0,2007,2007,0,3771,3771
48029121115,"Bexar, TX (CT)",0,2286,2286,0,5141,5141
48029121116,"Bexar, TX (CT)",0,2407,2407,0,4839,4839
48029121117,"Bexar, TX (CT)",0,2124,2124,0,4448,4448
48029121118,"Bexar, TX (CT)",0,2493,2493,0,5620,5620
48029121119,"Bexar, TX (CT)",0,2375,2375,0,5362,5362
48029121120,"Bexar, TX (CT)",0,2098,2098,0,5103,5103
48029121121,"Bexar, TX (CT)",0,1099,1099,0,3001,3001
48029121122,"Bexar, TX (CT)",0,2003,2003,0,5390,5390
48029121203,"Bexar, TX (CT)",0,1729,1729,0,3996,3996
48029121204,"Bexar, TX (CT)",0,4436,4436,0,7747,7747
48029121205,"Bexar, TX (CT)",0,1617,1617,0,3496,3496
48029121206,"Bexar, TX (CT)",0,2739,2739,0,7267,7267
48029121300,"Bexar, TX (CT)",0,2676,2676,0,6072,6072
48029121402,"Bexar, TX (CT)",0,1775,1775,0,5584,5584
48029121403,"Bexar, TX (CT)",0,2144,2144,0,4957,4957
48029121404,"Bexar, TX (CT)",0,2128,2128,0,4945,4945
48029121501,"Bexar, TX (CT)",0,2792,2792,0,7831,7831
48029121504,"Bexar, TX (CT)",0,2963,2963,0,6923,6923
48029121505,"Bexar, TX (CT)",0,1704,1704,0,4571,4571
48029121506,"Bexar, TX (CT)",0,1836,1836,0,5742,5742
48029121507,"Bexar, TX (CT)",0,1977,1977,0,5036,5036
48029121508,"Bexar, TX (CT)",0,1827,1827,0,5064,5064
48029121601,"Bexar, TX (CT)",0,2322,2322,0,4754,4754
48029121604,"Bexar, TX (CT)",0,2790,2790,0,7247,7247
48029121605,"Bexar, TX (CT)",0,760,760,0,1921,1921
48029121606,"Bexar, TX (CT)",0,2315,2315,0,4860,4860
48029121701,"Bexar, TX (CT)",0,1736,1736,0,3771,3771
48029121702,"Bexar, TX (CT)",0,2797,2797,0,6960,6960
48029121802,"Bexar, TX (CT)",0,2833,2833,0,8176,8176
48029121803,"Bexar, TX (CT)",0,1611,1611,0,4549,4549
48029121804,"Bexar, TX (CT)",0,2555,2555,0,6353,6353
48029121808,"Bexar, TX (CT)",0,1117,1117,0,3436,3436
48029121809,"Bexar, TX (CT)",0,1911,1911,0,4982,4982
48029121810,"Bexar, TX (CT)",0,1514,1514,0,4387,4387
48029121811,"Bexar, TX (CT)",0,1485,1485,0,4476,4476
48029121812,"Bexar, TX (CT)",0,2140,2140,0,6028,6028
48029121813,"Bexar, TX (CT)",0,596,596,0,1637,1637
48029121903,"Bexar, TX (CT)",0,1772,1772,0,4765,4765
48029121904,"Bexar, TX (CT)",0,1151,1151,0,3564,3564
48029121905,"Bexar, TX (CT)",0,2160,2160,0,5776,5776
48029121906,"Bexar, TX (CT)",0,2287,2287,0,5561,5561
48029121907,"Bexar, TX (CT)",600,2722,3322,1562,7767,9329
48029121908,"Bexar, TX (CT)",314,557,871,793,1681,2474
48029121909,"Bexar, TX (CT)",2,1779,1781,5,4505,4510
48029121910,"Bexar, TX (CT)",487,1199,1686,1142,3594,4736
48029130200,"Bexar, TX (CT)",0,684,684,0,1755,1755
48029130300,"Bexar, TX (CT)",0,1211,1211,0,3303,3303
48029130401,"Bexar, TX (CT)",0,1456,1456,0,4107,4107
48029130402,"Bexar, TX (CT)",0,1436,1436,0,3972,3972
48029130500,"Bexar, TX (CT)",0,1686,1686,0,4146,4146
48029130600,"Bexar, TX (CT)",0,1817,1817,0,4595,4595
48029130700,"Bexar, TX (CT)",0,660,660,0,1728,1728
48029130800,"Bexar, TX (CT)",0,2137,2137,0,4848,4848
48029130900,"Bexar, TX (CT)",0,1836,1836,0,4689,4689
48029131000,"Bexar, TX (CT)",0,1956,1956,0,5066,5066
48029131100,"Bexar, TX (CT)",0,940,940,0,2438,2438
48029131200,"Bexar, TX (CT)",0,1333,1333,0,3361,3361
48029131300,"Bexar, TX (CT)",0,2199,2199,0,5559,5559
48029131401,"Bexar, TX (CT)",44,2276,2320,130,6502,6632
48029131402,"Bexar, TX (CT)",64,882,946,117,2505,2622
48029131503,"Bexar, TX (CT)",0,1286,1286,0,3146,3146
48029131504,"Bexar, TX (CT)",0,1441,1441,0,4113,4113
48029131505,"Bexar, TX (CT)",0,1074,1074,0,3567,3567
48029131506,"Bexar, TX (CT)",50,1128,1178,134,3336,3470
48029131507,"Bexar, TX (CT)",0,2001,2001,0,6136,6136
48029131601,"Bexar, TX (CT)",649,363,1012,1558,960,2518
48029131606,"Bexar, TX (CT)",75,1602,1677,193,4702,4895
48029131608,"Bexar, TX (CT)",0,1874,1874,0,4789,4789
48029131609,"Bexar, TX (CT)",0,2719,2719,0,8136,8136
48029131610,"Bexar, TX (CT)",0,1731,1731,0,5436,5436
48029131611,"Bexar, TX (CT)",0,453,453,0,1197,1197
48029131612,"Bexar, TX (CT)",0,497,497,0,1512,1512
48029131613,"Bexar, TX (CT)",0,1740,1740,0,5262,5262
48029131614,"Bexar, TX (CT)",0,1278,1278,0,3707,3707
48029131615,"Bexar, TX (CT)",2,2909,2911,4,7796,7800
48029131700,"Bexar, TX (CT)",8,326,334,0,1241,1241
48029131801,"Bexar, TX (CT)",1070,0,1070,2627,0,2627
48029131802,"Bexar, TX (CT)",1901,207,2108,4905,581,5486
48029140100,"Bexar, TX (CT)",0,654,654,0,1645,1645
48029140200,"Bexar, TX (CT)",0,1156,1156,0,3033,3033
48029140300,"Bexar, TX (CT)",0,1213,1213,0,3358,3358
48029140400,"Bexar, TX (CT)",0,1423,1423,0,3824,3824
48029140500,"Bexar, TX (CT)",0,1553,1553,0,4042,4042
48029140600,"Bexar, TX (CT)",0,898,898,0,2632,2632
48029140700,"Bexar, TX (CT)",0,2060,2060,0,4734,4734
48029140800,"Bexar, TX (CT)",0,1881,1881,0,5028,5028
48029140900,"Bexar, TX (CT)",0,738,738,0,1948,1948
48029141000,"Bexar, TX (CT)",0,1414,1414,0,3557,3557
48029141101,"Bexar, TX (CT)",0,1671,1671,0,4438,4438
48029141102,"Bexar, TX (CT)",0,1561,1561,0,3973,3973
48029141200,"Bexar, TX (CT)",0,2577,2577,0,6885,6885
48029141300,"Bexar, TX (CT)",0,2346,2346,0,5591,5591
48029141402,"Bexar, TX (CT)",0,1240,1240,0,3622,3622
48029141403,"Bexar, TX (CT)",0,1468,1468,0,3717,3717
48029141404,"Bexar, TX (CT)",0,1770,1770,0,4401,4401
48029141600,"Bexar, TX (CT)",0,1333,1333,0,4410,4410
48029141700,"Bexar, TX (CT)",353,1539,1892,1099,4125,5224
48029141800,"Bexar, TX (CT)",1679,29,1708,4492,62,4554
48029141900,"Bexar, TX (CT)",2142,35,2177,5461,85,5546
48029150100,"Bexar, TX (CT)",0,1880,1880,0,5099,5099
48029150300,"Bexar, TX (CT)",0,1613,1613,0,4702,4702
48029150400,"Bexar, TX (CT)",0,1493,1493,0,3974,3974
48029150501,"Bexar, TX (CT)",0,1408,1408,0,4372,4372
48029150502,"Bexar, TX (CT)",0,1244,1244,0,3940,3940
48029150600,"Bexar, TX (CT)",0,1502,1502,0,4371,4371
48029150700,"Bexar, TX (CT)",0,2190,2190,0,6162,6162
48029150800,"Bexar, TX (CT)",0,1168,1168,0,3165,3165
48029150900,"Bexar, TX (CT)",0,2288,2288,0,5913,5913
48029151000,"Bexar, TX (CT)",0,1163,1163,0,3365,3365
48029151100,"Bexar, TX (CT)",0,2234,2234,0,6936,6936
48029151200,"Bexar, TX (CT)",0,3057,3057,0,9620,9620
48029151301,"Bexar, TX (CT)",0,1804,1804,0,5368,5368
48029151302,"Bexar, TX (CT)",0,956,956,0,3148,3148
48029151400,"Bexar, TX (CT)",0,1507,1507,0,4507,4507
48029151500,"Bexar, TX (CT)",0,944,944,0,2573,2573
48029151600,"Bexar, TX (CT)",0,2589,2589,0,7244,7244
48029151700,"Bexar, TX (CT)",0,2087,2087,0,6423,6423
48029151900,"Bexar, TX (CT)",335,1436,1771,960,4153,5113
48029152000,"Bexar, TX (CT)",165,452,617,461,1435,1896
48029152100,"Bexar, TX (CT)",2076,5,2081,6229,19,6248
48029152201,"Bexar, TX (CT)",1815,907,2722,5156,2933,8089
48029152202,"Bexar, TX (CT)",1508,0,1508,4589,0,4589
48029160100,"Bexar, TX (CT)",0,2006,2006,0,5794,5794
48029160200,"Bexar, TX (CT)",0,987,987,0,2676,2676
48029160300,"Bexar, TX (CT)",0,1872,1872,0,5228,5228
48029160400,"Bexar, TX (CT)",0,1602,1602,0,4557,4557
48029160501,"Bexar, TX (CT)",0,1305,1305,0,4117,4117
48029160502,"Bexar, TX (CT)",0,1312,1312,0,4096,4096
48029160600,"Bexar, TX (CT)",0,1550,1550,0,4899,4899
48029160701,"Bexar, TX (CT)",0,1064,1064,0,3392,3392
48029160702,"Bexar, TX (CT)",0,2211,2211,0,5314,5314
48029160901,"Bexar, TX (CT)",0,1099,1099,0,3164,3164
48029160902,"Bexar, TX (CT)",0,1521,1521,0,4564,4564
48029161000,"Bexar, TX (CT)",0,1343,1343,0,3898,3898
48029161100,"Bexar, TX (CT)",4,2626,2630,11,8612,8623
48029161200,"Bexar, TX (CT)",336,643,979,883,2011,2894
48029161302,"Bexar, TX (CT)",0,1522,1522,0,5889,5889
48029161303,"Bexar, TX (CT)",0,1175,1175,0,4503,4503
48029161304,"Bexar, TX (CT)",0,1204,1204,0,4290,4290
48029161400,"Bexar, TX (CT)",0,244,244,0,9945,9945
48029161501,"Bexar, TX (CT)",0,3064,3064,0,7656,7656
48029161503,"Bexar, TX (CT)",0,1207,1207,0,3901,3901
48029161504,"Bexar, TX (CT)",0,1289,1289,0,4341,4341
48029161600,"Bexar, TX (CT)",0,1345,1345,0,3958,3958
48029161801,"Bexar, TX (CT)",0,1275,1275,0,4028,4028
48029161802,"Bexar, TX (CT)",38,1609,1647,107,5212,5319
48029161901,"Bexar, TX (CT)",501,0,501,1341,0,1341
48029161902,"Bexar, TX (CT)",1823,590,2413,5290,3742,9032
48029162001,"Bexar, TX (CT)",625,184,809,1688,555,2243
48029162003,"Bexar, TX (CT)",1851,0,1851,5324,0,5324
48029162004,"Bexar, TX (CT)",1341,24,1365,4107,75,4182
48029170101,"Bexar, TX (CT)",0,1297,1297,0,3839,3839
48029170102,"Bexar, TX (CT)",0,1364,1364,0,3796,3796
48029170200,"Bexar, TX (CT)",0,1920,1920,0,5382,5382
48029170300,"Bexar, TX (CT)",0,1975,1975,0,6299,6299
48029170401,"Bexar, TX (CT)",0,1606,1606,0,4634,4634
48029170402,"Bexar, TX (CT)",0,1711,1711,0,5197,5197
48029170500,"Bexar, TX (CT)",0,1739,1739,0,4585,4585
48029170600,"Bexar, TX (CT)",0,1641,1641,0,4628,4628
48029170700,"Bexar, TX (CT)",0,1572,1572,0,4870,4870
48029170800,"Bexar, TX (CT)",0,549,549,0,1568,1568
48029170900,"Bexar, TX (CT)",0,1326,1326,0,4324,4324
48029171000,"Bexar, TX (CT)",0,1811,1811,0,5472,5472
48029171100,"Bexar, TX (CT)",0,1254,1254,0,3720,3720
48029171200,"Bexar, TX (CT)",0,1353,1353,0,4384,4384
48029171301,"Bexar, TX (CT)",0,925,925,0,2906,2906
48029171302,"Bexar, TX (CT)",0,1216,1216,0,5019,5019
48029171401,"Bexar, TX (CT)",0,1304,1304,0,4284,4284
48029171402,"Bexar, TX (CT)",0,1630,1630,0,5433,5433
48029171501,"Bexar, TX (CT)",0,890,890,0,2846,2846
48029171502,"Bexar, TX (CT)",0,1623,1623,0,4831,4831
48029171601,"Bexar, TX (CT)",0,1321,1321,0,4462,4462
48029171602,"Bexar, TX (CT)",0,936,936,0,3135,3135
48029171700,"Bexar, TX (CT)",0,2631,2631,0,7520,7520
48029171801,"Bexar, TX (CT)",0,1982,1982,0,5443,5443
48029171802,"Bexar, TX (CT)",0,2298,2298,0,6328,6328
48029171902,"Bexar, TX (CT)",0,4231,4231,0,9551,9551
48029171903,"Bexar, TX (CT)",0,2486,2486,0,6626,6626
48029171912,"Bexar, TX (CT)",0,1955,1955,0,6197,6197
48029171913,"Bexar, TX (CT)",0,1733,1733,0,5322,5322
48029171914,"Bexar, TX (CT)",0,1697,1697,0,5368,5368
48029171915,"Bexar, TX (CT)",0,732,732,0,2284,2284
48029171916,"Bexar, TX (CT)",0,2182,2182,0,6719,6719
48029171917,"Bexar, TX (CT)",0,2752,2752,0,8439,8439
48029171918,"Bexar, TX (CT)",0,2166,2166,0,5185,5185
48029171919,"Bexar, TX (CT)",0,1014,1014,0,3201,3201
48029171920,"Bexar, TX (CT)",0,2706,2706,0,8811,8811
48029171921,"Bexar, TX (CT)",0,1927,1927,0,6024,6024
48029171922,"Bexar, TX (CT)",0,1092,1092,0,3641,3641
48029171923,"Bexar, TX (CT)",0,3001,3001,0,7442,7442
48029171924,"Bexar, TX (CT)",0,1886,1886,0,4301,4301
48029171925,"Bexar, TX (CT)",0,3384,3384,0,9244,9244
48029172002,"Bexar, TX (CT)",648,2209,2857,1788,6244,8032
48029172003,"Bexar, TX (CT)",0,1935,1935,0,6176,6176
48029172004,"Bexar, TX (CT)",575,429,1004,1449,1046,2495
48029172005,"Bexar, TX (CT)",0,1308,1308,0,3532,3532
48029172006,"Bexar, TX (CT)",908,1355,2263,2600,4098,6698
48029172007,"Bexar, TX (CT)",0,3033,3033,0,9539,9539
48029180101,"Bexar, TX (CT)",0,2126,2126,0,5023,5023
48029180102,"Bexar, TX (CT)",0,929,929,0,1875,1875
48029180201,"Bexar, TX (CT)",0,2076,2076,0,5040,5040
48029180202,"Bexar, TX (CT)",0,2596,2596,0,5359,5359
48029180300,"Bexar, TX (CT)",0,1624,1624,0,4462,4462
48029180400,"Bexar, TX (CT)",0,1593,1593,0,4296,4296
48029180501,"Bexar, TX (CT)",0,1988,1988,0,4536,4536
48029180503,"Bexar, TX (CT)",0,1352,1352,0,4416,4416
48029180504,"Bexar, TX (CT)",0,1334,1334,0,4491,4491
48029180602,"Bexar, TX (CT)",0,1380,1380,0,3155,3155
48029180603,"Bexar, TX (CT)",0,768,768,0,1946,1946
48029180604,"Bexar, TX (CT)",0,2504,2504,0,5892,5892
48029180701,"Bexar, TX (CT)",0,2169,2169,0,3982,3982
48029180702,"Bexar, TX (CT)",0,3362,3362,0,6576,6576
48029180800,"Bexar, TX (CT)",0,1396,1396,0,2515,2515
48029180901,"Bexar, TX (CT)",0,2102,2102,0,5181,5181
48029180902,"Bexar, TX (CT)",0,2759,2759,0,7968,7968
48029181001,"Bexar, TX (CT)",0,1271,1271,0,3272,3272
48029181003,"Bexar, TX (CT)",0,3237,3237,0,6296,6296
48029181004,"Bexar, TX (CT)",0,3144,3144,0,4813,4813
48029181005,"Bexar, TX (CT)",0,2236,2236,0,3799,3799
48029181100,"Bexar, TX (CT)",0,2665,2665,0,5665,5665
48029181200,"Bexar, TX (CT)",0,2210,2210,0,4803,4803
48029181301,"Bexar, TX (CT)",0,2373,2373,0,4191,4191
48029181302,"Bexar, TX (CT)",0,3451,3451,0,6188,6188
48029181303,"Bexar, TX (CT)",0,1567,1567,0,3565,3565
48029181402,"Bexar, TX (CT)",0,1281,1281,0,1995,1995
48029181403,"Bexar, TX (CT)",0,3227,3227,0,5635,5635
48029181404,"Bexar, TX (CT)",0,2826,2826,0,4550,4550
48029181503,"Bexar, TX (CT)",0,3251,3251,0,6201,6201
48029181504,"Bexar, TX (CT)",0,3512,3512,0,5796,5796
48029181505,"Bexar, TX (CT)",0,1795,1795,0,4341,4341
48029181506,"Bexar, TX (CT)",0,1937,1937,0,4135,4135
48029181601,"Bexar, TX (CT)",0,1260,1260,0,3082,3082
48029181602,"Bexar, TX (CT)",0,2094,2094,0,5575,5575
48029181703,"Bexar, TX (CT)",0,2780,2780,0,6952,6952
48029181704,"Bexar, TX (CT)",0,1943,1943,0,5523,5523
48029181705,"Bexar, TX (CT)",0,2321,2321,0,4882,4882
48029181711,"Bexar, TX (CT)",0,2711,2711,0,7741,7741
48029181712,"Bexar, TX (CT)",0,1349,1349,0,3821,3821
48029181713,"Bexar, TX (CT)",0,2648,2648,0,7319,7319
48029181715,"Bexar, TX (CT)",0,2150,2150,0,6379,6379
48029181716,"Bexar, TX (CT)",0,2674,2674,0,7342,7342
48029181718,"Bexar, TX (CT)",0,1883,1883,0,5208,5208
48029181720,"Bexar, TX (CT)",0,1469,1469,0,4420,4420
48029181721,"Bexar, TX (CT)",0,1112,1112,0,3508,3508
48029181722,"Bexar, TX (CT)",0,1548,1548,0,4540,4540
48029181723,"Bexar, TX (CT)",0,1529,1529,0,4591,4591
48029181724,"Bexar, TX (CT)",0,1397,1397,0,4267,4267
48029181725,"Bexar, TX (CT)",0,2434,2434,0,5411,5411
48029181726,"Bexar, TX (CT)",0,3073,3073,0,9610,9610
48029181727,"Bexar, TX (CT)",0,1081,1081,0,3168,3168
48029181728,"Bexar, TX (CT)",0,3247,3247,0,10170,10170
48029181729,"Bexar, TX (CT)",1,1270,1271,1,3442,3443
48029181730,"Bexar, TX (CT)",0,1490,1490,0,3987,3987
48029181731,"Bexar, TX (CT)",0,2504,2504,0,7203,7203
48029181808,"Bexar, TX (CT)",0,695,695,0,1478,1478
48029181809,"Bexar, TX (CT)",0,2544,2544,0,6362,6362
48029181811,"Bexar, TX (CT)",0,1559,1559,0,4034,4034
48029181813,"Bexar, TX (CT)",0,3092,3092,0,6011,6011
48029181814,"Bexar, TX (CT)",0,1949,1949,0,3409,3409
48029181815,"Bexar, TX (CT)",0,1423,1423,0,2973,2973
48029181816,"Bexar, TX (CT)",0,1574,1574,0,4237,4237
48029181817,"Bexar, TX (CT)",0,1494,1494,0,3025,3025
48029181818,"Bexar, TX (CT)",0,2251,2251,0,4701,4701
48029181819,"Bexar, TX (CT)",0,2255,2255,0,5180,5180
48029181820,"Bexar, TX (CT)",0,1653,1653,0,7202,7202
48029181821,"Bexar, TX (CT)",0,1507,1507,0,3525,3525
48029181822,"Bexar, TX (CT)",0,2071,2071,0,4917,4917
48029181823,"Bexar, TX (CT)",0,964,964,0,2495,2495
48029181824,"Bexar, TX (CT)",0,1897,1897,0,5060,5060
48029181825,"Bexar, TX (CT)",0,1264,1264,0,3042,3042
48029181826,"Bexar, TX (CT)",0,2071,2071,0,6043,6043
48029181901,"Bexar, TX (CT)",2,1943,1945,0,3452,3452
48029181902,"Bexar, TX (CT)",474,1660,2134,1244,4755,5999
48029182001,"Bexar, TX (CT)",0,1720,1720,0,4818,4818
48029182002,"Bexar, TX (CT)",521,2527,3048,1240,7430,8670
48029182003,"Bexar, TX (CT)",0,1384,1384,0,3254,3254
48029182101,"Bexar, TX (CT)",543,2037,2580,1446,5155,6601
48029182102,"Bexar, TX (CT)",163,2220,2383,386,6255,6641
48029182103,"Bexar, TX (CT)",873,1,874,2237,1,2238
48029182105,"Bexar, TX (CT)",664,63,727,1985,215,2200
48029182106,"Bexar, TX (CT)",300,1524,1824,765,4521,5286
48029190100,"Bexar, TX (CT)",0,1689,1689,0,3755,3755
48029190200,"Bexar, TX (CT)",0,2388,2388,0,4375,4375
48029190400,"Bexar, TX (CT)",0,1329,1329,0,4021,4021
48029190501,"Bexar, TX (CT)",0,1155,1155,0,2878,2878
48029190503,"Bexar, TX (CT)",0,1720,1720,0,3459,3459
48029190504,"Bexar, TX (CT)",0,1280,1280,0,2881,2881
48029190601,"Bexar, TX (CT)",0,1313,1313,0,3768,3768
48029190603,"Bexar, TX (CT)",0,1030,1030,0,2946,2946
48029190604,"Bexar, TX (CT)",0,1430,1430,0,4438,4438
48029190700,"Bexar, TX (CT)",0,1523,1523,0,3060,3060
48029190800,"Bexar, TX (CT)",0,1096,1096,0,2237,2237
48029190901,"Bexar, TX (CT)",0,2562,2562,0,5322,5322
48029190902,"Bexar, TX (CT)",0,1644,1644,0,3783,3783
48029191003,"Bexar, TX (CT)",0,3242,3242,0,7762,7762
48029191004,"Bexar, TX (CT)",0,1489,1489,0,3730,3730
48029191005,"Bexar, TX (CT)",0,806,806,0,2272,2272
48029191006,"Bexar, TX (CT)",0,2283,2283,0,6674,6674
48029191101,"Bexar, TX (CT)",0,750,750,0,1628,1628
48029191102,"Bexar, TX (CT)",0,1297,1297,0,2488,2488
48029191201,"Bexar, TX (CT)",0,1241,1241,0,3143,3143
48029191202,"Bexar, TX (CT)",0,2500,2500,0,5345,5345
48029191303,"Bexar, TX (CT)",0,837,837,0,1561,1561
48029191304,"Bexar, TX (CT)",0,1393,1393,0,3054,3054
48029191405,"Bexar, TX (CT)",68,3369,3437,180,7439,7619
48029191406,"Bexar, TX (CT)",0,2764,2764,0,6468,6468
48029191408,"Bexar, TX (CT)",0,1693,1693,0,2989,2989
48029191409,"Bexar, TX (CT)",0,3280,3280,0,5906,5906
48029191410,"Bexar, TX (CT)",0,3247,3247,0,5491,5491
48029191411,"Bexar, TX (CT)",0,2309,2309,0,4434,4434
48029191412,"Bexar, TX (CT)",0,825,825,0,2313,2313
48029191413,"Bexar, TX (CT)",0,2843,2843,0,6032,6032
48029191503,"Bexar, TX (CT)",0,2358,2358,0,5216,5216
48029191504,"Bexar, TX (CT)",0,910,910,0,2412,2412
48029191505,"Bexar, TX (CT)",0,909,909,0,2079,2079
48029191506,"Bexar, TX (CT)",0,2358,2358,0,4842,4842
48029191701,"Bexar, TX (CT)",0,657,657,0,1558,1558
48029191702,"Bexar, TX (CT)",0,3275,3275,0,7064,7064
48029191804,"Bexar, TX (CT)",355,1914,2269,1033,5289,6322
48029191806,"Bexar, TX (CT)",0,3139,3139,0,8005,8005
48029191807,"Bexar, TX (CT)",540,1391,1931,834,3118,3952
48029191808,"Bexar, TX (CT)",0,1331,1331,0,3618,3618
48029191809,"Bexar, TX (CT)",0,2094,2094,0,5467,5467
48029191810,"Bexar, TX (CT)",0,2040,2040,0,5391,5391
48029191811,"Bexar, TX (CT)",0,1390,1390,0,4339,4339
48029191812,"Bexar, TX (CT)",0,1174,1174,0,3728,3728
48029191813,"Bexar, TX (CT)",0,2319,2319,0,6742,6742
48029191814,"Bexar, TX (CT)",93,1463,1556,247,4289,4536
48029191815,"Bexar, TX (CT)",0,1898,1898,0,5292,5292
48029191816,"Bexar, TX (CT)",0,1607,1607,0,2761,2761
48029191817,"Bexar, TX (CT)",0,4128,4128,0,9732,9732
48029191900,"Bexar, TX (CT)",0,1966,1966,0,4922,4922
48029192000,"Bexar, TX (CT)",0,2712,2712,0,5244,5244
48029192100,"Bexar, TX (CT)",0,1315,1315,0,2077,2077
48029192200,"Bexar, TX (CT)",0,512,512,0,1264,1264
48029192300,"Bexar, TX (CT)",0,2234,2234,0,4448,4448
48029980001,"Bexar, TX (CT)",3,0,3,4,0,4
48029980002,"Bexar, TX (CT)",0,1,1,0,4,4
48029980003,"Bexar, TX (CT)",0,439,439,5,1797,1802
48029980004,"Bexar, TX (CT)",0,0,0,0,0,0
48029980005,"Bexar, TX (CT)",9,1,10,23,2,25
48029980100,"Bexar, TX (CT)",0,406,406,0,301,301
48031950100,"Blanco, TX (CT)",2709,0,2709,4963,0,4963
48031950200,"Blanco, TX (CT)",2823,0,2823,5534,0,5534
48033950100,"Borden, TX (CT)",385,0,385,641,0,641
48035950100,"Bosque, TX (CT)",2414,0,2414,4366,0,4366
48035950200,"Bosque, TX (CT)",649,0,649,1536,0,1536
48035950300,"Bosque, TX (CT)",1139,0,1139,1604,0,1604
48035950400,"Bosque, TX (CT)",1643,205,1848,3274,429,3703
48035950500,"Bosque, TX (CT)",0,1289,1289,0,2992,2992
48035950600,"Bosque, TX (CT)",1245,0,1245,1567,0,1567
48035950700,"Bosque, TX (CT)",1039,0,1039,2444,0,2444
48037010100,"Bowie, TX (CT)",0,2275,2275,0,5172,5172
48037010400,"Bowie, TX (CT)",0,1895,1895,0,4237,4237
48037010500,"Bowie, TX (CT)",0,996,996,0,2889,2889
48037010600,"Bowie, TX (CT)",0,1017,1017,0,2159,2159
48037010700,"Bowie, TX (CT)",0,2302,2302,0,4884,4884
48037010800,"Bowie, TX (CT)",0,2439,2439,0,4654,4654
48037010901,"Bowie, TX (CT)",2,3179,3181,7,7439,7446
48037010902,"Bowie, TX (CT)",54,2718,2772,129,6367,6496
48037011000,"Bowie, TX (CT)",337,2863,3200,793,6742,7535
48037011100,"Bowie, TX (CT)",960,1199,2159,2291,4549,6840
48037011200,"Bowie, TX (CT)",1336,861,2197,3452,2415,5867
48037011300,"Bowie, TX (CT)",1175,1369,2544,2673,2979,5652
48037011401,"Bowie, TX (CT)",3043,237,3280,7361,583,7944
48037011402,"Bowie, TX (CT)",987,0,987,2277,0,2277
48037011501,"Bowie, TX (CT)",1225,1002,2227,5619,2291,7910
48037011502,"Bowie, TX (CT)",241,1174,1415,496,2414,2910
48037011600,"Bowie, TX (CT)",2534,0,2534,5238,0,5238
48037011700,"Bowie, TX (CT)",1073,0,1073,2455,0,2455
48039660100,"Brazoria, TX (CT)",0,1666,1666,0,4523,4523
48039660200,"Brazoria, TX (CT)",389,1695,2084,908,4730,5638
48039660300,"Brazoria, TX (CT)",6,3548,3554,5,9531,9536
48039660400,"Brazoria, TX (CT)",0,3475,3475,0,9119,9119
48039660500,"Brazoria, TX (CT)",9,3282,3291,26,8961,8987
48039660601,"Brazoria, TX (CT)",0,4438,4438,0,11893,11893
48039660602,"Brazoria, TX (CT)",355,9056,9411,1125,25718,26843
48039660701,"Brazoria, TX (CT)",0,5685,5685,0,15452,15452
48039660702,"Brazoria, TX (CT)",765,3573,4338,1841,9823,11664
48039660801,"Brazoria, TX (CT)",0,2906,2906,0,8422,8422
48039660802,"Brazoria, TX (CT)",0,2444,2444,0,7486,7486
48039660900,"Brazoria, TX (CT)",511,1790,2301,1531,5275,6806
48039661000,"Brazoria, TX (CT)",898,1429,2327,2425,4007,6432
48039661100,"Brazoria, TX (CT)",235,934,1169,646,2529,3175
48039661200,"Brazoria, TX (CT)",0,1799,1799,0,4178,4178
48039661300,"Brazoria, TX (CT)",0,1069,1069,0,2676,2676
48039661400,"Brazoria, TX (CT)",0,2680,2680,0,6760,6760
48039661501,"Brazoria, TX (CT)",1024,689,1713,2849,1877,4726
48039661502,"Brazoria, TX (CT)",1220,444,1664,3448,1175,4623
48039661601,"Brazoria, TX (CT)",372,2058,2430,1026,5158,6184
48039661602,"Brazoria, TX (CT)",378,690,1068,1072,1954,3026
48039661700,"Brazoria, TX (CT)",1209,0,1209,2767,0,2767
48039661800,"Brazoria, TX (CT)",1866,0,1866,5385,0,5385
48039661900,"Brazoria, TX (CT)",1928,238,2166,11366,887,12253
48039662000,"Brazoria, TX (CT)",1528,1280,2808,3238,2971,6209
48039662100,"Brazoria, TX (CT)",1332,943,2275,3551,2298,5849
48039662200,"Brazoria, TX (CT)",255,2208,2463,1487,5249,6736
48039662300,"Brazoria, TX (CT)",0,1846,1846,0,4499,4499
48039662400,"Brazoria, TX (CT)",1164,960,2124,3187,2450,5637
48039662500,"Brazoria, TX (CT)",550,342,892,1435,1051,2486
48039662600,"Brazoria, TX (CT)",458,945,1403,1117,2216,3333
48039662700,"Brazoria, TX (CT)",1026,0,1026,2550,0,2550
48039662800,"Brazoria, TX (CT)",1221,1514,2735,2886,3584,6470
48039662900,"Brazoria, TX (CT)",988,995,1983,2376,2457,4833
48039663000,"Brazoria, TX (CT)",833,567,1400,2068,2419,4487
48039663100,"Brazoria, TX (CT)",821,1227,2048,3168,3218,6386
48039663200,"Brazoria, TX (CT)",0,2141,2141,0,4984,4984
48039663300,"Brazoria, TX (CT)",0,972,972,0,2661,2661
48039663400,"Brazoria, TX (CT)",0,3178,3178,0,6989,6989
48039663500,"Brazoria, TX (CT)",0,2407,2407,0,5561,5561
48039663600,"Brazoria, TX (CT)",0,1872,1872,0,5080,5080
48039663700,"Brazoria, TX (CT)",0,1480,1480,0,3471,3471
48039663800,"Brazoria, TX (CT)",0,2226,2226,0,5658,5658
48039663900,"Brazoria, TX (CT)",0,863,863,0,2324,2324
48039664000,"Brazoria, TX (CT)",275,1568,1843,685,3499,4184
48039664100,"Brazoria, TX (CT)",1089,1312,2401,2054,3294,5348
48039664200,"Brazoria, TX (CT)",1751,372,2123,1265,651,1916
48039664300,"Brazoria, TX (CT)",0,2056,2056,0,5445,5445
48039664400,"Brazoria, TX (CT)",101,2494,2595,143,6448,6591
48039664501,"Brazoria, TX (CT)",1620,803,2423,2922,2003,4925
48039990000,"Brazoria, TX (CT)",0,0,0,0,0,0
48041000101,"Brazos, TX (CT)",1912,1077,2989,4808,2581,7389
48041000102,"Brazos, TX (CT)",1578,875,2453,4045,2167,6212
48041000103,"Brazos, TX (CT)",806,0,806,1837,0,1837
48041000201,"Brazos, TX (CT)",0,3335,3335,0,6709,6709
48041000202,"Brazos, TX (CT)",1758,473,2231,4497,2191,6688
48041000300,"Brazos, TX (CT)",1,2434,2435,1,7210,7211
48041000400,"Brazos, TX (CT)",0,1627,1627,0,5083,5083
48041000500,"Brazos, TX (CT)",0,1781,1781,0,5543,5543
48041000603,"Brazos, TX (CT)",0,1467,1467,0,5263,5263
48041000604,"Brazos, TX (CT)",0,1910,1910,0,6182,6182
48041000700,"Brazos, TX (CT)",0,1234,1234,0,3055,3055
48041000800,"Brazos, TX (CT)",0,2225,2225,0,5255,5255
48041000900,"Brazos, TX (CT)",0,1017,1017,0,2369,2369
48041001000,"Brazos, TX (CT)",0,3743,3743,0,7867,7867
48041001100,"Brazos, TX (CT)",0,2234,2234,0,4542,4542
48041001301,"Brazos, TX (CT)",0,1204,1204,0,2547,2547
48041001302,"Brazos, TX (CT)",0,1989,1989,0,4028,4028
48041001303,"Brazos, TX (CT)",0,2408,2408,0,5136,5136
48041001400,"Brazos, TX (CT)",0,1577,1577,0,3455,3455
48041001601,"Brazos, TX (CT)",0,2084,2084,0,4572,4572
48041001604,"Brazos, TX (CT)",0,2647,2647,0,5560,5560
48041001605,"Brazos, TX (CT)",0,1648,1648,0,3367,3367
48041001606,"Brazos, TX (CT)",0,1414,1414,0,3093,3093
48041001701,"Brazos, TX (CT)",0,2959,2959,0,5762,5762
48041001702,"Brazos, TX (CT)",0,1119,1119,0,2612,2612
48041001801,"Brazos, TX (CT)",0,2195,2195,0,5009,5009
48041001803,"Brazos, TX (CT)",0,2543,2543,0,6280,6280
48041001804,"Brazos, TX (CT)",0,494,494,0,1352,1352
48041001900,"Brazos, TX (CT)",0,2809,2809,0,5379,5379
48041002001,"Brazos, TX (CT)",4,1672,1676,10,4357,4367
48041002002,"Brazos, TX (CT)",449,2520,2969,1113,4923,6036
48041002006,"Brazos, TX (CT)",0,653,653,0,1590,1590
48041002007,"Brazos, TX (CT)",0,2072,2072,0,5673,5673
48041002008,"Brazos, TX (CT)",0,2060,2060,0,5883,5883
48041002009,"Brazos, TX (CT)",212,1288,1500,616,3694,4310
48041002010,"Brazos, TX (CT)",806,258,1064,2068,646,2714
48041002011,"Brazos, TX (CT)",917,252,1169,2310,517,2827
48041002012,"Brazos, TX (CT)",0,3261,3261,0,6466,6466
48041002013,"Brazos, TX (CT)",508,1451,1959,1342,3531,4873
48041002014,"Brazos, TX (CT)",386,352,738,859,909,1768
48041002015,"Brazos, TX (CT)",0,2,2,0,8987,8987
48041980000,"Brazos, TX (CT)",0,0,0,0,0,0
48043950300,"Brewster, TX (CT)",149,2031,2180,326,3869,4195
48043950400,"Brewster, TX (CT)",0,906,906,0,1876,1876
48043950500,"Brewster, TX (CT)",2153,144,2297,2893,268,3161
48045950200,"Briscoe, TX (CT)",953,0,953,1637,0,1637
48047950100,"Brooks, TX (CT)",895,102,997,1746,296,2042
48047950200,"Brooks, TX (CT)",225,2017,2242,548,4633,5181
48049950100,"Brown, TX (CT)",1579,0,1579,2014,0,2014
48049950200,"Brown, TX (CT)",2727,0,2727,3989,0,3989
48049950300,"Brown, TX (CT)",1446,0,1446,3143,0,3143
48049950500,"Brown, TX (CT)",1354,0,1354,2912,0,2912
48049950600,"Brown, TX (CT)",0,1250,1250,0,2654,2654
48049950700,"Brown, TX (CT)",0,478,478,0,1369,1369
48049950800,"Brown, TX (CT)",0,1335,1335,0,2813,2813
48049950900,"Brown, TX (CT)",0,2230,2230,0,4815,4815
48049951000,"Brown, TX (CT)",0,1123,1123,0,2497,2497
48049951100,"Brown, TX (CT)",61,1601,1662,182,3851,4033
48049951200,"Brown, TX (CT)",562,1236,1798,1265,3031,4296
48049951300,"Brown, TX (CT)",868,437,1305,1890,1681,3571
48051970100,"Burleson, TX (CT)",762,0,762,1421,0,1421
48051970200,"Burleson, TX (CT)",2173,19,2192,4290,34,4324
48051970300,"Burleson, TX (CT)",147,1584,1731,301,3978,4279
48051970400,"Burleson, TX (CT)",1631,0,1631,3250,0,3250
48051970500,"Burleson, TX (CT)",2516,0,2516,3913,0,3913
48053960100,"Burnet, TX (CT)",2508,0,2508,5731,0,5731
48053960200,"Burnet, TX (CT)",1578,0,1578,2714,0,2714
48053960300,"Burnet, TX (CT)",580,1933,2513,1300,5327,6627
48053960400,"Burnet, TX (CT)",2928,41,2969,5201,101,5302
48053960500,"Burnet, TX (CT)",251,3140,3391,349,5755,6104
48053960600,"Burnet, TX (CT)",889,840,1729,1969,1721,3690
48053960700,"Burnet, TX (CT)",1056,2065,3121,2135,4656,6791
48053960800,"Burnet, TX (CT)",2435,626,3061,4401,1390,5791
48055960101,"Caldwell, TX (CT)",1829,133,1962,5165,461,5626
48055960102,"Caldwell, TX (CT)",1529,0,1529,3840,0,3840
48055960200,"Caldwell, TX (CT)",134,1387,1521,347,4852,5199
48055960300,"Caldwell, TX (CT)",20,1663,1683,41,4136,4177
48055960400,"Caldwell, TX (CT)",104,1330,1434,257,3349,3606
48055960500,"Caldwell, TX (CT)",1489,833,2322,3812,3790,7602
48055960600,"Caldwell, TX (CT)",1091,0,1091,2356,0,2356
48055960700,"Caldwell, TX (CT)",126,2091,2217,281,5379,5660
48057000100,"Calhoun, TX (CT)",204,1925,2129,492,4917,5409
48057000200,"Calhoun, TX (CT)",0,1674,1674,0,4375,4375
48057000300,"Calhoun, TX (CT)",1202,0,1202,1454,0,1454
48057000400,"Calhoun, TX (CT)",1971,1039,3010,3730,2525,6255
48057000500,"Calhoun, TX (CT)",3395,0,3395,3888,0,3888
48057990000,"Calhoun, TX (CT)",0,0,0,0,0,0
48059030101,"Callahan, TX (CT)",452,1653,2105,976,3768,4744
48059030102,"Callahan, TX (CT)",2097,0,2097,4543,0,4543
48059030200,"Callahan, TX (CT)",2347,0,2347,4257,0,4257
48061010100,"Cameron, TX (CT)",2425,1356,3781,4156,4281,8437
48061010201,"Cameron, TX (CT)",381,270,651,1132,857,1989
48061010203,"Cameron, TX (CT)",251,3046,3297,634,6973,7607
48061010301,"Cameron, TX (CT)",506,1161,1667,1595,3865,5460
48061010302,"Cameron, TX (CT)",1036,1925,2961,3077,5272,8349
48061010401,"Cameron, TX (CT)",95,1515,1610,251,5035,5286
48061010402,"Cameron, TX (CT)",0,2880,2880,0,6683,6683
48061010500,"Cameron, TX (CT)",0,801,801,0,2529,2529
48061010601,"Cameron, TX (CT)",0,3097,3097,0,8795,8795
48061010602,"Cameron, TX (CT)",0,652,652,0,1858,1858
48061010700,"Cameron, TX (CT)",0,1224,1224,0,3268,3268
48061010800,"Cameron, TX (CT)",8,3036,3044,85,7184,7269
48061010900,"Cameron, TX (CT)",0,776,776,0,1651,1651
48061011000,"Cameron, TX (CT)",0,1135,1135,0,3304,3304
48061011100,"Cameron, TX (CT)",0,1016,1016,0,2918,2918
48061011200,"Cameron, TX (CT)",0,573,573,0,1658,1658
48061011301,"Cameron, TX (CT)",0,720,720,0,1729,1729
48061011302,"Cameron, TX (CT)",0,1655,1655,0,3995,3995
48061011400,"Cameron, TX (CT)",429,1924,2353,1405,4932,6337
48061011500,"Cameron, TX (CT)",0,2069,2069,0,5728,5728
48061011600,"Cameron, TX (CT)",0,1969,1969,0,6829,6829
48061011700,"Cameron, TX (CT)",29,2114,2143,80,6757,6837
48061011801,"Cameron, TX (CT)",0,2033,2033,0,5783,5783
48061011802,"Cameron, TX (CT)",0,1115,1115,0,3922,3922
48061011901,"Cameron, TX (CT)",51,2353,2404,199,5951,6150
48061011902,"Cameron, TX (CT)",482,1349,1831,1176,3325,4501
48061011903,"Cameron, TX (CT)",764,0,764,2542,0,2542
48061012001,"Cameron, TX (CT)",0,2850,2850,0,5475,5475
48061012002,"Cameron, TX (CT)",245,1759,2004,783,4618,5401
48061012101,"Cameron, TX (CT)",630,1495,2125,1937,3166,5103
48061012102,"Cameron, TX (CT)",680,914,1594,2173,3651,5824
48061012200,"Cameron, TX (CT)",1476,1616,3092,5152,5679,10831
48061012301,"Cameron, TX (CT)",303,1718,2021,1586,3091,4677
48061012304,"Cameron, TX (CT)",0,2088,2088,0,4696,4696
48061012305,"Cameron, TX (CT)",524,7537,8061,261,3468,3729
48061012401,"Cameron, TX (CT)",347,1651,1998,918,5580,6498
48061012402,"Cameron, TX (CT)",25,1516,1541,78,4810,4888
48061012504,"Cameron, TX (CT)",0,4362,4362,0,15629,15629
48061012505,"Cameron, TX (CT)",211,2144,2355,698,8421,9119
48061012506,"Cameron, TX (CT)",148,1576,1724,463,3317,3780
48061012507,"Cameron, TX (CT)",162,1463,1625,432,5631,6063
48061012508,"Cameron, TX (CT)",352,684,1036,1324,1432,2756
48061012607,"Cameron, TX (CT)",0,769,769,0,2973,2973
48061012608,"Cameron, TX (CT)",0,1406,1406,0,3662,3662
48061012609,"Cameron, TX (CT)",0,1885,1885,0,7644,7644
48061012612,"Cameron, TX (CT)",0,1772,1772,0,6488,6488
48061012613,"Cameron, TX (CT)",0,1737,1737,0,5192,5192
48061012700,"Cameron, TX (CT)",120,1397,1517,97,5524,5621
48061012800,"Cameron, TX (CT)",29,1568,1597,97,5283,5380
48061012900,"Cameron, TX (CT)",0,1885,1885,0,4290,4290
48061013002,"Cameron, TX (CT)",0,1730,1730,0,4185,4185
48061013003,"Cameron, TX (CT)",0,777,777,0,2242,2242
48061013004,"Cameron, TX (CT)",0,1011,1011,0,2647,2647
48061013102,"Cameron, TX (CT)",0,1322,1322,0,3905,3905
48061013104,"Cameron, TX (CT)",0,1523,1523,0,3972,3972
48061013106,"Cameron, TX (CT)",0,1585,1585,0,5075,5075
48061013203,"Cameron, TX (CT)",0,708,708,0,2236,2236
48061013204,"Cameron, TX (CT)",0,740,740,0,2553,2553
48061013205,"Cameron, TX (CT)",0,999,999,0,3666,3666
48061013206,"Cameron, TX (CT)",0,882,882,0,3595,3595
48061013207,"Cameron, TX (CT)",0,1347,1347,0,4050,4050
48061013303,"Cameron, TX (CT)",0,1126,1126,0,3986,3986
48061013305,"Cameron, TX (CT)",0,1390,1390,0,5273,5273
48061013306,"Cameron, TX (CT)",0,731,731,0,2912,2912
48061013307,"Cameron, TX (CT)",0,576,576,0,2215,2215
48061013308,"Cameron, TX (CT)",0,845,845,0,3530,3530
48061013309,"Cameron, TX (CT)",0,706,706,0,3019,3019
48061013401,"Cameron, TX (CT)",0,811,811,0,2476,2476
48061013402,"Cameron, TX (CT)",0,675,675,0,2230,2230
48061013500,"Cameron, TX (CT)",0,777,777,0,2068,2068
48061013600,"Cameron, TX (CT)",0,1113,1113,0,3311,3311
48061013700,"Cameron, TX (CT)",0,1303,1303,0,3923,3923
48061013801,"Cameron, TX (CT)",0,837,837,0,2784,2784
48061013802,"Cameron, TX (CT)",0,1114,1114,0,3266,3266
48061013901,"Cameron, TX (CT)",0,801,801,0,2791,2791
48061013902,"Cameron, TX (CT)",0,1199,1199,0,4146,4146
48061013903,"Cameron, TX (CT)",0,1307,1307,0,4671,4671
48061014001,"Cameron, TX (CT)",0,1157,1157,0,2519,2519
48061014002,"Cameron, TX (CT)",0,885,885,0,2642,2642
48061014100,"Cameron, TX (CT)",193,2880,3073,690,11233,11923
48061014200,"Cameron, TX (CT)",305,1355,1660,830,4481,5311
48061014300,"Cameron, TX (CT)",0,1611,1611,0,4534,4534
48061014400,"Cameron, TX (CT)",117,3581,3698,356,12521,12877
48061014500,"Cameron, TX (CT)",0,2637,2637,0,8544,8544
48061980001,"Cameron, TX (CT)",0,0,0,0,0,0
48061980100,"Cameron, TX (CT)",0,3,3,0,10,10
48061990000,"Cameron, TX (CT)",0,0,0,0,0,0
48063950101,"Camp, TX (CT)",1464,23,1487,3449,66,3515
48063950102,"Camp, TX (CT)",2172,48,2220,3958,103,4061
48063950200,"Camp, TX (CT)",99,1850,1949,217,4608,4825
48065950100,"Carson, TX (CT)",1181,0,1181,2387,0,2387
48065950200,"Carson, TX (CT)",1473,130,1603,3498,297,3795
48067950100,"Cass, TX (CT)",3003,28,3031,6549,72,6621
48067950200,"Cass, TX (CT)",1434,0,1434,2786,0,2786
48067950300,"Cass, TX (CT)",394,429,823,822,859,1681
48067950400,"Cass, TX (CT)",274,2210,2484,625,4778,5403
48067950500,"Cass, TX (CT)",1270,11,1281,2799,23,2822
48067950600,"Cass, TX (CT)",2887,0,2887,5740,0,5740
48067950700,"Cass, TX (CT)",1525,914,2439,3226,2185,5411
48069950100,"Castro, TX (CT)",550,0,550,1267,0,1267
48069950200,"Castro, TX (CT)",87,1656,1743,184,4373,4557
48069950300,"Castro, TX (CT)",873,0,873,2238,0,2238
48071710100,"Chambers, TX (CT)",1265,1169,2434,3149,3353,6502
48071710200,"Chambers, TX (CT)",1474,4004,5478,3747,11796,15543
48071710300,"Chambers, TX (CT)",1302,0,1302,2890,0,2890
48071710401,"Chambers, TX (CT)",938,1473,2411,2373,3901,6274
48071710500,"Chambers, TX (CT)",1666,0,1666,3887,0,3887
48071710600,"Chambers, TX (CT)",0,0,0,0,0,0
48071990000,"Chambers, TX (CT)",0,0,0,0,0,0
48073950100,"Cherokee, TX (CT)",1860,0,1860,4443,0,4443
48073950200,"Cherokee, TX (CT)",2463,10,2473,5477,22,5499
48073950300,"Cherokee, TX (CT)",3174,80,3254,6997,298,7295
48073950400,"Cherokee, TX (CT)",105,588,693,315,1420,1735
48073950500,"Cherokee, TX (CT)",294,1034,1328,738,2855,3593
48073950600,"Cherokee, TX (CT)",164,2297,2461,397,5592,5989
48073950700,"Cherokee, TX (CT)",136,1407,1543,325,3910,4235
48073950801,"Cherokee, TX (CT)",1689,310,1999,3558,850,4408
48073950802,"Cherokee, TX (CT)",1614,76,1690,3718,331,4049
48073950900,"Cherokee, TX (CT)",359,811,1170,822,3510,4332
48073951000,"Cherokee, TX (CT)",1593,0,1593,3541,0,3541
48073951100,"Cherokee, TX (CT)",795,0,795,1726,0,1726
48075950100,"Childress, TX (CT)",447,11,458,2073,28,2101
48075950200,"Childress, TX (CT)",141,2284,2425,261,4679,4940
48077030200,"Clay, TX (CT)",239,1260,1499,519,2731,3250
48077030301,"Clay, TX (CT)",2114,0,2114,4683,0,4683
48077030302,"Clay, TX (CT)",1537,0,1537,2819,0,2819
48079950100,"Cochran, TX (CT)",1360,0,1360,3127,0,3127
48081950100,"Coke, TX (CT)",1254,0,1254,1676,0,1676
48081950200,"Coke, TX (CT)",1413,0,1413,1644,0,1644
48083950300,"Coleman, TX (CT)",310,2356,2666,561,4310,4871
48083950600,"Coleman, TX (CT)",1088,0,1088,1399,0,1399
48083950700,"Coleman, TX (CT)",1789,0,1789,2625,0,2625
48085030100,"Collin, TX (CT)",2471,0,2471,6018,0,6018
48085030201,"Collin, TX (CT)",756,327,1083,1882,965,2847
48085030202,"Collin, TX (CT)",918,0,918,2250,0,2250
48085030203,"Collin, TX (CT)",771,4003,4774,2016,11840,13856
48085030301,"Collin, TX (CT)",226,836,1062,530,2344,2874
48085030302,"Collin, TX (CT)",116,571,687,316,1712,2028
48085030303,"Collin, TX (CT)",141,1670,1811,429,4213,4642
48085030304,"Collin, TX (CT)",199,631,830,539,1929,2468
48085030305,"Collin, TX (CT)",1072,1795,2867,2876,5515,8391
48085030403,"Collin, TX (CT)",0,1776,1776,0,5389,5389
48085030404,"Collin, TX (CT)",0,2082,2082,0,5554,5554
48085030405,"Collin, TX (CT)",0,1969,1969,0,4214,4214
48085030406,"Collin, TX (CT)",0,1216,1216,0,2966,2966
48085030407,"Collin, TX (CT)",0,1296,1296,0,3699,3699
48085030408,"Collin, TX (CT)",0,2461,2461,0,5961,5961
48085030504,"Collin, TX (CT)",0,1373,1373,0,2704,2704
48085030505,"Collin, TX (CT)",0,1827,1827,0,2824,2824
48085030506,"Collin, TX (CT)",0,938,938,0,2691,2691
48085030507,"Collin, TX (CT)",0,588,588,0,1800,1800
48085030508,"Collin, TX (CT)",0,2237,2237,0,6130,6130
48085030509,"Collin, TX (CT)",0,874,874,0,2395,2395
48085030510,"Collin, TX (CT)",0,1009,1009,0,2815,2815
48085030511,"Collin, TX (CT)",22,1578,1600,80,4653,4733
48085030512,"Collin, TX (CT)",0,1232,1232,0,4353,4353
48085030513,"Collin, TX (CT)",39,2192,2231,38,3632,3670
48085030514,"Collin, TX (CT)",0,2257,2257,0,6651,6651
48085030515,"Collin, TX (CT)",0,2006,2006,0,6343,6343
48085030516,"Collin, TX (CT)",0,1833,1833,0,5179,5179
48085030517,"Collin, TX (CT)",0,1935,1935,0,5879,5879
48085030518,"Collin, TX (CT)",111,401,512,292,1398,1690
48085030519,"Collin, TX (CT)",78,636,714,184,1282,1466
48085030520,"Collin, TX (CT)",0,1607,1607,0,4454,4454
48085030521,"Collin, TX (CT)",0,948,948,0,3190,3190
48085030522,"Collin, TX (CT)",0,1410,1410,0,4183,4183
48085030523,"Collin, TX (CT)",0,2877,2877,0,7875,7875
48085030524,"Collin, TX (CT)",0,775,775,0,2256,2256
48085030525,"Collin, TX (CT)",0,2046,2046,0,6196,6196
48085030526,"Collin, TX (CT)",0,2927,2927,0,7247,7247
48085030527,"Collin, TX (CT)",0,1214,1214,0,3747,3747
48085030528,"Collin, TX (CT)",0,2743,2743,0,7405,7405
48085030529,"Collin, TX (CT)",0,1172,1172,0,3240,3240
48085030530,"Collin, TX (CT)",0,2274,2274,0,6025,6025
48085030531,"Collin, TX (CT)",0,1886,1886,0,5663,5663
48085030601,"Collin, TX (CT)",0,3365,3365,0,8448,8448
48085030603,"Collin, TX (CT)",0,2705,2705,0,6996,6996
48085030604,"Collin, TX (CT)",0,614,614,0,3009,3009
48085030605,"Collin, TX (CT)",0,2111,2111,0,6293,6293
48085030701,"Collin, TX (CT)",0,1054,1054,0,3371,3371
48085030702,"Collin, TX (CT)",0,1949,1949,0,4867,4867
48085030801,"Collin, TX (CT)",0,1955,1955,0,3923,3923
48085030802,"Collin, TX (CT)",0,2234,2234,0,5635,5635
48085030900,"Collin, TX (CT)",93,2763,2856,256,8606,8862
48085031001,"Collin, TX (CT)",1394,1031,2425,3844,2791,6635
48085031003,"Collin, TX (CT)",557,995,1552,1515,2765,4280
48085031004,"Collin, TX (CT)",1055,1041,2096,2750,2590,5340
48085031100,"Collin, TX (CT)",2321,1234,3555,6062,3138,9200
48085031201,"Collin, TX (CT)",1297,466,1763,3455,1332,4787
48085031202,"Collin, TX (CT)",828,557,1385,2383,1627,4010
48085031308,"Collin, TX (CT)",90,2000,2090,230,6128,6358
48085031309,"Collin, TX (CT)",0,3239,3239,0,9371,9371
48085031310,"Collin, TX (CT)",37,3089,3126,101,8935,9036
48085031311,"Collin, TX (CT)",19,3463,3482,38,9368,9406
48085031312,"Collin, TX (CT)",79,2108,2187,220,6014,6234
48085031313,"Collin, TX (CT)",190,3303,3493,576,11634,12210
48085031314,"Collin, TX (CT)",180,591,771,560,1731,2291
48085031315,"Collin, TX (CT)",76,5039,5115,214,16510,16724
48085031316,"Collin, TX (CT)",0,1833,1833,0,6399,6399
48085031317,"Collin, TX (CT)",0,2519,2519,0,7724,7724
48085031405,"Collin, TX (CT)",101,5277,5378,283,16535,16818
48085031406,"Collin, TX (CT)",17,5213,5230,58,16066,16124
48085031407,"Collin, TX (CT)",418,2339,2757,994,5877,6871
48085031408,"Collin, TX (CT)",0,1000,1000,0,3157,3157
48085031409,"Collin, TX (CT)",0,3243,3243,0,9572,9572
48085031410,"Collin, TX (CT)",0,2932,2932,0,8491,8491
48085031411,"Collin, TX (CT)",13,1529,1542,27,4859,4886
48085031504,"Collin, TX (CT)",0,2398,2398,0,7029,7029
48085031505,"Collin, TX (CT)",0,2845,2845,0,8096,8096
48085031506,"Collin, TX (CT)",0,3271,3271,0,8587,8587
48085031507,"Collin, TX (CT)",0,1873,1873,0,4391,4391
48085031508,"Collin, TX (CT)",0,2265,2265,0,5626,5626
48085031611,"Collin, TX (CT)",0,1401,1401,0,3639,3639
48085031612,"Collin, TX (CT)",0,2311,2311,0,6101,6101
48085031613,"Collin, TX (CT)",0,2178,2178,0,5469,5469
48085031621,"Collin, TX (CT)",0,2713,2713,0,5760,5760
48085031622,"Collin, TX (CT)",0,2138,2138,0,5405,5405
48085031623,"Collin, TX (CT)",0,1204,1204,0,2786,2786
48085031624,"Collin, TX (CT)",0,1545,1545,0,3659,3659
48085031625,"Collin, TX (CT)",0,1782,1782,0,4227,4227
48085031626,"Collin, TX (CT)",0,923,923,0,2380,2380
48085031627,"Collin, TX (CT)",0,1851,1851,0,4763,4763
48085031628,"Collin, TX (CT)",0,1404,1404,0,3637,3637
48085031629,"Collin, TX (CT)",0,1324,1324,0,3505,3505
48085031630,"Collin, TX (CT)",0,1576,1576,0,4428,4428
48085031631,"Collin, TX (CT)",0,1859,1859,0,4440,4440
48085031632,"Collin, TX (CT)",0,2409,2409,0,5346,5346
48085031633,"Collin, TX (CT)",0,1411,1411,0,3705,3705
48085031634,"Collin, TX (CT)",0,1243,1243,0,2973,2973
48085031635,"Collin, TX (CT)",0,1728,1728,0,4007,4007
48085031636,"Collin, TX (CT)",0,2680,2680,0,6284,6284
48085031637,"Collin, TX (CT)",0,2256,2256,0,6952,6952
48085031638,"Collin, TX (CT)",0,2102,2102,0,7000,7000
48085031639,"Collin, TX (CT)",0,2368,2368,0,6053,6053
48085031640,"Collin, TX (CT)",0,3462,3462,0,7693,7693
48085031641,"Collin, TX (CT)",0,1995,1995,0,6306,6306
48085031642,"Collin, TX (CT)",0,1611,1611,0,4633,4633
48085031643,"Collin, TX (CT)",0,1877,1877,0,4207,4207
48085031645,"Collin, TX (CT)",0,689,689,0,2162,2162
48085031646,"Collin, TX (CT)",0,1984,1984,0,5598,5598
48085031647,"Collin, TX (CT)",0,1454,1454,0,3038,3038
48085031648,"Collin, TX (CT)",0,2682,2682,0,6880,6880
48085031649,"Collin, TX (CT)",0,2006,2006,0,4466,4466
48085031652,"Collin, TX (CT)",0,3519,3519,0,7269,7269
48085031653,"Collin, TX (CT)",0,2924,2924,0,7199,7199
48085031654,"Collin, TX (CT)",0,1284,1284,0,3771,3771
48085031655,"Collin, TX (CT)",0,2199,2199,0,4672,4672
48085031656,"Collin, TX (CT)",0,1060,1060,0,2535,2535
48085031657,"Collin, TX (CT)",0,938,938,0,1268,1268
48085031658,"Collin, TX (CT)",0,2779,2779,0,3868,3868
48085031659,"Collin, TX (CT)",0,936,936,0,1858,1858
48085031660,"Collin, TX (CT)",0,1933,1933,0,3588,3588
48085031661,"Collin, TX (CT)",0,920,920,0,2789,2789
48085031662,"Collin, TX (CT)",0,1515,1515,0,4599,4599
48085031663,"Collin, TX (CT)",0,1243,1243,0,3326,3326
48085031664,"Collin, TX (CT)",0,1281,1281,0,3982,3982
48085031704,"Collin, TX (CT)",0,2126,2126,0,3825,3825
48085031706,"Collin, TX (CT)",0,829,829,0,2294,2294
48085031708,"Collin, TX (CT)",0,2063,2063,0,3819,3819
48085031709,"Collin, TX (CT)",0,2232,2232,0,4504,4504
48085031711,"Collin, TX (CT)",0,1540,1540,0,3066,3066
48085031712,"Collin, TX (CT)",0,3047,3047,0,4967,4967
48085031713,"Collin, TX (CT)",0,2541,2541,0,3972,3972
48085031714,"Collin, TX (CT)",0,3615,3615,0,5028,5028
48085031715,"Collin, TX (CT)",0,1230,1230,0,2544,2544
48085031716,"Collin, TX (CT)",0,1225,1225,0,2048,2048
48085031717,"Collin, TX (CT)",0,1292,1292,0,2067,2067
48085031718,"Collin, TX (CT)",0,1046,1046,0,2477,2477
48085031719,"Collin, TX (CT)",0,853,853,0,1733,1733
48085031720,"Collin, TX (CT)",0,2438,2438,0,4072,4072
48085031802,"Collin, TX (CT)",0,2593,2593,0,6124,6124
48085031804,"Collin, TX (CT)",0,1894,1894,0,4222,4222
48085031805,"Collin, TX (CT)",0,2024,2024,0,5024,5024
48085031806,"Collin, TX (CT)",0,889,889,0,1634,1634
48085031807,"Collin, TX (CT)",0,2256,2256,0,4718,4718
48085031900,"Collin, TX (CT)",0,1678,1678,0,4397,4397
48085032003,"Collin, TX (CT)",0,2215,2215,0,5735,5735
48085032004,"Collin, TX (CT)",0,2515,2515,0,7381,7381
48085032008,"Collin, TX (CT)",0,1627,1627,0,4226,4226
48085032009,"Collin, TX (CT)",0,2471,2471,0,6637,6637
48085032010,"Collin, TX (CT)",0,1818,1818,0,4727,4727
48085032011,"Collin, TX (CT)",0,2208,2208,0,5971,5971
48085032012,"Collin, TX (CT)",0,1290,1290,0,4164,4164
48085032013,"Collin, TX (CT)",0,2152,2152,0,5721,5721
48087950300,"Collingsworth, TX (CT)",1616,0,1616,3057,0,3057
48089750100,"Colorado, TX (CT)",547,1508,2055,1141,3628,4769
48089750200,"Colorado, TX (CT)",1203,0,1203,2162,0,2162
48089750300,"Colorado, TX (CT)",2708,0,2708,4769,0,4769
48089750400,"Colorado, TX (CT)",2025,597,2622,3678,1349,5027
48089750500,"Colorado, TX (CT)",652,1287,1939,1320,2827,4147
48091310100,"Comal, TX (CT)",0,1724,1724,0,3151,3151
48091310200,"Comal, TX (CT)",0,1508,1508,0,2482,2482
48091310300,"Comal, TX (CT)",0,3270,3270,0,6823,6823
48091310401,"Comal, TX (CT)",0,1881,1881,0,5626,5626
48091310403,"Comal, TX (CT)",53,2184,2237,142,5395,5537
48091310404,"Comal, TX (CT)",0,1635,1635,0,4311,4311
48091310501,"Comal, TX (CT)",0,1249,1249,0,3447,3447
48091310502,"Comal, TX (CT)",4,1729,1733,8,4435,4443
48091310503,"Comal, TX (CT)",0,1744,1744,0,3555,3555
48091310603,"Comal, TX (CT)",1410,0,1410,3057,0,3057
48091310604,"Comal, TX (CT)",0,1734,1734,0,2664,2664
48091310605,"Comal, TX (CT)",2344,0,2344,4862,0,4862
48091310606,"Comal, TX (CT)",2575,0,2575,4464,0,4464
48091310607,"Comal, TX (CT)",2166,751,2917,3535,1159,4694
48091310608,"Comal, TX (CT)",875,759,1634,1972,1454,3426
48091310701,"Comal, TX (CT)",1544,596,2140,4049,1608,5657
48091310702,"Comal, TX (CT)",1792,0,1792,4792,0,4792
48091310703,"Comal, TX (CT)",2029,0,2029,5430,0,5430
48091310704,"Comal, TX (CT)",1815,389,2204,4703,987,5690
48091310801,"Comal, TX (CT)",828,1097,1925,2174,2775,4949
48091310802,"Comal, TX (CT)",815,1291,2106,1939,3692,5631
48091310901,"Comal, TX (CT)",1022,681,1703,2197,1843,4040
48091310902,"Comal, TX (CT)",1170,1030,2200,2941,3010,5951
48091310903,"Comal, TX (CT)",1414,0,1414,3790,0,3790
48093950100,"Comanche, TX (CT)",2378,0,2378,4424,0,4424
48093950200,"Comanche, TX (CT)",1838,44,1882,3273,114,3387
48093950300,"Comanche, TX (CT)",136,1725,1861,273,3874,4147
48093950400,"Comanche, TX (CT)",1102,0,1102,2016,0,2016
48095950300,"Concho, TX (CT)",1637,0,1637,4087,0,4087
48097000100,"Cooke, TX (CT)",2379,7,2386,5613,279,5892
48097000200,"Cooke, TX (CT)",2235,0,2235,5025,0,5025
48097000400,"Cooke, TX (CT)",86,682,768,177,1788,1965
48097000500,"Cooke, TX (CT)",20,1521,1541,45,3564,3609
48097000600,"Cooke, TX (CT)",54,1901,1955,96,4390,4486
48097000700,"Cooke, TX (CT)",3255,0,3255,6531,0,6531
48097000900,"Cooke, TX (CT)",1881,88,1969,4579,195,4774
48097001100,"Cooke, TX (CT)",237,2260,2497,625,5530,6155
48099010101,"Coryell, TX (CT)",1653,0,1653,3606,0,3606
48099010102,"Coryell, TX (CT)",1696,0,1696,3276,0,3276
48099010201,"Coryell, TX (CT)",0,52,52,0,7806,7806
48099010202,"Coryell, TX (CT)",830,1326,2156,1899,3099,4998
48099010300,"Coryell, TX (CT)",327,576,903,723,1841,2564
48099010400,"Coryell, TX (CT)",670,1120,1790,1519,2564,4083
48099010501,"Coryell, TX (CT)",0,1291,1291,0,5245,5245
48099010502,"Coryell, TX (CT)",0,985,985,0,4296,4296
48099010503,"Coryell, TX (CT)",0,0,0,0,2614,2614
48099010504,"Coryell, TX (CT)",0,695,695,0,2671,2671
48099010601,"Coryell, TX (CT)",0,2007,2007,0,4353,4353
48099010603,"Coryell, TX (CT)",0,2102,2102,0,5318,5318
48099010604,"Coryell, TX (CT)",726,1008,1734,1940,2913,4853
48099010701,"Coryell, TX (CT)",455,1241,1696,1209,2933,4142
48099010702,"Coryell, TX (CT)",0,1453,1453,0,3294,3294
48099010802,"Coryell, TX (CT)",182,1892,2074,445,4921,5366
48099010803,"Coryell, TX (CT)",0,931,931,0,2651,2651
48099010804,"Coryell, TX (CT)",0,1948,1948,0,4226,4226
48099980000,"Coryell, TX (CT)",12,0,12,26,0,26
48101950100,"Cottle, TX (CT)",968,0,968,1505,0,1505
48103950100,"Crane, TX (CT)",190,1442,1632,468,3907,4375
48105950100,"Crockett, TX (CT)",635,1231,1866,846,2873,3719
48107950100,"Crosby, TX (CT)",1207,0,1207,2234,0,2234
48107950200,"Crosby, TX (CT)",1019,0,1019,2346,0,2346
48107950300,"Crosby, TX (CT)",676,0,676,1479,0,1479
48109950300,"Culberson, TX (CT)",1137,0,1137,2398,0,2398
48111950100,"Dallam, TX (CT)",644,0,644,1455,0,1455
48111950300,"Dallam, TX (CT)",62,2121,2183,123,5125,5248
48113000100,"Dallas, TX (CT)",0,2057,2057,0,4009,4009
48113000201,"Dallas, TX (CT)",0,1474,1474,0,2875,2875
48113000202,"Dallas, TX (CT)",0,2007,2007,0,3409,3409
48113000300,"Dallas, TX (CT)",0,2468,2468,0,4080,4080
48113000401,"Dallas, TX (CT)",0,1931,1931,0,4830,4830
48113000404,"Dallas, TX (CT)",0,2007,2007,0,3451,3451
48113000405,"Dallas, TX (CT)",0,1429,1429,0,2710,2710
48113000406,"Dallas, TX (CT)",0,2393,2393,0,7200,7200
48113000500,"Dallas, TX (CT)",0,3709,3709,0,5537,5537
48113000601,"Dallas, TX (CT)",0,3404,3404,0,5987,5987
48113000603,"Dallas, TX (CT)",0,2843,2843,0,3465,3465
48113000605,"Dallas, TX (CT)",0,1820,1820,0,2145,2145
48113000606,"Dallas, TX (CT)",0,2345,2345,0,3035,3035
48113000701,"Dallas, TX (CT)",0,3066,3066,0,4048,4048
48113000702,"Dallas, TX (CT)",0,2357,2357,0,2758,2758
48113000800,"Dallas, TX (CT)",0,2915,2915,0,6355,6355
48113000900,"Dallas, TX (CT)",0,2901,2901,0,4743,4743
48113001001,"Dallas, TX (CT)",0,1015,1015,0,1602,1602
48113001002,"Dallas, TX (CT)",0,1068,1068,0,2204,2204
48113001101,"Dallas, TX (CT)",0,2019,2019,0,3358,3358
48113001102,"Dallas, TX (CT)",0,1278,1278,0,2284,2284
48113001202,"Dallas, TX (CT)",0,1747,1747,0,3133,3133
48113001203,"Dallas, TX (CT)",0,539,539,0,1477,1477
48113001204,"Dallas, TX (CT)",0,701,701,0,2572,2572
48113001301,"Dallas, TX (CT)",0,1583,1583,0,2605,2605
48113001302,"Dallas, TX (CT)",0,1421,1421,0,2828,2828
48113001400,"Dallas, TX (CT)",0,2016,2016,0,3756,3756
48113001502,"Dallas, TX (CT)",0,1537,1537,0,3328,3328
48113001503,"Dallas, TX (CT)",0,1606,1606,0,3111,3111
48113001504,"Dallas, TX (CT)",0,1425,1425,0,2463,2463
48113001600,"Dallas, TX (CT)",0,2139,2139,0,3696,3696
48113001701,"Dallas, TX (CT)",0,54,54,0,75,75
48113001703,"Dallas, TX (CT)",0,2425,2425,0,3164,3164
48113001704,"Dallas, TX (CT)",0,1142,1142,0,1394,1394
48113001800,"Dallas, TX (CT)",0,2851,2851,0,3575,3575
48113001900,"Dallas, TX (CT)",0,3367,3367,0,4135,4135
48113002000,"Dallas, TX (CT)",0,2536,2536,0,5741,5741
48113002100,"Dallas, TX (CT)",0,1027,1027,0,1195,1195
48113002200,"Dallas, TX (CT)",0,1378,1378,0,2279,2279
48113002400,"Dallas, TX (CT)",0,1134,1134,0,3727,3727
48113002500,"Dallas, TX (CT)",0,1818,1818,0,5308,5308
48113002701,"Dallas, TX (CT)",0,1410,1410,0,3033,3033
48113002702,"Dallas, TX (CT)",0,817,817,0,1559,1559
48113003101,"Dallas, TX (CT)",0,2236,2236,0,2474,2474
48113003400,"Dallas, TX (CT)",0,691,691,0,1146,1146
48113003700,"Dallas, TX (CT)",0,1497,1497,0,3048,3048
48113003800,"Dallas, TX (CT)",0,1114,1114,0,1956,1956
48113003901,"Dallas, TX (CT)",0,809,809,0,1724,1724
48113003902,"Dallas, TX (CT)",0,831,831,0,1860,1860
48113004000,"Dallas, TX (CT)",0,616,616,0,1082,1082
48113004100,"Dallas, TX (CT)",0,509,509,0,1155,1155
48113004201,"Dallas, TX (CT)",0,1671,1671,0,3970,3970
48113004202,"Dallas, TX (CT)",0,971,971,0,2237,2237
48113004300,"Dallas, TX (CT)",0,713,713,0,2375,2375
48113004400,"Dallas, TX (CT)",0,1595,1595,0,3107,3107
48113004500,"Dallas, TX (CT)",0,1988,1988,0,6008,6008
48113004600,"Dallas, TX (CT)",0,903,903,0,1709,1709
48113004700,"Dallas, TX (CT)",0,1071,1071,0,3723,3723
48113004800,"Dallas, TX (CT)",0,994,994,0,3205,3205
48113004900,"Dallas, TX (CT)",0,1481,1481,0,3849,3849
48113005000,"Dallas, TX (CT)",0,1300,1300,0,4322,4322
48113005100,"Dallas, TX (CT)",0,815,815,0,2878,2878
48113005200,"Dallas, TX (CT)",0,1402,1402,0,4713,4713
48113005300,"Dallas, TX (CT)",0,2098,2098,0,7085,7085
48113005400,"Dallas, TX (CT)",0,1793,1793,0,5297,5297
48113005500,"Dallas, TX (CT)",0,1379,1379,0,3505,3505
48113005600,"Dallas, TX (CT)",0,1903,1903,0,6638,6638
48113005700,"Dallas, TX (CT)",0,1623,1623,0,4400,4400
48113005901,"Dallas, TX (CT)",0,1980,1980,0,5051,5051
48113005902,"Dallas, TX (CT)",0,1602,1602,0,4101,4101
48113006001,"Dallas, TX (CT)",0,1191,1191,0,4061,4061
48113006002,"Dallas, TX (CT)",0,2038,2038,0,5859,5859
48113006100,"Dallas, TX (CT)",0,1622,1622,0,4263,4263
48113006200,"Dallas, TX (CT)",0,1955,1955,0,5940,5940
48113006301,"Dallas, TX (CT)",0,1653,1653,0,5879,5879
48113006302,"Dallas, TX (CT)",0,1359,1359,0,4428,4428
48113006401,"Dallas, TX (CT)",0,669,669,0,2570,2570
48113006402,"Dallas, TX (CT)",0,1416,1416,0,5328,5328
48113006501,"Dallas, TX (CT)",0,1612,1612,0,6248,6248
48113006502,"Dallas, TX (CT)",0,960,960,0,3752,3752
48113006700,"Dallas, TX (CT)",0,2108,2108,0,7486,7486
48113006800,"Dallas, TX (CT)",0,1793,1793,0,4974,4974
48113006900,"Dallas, TX (CT)",0,1321,1321,0,3456,3456
48113007101,"Dallas, TX (CT)",0,1096,1096,0,1854,1854
48113007102,"Dallas, TX (CT)",0,2711,2711,0,5919,5919
48113007201,"Dallas, TX (CT)",0,2811,2811,0,8211,8211
48113007202,"Dallas, TX (CT)",0,2950,2950,0,7581,7581
48113007301,"Dallas, TX (CT)",0,984,984,0,1957,1957
48113007302,"Dallas, TX (CT)",0,2003,2003,0,4138,4138
48113007601,"Dallas, TX (CT)",0,804,804,0,1901,1901
48113007604,"Dallas, TX (CT)",0,1229,1229,0,3261,3261
48113007605,"Dallas, TX (CT)",0,892,892,0,1839,1839
48113007700,"Dallas, TX (CT)",0,3253,3253,0,5140,5140
48113007801,"Dallas, TX (CT)",0,1249,1249,0,2088,2088
48113007804,"Dallas, TX (CT)",0,2903,2903,0,5005,5005
48113007805,"Dallas, TX (CT)",0,1611,1611,0,3261,3261
48113007809,"Dallas, TX (CT)",0,1267,1267,0,2269,2269
48113007810,"Dallas, TX (CT)",0,2060,2060,0,3953,3953
48113007811,"Dallas, TX (CT)",0,3144,3144,0,4738,4738
48113007812,"Dallas, TX (CT)",0,1175,1175,0,2909,2909
48113007815,"Dallas, TX (CT)",0,1993,1993,0,4606,4606
48113007818,"Dallas, TX (CT)",0,2855,2855,0,6019,6019
48113007819,"Dallas, TX (CT)",0,1453,1453,0,2022,2022
48113007820,"Dallas, TX (CT)",0,2482,2482,0,5738,5738
48113007821,"Dallas, TX (CT)",0,1749,1749,0,4446,4446
48113007822,"Dallas, TX (CT)",0,822,822,0,1085,1085
48113007823,"Dallas, TX (CT)",0,426,426,0,1413,1413
48113007824,"Dallas, TX (CT)",0,670,670,0,1665,1665
48113007825,"Dallas, TX (CT)",0,2516,2516,0,5429,5429
48113007826,"Dallas, TX (CT)",0,204,204,0,350,350
48113007827,"Dallas, TX (CT)",0,1482,1482,0,2363,2363
48113007902,"Dallas, TX (CT)",0,2838,2838,0,5081,5081
48113007903,"Dallas, TX (CT)",0,1176,1176,0,1786,1786
48113007906,"Dallas, TX (CT)",0,1190,1190,0,2469,2469
48113007909,"Dallas, TX (CT)",0,1557,1557,0,2049,2049
48113007910,"Dallas, TX (CT)",0,2261,2261,0,3202,3202
48113007911,"Dallas, TX (CT)",0,2316,2316,0,3136,3136
48113007912,"Dallas, TX (CT)",0,1116,1116,0,1818,1818
48113007913,"Dallas, TX (CT)",0,1371,1371,0,1860,1860
48113007914,"Dallas, TX (CT)",0,1585,1585,0,2363,2363
48113008000,"Dallas, TX (CT)",0,2796,2796,0,6525,6525
48113008100,"Dallas, TX (CT)",0,3469,3469,0,6265,6265
48113008200,"Dallas, TX (CT)",0,1922,1922,0,3933,3933
48113008400,"Dallas, TX (CT)",0,2866,2866,0,9859,9859
48113008500,"Dallas, TX (CT)",0,1335,1335,0,4933,4933
48113008603,"Dallas, TX (CT)",0,448,448,0,1237,1237
48113008604,"Dallas, TX (CT)",0,1399,1399,0,3077,3077
48113008701,"Dallas, TX (CT)",0,1914,1914,0,4470,4470
48113008703,"Dallas, TX (CT)",0,1028,1028,0,2583,2583
48113008704,"Dallas, TX (CT)",0,1655,1655,0,3407,3407
48113008705,"Dallas, TX (CT)",0,521,521,0,1382,1382
48113008801,"Dallas, TX (CT)",0,1070,1070,0,2424,2424
48113008802,"Dallas, TX (CT)",0,2032,2032,0,5206,5206
48113008900,"Dallas, TX (CT)",0,1228,1228,0,2713,2713
48113009000,"Dallas, TX (CT)",0,2606,2606,0,7979,7979
48113009101,"Dallas, TX (CT)",0,1636,1636,0,5684,5684
48113009103,"Dallas, TX (CT)",0,1047,1047,0,3543,3543
48113009104,"Dallas, TX (CT)",0,939,939,0,3424,3424
48113009105,"Dallas, TX (CT)",0,1088,1088,0,4186,4186
48113009201,"Dallas, TX (CT)",0,1865,1865,0,6448,6448
48113009202,"Dallas, TX (CT)",0,1661,1661,0,6059,6059
48113009301,"Dallas, TX (CT)",0,1269,1269,0,4975,4975
48113009303,"Dallas, TX (CT)",0,1140,1140,0,4039,4039
48113009304,"Dallas, TX (CT)",0,2289,2289,0,5812,5812
48113009401,"Dallas, TX (CT)",0,1442,1442,0,3670,3670
48113009402,"Dallas, TX (CT)",0,1295,1295,0,2382,2382
48113009500,"Dallas, TX (CT)",0,975,975,0,2247,2247
48113009603,"Dallas, TX (CT)",0,1945,1945,0,4624,4624
48113009604,"Dallas, TX (CT)",0,2209,2209,0,4807,4807
48113009605,"Dallas, TX (CT)",0,1279,1279,0,3377,3377
48113009607,"Dallas, TX (CT)",0,1525,1525,0,3458,3458
48113009608,"Dallas, TX (CT)",0,1920,1920,0,4922,4922
48113009609,"Dallas, TX (CT)",0,1199,1199,0,2880,2880
48113009610,"Dallas, TX (CT)",0,1513,1513,0,5068,5068
48113009611,"Dallas, TX (CT)",0,1288,1288,0,3481,3481
48113009701,"Dallas, TX (CT)",0,1534,1534,0,4634,4634
48113009702,"Dallas, TX (CT)",0,1301,1301,0,3060,3060
48113009802,"Dallas, TX (CT)",0,1864,1864,0,6144,6144
48113009803,"Dallas, TX (CT)",0,798,798,0,2402,2402
48113009804,"Dallas, TX (CT)",0,2352,2352,0,7418,7418
48113009900,"Dallas, TX (CT)",0,1362,1362,0,2537,2537
48113010000,"Dallas, TX (CT)",0,1760,1760,0,11780,11780
48113010101,"Dallas, TX (CT)",0,1496,1496,0,4549,4549
48113010102,"Dallas, TX (CT)",0,904,904,0,3178,3178
48113010500,"Dallas, TX (CT)",0,817,817,0,2798,2798
48113010601,"Dallas, TX (CT)",0,1506,1506,0,5729,5729
48113010602,"Dallas, TX (CT)",0,877,877,0,3010,3010
48113010701,"Dallas, TX (CT)",0,1546,1546,0,4694,4694
48113010703,"Dallas, TX (CT)",0,864,864,0,3046,3046
48113010704,"Dallas, TX (CT)",0,1686,1686,0,5378,5378
48113010801,"Dallas, TX (CT)",0,2871,2871,0,9363,9363
48113010803,"Dallas, TX (CT)",0,2698,2698,0,6610,6610
48113010804,"Dallas, TX (CT)",0,1826,1826,0,4442,4442
48113010805,"Dallas, TX (CT)",0,1657,1657,0,5706,5706
48113010902,"Dallas, TX (CT)",0,2911,2911,0,6211,6211
48113010903,"Dallas, TX (CT)",0,1424,1424,0,3213,3213
48113010904,"Dallas, TX (CT)",0,1671,1671,0,3281,3281
48113011001,"Dallas, TX (CT)",0,2694,2694,0,6484,6484
48113011002,"Dallas, TX (CT)",0,1230,1230,0,3213,3213
48113011101,"Dallas, TX (CT)",0,1612,1612,0,3998,3998
48113011103,"Dallas, TX (CT)",0,1221,1221,0,3917,3917
48113011104,"Dallas, TX (CT)",0,1329,1329,0,3625,3625
48113011105,"Dallas, TX (CT)",0,1542,1542,0,4140,4140
48113011200,"Dallas, TX (CT)",0,2306,2306,0,6288,6288
48113011300,"Dallas, TX (CT)",0,1829,1829,0,5088,5088
48113011401,"Dallas, TX (CT)",0,1939,1939,0,4847,4847
48113011500,"Dallas, TX (CT)",12,1018,1030,31,3154,3185
48113011601,"Dallas, TX (CT)",202,1363,1565,679,4094,4773
48113011602,"Dallas, TX (CT)",38,1735,1773,110,6111,6221
48113011701,"Dallas, TX (CT)",0,1788,1788,0,6153,6153
48113011702,"Dallas, TX (CT)",0,1489,1489,0,5366,5366
48113011800,"Dallas, TX (CT)",0,2823,2823,0,9352,9352
48113011900,"Dallas, TX (CT)",0,2669,2669,0,9442,9442
48113012000,"Dallas, TX (CT)",0,2703,2703,0,7184,7184
48113012100,"Dallas, TX (CT)",0,1954,1954,0,5731,5731
48113012204,"Dallas, TX (CT)",0,2473,2473,0,5784,5784
48113012206,"Dallas, TX (CT)",0,1849,1849,0,4605,4605
48113012207,"Dallas, TX (CT)",0,2710,2710,0,7336,7336
48113012208,"Dallas, TX (CT)",0,1087,1087,0,2766,2766
48113012209,"Dallas, TX (CT)",0,1258,1258,0,2984,2984
48113012210,"Dallas, TX (CT)",0,2257,2257,0,4060,4060
48113012211,"Dallas, TX (CT)",0,1907,1907,0,3961,3961
48113012301,"Dallas, TX (CT)",0,1461,1461,0,4374,4374
48113012302,"Dallas, TX (CT)",0,2780,2780,0,6950,6950
48113012400,"Dallas, TX (CT)",0,2204,2204,0,5221,5221
48113012500,"Dallas, TX (CT)",0,2514,2514,0,7824,7824
48113012601,"Dallas, TX (CT)",0,1983,1983,0,5734,5734
48113012603,"Dallas, TX (CT)",0,668,668,0,1947,1947
48113012604,"Dallas, TX (CT)",0,2726,2726,0,5348,5348
48113012701,"Dallas, TX (CT)",0,2079,2079,0,6128,6128
48113012702,"Dallas, TX (CT)",0,1047,1047,0,2969,2969
48113012800,"Dallas, TX (CT)",0,3115,3115,0,7169,7169
48113012900,"Dallas, TX (CT)",0,2353,2353,0,4324,4324
48113013004,"Dallas, TX (CT)",0,2554,2554,0,6069,6069
48113013005,"Dallas, TX (CT)",0,1715,1715,0,3339,3339
48113013007,"Dallas, TX (CT)",0,1361,1361,0,3408,3408
48113013008,"Dallas, TX (CT)",0,1419,1419,0,3630,3630
48113013009,"Dallas, TX (CT)",0,1848,1848,0,4824,4824
48113013010,"Dallas, TX (CT)",0,2061,2061,0,4388,4388
48113013011,"Dallas, TX (CT)",0,2121,2121,0,4794,4794
48113013101,"Dallas, TX (CT)",0,1275,1275,0,2827,2827
48113013102,"Dallas, TX (CT)",0,866,866,0,1660,1660
48113013104,"Dallas, TX (CT)",0,627,627,0,887,887
48113013105,"Dallas, TX (CT)",0,3905,3905,0,6073,6073
48113013200,"Dallas, TX (CT)",0,3866,3866,0,6206,6206
48113013300,"Dallas, TX (CT)",0,797,797,0,1987,1987
48113013400,"Dallas, TX (CT)",0,789,789,0,1938,1938
48113013500,"Dallas, TX (CT)",0,916,916,0,2459,2459
48113013605,"Dallas, TX (CT)",0,2066,2066,0,5296,5296
48113013606,"Dallas, TX (CT)",0,2552,2552,0,5304,5304
48113013607,"Dallas, TX (CT)",0,1333,1333,0,3370,3370
48113013608,"Dallas, TX (CT)",0,1108,1108,0,2535,2535
48113013609,"Dallas, TX (CT)",0,1303,1303,0,3643,3643
48113013610,"Dallas, TX (CT)",0,1704,1704,0,4339,4339
48113013611,"Dallas, TX (CT)",0,1473,1473,0,2605,2605
48113013615,"Dallas, TX (CT)",0,2560,2560,0,5230,5230
48113013616,"Dallas, TX (CT)",0,4018,4018,0,5611,5611
48113013617,"Dallas, TX (CT)",0,1304,1304,0,2724,2724
48113013618,"Dallas, TX (CT)",0,979,979,0,2265,2265
48113013619,"Dallas, TX (CT)",0,2114,2114,0,4872,4872
48113013620,"Dallas, TX (CT)",0,2837,2837,0,4029,4029
48113013621,"Dallas, TX (CT)",0,2313,2313,0,3801,3801
48113013622,"Dallas, TX (CT)",0,1753,1753,0,2781,2781
48113013623,"Dallas, TX (CT)",0,3599,3599,0,6270,6270
48113013624,"Dallas, TX (CT)",0,2218,2218,0,3222,3222
48113013625,"Dallas, TX (CT)",0,1378,1378,0,2625,2625
48113013626,"Dallas, TX (CT)",0,1691,1691,0,2619,2619
48113013711,"Dallas, TX (CT)",0,871,871,0,2867,2867
48113013712,"Dallas, TX (CT)",0,670,670,0,2311,2311
48113013713,"Dallas, TX (CT)",0,574,574,0,1874,1874
48113013714,"Dallas, TX (CT)",0,1643,1643,0,6058,6058
48113013715,"Dallas, TX (CT)",0,645,645,0,2372,2372
48113013716,"Dallas, TX (CT)",0,1679,1679,0,4452,4452
48113013717,"Dallas, TX (CT)",0,909,909,0,2755,2755
48113013718,"Dallas, TX (CT)",0,1399,1399,0,4650,4650
48113013719,"Dallas, TX (CT)",0,1372,1372,0,3568,3568
48113013720,"Dallas, TX (CT)",0,2037,2037,0,5430,5430
48113013721,"Dallas, TX (CT)",0,2383,2383,0,5892,5892
48113013722,"Dallas, TX (CT)",0,1955,1955,0,3633,3633
48113013725,"Dallas, TX (CT)",0,1909,1909,0,3615,3615
48113013726,"Dallas, TX (CT)",0,1488,1488,0,2673,2673
48113013727,"Dallas, TX (CT)",0,1984,1984,0,3235,3235
48113013803,"Dallas, TX (CT)",0,2488,2488,0,5657,5657
48113013804,"Dallas, TX (CT)",0,1276,1276,0,3169,3169
48113013805,"Dallas, TX (CT)",0,1407,1407,0,2357,2357
48113013806,"Dallas, TX (CT)",0,1701,1701,0,2515,2515
48113013901,"Dallas, TX (CT)",0,957,957,0,3298,3298
48113013902,"Dallas, TX (CT)",0,1552,1552,0,4184,4184
48113014001,"Dallas, TX (CT)",0,1467,1467,0,3705,3705
48113014002,"Dallas, TX (CT)",0,119,119,0,209,209
48113014103,"Dallas, TX (CT)",0,1410,1410,0,3015,3015
48113014113,"Dallas, TX (CT)",0,2282,2282,0,4670,4670
48113014114,"Dallas, TX (CT)",0,1720,1720,0,3117,3117
48113014115,"Dallas, TX (CT)",0,2287,2287,0,6571,6571
48113014116,"Dallas, TX (CT)",0,2253,2253,0,4542,4542
48113014119,"Dallas, TX (CT)",0,1485,1485,0,4145,4145
48113014120,"Dallas, TX (CT)",0,1800,1800,0,5037,5037
48113014121,"Dallas, TX (CT)",0,2738,2738,0,5162,5162
48113014123,"Dallas, TX (CT)",0,1905,1905,0,5870,5870
48113014124,"Dallas, TX (CT)",0,1442,1442,0,4133,4133
48113014126,"Dallas, TX (CT)",0,1931,1931,0,5761,5761
48113014127,"Dallas, TX (CT)",0,3604,3604,0,8315,8315
48113014128,"Dallas, TX (CT)",0,1673,1673,0,3511,3511
48113014129,"Dallas, TX (CT)",0,2113,2113,0,4561,4561
48113014130,"Dallas, TX (CT)",0,2091,2091,0,4090,4090
48113014131,"Dallas, TX (CT)",0,2189,2189,0,3811,3811
48113014132,"Dallas, TX (CT)",0,1047,1047,0,2169,2169
48113014133,"Dallas, TX (CT)",0,2299,2299,0,3909,3909
48113014134,"Dallas, TX (CT)",0,1418,1418,0,4065,4065
48113014135,"Dallas, TX (CT)",0,1757,1757,0,4451,4451
48113014136,"Dallas, TX (CT)",0,3046,3046,0,5418,5418
48113014137,"Dallas, TX (CT)",0,2001,2001,0,2626,2626
48113014138,"Dallas, TX (CT)",0,2022,2022,0,3574,3574
48113014203,"Dallas, TX (CT)",0,1236,1236,0,3118,3118
48113014204,"Dallas, TX (CT)",0,718,718,0,2275,2275
48113014205,"Dallas, TX (CT)",0,680,680,0,1619,1619
48113014206,"Dallas, TX (CT)",0,3241,3241,0,3877,3877
48113014302,"Dallas, TX (CT)",0,2433,2433,0,6671,6671
48113014306,"Dallas, TX (CT)",0,1791,1791,0,5462,5462
48113014307,"Dallas, TX (CT)",0,2007,2007,0,3911,3911
48113014308,"Dallas, TX (CT)",0,1526,1526,0,4136,4136
48113014309,"Dallas, TX (CT)",0,1931,1931,0,4385,4385
48113014310,"Dallas, TX (CT)",0,2075,2075,0,4472,4472
48113014311,"Dallas, TX (CT)",0,2324,2324,0,5017,5017
48113014312,"Dallas, TX (CT)",0,2863,2863,0,5423,5423
48113014403,"Dallas, TX (CT)",0,2082,2082,0,3909,3909
48113014405,"Dallas, TX (CT)",0,1423,1423,0,3695,3695
48113014406,"Dallas, TX (CT)",0,1657,1657,0,4617,4617
48113014407,"Dallas, TX (CT)",0,2160,2160,0,4881,4881
48113014408,"Dallas, TX (CT)",0,1722,1722,0,4137,4137
48113014501,"Dallas, TX (CT)",0,1133,1133,0,3169,3169
48113014502,"Dallas, TX (CT)",0,1665,1665,0,4932,4932
48113014601,"Dallas, TX (CT)",0,792,792,0,2595,2595
48113014602,"Dallas, TX (CT)",0,1600,1600,0,4500,4500
48113014603,"Dallas, TX (CT)",0,558,558,0,1943,1943
48113014701,"Dallas, TX (CT)",0,1656,1656,0,4666,4666
48113014702,"Dallas, TX (CT)",0,1249,1249,0,3898,3898
48113014703,"Dallas, TX (CT)",0,714,714,0,1929,1929
48113014901,"Dallas, TX (CT)",0,390,390,0,1393,1393
48113014902,"Dallas, TX (CT)",0,908,908,0,2416,2416
48113015000,"Dallas, TX (CT)",0,2572,2572,0,7996,7996
48113015100,"Dallas, TX (CT)",0,2140,2140,0,6509,6509
48113015202,"Dallas, TX (CT)",0,1202,1202,0,3618,3618
48113015204,"Dallas, TX (CT)",0,2405,2405,0,7438,7438
48113015205,"Dallas, TX (CT)",0,1263,1263,0,4078,4078
48113015206,"Dallas, TX (CT)",0,1377,1377,0,3938,3938
48113015303,"Dallas, TX (CT)",0,686,686,0,2092,2092
48113015304,"Dallas, TX (CT)",0,1232,1232,0,3461,3461
48113015305,"Dallas, TX (CT)",0,1495,1495,0,4297,4297
48113015306,"Dallas, TX (CT)",0,1762,1762,0,5020,5020
48113015401,"Dallas, TX (CT)",0,2942,2942,0,6114,6114
48113015403,"Dallas, TX (CT)",0,1251,1251,0,3008,3008
48113015404,"Dallas, TX (CT)",0,1507,1507,0,4462,4462
48113015500,"Dallas, TX (CT)",0,1289,1289,0,3550,3550
48113015600,"Dallas, TX (CT)",0,1518,1518,0,5129,5129
48113015700,"Dallas, TX (CT)",0,760,760,0,2579,2579
48113015800,"Dallas, TX (CT)",0,680,680,0,2430,2430
48113015900,"Dallas, TX (CT)",0,1360,1360,0,3731,3731
48113016001,"Dallas, TX (CT)",0,1436,1436,0,4455,4455
48113016002,"Dallas, TX (CT)",0,975,975,0,2855,2855
48113016100,"Dallas, TX (CT)",0,1680,1680,0,3852,3852
48113016201,"Dallas, TX (CT)",0,1372,1372,0,4393,4393
48113016202,"Dallas, TX (CT)",0,2508,2508,0,7309,7309
48113016301,"Dallas, TX (CT)",0,1732,1732,0,5955,5955
48113016302,"Dallas, TX (CT)",0,609,609,0,2031,2031
48113016401,"Dallas, TX (CT)",0,3003,3003,0,9995,9995
48113016406,"Dallas, TX (CT)",0,1662,1662,0,4857,4857
48113016407,"Dallas, TX (CT)",0,2215,2215,0,6703,6703
48113016408,"Dallas, TX (CT)",0,2496,2496,0,7115,7115
48113016409,"Dallas, TX (CT)",0,1192,1192,0,3377,3377
48113016410,"Dallas, TX (CT)",0,1610,1610,0,4951,4951
48113016411,"Dallas, TX (CT)",0,2898,2898,0,8935,8935
48113016412,"Dallas, TX (CT)",0,1491,1491,0,4364,4364
48113016413,"Dallas, TX (CT)",0,2381,2381,0,6809,6809
48113016502,"Dallas, TX (CT)",0,2386,2386,0,6849,6849
48113016509,"Dallas, TX (CT)",0,2059,2059,0,5565,5565
48113016510,"Dallas, TX (CT)",6,3910,3916,16,11019,11035
48113016511,"Dallas, TX (CT)",0,1408,1408,0,4259,4259
48113016513,"Dallas, TX (CT)",0,1871,1871,0,5079,5079
48113016514,"Dallas, TX (CT)",0,2649,2649,0,7428,7428
48113016516,"Dallas, TX (CT)",0,1900,1900,0,5504,5504
48113016517,"Dallas, TX (CT)",0,1673,1673,0,4279,4279
48113016518,"Dallas, TX (CT)",0,1771,1771,0,4912,4912
48113016519,"Dallas, TX (CT)",0,823,823,0,2267,2267
48113016520,"Dallas, TX (CT)",84,2127,2211,309,6644,6953
48113016521,"Dallas, TX (CT)",36,1532,1568,75,5251,5326
48113016522,"Dallas, TX (CT)",311,889,1200,861,2207,3068
48113016523,"Dallas, TX (CT)",452,1389,1841,1175,3559,4734
48113016605,"Dallas, TX (CT)",0,3036,3036,0,6941,6941
48113016606,"Dallas, TX (CT)",0,2982,2982,0,7138,7138
48113016607,"Dallas, TX (CT)",0,1907,1907,0,3297,3297
48113016610,"Dallas, TX (CT)",0,2034,2034,0,4796,4796
48113016611,"Dallas, TX (CT)",0,2361,2361,0,6133,6133
48113016612,"Dallas, TX (CT)",0,4208,4208,0,12568,12568
48113016615,"Dallas, TX (CT)",0,1309,1309,0,3715,3715
48113016616,"Dallas, TX (CT)",265,1587,1852,761,4806,5567
48113016617,"Dallas, TX (CT)",0,1652,1652,0,4413,4413
48113016618,"Dallas, TX (CT)",0,1819,1819,0,4518,4518
48113016619,"Dallas, TX (CT)",0,1600,1600,0,3434,3434
48113016620,"Dallas, TX (CT)",0,2072,2072,0,5412,5412
48113016621,"Dallas, TX (CT)",0,1928,1928,0,5403,5403
48113016622,"Dallas, TX (CT)",0,1215,1215,0,3539,3539
48113016623,"Dallas, TX (CT)",0,1899,1899,0,5765,5765
48113016624,"Dallas, TX (CT)",0,1205,1205,0,3479,3479
48113016625,"Dallas, TX (CT)",0,3286,3286,0,8841,8841
48113016626,"Dallas, TX (CT)",0,1796,1796,0,4658,4658
48113016701,"Dallas, TX (CT)",0,2183,2183,0,6084,6084
48113016703,"Dallas, TX (CT)",83,3260,3343,202,9527,9729
48113016704,"Dallas, TX (CT)",0,1490,1490,0,4132,4132
48113016705,"Dallas, TX (CT)",0,2671,2671,0,6742,6742
48113016802,"Dallas, TX (CT)",737,610,1347,1931,1757,3688
48113016803,"Dallas, TX (CT)",0,2414,2414,0,5781,5781
48113016804,"Dallas, TX (CT)",0,2766,2766,0,7439,7439
48113016902,"Dallas, TX (CT)",347,821,1168,1108,4455,5563
48113016903,"Dallas, TX (CT)",554,1342,1896,1366,3825,5191
48113017001,"Dallas, TX (CT)",862,1915,2777,2260,6830,9090
48113017003,"Dallas, TX (CT)",312,2933,3245,880,8687,9567
48113017004,"Dallas, TX (CT)",0,2491,2491,0,8357,8357
48113017101,"Dallas, TX (CT)",0,1675,1675,0,5144,5144
48113017102,"Dallas, TX (CT)",369,1190,1559,1049,3737,4786
48113017201,"Dallas, TX (CT)",0,2095,2095,0,5548,5548
48113017202,"Dallas, TX (CT)",0,3065,3065,0,8477,8477
48113017301,"Dallas, TX (CT)",0,1879,1879,0,6158,6158
48113017303,"Dallas, TX (CT)",0,2632,2632,0,7795,7795
48113017304,"Dallas, TX (CT)",0,2914,2914,0,9322,9322
48113017305,"Dallas, TX (CT)",40,3035,3075,107,9476,9583
48113017306,"Dallas, TX (CT)",159,2225,2384,469,7166,7635
48113017400,"Dallas, TX (CT)",0,1867,1867,0,5319,5319
48113017500,"Dallas, TX (CT)",0,1501,1501,0,3837,3837
48113017602,"Dallas, TX (CT)",0,1293,1293,0,4120,4120
48113017604,"Dallas, TX (CT)",0,1042,1042,0,3172,3172
48113017605,"Dallas, TX (CT)",0,1073,1073,0,3550,3550
48113017606,"Dallas, TX (CT)",0,1597,1597,0,4914,4914
48113017702,"Dallas, TX (CT)",0,2925,2925,0,7804,7804
48113017703,"Dallas, TX (CT)",0,1676,1676,0,4661,4661
48113017704,"Dallas, TX (CT)",0,2174,2174,0,6033,6033
48113017804,"Dallas, TX (CT)",0,2682,2682,0,5976,5976
48113017805,"Dallas, TX (CT)",0,2311,2311,0,5503,5503
48113017806,"Dallas, TX (CT)",0,1757,1757,0,4745,4745
48113017807,"Dallas, TX (CT)",0,2436,2436,0,5720,5720
48113017808,"Dallas, TX (CT)",0,1837,1837,0,4600,4600
48113017811,"Dallas, TX (CT)",0,1652,1652,0,4467,4467
48113017812,"Dallas, TX (CT)",0,839,839,0,2412,2412
48113017813,"Dallas, TX (CT)",0,2796,2796,0,6087,6087
48113017814,"Dallas, TX (CT)",0,2069,2069,0,5302,5302
48113017900,"Dallas, TX (CT)",0,1624,1624,0,5063,5063
48113018001,"Dallas, TX (CT)",0,2457,2457,0,6183,6183
48113018002,"Dallas, TX (CT)",0,1201,1201,0,3604,3604
48113018104,"Dallas, TX (CT)",697,1659,2356,1955,4624,6579
48113018105,"Dallas, TX (CT)",0,1716,1716,0,6086,6086
48113018110,"Dallas, TX (CT)",0,2208,2208,0,4813,4813
48113018111,"Dallas, TX (CT)",0,2134,2134,0,6610,6610
48113018118,"Dallas, TX (CT)",0,2846,2846,0,7493,7493
48113018120,"Dallas, TX (CT)",0,1514,1514,0,4668,4668
48113018121,"Dallas, TX (CT)",0,1620,1620,0,5294,5294
48113018122,"Dallas, TX (CT)",165,4193,4358,432,12596,13028
48113018123,"Dallas, TX (CT)",0,2862,2862,0,8497,8497
48113018124,"Dallas, TX (CT)",130,5315,5445,344,16807,17151
48113018126,"Dallas, TX (CT)",0,2327,2327,0,6536,6536
48113018127,"Dallas, TX (CT)",0,992,992,0,3179,3179
48113018128,"Dallas, TX (CT)",0,2140,2140,0,5577,5577
48113018129,"Dallas, TX (CT)",0,1976,1976,0,4536,4536
48113018130,"Dallas, TX (CT)",0,2038,2038,0,4152,4152
48113018132,"Dallas, TX (CT)",0,1831,1831,0,5097,5097
48113018133,"Dallas, TX (CT)",0,1278,1278,0,3457,3457
48113018134,"Dallas, TX (CT)",0,1900,1900,0,5421,5421
48113018135,"Dallas, TX (CT)",0,1253,1253,0,3447,3447
48113018136,"Dallas, TX (CT)",0,2755,2755,0,7761,7761
48113018137,"Dallas, TX (CT)",0,1545,1545,0,4031,4031
48113018138,"Dallas, TX (CT)",0,2007,2007,0,4076,4076
48113018139,"Dallas, TX (CT)",0,2436,2436,0,7096,7096
48113018140,"Dallas, TX (CT)",0,1824,1824,0,5377,5377
48113018141,"Dallas, TX (CT)",0,2267,2267,0,3830,3830
48113018142,"Dallas, TX (CT)",0,1157,1157,0,3287,3287
48113018203,"Dallas, TX (CT)",0,1840,1840,0,6463,6463
48113018204,"Dallas, TX (CT)",0,1188,1188,0,4712,4712
48113018205,"Dallas, TX (CT)",0,1480,1480,0,4564,4564
48113018206,"Dallas, TX (CT)",0,1310,1310,0,4683,4683
48113018300,"Dallas, TX (CT)",0,2344,2344,0,7232,7232
48113018401,"Dallas, TX (CT)",0,1661,1661,0,4731,4731
48113018402,"Dallas, TX (CT)",0,1500,1500,0,3993,3993
48113018403,"Dallas, TX (CT)",0,494,494,0,920,920
48113018501,"Dallas, TX (CT)",0,1290,1290,0,3709,3709
48113018503,"Dallas, TX (CT)",0,2935,2935,0,4833,4833
48113018505,"Dallas, TX (CT)",0,1778,1778,0,3190,3190
48113018506,"Dallas, TX (CT)",0,1750,1750,0,3265,3265
48113018600,"Dallas, TX (CT)",0,1467,1467,0,3531,3531
48113018700,"Dallas, TX (CT)",0,2107,2107,0,6523,6523
48113018801,"Dallas, TX (CT)",0,1466,1466,0,4301,4301
48113018802,"Dallas, TX (CT)",0,496,496,0,835,835
48113018900,"Dallas, TX (CT)",0,2039,2039,0,6155,6155
48113019004,"Dallas, TX (CT)",0,2296,2296,0,6611,6611
48113019013,"Dallas, TX (CT)",0,1788,1788,0,5510,5510
48113019014,"Dallas, TX (CT)",0,2176,2176,0,6971,6971
48113019016,"Dallas, TX (CT)",0,1407,1407,0,3062,3062
48113019018,"Dallas, TX (CT)",0,2207,2207,0,5013,5013
48113019019,"Dallas, TX (CT)",0,2569,2569,0,6608,6608
48113019020,"Dallas, TX (CT)",0,2334,2334,0,5046,5046
48113019021,"Dallas, TX (CT)",0,2516,2516,0,7050,7050
48113019023,"Dallas, TX (CT)",0,2096,2096,0,4826,4826
48113019024,"Dallas, TX (CT)",0,1482,1482,0,4118,4118
48113019025,"Dallas, TX (CT)",0,1712,1712,0,4967,4967
48113019026,"Dallas, TX (CT)",0,2090,2090,0,5406,5406
48113019027,"Dallas, TX (CT)",0,1996,1996,0,4950,4950
48113019028,"Dallas, TX (CT)",0,1266,1266,0,3690,3690
48113019029,"Dallas, TX (CT)",0,2361,2361,0,5905,5905
48113019031,"Dallas, TX (CT)",0,2374,2374,0,6186,6186
48113019032,"Dallas, TX (CT)",0,1173,1173,0,4178,4178
48113019033,"Dallas, TX (CT)",0,1247,1247,0,4565,4565
48113019034,"Dallas, TX (CT)",0,2057,2057,0,3975,3975
48113019035,"Dallas, TX (CT)",0,2575,2575,0,4235,4235
48113019036,"Dallas, TX (CT)",0,1097,1097,0,2792,2792
48113019037,"Dallas, TX (CT)",0,1253,1253,0,3491,3491
48113019038,"Dallas, TX (CT)",0,736,736,0,1015,1015
48113019039,"Dallas, TX (CT)",0,2502,2502,0,6562,6562
48113019040,"Dallas, TX (CT)",0,2711,2711,0,5951,5951
48113019041,"Dallas, TX (CT)",0,1146,1146,0,2910,2910
48113019042,"Dallas, TX (CT)",0,1911,1911,0,4527,4527
48113019043,"Dallas, TX (CT)",0,2846,2846,0,7728,7728
48113019100,"Dallas, TX (CT)",0,1945,1945,0,4865,4865
48113019202,"Dallas, TX (CT)",0,1891,1891,0,4475,4475
48113019203,"Dallas, TX (CT)",0,1724,1724,0,3617,3617
48113019204,"Dallas, TX (CT)",0,2787,2787,0,8224,8224
48113019205,"Dallas, TX (CT)",0,1348,1348,0,3257,3257
48113019206,"Dallas, TX (CT)",0,2855,2855,0,5448,5448
48113019208,"Dallas, TX (CT)",0,2170,2170,0,5504,5504
48113019210,"Dallas, TX (CT)",0,1484,1484,0,3944,3944
48113019211,"Dallas, TX (CT)",0,2323,2323,0,5146,5146
48113019212,"Dallas, TX (CT)",0,1216,1216,0,3697,3697
48113019213,"Dallas, TX (CT)",0,1484,1484,0,3247,3247
48113019301,"Dallas, TX (CT)",0,954,954,0,2942,2942
48113019302,"Dallas, TX (CT)",0,1091,1091,0,5215,5215
48113019400,"Dallas, TX (CT)",0,1762,1762,0,3965,3965
48113019501,"Dallas, TX (CT)",0,2204,2204,0,6569,6569
48113019502,"Dallas, TX (CT)",0,1863,1863,0,4346,4346
48113019600,"Dallas, TX (CT)",0,950,950,0,2265,2265
48113019700,"Dallas, TX (CT)",0,800,800,0,2047,2047
48113019800,"Dallas, TX (CT)",0,1967,1967,0,4252,4252
48113019900,"Dallas, TX (CT)",0,1201,1201,0,4269,4269
48113020000,"Dallas, TX (CT)",0,1407,1407,0,4262,4262
48113020100,"Dallas, TX (CT)",0,899,899,0,2318,2318
48113020200,"Dallas, TX (CT)",64,1459,1523,180,3498,3678
48113020300,"Dallas, TX (CT)",0,1483,1483,0,2568,2568
48113020400,"Dallas, TX (CT)",0,2970,2970,0,5518,5518
48113020500,"Dallas, TX (CT)",0,1687,1687,0,4820,4820
48113020600,"Dallas, TX (CT)",0,945,945,0,2462,2462
48113020700,"Dallas, TX (CT)",0,2323,2323,0,5022,5022
48113980000,"Dallas, TX (CT)",0,0,0,0,0,0
48113980100,"Dallas, TX (CT)",0,6,6,0,10,10
48115950401,"Dawson, TX (CT)",77,1744,1821,166,3992,4158
48115950402,"Dawson, TX (CT)",113,678,791,253,3748,4001
48115950500,"Dawson, TX (CT)",0,1790,1790,0,3839,3839
48115950600,"Dawson, TX (CT)",818,0,818,1835,0,1835
48117950300,"Deaf Smith, TX (CT)",0,2084,2084,0,5854,5854
48117950400,"Deaf Smith, TX (CT)",0,2003,2003,0,5695,5695
48117950500,"Deaf Smith, TX (CT)",85,1316,1401,231,3750,3981
48117950600,"Deaf Smith, TX (CT)",1327,262,1589,3200,642,3842
48119950100,"Delta, TX (CT)",1437,0,1437,2973,0,2973
48119950200,"Delta, TX (CT)",1021,0,1021,2258,0,2258
48121020103,"Denton, TX (CT)",1024,2875,3899,2358,7718,10076
48121020104,"Denton, TX (CT)",1127,152,1279,2890,326,3216
48121020105,"Denton, TX (CT)",115,1963,2078,282,5812,6094
48121020106,"Denton, TX (CT)",423,1634,2057,1033,4827,5860
48121020107,"Denton, TX (CT)",286,1576,1862,694,4263,4957
48121020108,"Denton, TX (CT)",130,2764,2894,313,7953,8266
48121020109,"Denton, TX (CT)",87,629,716,192,1993,2185
48121020110,"Denton, TX (CT)",0,1605,1605,0,5214,5214
48121020111,"Denton, TX (CT)",0,1178,1178,0,4008,4008
48121020112,"Denton, TX (CT)",0,992,992,0,2886,2886
48121020113,"Denton, TX (CT)",0,2869,2869,0,9273,9273
48121020114,"Denton, TX (CT)",0,2813,2813,0,8134,8134
48121020115,"Denton, TX (CT)",504,1313,1817,1123,3730,4853
48121020202,"Denton, TX (CT)",2167,1381,3548,5627,3601,9228
48121020203,"Denton, TX (CT)",226,1599,1825,636,4211,4847
48121020204,"Denton, TX (CT)",1550,83,1633,3664,187,3851
48121020205,"Denton, TX (CT)",685,0,685,1800,0,1800
48121020303,"Denton, TX (CT)",2305,1319,3624,6364,3935,10299
48121020305,"Denton, TX (CT)",182,2538,2720,496,6781,7277
48121020306,"Denton, TX (CT)",78,2885,2963,215,5820,6035
48121020307,"Denton, TX (CT)",508,2044,2552,1066,5820,6886
48121020308,"Denton, TX (CT)",1504,1994,3498,4069,6285,10354
48121020309,"Denton, TX (CT)",2101,956,3057,5747,2568,8315
48121020310,"Denton, TX (CT)",449,1020,1469,999,1746,2745
48121020401,"Denton, TX (CT)",687,1983,2670,1785,4837,6622
48121020402,"Denton, TX (CT)",131,1994,2125,291,4404,4695
48121020403,"Denton, TX (CT)",0,1796,1796,0,3969,3969
48121020503,"Denton, TX (CT)",0,2710,2710,0,5726,5726
48121020504,"Denton, TX (CT)",159,826,985,457,2347,2804
48121020505,"Denton, TX (CT)",0,2631,2631,0,6474,6474
48121020506,"Denton, TX (CT)",311,443,754,767,1121,1888
48121020601,"Denton, TX (CT)",0,1804,1804,0,4906,4906
48121020602,"Denton, TX (CT)",0,3267,3267,0,8716,8716
48121020700,"Denton, TX (CT)",0,1996,1996,0,3266,3266
48121020800,"Denton, TX (CT)",22,2262,2284,45,5037,5082
48121020900,"Denton, TX (CT)",0,1493,1493,0,4644,4644
48121021000,"Denton, TX (CT)",0,1465,1465,0,5724,5724
48121021100,"Denton, TX (CT)",0,1896,1896,0,2843,2843
48121021201,"Denton, TX (CT)",0,2845,2845,0,5638,5638
48121021202,"Denton, TX (CT)",0,1208,1208,0,4242,4242
48121021301,"Denton, TX (CT)",0,1691,1691,0,3368,3368
48121021303,"Denton, TX (CT)",0,2211,2211,0,6700,6700
48121021304,"Denton, TX (CT)",4,2521,2525,10,5551,5561
48121021305,"Denton, TX (CT)",0,1600,1600,0,3642,3642
48121021403,"Denton, TX (CT)",84,3692,3776,185,9430,9615
48121021404,"Denton, TX (CT)",1,2854,2855,3,7926,7929
48121021405,"Denton, TX (CT)",234,3379,3613,514,8857,9371
48121021406,"Denton, TX (CT)",73,2217,2290,181,6796,6977
48121021407,"Denton, TX (CT)",0,2097,2097,0,6413,6413
48121021408,"Denton, TX (CT)",0,2299,2299,0,6469,6469
48121021409,"Denton, TX (CT)",0,2915,2915,0,7887,7887
48121021502,"Denton, TX (CT)",1,1782,1783,5,4473,4478
48121021505,"Denton, TX (CT)",0,2143,2143,0,5628,5628
48121021512,"Denton, TX (CT)",327,1179,1506,859,3760,4619
48121021513,"Denton, TX (CT)",0,1366,1366,0,3544,3544
48121021514,"Denton, TX (CT)",0,1437,1437,0,4203,4203
48121021515,"Denton, TX (CT)",56,2339,2395,122,5670,5792
48121021516,"Denton, TX (CT)",0,2393,2393,0,6607,6607
48121021517,"Denton, TX (CT)",106,1157,1263,336,2221,2557
48121021518,"Denton, TX (CT)",0,1027,1027,0,3085,3085
48121021519,"Denton, TX (CT)",0,4521,4521,0,12177,12177
48121021520,"Denton, TX (CT)",0,1259,1259,0,3818,3818
48121021521,"Denton, TX (CT)",0,1453,1453,0,4241,4241
48121021522,"Denton, TX (CT)",0,456,456,0,723,723
48121021523,"Denton, TX (CT)",0,1231,1231,0,3600,3600
48121021524,"Denton, TX (CT)",0,596,596,0,1775,1775
48121021525,"Denton, TX (CT)",0,2505,2505,0,8025,8025
48121021526,"Denton, TX (CT)",0,1895,1895,0,6031,6031
48121021527,"Denton, TX (CT)",0,1786,1786,0,6056,6056
48121021611,"Denton, TX (CT)",0,1520,1520,0,4000,4000
48121021612,"Denton, TX (CT)",0,1545,1545,0,3728,3728
48121021613,"Denton, TX (CT)",0,2125,2125,0,5356,5356
48121021614,"Denton, TX (CT)",0,1322,1322,0,3831,3831
48121021615,"Denton, TX (CT)",0,1581,1581,0,4710,4710
48121021616,"Denton, TX (CT)",0,2130,2130,0,4441,4441
48121021618,"Denton, TX (CT)",0,1531,1531,0,4169,4169
48121021619,"Denton, TX (CT)",57,1099,1156,77,2581,2658
48121021620,"Denton, TX (CT)",0,837,837,0,1654,1654
48121021621,"Denton, TX (CT)",0,1325,1325,0,3700,3700
48121021622,"Denton, TX (CT)",0,1809,1809,0,5223,5223
48121021623,"Denton, TX (CT)",0,2060,2060,0,5490,5490
48121021624,"Denton, TX (CT)",24,2751,2775,67,7120,7187
48121021625,"Denton, TX (CT)",143,1433,1576,287,3531,3818
48121021626,"Denton, TX (CT)",0,723,723,0,2091,2091
48121021627,"Denton, TX (CT)",0,3806,3806,0,6009,6009
48121021628,"Denton, TX (CT)",0,2638,2638,0,6443,6443
48121021629,"Denton, TX (CT)",0,1800,1800,0,5419,5419
48121021630,"Denton, TX (CT)",0,1853,1853,0,4832,4832
48121021631,"Denton, TX (CT)",0,1858,1858,0,5252,5252
48121021632,"Denton, TX (CT)",0,1597,1597,0,3463,3463
48121021633,"Denton, TX (CT)",0,1692,1692,0,4336,4336
48121021634,"Denton, TX (CT)",0,3167,3167,0,4800,4800
48121021635,"Denton, TX (CT)",0,2367,2367,0,4176,4176
48121021636,"Denton, TX (CT)",0,4291,4291,0,6507,6507
48121021637,"Denton, TX (CT)",0,2057,2057,0,4141,4141
48121021638,"Denton, TX (CT)",0,1866,1866,0,3984,3984
48121021715,"Denton, TX (CT)",0,1563,1563,0,4320,4320
48121021716,"Denton, TX (CT)",0,2512,2512,0,5333,5333
48121021717,"Denton, TX (CT)",0,2210,2210,0,5318,5318
48121021718,"Denton, TX (CT)",80,2416,2496,187,7374,7561
48121021719,"Denton, TX (CT)",5,1346,1351,13,4226,4239
48121021720,"Denton, TX (CT)",0,838,838,0,2914,2914
48121021721,"Denton, TX (CT)",0,1286,1286,0,3678,3678
48121021722,"Denton, TX (CT)",0,1594,1594,0,4050,4050
48121021723,"Denton, TX (CT)",0,532,532,0,1334,1334
48121021724,"Denton, TX (CT)",0,1316,1316,0,4051,4051
48121021725,"Denton, TX (CT)",0,1233,1233,0,3643,3643
48121021726,"Denton, TX (CT)",0,1052,1052,0,3096,3096
48121021727,"Denton, TX (CT)",0,1451,1451,0,4402,4402
48121021728,"Denton, TX (CT)",0,547,547,0,1710,1710
48121021729,"Denton, TX (CT)",0,1003,1003,0,2892,2892
48121021730,"Denton, TX (CT)",0,1305,1305,0,3637,3637
48121021731,"Denton, TX (CT)",0,1216,1216,0,3428,3428
48121021732,"Denton, TX (CT)",0,955,955,0,2131,2131
48121021733,"Denton, TX (CT)",0,1073,1073,0,2721,2721
48121021734,"Denton, TX (CT)",0,1640,1640,0,2771,2771
48121021735,"Denton, TX (CT)",0,2089,2089,0,3553,3553
48121021736,"Denton, TX (CT)",0,1208,1208,0,2017,2017
48121021737,"Denton, TX (CT)",0,2073,2073,0,4287,4287
48121021738,"Denton, TX (CT)",0,1274,1274,0,2388,2388
48121021739,"Denton, TX (CT)",0,1703,1703,0,3585,3585
48121021740,"Denton, TX (CT)",0,2108,2108,0,4764,4764
48121021741,"Denton, TX (CT)",0,732,732,0,1885,1885
48121021742,"Denton, TX (CT)",0,2139,2139,0,6220,6220
48121021743,"Denton, TX (CT)",0,1445,1445,0,3574,3574
48121021744,"Denton, TX (CT)",0,1169,1169,0,3352,3352
48121021745,"Denton, TX (CT)",0,1721,1721,0,5571,5571
48121021746,"Denton, TX (CT)",0,1207,1207,0,3588,3588
48121021747,"Denton, TX (CT)",0,1447,1447,0,3949,3949
48121021748,"Denton, TX (CT)",0,1403,1403,0,4067,4067
48121021749,"Denton, TX (CT)",0,991,991,0,3302,3302
48121021750,"Denton, TX (CT)",0,1235,1235,0,3890,3890
48121021751,"Denton, TX (CT)",0,1331,1331,0,4891,4891
48121021752,"Denton, TX (CT)",0,1449,1449,0,4801,4801
48121021753,"Denton, TX (CT)",0,1661,1661,0,5089,5089
48121021800,"Denton, TX (CT)",0,1685,1685,0,3796,3796
48121021900,"Denton, TX (CT)",0,1440,1440,0,4609,4609
48123970100,"DeWitt, TX (CT)",1038,808,1846,1981,2025,4006
48123970200,"DeWitt, TX (CT)",631,1355,1986,988,4498,5486
48123970300,"DeWitt, TX (CT)",670,1257,1927,1298,2895,4193
48123970400,"DeWitt, TX (CT)",1581,321,1902,2998,706,3704
48123970500,"DeWitt, TX (CT)",1515,0,1515,2708,0,2708
48125950300,"Dickens, TX (CT)",1282,0,1282,2444,0,2444
48127950200,"Dimmit, TX (CT)",810,2345,3155,1665,6050,7715
48127950400,"Dimmit, TX (CT)",1195,0,1195,2281,0,2281
48129950200,"Donley, TX (CT)",953,0,953,2057,0,2057
48129950300,"Donley, TX (CT)",1189,0,1189,1620,0,1620
48131950100,"Duval, TX (CT)",485,1613,2098,1431,3883,5314
48131950200,"Duval, TX (CT)",1510,0,1510,3290,0,3290
48131950500,"Duval, TX (CT)",1915,0,1915,3178,0,3178
48133950100,"Eastland, TX (CT)",1606,0,1606,2980,0,2980
48133950200,"Eastland, TX (CT)",1561,1690,3251,2405,3711,6116
48133950300,"Eastland, TX (CT)",1004,1703,2707,1462,3658,5120
48133950400,"Eastland, TX (CT)",1260,0,1260,1932,0,1932
48133950500,"Eastland, TX (CT)",1434,0,1434,2435,0,2435
48135000100,"Ector, TX (CT)",66,1151,1217,170,2914,3084
48135000300,"Ector, TX (CT)",0,787,787,0,1680,1680
48135000400,"Ector, TX (CT)",0,1578,1578,0,4093,4093
48135000500,"Ector, TX (CT)",0,1706,1706,0,4474,4474
48135000600,"Ector, TX (CT)",0,2017,2017,0,5740,5740
48135000700,"Ector, TX (CT)",0,2166,2166,0,5150,5150
48135000800,"Ector, TX (CT)",73,1271,1344,171,3357,3528
48135001000,"Ector, TX (CT)",0,1922,1922,0,4666,4666
48135001100,"Ector, TX (CT)",0,2311,2311,0,6720,6720
48135001300,"Ector, TX (CT)",0,1896,1896,0,5160,5160
48135001500,"Ector, TX (CT)",0,1784,1784,0,4937,4937
48135001600,"Ector, TX (CT)",0,2300,2300,0,5945,5945
48135001700,"Ector, TX (CT)",0,2605,2605,0,6069,6069
48135001800,"Ector, TX (CT)",0,1266,1266,0,3022,3022
48135001900,"Ector, TX (CT)",0,1865,1865,0,5076,5076
48135002000,"Ector, TX (CT)",0,1248,1248,0,3501,3501
48135002200,"Ector, TX (CT)",916,176,1092,2575,542,3117
48135002300,"Ector, TX (CT)",2,1808,1810,7,3470,3477
48135002400,"Ector, TX (CT)",0,1934,1934,0,5189,5189
48135002501,"Ector, TX (CT)",94,1183,1277,286,3154,3440
48135002502,"Ector, TX (CT)",0,2253,2253,0,5647,5647
48135002503,"Ector, TX (CT)",0,2524,2524,0,5067,5067
48135002700,"Ector, TX (CT)",437,2939,3376,1172,8429,9601
48135002801,"Ector, TX (CT)",964,362,1326,2968,1118,4086
48135002802,"Ector, TX (CT)",206,2954,3160,571,8449,9020
48135002900,"Ector, TX (CT)",0,1465,1465,0,3368,3368
48135003000,"Ector, TX (CT)",1798,1433,3231,5046,3495,8541
48135003100,"Ector, TX (CT)",0,1567,1567,0,3732,3732
48137950300,"Edwards, TX (CT)",1606,0,1606,2002,0,2002
48139060101,"Ellis, TX (CT)",941,1649,2590,2788,4838,7626
48139060102,"Ellis, TX (CT)",2319,144,2463,6628,447,7075
48139060204,"Ellis, TX (CT)",251,2730,2981,695,7901,8596
48139060206,"Ellis, TX (CT)",24,2261,2285,48,5838,5886
48139060207,"Ellis, TX (CT)",167,2020,2187,431,5869,6300
48139060208,"Ellis, TX (CT)",262,1210,1472,673,3176,3849
48139060209,"Ellis, TX (CT)",251,1025,1276,753,3011,3764
48139060210,"Ellis, TX (CT)",501,0,501,1498,0,1498
48139060211,"Ellis, TX (CT)",712,368,1080,1856,1247,3103
48139060212,"Ellis, TX (CT)",345,1223,1568,999,3093,4092
48139060213,"Ellis, TX (CT)",611,1668,2279,1661,4799,6460
48139060214,"Ellis, TX (CT)",52,2371,2423,141,7077,7218
48139060300,"Ellis, TX (CT)",0,1477,1477,0,4236,4236
48139060400,"Ellis, TX (CT)",441,1140,1581,1031,3185,4216
48139060500,"Ellis, TX (CT)",0,1166,1166,0,3196,3196
48139060600,"Ellis, TX (CT)",57,3493,3550,114,8154,8268
48139060701,"Ellis, TX (CT)",160,515,675,468,1579,2047
48139060702,"Ellis, TX (CT)",366,1036,1402,1025,2722,3747
48139060703,"Ellis, TX (CT)",145,649,794,360,1502,1862
48139060801,"Ellis, TX (CT)",293,1803,2096,883,5403,6286
48139060802,"Ellis, TX (CT)",351,1759,2110,951,5027,5978
48139060803,"Ellis, TX (CT)",431,67,498,1162,164,1326
48139060900,"Ellis, TX (CT)",2133,0,2133,6086,0,6086
48139061000,"Ellis, TX (CT)",1734,0,1734,4185,0,4185
48139061100,"Ellis, TX (CT)",1253,477,1730,3523,1050,4573
48139061200,"Ellis, TX (CT)",778,0,778,2107,0,2107
48139061300,"Ellis, TX (CT)",881,0,881,2292,0,2292
48139061400,"Ellis, TX (CT)",44,2870,2914,113,7482,7595
48139061500,"Ellis, TX (CT)",77,1676,1753,306,5032,5338
48139061600,"Ellis, TX (CT)",213,1967,2180,514,5739,6253
48139061700,"Ellis, TX (CT)",1803,5,1808,4547,5,4552
48141000101,"El Paso, TX (CT)",0,2713,2713,0,7464,7464
48141000106,"El Paso, TX (CT)",0,2157,2157,0,6081,6081
48141000107,"El Paso, TX (CT)",0,1894,1894,0,5807,5807
48141000108,"El Paso, TX (CT)",0,934,934,0,2505,2505
48141000109,"El Paso, TX (CT)",0,1272,1272,0,3867,3867
48141000110,"El Paso, TX (CT)",0,1394,1394,0,3571,3571
48141000111,"El Paso, TX (CT)",0,1198,1198,0,2587,2587
48141000112,"El Paso, TX (CT)",0,1563,1563,0,4594,4594
48141000204,"El Paso, TX (CT)",0,1837,1837,0,5283,5283
48141000205,"El Paso, TX (CT)",0,1732,1732,0,4248,4248
48141000206,"El Paso, TX (CT)",0,1624,1624,0,4787,4787
48141000207,"El Paso, TX (CT)",0,1658,1658,0,4761,4761
48141000208,"El Paso, TX (CT)",0,1126,1126,0,3429,3429
48141000301,"El Paso, TX (CT)",0,2374,2374,0,6417,6417
48141000302,"El Paso, TX (CT)",0,1821,1821,0,5626,5626
48141000401,"El Paso, TX (CT)",561,2134,2695,1154,5099,6253
48141000403,"El Paso, TX (CT)",0,1201,1201,0,3373,3373
48141000404,"El Paso, TX (CT)",0,1590,1590,0,4316,4316
48141000600,"El Paso, TX (CT)",0,1675,1675,0,4727,4727
48141000800,"El Paso, TX (CT)",0,2258,2258,0,5916,5916
48141000900,"El Paso, TX (CT)",230,2784,3014,475,7396,7871
48141001001,"El Paso, TX (CT)",0,1302,1302,0,3223,3223
48141001002,"El Paso, TX (CT)",0,1503,1503,0,3845,3845
48141001104,"El Paso, TX (CT)",0,3373,3373,0,7923,7923
48141001107,"El Paso, TX (CT)",0,2664,2664,0,7034,7034
48141001109,"El Paso, TX (CT)",0,1987,1987,0,4722,4722
48141001110,"El Paso, TX (CT)",0,2131,2131,0,4684,4684
48141001111,"El Paso, TX (CT)",76,2535,2611,200,4611,4811
48141001112,"El Paso, TX (CT)",0,1884,1884,0,4841,4841
48141001113,"El Paso, TX (CT)",0,3100,3100,0,7040,7040
48141001114,"El Paso, TX (CT)",0,2306,2306,0,4988,4988
48141001115,"El Paso, TX (CT)",0,1271,1271,0,3445,3445
48141001201,"El Paso, TX (CT)",0,1767,1767,0,5657,5657
48141001202,"El Paso, TX (CT)",0,1752,1752,0,4846,4846
48141001203,"El Paso, TX (CT)",0,324,324,0,968,968
48141001301,"El Paso, TX (CT)",0,1364,1364,0,3585,3585
48141001302,"El Paso, TX (CT)",0,2597,2597,0,7344,7344
48141001400,"El Paso, TX (CT)",2,1070,1072,0,2232,2232
48141001501,"El Paso, TX (CT)",0,2367,2367,0,5203,5203
48141001502,"El Paso, TX (CT)",0,1089,1089,0,2779,2779
48141001600,"El Paso, TX (CT)",0,2263,2263,0,4515,4515
48141001700,"El Paso, TX (CT)",0,375,375,0,698,698
48141001800,"El Paso, TX (CT)",0,542,542,0,1369,1369
48141001900,"El Paso, TX (CT)",0,1053,1053,0,2997,2997
48141002000,"El Paso, TX (CT)",0,764,764,0,2171,2171
48141002100,"El Paso, TX (CT)",0,1174,1174,0,3050,3050
48141002201,"El Paso, TX (CT)",0,1315,1315,0,3372,3372
48141002202,"El Paso, TX (CT)",0,2027,2027,0,4712,4712
48141002300,"El Paso, TX (CT)",0,1866,1866,0,4863,4863
48141002400,"El Paso, TX (CT)",0,1327,1327,0,3614,3614
48141002500,"El Paso, TX (CT)",0,2373,2373,0,6084,6084
48141002600,"El Paso, TX (CT)",0,1255,1255,0,3337,3337
48141002800,"El Paso, TX (CT)",0,1983,1983,0,5732,5732
48141002900,"El Paso, TX (CT)",0,524,524,0,1552,1552
48141003000,"El Paso, TX (CT)",0,1408,1408,0,4188,4188
48141003100,"El Paso, TX (CT)",0,1282,1282,0,3622,3622
48141003200,"El Paso, TX (CT)",0,993,993,0,2774,2774
48141003300,"El Paso, TX (CT)",0,2346,2346,0,5921,5921
48141003402,"El Paso, TX (CT)",0,2355,2355,0,6496,6496
48141003403,"El Paso, TX (CT)",0,2522,2522,0,5788,5788
48141003404,"El Paso, TX (CT)",0,2771,2771,0,6362,6362
48141003501,"El Paso, TX (CT)",0,1050,1050,0,2939,2939
48141003502,"El Paso, TX (CT)",0,1680,1680,0,4923,4923
48141003601,"El Paso, TX (CT)",0,1463,1463,0,4225,4225
48141003602,"El Paso, TX (CT)",0,1058,1058,0,3043,3043
48141003701,"El Paso, TX (CT)",0,1479,1479,0,4417,4417
48141003702,"El Paso, TX (CT)",0,1620,1620,0,4738,4738
48141003801,"El Paso, TX (CT)",0,1937,1937,0,5799,5799
48141003803,"El Paso, TX (CT)",0,1028,1028,0,3250,3250
48141003804,"El Paso, TX (CT)",0,1249,1249,0,3925,3925
48141003901,"El Paso, TX (CT)",0,1365,1365,0,3950,3950
48141003902,"El Paso, TX (CT)",0,906,906,0,2854,2854
48141003903,"El Paso, TX (CT)",0,2076,2076,0,6921,6921
48141004002,"El Paso, TX (CT)",0,2389,2389,0,8382,8382
48141004003,"El Paso, TX (CT)",0,2580,2580,0,8507,8507
48141004004,"El Paso, TX (CT)",0,1602,1602,0,5584,5584
48141004103,"El Paso, TX (CT)",0,2425,2425,0,6939,6939
48141004104,"El Paso, TX (CT)",0,2143,2143,0,6598,6598
48141004105,"El Paso, TX (CT)",0,1359,1359,0,3799,3799
48141004106,"El Paso, TX (CT)",0,1772,1772,0,5271,5271
48141004107,"El Paso, TX (CT)",0,460,460,0,1459,1459
48141004201,"El Paso, TX (CT)",0,2049,2049,0,6397,6397
48141004202,"El Paso, TX (CT)",0,2098,2098,0,5958,5958
48141004303,"El Paso, TX (CT)",0,2097,2097,0,5956,5956
48141004307,"El Paso, TX (CT)",0,2145,2145,0,5548,5548
48141004309,"El Paso, TX (CT)",0,1825,1825,0,4796,4796
48141004310,"El Paso, TX (CT)",0,1928,1928,0,5269,5269
48141004311,"El Paso, TX (CT)",0,1750,1750,0,4445,4445
48141004312,"El Paso, TX (CT)",0,2144,2144,0,5300,5300
48141004313,"El Paso, TX (CT)",0,1449,1449,0,3316,3316
48141004314,"El Paso, TX (CT)",0,1780,1780,0,5459,5459
48141004316,"El Paso, TX (CT)",0,2078,2078,0,6289,6289
48141004317,"El Paso, TX (CT)",0,2111,2111,0,4263,4263
48141004318,"El Paso, TX (CT)",0,1398,1398,0,3957,3957
48141004319,"El Paso, TX (CT)",0,1733,1733,0,5709,5709
48141004320,"El Paso, TX (CT)",0,981,981,0,3431,3431
48141010101,"El Paso, TX (CT)",0,546,546,0,3673,3673
48141010102,"El Paso, TX (CT)",0,860,860,0,4799,4799
48141010103,"El Paso, TX (CT)",0,346,346,0,2550,2550
48141010203,"El Paso, TX (CT)",17,888,905,44,4688,4732
48141010207,"El Paso, TX (CT)",256,1463,1719,740,4063,4803
48141010210,"El Paso, TX (CT)",8,2124,2132,18,5884,5902
48141010211,"El Paso, TX (CT)",233,789,1022,726,2204,2930
48141010212,"El Paso, TX (CT)",164,1711,1875,475,5138,5613
48141010213,"El Paso, TX (CT)",317,1492,1809,885,4855,5740
48141010214,"El Paso, TX (CT)",0,2240,2240,0,6440,6440
48141010215,"El Paso, TX (CT)",182,1925,2107,493,6104,6597
48141010216,"El Paso, TX (CT)",0,2268,2268,0,7035,7035
48141010217,"El Paso, TX (CT)",0,1641,1641,0,5023,5023
48141010218,"El Paso, TX (CT)",174,788,962,456,2325,2781
48141010219,"El Paso, TX (CT)",0,2556,2556,0,7642,7642
48141010220,"El Paso, TX (CT)",102,1265,1367,271,4188,4459
48141010221,"El Paso, TX (CT)",70,2018,2088,245,6507,6752
48141010222,"El Paso, TX (CT)",169,563,732,441,1734,2175
48141010303,"El Paso, TX (CT)",0,1261,1261,0,3489,3489
48141010307,"El Paso, TX (CT)",0,2301,2301,0,6366,6366
48141010311,"El Paso, TX (CT)",0,2226,2226,0,6997,6997
48141010312,"El Paso, TX (CT)",0,1412,1412,0,4197,4197
48141010316,"El Paso, TX (CT)",0,1475,1475,0,4418,4418
48141010317,"El Paso, TX (CT)",0,1461,1461,0,4411,4411
48141010319,"El Paso, TX (CT)",310,0,310,641,0,641
48141010322,"El Paso, TX (CT)",0,1551,1551,0,4861,4861
48141010323,"El Paso, TX (CT)",0,1256,1256,0,4238,4238
48141010324,"El Paso, TX (CT)",0,2497,2497,0,8836,8836
48141010325,"El Paso, TX (CT)",0,2344,2344,0,8377,8377
48141010326,"El Paso, TX (CT)",0,1785,1785,0,5015,5015
48141010327,"El Paso, TX (CT)",0,1248,1248,0,3904,3904
48141010328,"El Paso, TX (CT)",0,1272,1272,0,3825,3825
48141010329,"El Paso, TX (CT)",0,1397,1397,0,5021,5021
48141010330,"El Paso, TX (CT)",0,3144,3144,0,11245,11245
48141010331,"El Paso, TX (CT)",0,2905,2905,0,9763,9763
48141010332,"El Paso, TX (CT)",19,2176,2195,53,8447,8500
48141010333,"El Paso, TX (CT)",3,1164,1167,8,4764,4772
48141010334,"El Paso, TX (CT)",226,681,907,721,2748,3469
48141010335,"El Paso, TX (CT)",453,608,1061,1577,2414,3991
48141010336,"El Paso, TX (CT)",0,2036,2036,0,6638,6638
48141010337,"El Paso, TX (CT)",0,2057,2057,0,6744,6744
48141010338,"El Paso, TX (CT)",0,2145,2145,0,6989,6989
48141010339,"El Paso, TX (CT)",523,1212,1735,1443,6821,8264
48141010340,"El Paso, TX (CT)",201,466,667,641,1624,2265
48141010341,"El Paso, TX (CT)",242,4644,4886,781,15338,16119
48141010342,"El Paso, TX (CT)",243,3271,3514,703,10802,11505
48141010343,"El Paso, TX (CT)",0,2167,2167,0,6835,6835
48141010344,"El Paso, TX (CT)",185,760,945,580,2850,3430
48141010345,"El Paso, TX (CT)",21,2047,2068,63,6896,6959
48141010346,"El Paso, TX (CT)",0,1349,1349,0,4445,4445
48141010347,"El Paso, TX (CT)",246,1011,1257,827,3523,4350
48141010401,"El Paso, TX (CT)",0,1810,1810,0,5981,5981
48141010404,"El Paso, TX (CT)",6,1395,1401,17,4709,4726
48141010405,"El Paso, TX (CT)",8,1736,1744,28,6233,6261
48141010406,"El Paso, TX (CT)",0,1186,1186,0,4395,4395
48141010407,"El Paso, TX (CT)",0,1730,1730,0,6341,6341
48141010408,"El Paso, TX (CT)",0,1196,1196,0,4019,4019
48141010409,"El Paso, TX (CT)",0,1734,1734,0,6377,6377
48141010501,"El Paso, TX (CT)",283,948,1231,876,3415,4291
48141010502,"El Paso, TX (CT)",224,496,720,606,1675,2281
48141010504,"El Paso, TX (CT)",168,363,531,548,1286,1834
48141010505,"El Paso, TX (CT)",119,1135,1254,344,3656,4000
48141010506,"El Paso, TX (CT)",82,930,1012,327,3655,3982
48141010600,"El Paso, TX (CT)",0,1661,1661,0,6146,6146
48141980000,"El Paso, TX (CT)",2,0,2,2,0,2
48143950100,"Erath, TX (CT)",1524,0,1524,3054,0,3054
48143950201,"Erath, TX (CT)",1527,0,1527,3455,0,3455
48143950202,"Erath, TX (CT)",2353,469,2822,5404,995,6399
48143950300,"Erath, TX (CT)",1189,1508,2697,2650,3543,6193
48143950400,"Erath, TX (CT)",28,2646,2674,58,6459,6517
48143950500,"Erath, TX (CT)",118,2888,3006,259,6708,6967
48143950600,"Erath, TX (CT)",255,1425,1680,519,2634,3153
48143950700,"Erath, TX (CT)",1057,0,1057,2152,0,2152
48145000200,"Falls, TX (CT)",1229,0,1229,2937,0,2937
48145000300,"Falls, TX (CT)",0,1729,1729,0,3708,3708
48145000400,"Falls, TX (CT)",175,736,911,273,1947,2220
48145000500,"Falls, TX (CT)",1015,0,1015,2244,0,2244
48145000700,"Falls, TX (CT)",1364,0,1364,2765,0,2765
48145000800,"Falls, TX (CT)",1390,86,1476,3815,177,3992
48147950100,"Fannin, TX (CT)",1383,0,1383,2850,0,2850
48147950300,"Fannin, TX (CT)",1338,0,1338,3095,0,3095
48147950401,"Fannin, TX (CT)",23,1155,1178,41,4469,4510
48147950402,"Fannin, TX (CT)",798,1795,2593,1738,4704,6442
48147950500,"Fannin, TX (CT)",1334,0,1334,2661,0,2661
48147950600,"Fannin, TX (CT)",744,382,1126,1564,822,2386
48147950701,"Fannin, TX (CT)",1885,0,1885,4454,0,4454
48147950702,"Fannin, TX (CT)",1269,0,1269,3103,0,3103
48147950800,"Fannin, TX (CT)",2085,0,2085,4414,0,4414
48149970100,"Fayette, TX (CT)",1528,0,1528,1964,0,1964
48149970200,"Fayette, TX (CT)",1386,0,1386,2326,0,2326
48149970300,"Fayette, TX (CT)",275,2413,2688,537,5275,5812
48149970400,"Fayette, TX (CT)",1846,35,1881,3436,68,3504
48149970500,"Fayette, TX (CT)",2409,0,2409,3847,0,3847
48149970600,"Fayette, TX (CT)",1414,1213,2627,2380,2726,5106
48149970700,"Fayette, TX (CT)",1349,0,1349,1995,0,1995
48151950300,"Fisher, TX (CT)",980,0,980,1785,0,1785
48151950400,"Fisher, TX (CT)",1232,0,1232,2189,0,2189
48153950500,"Floyd, TX (CT)",1198,0,1198,2622,0,2622
48153950600,"Floyd, TX (CT)",431,1375,1806,815,3009,3824
48155950100,"Foard, TX (CT)",789,0,789,1336,0,1336
48157670101,"Fort Bend, TX (CT)",0,1922,1922,0,6801,6801
48157670102,"Fort Bend, TX (CT)",0,1108,1108,0,3383,3383
48157670200,"Fort Bend, TX (CT)",0,2566,2566,0,8322,8322
48157670300,"Fort Bend, TX (CT)",0,1260,1260,0,3801,3801
48157670400,"Fort Bend, TX (CT)",0,1817,1817,0,5058,5058
48157670500,"Fort Bend, TX (CT)",0,1439,1439,0,4102,4102
48157670601,"Fort Bend, TX (CT)",0,3027,3027,0,8975,8975
48157670602,"Fort Bend, TX (CT)",0,652,652,0,1907,1907
48157670700,"Fort Bend, TX (CT)",25,1177,1202,75,3307,3382
48157670800,"Fort Bend, TX (CT)",28,4364,4392,105,14249,14354
48157670901,"Fort Bend, TX (CT)",0,3514,3514,0,10214,10214
48157670902,"Fort Bend, TX (CT)",0,1585,1585,0,5020,5020
48157671001,"Fort Bend, TX (CT)",0,2337,2337,0,5412,5412
48157671002,"Fort Bend, TX (CT)",0,2368,2368,0,6459,6459
48157671100,"Fort Bend, TX (CT)",0,2723,2723,0,8174,8174
48157671200,"Fort Bend, TX (CT)",0,1983,1983,0,6153,6153
48157671300,"Fort Bend, TX (CT)",0,1317,1317,0,3834,3834
48157671400,"Fort Bend, TX (CT)",0,3306,3306,0,8877,8877
48157671501,"Fort Bend, TX (CT)",0,2561,2561,0,7785,7785
48157671502,"Fort Bend, TX (CT)",0,532,532,0,1682,1682
48157671601,"Fort Bend, TX (CT)",0,2803,2803,0,6631,6631
48157671602,"Fort Bend, TX (CT)",0,1203,1203,0,3596,3596
48157671700,"Fort Bend, TX (CT)",0,2122,2122,0,5103,5103
48157671800,"Fort Bend, TX (CT)",0,1230,1230,0,3011,3011
48157671900,"Fort Bend, TX (CT)",0,1524,1524,0,4130,4130
48157672001,"Fort Bend, TX (CT)",0,2767,2767,0,8542,8542
48157672002,"Fort Bend, TX (CT)",0,3022,3022,0,6279,6279
48157672100,"Fort Bend, TX (CT)",0,1946,1946,0,4386,4386
48157672200,"Fort Bend, TX (CT)",0,1163,1163,0,3031,3031
48157672301,"Fort Bend, TX (CT)",0,2471,2471,0,7796,7796
48157672302,"Fort Bend, TX (CT)",0,3224,3224,0,9225,9225
48157672400,"Fort Bend, TX (CT)",0,2622,2622,0,8751,8751
48157672500,"Fort Bend, TX (CT)",0,2315,2315,0,7458,7458
48157672601,"Fort Bend, TX (CT)",0,3030,3030,0,10258,10258
48157672602,"Fort Bend, TX (CT)",0,1766,1766,0,6332,6332
48157672701,"Fort Bend, TX (CT)",0,3865,3865,0,14078,14078
48157672702,"Fort Bend, TX (CT)",0,2247,2247,0,6942,6942
48157672800,"Fort Bend, TX (CT)",0,2370,2370,0,8069,8069
48157672900,"Fort Bend, TX (CT)",49,9386,9435,99,28438,28537
48157673001,"Fort Bend, TX (CT)",0,2957,2957,0,8459,8459
48157673002,"Fort Bend, TX (CT)",2,2597,2599,3,7614,7617
48157673003,"Fort Bend, TX (CT)",0,3839,3839,0,12920,12920
48157673101,"Fort Bend, TX (CT)",24,10712,10736,68,33133,33201
48157673102,"Fort Bend, TX (CT)",0,5014,5014,0,15344,15344
48157673200,"Fort Bend, TX (CT)",979,1059,2038,2539,3138,5677
48157673300,"Fort Bend, TX (CT)",794,1081,1875,1933,2766,4699
48157673400,"Fort Bend, TX (CT)",1439,3792,5231,4115,10817,14932
48157673500,"Fort Bend, TX (CT)",0,3133,3133,0,8541,8541
48157673600,"Fort Bend, TX (CT)",3,2567,2570,9,6957,6966
48157673700,"Fort Bend, TX (CT)",17,1,18,528,1681,2209
48157673800,"Fort Bend, TX (CT)",72,2862,2934,186,9156,9342
48157673901,"Fort Bend, TX (CT)",0,2650,2650,0,8763,8763
48157673902,"Fort Bend, TX (CT)",0,1753,1753,0,5679,5679
48157674000,"Fort Bend, TX (CT)",0,3258,3258,0,7972,7972
48157674100,"Fort Bend, TX (CT)",0,2558,2558,0,6922,6922
48157674200,"Fort Bend, TX (CT)",0,1854,1854,0,5600,5600
48157674300,"Fort Bend, TX (CT)",0,2778,2778,0,8794,8794
48157674400,"Fort Bend, TX (CT)",86,2956,3042,243,9831,10074
48157674501,"Fort Bend, TX (CT)",22,2329,2351,44,6559,6603
48157674502,"Fort Bend, TX (CT)",430,4729,5159,1314,15453,16767
48157674601,"Fort Bend, TX (CT)",0,1429,1429,0,3762,3762
48157674602,"Fort Bend, TX (CT)",314,2229,2543,665,6976,7641
48157674603,"Fort Bend, TX (CT)",0,2060,2060,0,5999,5999
48157674604,"Fort Bend, TX (CT)",0,1415,1415,0,4607,4607
48157674700,"Fort Bend, TX (CT)",58,3493,3551,158,11007,11165
48157674800,"Fort Bend, TX (CT)",0,2313,2313,0,5645,5645
48157674900,"Fort Bend, TX (CT)",153,1445,1598,410,5133,5543
48157675000,"Fort Bend, TX (CT)",0,1155,1155,0,3224,3224
48157675100,"Fort Bend, TX (CT)",0,3349,3349,0,9099,9099
48157675200,"Fort Bend, TX (CT)",0,2090,2090,0,5623,5623
48157675300,"Fort Bend, TX (CT)",15,2278,2293,58,6621,6679
48157675400,"Fort Bend, TX (CT)",1543,561,2104,4452,1846,6298
48157675500,"Fort Bend, TX (CT)",807,3067,3874,2237,8914,11151
48157675600,"Fort Bend, TX (CT)",2084,68,2152,5659,149,5808
48157675700,"Fort Bend, TX (CT)",1552,1036,2588,4113,2695,6808
48157675800,"Fort Bend, TX (CT)",1433,0,1433,3392,0,3392
48159950100,"Franklin, TX (CT)",3091,102,3193,5234,151,5385
48159950200,"Franklin, TX (CT)",125,1008,1133,329,2434,2763
48159950300,"Franklin, TX (CT)",1116,328,1444,1768,689,2457
48161000100,"Freestone, TX (CT)",2361,346,2707,4414,943,5357
48161000200,"Freestone, TX (CT)",41,485,526,99,1132,1231
48161000300,"Freestone, TX (CT)",3,593,596,7,1205,1212
48161000400,"Freestone, TX (CT)",1172,0,1172,2343,0,2343
48161000600,"Freestone, TX (CT)",1537,204,1741,4513,425,4938
48161000700,"Freestone, TX (CT)",105,1337,1442,201,2938,3139
48161000900,"Freestone, TX (CT)",1081,0,1081,1596,0,1596
48163950100,"Frio, TX (CT)",1208,1260,2468,2395,3805,6200
48163950200,"Frio, TX (CT)",328,1571,1899,688,5655,6343
48163950300,"Frio, TX (CT)",342,1137,1479,736,3938,4674
48165950100,"Gaines, TX (CT)",1403,0,1403,3511,0,3511
48165950200,"Gaines, TX (CT)",2371,450,2821,7538,1105,8643
48165950300,"Gaines, TX (CT)",0,2077,2077,0,5372,5372
48167720100,"Galveston, TX (CT)",0,2170,2170,0,5874,5874
48167720200,"Galveston, TX (CT)",0,1860,1860,0,4465,4465
48167720301,"Galveston, TX (CT)",0,935,935,0,2268,2268
48167720302,"Galveston, TX (CT)",7,2313,2320,21,6983,7004
48167720400,"Galveston, TX (CT)",212,1658,1870,674,5249,5923
48167720501,"Galveston, TX (CT)",0,1491,1491,0,4268,4268
48167720502,"Galveston, TX (CT)",0,3296,3296,0,9546,9546
48167720503,"Galveston, TX (CT)",12,4551,4563,24,13983,14007
48167720600,"Galveston, TX (CT)",412,3757,4169,901,10304,11205
48167720700,"Galveston, TX (CT)",0,3682,3682,0,9369,9369
48167720800,"Galveston, TX (CT)",0,1418,1418,0,3648,3648
48167720900,"Galveston, TX (CT)",0,2212,2212,0,5513,5513
48167721000,"Galveston, TX (CT)",95,725,820,197,1661,1858
48167721100,"Galveston, TX (CT)",124,3616,3740,286,10154,10440
48167721201,"Galveston, TX (CT)",0,6735,6735,0,17172,17172
48167721202,"Galveston, TX (CT)",56,1020,1076,138,2988,3126
48167721300,"Galveston, TX (CT)",0,1996,1996,0,4699,4699
48167721400,"Galveston, TX (CT)",0,3005,3005,0,7164,7164
48167721500,"Galveston, TX (CT)",0,3591,3591,0,6767,6767
48167721600,"Galveston, TX (CT)",0,864,864,0,1900,1900
48167721700,"Galveston, TX (CT)",11,3126,3137,32,7905,7937
48167721800,"Galveston, TX (CT)",61,2282,2343,146,4394,4540
48167721900,"Galveston, TX (CT)",373,3367,3740,1421,7192,8613
48167722001,"Galveston, TX (CT)",166,1874,2040,508,4978,5486
48167722002,"Galveston, TX (CT)",0,1383,1383,0,3377,3377
48167722100,"Galveston, TX (CT)",0,2510,2510,0,6627,6627
48167722200,"Galveston, TX (CT)",0,1483,1483,0,3116,3116
48167722300,"Galveston, TX (CT)",0,2810,2810,0,7335,7335
48167722600,"Galveston, TX (CT)",0,1018,1018,0,2097,2097
48167722700,"Galveston, TX (CT)",0,1771,1771,0,4200,4200
48167722800,"Galveston, TX (CT)",0,1118,1118,0,2538,2538
48167722900,"Galveston, TX (CT)",0,1103,1103,0,2608,2608
48167723000,"Galveston, TX (CT)",0,1451,1451,0,3319,3319
48167723100,"Galveston, TX (CT)",0,1563,1563,0,3216,3216
48167723200,"Galveston, TX (CT)",0,1443,1443,0,3362,3362
48167723300,"Galveston, TX (CT)",243,1898,2141,550,4907,5457
48167723400,"Galveston, TX (CT)",679,2004,2683,1765,4941,6706
48167723501,"Galveston, TX (CT)",81,333,414,225,796,1021
48167723502,"Galveston, TX (CT)",761,2660,3421,2101,6782,8883
48167723600,"Galveston, TX (CT)",605,1211,1816,1331,2975,4306
48167723700,"Galveston, TX (CT)",0,1013,1013,0,2170,2170
48167723800,"Galveston, TX (CT)",209,2557,2766,458,3640,4098
48167723900,"Galveston, TX (CT)",2707,0,2707,2417,0,2417
48167724000,"Galveston, TX (CT)",2,348,350,2,2391,2393
48167724101,"Galveston, TX (CT)",381,1013,1394,85,1156,1241
48167724200,"Galveston, TX (CT)",0,1933,1933,0,2748,2748
48167724300,"Galveston, TX (CT)",0,2034,2034,0,3104,3104
48167724400,"Galveston, TX (CT)",0,2189,2189,0,3312,3312
48167724500,"Galveston, TX (CT)",0,755,755,0,849,849
48167724600,"Galveston, TX (CT)",0,793,793,0,1793,1793
48167724700,"Galveston, TX (CT)",0,1236,1236,0,1916,1916
48167724800,"Galveston, TX (CT)",0,1022,1022,0,1622,1622
48167724900,"Galveston, TX (CT)",0,975,975,0,1910,1910
48167725000,"Galveston, TX (CT)",0,1096,1096,0,2262,2262
48167725100,"Galveston, TX (CT)",0,971,971,0,1886,1886
48167725200,"Galveston, TX (CT)",0,938,938,0,1661,1661
48167725300,"Galveston, TX (CT)",0,961,961,0,1898,1898
48167725400,"Galveston, TX (CT)",0,1833,1833,0,3906,3906
48167725500,"Galveston, TX (CT)",0,631,631,0,1118,1118
48167725600,"Galveston, TX (CT)",0,2862,2862,0,3097,3097
48167725700,"Galveston, TX (CT)",0,1062,1062,0,2214,2214
48167725800,"Galveston, TX (CT)",0,1971,1971,0,3081,3081
48167725900,"Galveston, TX (CT)",258,1840,2098,337,1877,2214
48167726000,"Galveston, TX (CT)",1095,96,1191,1345,221,1566
48167726100,"Galveston, TX (CT)",5247,0,5247,2935,0,2935
48167726200,"Galveston, TX (CT)",0,1263,1263,16,2922,2938
48167990000,"Galveston, TX (CT)",0,0,0,0,0,0
48169950100,"Garza, TX (CT)",930,1307,2237,1443,5018,6461
48171950100,"Gillespie, TX (CT)",2092,0,2092,3899,0,3899
48171950200,"Gillespie, TX (CT)",2302,0,2302,3991,0,3991
48171950300,"Gillespie, TX (CT)",1034,2556,3590,2107,4997,7104
48171950400,"Gillespie, TX (CT)",588,2454,3042,1217,4875,6092
48171950500,"Gillespie, TX (CT)",990,762,1752,2112,1639,3751
48173950100,"Glasscock, TX (CT)",580,0,580,1226,0,1226
48175960100,"Goliad, TX (CT)",2031,0,2031,4054,0,4054
48175960200,"Goliad, TX (CT)",1679,0,1679,3156,0,3156
48177000100,"Gonzales, TX (CT)",1509,0,1509,3103,0,3103
48177000200,"Gonzales, TX (CT)",1758,446,2204,3631,1243,4874
48177000300,"Gonzales, TX (CT)",0,1387,1387,0,3520,3520
48177000400,"Gonzales, TX (CT)",0,812,812,0,2114,2114
48177000500,"Gonzales, TX (CT)",1665,0,1665,3681,0,3681
48177000600,"Gonzales, TX (CT)",1217,0,1217,2515,0,2515
48179950100,"Gray, TX (CT)",1574,138,1712,4364,174,4538
48179950300,"Gray, TX (CT)",4,1908,1912,5,4320,4325
48179950400,"Gray, TX (CT)",0,2266,2266,0,4877,4877
48179950500,"Gray, TX (CT)",0,1279,1279,0,2771,2771
48179950600,"Gray, TX (CT)",0,1106,1106,0,2190,2190
48179950700,"Gray, TX (CT)",0,1120,1120,0,2175,2175
48179950800,"Gray, TX (CT)",0,763,763,0,1659,1659
48181000101,"Grayson, TX (CT)",1984,19,2003,4664,44,4708
48181000102,"Grayson, TX (CT)",1340,0,1340,3056,0,3056
48181000200,"Grayson, TX (CT)",302,735,1037,682,1598,2280
48181000302,"Grayson, TX (CT)",1229,803,2032,2441,2028,4469
48181000303,"Grayson, TX (CT)",3226,0,3226,4478,0,4478
48181000304,"Grayson, TX (CT)",2149,29,2178,3306,63,3369
48181000400,"Grayson, TX (CT)",82,1236,1318,189,2672,2861
48181000501,"Grayson, TX (CT)",55,1561,1616,136,3553,3689
48181000502,"Grayson, TX (CT)",0,723,723,0,1304,1304
48181000600,"Grayson, TX (CT)",887,596,1483,2070,1446,3516
48181000700,"Grayson, TX (CT)",0,1817,1817,0,3971,3971
48181000800,"Grayson, TX (CT)",6,2473,2479,14,5582,5596
48181000901,"Grayson, TX (CT)",758,862,1620,1881,1710,3591
48181000902,"Grayson, TX (CT)",109,2983,3092,234,6308,6542
48181001101,"Grayson, TX (CT)",911,1041,1952,2146,2050,4196
48181001102,"Grayson, TX (CT)",1272,1750,3022,3032,3896,6928
48181001200,"Grayson, TX (CT)",0,2628,2628,0,5892,5892
48181001300,"Grayson, TX (CT)",0,1988,1988,0,3725,3725
48181001400,"Grayson, TX (CT)",217,1564,1781,551,4970,5521
48181001500,"Grayson, TX (CT)",139,2349,2488,330,6089,6419
48181001700,"Grayson, TX (CT)",84,2041,2125,253,4563,4816
48181001801,"Grayson, TX (CT)",2369,0,2369,6016,0,6016
48181001802,"Grayson, TX (CT)",1939,0,1939,4767,0,4767
48181001803,"Grayson, TX (CT)",1035,1173,2208,2721,2859,5580
48181001900,"Grayson, TX (CT)",3641,465,4106,9192,1323,10515
48181002000,"Grayson, TX (CT)",0,1157,1157,0,3072,3072
48183000200,"Gregg, TX (CT)",205,2242,2447,495,4953,5448
48183000300,"Gregg, TX (CT)",0,2267,2267,0,4944,4944
48183000401,"Gregg, TX (CT)",0,1804,1804,0,3412,3412
48183000402,"Gregg, TX (CT)",0,1868,1868,0,3499,3499
48183000501,"Gregg, TX (CT)",0,2168,2168,0,4801,4801
48183000502,"Gregg, TX (CT)",0,2140,2140,0,4420,4420
48183000600,"Gregg, TX (CT)",0,3179,3179,0,7209,7209
48183000700,"Gregg, TX (CT)",0,2166,2166,0,5420,5420
48183000800,"Gregg, TX (CT)",0,2532,2532,0,7018,7018
48183000900,"Gregg, TX (CT)",30,1213,1243,78,3065,3143
48183001000,"Gregg, TX (CT)",0,900,900,0,2672,2672
48183001100,"Gregg, TX (CT)",0,1521,1521,0,4643,4643
48183001200,"Gregg, TX (CT)",0,1078,1078,0,3022,3022
48183001300,"Gregg, TX (CT)",0,1659,1659,0,4847,4847
48183001400,"Gregg, TX (CT)",19,1591,1610,61,3952,4013
48183001500,"Gregg, TX (CT)",0,1609,1609,0,4934,4934
48183010100,"Gregg, TX (CT)",1432,920,2352,3600,2397,5997
48183010200,"Gregg, TX (CT)",710,2597,3307,1609,6232,7841
48183010301,"Gregg, TX (CT)",0,1842,1842,0,5023,5023
48183010302,"Gregg, TX (CT)",57,1940,1997,150,5375,5525
48183010400,"Gregg, TX (CT)",2196,1095,3291,5716,2701,8417
48183010500,"Gregg, TX (CT)",2002,271,2273,4200,673,4873
48183010600,"Gregg, TX (CT)",137,2419,2556,295,5379,5674
48183010700,"Gregg, TX (CT)",33,1669,1702,62,4867,4929
48183980000,"Gregg, TX (CT)",0,3,3,0,6,6
48185180101,"Grimes, TX (CT)",870,943,1813,1924,2473,4397
48185180102,"Grimes, TX (CT)",1881,0,1881,4012,0,4012
48185180200,"Grimes, TX (CT)",1139,1727,2866,2413,4247,6660
48185180301,"Grimes, TX (CT)",2453,0,2453,4934,0,4934
48185180302,"Grimes, TX (CT)",1839,0,1839,3675,0,3675
48185180400,"Grimes, TX (CT)",44,21,65,1373,1553,2926
48187210100,"Guadalupe, TX (CT)",0,1672,1672,0,4463,4463
48187210200,"Guadalupe, TX (CT)",0,1648,1648,0,4528,4528
48187210300,"Guadalupe, TX (CT)",0,2297,2297,0,6221,6221
48187210400,"Guadalupe, TX (CT)",0,1690,1690,0,3843,3843
48187210504,"Guadalupe, TX (CT)",1325,719,2044,3541,2167,5708
48187210505,"Guadalupe, TX (CT)",570,855,1425,1735,3214,4949
48187210506,"Guadalupe, TX (CT)",1149,0,1149,2744,0,2744
48187210507,"Guadalupe, TX (CT)",288,1590,1878,723,4197,4920
48187210508,"Guadalupe, TX (CT)",941,0,941,2662,0,2662
48187210603,"Guadalupe, TX (CT)",329,446,775,850,1130,1980
48187210604,"Guadalupe, TX (CT)",1024,1860,2884,2711,4846,7557
48187210606,"Guadalupe, TX (CT)",164,1448,1612,388,2791,3179
48187210607,"Guadalupe, TX (CT)",48,2722,2770,136,7888,8024
48187210608,"Guadalupe, TX (CT)",291,1135,1426,847,2964,3811
48187210705,"Guadalupe, TX (CT)",0,1418,1418,0,2997,2997
48187210706,"Guadalupe, TX (CT)",0,1951,1951,0,4688,4688
48187210707,"Guadalupe, TX (CT)",0,1713,1713,0,4254,4254
48187210708,"Guadalupe, TX (CT)",0,2036,2036,0,6396,6396
48187210709,"Guadalupe, TX (CT)",0,1590,1590,0,4516,4516
48187210710,"Guadalupe, TX (CT)",0,1265,1265,0,3509,3509
48187210711,"Guadalupe, TX (CT)",0,1106,1106,0,3235,3235
48187210712,"Guadalupe, TX (CT)",0,1501,1501,0,4496,4496
48187210713,"Guadalupe, TX (CT)",0,1517,1517,0,4462,4462
48187210714,"Guadalupe, TX (CT)",20,2250,2270,49,6423,6472
48187210801,"Guadalupe, TX (CT)",840,1489,2329,1977,3075,5052
48187210803,"Guadalupe, TX (CT)",1555,0,1555,3830,0,3830
48187210804,"Guadalupe, TX (CT)",1492,168,1660,3616,413,4029
48187210901,"Guadalupe, TX (CT)",2327,0,2327,5413,0,5413
48187210902,"Guadalupe, TX (CT)",1396,170,1566,3190,405,3595
48189950100,"Hale, TX (CT)",197,1799,1996,452,4656,5108
48189950200,"Hale, TX (CT)",0,1496,1496,0,4415,4415
48189950300,"Hale, TX (CT)",45,2726,2771,148,6537,6685
48189950400,"Hale, TX (CT)",0,1700,1700,0,4792,4792
48189950500,"Hale, TX (CT)",0,1303,1303,0,3270,3270
48189950600,"Hale, TX (CT)",1147,94,1241,2688,2140,4828
48189950700,"Hale, TX (CT)",1265,0,1265,3063,0,3063
48189950800,"Hale, TX (CT)",641,0,641,1430,0,1430
48189950900,"Hale, TX (CT)",281,847,1128,598,2084,2682
48191950500,"Hall, TX (CT)",1943,0,1943,3353,0,3353
48193950100,"Hamilton, TX (CT)",1359,0,1359,2646,0,2646
48193950200,"Hamilton, TX (CT)",1564,0,1564,2422,0,2422
48193950300,"Hamilton, TX (CT)",211,1432,1643,415,3034,3449
48195950100,"Hansford, TX (CT)",770,0,770,1774,0,1774
48195950300,"Hansford, TX (CT)",232,1336,1568,490,3349,3839
48197950100,"Hardeman, TX (CT)",2417,0,2417,4139,0,4139
48199030100,"Hardin, TX (CT)",1602,0,1602,3682,0,3682
48199030200,"Hardin, TX (CT)",2286,0,2286,5609,0,5609
48199030300,"Hardin, TX (CT)",2711,1473,4184,6245,3885,10130
48199030400,"Hardin, TX (CT)",983,0,983,2378,0,2378
48199030501,"Hardin, TX (CT)",119,1586,1705,260,4202,4462
48199030502,"Hardin, TX (CT)",324,2961,3285,857,7334,8191
48199030600,"Hardin, TX (CT)",745,639,1384,1777,1520,3297
48199030700,"Hardin, TX (CT)",603,1020,1623,1279,2514,3793
48199030800,"Hardin, TX (CT)",468,1605,2073,968,3738,4706
48199030900,"Hardin, TX (CT)",712,1017,1729,1701,2532,4233
48199031000,"Hardin, TX (CT)",1411,332,1743,3407,747,4154
48201100000,"Harris, TX (CT)",0,2322,2322,0,4690,4690
48201210100,"Harris, TX (CT)",0,87,87,0,9652,9652
48201210400,"Harris, TX (CT)",0,1801,1801,0,5328,5328
48201210500,"Harris, TX (CT)",0,1693,1693,0,4882,4882
48201210600,"Harris, TX (CT)",0,2259,2259,0,5497,5497
48201210700,"Harris, TX (CT)",0,865,865,0,2485,2485
48201210800,"Harris, TX (CT)",0,1106,1106,0,2753,2753
48201210900,"Harris, TX (CT)",0,731,731,0,1620,1620
48201211000,"Harris, TX (CT)",0,893,893,0,2039,2039
48201211100,"Harris, TX (CT)",0,2356,2356,0,6004,6004
48201211200,"Harris, TX (CT)",0,1383,1383,0,2831,2831
48201211300,"Harris, TX (CT)",0,2385,2385,0,5046,5046
48201211400,"Harris, TX (CT)",0,1537,1537,0,3690,3690
48201211500,"Harris, TX (CT)",0,2116,2116,0,6907,6907
48201211600,"Harris, TX (CT)",0,1168,1168,0,2811,2811
48201211700,"Harris, TX (CT)",0,1653,1653,0,3886,3886
48201211900,"Harris, TX (CT)",0,1567,1567,0,5225,5225
48201212300,"Harris, TX (CT)",0,2066,2066,0,5381,5381
48201212400,"Harris, TX (CT)",0,1042,1042,0,3216,3216
48201212500,"Harris, TX (CT)",0,1566,1566,0,3610,3610
48201220100,"Harris, TX (CT)",0,725,725,0,2097,2097
48201220200,"Harris, TX (CT)",0,1016,1016,0,3030,3030
48201220300,"Harris, TX (CT)",0,1421,1421,0,4509,4509
48201220400,"Harris, TX (CT)",0,1489,1489,0,5021,5021
48201220500,"Harris, TX (CT)",0,1943,1943,0,4288,4288
48201220600,"Harris, TX (CT)",0,1149,1149,0,3894,3894
48201220700,"Harris, TX (CT)",0,2086,2086,0,6317,6317
48201220800,"Harris, TX (CT)",0,1235,1235,0,3289,3289
48201220900,"Harris, TX (CT)",0,550,550,0,1852,1852
48201221000,"Harris, TX (CT)",0,1187,1187,0,4037,4037
48201221100,"Harris, TX (CT)",0,1046,1046,0,3598,3598
48201221200,"Harris, TX (CT)",0,1699,1699,0,5994,5994
48201221300,"Harris, TX (CT)",0,2443,2443,0,8593,8593
48201221400,"Harris, TX (CT)",0,1988,1988,0,6137,6137
48201221500,"Harris, TX (CT)",0,2574,2574,0,8259,8259
48201221600,"Harris, TX (CT)",0,2584,2584,0,9217,9217
48201221700,"Harris, TX (CT)",0,2247,2247,0,8245,8245
48201221800,"Harris, TX (CT)",0,1206,1206,0,4285,4285
48201221900,"Harris, TX (CT)",0,1339,1339,0,4888,4888
48201222000,"Harris, TX (CT)",0,603,603,0,2507,2507
48201222100,"Harris, TX (CT)",0,1506,1506,0,5621,5621
48201222200,"Harris, TX (CT)",0,1075,1075,0,3726,3726
48201222300,"Harris, TX (CT)",0,1251,1251,0,4512,4512
48201222401,"Harris, TX (CT)",0,1072,1072,0,3701,3701
48201222402,"Harris, TX (CT)",0,1632,1632,0,5906,5906
48201222501,"Harris, TX (CT)",0,874,874,0,2860,2860
48201222502,"Harris, TX (CT)",0,1083,1083,0,4025,4025
48201222503,"Harris, TX (CT)",0,1970,1970,0,6614,6614
48201222600,"Harris, TX (CT)",0,2127,2127,0,4947,4947
48201222700,"Harris, TX (CT)",0,2239,2239,0,5175,5175
48201222800,"Harris, TX (CT)",0,970,970,0,3561,3561
48201222900,"Harris, TX (CT)",0,2200,2200,0,7848,7848
48201223001,"Harris, TX (CT)",0,1058,1058,0,3591,3591
48201223002,"Harris, TX (CT)",0,1196,1196,0,3985,3985
48201223100,"Harris, TX (CT)",0,626,626,0,2111,2111
48201230100,"Harris, TX (CT)",0,688,688,0,1705,1705
48201230200,"Harris, TX (CT)",0,2124,2124,0,5054,5054
48201230300,"Harris, TX (CT)",0,876,876,0,1803,1803
48201230400,"Harris, TX (CT)",0,1524,1524,0,3719,3719
48201230500,"Harris, TX (CT)",0,1245,1245,0,4174,4174
48201230600,"Harris, TX (CT)",0,1022,1022,0,2572,2572
48201230700,"Harris, TX (CT)",0,1145,1145,0,2651,2651
48201230800,"Harris, TX (CT)",0,1012,1012,0,2805,2805
48201230900,"Harris, TX (CT)",0,1717,1717,0,4231,4231
48201231000,"Harris, TX (CT)",0,1499,1499,0,4282,4282
48201231100,"Harris, TX (CT)",0,1445,1445,0,4729,4729
48201231200,"Harris, TX (CT)",18,2210,2228,60,6638,6698
48201231300,"Harris, TX (CT)",0,1628,1628,0,4254,4254
48201231400,"Harris, TX (CT)",0,958,958,0,2379,2379
48201231500,"Harris, TX (CT)",0,1075,1075,0,2706,2706
48201231600,"Harris, TX (CT)",0,1087,1087,0,2822,2822
48201231700,"Harris, TX (CT)",0,1108,1108,0,3867,3867
48201231800,"Harris, TX (CT)",0,889,889,0,2764,2764
48201231900,"Harris, TX (CT)",0,2218,2218,0,6292,6292
48201232000,"Harris, TX (CT)",124,1176,1300,353,3697,4050
48201232100,"Harris, TX (CT)",0,1097,1097,0,2869,2869
48201232200,"Harris, TX (CT)",0,3769,3769,0,9437,9437
48201232301,"Harris, TX (CT)",113,2696,2809,393,8520,8913
48201232302,"Harris, TX (CT)",11,2749,2760,23,8997,9020
48201232401,"Harris, TX (CT)",0,2267,2267,0,7415,7415
48201232402,"Harris, TX (CT)",0,1283,1283,0,3714,3714
48201232403,"Harris, TX (CT)",0,1456,1456,0,4165,4165
48201232500,"Harris, TX (CT)",0,865,865,0,3135,3135
48201232600,"Harris, TX (CT)",0,913,913,0,3000,3000
48201232701,"Harris, TX (CT)",0,2589,2589,0,7235,7235
48201232702,"Harris, TX (CT)",0,2166,2166,0,5217,5217
48201232800,"Harris, TX (CT)",0,2244,2244,0,5201,5201
48201232900,"Harris, TX (CT)",0,3028,3028,0,7254,7254
48201233001,"Harris, TX (CT)",0,1540,1540,0,3133,3133
48201233002,"Harris, TX (CT)",0,1248,1248,0,3932,3932
48201233003,"Harris, TX (CT)",0,827,827,0,2235,2235
48201233101,"Harris, TX (CT)",0,1373,1373,0,4107,4107
48201233102,"Harris, TX (CT)",0,1899,1899,0,6676,6676
48201233103,"Harris, TX (CT)",0,1539,1539,0,5164,5164
48201233200,"Harris, TX (CT)",0,1880,1880,0,6232,6232
48201233300,"Harris, TX (CT)",0,1329,1329,0,4818,4818
48201233400,"Harris, TX (CT)",0,1016,1016,0,2757,2757
48201233500,"Harris, TX (CT)",0,2341,2341,0,7796,7796
48201233600,"Harris, TX (CT)",0,940,940,0,2127,2127
48201233701,"Harris, TX (CT)",0,1651,1651,0,5245,5245
48201233702,"Harris, TX (CT)",0,881,881,0,3000,3000
48201233703,"Harris, TX (CT)",0,753,753,0,2656,2656
48201240100,"Harris, TX (CT)",0,1742,1742,0,3557,3557
48201240400,"Harris, TX (CT)",0,2135,2135,0,6394,6394
48201240501,"Harris, TX (CT)",0,2455,2455,0,5418,5418
48201240502,"Harris, TX (CT)",0,2746,2746,0,5594,5594
48201240600,"Harris, TX (CT)",0,1168,1168,0,2657,2657
48201240701,"Harris, TX (CT)",0,4259,4259,0,13642,13642
48201240702,"Harris, TX (CT)",0,3046,3046,0,10524,10524
48201240801,"Harris, TX (CT)",0,2891,2891,0,5157,5157
48201240802,"Harris, TX (CT)",0,1407,1407,0,3912,3912
48201240901,"Harris, TX (CT)",0,2893,2893,0,8671,8671
48201240902,"Harris, TX (CT)",0,4073,4073,0,11756,11756
48201241000,"Harris, TX (CT)",199,2720,2919,554,7763,8317
48201241101,"Harris, TX (CT)",0,1538,1538,0,4542,4542
48201241102,"Harris, TX (CT)",0,3820,3820,0,11643,11643
48201241103,"Harris, TX (CT)",0,1695,1695,0,4298,4298
48201241200,"Harris, TX (CT)",0,2446,2446,0,6931,6931
48201241300,"Harris, TX (CT)",0,3924,3924,0,10947,10947
48201241400,"Harris, TX (CT)",126,2839,2965,341,7590,7931
48201241500,"Harris, TX (CT)",0,3325,3325,0,9146,9146
48201250100,"Harris, TX (CT)",0,2582,2582,0,7865,7865
48201250200,"Harris, TX (CT)",0,2716,2716,0,8428,8428
48201250301,"Harris, TX (CT)",0,2102,2102,0,8587,8587
48201250302,"Harris, TX (CT)",0,3251,3251,0,9742,9742
48201250401,"Harris, TX (CT)",0,3799,3799,0,12134,12134
48201250402,"Harris, TX (CT)",253,4843,5096,690,13272,13962
48201250500,"Harris, TX (CT)",0,1962,1962,0,5510,5510
48201250600,"Harris, TX (CT)",92,3263,3355,193,7413,7606
48201250701,"Harris, TX (CT)",124,1746,1870,295,5078,5373
48201250702,"Harris, TX (CT)",0,1621,1621,0,4563,4563
48201250800,"Harris, TX (CT)",0,3053,3053,0,8129,8129
48201250900,"Harris, TX (CT)",0,3559,3559,0,8569,8569
48201251000,"Harris, TX (CT)",0,1478,1478,0,2774,2774
48201251100,"Harris, TX (CT)",0,2967,2967,0,7400,7400
48201251200,"Harris, TX (CT)",0,2235,2235,0,5584,5584
48201251300,"Harris, TX (CT)",0,2665,2665,0,7159,7159
48201251401,"Harris, TX (CT)",0,834,834,0,2446,2446
48201251402,"Harris, TX (CT)",0,2358,2358,0,5924,5924
48201251501,"Harris, TX (CT)",90,1417,1507,191,4616,4807
48201251502,"Harris, TX (CT)",0,3633,3633,0,9419,9419
48201251503,"Harris, TX (CT)",0,798,798,0,2264,2264
48201251600,"Harris, TX (CT)",2089,0,2089,5750,0,5750
48201251700,"Harris, TX (CT)",845,2203,3048,2338,5731,8069
48201251800,"Harris, TX (CT)",663,56,719,1716,131,1847
48201251901,"Harris, TX (CT)",1233,2208,3441,3054,6299,9353
48201251902,"Harris, TX (CT)",2,1817,1819,2,4776,4778
48201252000,"Harris, TX (CT)",137,3814,3951,346,10950,11296
48201252100,"Harris, TX (CT)",160,478,638,398,1322,1720
48201252200,"Harris, TX (CT)",1,2747,2748,3,7941,7944
48201252301,"Harris, TX (CT)",0,2545,2545,0,8862,8862
48201252302,"Harris, TX (CT)",0,3437,3437,0,11443,11443
48201252400,"Harris, TX (CT)",0,2262,2262,0,6976,6976
48201252500,"Harris, TX (CT)",3,1544,1547,4,4321,4325
48201252600,"Harris, TX (CT)",185,2360,2545,366,7186,7552
48201252700,"Harris, TX (CT)",752,908,1660,1937,2226,4163
48201252800,"Harris, TX (CT)",1120,1106,2226,2986,2896,5882
48201252900,"Harris, TX (CT)",6,3061,3067,10,7758,7768
48201253000,"Harris, TX (CT)",44,1474,1518,113,3775,3888
48201253100,"Harris, TX (CT)",221,2367,2588,672,7767,8439
48201253200,"Harris, TX (CT)",291,3394,3685,691,8738,9429
48201253300,"Harris, TX (CT)",0,1372,1372,0,3428,3428
48201253400,"Harris, TX (CT)",0,293,293,0,724,724
48201253500,"Harris, TX (CT)",0,3188,3188,0,8382,8382
48201253600,"Harris, TX (CT)",0,3075,3075,0,5002,5002
48201253700,"Harris, TX (CT)",0,2300,2300,0,5227,5227
48201253800,"Harris, TX (CT)",0,2760,2760,0,7717,7717
48201253900,"Harris, TX (CT)",0,1925,1925,0,4416,4416
48201254000,"Harris, TX (CT)",0,1592,1592,0,3594,3594
48201254100,"Harris, TX (CT)",0,1913,1913,0,5141,5141
48201254200,"Harris, TX (CT)",0,1035,1035,0,3052,3052
48201254300,"Harris, TX (CT)",0,1993,1993,0,4917,4917
48201254400,"Harris, TX (CT)",0,1167,1167,0,3253,3253
48201254500,"Harris, TX (CT)",0,897,897,0,2356,2356
48201254600,"Harris, TX (CT)",0,1398,1398,0,4067,4067
48201254700,"Harris, TX (CT)",240,656,896,508,1521,2029
48201310100,"Harris, TX (CT)",0,2515,2515,0,5884,5884
48201310200,"Harris, TX (CT)",0,883,883,0,1463,1463
48201310300,"Harris, TX (CT)",0,2300,2300,0,4774,4774
48201310400,"Harris, TX (CT)",0,1547,1547,0,4084,4084
48201310500,"Harris, TX (CT)",0,1677,1677,0,4856,4856
48201310600,"Harris, TX (CT)",0,2228,2228,0,6025,6025
48201310700,"Harris, TX (CT)",0,1498,1498,0,4167,4167
48201310800,"Harris, TX (CT)",0,1024,1024,0,2490,2490
48201310900,"Harris, TX (CT)",0,2115,2115,0,5770,5770
48201311000,"Harris, TX (CT)",0,2474,2474,0,7111,7111
48201311100,"Harris, TX (CT)",0,2078,2078,0,5886,5886
48201311200,"Harris, TX (CT)",0,1769,1769,0,4908,4908
48201311300,"Harris, TX (CT)",0,1587,1587,0,5242,5242
48201311400,"Harris, TX (CT)",0,572,572,0,1496,1496
48201311500,"Harris, TX (CT)",0,2357,2357,0,7611,7611
48201311600,"Harris, TX (CT)",0,1499,1499,0,4103,4103
48201311700,"Harris, TX (CT)",0,1827,1827,0,5593,5593
48201311800,"Harris, TX (CT)",0,1353,1353,0,4542,4542
48201311900,"Harris, TX (CT)",0,770,770,0,2448,2448
48201312000,"Harris, TX (CT)",0,1451,1451,0,4089,4089
48201312100,"Harris, TX (CT)",0,12,12,0,2725,2725
48201312200,"Harris, TX (CT)",0,1192,1192,0,2058,2058
48201312300,"Harris, TX (CT)",0,1142,1142,0,1962,1962
48201312400,"Harris, TX (CT)",0,1351,1351,0,2208,2208
48201312500,"Harris, TX (CT)",0,1818,1818,0,4235,4235
48201312600,"Harris, TX (CT)",0,4287,4287,0,5871,5871
48201312700,"Harris, TX (CT)",0,1209,1209,0,1955,1955
48201312800,"Harris, TX (CT)",0,728,728,0,2332,2332
48201312900,"Harris, TX (CT)",0,2102,2102,0,3941,3941
48201313000,"Harris, TX (CT)",0,1461,1461,0,2349,2349
48201313100,"Harris, TX (CT)",0,1896,1896,0,3356,3356
48201313200,"Harris, TX (CT)",0,2071,2071,0,3798,3798
48201313300,"Harris, TX (CT)",0,1161,1161,0,2654,2654
48201313400,"Harris, TX (CT)",0,1439,1439,0,2935,2935
48201313500,"Harris, TX (CT)",0,1026,1026,0,2501,2501
48201313600,"Harris, TX (CT)",0,1867,1867,0,4831,4831
48201313700,"Harris, TX (CT)",0,1023,1023,0,2457,2457
48201313800,"Harris, TX (CT)",0,2034,2034,0,4774,4774
48201313900,"Harris, TX (CT)",0,2884,2884,0,4495,4495
48201314001,"Harris, TX (CT)",0,1828,1828,0,2759,2759
48201314002,"Harris, TX (CT)",0,4370,4370,0,7544,7544
48201314300,"Harris, TX (CT)",0,2476,2476,0,3962,3962
48201314400,"Harris, TX (CT)",0,2327,2327,0,3093,3093
48201320100,"Harris, TX (CT)",0,1068,1068,0,2876,2876
48201320200,"Harris, TX (CT)",0,2246,2246,0,6662,6662
48201320500,"Harris, TX (CT)",0,1230,1230,0,4618,4618
48201320601,"Harris, TX (CT)",0,863,863,0,2638,2638
48201320602,"Harris, TX (CT)",0,1502,1502,0,4537,4537
48201320700,"Harris, TX (CT)",0,1622,1622,0,3849,3849
48201320800,"Harris, TX (CT)",0,1590,1590,0,5367,5367
48201320900,"Harris, TX (CT)",0,2486,2486,0,7394,7394
48201321000,"Harris, TX (CT)",0,2662,2662,0,7508,7508
48201321100,"Harris, TX (CT)",0,2717,2717,0,7397,7397
48201321200,"Harris, TX (CT)",0,1517,1517,0,4284,4284
48201321300,"Harris, TX (CT)",0,2151,2151,0,5546,5546
48201321401,"Harris, TX (CT)",0,1280,1280,0,4383,4383
48201321402,"Harris, TX (CT)",0,1419,1419,0,4248,4248
48201321500,"Harris, TX (CT)",0,969,969,0,2985,2985
48201321600,"Harris, TX (CT)",0,2049,2049,0,6785,6785
48201321700,"Harris, TX (CT)",0,1011,1011,0,3049,3049
48201321800,"Harris, TX (CT)",0,1156,1156,0,4108,4108
48201321900,"Harris, TX (CT)",0,1665,1665,0,5855,5855
48201322000,"Harris, TX (CT)",0,1827,1827,0,4258,4258
48201322100,"Harris, TX (CT)",0,1405,1405,0,4101,4101
48201322200,"Harris, TX (CT)",0,568,568,0,1688,1688
48201322600,"Harris, TX (CT)",0,1801,1801,0,5329,5329
48201322700,"Harris, TX (CT)",0,2315,2315,0,7400,7400
48201322800,"Harris, TX (CT)",0,1842,1842,0,6414,6414
48201322900,"Harris, TX (CT)",0,1276,1276,0,4186,4186
48201323000,"Harris, TX (CT)",0,2275,2275,0,6318,6318
48201323100,"Harris, TX (CT)",0,1262,1262,0,3333,3333
48201323200,"Harris, TX (CT)",0,1764,1764,0,5612,5612
48201323300,"Harris, TX (CT)",0,1233,1233,0,3510,3510
48201323400,"Harris, TX (CT)",0,2276,2276,0,7431,7431
48201323500,"Harris, TX (CT)",0,2076,2076,0,5377,5377
48201323600,"Harris, TX (CT)",0,3437,3437,0,8378,8378
48201323701,"Harris, TX (CT)",0,2044,2044,0,4158,4158
48201323702,"Harris, TX (CT)",0,1306,1306,0,3219,3219
48201323801,"Harris, TX (CT)",0,1267,1267,0,3896,3896
48201323802,"Harris, TX (CT)",0,1693,1693,0,4844,4844
48201323900,"Harris, TX (CT)",0,1670,1670,0,3875,3875
48201324000,"Harris, TX (CT)",0,2027,2027,0,5561,5561
48201324100,"Harris, TX (CT)",0,1836,1836,0,5540,5540
48201324200,"Harris, TX (CT)",0,471,471,0,1647,1647
48201330100,"Harris, TX (CT)",0,2332,2332,0,8313,8313
48201330200,"Harris, TX (CT)",0,1370,1370,0,4243,4243
48201330301,"Harris, TX (CT)",0,1844,1844,0,7169,7169
48201330302,"Harris, TX (CT)",0,1785,1785,0,5527,5527
48201330303,"Harris, TX (CT)",0,1531,1531,0,4061,4061
48201330400,"Harris, TX (CT)",0,1502,1502,0,4663,4663
48201330500,"Harris, TX (CT)",0,1204,1204,0,4121,4121
48201330600,"Harris, TX (CT)",0,2065,2065,0,6424,6424
48201330700,"Harris, TX (CT)",0,2207,2207,0,7796,7796
48201330800,"Harris, TX (CT)",116,3060,3176,211,8360,8571
48201330900,"Harris, TX (CT)",0,2961,2961,0,7886,7886
48201331100,"Harris, TX (CT)",0,1661,1661,0,3843,3843
48201331200,"Harris, TX (CT)",0,1663,1663,0,3473,3473
48201331300,"Harris, TX (CT)",0,1913,1913,0,4647,4647
48201331400,"Harris, TX (CT)",0,1098,1098,0,2520,2520
48201331500,"Harris, TX (CT)",0,2820,2820,0,7145,7145
48201331601,"Harris, TX (CT)",0,2538,2538,0,6458,6458
48201331602,"Harris, TX (CT)",0,1611,1611,0,2340,2340
48201331700,"Harris, TX (CT)",0,1492,1492,0,3971,3971
48201331800,"Harris, TX (CT)",0,1429,1429,0,3682,3682
48201331900,"Harris, TX (CT)",0,1319,1319,0,3364,3364
48201332000,"Harris, TX (CT)",0,2058,2058,0,5593,5593
48201332100,"Harris, TX (CT)",0,991,991,0,3037,3037
48201332200,"Harris, TX (CT)",0,1623,1623,0,4985,4985
48201332300,"Harris, TX (CT)",0,1062,1062,0,2918,2918
48201332400,"Harris, TX (CT)",0,1524,1524,0,4271,4271
48201332500,"Harris, TX (CT)",0,1081,1081,0,3257,3257
48201332600,"Harris, TX (CT)",0,2098,2098,0,6605,6605
48201332700,"Harris, TX (CT)",0,824,824,0,2728,2728
48201332800,"Harris, TX (CT)",0,1496,1496,0,4617,4617
48201332900,"Harris, TX (CT)",0,1502,1502,0,5049,5049
48201333000,"Harris, TX (CT)",0,1063,1063,0,3315,3315
48201333100,"Harris, TX (CT)",0,1394,1394,0,3663,3663
48201333201,"Harris, TX (CT)",0,1794,1794,0,4998,4998
48201333202,"Harris, TX (CT)",0,2564,2564,0,5674,5674
48201333300,"Harris, TX (CT)",0,3349,3349,0,9372,9372
48201333500,"Harris, TX (CT)",0,2429,2429,0,6433,6433
48201333600,"Harris, TX (CT)",0,1188,1188,0,3156,3156
48201333700,"Harris, TX (CT)",0,973,973,0,3156,3156
48201333800,"Harris, TX (CT)",0,2907,2907,0,9228,9228
48201333901,"Harris, TX (CT)",0,2246,2246,0,8311,8311
48201333902,"Harris, TX (CT)",0,3054,3054,0,8217,8217
48201334001,"Harris, TX (CT)",0,1156,1156,0,3178,3178
48201334002,"Harris, TX (CT)",0,1171,1171,0,2089,2089
48201334003,"Harris, TX (CT)",0,2360,2360,0,5976,5976
48201334100,"Harris, TX (CT)",0,4315,4315,0,9914,9914
48201340100,"Harris, TX (CT)",0,2106,2106,0,4618,4618
48201340201,"Harris, TX (CT)",0,864,864,0,1653,1653
48201340202,"Harris, TX (CT)",0,1401,1401,0,4577,4577
48201340203,"Harris, TX (CT)",0,1676,1676,0,4035,4035
48201340301,"Harris, TX (CT)",0,1441,1441,0,4278,4278
48201340302,"Harris, TX (CT)",0,2487,2487,0,6814,6814
48201340400,"Harris, TX (CT)",0,537,537,0,1358,1358
48201340500,"Harris, TX (CT)",0,3106,3106,0,6367,6367
48201340600,"Harris, TX (CT)",0,988,988,0,2511,2511
48201340700,"Harris, TX (CT)",0,2700,2700,0,7167,7167
48201340800,"Harris, TX (CT)",0,2058,2058,0,5734,5734
48201340900,"Harris, TX (CT)",0,2164,2164,0,4216,4216
48201341000,"Harris, TX (CT)",0,3720,3720,0,6799,6799
48201341100,"Harris, TX (CT)",0,2039,2039,0,3832,3832
48201341201,"Harris, TX (CT)",0,1968,1968,0,3974,3974
48201341202,"Harris, TX (CT)",0,2834,2834,0,4833,4833
48201341301,"Harris, TX (CT)",0,2971,2971,0,4864,4864
48201341302,"Harris, TX (CT)",0,1717,1717,0,3133,3133
48201341400,"Harris, TX (CT)",10,2200,2210,26,5130,5156
48201341501,"Harris, TX (CT)",0,2917,2917,0,6449,6449
48201341502,"Harris, TX (CT)",0,2207,2207,0,3902,3902
48201341600,"Harris, TX (CT)",0,2153,2153,0,5463,5463
48201341700,"Harris, TX (CT)",0,1276,1276,0,2455,2455
48201341800,"Harris, TX (CT)",0,822,822,0,1843,1843
48201342001,"Harris, TX (CT)",0,2332,2332,0,6843,6843
48201342002,"Harris, TX (CT)",0,1262,1262,0,3413,3413
48201342100,"Harris, TX (CT)",0,1491,1491,0,4384,4384
48201342200,"Harris, TX (CT)",0,2098,2098,0,4217,4217
48201342300,"Harris, TX (CT)",0,2395,2395,0,6442,6442
48201342400,"Harris, TX (CT)",0,1197,1197,0,3104,3104
48201342500,"Harris, TX (CT)",0,2514,2514,0,6260,6260
48201342700,"Harris, TX (CT)",0,1945,1945,0,5054,5054
48201342800,"Harris, TX (CT)",0,2865,2865,0,8854,8854
48201342900,"Harris, TX (CT)",0,2036,2036,0,5437,5437
48201343000,"Harris, TX (CT)",0,2847,2847,0,7423,7423
48201343100,"Harris, TX (CT)",0,1666,1666,0,4629,4629
48201343200,"Harris, TX (CT)",0,1631,1631,0,4944,4944
48201343301,"Harris, TX (CT)",0,1530,1530,0,4452,4452
48201343302,"Harris, TX (CT)",0,1710,1710,0,4763,4763
48201343600,"Harris, TX (CT)",1,1425,1426,8,3309,3317
48201343700,"Harris, TX (CT)",0,1202,1202,0,2945,2945
48201350100,"Harris, TX (CT)",0,4845,4845,0,15280,15280
48201350200,"Harris, TX (CT)",0,2757,2757,0,8405,8405
48201350300,"Harris, TX (CT)",0,2070,2070,0,5904,5904
48201350400,"Harris, TX (CT)",0,2106,2106,0,6182,6182
48201350500,"Harris, TX (CT)",0,2364,2364,0,6848,6848
48201350601,"Harris, TX (CT)",4,1550,1554,12,4103,4115
48201350602,"Harris, TX (CT)",0,2996,2996,0,8714,8714
48201350700,"Harris, TX (CT)",0,861,861,0,2272,2272
48201350801,"Harris, TX (CT)",0,2077,2077,0,4855,4855
48201350802,"Harris, TX (CT)",0,3072,3072,0,7084,7084
48201410100,"Harris, TX (CT)",0,2126,2126,0,3793,3793
48201410200,"Harris, TX (CT)",0,2878,2878,0,4202,4202
48201410300,"Harris, TX (CT)",0,1708,1708,0,2621,2621
48201410401,"Harris, TX (CT)",0,2397,2397,0,3807,3807
48201410402,"Harris, TX (CT)",0,1571,1571,0,2556,2556
48201410500,"Harris, TX (CT)",0,2920,2920,0,4209,4209
48201410600,"Harris, TX (CT)",0,2700,2700,0,3206,3206
48201410701,"Harris, TX (CT)",0,2617,2617,0,3640,3640
48201410702,"Harris, TX (CT)",0,1782,1782,0,2622,2622
48201410800,"Harris, TX (CT)",0,2575,2575,0,3818,3818
48201410900,"Harris, TX (CT)",0,1809,1809,0,2684,2684
48201411000,"Harris, TX (CT)",0,3345,3345,0,4162,4162
48201411100,"Harris, TX (CT)",0,1775,1775,0,3450,3450
48201411200,"Harris, TX (CT)",0,770,770,0,1803,1803
48201411300,"Harris, TX (CT)",0,2689,2689,0,3383,3383
48201411400,"Harris, TX (CT)",0,1317,1317,0,2775,2775
48201411501,"Harris, TX (CT)",0,4199,4199,0,5233,5233
48201411502,"Harris, TX (CT)",0,2891,2891,0,3916,3916
48201411600,"Harris, TX (CT)",0,1280,1280,0,2307,2307
48201411700,"Harris, TX (CT)",0,2049,2049,0,2774,2774
48201411800,"Harris, TX (CT)",0,3196,3196,0,4835,4835
48201411900,"Harris, TX (CT)",0,2298,2298,0,3681,3681
48201412000,"Harris, TX (CT)",0,1449,1449,0,2892,2892
48201412100,"Harris, TX (CT)",0,4,4,0,2328,2328
48201412200,"Harris, TX (CT)",0,2515,2515,0,5355,5355
48201412300,"Harris, TX (CT)",0,2572,2572,0,6527,6527
48201412400,"Harris, TX (CT)",0,1622,1622,0,4541,4541
48201412500,"Harris, TX (CT)",0,663,663,0,1715,1715
48201412600,"Harris, TX (CT)",0,1359,1359,0,3737,3737
48201412700,"Harris, TX (CT)",0,1416,1416,0,3262,3262
48201412800,"Harris, TX (CT)",0,1738,1738,0,4930,4930
48201412900,"Harris, TX (CT)",0,2338,2338,0,3892,3892
48201413000,"Harris, TX (CT)",0,1716,1716,0,3460,3460
48201413100,"Harris, TX (CT)",0,1182,1182,0,3087,3087
48201413201,"Harris, TX (CT)",0,1872,1872,0,2626,2626
48201413202,"Harris, TX (CT)",0,2181,2181,0,2878,2878
48201413300,"Harris, TX (CT)",0,3595,3595,0,6897,6897
48201420100,"Harris, TX (CT)",0,1541,1541,0,3062,3062
48201420200,"Harris, TX (CT)",0,976,976,0,2547,2547
48201420300,"Harris, TX (CT)",0,1687,1687,0,3411,3411
48201420400,"Harris, TX (CT)",0,1602,1602,0,3393,3393
48201420500,"Harris, TX (CT)",0,1439,1439,0,4041,4041
48201420600,"Harris, TX (CT)",0,1019,1019,0,2232,2232
48201420700,"Harris, TX (CT)",0,1249,1249,0,3139,3139
48201420800,"Harris, TX (CT)",0,1000,1000,0,2512,2512
48201420900,"Harris, TX (CT)",0,2297,2297,0,6231,6231
48201421000,"Harris, TX (CT)",0,1002,1002,0,2497,2497
48201421101,"Harris, TX (CT)",0,1735,1735,0,3729,3729
48201421102,"Harris, TX (CT)",0,2301,2301,0,5544,5544
48201421201,"Harris, TX (CT)",0,1891,1891,0,4399,4399
48201421202,"Harris, TX (CT)",0,1683,1683,0,4145,4145
48201421300,"Harris, TX (CT)",0,2565,2565,0,6635,6635
48201421401,"Harris, TX (CT)",0,1374,1374,0,3626,3626
48201421402,"Harris, TX (CT)",0,1382,1382,0,3440,3440
48201421403,"Harris, TX (CT)",0,1339,1339,0,4363,4363
48201421500,"Harris, TX (CT)",0,2781,2781,0,6484,6484
48201421600,"Harris, TX (CT)",0,2355,2355,0,7014,7014
48201421700,"Harris, TX (CT)",0,1896,1896,0,4560,4560
48201421800,"Harris, TX (CT)",0,2789,2789,0,5005,5005
48201421900,"Harris, TX (CT)",0,1127,1127,0,2690,2690
48201422000,"Harris, TX (CT)",0,1081,1081,0,2539,2539
48201422100,"Harris, TX (CT)",0,2046,2046,0,5289,5289
48201422200,"Harris, TX (CT)",0,2674,2674,0,4421,4421
48201422301,"Harris, TX (CT)",0,2885,2885,0,7108,7108
48201422302,"Harris, TX (CT)",0,974,974,0,2350,2350
48201422401,"Harris, TX (CT)",0,1913,1913,0,3910,3910
48201422402,"Harris, TX (CT)",0,2165,2165,0,6074,6074
48201422500,"Harris, TX (CT)",0,2682,2682,0,5647,5647
48201422600,"Harris, TX (CT)",0,2649,2649,0,6380,6380
48201422701,"Harris, TX (CT)",0,1677,1677,0,5083,5083
48201422702,"Harris, TX (CT)",0,1116,1116,0,3347,3347
48201422800,"Harris, TX (CT)",0,1717,1717,0,4916,4916
48201422900,"Harris, TX (CT)",0,2040,2040,0,5027,5027
48201423000,"Harris, TX (CT)",0,2355,2355,0,4695,4695
48201423100,"Harris, TX (CT)",0,1139,1139,0,3161,3161
48201423201,"Harris, TX (CT)",0,1071,1071,0,3233,3233
48201423202,"Harris, TX (CT)",0,3108,3108,0,6989,6989
48201423301,"Harris, TX (CT)",0,2052,2052,0,3701,3701
48201423302,"Harris, TX (CT)",0,2404,2404,0,5123,5123
48201423401,"Harris, TX (CT)",0,1912,1912,0,5153,5153
48201423402,"Harris, TX (CT)",0,1359,1359,0,4207,4207
48201423500,"Harris, TX (CT)",0,722,722,0,1927,1927
48201423600,"Harris, TX (CT)",0,2292,2292,0,6971,6971
48201430100,"Harris, TX (CT)",0,3464,3464,0,5749,5749
48201430200,"Harris, TX (CT)",0,796,796,0,1380,1380
48201430300,"Harris, TX (CT)",0,1503,1503,0,4367,4367
48201430400,"Harris, TX (CT)",0,1124,1124,0,3125,3125
48201430500,"Harris, TX (CT)",0,1042,1042,0,2557,2557
48201430600,"Harris, TX (CT)",0,1259,1259,0,3633,3633
48201430700,"Harris, TX (CT)",0,1673,1673,0,3284,3284
48201430800,"Harris, TX (CT)",0,2084,2084,0,4348,4348
48201430900,"Harris, TX (CT)",0,2767,2767,0,5770,5770
48201431000,"Harris, TX (CT)",0,2654,2654,0,5239,5239
48201431101,"Harris, TX (CT)",0,2274,2274,0,3303,3303
48201431102,"Harris, TX (CT)",0,2262,2262,0,3336,3336
48201431201,"Harris, TX (CT)",0,2479,2479,0,4058,4058
48201431202,"Harris, TX (CT)",0,2805,2805,0,4592,4592
48201431301,"Harris, TX (CT)",0,2898,2898,0,4516,4516
48201431302,"Harris, TX (CT)",0,2004,2004,0,3929,3929
48201431401,"Harris, TX (CT)",0,1753,1753,0,2339,2339
48201431402,"Harris, TX (CT)",0,2356,2356,0,3209,3209
48201431501,"Harris, TX (CT)",0,2783,2783,0,3711,3711
48201431502,"Harris, TX (CT)",0,1953,1953,0,3471,3471
48201431600,"Harris, TX (CT)",0,1744,1744,0,3352,3352
48201431700,"Harris, TX (CT)",0,2628,2628,0,4591,4591
48201431801,"Harris, TX (CT)",0,1804,1804,0,2967,2967
48201431802,"Harris, TX (CT)",0,3057,3057,0,3695,3695
48201431900,"Harris, TX (CT)",0,2976,2976,0,3786,3786
48201432001,"Harris, TX (CT)",0,2092,2092,0,3464,3464
48201432002,"Harris, TX (CT)",0,2784,2784,0,4734,4734
48201432100,"Harris, TX (CT)",0,2487,2487,0,5054,5054
48201432200,"Harris, TX (CT)",0,2105,2105,0,4043,4043
48201432300,"Harris, TX (CT)",0,3652,3652,0,6521,6521
48201432400,"Harris, TX (CT)",0,3233,3233,0,5548,5548
48201432500,"Harris, TX (CT)",0,2647,2647,0,5529,5529
48201432600,"Harris, TX (CT)",0,902,902,0,1888,1888
48201432701,"Harris, TX (CT)",0,2589,2589,0,6721,6721
48201432702,"Harris, TX (CT)",0,1537,1537,0,3384,3384
48201432801,"Harris, TX (CT)",0,2322,2322,0,4767,4767
48201432802,"Harris, TX (CT)",0,2795,2795,0,5616,5616
48201432901,"Harris, TX (CT)",0,1214,1214,0,3484,3484
48201432902,"Harris, TX (CT)",0,2518,2518,0,4476,4476
48201433001,"Harris, TX (CT)",0,2013,2013,0,5358,5358
48201433002,"Harris, TX (CT)",0,1973,1973,0,4859,4859
48201433003,"Harris, TX (CT)",0,2081,2081,0,4831,4831
48201433100,"Harris, TX (CT)",0,1356,1356,0,3748,3748
48201433201,"Harris, TX (CT)",0,2090,2090,0,5118,5118
48201433202,"Harris, TX (CT)",0,1410,1410,0,4336,4336
48201433300,"Harris, TX (CT)",0,1802,1802,0,5196,5196
48201433400,"Harris, TX (CT)",0,1854,1854,0,4406,4406
48201433501,"Harris, TX (CT)",0,2104,2104,0,6161,6161
48201433502,"Harris, TX (CT)",0,3115,3115,0,7116,7116
48201433600,"Harris, TX (CT)",0,2891,2891,0,5281,5281
48201440100,"Harris, TX (CT)",0,2736,2736,0,6751,6751
48201450100,"Harris, TX (CT)",0,780,780,0,1756,1756
48201450200,"Harris, TX (CT)",0,1807,1807,0,4872,4872
48201450300,"Harris, TX (CT)",0,3047,3047,0,7024,7024
48201450400,"Harris, TX (CT)",0,2359,2359,0,4503,4503
48201450500,"Harris, TX (CT)",0,1268,1268,0,2941,2941
48201450600,"Harris, TX (CT)",0,1933,1933,0,4310,4310
48201450700,"Harris, TX (CT)",0,2341,2341,0,6461,6461
48201450801,"Harris, TX (CT)",0,1240,1240,0,2170,2170
48201450802,"Harris, TX (CT)",0,3345,3345,0,5991,5991
48201450900,"Harris, TX (CT)",0,1198,1198,0,2434,2434
48201451001,"Harris, TX (CT)",0,2660,2660,0,4981,4981
48201451002,"Harris, TX (CT)",0,2636,2636,0,5109,5109
48201451100,"Harris, TX (CT)",0,2227,2227,0,3989,3989
48201451200,"Harris, TX (CT)",0,1127,1127,0,2675,2675
48201451300,"Harris, TX (CT)",0,3239,3239,0,6881,6881
48201451401,"Harris, TX (CT)",0,1818,1818,0,3330,3330
48201451402,"Harris, TX (CT)",0,2586,2586,0,4543,4543
48201451403,"Harris, TX (CT)",0,2290,2290,0,3504,3504
48201451500,"Harris, TX (CT)",0,3276,3276,0,5084,5084
48201451601,"Harris, TX (CT)",0,2770,2770,0,5886,5886
48201451602,"Harris, TX (CT)",0,3226,3226,0,7317,7317
48201451700,"Harris, TX (CT)",0,1666,1666,0,3407,3407
48201451800,"Harris, TX (CT)",0,2004,2004,0,4748,4748
48201451901,"Harris, TX (CT)",0,3535,3535,0,7411,7411
48201451902,"Harris, TX (CT)",0,891,891,0,2466,2466
48201452000,"Harris, TX (CT)",0,3723,3723,0,7136,7136
48201452100,"Harris, TX (CT)",0,4919,4919,0,8823,8823
48201452201,"Harris, TX (CT)",0,3192,3192,0,5215,5215
48201452202,"Harris, TX (CT)",0,1725,1725,0,2963,2963
48201452300,"Harris, TX (CT)",0,730,730,0,2323,2323
48201452400,"Harris, TX (CT)",0,2649,2649,0,8192,8192
48201452500,"Harris, TX (CT)",0,2681,2681,0,7794,7794
48201452600,"Harris, TX (CT)",0,2553,2553,0,7130,7130
48201452700,"Harris, TX (CT)",0,3333,3333,0,9901,9901
48201452801,"Harris, TX (CT)",0,1987,1987,0,5553,5553
48201452802,"Harris, TX (CT)",0,1933,1933,0,5949,5949
48201452900,"Harris, TX (CT)",0,1263,1263,0,4040,4040
48201453000,"Harris, TX (CT)",0,2203,2203,0,7857,7857
48201453100,"Harris, TX (CT)",0,1658,1658,0,3266,3266
48201453200,"Harris, TX (CT)",0,2862,2862,0,7947,7947
48201453300,"Harris, TX (CT)",0,1299,1299,0,2965,2965
48201453401,"Harris, TX (CT)",0,1087,1087,0,3125,3125
48201453402,"Harris, TX (CT)",0,2806,2806,0,8214,8214
48201453403,"Harris, TX (CT)",0,1586,1586,0,3133,3133
48201453501,"Harris, TX (CT)",0,2150,2150,0,6174,6174
48201453502,"Harris, TX (CT)",0,1135,1135,0,3685,3685
48201453601,"Harris, TX (CT)",0,744,744,0,2108,2108
48201453602,"Harris, TX (CT)",0,2478,2478,0,7699,7699
48201453700,"Harris, TX (CT)",0,2829,2829,0,8194,8194
48201453800,"Harris, TX (CT)",0,1096,1096,0,3342,3342
48201453900,"Harris, TX (CT)",0,2967,2967,0,10151,10151
48201454000,"Harris, TX (CT)",0,1467,1467,0,5041,5041
48201454100,"Harris, TX (CT)",0,1111,1111,0,3480,3480
48201454200,"Harris, TX (CT)",0,1199,1199,0,3966,3966
48201454301,"Harris, TX (CT)",0,4753,4753,0,10503,10503
48201454302,"Harris, TX (CT)",0,2285,2285,0,6490,6490
48201454400,"Harris, TX (CT)",3,332,335,0,282,282
48201454501,"Harris, TX (CT)",16,2911,2927,54,8369,8423
48201454502,"Harris, TX (CT)",0,776,776,0,2553,2553
48201454600,"Harris, TX (CT)",0,2163,2163,0,4765,4765
48201454700,"Harris, TX (CT)",0,2500,2500,0,6762,6762
48201454800,"Harris, TX (CT)",0,2877,2877,0,7313,7313
48201454900,"Harris, TX (CT)",0,3303,3303,0,10460,10460
48201455000,"Harris, TX (CT)",0,1049,1049,0,2838,2838
48201455101,"Harris, TX (CT)",0,2560,2560,0,7051,7051
48201455102,"Harris, TX (CT)",0,1071,1071,0,3226,3226
48201455200,"Harris, TX (CT)",0,1579,1579,0,4472,4472
48201455300,"Harris, TX (CT)",0,1394,1394,0,3290,3290
48201510100,"Harris, TX (CT)",0,1049,1049,0,2142,2142
48201510200,"Harris, TX (CT)",0,3307,3307,0,5432,5432
48201510300,"Harris, TX (CT)",0,2878,2878,0,5284,5284
48201510400,"Harris, TX (CT)",0,2229,2229,0,3837,3837
48201510500,"Harris, TX (CT)",0,1523,1523,0,2849,2849
48201510600,"Harris, TX (CT)",0,2521,2521,0,4763,4763
48201510700,"Harris, TX (CT)",0,2286,2286,0,3511,3511
48201510800,"Harris, TX (CT)",0,4123,4123,0,6908,6908
48201510900,"Harris, TX (CT)",0,2921,2921,0,6070,6070
48201511001,"Harris, TX (CT)",0,1498,1498,0,2685,2685
48201511002,"Harris, TX (CT)",0,2449,2449,0,4261,4261
48201511100,"Harris, TX (CT)",0,1548,1548,0,2676,2676
48201511200,"Harris, TX (CT)",0,2293,2293,0,4424,4424
48201511301,"Harris, TX (CT)",0,2090,2090,0,3970,3970
48201511302,"Harris, TX (CT)",0,2199,2199,0,3631,3631
48201511400,"Harris, TX (CT)",0,1633,1633,0,3001,3001
48201511500,"Harris, TX (CT)",0,3182,3182,0,6472,6472
48201511600,"Harris, TX (CT)",0,1773,1773,0,4641,4641
48201520100,"Harris, TX (CT)",0,934,934,0,1597,1597
48201520200,"Harris, TX (CT)",0,1558,1558,0,3604,3604
48201520300,"Harris, TX (CT)",0,1962,1962,0,5126,5126
48201520400,"Harris, TX (CT)",0,1073,1073,0,3079,3079
48201520500,"Harris, TX (CT)",0,2795,2795,0,7869,7869
48201520601,"Harris, TX (CT)",0,818,818,0,2484,2484
48201520602,"Harris, TX (CT)",0,2145,2145,0,6272,6272
48201520700,"Harris, TX (CT)",0,1444,1444,0,3724,3724
48201521000,"Harris, TX (CT)",0,761,761,0,2103,2103
48201521100,"Harris, TX (CT)",0,717,717,0,2177,2177
48201521200,"Harris, TX (CT)",0,2359,2359,0,6328,6328
48201521300,"Harris, TX (CT)",0,1876,1876,0,5439,5439
48201521400,"Harris, TX (CT)",0,2247,2247,0,7593,7593
48201521500,"Harris, TX (CT)",0,1932,1932,0,5897,5897
48201521600,"Harris, TX (CT)",0,1035,1035,0,3632,3632
48201521700,"Harris, TX (CT)",0,3240,3240,0,6609,6609
48201521800,"Harris, TX (CT)",0,1941,1941,0,5778,5778
48201521900,"Harris, TX (CT)",0,2554,2554,0,6537,6537
48201522000,"Harris, TX (CT)",0,2118,2118,0,4434,4434
48201522100,"Harris, TX (CT)",0,2856,2856,0,7445,7445
48201522201,"Harris, TX (CT)",0,1351,1351,0,3687,3687
48201522202,"Harris, TX (CT)",0,1354,1354,0,3655,3655
48201522301,"Harris, TX (CT)",0,1602,1602,0,4126,4126
48201522302,"Harris, TX (CT)",0,1515,1515,0,3909,3909
48201522401,"Harris, TX (CT)",0,2249,2249,0,5259,5259
48201522402,"Harris, TX (CT)",0,1312,1312,0,3920,3920
48201522500,"Harris, TX (CT)",0,1727,1727,0,4461,4461
48201530100,"Harris, TX (CT)",0,2735,2735,0,6233,6233
48201530200,"Harris, TX (CT)",0,1674,1674,0,3373,3373
48201530300,"Harris, TX (CT)",0,1231,1231,0,2400,2400
48201530400,"Harris, TX (CT)",0,1075,1075,0,2602,2602
48201530500,"Harris, TX (CT)",0,1848,1848,0,4763,4763
48201530600,"Harris, TX (CT)",0,1396,1396,0,3612,3612
48201530700,"Harris, TX (CT)",0,1806,1806,0,5606,5606
48201530800,"Harris, TX (CT)",0,1706,1706,0,3849,3849
48201530900,"Harris, TX (CT)",0,1753,1753,0,4187,4187
48201531000,"Harris, TX (CT)",0,1665,1665,0,3629,3629
48201531100,"Harris, TX (CT)",0,1337,1337,0,2854,2854
48201531200,"Harris, TX (CT)",0,1605,1605,0,3162,3162
48201531300,"Harris, TX (CT)",0,2511,2511,0,5380,5380
48201531400,"Harris, TX (CT)",0,1015,1015,0,2053,2053
48201531500,"Harris, TX (CT)",0,1306,1306,0,3020,3020
48201531600,"Harris, TX (CT)",0,1240,1240,0,2823,2823
48201531700,"Harris, TX (CT)",0,1382,1382,0,2829,2829
48201531800,"Harris, TX (CT)",0,905,905,0,2352,2352
48201531900,"Harris, TX (CT)",0,1624,1624,0,4708,4708
48201532001,"Harris, TX (CT)",0,3789,3789,0,4867,4867
48201532002,"Harris, TX (CT)",0,431,431,0,1008,1008
48201532100,"Harris, TX (CT)",0,2749,2749,0,5777,5777
48201532200,"Harris, TX (CT)",0,1469,1469,0,2790,2790
48201532300,"Harris, TX (CT)",0,2836,2836,0,5520,5520
48201532400,"Harris, TX (CT)",0,2095,2095,0,6112,6112
48201532501,"Harris, TX (CT)",0,2612,2612,0,8895,8895
48201532502,"Harris, TX (CT)",0,1535,1535,0,5562,5562
48201532600,"Harris, TX (CT)",0,2341,2341,0,6558,6558
48201532700,"Harris, TX (CT)",0,1954,1954,0,4820,4820
48201532800,"Harris, TX (CT)",0,718,718,0,1684,1684
48201532900,"Harris, TX (CT)",0,1620,1620,0,4667,4667
48201533000,"Harris, TX (CT)",0,1050,1050,0,2245,2245
48201533100,"Harris, TX (CT)",0,2312,2312,0,6449,6449
48201533200,"Harris, TX (CT)",0,1526,1526,0,3222,3222
48201533300,"Harris, TX (CT)",0,2313,2313,0,5880,5880
48201533400,"Harris, TX (CT)",0,2877,2877,0,9655,9655
48201533500,"Harris, TX (CT)",0,1278,1278,0,4383,4383
48201533600,"Harris, TX (CT)",0,1885,1885,0,5480,5480
48201533701,"Harris, TX (CT)",0,1837,1837,0,5695,5695
48201533702,"Harris, TX (CT)",0,877,877,0,3498,3498
48201533801,"Harris, TX (CT)",0,2357,2357,0,8645,8645
48201533802,"Harris, TX (CT)",0,1749,1749,0,6182,6182
48201533901,"Harris, TX (CT)",0,2605,2605,0,9260,9260
48201533902,"Harris, TX (CT)",0,1653,1653,0,4408,4408
48201534001,"Harris, TX (CT)",0,1018,1018,0,2959,2959
48201534002,"Harris, TX (CT)",0,1501,1501,0,5680,5680
48201534003,"Harris, TX (CT)",0,741,741,0,2678,2678
48201534100,"Harris, TX (CT)",0,2153,2153,0,7488,7488
48201534201,"Harris, TX (CT)",0,890,890,0,2582,2582
48201534202,"Harris, TX (CT)",0,3769,3769,0,8515,8515
48201534203,"Harris, TX (CT)",0,539,539,0,1716,1716
48201540100,"Harris, TX (CT)",0,4080,4080,0,12349,12349
48201540200,"Harris, TX (CT)",0,1006,1006,0,2654,2654
48201540501,"Harris, TX (CT)",0,2617,2617,0,6024,6024
48201540502,"Harris, TX (CT)",0,1914,1914,0,5248,5248
48201540601,"Harris, TX (CT)",0,898,898,0,2632,2632
48201540602,"Harris, TX (CT)",0,2461,2461,0,6979,6979
48201540700,"Harris, TX (CT)",0,2313,2313,0,7505,7505
48201540800,"Harris, TX (CT)",0,2629,2629,0,7883,7883
48201540901,"Harris, TX (CT)",0,1062,1062,0,2496,2496
48201540902,"Harris, TX (CT)",0,3221,3221,0,6965,6965
48201541001,"Harris, TX (CT)",0,4106,4106,0,10368,10368
48201541002,"Harris, TX (CT)",0,2524,2524,0,7924,7924
48201541003,"Harris, TX (CT)",0,4209,4209,0,12938,12938
48201541100,"Harris, TX (CT)",0,2317,2317,0,6536,6536
48201541201,"Harris, TX (CT)",0,2979,2979,0,8799,8799
48201541202,"Harris, TX (CT)",0,2957,2957,0,8811,8811
48201541203,"Harris, TX (CT)",0,1025,1025,0,2682,2682
48201541300,"Harris, TX (CT)",0,3547,3547,0,11303,11303
48201541400,"Harris, TX (CT)",0,4912,4912,0,14539,14539
48201541500,"Harris, TX (CT)",0,1640,1640,0,5216,5216
48201541601,"Harris, TX (CT)",0,1651,1651,0,4430,4430
48201541602,"Harris, TX (CT)",0,3052,3052,0,9669,9669
48201541700,"Harris, TX (CT)",0,4243,4243,0,9712,9712
48201541800,"Harris, TX (CT)",0,2436,2436,0,5762,5762
48201541900,"Harris, TX (CT)",0,2163,2163,0,6402,6402
48201542000,"Harris, TX (CT)",0,4526,4526,0,15167,15167
48201542101,"Harris, TX (CT)",0,5218,5218,0,17754,17754
48201542102,"Harris, TX (CT)",0,4287,4287,0,14625,14625
48201542200,"Harris, TX (CT)",2,4988,4990,8,16524,16532
48201542301,"Harris, TX (CT)",0,3735,3735,0,12365,12365
48201542302,"Harris, TX (CT)",0,2077,2077,0,6459,6459
48201542400,"Harris, TX (CT)",0,3335,3335,0,10040,10040
48201542500,"Harris, TX (CT)",0,1036,1036,0,2161,2161
48201542600,"Harris, TX (CT)",0,1443,1443,0,4393,4393
48201542700,"Harris, TX (CT)",0,1578,1578,0,4393,4393
48201542800,"Harris, TX (CT)",29,2285,2314,66,6917,6983
48201542900,"Harris, TX (CT)",598,2988,3586,1788,9368,11156
48201543001,"Harris, TX (CT)",768,1231,1999,2438,3983,6421
48201543002,"Harris, TX (CT)",1344,2400,3744,3075,6982,10057
48201543003,"Harris, TX (CT)",0,4897,4897,0,16578,16578
48201543100,"Harris, TX (CT)",592,64,656,1871,284,2155
48201543200,"Harris, TX (CT)",0,2776,2776,0,5924,5924
48201550100,"Harris, TX (CT)",0,2179,2179,0,4719,4719
48201550200,"Harris, TX (CT)",0,1825,1825,0,3727,3727
48201550301,"Harris, TX (CT)",0,3584,3584,0,6600,6600
48201550302,"Harris, TX (CT)",0,4271,4271,0,8785,8785
48201550401,"Harris, TX (CT)",0,4691,4691,0,10249,10249
48201550402,"Harris, TX (CT)",0,3837,3837,0,9449,9449
48201550500,"Harris, TX (CT)",0,1819,1819,0,5665,5665
48201550601,"Harris, TX (CT)",0,1846,1846,0,6731,6731
48201550602,"Harris, TX (CT)",0,825,825,0,3015,3015
48201550603,"Harris, TX (CT)",0,1738,1738,0,5632,5632
48201550700,"Harris, TX (CT)",0,873,873,0,3038,3038
48201550800,"Harris, TX (CT)",0,994,994,0,3468,3468
48201550900,"Harris, TX (CT)",0,2618,2618,0,8741,8741
48201551000,"Harris, TX (CT)",0,884,884,0,3377,3377
48201551100,"Harris, TX (CT)",0,3500,3500,0,9497,9497
48201551200,"Harris, TX (CT)",0,2690,2690,0,6747,6747
48201551300,"Harris, TX (CT)",0,1174,1174,0,3818,3818
48201551400,"Harris, TX (CT)",0,1997,1997,0,4335,4335
48201551500,"Harris, TX (CT)",0,2847,2847,0,7803,7803
48201551600,"Harris, TX (CT)",0,2775,2775,0,8294,8294
48201551701,"Harris, TX (CT)",0,3539,3539,0,9087,9087
48201551702,"Harris, TX (CT)",0,1297,1297,0,4024,4024
48201551703,"Harris, TX (CT)",0,3114,3114,0,7692,7692
48201551800,"Harris, TX (CT)",0,1753,1753,0,4386,4386
48201551900,"Harris, TX (CT)",0,3144,3144,0,5881,5881
48201552001,"Harris, TX (CT)",0,3691,3691,0,8117,8117
48201552002,"Harris, TX (CT)",0,593,593,0,1415,1415
48201552101,"Harris, TX (CT)",0,1557,1557,0,3883,3883
48201552102,"Harris, TX (CT)",0,2152,2152,0,5928,5928
48201552103,"Harris, TX (CT)",0,1026,1026,0,2954,2954
48201552200,"Harris, TX (CT)",0,2483,2483,0,6511,6511
48201552301,"Harris, TX (CT)",0,1613,1613,0,3961,3961
48201552302,"Harris, TX (CT)",0,2252,2252,0,4962,4962
48201552400,"Harris, TX (CT)",0,2589,2589,0,6599,6599
48201552500,"Harris, TX (CT)",0,3868,3868,0,10270,10270
48201552601,"Harris, TX (CT)",0,2227,2227,0,5339,5339
48201552602,"Harris, TX (CT)",0,2903,2903,0,5968,5968
48201552700,"Harris, TX (CT)",0,4476,4476,0,8092,8092
48201552800,"Harris, TX (CT)",0,4415,4415,0,8826,8826
48201552900,"Harris, TX (CT)",0,3753,3753,0,6966,6966
48201553001,"Harris, TX (CT)",0,2161,2161,0,5044,5044
48201553002,"Harris, TX (CT)",0,1730,1730,0,4565,4565
48201553100,"Harris, TX (CT)",0,2675,2675,0,6140,6140
48201553200,"Harris, TX (CT)",0,3120,3120,0,6743,6743
48201553300,"Harris, TX (CT)",0,2744,2744,0,4600,4600
48201553401,"Harris, TX (CT)",0,1421,1421,0,3815,3815
48201553402,"Harris, TX (CT)",0,2546,2546,0,6899,6899
48201553403,"Harris, TX (CT)",0,2091,2091,0,6185,6185
48201553500,"Harris, TX (CT)",0,2339,2339,0,6370,6370
48201553600,"Harris, TX (CT)",0,2632,2632,0,6273,6273
48201553700,"Harris, TX (CT)",0,1598,1598,0,3960,3960
48201553801,"Harris, TX (CT)",0,820,820,0,2486,2486
48201553802,"Harris, TX (CT)",0,3004,3004,0,7672,7672
48201553900,"Harris, TX (CT)",0,2662,2662,0,7748,7748
48201554001,"Harris, TX (CT)",0,1557,1557,0,3299,3299
48201554002,"Harris, TX (CT)",0,1559,1559,0,4307,4307
48201554101,"Harris, TX (CT)",0,420,420,0,1245,1245
48201554102,"Harris, TX (CT)",0,3305,3305,0,9399,9399
48201554200,"Harris, TX (CT)",0,2738,2738,0,6229,6229
48201554301,"Harris, TX (CT)",0,2705,2705,0,7331,7331
48201554302,"Harris, TX (CT)",0,1644,1644,0,4420,4420
48201554401,"Harris, TX (CT)",0,4552,4552,0,13497,13497
48201554402,"Harris, TX (CT)",0,4185,4185,0,12826,12826
48201554403,"Harris, TX (CT)",117,2804,2921,271,8421,8692
48201554501,"Harris, TX (CT)",0,1739,1739,0,5287,5287
48201554502,"Harris, TX (CT)",0,2163,2163,0,6327,6327
48201554600,"Harris, TX (CT)",0,1620,1620,0,4605,4605
48201554700,"Harris, TX (CT)",0,2663,2663,0,6937,6937
48201554801,"Harris, TX (CT)",53,4576,4629,96,13980,14076
48201554802,"Harris, TX (CT)",475,4633,5108,1314,13695,15009
48201554901,"Harris, TX (CT)",5,2655,2660,11,8362,8373
48201554902,"Harris, TX (CT)",0,2080,2080,0,6182,6182
48201554903,"Harris, TX (CT)",0,3744,3744,0,11314,11314
48201555000,"Harris, TX (CT)",0,2446,2446,0,7449,7449
48201555100,"Harris, TX (CT)",0,2856,2856,0,8149,8149
48201555200,"Harris, TX (CT)",31,2269,2300,65,6348,6413
48201555301,"Harris, TX (CT)",20,341,361,46,914,960
48201555302,"Harris, TX (CT)",39,3287,3326,96,9123,9219
48201555303,"Harris, TX (CT)",193,1432,1625,495,3595,4090
48201555401,"Harris, TX (CT)",127,846,973,310,2135,2445
48201555402,"Harris, TX (CT)",233,3372,3605,283,7491,7774
48201555501,"Harris, TX (CT)",976,684,1660,2727,1597,4324
48201555502,"Harris, TX (CT)",656,5229,5885,1879,15137,17016
48201555600,"Harris, TX (CT)",1561,108,1669,4366,351,4717
48201555701,"Harris, TX (CT)",47,2156,2203,172,6892,7064
48201555702,"Harris, TX (CT)",25,2917,2942,95,9294,9389
48201556000,"Harris, TX (CT)",1343,893,2236,3883,2579,6462
48201980000,"Harris, TX (CT)",0,17,17,0,33,33
48201980100,"Harris, TX (CT)",0,254,254,0,603,603
48203020102,"Harrison, TX (CT)",2892,0,2892,5686,0,5686
48203020103,"Harrison, TX (CT)",1783,117,1900,4156,286,4442
48203020104,"Harrison, TX (CT)",1702,98,1800,3562,267,3829
48203020200,"Harrison, TX (CT)",2898,0,2898,6844,0,6844
48203020301,"Harrison, TX (CT)",73,1849,1922,193,4246,4439
48203020302,"Harrison, TX (CT)",426,991,1417,938,2567,3505
48203020401,"Harrison, TX (CT)",329,1167,1496,797,3093,3890
48203020402,"Harrison, TX (CT)",119,1856,1975,265,4999,5264
48203020501,"Harrison, TX (CT)",0,1386,1386,0,3111,3111
48203020502,"Harrison, TX (CT)",540,1543,2083,1289,3410,4699
48203020603,"Harrison, TX (CT)",1146,946,2092,3081,2596,5677
48203020604,"Harrison, TX (CT)",1583,116,1699,3369,253,3622
48203020605,"Harrison, TX (CT)",1460,839,2299,3738,2151,5889
48203020606,"Harrison, TX (CT)",1084,761,1845,2871,1863,4734
48205950200,"Hartley, TX (CT)",850,1096,1946,3471,2591,6062
48207950300,"Haskell, TX (CT)",888,1319,2207,883,3090,3973
48207950400,"Haskell, TX (CT)",1236,0,1236,1926,0,1926
48209010100,"Hays, TX (CT)",0,1198,1198,0,2249,2249
48209010200,"Hays, TX (CT)",0,820,820,0,6030,6030
48209010302,"Hays, TX (CT)",0,1697,1697,0,4356,4356
48209010303,"Hays, TX (CT)",384,2327,2711,1152,5417,6569
48209010304,"Hays, TX (CT)",49,2410,2459,98,5135,5233
48209010400,"Hays, TX (CT)",701,2670,3371,1654,6280,7934
48209010500,"Hays, TX (CT)",75,1420,1495,178,3275,3453
48209010600,"Hays, TX (CT)",1058,2834,3892,2861,6404,9265
48209010701,"Hays, TX (CT)",421,3048,3469,1109,6125,7234
48209010702,"Hays, TX (CT)",829,403,1232,2024,967,2991
48209010803,"Hays, TX (CT)",1674,654,2328,3215,1263,4478
48209010804,"Hays, TX (CT)",2500,1870,4370,5216,3769,8985
48209010805,"Hays, TX (CT)",1089,882,1971,3008,2730,5738
48209010806,"Hays, TX (CT)",1045,343,1388,2645,1010,3655
48209010807,"Hays, TX (CT)",875,0,875,1962,0,1962
48209010808,"Hays, TX (CT)",2360,0,2360,5844,0,5844
48209010809,"Hays, TX (CT)",1812,0,1812,4950,0,4950
48209010901,"Hays, TX (CT)",1114,1740,2854,3013,4756,7769
48209010902,"Hays, TX (CT)",899,2778,3677,2415,7680,10095
48209010905,"Hays, TX (CT)",699,1312,2011,1849,3790,5639
48209010906,"Hays, TX (CT)",501,2969,3470,1579,9855,11434
48209010907,"Hays, TX (CT)",1080,2064,3144,3731,7123,10854
48209010908,"Hays, TX (CT)",292,2079,2371,905,6351,7256
48209010909,"Hays, TX (CT)",0,1898,1898,0,5191,5191
48209010910,"Hays, TX (CT)",106,2438,2544,414,7529,7943
48211950300,"Hemphill, TX (CT)",495,1134,1629,1026,2781,3807
48213950100,"Henderson, TX (CT)",2056,1130,3186,4603,2041,6644
48213950200,"Henderson, TX (CT)",2220,0,2220,5249,0,5249
48213950300,"Henderson, TX (CT)",3267,406,3673,6862,827,7689
48213950400,"Henderson, TX (CT)",1951,17,1968,4421,40,4461
48213950500,"Henderson, TX (CT)",1066,0,1066,2476,0,2476
48213950601,"Henderson, TX (CT)",85,1795,1880,195,3248,3443
48213950602,"Henderson, TX (CT)",138,2309,2447,342,4310,4652
48213950700,"Henderson, TX (CT)",1747,265,2012,3918,467,4385
48213950800,"Henderson, TX (CT)",3334,75,3409,4651,118,4769
48213950901,"Henderson, TX (CT)",405,2949,3354,721,4531,5252
48213950902,"Henderson, TX (CT)",1085,109,1194,1897,188,2085
48213950903,"Henderson, TX (CT)",1788,0,1788,2311,0,2311
48213951000,"Henderson, TX (CT)",25,843,868,42,1971,2013
48213951100,"Henderson, TX (CT)",1736,508,2244,3288,810,4098
48213951200,"Henderson, TX (CT)",126,2092,2218,275,5959,6234
48213951300,"Henderson, TX (CT)",270,2376,2646,522,5343,5865
48213951400,"Henderson, TX (CT)",2633,789,3422,5433,1473,6906
48215020101,"Hidalgo, TX (CT)",0,2173,2173,0,6321,6321
48215020102,"Hidalgo, TX (CT)",265,2694,2959,442,6708,7150
48215020201,"Hidalgo, TX (CT)",0,2234,2234,0,7364,7364
48215020202,"Hidalgo, TX (CT)",0,1943,1943,0,7190,7190
48215020204,"Hidalgo, TX (CT)",0,2458,2458,0,7836,7836
48215020205,"Hidalgo, TX (CT)",0,1891,1891,0,5317,5317
48215020301,"Hidalgo, TX (CT)",0,3299,3299,0,9984,9984
48215020302,"Hidalgo, TX (CT)",0,3368,3368,0,9667,9667
48215020402,"Hidalgo, TX (CT)",214,2538,2752,380,7820,8200
48215020403,"Hidalgo, TX (CT)",0,1819,1819,0,4971,4971
48215020404,"Hidalgo, TX (CT)",0,3758,3758,0,6299,6299
48215020501,"Hidalgo, TX (CT)",0,2128,2128,0,5232,5232
48215020503,"Hidalgo, TX (CT)",6,3262,3268,9,11532,11541
48215020504,"Hidalgo, TX (CT)",0,2328,2328,0,7740,7740
48215020600,"Hidalgo, TX (CT)",0,853,853,0,2528,2528
48215020701,"Hidalgo, TX (CT)",0,2741,2741,0,9179,9179
48215020721,"Hidalgo, TX (CT)",0,2378,2378,0,7864,7864
48215020723,"Hidalgo, TX (CT)",0,1865,1865,0,5633,5633
48215020724,"Hidalgo, TX (CT)",0,1262,1262,0,3923,3923
48215020725,"Hidalgo, TX (CT)",0,1325,1325,0,4283,4283
48215020726,"Hidalgo, TX (CT)",0,2189,2189,0,6289,6289
48215020802,"Hidalgo, TX (CT)",0,2564,2564,0,6620,6620
48215020803,"Hidalgo, TX (CT)",0,1751,1751,0,4952,4952
48215020804,"Hidalgo, TX (CT)",0,1668,1668,0,3902,3902
48215020901,"Hidalgo, TX (CT)",0,2185,2185,0,5124,5124
48215020903,"Hidalgo, TX (CT)",0,2044,2044,0,4852,4852
48215020904,"Hidalgo, TX (CT)",0,2043,2043,0,4598,4598
48215021000,"Hidalgo, TX (CT)",0,2404,2404,0,6520,6520
48215021100,"Hidalgo, TX (CT)",0,1352,1352,0,3171,3171
48215021201,"Hidalgo, TX (CT)",0,1263,1263,0,2999,2999
48215021202,"Hidalgo, TX (CT)",18,2526,2544,52,4999,5051
48215021302,"Hidalgo, TX (CT)",76,3736,3812,222,15446,15668
48215021303,"Hidalgo, TX (CT)",65,2283,2348,233,9365,9598
48215021304,"Hidalgo, TX (CT)",26,1569,1595,77,5535,5612
48215021305,"Hidalgo, TX (CT)",74,1754,1828,280,6999,7279
48215021401,"Hidalgo, TX (CT)",0,1986,1986,0,6026,6026
48215021403,"Hidalgo, TX (CT)",0,2057,2057,0,4560,4560
48215021404,"Hidalgo, TX (CT)",51,3734,3785,118,7556,7674
48215021500,"Hidalgo, TX (CT)",0,1238,1238,0,3720,3720
48215021600,"Hidalgo, TX (CT)",0,1136,1136,0,3595,3595
48215021701,"Hidalgo, TX (CT)",0,3408,3408,0,9945,9945
48215021702,"Hidalgo, TX (CT)",0,3274,3274,0,10416,10416
48215021803,"Hidalgo, TX (CT)",0,1383,1383,0,5312,5312
48215021804,"Hidalgo, TX (CT)",0,1313,1313,0,4345,4345
48215021805,"Hidalgo, TX (CT)",0,2385,2385,0,8727,8727
48215021806,"Hidalgo, TX (CT)",0,2157,2157,0,8585,8585
48215021901,"Hidalgo, TX (CT)",0,3159,3159,0,8748,8748
48215021903,"Hidalgo, TX (CT)",0,1556,1556,0,4828,4828
48215021904,"Hidalgo, TX (CT)",0,1744,1744,0,4439,4439
48215022001,"Hidalgo, TX (CT)",97,3471,3568,351,10876,11227
48215022003,"Hidalgo, TX (CT)",2,2619,2621,5,6729,6734
48215022004,"Hidalgo, TX (CT)",94,2844,2938,389,8501,8890
48215022103,"Hidalgo, TX (CT)",0,2617,2617,0,5522,5522
48215022104,"Hidalgo, TX (CT)",83,2295,2378,309,9430,9739
48215022105,"Hidalgo, TX (CT)",0,1204,1204,0,3835,3835
48215022106,"Hidalgo, TX (CT)",200,1887,2087,535,5475,6010
48215022201,"Hidalgo, TX (CT)",0,2014,2014,0,6683,6683
48215022203,"Hidalgo, TX (CT)",0,1591,1591,0,4376,4376
48215022204,"Hidalgo, TX (CT)",139,1103,1242,483,4261,4744
48215022300,"Hidalgo, TX (CT)",10,3718,3728,30,10196,10226
48215022401,"Hidalgo, TX (CT)",0,1730,1730,0,4713,4713
48215022402,"Hidalgo, TX (CT)",0,1671,1671,0,6084,6084
48215022501,"Hidalgo, TX (CT)",52,1618,1670,184,6451,6635
48215022502,"Hidalgo, TX (CT)",0,1773,1773,0,5715,5715
48215022600,"Hidalgo, TX (CT)",0,850,850,0,2415,2415
48215022701,"Hidalgo, TX (CT)",0,3605,3605,0,5225,5225
48215022702,"Hidalgo, TX (CT)",0,2432,2432,0,5474,5474
48215022800,"Hidalgo, TX (CT)",808,1635,2443,2611,6518,9129
48215022900,"Hidalgo, TX (CT)",0,1870,1870,0,4479,4479
48215023000,"Hidalgo, TX (CT)",168,1608,1776,473,4789,5262
48215023102,"Hidalgo, TX (CT)",263,1691,1954,922,6463,7385
48215023103,"Hidalgo, TX (CT)",106,2027,2133,415,6265,6680
48215023104,"Hidalgo, TX (CT)",228,1452,1680,786,4497,5283
48215023503,"Hidalgo, TX (CT)",556,1784,2340,1999,6479,8478
48215023504,"Hidalgo, TX (CT)",209,2364,2573,668,7588,8256
48215023507,"Hidalgo, TX (CT)",166,2093,2259,618,7763,8381
48215023509,"Hidalgo, TX (CT)",5,3212,3217,17,10137,10154
48215023510,"Hidalgo, TX (CT)",0,3127,3127,0,9255,9255
48215023511,"Hidalgo, TX (CT)",580,1726,2306,2147,6954,9101
48215023512,"Hidalgo, TX (CT)",128,11,139,412,2546,2958
48215023513,"Hidalgo, TX (CT)",505,1255,1760,1941,5330,7271
48215023514,"Hidalgo, TX (CT)",131,1758,1889,488,7647,8135
48215023515,"Hidalgo, TX (CT)",109,2508,2617,382,9977,10359
48215023600,"Hidalgo, TX (CT)",0,2827,2827,0,9016,9016
48215023700,"Hidalgo, TX (CT)",0,1684,1684,0,5125,5125
48215023801,"Hidalgo, TX (CT)",0,2387,2387,0,8809,8809
48215023802,"Hidalgo, TX (CT)",0,2784,2784,0,8295,8295
48215023902,"Hidalgo, TX (CT)",0,3674,3674,0,10860,10860
48215023903,"Hidalgo, TX (CT)",0,1709,1709,0,4594,4594
48215023904,"Hidalgo, TX (CT)",0,3205,3205,0,8169,8169
48215024000,"Hidalgo, TX (CT)",0,5443,5443,0,15955,15955
48215024105,"Hidalgo, TX (CT)",400,2208,2608,1252,7924,9176
48215024106,"Hidalgo, TX (CT)",0,3298,3298,0,10305,10305
48215024107,"Hidalgo, TX (CT)",0,1117,1117,0,4203,4203
48215024108,"Hidalgo, TX (CT)",241,1221,1462,976,4723,5699
48215024109,"Hidalgo, TX (CT)",0,1567,1567,0,5889,5889
48215024110,"Hidalgo, TX (CT)",0,2560,2560,0,9893,9893
48215024111,"Hidalgo, TX (CT)",123,1302,1425,435,4938,5373
48215024112,"Hidalgo, TX (CT)",524,2299,2823,2005,10658,12663
48215024113,"Hidalgo, TX (CT)",0,1502,1502,0,6171,6171
48215024114,"Hidalgo, TX (CT)",110,2066,2176,374,8440,8814
48215024201,"Hidalgo, TX (CT)",1043,2753,3796,4134,10419,14553
48215024203,"Hidalgo, TX (CT)",723,2570,3293,1084,5306,6390
48215024204,"Hidalgo, TX (CT)",8,1518,1526,32,4486,4518
48215024205,"Hidalgo, TX (CT)",11,2368,2379,38,7807,7845
48215024301,"Hidalgo, TX (CT)",605,0,605,1595,0,1595
48215024302,"Hidalgo, TX (CT)",586,0,586,1641,0,1641
48215024402,"Hidalgo, TX (CT)",490,1792,2282,1784,6884,8668
48215024403,"Hidalgo, TX (CT)",0,1799,1799,0,5500,5500
48215024404,"Hidalgo, TX (CT)",527,554,1081,2033,2011,4044
48215024500,"Hidalgo, TX (CT)",345,1938,2283,1288,6730,8018
48215024600,"Hidalgo, TX (CT)",901,730,1631,3164,3634,6798
48215980000,"Hidalgo, TX (CT)",0,0,0,0,0,0
48217960100,"Hill, TX (CT)",1614,0,1614,4080,0,4080
48217960200,"Hill, TX (CT)",2365,0,2365,4452,0,4452
48217960400,"Hill, TX (CT)",1336,0,1336,1994,0,1994
48217960500,"Hill, TX (CT)",2794,0,2794,5885,0,5885
48217960600,"Hill, TX (CT)",523,0,523,1338,0,1338
48217960700,"Hill, TX (CT)",928,24,952,1937,86,2023
48217960800,"Hill, TX (CT)",0,1553,1553,0,3473,3473
48217960900,"Hill, TX (CT)",23,756,779,61,2237,2298
48217961000,"Hill, TX (CT)",0,794,794,0,1930,1930
48217961100,"Hill, TX (CT)",1297,236,1533,3099,602,3701
48217961400,"Hill, TX (CT)",1875,0,1875,3915,0,3915
48219950100,"Hockley, TX (CT)",641,0,641,1504,0,1504
48219950200,"Hockley, TX (CT)",1609,133,1742,3823,335,4158
48219950300,"Hockley, TX (CT)",95,1671,1766,239,4082,4321
48219950400,"Hockley, TX (CT)",76,1901,1977,185,4758,4943
48219950500,"Hockley, TX (CT)",78,1784,1862,195,4621,4816
48219950600,"Hockley, TX (CT)",619,0,619,1476,0,1476
48219950700,"Hockley, TX (CT)",686,0,686,1717,0,1717
48221160100,"Hood, TX (CT)",317,1964,2281,720,3641,4361
48221160204,"Hood, TX (CT)",826,599,1425,1730,1240,2970
48221160205,"Hood, TX (CT)",1023,2570,3593,2065,4593,6658
48221160206,"Hood, TX (CT)",0,2120,2120,0,3855,3855
48221160207,"Hood, TX (CT)",6,3228,3234,9,6354,6363
48221160208,"Hood, TX (CT)",1176,1394,2570,2309,3102,5411
48221160209,"Hood, TX (CT)",1391,1597,2988,3357,3849,7206
48221160210,"Hood, TX (CT)",148,2232,2380,269,4827,5096
48221160301,"Hood, TX (CT)",1316,1257,2573,2902,2538,5440
48221160302,"Hood, TX (CT)",1577,210,1787,3450,372,3822
48223950100,"Hopkins, TX (CT)",1261,0,1261,2825,0,2825
48223950200,"Hopkins, TX (CT)",1907,0,1907,4263,0,4263
48223950300,"Hopkins, TX (CT)",2053,204,2257,5115,537,5652
48223950401,"Hopkins, TX (CT)",0,1715,1715,0,4014,4014
48223950402,"Hopkins, TX (CT)",78,1626,1704,280,3479,3759
48223950500,"Hopkins, TX (CT)",187,1034,1221,585,2434,3019
48223950600,"Hopkins, TX (CT)",63,1642,1705,124,3732,3856
48223950700,"Hopkins, TX (CT)",2027,0,2027,4915,0,4915
48223950800,"Hopkins, TX (CT)",1232,0,1232,2858,0,2858
48225950100,"Houston, TX (CT)",2940,0,2940,4872,0,4872
48225950200,"Houston, TX (CT)",839,0,839,1422,0,1422
48225950300,"Houston, TX (CT)",170,1234,1404,348,2926,3274
48225950400,"Houston, TX (CT)",0,1491,1491,0,3138,3138
48225950500,"Houston, TX (CT)",2463,55,2518,4191,228,4419
48225950600,"Houston, TX (CT)",876,0,876,1531,0,1531
48225950700,"Houston, TX (CT)",1464,0,1464,5076,0,5076
48227950100,"Howard, TX (CT)",945,103,1048,1972,275,2247
48227950200,"Howard, TX (CT)",881,40,921,1949,73,2022
48227950300,"Howard, TX (CT)",56,743,799,69,2173,2242
48227950400,"Howard, TX (CT)",22,1765,1787,36,3307,3343
48227950500,"Howard, TX (CT)",0,1569,1569,0,3219,3219
48227950600,"Howard, TX (CT)",46,1627,1673,102,4039,4141
48227950700,"Howard, TX (CT)",0,1349,1349,0,3335,3335
48227950801,"Howard, TX (CT)",153,1514,1667,346,3837,4183
48227950802,"Howard, TX (CT)",94,671,765,177,6526,6703
48227950900,"Howard, TX (CT)",1005,541,1546,2374,1203,3577
48229950300,"Hudspeth, TX (CT)",1527,0,1527,3476,0,3476
48231960100,"Hunt, TX (CT)",885,317,1202,1964,407,2371
48231960200,"Hunt, TX (CT)",1079,0,1079,2352,0,2352
48231960300,"Hunt, TX (CT)",1625,0,1625,4053,0,4053
48231960400,"Hunt, TX (CT)",1393,617,2010,3255,1580,4835
48231960500,"Hunt, TX (CT)",253,1661,1914,522,3433,3955
48231960600,"Hunt, TX (CT)",0,1457,1457,0,3877,3877
48231960700,"Hunt, TX (CT)",2305,134,2439,5434,232,5666
48231960800,"Hunt, TX (CT)",31,1330,1361,63,3586,3649
48231960900,"Hunt, TX (CT)",0,2200,2200,0,5166,5166
48231961000,"Hunt, TX (CT)",206,1462,1668,454,3746,4200
48231961100,"Hunt, TX (CT)",2413,401,2814,5568,1075,6643
48231961200,"Hunt, TX (CT)",180,1950,2130,313,4367,4680
48231961300,"Hunt, TX (CT)",1013,1853,2866,2562,3763,6325
48231961400,"Hunt, TX (CT)",2734,0,2734,7388,0,7388
48231961501,"Hunt, TX (CT)",1220,0,1220,3107,0,3107
48231961502,"Hunt, TX (CT)",1685,0,1685,4640,0,4640
48231961503,"Hunt, TX (CT)",1359,401,1760,3237,932,4169
48231961600,"Hunt, TX (CT)",943,2175,3118,2197,4203,6400
48231961700,"Hunt, TX (CT)",809,613,1422,1667,986,2653
48233950200,"Hutchinson, TX (CT)",1313,0,1313,2809,0,2809
48233950500,"Hutchinson, TX (CT)",725,1779,2504,1335,3578,4913
48233950600,"Hutchinson, TX (CT)",0,1822,1822,0,3999,3999
48233950700,"Hutchinson, TX (CT)",0,891,891,0,1821,1821
48233950800,"Hutchinson, TX (CT)",0,519,519,0,858,858
48233950900,"Hutchinson, TX (CT)",0,1845,1845,0,4133,4133
48233951000,"Hutchinson, TX (CT)",344,1391,1735,854,2763,3617
48235950100,"Irion, TX (CT)",856,0,856,1599,0,1599
48237950100,"Jack, TX (CT)",1107,22,1129,1738,1145,2883
48237950300,"Jack, TX (CT)",130,1400,1530,248,3086,3334
48237950500,"Jack, TX (CT)",1436,0,1436,2827,0,2827
48239950100,"Jackson, TX (CT)",2577,0,2577,5342,0,5342
48239950200,"Jackson, TX (CT)",788,1209,1997,1626,2278,3904
48239950300,"Jackson, TX (CT)",773,1243,2016,1733,3096,4829
48241950100,"Jasper, TX (CT)",3634,127,3761,5729,301,6030
48241950200,"Jasper, TX (CT)",128,1518,1646,277,3198,3475
48241950300,"Jasper, TX (CT)",68,1418,1486,171,3204,3375
48241950400,"Jasper, TX (CT)",1630,463,2093,4024,1087,5111
48241950500,"Jasper, TX (CT)",2169,0,2169,4697,0,4697
48241950600,"Jasper, TX (CT)",1079,0,1079,2389,0,2389
48241950700,"Jasper, TX (CT)",3415,0,3415,8133,0,8133
48241950800,"Jasper, TX (CT)",1149,0,1149,2500,0,2500
48243950100,"Jeff Davis, TX (CT)",1613,0,1613,2342,0,2342
48245000101,"Jefferson, TX (CT)",286,2063,2349,684,4537,5221
48245000102,"Jefferson, TX (CT)",87,774,861,221,1793,2014
48245000103,"Jefferson, TX (CT)",520,715,1235,1369,1942,3311
48245000200,"Jefferson, TX (CT)",0,2076,2076,0,4747,4747
48245000302,"Jefferson, TX (CT)",0,2938,2938,0,6936,6936
48245000304,"Jefferson, TX (CT)",0,2655,2655,0,6357,6357
48245000306,"Jefferson, TX (CT)",0,1775,1775,0,3846,3846
48245000307,"Jefferson, TX (CT)",1,1745,1746,2,3360,3362
48245000308,"Jefferson, TX (CT)",0,3367,3367,0,6368,6368
48245000309,"Jefferson, TX (CT)",0,1264,1264,0,2501,2501
48245000310,"Jefferson, TX (CT)",0,2401,2401,0,5098,5098
48245000400,"Jefferson, TX (CT)",0,2221,2221,0,4348,4348
48245000500,"Jefferson, TX (CT)",0,1061,1061,0,2339,2339
48245000600,"Jefferson, TX (CT)",0,2295,2295,0,5926,5926
48245000700,"Jefferson, TX (CT)",126,1452,1578,201,2774,2975
48245000900,"Jefferson, TX (CT)",0,820,820,0,2206,2206
48245001100,"Jefferson, TX (CT)",0,1356,1356,0,2724,2724
48245001200,"Jefferson, TX (CT)",0,1128,1128,0,2396,2396
48245001301,"Jefferson, TX (CT)",0,2176,2176,0,5465,5465
48245001302,"Jefferson, TX (CT)",0,1216,1216,0,3060,3060
48245001303,"Jefferson, TX (CT)",78,1212,1290,192,3003,3195
48245001700,"Jefferson, TX (CT)",0,866,866,0,1923,1923
48245001900,"Jefferson, TX (CT)",0,1088,1088,0,2978,2978
48245002000,"Jefferson, TX (CT)",0,905,905,0,2452,2452
48245002100,"Jefferson, TX (CT)",0,1488,1488,0,3499,3499
48245002200,"Jefferson, TX (CT)",7,1172,1179,15,2559,2574
48245002300,"Jefferson, TX (CT)",0,1609,1609,0,3475,3475
48245002400,"Jefferson, TX (CT)",0,1136,1136,0,2725,2725
48245002500,"Jefferson, TX (CT)",0,1619,1619,0,3758,3758
48245002600,"Jefferson, TX (CT)",0,2051,2051,0,6671,6671
48245005100,"Jefferson, TX (CT)",103,573,676,73,970,1043
48245005400,"Jefferson, TX (CT)",0,688,688,0,1498,1498
48245005500,"Jefferson, TX (CT)",0,1160,1160,0,2899,2899
48245005600,"Jefferson, TX (CT)",0,1217,1217,0,3623,3623
48245005900,"Jefferson, TX (CT)",0,834,834,0,1895,1895
48245006100,"Jefferson, TX (CT)",0,788,788,0,1399,1399
48245006300,"Jefferson, TX (CT)",0,724,724,0,1456,1456
48245006400,"Jefferson, TX (CT)",0,735,735,0,1890,1890
48245006500,"Jefferson, TX (CT)",0,1416,1416,0,3562,3562
48245006600,"Jefferson, TX (CT)",34,1646,1680,63,3834,3897
48245006700,"Jefferson, TX (CT)",0,1124,1124,0,2942,2942
48245006800,"Jefferson, TX (CT)",0,764,764,0,1883,1883
48245006900,"Jefferson, TX (CT)",98,1478,1576,226,2676,2902
48245007001,"Jefferson, TX (CT)",0,2958,2958,0,5467,5467
48245007002,"Jefferson, TX (CT)",0,1575,1575,0,3723,3723
48245007100,"Jefferson, TX (CT)",39,1532,1571,86,3439,3525
48245010100,"Jefferson, TX (CT)",0,1047,1047,0,3186,3186
48245010200,"Jefferson, TX (CT)",0,711,711,0,1743,1743
48245010300,"Jefferson, TX (CT)",0,1144,1144,0,2959,2959
48245010400,"Jefferson, TX (CT)",0,1314,1314,0,2993,2993
48245010500,"Jefferson, TX (CT)",0,1809,1809,0,3889,3889
48245010600,"Jefferson, TX (CT)",0,2469,2469,0,5778,5778
48245010700,"Jefferson, TX (CT)",0,1415,1415,0,3393,3393
48245010800,"Jefferson, TX (CT)",13,2149,2162,21,4986,5007
48245010901,"Jefferson, TX (CT)",0,1594,1594,0,3538,3538
48245010902,"Jefferson, TX (CT)",0,1846,1846,0,4592,4592
48245011001,"Jefferson, TX (CT)",0,2411,2411,0,5539,5539
48245011002,"Jefferson, TX (CT)",0,1583,1583,0,3685,3685
48245011101,"Jefferson, TX (CT)",0,2060,2060,0,4591,4591
48245011102,"Jefferson, TX (CT)",0,1139,1139,0,2528,2528
48245011201,"Jefferson, TX (CT)",17,2972,2989,47,7615,7662
48245011202,"Jefferson, TX (CT)",0,0,0,0,3259,3259
48245011203,"Jefferson, TX (CT)",0,0,0,0,174,174
48245011302,"Jefferson, TX (CT)",0,2,2,0,4777,4777
48245011303,"Jefferson, TX (CT)",1067,0,1067,2659,0,2659
48245011304,"Jefferson, TX (CT)",1442,2,1444,3567,2823,6390
48245011400,"Jefferson, TX (CT)",3151,218,3369,7380,491,7871
48245011500,"Jefferson, TX (CT)",926,0,926,2330,0,2330
48245011600,"Jefferson, TX (CT)",876,0,876,2060,4,2064
48245011700,"Jefferson, TX (CT)",0,819,819,0,1664,1664
48245011800,"Jefferson, TX (CT)",0,935,935,0,1863,1863
48245980000,"Jefferson, TX (CT)",0,58,58,0,85,85
48245990000,"Jefferson, TX (CT)",0,0,0,0,0,0
48247950200,"Jim Hogg, TX (CT)",150,805,955,378,1885,2263
48247950400,"Jim Hogg, TX (CT)",394,1092,1486,544,2493,3037
48249950100,"Jim Wells, TX (CT)",3494,0,3494,8093,0,8093
48249950200,"Jim Wells, TX (CT)",2576,416,2992,6790,1142,7932
48249950300,"Jim Wells, TX (CT)",71,2623,2694,202,6901,7103
48249950400,"Jim Wells, TX (CT)",0,1417,1417,0,3770,3770
48249950500,"Jim Wells, TX (CT)",100,2251,2351,258,5955,6213
48249950600,"Jim Wells, TX (CT)",0,1635,1635,0,4080,4080
48249950700,"Jim Wells, TX (CT)",493,1071,1564,1027,2620,3647
48251130100,"Johnson, TX (CT)",1484,107,1591,3790,245,4035
48251130204,"Johnson, TX (CT)",0,3526,3526,0,9890,9890
48251130205,"Johnson, TX (CT)",0,1611,1611,0,3745,3745
48251130207,"Johnson, TX (CT)",163,2277,2440,408,5939,6347
48251130208,"Johnson, TX (CT)",0,2154,2154,0,5539,5539
48251130210,"Johnson, TX (CT)",1142,707,1849,3031,1985,5016
48251130211,"Johnson, TX (CT)",673,1482,2155,1633,4066,5699
48251130212,"Johnson, TX (CT)",1602,91,1693,4456,258,4714
48251130213,"Johnson, TX (CT)",1543,0,1543,4341,0,4341
48251130214,"Johnson, TX (CT)",854,947,1801,2237,2456,4693
48251130215,"Johnson, TX (CT)",742,673,1415,1908,2003,3911
48251130302,"Johnson, TX (CT)",547,1564,2111,1713,3540,5253
48251130303,"Johnson, TX (CT)",562,1063,1625,1356,2735,4091
48251130304,"Johnson, TX (CT)",525,1369,1894,1457,3881,5338
48251130405,"Johnson, TX (CT)",1004,1209,2213,2676,3253,5929
48251130406,"Johnson, TX (CT)",684,1597,2281,1713,4217,5930
48251130407,"Johnson, TX (CT)",1040,1593,2633,2850,5142,7992
48251130408,"Johnson, TX (CT)",798,1404,2202,2128,5168,7296
48251130409,"Johnson, TX (CT)",1907,757,2664,4537,1877,6414
48251130410,"Johnson, TX (CT)",1170,1428,2598,3098,3829,6927
48251130500,"Johnson, TX (CT)",2717,0,2717,6897,0,6897
48251130601,"Johnson, TX (CT)",2087,583,2670,5267,1607,6874
48251130602,"Johnson, TX (CT)",633,205,838,1557,520,2077
48251130700,"Johnson, TX (CT)",0,1662,1662,0,4404,4404
48251130800,"Johnson, TX (CT)",0,1517,1517,0,4523,4523
48251130900,"Johnson, TX (CT)",63,1054,1117,112,3108,3220
48251131000,"Johnson, TX (CT)",0,1936,1936,0,4617,4617
48251131100,"Johnson, TX (CT)",0,2263,2263,0,5222,5222
48253020101,"Jones, TX (CT)",795,0,795,2031,0,2031
48253020102,"Jones, TX (CT)",1,0,1,4394,0,4394
48253020200,"Jones, TX (CT)",1199,0,1199,2649,0,2649
48253020300,"Jones, TX (CT)",1209,0,1209,2410,0,2410
48253020400,"Jones, TX (CT)",335,1489,1824,497,3000,3497
48253020500,"Jones, TX (CT)",2394,0,2394,5221,0,5221
48255970100,"Karnes, TX (CT)",1174,0,1174,2214,0,2214
48255970200,"Karnes, TX (CT)",467,1112,1579,884,3015,3899
48255970300,"Karnes, TX (CT)",686,1455,2141,1163,6118,7281
48255970400,"Karnes, TX (CT)",756,0,756,1430,0,1430
48257050201,"Kaufman, TX (CT)",237,2007,2244,638,5757,6395
48257050203,"Kaufman, TX (CT)",522,2128,2650,1451,6413,7864
48257050204,"Kaufman, TX (CT)",160,1328,1488,552,4523,5075
48257050205,"Kaufman, TX (CT)",576,1217,1793,1593,3831,5424
48257050206,"Kaufman, TX (CT)",567,3051,3618,1698,9061,10759
48257050300,"Kaufman, TX (CT)",111,1455,1566,340,3550,3890
48257050400,"Kaufman, TX (CT)",301,2264,2565,720,6586,7306
48257050500,"Kaufman, TX (CT)",65,1993,2058,184,4698,4882
48257050600,"Kaufman, TX (CT)",2888,0,2888,6879,0,6879
48257050701,"Kaufman, TX (CT)",1761,0,1761,4637,0,4637
48257050703,"Kaufman, TX (CT)",1065,0,1065,2839,0,2839
48257050704,"Kaufman, TX (CT)",1960,0,1960,5063,0,5063
48257050800,"Kaufman, TX (CT)",3374,0,3374,9307,0,9307
48257051000,"Kaufman, TX (CT)",142,442,584,415,1130,1545
48257051100,"Kaufman, TX (CT)",330,1558,1888,753,4185,4938
48257051201,"Kaufman, TX (CT)",1159,22,1181,3013,306,3319
48257051202,"Kaufman, TX (CT)",1723,254,1977,4366,647,5013
48257051300,"Kaufman, TX (CT)",2707,955,3662,6005,2210,8215
48259970100,"Kendall, TX (CT)",2165,858,3023,4157,2235,6392
48259970301,"Kendall, TX (CT)",1258,912,2170,3084,1713,4797
48259970302,"Kendall, TX (CT)",1499,286,1785,3545,683,4228
48259970401,"Kendall, TX (CT)",1256,954,2210,3503,2598,6101
48259970402,"Kendall, TX (CT)",2053,426,2479,5142,1190,6332
48259970500,"Kendall, TX (CT)",0,2388,2388,0,5560,5560
48261950100,"Kenedy, TX (CT)",233,0,233,416,0,416
48261990000,"Kenedy, TX (CT)",0,0,0,0,0,0
48263950100,"Kent, TX (CT)",552,0,552,808,0,808
48265960100,"Kerr, TX (CT)",1779,790,2569,3714,1523,5237
48265960200,"Kerr, TX (CT)",0,1689,1689,0,3384,3384
48265960301,"Kerr, TX (CT)",1780,326,2106,3150,606,3756
48265960302,"Kerr, TX (CT)",2265,1847,4112,3924,4018,7942
48265960401,"Kerr, TX (CT)",453,289,742,1095,726,1821
48265960402,"Kerr, TX (CT)",870,1853,2723,1851,3661,5512
48265960500,"Kerr, TX (CT)",96,2371,2467,187,5165,5352
48265960600,"Kerr, TX (CT)",43,2950,2993,79,7433,7512
48265960700,"Kerr, TX (CT)",1165,1278,2443,2555,2294,4849
48265960800,"Kerr, TX (CT)",1871,116,1987,3842,418,4260
48267950100,"Kimble, TX (CT)",2105,188,2293,2041,346,2387
48267950200,"Kimble, TX (CT)",0,1078,1078,0,2220,2220
48269950100,"King, TX (CT)",186,0,186,286,0,286
48271950100,"Kinney, TX (CT)",513,1427,1940,736,2862,3598
48273020100,"Kleberg, TX (CT)",2281,34,2315,5504,98,5602
48273020200,"Kleberg, TX (CT)",65,2246,2311,173,5795,5968
48273020300,"Kleberg, TX (CT)",0,2783,2783,0,7271,7271
48273020400,"Kleberg, TX (CT)",91,2726,2817,171,6376,6547
48273020500,"Kleberg, TX (CT)",81,2480,2561,202,6471,6673
48273990000,"Kleberg, TX (CT)",0,0,0,0,0,0
48275950100,"Knox, TX (CT)",1015,0,1015,1850,0,1850
48275950200,"Knox, TX (CT)",1029,0,1029,1869,0,1869
48277000101,"Lamar, TX (CT)",1928,0,1928,4414,0,4414
48277000102,"Lamar, TX (CT)",2109,0,2109,4820,0,4820
48277000200,"Lamar, TX (CT)",1597,0,1597,3552,0,3552
48277000300,"Lamar, TX (CT)",2737,0,2737,6247,0,6247
48277000401,"Lamar, TX (CT)",0,1648,1648,0,3368,3368
48277000402,"Lamar, TX (CT)",924,1441,2365,2311,3559,5870
48277000500,"Lamar, TX (CT)",90,1857,1947,336,3779,4115
48277000600,"Lamar, TX (CT)",76,1259,1335,126,2208,2334
48277000700,"Lamar, TX (CT)",242,1100,1342,569,2451,3020
48277000800,"Lamar, TX (CT)",151,1554,1705,386,3331,3717
48277000900,"Lamar, TX (CT)",261,1782,2043,683,3869,4552
48277001000,"Lamar, TX (CT)",0,1725,1725,0,3784,3784
48279950100,"Lamb, TX (CT)",1123,0,1123,2794,0,2794
48279950200,"Lamb, TX (CT)",739,0,739,1660,0,1660
48279950300,"Lamb, TX (CT)",1006,0,1006,2222,0,2222
48279950500,"Lamb, TX (CT)",399,1254,1653,773,2931,3704
48279950600,"Lamb, TX (CT)",323,1284,1607,614,2983,3597
48281950100,"Lampasas, TX (CT)",1582,0,1582,2730,0,2730
48281950301,"Lampasas, TX (CT)",2462,78,2540,6165,164,6329
48281950302,"Lampasas, TX (CT)",1367,29,1396,3134,66,3200
48281950400,"Lampasas, TX (CT)",382,1150,1532,929,2745,3674
48281950500,"Lampasas, TX (CT)",224,1444,1668,475,3269,3744
48283950300,"La Salle, TX (CT)",1089,1657,2746,3192,3694,6886
48285000100,"Lavaca, TX (CT)",2194,0,2194,3431,0,3431
48285000200,"Lavaca, TX (CT)",1778,0,1778,3544,0,3544
48285000300,"Lavaca, TX (CT)",1520,0,1520,2568,0,2568
48285000400,"Lavaca, TX (CT)",1891,0,1891,3586,0,3586
48285000500,"Lavaca, TX (CT)",1330,349,1679,2430,900,3330
48285000600,"Lavaca, TX (CT)",52,1230,1282,105,2699,2804
48287000100,"Lee, TX (CT)",2221,0,2221,4789,0,4789
48287000200,"Lee, TX (CT)",1554,0,1554,2743,0,2743
48287000300,"Lee, TX (CT)",1423,29,1452,2936,92,3028
48287000400,"Lee, TX (CT)",458,1814,2272,1114,4938,6052
48289950100,"Leon, TX (CT)",3335,0,3335,6692,0,6692
48289950200,"Leon, TX (CT)",3195,0,3195,5414,0,5414
48289950300,"Leon, TX (CT)",2979,0,2979,4695,0,4695
48291700100,"Liberty, TX (CT)",442,1047,1489,1156,2991,4147
48291700200,"Liberty, TX (CT)",1,1156,1157,7,3035,3042
48291700300,"Liberty, TX (CT)",2329,1334,3663,6284,3230,9514
48291700400,"Liberty, TX (CT)",2548,0,2548,6334,0,6334
48291700500,"Liberty, TX (CT)",1072,0,1072,2423,0,2423
48291700600,"Liberty, TX (CT)",1700,0,1700,2862,0,2862
48291700700,"Liberty, TX (CT)",1034,0,1034,2507,0,2507
48291700800,"Liberty, TX (CT)",1315,2205,3520,3454,5438,8892
48291700900,"Liberty, TX (CT)",522,340,862,1297,4762,6059
48291701000,"Liberty, TX (CT)",1829,318,2147,5468,748,6216
48291701100,"Liberty, TX (CT)",2023,705,2728,5132,1822,6954
48291701200,"Liberty, TX (CT)",1355,1217,2572,3074,3015,6089
48291701300,"Liberty, TX (CT)",1537,0,1537,3492,0,3492
48291701400,"Liberty, TX (CT)",1735,995,2730,4337,2775,7112
48293970100,"Limestone, TX (CT)",977,0,977,2180,0,2180
48293970200,"Limestone, TX (CT)",1674,226,1900,3452,575,4027
48293970300,"Limestone, TX (CT)",94,825,919,203,2138,2341
48293970400,"Limestone, TX (CT)",0,707,707,0,2182,2182
48293970500,"Limestone, TX (CT)",0,837,837,0,2003,2003
48293970600,"Limestone, TX (CT)",920,1319,2239,1967,3948,5915
48293970700,"Limestone, TX (CT)",1109,0,1109,1798,0,1798
48293970800,"Limestone, TX (CT)",1848,0,1848,2938,0,2938
48295950200,"Lipscomb, TX (CT)",822,0,822,2083,0,2083
48295950300,"Lipscomb, TX (CT)",690,0,690,1219,0,1219
48297950100,"Live Oak, TX (CT)",1871,0,1871,4615,0,4615
48297950200,"Live Oak, TX (CT)",898,0,898,2169,0,2169
48297950300,"Live Oak, TX (CT)",1455,0,1455,2513,0,2513
48297950400,"Live Oak, TX (CT)",1841,0,1841,2234,0,2234
48299970100,"Llano, TX (CT)",2193,0,2193,2674,0,2674
48299970200,"Llano, TX (CT)",326,1412,1738,692,2832,3524
48299970300,"Llano, TX (CT)",1682,86,1768,1732,105,1837
48299970400,"Llano, TX (CT)",1554,1855,3409,1699,1744,3443
48299970500,"Llano, TX (CT)",89,3625,3714,172,5858,6030
48299970600,"Llano, TX (CT)",1435,23,1458,1751,42,1793
48301950100,"Loving, TX (CT)",50,0,50,82,0,82
48303000100,"Lubbock, TX (CT)",59,951,1010,122,2506,2628
48303000201,"Lubbock, TX (CT)",268,308,576,888,968,1856
48303000202,"Lubbock, TX (CT)",0,805,805,0,1993,1993
48303000301,"Lubbock, TX (CT)",0,1940,1940,0,3884,3884
48303000302,"Lubbock, TX (CT)",0,2804,2804,0,7258,7258
48303000402,"Lubbock, TX (CT)",0,2023,2023,0,4464,4464
48303000403,"Lubbock, TX (CT)",0,1488,1488,0,3543,3543
48303000404,"Lubbock, TX (CT)",0,2980,2980,0,7437,7437
48303000405,"Lubbock, TX (CT)",0,4287,4287,0,10654,10654
48303000500,"Lubbock, TX (CT)",0,746,746,0,7260,7260
48303000603,"Lubbock, TX (CT)",0,1770,1770,0,3125,3125
48303000605,"Lubbock, TX (CT)",0,328,328,0,903,903
48303000607,"Lubbock, TX (CT)",0,1383,1383,0,2160,2160
48303000700,"Lubbock, TX (CT)",0,466,466,0,2140,2140
48303000900,"Lubbock, TX (CT)",0,1755,1755,0,5096,5096
48303001000,"Lubbock, TX (CT)",33,1249,1282,75,3236,3311
48303001200,"Lubbock, TX (CT)",1,1140,1141,6,2763,2769
48303001300,"Lubbock, TX (CT)",0,1352,1352,0,3254,3254
48303001400,"Lubbock, TX (CT)",0,2275,2275,0,4852,4852
48303001501,"Lubbock, TX (CT)",0,1162,1162,0,2138,2138
48303001502,"Lubbock, TX (CT)",0,1083,1083,0,2194,2194
48303001601,"Lubbock, TX (CT)",0,1456,1456,0,3000,3000
48303001602,"Lubbock, TX (CT)",0,1312,1312,0,3126,3126
48303001702,"Lubbock, TX (CT)",0,2739,2739,0,6056,6056
48303001705,"Lubbock, TX (CT)",0,2928,2928,0,6146,6146
48303001706,"Lubbock, TX (CT)",0,2440,2440,0,5251,5251
48303001707,"Lubbock, TX (CT)",0,1708,1708,0,3906,3906
48303001708,"Lubbock, TX (CT)",0,1545,1545,0,2406,2406
48303001709,"Lubbock, TX (CT)",0,1981,1981,0,4209,4209
48303001801,"Lubbock, TX (CT)",0,2235,2235,0,5446,5446
48303001803,"Lubbock, TX (CT)",0,2486,2486,0,5378,5378
48303001804,"Lubbock, TX (CT)",0,1935,1935,0,4022,4022
48303001901,"Lubbock, TX (CT)",0,1975,1975,0,4742,4742
48303001903,"Lubbock, TX (CT)",0,2390,2390,0,5508,5508
48303001904,"Lubbock, TX (CT)",0,618,618,0,1413,1413
48303002001,"Lubbock, TX (CT)",0,948,948,0,2063,2063
48303002002,"Lubbock, TX (CT)",0,1381,1381,0,3372,3372
48303002101,"Lubbock, TX (CT)",0,2481,2481,0,5624,5624
48303002102,"Lubbock, TX (CT)",0,1277,1277,0,2716,2716
48303002202,"Lubbock, TX (CT)",0,1919,1919,0,5084,5084
48303002203,"Lubbock, TX (CT)",0,1252,1252,0,2899,2899
48303002204,"Lubbock, TX (CT)",0,1869,1869,0,4963,4963
48303002300,"Lubbock, TX (CT)",0,1730,1730,0,4568,4568
48303002400,"Lubbock, TX (CT)",0,2358,2358,0,6743,6743
48303002500,"Lubbock, TX (CT)",42,889,931,75,2472,2547
48303010101,"Lubbock, TX (CT)",661,0,661,1656,0,1656
48303010102,"Lubbock, TX (CT)",966,0,966,2476,0,2476
48303010200,"Lubbock, TX (CT)",2353,666,3019,5798,1520,7318
48303010301,"Lubbock, TX (CT)",1040,299,1339,2738,761,3499
48303010302,"Lubbock, TX (CT)",87,1007,1094,228,2566,2794
48303010402,"Lubbock, TX (CT)",290,597,887,751,1314,2065
48303010403,"Lubbock, TX (CT)",0,2305,2305,0,5585,5585
48303010404,"Lubbock, TX (CT)",10,1239,1249,21,3074,3095
48303010405,"Lubbock, TX (CT)",783,1456,2239,1925,2810,4735
48303010406,"Lubbock, TX (CT)",730,1011,1741,1998,2557,4555
48303010407,"Lubbock, TX (CT)",0,2660,2660,0,7179,7179
48303010408,"Lubbock, TX (CT)",1276,1822,3098,3392,5103,8495
48303010502,"Lubbock, TX (CT)",0,1529,1529,0,3117,3117
48303010504,"Lubbock, TX (CT)",0,1705,1705,0,3826,3826
48303010505,"Lubbock, TX (CT)",0,1788,1788,0,4361,4361
48303010506,"Lubbock, TX (CT)",0,1756,1756,0,3798,3798
48303010508,"Lubbock, TX (CT)",2172,670,2842,5528,2399,7927
48303010509,"Lubbock, TX (CT)",0,993,993,0,2398,2398
48303010510,"Lubbock, TX (CT)",0,890,890,0,2108,2108
48303010511,"Lubbock, TX (CT)",0,1505,1505,0,3869,3869
48303010600,"Lubbock, TX (CT)",76,2442,2518,151,5907,6058
48303010700,"Lubbock, TX (CT)",1718,12,1730,3779,31,3810
48303980000,"Lubbock, TX (CT)",0,0,0,0,0,0
48305950400,"Lynn, TX (CT)",848,20,868,1894,23,1917
48305950500,"Lynn, TX (CT)",56,1118,1174,159,2502,2661
48305950600,"Lynn, TX (CT)",617,17,634,1302,35,1337
48307950300,"McCulloch, TX (CT)",172,2365,2537,366,5110,5476
48307950400,"McCulloch, TX (CT)",738,124,862,1230,247,1477
48307950500,"McCulloch, TX (CT)",903,0,903,1330,0,1330
48309000100,"McLennan, TX (CT)",0,938,938,0,2133,2133
48309000200,"McLennan, TX (CT)",0,1587,1587,0,3579,3579
48309000300,"McLennan, TX (CT)",0,57,57,0,4214,4214
48309000400,"McLennan, TX (CT)",0,2818,2818,0,5398,5398
48309000598,"McLennan, TX (CT)",0,1727,1727,0,5593,5593
48309000700,"McLennan, TX (CT)",0,1309,1309,0,3172,3172
48309000800,"McLennan, TX (CT)",0,1091,1091,0,2977,2977
48309000900,"McLennan, TX (CT)",0,1792,1792,0,4994,4994
48309001000,"McLennan, TX (CT)",0,1045,1045,0,2937,2937
48309001100,"McLennan, TX (CT)",0,2055,2055,0,5979,5979
48309001200,"McLennan, TX (CT)",0,1246,1246,0,3342,3342
48309001300,"McLennan, TX (CT)",0,763,763,0,2268,2268
48309001400,"McLennan, TX (CT)",0,3207,3207,0,7399,7399
48309001500,"McLennan, TX (CT)",0,1325,1325,0,2838,2838
48309001600,"McLennan, TX (CT)",0,2474,2474,0,6007,6007
48309001700,"McLennan, TX (CT)",143,1993,2136,342,5057,5399
48309001800,"McLennan, TX (CT)",134,474,608,365,2053,2418
48309001900,"McLennan, TX (CT)",70,1814,1884,131,4127,4258
48309002000,"McLennan, TX (CT)",281,1152,1433,689,2995,3684
48309002100,"McLennan, TX (CT)",0,1931,1931,0,4337,4337
48309002302,"McLennan, TX (CT)",0,2626,2626,0,4919,4919
48309002498,"McLennan, TX (CT)",0,2173,2173,0,4718,4718
48309002501,"McLennan, TX (CT)",0,2244,2244,0,4651,4651
48309002503,"McLennan, TX (CT)",0,2320,2320,0,5454,5454
48309002504,"McLennan, TX (CT)",0,1314,1314,0,3437,3437
48309002600,"McLennan, TX (CT)",0,2601,2601,0,5315,5315
48309002700,"McLennan, TX (CT)",0,1619,1619,0,3964,3964
48309002800,"McLennan, TX (CT)",0,2120,2120,0,3789,3789
48309002900,"McLennan, TX (CT)",1065,396,1461,2658,1031,3689
48309003000,"McLennan, TX (CT)",0,1925,1925,0,3653,3653
48309003200,"McLennan, TX (CT)",101,1773,1874,231,4283,4514
48309003300,"McLennan, TX (CT)",12,814,826,29,1726,1755
48309003400,"McLennan, TX (CT)",1661,923,2584,4331,2202,6533
48309003500,"McLennan, TX (CT)",1654,0,1654,4012,0,4012
48309003601,"McLennan, TX (CT)",1325,0,1325,3174,0,3174
48309003602,"McLennan, TX (CT)",1122,0,1122,2614,0,2614
48309003701,"McLennan, TX (CT)",1247,53,1300,3002,157,3159
48309003703,"McLennan, TX (CT)",707,1094,1801,1885,3083,4968
48309003706,"McLennan, TX (CT)",54,3498,3552,94,8944,9038
48309003707,"McLennan, TX (CT)",100,3816,3916,254,8381,8635
48309003708,"McLennan, TX (CT)",255,2362,2617,693,6167,6860
48309003801,"McLennan, TX (CT)",2224,176,2400,6212,370,6582
48309003802,"McLennan, TX (CT)",2465,0,2465,6002,0,6002
48309003900,"McLennan, TX (CT)",434,2934,3368,1019,7625,8644
48309004000,"McLennan, TX (CT)",1888,110,1998,4665,292,4957
48309004102,"McLennan, TX (CT)",1961,0,1961,5106,0,5106
48309004103,"McLennan, TX (CT)",1077,1655,2732,2664,4502,7166
48309004201,"McLennan, TX (CT)",450,1199,1649,988,2780,3768
48309004202,"McLennan, TX (CT)",1485,0,1485,3690,0,3690
48309004300,"McLennan, TX (CT)",0,2665,2665,0,7209,7209
48309980000,"McLennan, TX (CT)",1,0,1,5,0,5
48311950100,"McMullen, TX (CT)",485,0,485,707,0,707
48313000100,"Madison, TX (CT)",677,0,677,3601,0,3601
48313000200,"Madison, TX (CT)",1125,4,1129,2349,8,2357
48313000300,"Madison, TX (CT)",1403,0,1403,2774,0,2774
48313000400,"Madison, TX (CT)",201,1686,1887,486,4446,4932
48315950100,"Marion, TX (CT)",1388,0,1388,2296,0,2296
48315950200,"Marion, TX (CT)",1572,0,1572,2957,0,2957
48315950300,"Marion, TX (CT)",2121,0,2121,3037,0,3037
48315950400,"Marion, TX (CT)",1137,0,1137,2256,0,2256
48317950100,"Martin, TX (CT)",522,0,522,1362,0,1362
48317950200,"Martin, TX (CT)",1330,0,1330,3437,0,3437
48319950100,"Mason, TX (CT)",1144,0,1144,2164,0,2164
48319950200,"Mason, TX (CT)",1589,0,1589,1848,0,1848
48321730100,"Matagorda, TX (CT)",237,804,1041,599,2080,2679
48321730201,"Matagorda, TX (CT)",720,2129,2849,1654,5199,6853
48321730202,"Matagorda, TX (CT)",526,147,673,1174,358,1532
48321730301,"Matagorda, TX (CT)",0,1678,1678,0,3883,3883
48321730302,"Matagorda, TX (CT)",0,2355,2355,0,4617,4617
48321730303,"Matagorda, TX (CT)",355,11,366,762,23,785
48321730400,"Matagorda, TX (CT)",94,1153,1247,236,2585,2821
48321730501,"Matagorda, TX (CT)",4035,0,4035,3301,0,3301
48321730600,"Matagorda, TX (CT)",608,1927,2535,1158,4591,5749
48321730700,"Matagorda, TX (CT)",2022,0,2022,4482,0,4482
48321990000,"Matagorda, TX (CT)",0,0,0,0,0,0
48323950201,"Maverick, TX (CT)",577,1578,2155,1689,5394,7083
48323950204,"Maverick, TX (CT)",0,1251,1251,0,4219,4219
48323950205,"Maverick, TX (CT)",81,2498,2579,256,8448,8704
48323950300,"Maverick, TX (CT)",0,2338,2338,0,7457,7457
48323950400,"Maverick, TX (CT)",0,1502,1502,0,3650,3650
48323950500,"Maverick, TX (CT)",0,2161,2161,0,5673,5673
48323950601,"Maverick, TX (CT)",0,954,954,0,2666,2666
48323950602,"Maverick, TX (CT)",0,1667,1667,0,5394,5394
48323950700,"Maverick, TX (CT)",990,1865,2855,3077,6335,9412
48325000101,"Medina, TX (CT)",1754,660,2414,4677,1674,6351
48325000102,"Medina, TX (CT)",2228,975,3203,5343,2366,7709
48325000200,"Medina, TX (CT)",974,0,974,1760,0,1760
48325000300,"Medina, TX (CT)",1777,1113,2890,5412,3078,8490
48325000401,"Medina, TX (CT)",1089,858,1947,3052,2425,5477
48325000402,"Medina, TX (CT)",1536,120,1656,3788,319,4107
48325000500,"Medina, TX (CT)",832,1318,2150,1780,3349,5129
48325000800,"Medina, TX (CT)",1011,1746,2757,2507,4476,6983
48327950300,"Menard, TX (CT)",1702,0,1702,2242,0,2242
48329000100,"Midland, TX (CT)",0,1833,1833,0,5388,5388
48329000200,"Midland, TX (CT)",0,2129,2129,0,4928,4928
48329000302,"Midland, TX (CT)",0,2294,2294,0,5504,5504
48329000303,"Midland, TX (CT)",0,1664,1664,0,4258,4258
48329000304,"Midland, TX (CT)",0,1895,1895,0,3962,3962
48329000305,"Midland, TX (CT)",0,2176,2176,0,4943,4943
48329000401,"Midland, TX (CT)",0,1415,1415,0,3435,3435
48329000402,"Midland, TX (CT)",0,2063,2063,0,4754,4754
48329000500,"Midland, TX (CT)",0,2118,2118,0,4771,4771
48329000600,"Midland, TX (CT)",0,1856,1856,0,4231,4231
48329001100,"Midland, TX (CT)",0,1850,1850,0,5130,5130
48329001200,"Midland, TX (CT)",0,2103,2103,0,6228,6228
48329001300,"Midland, TX (CT)",0,1995,1995,0,5971,5971
48329001400,"Midland, TX (CT)",0,1429,1429,0,4576,4576
48329001500,"Midland, TX (CT)",0,1524,1524,0,4262,4262
48329001700,"Midland, TX (CT)",0,1409,1409,0,4164,4164
48329010104,"Midland, TX (CT)",0,3171,3171,0,6978,6978
48329010105,"Midland, TX (CT)",0,1216,1216,0,2642,2642
48329010106,"Midland, TX (CT)",0,2484,2484,0,5451,5451
48329010107,"Midland, TX (CT)",0,2236,2236,0,4377,4377
48329010108,"Midland, TX (CT)",0,1607,1607,0,3370,3370
48329010109,"Midland, TX (CT)",1114,1640,2754,3010,4848,7858
48329010112,"Midland, TX (CT)",1686,2538,4224,4475,6942,11417
48329010113,"Midland, TX (CT)",2833,604,3437,7814,1700,9514
48329010114,"Midland, TX (CT)",658,1673,2331,1525,3806,5331
48329010200,"Midland, TX (CT)",0,1138,1138,0,3429,3429
48329980000,"Midland, TX (CT)",0,0,0,0,0,0
48331950100,"Milam, TX (CT)",1288,0,1288,2469,0,2469
48331950300,"Milam, TX (CT)",1755,3,1758,3850,11,3861
48331950401,"Milam, TX (CT)",296,1145,1441,628,2664,3292
48331950402,"Milam, TX (CT)",431,1145,1576,1011,2725,3736
48331950500,"Milam, TX (CT)",1284,0,1284,2612,0,2612
48331950700,"Milam, TX (CT)",191,2504,2695,467,5448,5915
48331950800,"Milam, TX (CT)",1263,0,1263,2872,0,2872
48333950100,"Mills, TX (CT)",1266,0,1266,2042,0,2042
48333950200,"Mills, TX (CT)",1580,0,1580,2894,0,2894
48335950200,"Mitchell, TX (CT)",875,1734,2609,1385,5948,7333
48335950400,"Mitchell, TX (CT)",1455,0,1455,2070,0,2070
48337950100,"Montague, TX (CT)",1548,0,1548,2583,0,2583
48337950200,"Montague, TX (CT)",835,104,939,1516,261,1777
48337950300,"Montague, TX (CT)",82,1306,1388,146,2692,2838
48337950400,"Montague, TX (CT)",2592,20,2612,5073,35,5108
48337950500,"Montague, TX (CT)",146,2439,2585,304,5108,5412
48337950600,"Montague, TX (CT)",1059,0,1059,2001,0,2001
48339690100,"Montgomery, TX (CT)",1509,1990,3499,4259,5650,9909
48339690201,"Montgomery, TX (CT)",2452,923,3375,6953,2584,9537
48339690202,"Montgomery, TX (CT)",928,1515,2443,2549,4221,6770
48339690300,"Montgomery, TX (CT)",722,1020,1742,1867,2814,4681
48339690401,"Montgomery, TX (CT)",506,1319,1825,1523,4120,5643
48339690402,"Montgomery, TX (CT)",1934,3330,5264,5584,10197,15781
48339690500,"Montgomery, TX (CT)",1346,1342,2688,3793,3777,7570
48339690601,"Montgomery, TX (CT)",163,7625,7788,418,19763,20181
48339690602,"Montgomery, TX (CT)",330,6009,6339,746,17870,18616
48339690700,"Montgomery, TX (CT)",49,4513,4562,115,8012,8127
48339690800,"Montgomery, TX (CT)",0,1619,1619,0,4237,4237
48339690900,"Montgomery, TX (CT)",0,1433,1433,0,4459,4459
48339691000,"Montgomery, TX (CT)",0,1518,1518,0,3993,3993
48339691100,"Montgomery, TX (CT)",0,1600,1600,0,4170,4170
48339691200,"Montgomery, TX (CT)",0,3029,3029,0,7228,7228
48339691301,"Montgomery, TX (CT)",0,1626,1626,0,4485,4485
48339691302,"Montgomery, TX (CT)",0,2636,2636,0,5581,5581
48339691400,"Montgomery, TX (CT)",188,3955,4143,528,8116,8644
48339691500,"Montgomery, TX (CT)",0,1888,1888,0,3954,3954
48339691601,"Montgomery, TX (CT)",0,2007,2007,0,3836,3836
48339691602,"Montgomery, TX (CT)",0,2236,2236,0,5200,5200
48339691700,"Montgomery, TX (CT)",0,828,828,0,1127,1127
48339691800,"Montgomery, TX (CT)",0,3266,3266,0,7799,7799
48339691900,"Montgomery, TX (CT)",0,2222,2222,0,6239,6239
48339692001,"Montgomery, TX (CT)",224,8254,8478,660,24592,25252
48339692002,"Montgomery, TX (CT)",297,1793,2090,912,5049,5961
48339692100,"Montgomery, TX (CT)",593,3108,3701,1616,9074,10690
48339692200,"Montgomery, TX (CT)",2073,1113,3186,5542,3436,8978
48339692300,"Montgomery, TX (CT)",141,5824,5965,384,15419,15803
48339692400,"Montgomery, TX (CT)",0,4029,4029,0,8609,8609
48339692500,"Montgomery, TX (CT)",804,2384,3188,2092,6239,8331
48339692601,"Montgomery, TX (CT)",269,1201,1470,703,3737,4440
48339692602,"Montgomery, TX (CT)",783,2859,3642,2234,7916,10150
48339692700,"Montgomery, TX (CT)",1935,704,2639,5300,1758,7058
48339692801,"Montgomery, TX (CT)",612,2625,3237,1666,6981,8647
48339692802,"Montgomery, TX (CT)",255,1124,1379,655,3090,3745
48339692900,"Montgomery, TX (CT)",1423,222,1645,3805,713,4518
48339693000,"Montgomery, TX (CT)",1818,1587,3405,4709,5435,10144
48339693101,"Montgomery, TX (CT)",0,1968,1968,0,6175,6175
48339693102,"Montgomery, TX (CT)",268,1118,1386,728,3461,4189
48339693200,"Montgomery, TX (CT)",166,2535,2701,405,7109,7514
48339693300,"Montgomery, TX (CT)",68,2778,2846,145,6420,6565
48339693400,"Montgomery, TX (CT)",0,1562,1562,0,4252,4252
48339693500,"Montgomery, TX (CT)",0,2659,2659,0,5633,5633
48339693600,"Montgomery, TX (CT)",0,1872,1872,0,2878,2878
48339693700,"Montgomery, TX (CT)",790,2508,3298,1828,5006,6834
48339693800,"Montgomery, TX (CT)",21,1409,1430,52,3676,3728
48339693900,"Montgomery, TX (CT)",549,2359,2908,1365,9797,11162
48339694000,"Montgomery, TX (CT)",3151,270,3421,8312,758,9070
48339694101,"Montgomery, TX (CT)",2201,1904,4105,5733,5516,11249
48339694102,"Montgomery, TX (CT)",1364,698,2062,3752,1979,5731
48339694201,"Montgomery, TX (CT)",569,2703,3272,1215,5571,6786
48339694202,"Montgomery, TX (CT)",607,4189,4796,1464,8999,10463
48339694301,"Montgomery, TX (CT)",546,5673,6219,1336,10966,12302
48339694302,"Montgomery, TX (CT)",23,3938,3961,50,7606,7656
48339694400,"Montgomery, TX (CT)",1101,2056,3157,2732,4655,7387
48339694500,"Montgomery, TX (CT)",2261,0,2261,6402,0,6402
48339694600,"Montgomery, TX (CT)",2594,0,2594,6405,0,6405
48339694700,"Montgomery, TX (CT)",1371,168,1539,3034,238,3272
48341950100,"Moore, TX (CT)",867,0,867,2092,0,2092
48341950200,"Moore, TX (CT)",608,1702,2310,1591,5080,6671
48341950300,"Moore, TX (CT)",0,2820,2820,0,7739,7739
48341950400,"Moore, TX (CT)",0,1884,1884,0,5402,5402
48343950100,"Morris, TX (CT)",2226,0,2226,4661,0,4661
48343950200,"Morris, TX (CT)",2589,128,2717,5400,318,5718
48343950300,"Morris, TX (CT)",36,1045,1081,82,2473,2555
48345950100,"Motley, TX (CT)",779,0,779,1210,0,1210
48347950100,"Nacogdoches, TX (CT)",1188,0,1188,2624,0,2624
48347950200,"Nacogdoches, TX (CT)",2400,0,2400,4875,0,4875
48347950301,"Nacogdoches, TX (CT)",2826,230,3056,6735,523,7258
48347950302,"Nacogdoches, TX (CT)",1343,1315,2658,3544,3965,7509
48347950400,"Nacogdoches, TX (CT)",2831,356,3187,6519,923,7442
48347950501,"Nacogdoches, TX (CT)",0,1358,1358,0,2573,2573
48347950502,"Nacogdoches, TX (CT)",62,2291,2353,165,4541,4706
48347950600,"Nacogdoches, TX (CT)",0,1438,1438,0,6529,6529
48347950700,"Nacogdoches, TX (CT)",97,1825,1922,194,4332,4526
48347950800,"Nacogdoches, TX (CT)",0,1562,1562,0,4010,4010
48347950900,"Nacogdoches, TX (CT)",0,1256,1256,0,2678,2678
48347951000,"Nacogdoches, TX (CT)",89,2451,2540,202,4472,4674
48347951100,"Nacogdoches, TX (CT)",2488,0,2488,5120,0,5120
48349970100,"Navarro, TX (CT)",1444,0,1444,3705,0,3705
48349970200,"Navarro, TX (CT)",472,1868,2340,1159,4719,5878
48349970300,"Navarro, TX (CT)",936,2133,3069,2514,5050,7564
48349970400,"Navarro, TX (CT)",1961,0,1961,4382,0,4382
48349970500,"Navarro, TX (CT)",0,1824,1824,0,3995,3995
48349970600,"Navarro, TX (CT)",1652,0,1652,3420,0,3420
48349970700,"Navarro, TX (CT)",1820,760,2580,3765,1553,5318
48349970800,"Navarro, TX (CT)",0,658,658,0,1849,1849
48349970900,"Navarro, TX (CT)",1156,1781,2937,2673,5433,8106
48349971000,"Navarro, TX (CT)",1769,0,1769,3518,0,3518
48351950100,"Newton, TX (CT)",1570,0,1570,2059,0,2059
48351950200,"Newton, TX (CT)",2739,0,2739,6241,0,6241
48351950300,"Newton, TX (CT)",1328,0,1328,2690,0,2690
48351950400,"Newton, TX (CT)",1505,0,1505,3455,0,3455
48353950100,"Nolan, TX (CT)",951,32,983,1900,75,1975
48353950200,"Nolan, TX (CT)",0,1896,1896,0,4270,4270
48353950300,"Nolan, TX (CT)",62,966,1028,158,2101,2259
48353950400,"Nolan, TX (CT)",65,1798,1863,175,3801,3976
48353950500,"Nolan, TX (CT)",1382,0,1382,2736,0,2736
48355000500,"Nueces, TX (CT)",0,765,765,0,1661,1661
48355000600,"Nueces, TX (CT)",0,2543,2543,0,6823,6823
48355000700,"Nueces, TX (CT)",0,1949,1949,0,4783,4783
48355000800,"Nueces, TX (CT)",386,929,1315,1092,3248,4340
48355000900,"Nueces, TX (CT)",0,1834,1834,0,4695,4695
48355001000,"Nueces, TX (CT)",0,1363,1363,0,3452,3452
48355001100,"Nueces, TX (CT)",0,743,743,0,1969,1969
48355001200,"Nueces, TX (CT)",0,2184,2184,0,4259,4259
48355001300,"Nueces, TX (CT)",0,1667,1667,0,4312,4312
48355001400,"Nueces, TX (CT)",0,2531,2531,0,4973,4973
48355001500,"Nueces, TX (CT)",0,1766,1766,0,4328,4328
48355001601,"Nueces, TX (CT)",0,1813,1813,0,4738,4738
48355001602,"Nueces, TX (CT)",0,1473,1473,0,4020,4020
48355001701,"Nueces, TX (CT)",0,2362,2362,0,6695,6695
48355001702,"Nueces, TX (CT)",158,422,580,476,1363,1839
48355001801,"Nueces, TX (CT)",0,2119,2119,0,5987,5987
48355001802,"Nueces, TX (CT)",0,781,781,0,2310,2310
48355001902,"Nueces, TX (CT)",0,2603,2603,0,7930,7930
48355001903,"Nueces, TX (CT)",0,1246,1246,0,3618,3618
48355001904,"Nueces, TX (CT)",0,1627,1627,0,4790,4790
48355002001,"Nueces, TX (CT)",0,1676,1676,0,4311,4311
48355002002,"Nueces, TX (CT)",0,1441,1441,0,4012,4012
48355002101,"Nueces, TX (CT)",0,1890,1890,0,3963,3963
48355002102,"Nueces, TX (CT)",0,1663,1663,0,3439,3439
48355002200,"Nueces, TX (CT)",0,2266,2266,0,6072,6072
48355002301,"Nueces, TX (CT)",0,1541,1541,0,4392,4392
48355002303,"Nueces, TX (CT)",0,1703,1703,0,4328,4328
48355002304,"Nueces, TX (CT)",0,2424,2424,0,5159,5159
48355002400,"Nueces, TX (CT)",0,2485,2485,0,6457,6457
48355002500,"Nueces, TX (CT)",0,2165,2165,0,4781,4781
48355002601,"Nueces, TX (CT)",0,1373,1373,0,2325,2325
48355002602,"Nueces, TX (CT)",0,754,754,0,1899,1899
48355002603,"Nueces, TX (CT)",0,1316,1316,0,3072,3072
48355002703,"Nueces, TX (CT)",0,1901,1901,0,5000,5000
48355002704,"Nueces, TX (CT)",0,2714,2714,0,5074,5074
48355002705,"Nueces, TX (CT)",0,2352,2352,0,5487,5487
48355002706,"Nueces, TX (CT)",0,1,1,0,1267,1267
48355002900,"Nueces, TX (CT)",8,267,275,9,789,798
48355003001,"Nueces, TX (CT)",0,2459,2459,0,5242,5242
48355003002,"Nueces, TX (CT)",19,1921,1940,34,4878,4912
48355003101,"Nueces, TX (CT)",0,2414,2414,0,5714,5714
48355003102,"Nueces, TX (CT)",189,1675,1864,521,4330,4851
48355003202,"Nueces, TX (CT)",0,1942,1942,0,5059,5059
48355003203,"Nueces, TX (CT)",0,2293,2293,0,5316,5316
48355003204,"Nueces, TX (CT)",0,1924,1924,0,4318,4318
48355003303,"Nueces, TX (CT)",0,616,616,0,1625,1625
48355003304,"Nueces, TX (CT)",0,2759,2759,0,5706,5706
48355003305,"Nueces, TX (CT)",0,1923,1923,0,4609,4609
48355003306,"Nueces, TX (CT)",0,1961,1961,0,3978,3978
48355003401,"Nueces, TX (CT)",0,1677,1677,0,4046,4046
48355003402,"Nueces, TX (CT)",0,2346,2346,0,5892,5892
48355003500,"Nueces, TX (CT)",176,701,877,396,1932,2328
48355003601,"Nueces, TX (CT)",0,2300,2300,0,6280,6280
48355003602,"Nueces, TX (CT)",0,2396,2396,0,6296,6296
48355003603,"Nueces, TX (CT)",10,1381,1391,23,3808,3831
48355003700,"Nueces, TX (CT)",0,1299,1299,0,3375,3375
48355005102,"Nueces, TX (CT)",3719,0,3719,3389,0,3389
48355005404,"Nueces, TX (CT)",0,901,901,0,2310,2310
48355005406,"Nueces, TX (CT)",701,369,1070,1966,1024,2990
48355005407,"Nueces, TX (CT)",0,829,829,0,2207,2207
48355005408,"Nueces, TX (CT)",0,1951,1951,0,4265,4265
48355005409,"Nueces, TX (CT)",0,1321,1321,0,3687,3687
48355005410,"Nueces, TX (CT)",0,1477,1477,0,3699,3699
48355005411,"Nueces, TX (CT)",0,1938,1938,0,3886,3886
48355005412,"Nueces, TX (CT)",0,1845,1845,0,4813,4813
48355005413,"Nueces, TX (CT)",0,1116,1116,0,2416,2416
48355005414,"Nueces, TX (CT)",0,687,687,0,1895,1895
48355005415,"Nueces, TX (CT)",0,1614,1614,0,4516,4516
48355005416,"Nueces, TX (CT)",0,1241,1241,0,3406,3406
48355005417,"Nueces, TX (CT)",0,1516,1516,0,4265,4265
48355005601,"Nueces, TX (CT)",167,2079,2246,459,6035,6494
48355005602,"Nueces, TX (CT)",134,2150,2284,386,5956,6342
48355005801,"Nueces, TX (CT)",409,2054,2463,834,5451,6285
48355005802,"Nueces, TX (CT)",2274,55,2329,5847,170,6017
48355005900,"Nueces, TX (CT)",1105,0,1105,3302,0,3302
48355006000,"Nueces, TX (CT)",982,2,984,2634,4,2638
48355006100,"Nueces, TX (CT)",136,1254,1390,280,3112,3392
48355006200,"Nueces, TX (CT)",668,5952,6620,262,8973,9235
48355006300,"Nueces, TX (CT)",11,1254,1265,14,2632,2646
48355006400,"Nueces, TX (CT)",0,1533,1533,0,3381,3381
48355980000,"Nueces, TX (CT)",4,0,4,11,0,11
48355990000,"Nueces, TX (CT)",0,0,0,0,0,0
48357950100,"Ochiltree, TX (CT)",558,172,730,1237,440,1677
48357950300,"Ochiltree, TX (CT)",77,1320,1397,185,3619,3804
48357950400,"Ochiltree, TX (CT)",0,1935,1935,0,4742,4742
48359950100,"Oldham, TX (CT)",841,0,841,2052,0,2052
48361020200,"Orange, TX (CT)",0,2086,2086,0,3664,3664
48361020300,"Orange, TX (CT)",82,1035,1117,202,2449,2651
48361020500,"Orange, TX (CT)",0,1565,1565,0,3132,3132
48361020700,"Orange, TX (CT)",508,1594,2102,1283,3583,4866
48361020800,"Orange, TX (CT)",0,864,864,0,1794,1794
48361020900,"Orange, TX (CT)",0,1831,1831,0,3362,3362
48361021000,"Orange, TX (CT)",283,682,965,585,1692,2277
48361021100,"Orange, TX (CT)",605,167,772,1500,432,1932
48361021200,"Orange, TX (CT)",1563,269,1832,3980,681,4661
48361021300,"Orange, TX (CT)",314,2202,2516,719,5017,5736
48361021400,"Orange, TX (CT)",1452,57,1509,3673,133,3806
48361021501,"Orange, TX (CT)",832,0,832,2202,0,2202
48361021502,"Orange, TX (CT)",1272,1553,2825,3354,3658,7012
48361021600,"Orange, TX (CT)",1580,80,1660,3810,201,4011
48361021700,"Orange, TX (CT)",91,931,1022,208,2140,2348
48361021800,"Orange, TX (CT)",342,710,1052,848,1760,2608
48361021900,"Orange, TX (CT)",487,2206,2693,1266,5587,6853
48361022000,"Orange, TX (CT)",124,1533,1657,285,3699,3984
48361022200,"Orange, TX (CT)",1201,94,1295,3189,252,3441
48361022300,"Orange, TX (CT)",595,2192,2787,1497,5166,6663
48361022400,"Orange, TX (CT)",105,2226,2331,182,4652,4834
48363000100,"Palo Pinto, TX (CT)",2791,0,2791,2599,0,2599
48363000200,"Palo Pinto, TX (CT)",1921,0,1921,2191,0,2191
48363000300,"Palo Pinto, TX (CT)",2036,0,2036,3777,0,3777
48363000400,"Palo Pinto, TX (CT)",2221,325,2546,5051,857,5908
48363000500,"Palo Pinto, TX (CT)",0,1022,1022,0,1747,1747
48363000600,"Palo Pinto, TX (CT)",132,1354,1486,288,2900,3188
48363000700,"Palo Pinto, TX (CT)",100,1137,1237,210,3062,3272
48363000800,"Palo Pinto, TX (CT)",0,1201,1201,0,3003,3003
48363000900,"Palo Pinto, TX (CT)",0,974,974,0,2426,2426
48365950100,"Panola, TX (CT)",2155,0,2155,4740,0,4740
48365950200,"Panola, TX (CT)",1446,0,1446,3208,0,3208
48365950300,"Panola, TX (CT)",1833,55,1888,4172,132,4304
48365950400,"Panola, TX (CT)",250,2728,2978,487,6360,6847
48365950500,"Panola, TX (CT)",1455,0,1455,2431,0,2431
48365950600,"Panola, TX (CT)",998,0,998,2266,0,2266
48367140101,"Parker, TX (CT)",5,1614,1619,5,4173,4178
48367140102,"Parker, TX (CT)",129,1692,1821,311,4391,4702
48367140200,"Parker, TX (CT)",116,2982,3098,188,6204,6392
48367140300,"Parker, TX (CT)",300,2155,2455,663,4979,5642
48367140403,"Parker, TX (CT)",1493,1093,2586,3600,2623,6223
48367140405,"Parker, TX (CT)",1738,879,2617,4308,2135,6443
48367140407,"Parker, TX (CT)",3544,489,4033,9179,1035,10214
48367140408,"Parker, TX (CT)",1120,553,1673,2911,1359,4270
48367140409,"Parker, TX (CT)",99,1171,1270,281,3161,3442
48367140410,"Parker, TX (CT)",1337,0,1337,3426,0,3426
48367140411,"Parker, TX (CT)",1450,57,1507,3680,134,3814
48367140501,"Parker, TX (CT)",2857,122,2979,7014,293,7307
48367140502,"Parker, TX (CT)",1872,85,1957,4267,2208,6475
48367140601,"Parker, TX (CT)",2998,0,2998,7178,0,7178
48367140602,"Parker, TX (CT)",4278,1,4279,9579,6,9585
48367140703,"Parker, TX (CT)",567,1835,2402,1536,4900,6436
48367140704,"Parker, TX (CT)",1243,1332,2575,3376,4119,7495
48367140705,"Parker, TX (CT)",559,2358,2917,1469,5679,7148
48367140706,"Parker, TX (CT)",961,1544,2505,2607,3950,6557
48369950200,"Parmer, TX (CT)",360,1428,1788,862,4106,4968
48369950300,"Parmer, TX (CT)",2011,0,2011,5301,0,5301
48371950100,"Pecos, TX (CT)",1089,0,1089,2383,0,2383
48371950300,"Pecos, TX (CT)",0,1360,1360,0,3246,3246
48371950400,"Pecos, TX (CT)",8,1717,1725,19,4243,4262
48371950500,"Pecos, TX (CT)",997,414,1411,3766,1850,5616
48373210101,"Polk, TX (CT)",2497,12,2509,4590,36,4626
48373210102,"Polk, TX (CT)",2753,483,3236,5350,1176,6526
48373210203,"Polk, TX (CT)",1404,0,1404,6598,0,6598
48373210204,"Polk, TX (CT)",1737,472,2209,2943,1159,4102
48373210205,"Polk, TX (CT)",1781,0,1781,2482,0,2482
48373210206,"Polk, TX (CT)",947,1689,2636,1314,2024,3338
48373210301,"Polk, TX (CT)",587,1702,2289,846,2990,3836
48373210302,"Polk, TX (CT)",1438,641,2079,2753,1601,4354
48373210400,"Polk, TX (CT)",2238,0,2238,4859,0,4859
48373210500,"Polk, TX (CT)",1742,560,2302,3523,1169,4692
48375010100,"Potter, TX (CT)",0,1093,1093,0,1949,1949
48375010200,"Potter, TX (CT)",0,826,826,0,1961,1961
48375010300,"Potter, TX (CT)",0,790,790,0,1251,1251
48375010400,"Potter, TX (CT)",0,1646,1646,0,3365,3365
48375010600,"Potter, TX (CT)",0,777,777,0,2168,2168
48375010700,"Potter, TX (CT)",0,1190,1190,0,3262,3262
48375011000,"Potter, TX (CT)",0,920,920,0,2304,2304
48375011500,"Potter, TX (CT)",0,2026,2026,0,4155,4155
48375011600,"Potter, TX (CT)",0,1937,1937,0,4211,4211
48375011700,"Potter, TX (CT)",34,2262,2296,35,4505,4540
48375011800,"Potter, TX (CT)",0,1823,1823,0,3739,3739
48375011900,"Potter, TX (CT)",0,1430,1430,0,3205,3205
48375012000,"Potter, TX (CT)",0,835,835,0,1745,1745
48375012200,"Potter, TX (CT)",0,1343,1343,0,3946,3946
48375012600,"Potter, TX (CT)",0,1082,1082,0,3255,3255
48375012800,"Potter, TX (CT)",0,1789,1789,0,5053,5053
48375013000,"Potter, TX (CT)",0,805,805,0,1695,1695
48375013200,"Potter, TX (CT)",0,807,807,0,1636,1636
48375013300,"Potter, TX (CT)",177,1773,1950,452,4476,4928
48375013400,"Potter, TX (CT)",573,634,1207,1367,1640,3007
48375013900,"Potter, TX (CT)",0,1140,1140,0,3390,3390
48375014100,"Potter, TX (CT)",149,781,930,386,2298,2684
48375014300,"Potter, TX (CT)",1991,104,2095,5057,209,5266
48375014401,"Potter, TX (CT)",735,23,758,2419,5367,7786
48375014500,"Potter, TX (CT)",57,2043,2100,182,6002,6184
48375014700,"Potter, TX (CT)",0,2575,2575,0,4934,4934
48375014800,"Potter, TX (CT)",0,1115,1115,0,2502,2502
48375014900,"Potter, TX (CT)",38,1782,1820,119,5782,5901
48375015000,"Potter, TX (CT)",0,2416,2416,0,6964,6964
48375015100,"Potter, TX (CT)",353,1015,1368,875,2421,3296
48375015200,"Potter, TX (CT)",0,1217,1217,0,2825,2825
48375015300,"Potter, TX (CT)",0,2027,2027,0,5002,5002
48375015400,"Potter, TX (CT)",0,1138,1138,0,2964,2964
48375980000,"Potter, TX (CT)",0,0,0,0,0,0
48377950100,"Presidio, TX (CT)",1618,0,1618,2634,0,2634
48377950200,"Presidio, TX (CT)",372,1835,2207,530,4654,5184
48379950100,"Rains, TX (CT)",3128,0,3128,6398,0,6398
48379950200,"Rains, TX (CT)",1768,373,2141,3777,739,4516
48381020100,"Randall, TX (CT)",0,946,946,0,2101,2101
48381020200,"Randall, TX (CT)",0,1092,1092,0,2059,2059
48381020300,"Randall, TX (CT)",0,984,984,0,1987,1987
48381020400,"Randall, TX (CT)",0,831,831,0,1864,1864
48381020500,"Randall, TX (CT)",0,1703,1703,0,3982,3982
48381020600,"Randall, TX (CT)",0,1385,1385,0,3867,3867
48381020800,"Randall, TX (CT)",0,2526,2526,0,6623,6623
48381020900,"Randall, TX (CT)",0,1183,1183,0,2892,2892
48381021000,"Randall, TX (CT)",0,983,983,0,2420,2420
48381021101,"Randall, TX (CT)",0,1979,1979,0,3962,3962
48381021102,"Randall, TX (CT)",0,1516,1516,0,2369,2369
48381021200,"Randall, TX (CT)",0,2271,2271,0,5208,5208
48381021300,"Randall, TX (CT)",0,2430,2430,0,5288,5288
48381021500,"Randall, TX (CT)",0,1919,1919,0,4843,4843
48381021602,"Randall, TX (CT)",0,2531,2531,0,5096,5096
48381021603,"Randall, TX (CT)",0,788,788,0,1932,1932
48381021604,"Randall, TX (CT)",0,2210,2210,0,4468,4468
48381021605,"Randall, TX (CT)",0,917,917,0,1955,1955
48381021606,"Randall, TX (CT)",0,2067,2067,0,5121,5121
48381021608,"Randall, TX (CT)",30,2604,2634,66,6031,6097
48381021609,"Randall, TX (CT)",0,1506,1506,0,3278,3278
48381021702,"Randall, TX (CT)",1859,0,1859,4325,0,4325
48381021703,"Randall, TX (CT)",1154,1292,2446,2817,3649,6466
48381021704,"Randall, TX (CT)",1560,878,2438,4495,2493,6988
48381021801,"Randall, TX (CT)",50,2843,2893,109,6127,6236
48381021802,"Randall, TX (CT)",0,2071,2071,0,5426,5426
48381021900,"Randall, TX (CT)",1717,160,1877,3866,259,4125
48381022001,"Randall, TX (CT)",0,1517,1517,0,4328,4328
48381022002,"Randall, TX (CT)",638,1447,2085,1677,3742,5419
48383950100,"Reagan, TX (CT)",291,1081,1372,448,2919,3367
48385950100,"Real, TX (CT)",2599,0,2599,3309,0,3309
48387950100,"Red River, TX (CT)",1488,0,1488,2645,0,2645
48387950500,"Red River, TX (CT)",1004,1597,2601,1786,3121,4907
48387950600,"Red River, TX (CT)",1420,0,1420,2758,0,2758
48387950700,"Red River, TX (CT)",1317,0,1317,2550,0,2550
48389950100,"Reeves, TX (CT)",531,108,639,1023,3296,4319
48389950200,"Reeves, TX (CT)",0,1087,1087,0,2392,2392
48389950300,"Reeves, TX (CT)",0,818,818,0,2002,2002
48389950400,"Reeves, TX (CT)",0,1528,1528,0,4095,4095
48389950500,"Reeves, TX (CT)",568,0,568,975,0,975
48391950200,"Refugio, TX (CT)",369,1359,1728,796,2903,3699
48391950400,"Refugio, TX (CT)",1998,0,1998,3684,0,3684
48393950100,"Roberts, TX (CT)",439,0,439,929,0,929
48395960100,"Robertson, TX (CT)",1111,0,1111,2025,0,2025
48395960200,"Robertson, TX (CT)",856,0,856,1480,0,1480
48395960300,"Robertson, TX (CT)",2594,0,2594,4520,0,4520
48395960400,"Robertson, TX (CT)",1491,0,1491,2935,0,2935
48395960500,"Robertson, TX (CT)",625,1807,2432,1316,4346,5662
48397040101,"Rockwall, TX (CT)",0,2164,2164,0,6253,6253
48397040102,"Rockwall, TX (CT)",82,2217,2299,167,6549,6716
48397040200,"Rockwall, TX (CT)",232,1349,1581,615,3815,4430
48397040301,"Rockwall, TX (CT)",0,1820,1820,0,5558,5558
48397040302,"Rockwall, TX (CT)",111,3203,3314,312,6916,7228
48397040401,"Rockwall, TX (CT)",1495,1538,3033,4630,4774,9404
48397040402,"Rockwall, TX (CT)",460,2778,3238,1238,7788,9026
48397040503,"Rockwall, TX (CT)",0,2133,2133,0,6861,6861
48397040504,"Rockwall, TX (CT)",158,2655,2813,429,5777,6206
48397040505,"Rockwall, TX (CT)",1137,2120,3257,3253,6810,10063
48397040506,"Rockwall, TX (CT)",663,1624,2287,1918,4674,6592
48399950100,"Runnels, TX (CT)",719,150,869,1104,282,1386
48399950200,"Runnels, TX (CT)",53,1102,1155,105,2234,2339
48399950500,"Runnels, TX (CT)",929,0,929,1974,0,1974
48399950600,"Runnels, TX (CT)",601,1744,2345,1097,3705,4802
48401950100,"Rusk, TX (CT)",2698,0,2698,5779,0,5779
48401950200,"Rusk, TX (CT)",1347,2,1349,3099,3,3102
48401950300,"Rusk, TX (CT)",1172,1169,2341,2921,3010,5931
48401950400,"Rusk, TX (CT)",2058,0,2058,5384,0,5384
48401950501,"Rusk, TX (CT)",1860,264,2124,4502,636,5138
48401950502,"Rusk, TX (CT)",1061,7,1068,2492,1989,4481
48401950600,"Rusk, TX (CT)",1041,0,1041,2226,0,2226
48401950700,"Rusk, TX (CT)",233,1209,1442,513,4999,5512
48401950800,"Rusk, TX (CT)",47,1735,1782,126,4176,4302
48401950900,"Rusk, TX (CT)",35,1419,1454,90,3387,3477
48401951000,"Rusk, TX (CT)",968,0,968,2469,0,2469
48401951100,"Rusk, TX (CT)",1501,0,1501,2799,0,2799
48401951200,"Rusk, TX (CT)",1365,0,1365,2730,0,2730
48403950100,"Sabine, TX (CT)",1942,0,1942,2475,0,2475
48403950200,"Sabine, TX (CT)",1785,0,1785,3253,0,3253
48403950300,"Sabine, TX (CT)",4261,0,4261,5106,0,5106
48405950100,"San Augustine, TX (CT)",1799,0,1799,3473,0,3473
48405950200,"San Augustine, TX (CT)",1306,0,1306,2732,0,2732
48405950300,"San Augustine, TX (CT)",2237,0,2237,2660,0,2660
48407200101,"San Jacinto, TX (CT)",2658,0,2658,6336,0,6336
48407200102,"San Jacinto, TX (CT)",4149,0,4149,10069,0,10069
48407200200,"San Jacinto, TX (CT)",3074,0,3074,5001,0,5001
48407200300,"San Jacinto, TX (CT)",3306,0,3306,4978,0,4978
48409010201,"San Patricio, TX (CT)",256,1786,2042,355,3323,3678
48409010202,"San Patricio, TX (CT)",357,1795,2152,738,3982,4720
48409010301,"San Patricio, TX (CT)",457,1420,1877,933,3308,4241
48409010302,"San Patricio, TX (CT)",307,1569,1876,852,3916,4768
48409010500,"San Patricio, TX (CT)",75,637,712,198,1748,1946
48409010601,"San Patricio, TX (CT)",94,2220,2314,218,5299,5517
48409010602,"San Patricio, TX (CT)",25,1437,1462,65,3943,4008
48409010603,"San Patricio, TX (CT)",0,952,952,0,2478,2478
48409010604,"San Patricio, TX (CT)",0,1163,1163,0,2961,2961
48409010700,"San Patricio, TX (CT)",708,695,1403,1719,1944,3663
48409010800,"San Patricio, TX (CT)",63,1676,1739,158,4386,4544
48409010900,"San Patricio, TX (CT)",1734,69,1803,4377,203,4580
48409011000,"San Patricio, TX (CT)",291,2248,2539,741,6071,6812
48409011100,"San Patricio, TX (CT)",54,960,1014,145,2572,2717
48409011200,"San Patricio, TX (CT)",1034,536,1570,2102,958,3060
48409011300,"San Patricio, TX (CT)",47,1856,1903,133,4978,5111
48411950100,"San Saba, TX (CT)",174,1029,1203,332,2296,2628
48411950200,"San Saba, TX (CT)",1861,113,1974,2694,809,3503
48413950300,"Schleicher, TX (CT)",1489,0,1489,3461,0,3461
48415950100,"Scurry, TX (CT)",525,1166,1691,2266,2583,4849
48415950200,"Scurry, TX (CT)",656,0,656,1221,0,1221
48415950300,"Scurry, TX (CT)",143,2394,2537,289,5506,5795
48415950600,"Scurry, TX (CT)",740,1339,2079,1588,3468,5056
48417950300,"Shackelford, TX (CT)",1754,0,1754,3378,0,3378
48419950100,"Shelby, TX (CT)",2367,0,2367,5109,0,5109
48419950200,"Shelby, TX (CT)",1897,0,1897,3809,0,3809
48419950300,"Shelby, TX (CT)",1827,43,1870,4439,166,4605
48419950400,"Shelby, TX (CT)",364,2114,2478,935,5068,6003
48419950500,"Shelby, TX (CT)",1296,0,1296,2744,0,2744
48419950600,"Shelby, TX (CT)",1965,0,1965,3178,0,3178
48421950200,"Sherman, TX (CT)",1252,0,1252,3034,0,3034
48423000100,"Smith, TX (CT)",0,2015,2015,0,6102,6102
48423000201,"Smith, TX (CT)",0,1526,1526,0,3760,3760
48423000202,"Smith, TX (CT)",0,836,836,0,2167,2167
48423000300,"Smith, TX (CT)",0,1835,1835,0,6076,6076
48423000400,"Smith, TX (CT)",0,896,896,0,2440,2440
48423000500,"Smith, TX (CT)",0,985,985,0,2664,2664
48423000600,"Smith, TX (CT)",0,711,711,0,2061,2061
48423000700,"Smith, TX (CT)",0,1889,1889,0,4312,4312
48423000800,"Smith, TX (CT)",0,2573,2573,0,5852,5852
48423000900,"Smith, TX (CT)",0,1324,1324,0,4710,4710
48423001000,"Smith, TX (CT)",0,2113,2113,0,4984,4984
48423001101,"Smith, TX (CT)",0,1832,1832,0,3637,3637
48423001102,"Smith, TX (CT)",0,1065,1065,0,2402,2402
48423001200,"Smith, TX (CT)",0,1534,1534,0,3518,3518
48423001300,"Smith, TX (CT)",0,970,970,0,2204,2204
48423001401,"Smith, TX (CT)",2091,1753,3844,5055,3320,8375
48423001403,"Smith, TX (CT)",1055,1673,2728,2680,4476,7156
48423001404,"Smith, TX (CT)",1379,874,2253,3499,2225,5724
48423001500,"Smith, TX (CT)",2368,0,2368,5646,0,5646
48423001601,"Smith, TX (CT)",2010,152,2162,5283,848,6131
48423001602,"Smith, TX (CT)",908,1341,2249,2103,2216,4319
48423001604,"Smith, TX (CT)",807,1709,2516,1683,4513,6196
48423001700,"Smith, TX (CT)",1218,1839,3057,3322,5171,8493
48423001801,"Smith, TX (CT)",2597,0,2597,6336,0,6336
48423001802,"Smith, TX (CT)",1747,1545,3292,4320,3608,7928
48423001803,"Smith, TX (CT)",0,2305,2305,0,5110,5110
48423001901,"Smith, TX (CT)",0,3331,3331,0,5685,5685
48423001905,"Smith, TX (CT)",76,3959,4035,158,8319,8477
48423001906,"Smith, TX (CT)",1170,921,2091,2896,2451,5347
48423001907,"Smith, TX (CT)",1396,1705,3101,2933,3154,6087
48423001908,"Smith, TX (CT)",1349,2371,3720,3436,6301,9737
48423002003,"Smith, TX (CT)",0,2160,2160,0,3927,3927
48423002004,"Smith, TX (CT)",0,1241,1241,0,2523,2523
48423002006,"Smith, TX (CT)",0,1361,1361,0,3373,3373
48423002007,"Smith, TX (CT)",640,2504,3144,1484,5824,7308
48423002008,"Smith, TX (CT)",342,1983,2325,968,4409,5377
48423002009,"Smith, TX (CT)",453,2412,2865,986,6755,7741
48423002101,"Smith, TX (CT)",1713,0,1713,4053,0,4053
48423002102,"Smith, TX (CT)",2473,0,2473,5717,0,5717
48423002200,"Smith, TX (CT)",1424,849,2273,3728,2327,6055
48423980000,"Smith, TX (CT)",0,1,1,0,4,4
48425000100,"Somervell, TX (CT)",2918,0,2918,6739,0,6739
48425000200,"Somervell, TX (CT)",756,0,756,1751,0,1751
48427950101,"Starr, TX (CT)",667,0,667,1268,0,1268
48427950104,"Starr, TX (CT)",481,693,1174,1482,2261,3743
48427950105,"Starr, TX (CT)",571,467,1038,1917,1500,3417
48427950106,"Starr, TX (CT)",11,986,997,26,3381,3407
48427950107,"Starr, TX (CT)",0,1143,1143,0,4045,4045
48427950108,"Starr, TX (CT)",514,377,891,1597,1221,2818
48427950202,"Starr, TX (CT)",996,96,1092,2336,324,2660
48427950203,"Starr, TX (CT)",0,1172,1172,0,3886,3886
48427950204,"Starr, TX (CT)",260,1386,1646,682,4480,5162
48427950401,"Starr, TX (CT)",799,1207,2006,2256,4166,6422
48427950402,"Starr, TX (CT)",729,728,1457,2534,2644,5178
48427950500,"Starr, TX (CT)",0,1485,1485,0,4915,4915
48427950600,"Starr, TX (CT)",126,1977,2103,355,6330,6685
48427950701,"Starr, TX (CT)",0,1469,1469,0,3922,3922
48427950702,"Starr, TX (CT)",0,1186,1186,0,3440,3440
48429950200,"Stephens, TX (CT)",100,1783,1883,224,3925,4149
48429950300,"Stephens, TX (CT)",252,909,1161,454,1888,2342
48429950500,"Stephens, TX (CT)",1882,12,1894,3113,26,3139
48431950100,"Sterling, TX (CT)",615,0,615,1143,0,1143
48433950300,"Stonewall, TX (CT)",928,0,928,1490,0,1490
48435950300,"Sutton, TX (CT)",554,1477,2031,776,3352,4128
48437950200,"Swisher, TX (CT)",687,3,690,1433,583,2016
48437950300,"Swisher, TX (CT)",104,1831,1935,221,4320,4541
48437950400,"Swisher, TX (CT)",596,0,596,1297,0,1297
48439100101,"Tarrant, TX (CT)",0,1853,1853,0,5882,5882
48439100102,"Tarrant, TX (CT)",0,1827,1827,0,4849,4849
48439100201,"Tarrant, TX (CT)",0,1328,1328,0,4771,4771
48439100202,"Tarrant, TX (CT)",0,1528,1528,0,5449,5449
48439100300,"Tarrant, TX (CT)",0,1443,1443,0,4690,4690
48439100400,"Tarrant, TX (CT)",0,2122,2122,0,7514,7514
48439100501,"Tarrant, TX (CT)",0,3237,3237,0,9707,9707
48439100502,"Tarrant, TX (CT)",0,2320,2320,0,7491,7491
48439100601,"Tarrant, TX (CT)",241,847,1088,377,1650,2027
48439100602,"Tarrant, TX (CT)",0,775,775,0,3759,3759
48439100700,"Tarrant, TX (CT)",0,1841,1841,0,4847,4847
48439100800,"Tarrant, TX (CT)",0,1861,1861,0,5901,5901
48439100900,"Tarrant, TX (CT)",0,732,732,0,2009,2009
48439101201,"Tarrant, TX (CT)",0,708,708,0,1966,1966
48439101202,"Tarrant, TX (CT)",0,1576,1576,0,4769,4769
48439101301,"Tarrant, TX (CT)",0,2099,2099,0,5053,5053
48439101302,"Tarrant, TX (CT)",0,1154,1154,0,2801,2801
48439101401,"Tarrant, TX (CT)",0,2077,2077,0,4931,4931
48439101402,"Tarrant, TX (CT)",0,1224,1224,0,3674,3674
48439101403,"Tarrant, TX (CT)",0,1914,1914,0,4504,4504
48439101500,"Tarrant, TX (CT)",0,1683,1683,0,4328,4328
48439101700,"Tarrant, TX (CT)",0,672,672,0,2620,2620
48439102000,"Tarrant, TX (CT)",0,965,965,0,1316,1316
48439102100,"Tarrant, TX (CT)",0,2850,2850,0,4782,4782
48439102201,"Tarrant, TX (CT)",0,1655,1655,0,3344,3344
48439102202,"Tarrant, TX (CT)",0,1669,1669,0,2626,2626
48439102301,"Tarrant, TX (CT)",0,1507,1507,0,3176,3176
48439102302,"Tarrant, TX (CT)",0,2139,2139,0,5551,5551
48439102401,"Tarrant, TX (CT)",0,2157,2157,0,3698,3698
48439102402,"Tarrant, TX (CT)",0,1976,1976,0,4185,4185
48439102500,"Tarrant, TX (CT)",0,1711,1711,0,3546,3546
48439102601,"Tarrant, TX (CT)",0,1796,1796,0,3557,3557
48439102602,"Tarrant, TX (CT)",0,1723,1723,0,3581,3581
48439102700,"Tarrant, TX (CT)",0,1991,1991,0,3179,3179
48439102800,"Tarrant, TX (CT)",0,629,629,0,1153,1153
48439103500,"Tarrant, TX (CT)",0,1742,1742,0,5851,5851
48439103601,"Tarrant, TX (CT)",0,1212,1212,0,2800,2800
48439103602,"Tarrant, TX (CT)",0,895,895,0,2105,2105
48439103701,"Tarrant, TX (CT)",0,1251,1251,0,4348,4348
48439103702,"Tarrant, TX (CT)",0,912,912,0,2799,2799
48439103800,"Tarrant, TX (CT)",0,1335,1335,0,3559,3559
48439104100,"Tarrant, TX (CT)",0,1532,1532,0,3468,3468
48439104201,"Tarrant, TX (CT)",0,1363,1363,0,5922,5922
48439104202,"Tarrant, TX (CT)",0,1611,1611,0,3284,3284
48439104300,"Tarrant, TX (CT)",0,2988,2988,0,5754,5754
48439104400,"Tarrant, TX (CT)",0,2087,2087,0,5452,5452
48439104502,"Tarrant, TX (CT)",0,981,981,0,2968,2968
48439104503,"Tarrant, TX (CT)",0,833,833,0,2643,2643
48439104504,"Tarrant, TX (CT)",0,1027,1027,0,3206,3206
48439104505,"Tarrant, TX (CT)",0,1527,1527,0,3651,3651
48439104601,"Tarrant, TX (CT)",0,1244,1244,0,3687,3687
48439104602,"Tarrant, TX (CT)",0,1499,1499,0,4751,4751
48439104603,"Tarrant, TX (CT)",0,1116,1116,0,3775,3775
48439104604,"Tarrant, TX (CT)",0,1003,1003,0,2723,2723
48439104605,"Tarrant, TX (CT)",0,1622,1622,0,4131,4131
48439104701,"Tarrant, TX (CT)",0,1374,1374,0,4916,4916
48439104702,"Tarrant, TX (CT)",0,1045,1045,0,3329,3329
48439104802,"Tarrant, TX (CT)",0,1715,1715,0,5649,5649
48439104803,"Tarrant, TX (CT)",0,1835,1835,0,6211,6211
48439104804,"Tarrant, TX (CT)",0,947,947,0,2840,2840
48439104900,"Tarrant, TX (CT)",0,865,865,0,2711,2711
48439105001,"Tarrant, TX (CT)",0,1519,1519,0,5950,5950
48439105006,"Tarrant, TX (CT)",0,308,308,0,870,870
48439105007,"Tarrant, TX (CT)",0,2704,2704,0,4557,4557
48439105008,"Tarrant, TX (CT)",0,2790,2790,0,7381,7381
48439105201,"Tarrant, TX (CT)",0,2660,2660,0,5523,5523
48439105203,"Tarrant, TX (CT)",0,1098,1098,0,2202,2202
48439105204,"Tarrant, TX (CT)",0,1765,1765,0,3143,3143
48439105205,"Tarrant, TX (CT)",0,2549,2549,0,4502,4502
48439105403,"Tarrant, TX (CT)",0,3246,3246,0,5973,5973
48439105404,"Tarrant, TX (CT)",0,1678,1678,0,3856,3856
48439105405,"Tarrant, TX (CT)",0,2324,2324,0,3600,3600
48439105406,"Tarrant, TX (CT)",0,3138,3138,0,5025,5025
48439105502,"Tarrant, TX (CT)",0,2507,2507,0,5368,5368
48439105503,"Tarrant, TX (CT)",0,2582,2582,0,5787,5787
48439105505,"Tarrant, TX (CT)",0,2282,2282,0,4557,4557
48439105507,"Tarrant, TX (CT)",0,3219,3219,0,6609,6609
48439105508,"Tarrant, TX (CT)",0,3439,3439,0,6648,6648
48439105510,"Tarrant, TX (CT)",0,3168,3168,0,7660,7660
48439105511,"Tarrant, TX (CT)",0,2403,2403,0,5815,5815
48439105512,"Tarrant, TX (CT)",0,1770,1770,0,4187,4187
48439105513,"Tarrant, TX (CT)",0,1831,1831,0,2889,2889
48439105514,"Tarrant, TX (CT)",0,1742,1742,0,2535,2535
48439105600,"Tarrant, TX (CT)",0,1970,1970,0,5053,5053
48439105701,"Tarrant, TX (CT)",0,1440,1440,0,3695,3695
48439105703,"Tarrant, TX (CT)",0,1533,1533,0,3681,3681
48439105704,"Tarrant, TX (CT)",0,3213,3213,0,8403,8403
48439105800,"Tarrant, TX (CT)",0,1339,1339,0,4322,4322
48439105901,"Tarrant, TX (CT)",0,996,996,0,3335,3335
48439105902,"Tarrant, TX (CT)",0,1458,1458,0,6162,6162
48439106001,"Tarrant, TX (CT)",0,2759,2759,0,7483,7483
48439106002,"Tarrant, TX (CT)",0,1209,1209,0,3463,3463
48439106004,"Tarrant, TX (CT)",127,1749,1876,353,4920,5273
48439106101,"Tarrant, TX (CT)",0,558,558,0,1629,1629
48439106102,"Tarrant, TX (CT)",0,1768,1768,0,3671,3671
48439106201,"Tarrant, TX (CT)",0,1311,1311,0,3467,3467
48439106202,"Tarrant, TX (CT)",0,1666,1666,0,4399,4399
48439106300,"Tarrant, TX (CT)",0,1168,1168,0,3001,3001
48439106400,"Tarrant, TX (CT)",0,975,975,0,2154,2154
48439106502,"Tarrant, TX (CT)",0,1298,1298,0,2405,2405
48439106503,"Tarrant, TX (CT)",0,2225,2225,0,5065,5065
48439106507,"Tarrant, TX (CT)",0,1086,1086,0,1900,1900
48439106509,"Tarrant, TX (CT)",0,1859,1859,0,4019,4019
48439106510,"Tarrant, TX (CT)",0,2817,2817,0,8129,8129
48439106511,"Tarrant, TX (CT)",0,2944,2944,0,6634,6634
48439106512,"Tarrant, TX (CT)",0,2219,2219,0,4423,4423
48439106513,"Tarrant, TX (CT)",0,1092,1092,0,2935,2935
48439106514,"Tarrant, TX (CT)",0,2606,2606,0,4943,4943
48439106515,"Tarrant, TX (CT)",0,2038,2038,0,3824,3824
48439106516,"Tarrant, TX (CT)",0,3279,3279,0,5327,5327
48439106517,"Tarrant, TX (CT)",0,3519,3519,0,7387,7387
48439106518,"Tarrant, TX (CT)",0,2327,2327,0,3115,3115
48439106600,"Tarrant, TX (CT)",0,1150,1150,0,2286,2286
48439106700,"Tarrant, TX (CT)",50,863,913,84,2074,2158
48439110101,"Tarrant, TX (CT)",0,3122,3122,0,6616,6616
48439110102,"Tarrant, TX (CT)",0,1708,1708,0,4223,4223
48439110202,"Tarrant, TX (CT)",0,1314,1314,0,3808,3808
48439110203,"Tarrant, TX (CT)",0,3440,3440,0,8748,8748
48439110204,"Tarrant, TX (CT)",0,2487,2487,0,6716,6716
48439110301,"Tarrant, TX (CT)",0,1432,1432,0,3907,3907
48439110302,"Tarrant, TX (CT)",0,1834,1834,0,5044,5044
48439110401,"Tarrant, TX (CT)",0,1794,1794,0,4657,4657
48439110402,"Tarrant, TX (CT)",0,1561,1561,0,4686,4686
48439110500,"Tarrant, TX (CT)",0,3146,3146,0,7885,7885
48439110600,"Tarrant, TX (CT)",0,1142,1142,0,2472,2472
48439110701,"Tarrant, TX (CT)",0,2828,2828,0,6855,6855
48439110703,"Tarrant, TX (CT)",0,1914,1914,0,4726,4726
48439110704,"Tarrant, TX (CT)",0,1888,1888,0,4535,4535
48439110805,"Tarrant, TX (CT)",0,2433,2433,0,6058,6058
48439110806,"Tarrant, TX (CT)",4,1705,1709,6,4574,4580
48439110807,"Tarrant, TX (CT)",130,2127,2257,329,5252,5581
48439110808,"Tarrant, TX (CT)",494,267,761,1165,735,1900
48439110809,"Tarrant, TX (CT)",0,845,845,0,1839,1839
48439110901,"Tarrant, TX (CT)",0,2044,2044,0,4414,4414
48439110903,"Tarrant, TX (CT)",0,784,784,0,1471,1471
48439110905,"Tarrant, TX (CT)",0,1886,1886,0,4336,4336
48439110906,"Tarrant, TX (CT)",103,1715,1818,239,4139,4378
48439110907,"Tarrant, TX (CT)",0,1410,1410,0,2993,2993
48439111003,"Tarrant, TX (CT)",0,1137,1137,0,2776,2776
48439111005,"Tarrant, TX (CT)",0,3280,3280,0,9204,9204
48439111008,"Tarrant, TX (CT)",10,2524,2534,20,7196,7216
48439111010,"Tarrant, TX (CT)",1332,0,1332,2841,0,2841
48439111011,"Tarrant, TX (CT)",0,2916,2916,0,9155,9155
48439111012,"Tarrant, TX (CT)",0,2543,2543,0,8234,8234
48439111013,"Tarrant, TX (CT)",0,2668,2668,0,7863,7863
48439111015,"Tarrant, TX (CT)",0,893,893,0,2385,2385
48439111016,"Tarrant, TX (CT)",0,3192,3192,0,9243,9243
48439111017,"Tarrant, TX (CT)",268,3064,3332,841,9433,10274
48439111018,"Tarrant, TX (CT)",90,754,844,255,1964,2219
48439111102,"Tarrant, TX (CT)",0,1960,1960,0,5697,5697
48439111103,"Tarrant, TX (CT)",0,1229,1229,0,3968,3968
48439111104,"Tarrant, TX (CT)",0,1028,1028,0,2820,2820
48439111202,"Tarrant, TX (CT)",0,1996,1996,0,6095,6095
48439111203,"Tarrant, TX (CT)",262,1818,2080,658,4906,5564
48439111204,"Tarrant, TX (CT)",401,1416,1817,1071,3651,4722
48439111301,"Tarrant, TX (CT)",817,2602,3419,2149,7256,9405
48439111304,"Tarrant, TX (CT)",0,2417,2417,0,6912,6912
48439111306,"Tarrant, TX (CT)",179,1444,1623,502,4216,4718
48439111307,"Tarrant, TX (CT)",0,1260,1260,0,3036,3036
48439111308,"Tarrant, TX (CT)",0,669,669,0,1596,1596
48439111309,"Tarrant, TX (CT)",0,1478,1478,0,4713,4713
48439111310,"Tarrant, TX (CT)",0,2406,2406,0,7937,7937
48439111311,"Tarrant, TX (CT)",0,1929,1929,0,6124,6124
48439111312,"Tarrant, TX (CT)",4,1208,1212,7,3433,3440
48439111313,"Tarrant, TX (CT)",0,1966,1966,0,5826,5826
48439111314,"Tarrant, TX (CT)",0,1286,1286,0,4167,4167
48439111402,"Tarrant, TX (CT)",0,2129,2129,0,5939,5939
48439111404,"Tarrant, TX (CT)",0,3631,3631,0,8336,8336
48439111405,"Tarrant, TX (CT)",376,633,1009,879,1477,2356
48439111406,"Tarrant, TX (CT)",0,1265,1265,0,3707,3707
48439111407,"Tarrant, TX (CT)",0,1140,1140,0,3241,3241
48439111408,"Tarrant, TX (CT)",225,1027,1252,569,2398,2967
48439111409,"Tarrant, TX (CT)",0,1712,1712,0,5071,5071
48439111505,"Tarrant, TX (CT)",0,1736,1736,0,3978,3978
48439111506,"Tarrant, TX (CT)",0,2867,2867,0,5781,5781
48439111513,"Tarrant, TX (CT)",0,1277,1277,0,4022,4022
48439111514,"Tarrant, TX (CT)",0,2195,2195,0,6602,6602
48439111516,"Tarrant, TX (CT)",0,2367,2367,0,6285,6285
48439111521,"Tarrant, TX (CT)",0,2837,2837,0,8270,8270
48439111522,"Tarrant, TX (CT)",0,2347,2347,0,7592,7592
48439111523,"Tarrant, TX (CT)",0,3256,3256,0,8743,8743
48439111524,"Tarrant, TX (CT)",0,3041,3041,0,7886,7886
48439111525,"Tarrant, TX (CT)",0,2091,2091,0,6428,6428
48439111526,"Tarrant, TX (CT)",0,1743,1743,0,4242,4242
48439111529,"Tarrant, TX (CT)",0,1722,1722,0,4023,4023
48439111530,"Tarrant, TX (CT)",0,2500,2500,0,6113,6113
48439111531,"Tarrant, TX (CT)",0,1788,1788,0,4493,4493
48439111532,"Tarrant, TX (CT)",0,2883,2883,0,7063,7063
48439111533,"Tarrant, TX (CT)",0,1921,1921,0,5251,5251
48439111534,"Tarrant, TX (CT)",0,2407,2407,0,6314,6314
48439111536,"Tarrant, TX (CT)",0,1497,1497,0,3327,3327
48439111537,"Tarrant, TX (CT)",0,2508,2508,0,6880,6880
48439111538,"Tarrant, TX (CT)",0,2292,2292,0,5745,5745
48439111539,"Tarrant, TX (CT)",0,2857,2857,0,8945,8945
48439111540,"Tarrant, TX (CT)",0,2286,2286,0,6270,6270
48439111541,"Tarrant, TX (CT)",0,1361,1361,0,3934,3934
48439111542,"Tarrant, TX (CT)",0,1924,1924,0,6211,6211
48439111543,"Tarrant, TX (CT)",0,2372,2372,0,7182,7182
48439111544,"Tarrant, TX (CT)",0,2439,2439,0,7298,7298
48439111545,"Tarrant, TX (CT)",0,1006,1006,0,2442,2442
48439111546,"Tarrant, TX (CT)",0,2268,2268,0,6389,6389
48439111547,"Tarrant, TX (CT)",0,4600,4600,0,15275,15275
48439111548,"Tarrant, TX (CT)",0,2214,2214,0,7361,7361
48439111549,"Tarrant, TX (CT)",0,2229,2229,0,6408,6408
48439111550,"Tarrant, TX (CT)",0,3787,3787,0,12483,12483
48439111551,"Tarrant, TX (CT)",0,2183,2183,0,7066,7066
48439111552,"Tarrant, TX (CT)",0,1550,1550,0,3461,3461
48439111553,"Tarrant, TX (CT)",0,2062,2062,0,3970,3970
48439113001,"Tarrant, TX (CT)",0,1785,1785,0,3797,3797
48439113002,"Tarrant, TX (CT)",0,2808,2808,0,6606,6606
48439113102,"Tarrant, TX (CT)",0,2465,2465,0,4575,4575
48439113104,"Tarrant, TX (CT)",0,2378,2378,0,3319,3319
48439113107,"Tarrant, TX (CT)",0,1076,1076,0,2396,2396
48439113108,"Tarrant, TX (CT)",0,1748,1748,0,4400,4400
48439113109,"Tarrant, TX (CT)",0,2043,2043,0,3942,3942
48439113110,"Tarrant, TX (CT)",0,2876,2876,0,4183,4183
48439113111,"Tarrant, TX (CT)",0,2556,2556,0,3369,3369
48439113112,"Tarrant, TX (CT)",0,1368,1368,0,2894,2894
48439113113,"Tarrant, TX (CT)",0,2382,2382,0,3625,3625
48439113114,"Tarrant, TX (CT)",0,2271,2271,0,3899,3899
48439113115,"Tarrant, TX (CT)",0,1799,1799,0,3459,3459
48439113116,"Tarrant, TX (CT)",0,2356,2356,0,3783,3783
48439113206,"Tarrant, TX (CT)",0,2270,2270,0,5360,5360
48439113207,"Tarrant, TX (CT)",0,1555,1555,0,4221,4221
48439113210,"Tarrant, TX (CT)",0,2638,2638,0,6724,6724
48439113212,"Tarrant, TX (CT)",0,1883,1883,0,4092,4092
48439113213,"Tarrant, TX (CT)",0,1472,1472,0,3447,3447
48439113214,"Tarrant, TX (CT)",0,1873,1873,0,4761,4761
48439113215,"Tarrant, TX (CT)",0,1832,1832,0,4796,4796
48439113216,"Tarrant, TX (CT)",0,2512,2512,0,5299,5299
48439113217,"Tarrant, TX (CT)",0,1822,1822,0,4500,4500
48439113218,"Tarrant, TX (CT)",0,910,910,0,2390,2390
48439113220,"Tarrant, TX (CT)",0,2879,2879,0,6271,6271
48439113221,"Tarrant, TX (CT)",0,2200,2200,0,4798,4798
48439113301,"Tarrant, TX (CT)",0,1719,1719,0,3836,3836
48439113302,"Tarrant, TX (CT)",0,1702,1702,0,4060,4060
48439113403,"Tarrant, TX (CT)",0,1090,1090,0,2497,2497
48439113404,"Tarrant, TX (CT)",0,2345,2345,0,5612,5612
48439113405,"Tarrant, TX (CT)",0,2970,2970,0,5975,5975
48439113407,"Tarrant, TX (CT)",0,2010,2010,0,5431,5431
48439113408,"Tarrant, TX (CT)",0,2244,2244,0,5424,5424
48439113509,"Tarrant, TX (CT)",0,1636,1636,0,4425,4425
48439113510,"Tarrant, TX (CT)",0,1878,1878,0,4232,4232
48439113511,"Tarrant, TX (CT)",0,1469,1469,0,3683,3683
48439113512,"Tarrant, TX (CT)",0,2680,2680,0,5529,5529
48439113513,"Tarrant, TX (CT)",0,2427,2427,0,5381,5381
48439113514,"Tarrant, TX (CT)",0,2245,2245,0,5020,5020
48439113516,"Tarrant, TX (CT)",0,1713,1713,0,4107,4107
48439113517,"Tarrant, TX (CT)",0,1769,1769,0,3773,3773
48439113518,"Tarrant, TX (CT)",0,3270,3270,0,5258,5258
48439113519,"Tarrant, TX (CT)",0,2702,2702,0,5917,5917
48439113520,"Tarrant, TX (CT)",0,2545,2545,0,5208,5208
48439113607,"Tarrant, TX (CT)",0,1924,1924,0,4349,4349
48439113610,"Tarrant, TX (CT)",0,3956,3956,0,11126,11126
48439113611,"Tarrant, TX (CT)",0,1716,1716,0,4535,4535
48439113612,"Tarrant, TX (CT)",0,1844,1844,0,4356,4356
48439113613,"Tarrant, TX (CT)",0,1761,1761,0,4016,4016
48439113618,"Tarrant, TX (CT)",0,2404,2404,0,5600,5600
48439113619,"Tarrant, TX (CT)",0,2507,2507,0,4677,4677
48439113622,"Tarrant, TX (CT)",0,2121,2121,0,5773,5773
48439113623,"Tarrant, TX (CT)",0,1489,1489,0,3629,3629
48439113624,"Tarrant, TX (CT)",0,1683,1683,0,4201,4201
48439113625,"Tarrant, TX (CT)",0,1343,1343,0,3295,3295
48439113626,"Tarrant, TX (CT)",0,1580,1580,0,3753,3753
48439113627,"Tarrant, TX (CT)",0,3152,3152,0,5725,5725
48439113628,"Tarrant, TX (CT)",0,2416,2416,0,4365,4365
48439113629,"Tarrant, TX (CT)",0,2300,2300,0,4283,4283
48439113630,"Tarrant, TX (CT)",0,1761,1761,0,3433,3433
48439113631,"Tarrant, TX (CT)",0,2780,2780,0,6464,6464
48439113632,"Tarrant, TX (CT)",0,1787,1787,0,5005,5005
48439113633,"Tarrant, TX (CT)",0,1431,1431,0,3968,3968
48439113634,"Tarrant, TX (CT)",0,1778,1778,0,4969,4969
48439113703,"Tarrant, TX (CT)",0,4780,4780,0,9179,9179
48439113705,"Tarrant, TX (CT)",0,2477,2477,0,5597,5597
48439113707,"Tarrant, TX (CT)",0,1904,1904,0,4957,4957
48439113709,"Tarrant, TX (CT)",0,1712,1712,0,4806,4806
48439113710,"Tarrant, TX (CT)",0,1583,1583,0,3758,3758
48439113711,"Tarrant, TX (CT)",0,1717,1717,0,3991,3991
48439113803,"Tarrant, TX (CT)",0,2002,2002,0,5632,5632
48439113808,"Tarrant, TX (CT)",0,2258,2258,0,6349,6349
48439113809,"Tarrant, TX (CT)",0,1708,1708,0,4700,4700
48439113810,"Tarrant, TX (CT)",0,1608,1608,0,4538,4538
48439113811,"Tarrant, TX (CT)",0,1517,1517,0,3648,3648
48439113812,"Tarrant, TX (CT)",0,1824,1824,0,5221,5221
48439113813,"Tarrant, TX (CT)",0,1653,1653,0,4961,4961
48439113814,"Tarrant, TX (CT)",0,1402,1402,0,3963,3963
48439113815,"Tarrant, TX (CT)",0,1728,1728,0,5659,5659
48439113816,"Tarrant, TX (CT)",0,1733,1733,0,5141,5141
48439113906,"Tarrant, TX (CT)",0,1885,1885,0,5793,5793
48439113907,"Tarrant, TX (CT)",33,2013,2046,93,6247,6340
48439113908,"Tarrant, TX (CT)",0,1560,1560,0,5261,5261
48439113909,"Tarrant, TX (CT)",0,2169,2169,0,7189,7189
48439113910,"Tarrant, TX (CT)",264,2546,2810,688,7393,8081
48439113911,"Tarrant, TX (CT)",0,3179,3179,0,7008,7008
48439113912,"Tarrant, TX (CT)",0,2110,2110,0,6051,6051
48439113916,"Tarrant, TX (CT)",0,1743,1743,0,4344,4344
48439113917,"Tarrant, TX (CT)",0,2426,2426,0,7409,7409
48439113918,"Tarrant, TX (CT)",0,2024,2024,0,5159,5159
48439113919,"Tarrant, TX (CT)",0,2384,2384,0,7343,7343
48439113920,"Tarrant, TX (CT)",0,1708,1708,0,5432,5432
48439113921,"Tarrant, TX (CT)",0,7139,7139,0,20235,20235
48439113922,"Tarrant, TX (CT)",8,5898,5906,12,17775,17787
48439113923,"Tarrant, TX (CT)",0,1260,1260,0,2797,2797
48439113924,"Tarrant, TX (CT)",0,1688,1688,0,4512,4512
48439113925,"Tarrant, TX (CT)",0,1324,1324,0,3905,3905
48439113926,"Tarrant, TX (CT)",219,3991,4210,589,11638,12227
48439113927,"Tarrant, TX (CT)",87,3808,3895,263,10997,11260
48439113928,"Tarrant, TX (CT)",0,2739,2739,0,8356,8356
48439113929,"Tarrant, TX (CT)",0,2545,2545,0,8361,8361
48439114003,"Tarrant, TX (CT)",0,2373,2373,0,7560,7560
48439114005,"Tarrant, TX (CT)",0,2702,2702,0,7801,7801
48439114006,"Tarrant, TX (CT)",0,2451,2451,0,6556,6556
48439114007,"Tarrant, TX (CT)",0,4541,4541,0,13123,13123
48439114008,"Tarrant, TX (CT)",0,3749,3749,0,11631,11631
48439114102,"Tarrant, TX (CT)",420,3237,3657,738,7359,8097
48439114103,"Tarrant, TX (CT)",381,6213,6594,1059,19105,20164
48439114104,"Tarrant, TX (CT)",1464,1045,2509,3852,2992,6844
48439114203,"Tarrant, TX (CT)",961,1512,2473,2002,3489,5491
48439114204,"Tarrant, TX (CT)",0,2432,2432,0,5893,5893
48439114205,"Tarrant, TX (CT)",0,1350,1350,0,3106,3106
48439114206,"Tarrant, TX (CT)",113,1640,1753,262,4206,4468
48439114207,"Tarrant, TX (CT)",568,1626,2194,1401,4530,5931
48439121601,"Tarrant, TX (CT)",0,2945,2945,0,7326,7326
48439121604,"Tarrant, TX (CT)",0,2764,2764,0,6098,6098
48439121605,"Tarrant, TX (CT)",0,1409,1409,0,2960,2960
48439121606,"Tarrant, TX (CT)",0,1284,1284,0,3318,3318
48439121608,"Tarrant, TX (CT)",0,2064,2064,0,5173,5173
48439121609,"Tarrant, TX (CT)",0,2293,2293,0,6056,6056
48439121610,"Tarrant, TX (CT)",0,973,973,0,2327,2327
48439121611,"Tarrant, TX (CT)",0,1653,1653,0,4580,4580
48439121702,"Tarrant, TX (CT)",0,1343,1343,0,2079,2079
48439121703,"Tarrant, TX (CT)",0,2075,2075,0,5658,5658
48439121704,"Tarrant, TX (CT)",0,1266,1266,0,3429,3429
48439121903,"Tarrant, TX (CT)",0,2036,2036,0,5810,5810
48439121904,"Tarrant, TX (CT)",0,1561,1561,0,4505,4505
48439121905,"Tarrant, TX (CT)",0,2580,2580,0,5480,5480
48439121906,"Tarrant, TX (CT)",0,1468,1468,0,3944,3944
48439122001,"Tarrant, TX (CT)",0,1161,1161,0,4031,4031
48439122002,"Tarrant, TX (CT)",0,1542,1542,0,4815,4815
48439122100,"Tarrant, TX (CT)",0,2171,2171,0,6676,6676
48439122200,"Tarrant, TX (CT)",0,886,886,0,2149,2149
48439122300,"Tarrant, TX (CT)",0,1509,1509,0,4112,4112
48439122400,"Tarrant, TX (CT)",0,2724,2724,0,5760,5760
48439122500,"Tarrant, TX (CT)",0,1902,1902,0,3839,3839
48439122600,"Tarrant, TX (CT)",0,1685,1685,0,3844,3844
48439122700,"Tarrant, TX (CT)",0,2450,2450,0,4777,4777
48439122801,"Tarrant, TX (CT)",0,1545,1545,0,3709,3709
48439122802,"Tarrant, TX (CT)",0,1690,1690,0,4311,4311
48439122900,"Tarrant, TX (CT)",0,2219,2219,0,7476,7476
48439123000,"Tarrant, TX (CT)",0,3388,3388,0,6173,6173
48439123100,"Tarrant, TX (CT)",0,1182,1182,0,3012,3012
48439123200,"Tarrant, TX (CT)",0,862,862,0,1896,1896
48439123300,"Tarrant, TX (CT)",0,2540,2540,0,4539,4539
48439123400,"Tarrant, TX (CT)",0,1041,1041,0,2025,2025
48439123500,"Tarrant, TX (CT)",0,1200,1200,0,3048,3048
48439123600,"Tarrant, TX (CT)",0,1073,1073,0,2598,2598
48439980000,"Tarrant, TX (CT)",0,3,3,0,15,15
48441010100,"Taylor, TX (CT)",0,2381,2381,0,6165,6165
48441010200,"Taylor, TX (CT)",0,878,878,0,2516,2516
48441010300,"Taylor, TX (CT)",0,754,754,0,2318,2318
48441010400,"Taylor, TX (CT)",0,804,804,0,2100,2100
48441010500,"Taylor, TX (CT)",0,1392,1392,0,3409,3409
48441010600,"Taylor, TX (CT)",0,1469,1469,0,3694,3694
48441010700,"Taylor, TX (CT)",0,1308,1308,0,3656,3656
48441010800,"Taylor, TX (CT)",0,792,792,0,1771,1771
48441010900,"Taylor, TX (CT)",3,2969,2972,4,5793,5797
48441011000,"Taylor, TX (CT)",0,667,667,0,1209,1209
48441011200,"Taylor, TX (CT)",0,1190,1190,0,2777,2777
48441011300,"Taylor, TX (CT)",0,1683,1683,0,4014,4014
48441011400,"Taylor, TX (CT)",0,2004,2004,0,4604,4604
48441011500,"Taylor, TX (CT)",0,1299,1299,0,2899,2899
48441011600,"Taylor, TX (CT)",0,1279,1279,0,2684,2684
48441011700,"Taylor, TX (CT)",0,1119,1119,0,2368,2368
48441011900,"Taylor, TX (CT)",0,957,957,0,2307,2307
48441012000,"Taylor, TX (CT)",0,845,845,0,1921,1921
48441012100,"Taylor, TX (CT)",0,1,1,0,468,468
48441012200,"Taylor, TX (CT)",21,973,994,52,2177,2229
48441012300,"Taylor, TX (CT)",0,1729,1729,0,4482,4482
48441012400,"Taylor, TX (CT)",0,1113,1113,0,2372,2372
48441012500,"Taylor, TX (CT)",0,1439,1439,0,3316,3316
48441012600,"Taylor, TX (CT)",0,1382,1382,0,3171,3171
48441012700,"Taylor, TX (CT)",0,3188,3188,0,7647,7647
48441012801,"Taylor, TX (CT)",0,1833,1833,0,3098,3098
48441012802,"Taylor, TX (CT)",0,2059,2059,0,3924,3924
48441012900,"Taylor, TX (CT)",0,671,671,0,2242,2242
48441013000,"Taylor, TX (CT)",3,0,3,625,0,625
48441013100,"Taylor, TX (CT)",137,2379,2516,389,5984,6373
48441013200,"Taylor, TX (CT)",661,222,883,1511,482,1993
48441013300,"Taylor, TX (CT)",459,944,1403,954,1924,2878
48441013401,"Taylor, TX (CT)",0,1646,1646,0,3736,3736
48441013402,"Taylor, TX (CT)",1016,1545,2561,2247,4237,6484
48441013404,"Taylor, TX (CT)",1050,1818,2868,2571,4956,7527
48441013500,"Taylor, TX (CT)",3173,0,3173,7269,0,7269
48441013600,"Taylor, TX (CT)",2495,0,2495,5463,0,5463
48441980000,"Taylor, TX (CT)",0,0,0,0,0,0
48443950100,"Terrell, TX (CT)",700,0,700,984,0,984
48445950100,"Terry, TX (CT)",1052,0,1052,2510,0,2510
48445950300,"Terry, TX (CT)",70,749,819,156,2463,2619
48445950400,"Terry, TX (CT)",203,2754,2957,455,7067,7522
48447950300,"Throckmorton, TX (CT)",1079,0,1079,1641,0,1641
48449950100,"Titus, TX (CT)",931,0,931,2102,0,2102
48449950200,"Titus, TX (CT)",1056,6,1062,2629,18,2647
48449950300,"Titus, TX (CT)",1971,1208,3179,5144,3071,8215
48449950400,"Titus, TX (CT)",2226,0,2226,5774,0,5774
48449950500,"Titus, TX (CT)",86,800,886,285,2668,2953
48449950600,"Titus, TX (CT)",0,1550,1550,0,4516,4516
48449950700,"Titus, TX (CT)",0,547,547,0,1426,1426
48449950800,"Titus, TX (CT)",139,1534,1673,413,4288,4701
48451000100,"Tom Green, TX (CT)",165,925,1090,368,2075,2443
48451000200,"Tom Green, TX (CT)",115,1615,1730,265,4182,4447
48451000300,"Tom Green, TX (CT)",181,1907,2088,479,4830,5309
48451000400,"Tom Green, TX (CT)",0,2537,2537,0,5897,5897
48451000700,"Tom Green, TX (CT)",67,1767,1834,160,4068,4228
48451000801,"Tom Green, TX (CT)",275,1392,1667,686,3589,4275
48451000802,"Tom Green, TX (CT)",0,1570,1570,0,4250,4250
48451000900,"Tom Green, TX (CT)",0,1289,1289,0,2612,2612
48451001000,"Tom Green, TX (CT)",0,2527,2527,0,5157,5157
48451001101,"Tom Green, TX (CT)",0,2203,2203,0,5205,5205
48451001102,"Tom Green, TX (CT)",0,2065,2065,0,4739,4739
48451001200,"Tom Green, TX (CT)",0,2858,2858,0,7418,7418
48451001301,"Tom Green, TX (CT)",0,2685,2685,0,7011,7011
48451001303,"Tom Green, TX (CT)",0,1974,1974,0,4238,4238
48451001304,"Tom Green, TX (CT)",0,1655,1655,0,2943,2943
48451001400,"Tom Green, TX (CT)",0,2508,2508,0,5034,5034
48451001500,"Tom Green, TX (CT)",0,121,121,0,2249,2249
48451001600,"Tom Green, TX (CT)",1908,0,1908,4769,0,4769
48451001702,"Tom Green, TX (CT)",1322,0,1322,3154,0,3154
48451001704,"Tom Green, TX (CT)",2653,646,3299,6368,1293,7661
48451001706,"Tom Green, TX (CT)",0,1705,1705,0,3641,3641
48451001707,"Tom Green, TX (CT)",0,2334,2334,0,5162,5162
48451001708,"Tom Green, TX (CT)",441,2118,2559,991,4794,5785
48451001800,"Tom Green, TX (CT)",0,1042,1042,0,2595,2595
48451980000,"Tom Green, TX (CT)",0,1,1,0,2,2
48453000101,"Travis, TX (CT)",0,2076,2076,0,3611,3611
48453000102,"Travis, TX (CT)",0,1153,1153,0,2552,2552
48453000203,"Travis, TX (CT)",0,817,817,0,1546,1546
48453000204,"Travis, TX (CT)",0,1750,1750,0,3009,3009
48453000205,"Travis, TX (CT)",0,2153,2153,0,3394,3394
48453000206,"Travis, TX (CT)",0,1717,1717,0,2687,2687
48453000302,"Travis, TX (CT)",0,3108,3108,0,4939,4939
48453000304,"Travis, TX (CT)",0,1667,1667,0,3045,3045
48453000305,"Travis, TX (CT)",0,1894,1894,0,3223,3223
48453000306,"Travis, TX (CT)",0,1418,1418,0,2697,2697
48453000307,"Travis, TX (CT)",0,856,856,0,1707,1707
48453000401,"Travis, TX (CT)",0,1868,1868,0,3574,3574
48453000402,"Travis, TX (CT)",0,1378,1378,0,2606,2606
48453000500,"Travis, TX (CT)",0,2769,2769,0,4518,4518
48453000601,"Travis, TX (CT)",0,446,446,0,9207,9207
48453000603,"Travis, TX (CT)",0,3392,3392,0,7793,7793
48453000604,"Travis, TX (CT)",0,2289,2289,0,6496,6496
48453000700,"Travis, TX (CT)",0,902,902,0,1339,1339
48453000801,"Travis, TX (CT)",0,595,595,0,1498,1498
48453000802,"Travis, TX (CT)",0,1273,1273,0,3067,3067
48453000803,"Travis, TX (CT)",0,1105,1105,0,2429,2429
48453000804,"Travis, TX (CT)",0,1019,1019,0,2295,2295
48453000901,"Travis, TX (CT)",0,887,887,0,2027,2027
48453000902,"Travis, TX (CT)",0,2089,2089,0,5413,5413
48453001000,"Travis, TX (CT)",0,1668,1668,0,3656,3656
48453001100,"Travis, TX (CT)",0,3791,3791,0,5512,5512
48453001200,"Travis, TX (CT)",0,3062,3062,0,3836,3836
48453001303,"Travis, TX (CT)",0,1994,1994,0,2871,2871
48453001304,"Travis, TX (CT)",0,2055,2055,0,3614,3614
48453001305,"Travis, TX (CT)",0,2940,2940,0,5488,5488
48453001307,"Travis, TX (CT)",0,1864,1864,0,3512,3512
48453001308,"Travis, TX (CT)",0,1420,1420,0,2670,2670
48453001401,"Travis, TX (CT)",0,1975,1975,0,2981,2981
48453001402,"Travis, TX (CT)",0,1449,1449,0,2499,2499
48453001403,"Travis, TX (CT)",0,853,853,0,1490,1490
48453001501,"Travis, TX (CT)",0,2303,2303,0,4787,4787
48453001503,"Travis, TX (CT)",0,1912,1912,0,3875,3875
48453001504,"Travis, TX (CT)",0,2297,2297,0,3925,3925
48453001505,"Travis, TX (CT)",0,2232,2232,0,4061,4061
48453001602,"Travis, TX (CT)",0,1799,1799,0,3301,3301
48453001603,"Travis, TX (CT)",0,1945,1945,0,4405,4405
48453001604,"Travis, TX (CT)",0,1785,1785,0,3984,3984
48453001605,"Travis, TX (CT)",0,2158,2158,0,3743,3743
48453001606,"Travis, TX (CT)",0,0,0,0,383,383
48453001705,"Travis, TX (CT)",0,2287,2287,0,4662,4662
48453001706,"Travis, TX (CT)",0,1902,1902,0,3321,3321
48453001707,"Travis, TX (CT)",0,2451,2451,0,4305,4305
48453001712,"Travis, TX (CT)",0,1993,1993,0,4008,4008
48453001713,"Travis, TX (CT)",0,1978,1978,0,3986,3986
48453001714,"Travis, TX (CT)",4,5683,5687,9,13150,13159
48453001716,"Travis, TX (CT)",380,2195,2575,489,4550,5039
48453001718,"Travis, TX (CT)",0,3018,3018,0,5442,5442
48453001719,"Travis, TX (CT)",0,1671,1671,0,3793,3793
48453001722,"Travis, TX (CT)",0,2456,2456,0,3592,3592
48453001728,"Travis, TX (CT)",0,3019,3019,0,6952,6952
48453001729,"Travis, TX (CT)",0,2171,2171,0,4607,4607
48453001733,"Travis, TX (CT)",884,390,1274,2277,991,3268
48453001737,"Travis, TX (CT)",25,3879,3904,72,9967,10039
48453001738,"Travis, TX (CT)",0,2732,2732,0,6647,6647
48453001740,"Travis, TX (CT)",0,1753,1753,0,4114,4114
48453001741,"Travis, TX (CT)",73,1847,1920,115,3530,3645
48453001742,"Travis, TX (CT)",307,1946,2253,707,4746,5453
48453001745,"Travis, TX (CT)",0,1076,1076,0,2322,2322
48453001746,"Travis, TX (CT)",0,1723,1723,0,3916,3916
48453001747,"Travis, TX (CT)",0,2098,2098,0,5105,5105
48453001748,"Travis, TX (CT)",0,2372,2372,0,5492,5492
48453001749,"Travis, TX (CT)",0,3096,3096,0,5989,5989
48453001750,"Travis, TX (CT)",0,2726,2726,0,4947,4947
48453001751,"Travis, TX (CT)",0,977,977,0,2065,2065
48453001752,"Travis, TX (CT)",0,2484,2484,0,3583,3583
48453001753,"Travis, TX (CT)",0,815,815,0,1121,1121
48453001754,"Travis, TX (CT)",0,2390,2390,0,4599,4599
48453001755,"Travis, TX (CT)",0,1999,1999,0,5769,5769
48453001756,"Travis, TX (CT)",0,1766,1766,0,3997,3997
48453001757,"Travis, TX (CT)",0,925,925,0,1934,1934
48453001760,"Travis, TX (CT)",0,5036,5036,0,14256,14256
48453001761,"Travis, TX (CT)",45,3187,3232,106,6916,7022
48453001764,"Travis, TX (CT)",2795,369,3164,5000,789,5789
48453001765,"Travis, TX (CT)",1157,3779,4936,2263,10713,12976
48453001766,"Travis, TX (CT)",2663,326,2989,6000,767,6767
48453001768,"Travis, TX (CT)",1961,412,2373,4862,794,5656
48453001769,"Travis, TX (CT)",27,2169,2196,70,5304,5374
48453001770,"Travis, TX (CT)",152,3556,3708,398,11019,11417
48453001771,"Travis, TX (CT)",0,2084,2084,0,4229,4229
48453001772,"Travis, TX (CT)",0,1241,1241,0,3095,3095
48453001773,"Travis, TX (CT)",115,2162,2277,348,5039,5387
48453001774,"Travis, TX (CT)",0,2858,2858,0,8161,8161
48453001775,"Travis, TX (CT)",156,1497,1653,616,4357,4973
48453001776,"Travis, TX (CT)",0,1169,1169,0,2803,2803
48453001777,"Travis, TX (CT)",0,2399,2399,0,5535,5535
48453001778,"Travis, TX (CT)",0,1828,1828,0,3909,3909
48453001779,"Travis, TX (CT)",529,2553,3082,799,4916,5715
48453001780,"Travis, TX (CT)",2454,47,2501,3701,124,3825
48453001781,"Travis, TX (CT)",0,956,956,0,2251,2251
48453001782,"Travis, TX (CT)",0,1810,1810,0,4955,4955
48453001783,"Travis, TX (CT)",0,2021,2021,0,5180,5180
48453001784,"Travis, TX (CT)",132,1770,1902,451,5101,5552
48453001785,"Travis, TX (CT)",0,2288,2288,0,4025,4025
48453001786,"Travis, TX (CT)",0,2746,2746,0,4676,4676
48453001804,"Travis, TX (CT)",0,2700,2700,0,6362,6362
48453001805,"Travis, TX (CT)",0,1826,1826,0,4750,4750
48453001806,"Travis, TX (CT)",0,2552,2552,0,5550,5550
48453001811,"Travis, TX (CT)",0,1390,1390,0,3546,3546
48453001812,"Travis, TX (CT)",0,3054,3054,0,7549,7549
48453001813,"Travis, TX (CT)",0,2186,2186,0,5853,5853
48453001817,"Travis, TX (CT)",0,2247,2247,0,3616,3616
48453001818,"Travis, TX (CT)",0,2257,2257,0,5341,5341
48453001819,"Travis, TX (CT)",0,1432,1432,0,4265,4265
48453001820,"Travis, TX (CT)",0,3117,3117,0,7812,7812
48453001821,"Travis, TX (CT)",0,1925,1925,0,5204,5204
48453001822,"Travis, TX (CT)",0,2432,2432,0,6573,6573
48453001823,"Travis, TX (CT)",0,2180,2180,0,6478,6478
48453001824,"Travis, TX (CT)",0,822,822,0,1734,1734
48453001826,"Travis, TX (CT)",0,1201,1201,0,2276,2276
48453001828,"Travis, TX (CT)",0,1710,1710,0,3943,3943
48453001829,"Travis, TX (CT)",0,1519,1519,0,2443,2443
48453001832,"Travis, TX (CT)",0,1199,1199,0,2509,2509
48453001833,"Travis, TX (CT)",0,2449,2449,0,7089,7089
48453001834,"Travis, TX (CT)",0,3859,3859,0,8204,8204
48453001835,"Travis, TX (CT)",0,2208,2208,0,5000,5000
48453001839,"Travis, TX (CT)",0,3270,3270,0,7267,7267
48453001840,"Travis, TX (CT)",0,3120,3120,0,9004,9004
48453001841,"Travis, TX (CT)",0,5300,5300,0,16495,16495
48453001842,"Travis, TX (CT)",341,2276,2617,967,6568,7535
48453001843,"Travis, TX (CT)",0,950,950,0,2272,2272
48453001844,"Travis, TX (CT)",0,1658,1658,0,3668,3668
48453001845,"Travis, TX (CT)",0,1534,1534,0,3111,3111
48453001846,"Travis, TX (CT)",0,1026,1026,0,2379,2379
48453001847,"Travis, TX (CT)",0,3027,3027,0,6752,6752
48453001848,"Travis, TX (CT)",0,1947,1947,0,4515,4515
48453001849,"Travis, TX (CT)",0,3833,3833,0,5627,5627
48453001850,"Travis, TX (CT)",0,2190,2190,0,3890,3890
48453001851,"Travis, TX (CT)",0,4174,4174,0,9078,9078
48453001853,"Travis, TX (CT)",0,1332,1332,0,3255,3255
48453001854,"Travis, TX (CT)",520,1131,1651,1373,3542,4915
48453001855,"Travis, TX (CT)",147,4362,4509,441,12818,13259
48453001856,"Travis, TX (CT)",375,1488,1863,1010,4298,5308
48453001857,"Travis, TX (CT)",0,2268,2268,0,5623,5623
48453001858,"Travis, TX (CT)",212,4926,5138,678,14638,15316
48453001859,"Travis, TX (CT)",358,150,508,939,405,1344
48453001860,"Travis, TX (CT)",0,1649,1649,0,3859,3859
48453001861,"Travis, TX (CT)",0,1550,1550,0,4545,4545
48453001862,"Travis, TX (CT)",0,2053,2053,0,5705,5705
48453001863,"Travis, TX (CT)",0,2018,2018,0,3401,3401
48453001864,"Travis, TX (CT)",0,1707,1707,0,2814,2814
48453001901,"Travis, TX (CT)",0,3092,3092,0,5207,5207
48453001908,"Travis, TX (CT)",508,3238,3746,983,7420,8403
48453001910,"Travis, TX (CT)",0,1905,1905,0,4210,4210
48453001911,"Travis, TX (CT)",0,1940,1940,0,2825,2825
48453001912,"Travis, TX (CT)",0,1704,1704,0,4162,4162
48453001913,"Travis, TX (CT)",0,1803,1803,0,4865,4865
48453001914,"Travis, TX (CT)",176,2698,2874,559,5454,6013
48453001915,"Travis, TX (CT)",0,821,821,0,1469,1469
48453001916,"Travis, TX (CT)",4,975,979,12,3176,3188
48453001917,"Travis, TX (CT)",1,1711,1712,2,4707,4709
48453001918,"Travis, TX (CT)",0,971,971,0,2291,2291
48453001919,"Travis, TX (CT)",0,1402,1402,0,3573,3573
48453002002,"Travis, TX (CT)",0,1397,1397,0,2865,2865
48453002003,"Travis, TX (CT)",0,1537,1537,0,3653,3653
48453002004,"Travis, TX (CT)",0,1502,1502,0,2191,2191
48453002005,"Travis, TX (CT)",0,2514,2514,0,4729,4729
48453002104,"Travis, TX (CT)",0,1237,1237,0,2867,2867
48453002105,"Travis, TX (CT)",0,2337,2337,0,4536,4536
48453002106,"Travis, TX (CT)",0,1235,1235,0,3027,3027
48453002107,"Travis, TX (CT)",0,1539,1539,0,3712,3712
48453002108,"Travis, TX (CT)",0,1438,1438,0,3143,3143
48453002109,"Travis, TX (CT)",0,1662,1662,0,3830,3830
48453002110,"Travis, TX (CT)",0,1426,1426,0,4222,4222
48453002111,"Travis, TX (CT)",0,1651,1651,0,4747,4747
48453002112,"Travis, TX (CT)",0,1983,1983,0,4996,4996
48453002113,"Travis, TX (CT)",0,1381,1381,0,3571,3571
48453002201,"Travis, TX (CT)",0,584,584,0,1905,1905
48453002202,"Travis, TX (CT)",19,2474,2493,38,8001,8039
48453002207,"Travis, TX (CT)",471,2104,2575,1239,7140,8379
48453002208,"Travis, TX (CT)",7,1864,1871,18,7507,7525
48453002209,"Travis, TX (CT)",1322,1466,2788,3778,4304,8082
48453002210,"Travis, TX (CT)",1085,0,1085,3492,0,3492
48453002211,"Travis, TX (CT)",12,673,685,40,2180,2220
48453002212,"Travis, TX (CT)",132,46,178,415,152,567
48453002304,"Travis, TX (CT)",0,1609,1609,0,2794,2794
48453002307,"Travis, TX (CT)",0,2694,2694,0,5270,5270
48453002308,"Travis, TX (CT)",0,2769,2769,0,6353,6353
48453002310,"Travis, TX (CT)",103,907,1010,239,3003,3242
48453002312,"Travis, TX (CT)",0,2263,2263,0,7157,7157
48453002313,"Travis, TX (CT)",0,2173,2173,0,4311,4311
48453002314,"Travis, TX (CT)",0,2566,2566,0,4467,4467
48453002315,"Travis, TX (CT)",0,1635,1635,0,2941,2941
48453002316,"Travis, TX (CT)",0,2439,2439,0,4787,4787
48453002317,"Travis, TX (CT)",0,1939,1939,0,5181,5181
48453002318,"Travis, TX (CT)",0,2327,2327,0,6451,6451
48453002319,"Travis, TX (CT)",0,1,1,0,1945,1945
48453002402,"Travis, TX (CT)",0,3382,3382,0,7082,7082
48453002403,"Travis, TX (CT)",0,1136,1136,0,2616,2616
48453002407,"Travis, TX (CT)",86,1808,1894,193,4298,4491
48453002409,"Travis, TX (CT)",0,1285,1285,0,3180,3180
48453002410,"Travis, TX (CT)",0,1715,1715,0,3773,3773
48453002411,"Travis, TX (CT)",0,1592,1592,0,6161,6161
48453002412,"Travis, TX (CT)",0,1383,1383,0,5782,5782
48453002413,"Travis, TX (CT)",0,1244,1244,0,4455,4455
48453002419,"Travis, TX (CT)",0,2008,2008,0,3890,3890
48453002421,"Travis, TX (CT)",0,3608,3608,0,7443,7443
48453002422,"Travis, TX (CT)",0,2357,2357,0,5472,5472
48453002423,"Travis, TX (CT)",0,2110,2110,0,5383,5383
48453002424,"Travis, TX (CT)",0,1500,1500,0,3379,3379
48453002425,"Travis, TX (CT)",0,1119,1119,0,2798,2798
48453002426,"Travis, TX (CT)",354,1882,2236,1017,6473,7490
48453002427,"Travis, TX (CT)",0,2488,2488,0,7995,7995
48453002428,"Travis, TX (CT)",33,2594,2627,71,5547,5618
48453002429,"Travis, TX (CT)",0,444,444,0,752,752
48453002430,"Travis, TX (CT)",0,1060,1060,0,3422,3422
48453002431,"Travis, TX (CT)",155,2138,2293,385,6725,7110
48453002432,"Travis, TX (CT)",598,71,669,1902,168,2070
48453002433,"Travis, TX (CT)",821,1065,1886,2286,3695,5981
48453002434,"Travis, TX (CT)",549,0,549,1718,0,1718
48453002435,"Travis, TX (CT)",445,1788,2233,1375,6185,7560
48453002436,"Travis, TX (CT)",808,63,871,2508,164,2672
48453002500,"Travis, TX (CT)",0,2859,2859,0,5163,5163
48453980000,"Travis, TX (CT)",0,0,0,0,0,0
48455950100,"Trinity, TX (CT)",1384,0,1384,2532,0,2532
48455950200,"Trinity, TX (CT)",2539,0,2539,3785,0,3785
48455950300,"Trinity, TX (CT)",1025,122,1147,1532,269,1801
48455950400,"Trinity, TX (CT)",2051,491,2542,3343,849,4192
48455950500,"Trinity, TX (CT)",47,1054,1101,73,2202,2275
48457950100,"Tyler, TX (CT)",1751,0,1751,2985,0,2985
48457950200,"Tyler, TX (CT)",3136,184,3320,5376,2519,7895
48457950300,"Tyler, TX (CT)",145,1031,1176,281,2241,2522
48457950400,"Tyler, TX (CT)",2913,0,2913,5359,0,5359
48457950500,"Tyler, TX (CT)",1419,0,1419,3005,0,3005
48459950100,"Upshur, TX (CT)",3484,0,3484,8459,0,8459
48459950200,"Upshur, TX (CT)",1667,0,1667,3591,0,3591
48459950300,"Upshur, TX (CT)",3077,383,3460,7337,854,8191
48459950400,"Upshur, TX (CT)",91,1805,1896,223,4124,4347
48459950500,"Upshur, TX (CT)",2498,0,2498,5980,0,5980
48459950600,"Upshur, TX (CT)",821,764,1585,1945,2005,3950
48459950700,"Upshur, TX (CT)",1539,484,2023,3637,1154,4791
48461950100,"Upton, TX (CT)",525,0,525,1126,0,1126
48461950200,"Upton, TX (CT)",1023,0,1023,2229,0,2229
48463950100,"Uvalde, TX (CT)",1680,0,1680,3257,0,3257
48463950200,"Uvalde, TX (CT)",2370,1111,3481,4607,3133,7740
48463950300,"Uvalde, TX (CT)",10,2301,2311,27,6492,6519
48463950400,"Uvalde, TX (CT)",0,1209,1209,0,3014,3014
48463950500,"Uvalde, TX (CT)",153,1977,2130,396,5479,5875
48465950201,"Val Verde, TX (CT)",247,3077,3324,519,8308,8827
48465950301,"Val Verde, TX (CT)",0,1706,1706,0,4677,4677
48465950302,"Val Verde, TX (CT)",0,1415,1415,0,4036,4036
48465950400,"Val Verde, TX (CT)",16,1390,1406,39,3701,3740
48465950500,"Val Verde, TX (CT)",279,1970,2249,618,6854,7472
48465950601,"Val Verde, TX (CT)",0,1286,1286,0,4101,4101
48465950602,"Val Verde, TX (CT)",0,1530,1530,0,4062,4062
48465950700,"Val Verde, TX (CT)",107,2506,2613,282,6072,6354
48465950800,"Val Verde, TX (CT)",2471,650,3121,3507,2098,5605
48465980000,"Val Verde, TX (CT)",0,1,1,0,5,5
48467950100,"Van Zandt, TX (CT)",2033,17,2050,4712,141,4853
48467950200,"Van Zandt, TX (CT)",123,1263,1386,281,3095,3376
48467950300,"Van Zandt, TX (CT)",2064,0,2064,4749,0,4749
48467950400,"Van Zandt, TX (CT)",1908,241,2149,4357,523,4880
48467950500,"Van Zandt, TX (CT)",475,1375,1850,1182,3311,4493
48467950600,"Van Zandt, TX (CT)",3040,37,3077,6883,74,6957
48467950700,"Van Zandt, TX (CT)",267,1499,1766,563,3489,4052
48467950800,"Van Zandt, TX (CT)",1350,1039,2389,3326,2502,5828
48467950900,"Van Zandt, TX (CT)",3375,0,3375,7240,0,7240
48467951000,"Van Zandt, TX (CT)",2711,0,2711,6151,0,6151
48469000100,"Victoria, TX (CT)",0,802,802,0,2215,2215
48469000201,"Victoria, TX (CT)",0,1236,1236,0,3154,3154
48469000202,"Victoria, TX (CT)",0,1938,1938,0,5475,5475
48469000301,"Victoria, TX (CT)",64,704,768,155,1847,2002
48469000302,"Victoria, TX (CT)",0,896,896,0,2365,2365
48469000400,"Victoria, TX (CT)",0,890,890,0,1689,1689
48469000501,"Victoria, TX (CT)",0,1745,1745,0,3914,3914
48469000502,"Victoria, TX (CT)",0,1616,1616,0,3778,3778
48469000601,"Victoria, TX (CT)",0,1219,1219,0,2970,2970
48469000602,"Victoria, TX (CT)",0,1928,1928,0,4324,4324
48469000700,"Victoria, TX (CT)",890,408,1298,2168,1124,3292
48469000800,"Victoria, TX (CT)",792,0,792,1928,0,1928
48469001300,"Victoria, TX (CT)",917,34,951,2047,109,2156
48469001400,"Victoria, TX (CT)",2728,511,3239,6597,1385,7982
48469001501,"Victoria, TX (CT)",1230,30,1260,3101,79,3180
48469001503,"Victoria, TX (CT)",0,921,921,0,2121,2121
48469001504,"Victoria, TX (CT)",280,2520,2800,672,6032,6704
48469001601,"Victoria, TX (CT)",0,2430,2430,0,6128,6128
48469001604,"Victoria, TX (CT)",0,2413,2413,0,6195,6195
48469001605,"Victoria, TX (CT)",0,1508,1508,0,3366,3366
48469001606,"Victoria, TX (CT)",1119,1976,3095,2472,5091,7563
48469001700,"Victoria, TX (CT)",1543,129,1672,3970,322,4292
48469980000,"Victoria, TX (CT)",0,0,0,0,0,0
48471790101,"Walker, TX (CT)",998,41,1039,7244,107,7351
48471790102,"Walker, TX (CT)",1364,90,1454,3112,231,3343
48471790103,"Walker, TX (CT)",2504,337,2841,4789,758,5547
48471790200,"Walker, TX (CT)",2545,166,2711,5766,1223,6989
48471790300,"Walker, TX (CT)",2234,1565,3799,4891,3487,8378
48471790400,"Walker, TX (CT)",2263,98,2361,5131,4964,10095
48471790500,"Walker, TX (CT)",0,3066,3066,0,7950,7950
48471790600,"Walker, TX (CT)",0,1279,1279,0,4901,4901
48471790700,"Walker, TX (CT)",0,2816,2816,0,7363,7363
48471790800,"Walker, TX (CT)",0,2692,2692,0,5944,5944
48473680100,"Waller, TX (CT)",518,365,883,1593,918,2511
48473680200,"Waller, TX (CT)",2103,1565,3668,5480,4486,9966
48473680300,"Waller, TX (CT)",3121,1168,4289,7819,2550,10369
48473680400,"Waller, TX (CT)",0,0,0,0,3191,3191
48473680500,"Waller, TX (CT)",1816,2050,3866,3833,5428,9261
48473680600,"Waller, TX (CT)",3133,0,3133,7907,0,7907
48475950100,"Ward, TX (CT)",1389,482,1871,2972,1065,4037
48475950200,"Ward, TX (CT)",0,1579,1579,0,3862,3862
48475950300,"Ward, TX (CT)",0,1244,1244,0,2759,2759
48477170100,"Washington, TX (CT)",616,860,1476,1560,2091,3651
48477170200,"Washington, TX (CT)",1054,1601,2655,2339,3893,6232
48477170300,"Washington, TX (CT)",189,2280,2469,449,5401,5850
48477170400,"Washington, TX (CT)",814,1613,2427,1782,4297,6079
48477170500,"Washington, TX (CT)",3854,0,3854,6706,0,6706
48477170600,"Washington, TX (CT)",2633,0,2633,5200,0,5200
48479000101,"Webb, TX (CT)",0,1429,1429,0,4454,4454
48479000105,"Webb, TX (CT)",0,735,735,0,2580,2580
48479000106,"Webb, TX (CT)",0,1092,1092,0,4269,4269
48479000107,"Webb, TX (CT)",0,840,840,0,3265,3265
48479000108,"Webb, TX (CT)",0,923,923,0,3813,3813
48479000109,"Webb, TX (CT)",0,592,592,0,2353,2353
48479000200,"Webb, TX (CT)",0,1382,1382,0,3998,3998
48479000300,"Webb, TX (CT)",0,890,890,0,2499,2499
48479000601,"Webb, TX (CT)",0,929,929,0,2873,2873
48479000602,"Webb, TX (CT)",0,647,647,0,2570,2570
48479000700,"Webb, TX (CT)",0,911,911,0,2786,2786
48479000800,"Webb, TX (CT)",0,859,859,0,2681,2681
48479000901,"Webb, TX (CT)",0,1580,1580,0,4898,4898
48479000903,"Webb, TX (CT)",0,753,753,0,2637,2637
48479000904,"Webb, TX (CT)",0,1049,1049,0,3315,3315
48479001001,"Webb, TX (CT)",0,1615,1615,0,4768,4768
48479001003,"Webb, TX (CT)",0,663,663,0,2530,2530
48479001004,"Webb, TX (CT)",0,594,594,0,1826,1826
48479001101,"Webb, TX (CT)",0,1294,1294,0,3883,3883
48479001103,"Webb, TX (CT)",0,559,559,0,1770,1770
48479001104,"Webb, TX (CT)",0,1102,1102,0,3153,3153
48479001105,"Webb, TX (CT)",0,757,757,0,2716,2716
48479001201,"Webb, TX (CT)",0,1035,1035,0,3205,3205
48479001202,"Webb, TX (CT)",0,890,890,0,2989,2989
48479001300,"Webb, TX (CT)",0,1141,1141,0,3731,3731
48479001401,"Webb, TX (CT)",0,1210,1210,0,3857,3857
48479001402,"Webb, TX (CT)",0,891,891,0,3425,3425
48479001501,"Webb, TX (CT)",0,846,846,0,2816,2816
48479001502,"Webb, TX (CT)",0,1622,1622,0,4872,4872
48479001601,"Webb, TX (CT)",0,1309,1309,0,4025,4025
48479001602,"Webb, TX (CT)",0,1444,1444,0,3799,3799
48479001706,"Webb, TX (CT)",0,1695,1695,0,4775,4775
48479001709,"Webb, TX (CT)",0,2157,2157,0,5929,5929
48479001710,"Webb, TX (CT)",1036,0,1036,2058,0,2058
48479001711,"Webb, TX (CT)",1,1360,1361,0,5208,5208
48479001712,"Webb, TX (CT)",0,2277,2277,0,6964,6964
48479001713,"Webb, TX (CT)",25,3656,3681,69,12235,12304
48479001714,"Webb, TX (CT)",0,841,841,0,3731,3731
48479001715,"Webb, TX (CT)",0,1807,1807,0,6486,6486
48479001716,"Webb, TX (CT)",0,1683,1683,0,6221,6221
48479001717,"Webb, TX (CT)",0,1007,1007,0,3714,3714
48479001718,"Webb, TX (CT)",0,809,809,0,2330,2330
48479001719,"Webb, TX (CT)",0,1037,1037,0,3218,3218
48479001720,"Webb, TX (CT)",0,1469,1469,0,5242,5242
48479001721,"Webb, TX (CT)",0,722,722,0,2365,2365
48479001722,"Webb, TX (CT)",0,1997,1997,0,6378,6378
48479001806,"Webb, TX (CT)",0,1123,1123,0,4549,4549
48479001807,"Webb, TX (CT)",0,2046,2046,0,8433,8433
48479001808,"Webb, TX (CT)",0,1640,1640,0,7117,7117
48479001809,"Webb, TX (CT)",1,1474,1475,0,6425,6425
48479001810,"Webb, TX (CT)",49,1189,1238,127,4550,4677
48479001811,"Webb, TX (CT)",0,1103,1103,0,4477,4477
48479001812,"Webb, TX (CT)",0,1955,1955,0,8059,8059
48479001813,"Webb, TX (CT)",512,0,512,944,0,944
48479001814,"Webb, TX (CT)",43,1678,1721,163,6487,6650
48479001815,"Webb, TX (CT)",744,0,744,1730,0,1730
48479001816,"Webb, TX (CT)",1,1171,1172,5,4684,4689
48479001817,"Webb, TX (CT)",13,1326,1339,1400,4794,6194
48479001818,"Webb, TX (CT)",16,837,853,11,3273,3284
48479001900,"Webb, TX (CT)",0,1412,1412,0,3795,3795
48479980000,"Webb, TX (CT)",0,1,1,0,2,2
48481740100,"Wharton, TX (CT)",2536,0,2536,5812,0,5812
48481740200,"Wharton, TX (CT)",142,489,631,316,1249,1565
48481740300,"Wharton, TX (CT)",201,463,664,467,1022,1489
48481740400,"Wharton, TX (CT)",530,2051,2581,1273,4651,5924
48481740500,"Wharton, TX (CT)",511,962,1473,1220,2042,3262
48481740600,"Wharton, TX (CT)",1602,0,1602,3788,0,3788
48481740700,"Wharton, TX (CT)",315,384,699,756,1119,1875
48481740800,"Wharton, TX (CT)",309,1075,1384,798,2737,3535
48481740900,"Wharton, TX (CT)",796,2127,2923,1837,5380,7217
48481741000,"Wharton, TX (CT)",661,912,1573,1830,2483,4313
48481741100,"Wharton, TX (CT)",1061,0,1061,2500,0,2500
48483950100,"Wheeler, TX (CT)",1401,0,1401,2978,0,2978
48483950300,"Wheeler, TX (CT)",1329,0,1329,2432,0,2432
48485010100,"Wichita, TX (CT)",0,734,734,0,1593,1593
48485010200,"Wichita, TX (CT)",0,611,611,0,1250,1250
48485010400,"Wichita, TX (CT)",0,1267,1267,0,2392,2392
48485010600,"Wichita, TX (CT)",0,1186,1186,0,2458,2458
48485010700,"Wichita, TX (CT)",0,1282,1282,0,2601,2601
48485010800,"Wichita, TX (CT)",0,1217,1217,0,2606,2606
48485010900,"Wichita, TX (CT)",0,941,941,0,1757,1757
48485011000,"Wichita, TX (CT)",0,1300,1300,0,2480,2480
48485011100,"Wichita, TX (CT)",0,671,671,0,1651,1651
48485011200,"Wichita, TX (CT)",680,338,1018,1380,736,2116
48485011300,"Wichita, TX (CT)",286,385,671,516,797,1313
48485011400,"Wichita, TX (CT)",0,1041,1041,0,2406,2406
48485011500,"Wichita, TX (CT)",188,709,897,551,2014,2565
48485011600,"Wichita, TX (CT)",2,1916,1918,8,4393,4401
48485011700,"Wichita, TX (CT)",0,1078,1078,0,2303,2303
48485011800,"Wichita, TX (CT)",0,864,864,0,1997,1997
48485011900,"Wichita, TX (CT)",0,2105,2105,0,3789,3789
48485012000,"Wichita, TX (CT)",0,3397,3397,0,6852,6852
48485012100,"Wichita, TX (CT)",0,1435,1435,0,3133,3133
48485012200,"Wichita, TX (CT)",6,2826,2832,16,6360,6376
48485012300,"Wichita, TX (CT)",5,2962,2967,10,7302,7312
48485012400,"Wichita, TX (CT)",124,3114,3238,347,6747,7094
48485012600,"Wichita, TX (CT)",0,1920,1920,0,4076,4076
48485012700,"Wichita, TX (CT)",0,1206,1206,0,2567,2567
48485012800,"Wichita, TX (CT)",418,1579,1997,1024,3482,4506
48485012900,"Wichita, TX (CT)",572,477,1049,1385,1225,2610
48485013000,"Wichita, TX (CT)",0,1119,1119,0,2393,2393
48485013100,"Wichita, TX (CT)",584,1221,1805,4951,3128,8079
48485013200,"Wichita, TX (CT)",8,2946,2954,18,6395,6413
48485013300,"Wichita, TX (CT)",0,397,397,0,1375,1375
48485013401,"Wichita, TX (CT)",0,283,283,0,6215,6215
48485013501,"Wichita, TX (CT)",110,2482,2592,266,5329,5595
48485013502,"Wichita, TX (CT)",152,1822,1974,420,4535,4955
48485013600,"Wichita, TX (CT)",152,2412,2564,320,5469,5789
48485013700,"Wichita, TX (CT)",25,1397,1422,39,2746,2785
48485013800,"Wichita, TX (CT)",1219,395,1614,2776,921,3697
48485980000,"Wichita, TX (CT)",0,0,0,0,0,0
48487950300,"Wilbarger, TX (CT)",892,0,892,1849,0,1849
48487950500,"Wilbarger, TX (CT)",66,1322,1388,134,2821,2955
48487950600,"Wilbarger, TX (CT)",344,2437,2781,789,5205,5994
48487950700,"Wilbarger, TX (CT)",101,1156,1257,191,2546,2737
48489950300,"Willacy, TX (CT)",283,1562,1845,900,4420,5320
48489950400,"Willacy, TX (CT)",246,1751,1997,794,7505,8299
48489950500,"Willacy, TX (CT)",278,812,1090,850,2556,3406
48489950600,"Willacy, TX (CT)",917,0,917,2550,0,2550
48489950700,"Willacy, TX (CT)",1191,0,1191,2559,0,2559
48489990000,"Willacy, TX (CT)",0,0,0,0,0,0
48491020105,"Williamson, TX (CT)",208,1739,1947,473,3167,3640
48491020106,"Williamson, TX (CT)",45,1264,1309,143,3386,3529
48491020107,"Williamson, TX (CT)",74,2936,3010,168,4678,4846
48491020108,"Williamson, TX (CT)",5,1216,1221,11,2914,2925
48491020109,"Williamson, TX (CT)",360,754,1114,1081,2225,3306
48491020110,"Williamson, TX (CT)",451,925,1376,1280,2188,3468
48491020111,"Williamson, TX (CT)",0,1250,1250,0,2878,2878
48491020112,"Williamson, TX (CT)",674,447,1121,1675,1172,2847
48491020113,"Williamson, TX (CT)",0,1115,1115,0,2909,2909
48491020114,"Williamson, TX (CT)",0,2038,2038,0,4935,4935
48491020115,"Williamson, TX (CT)",0,983,983,0,2576,2576
48491020201,"Williamson, TX (CT)",703,0,703,1749,0,1749
48491020202,"Williamson, TX (CT)",1819,0,1819,5142,0,5142
48491020203,"Williamson, TX (CT)",123,1477,1600,256,2582,2838
48491020204,"Williamson, TX (CT)",1905,0,1905,5116,0,5116
48491020301,"Williamson, TX (CT)",1582,526,2108,4177,1480,5657
48491020302,"Williamson, TX (CT)",388,711,1099,1092,1954,3046
48491020310,"Williamson, TX (CT)",188,769,957,450,2050,2500
48491020311,"Williamson, TX (CT)",0,1415,1415,0,2727,2727
48491020312,"Williamson, TX (CT)",71,2320,2391,230,6969,7199
48491020313,"Williamson, TX (CT)",0,3264,3264,0,8548,8548
48491020314,"Williamson, TX (CT)",249,1402,1651,698,4234,4932
48491020315,"Williamson, TX (CT)",19,1437,1456,50,3636,3686
48491020316,"Williamson, TX (CT)",0,1329,1329,0,3115,3115
48491020317,"Williamson, TX (CT)",9,1329,1338,30,3678,3708
48491020318,"Williamson, TX (CT)",0,3464,3464,0,8798,8798
48491020319,"Williamson, TX (CT)",0,1558,1558,0,4910,4910
48491020320,"Williamson, TX (CT)",136,2315,2451,381,6257,6638
48491020321,"Williamson, TX (CT)",0,664,664,0,1755,1755
48491020322,"Williamson, TX (CT)",0,3284,3284,0,8249,8249
48491020323,"Williamson, TX (CT)",0,988,988,0,2844,2844
48491020324,"Williamson, TX (CT)",0,1895,1895,0,5840,5840
48491020325,"Williamson, TX (CT)",0,941,941,0,2944,2944
48491020326,"Williamson, TX (CT)",0,1960,1960,0,5948,5948
48491020327,"Williamson, TX (CT)",0,892,892,0,2326,2326
48491020328,"Williamson, TX (CT)",0,2408,2408,0,6467,6467
48491020403,"Williamson, TX (CT)",0,827,827,0,1803,1803
48491020404,"Williamson, TX (CT)",0,1386,1386,0,3394,3394
48491020405,"Williamson, TX (CT)",0,2962,2962,0,6444,6444
48491020406,"Williamson, TX (CT)",0,3745,3745,0,6250,6250
48491020408,"Williamson, TX (CT)",0,2169,2169,0,4563,4563
48491020409,"Williamson, TX (CT)",0,1926,1926,0,3954,3954
48491020410,"Williamson, TX (CT)",0,2747,2747,0,5611,5611
48491020411,"Williamson, TX (CT)",0,2162,2162,0,5474,5474
48491020503,"Williamson, TX (CT)",46,1810,1856,85,4503,4588
48491020504,"Williamson, TX (CT)",0,3925,3925,0,8362,8362
48491020505,"Williamson, TX (CT)",0,913,913,0,2775,2775
48491020506,"Williamson, TX (CT)",0,2740,2740,0,7988,7988
48491020507,"Williamson, TX (CT)",0,1221,1221,0,3381,3381
48491020508,"Williamson, TX (CT)",0,2270,2270,0,4448,4448
48491020509,"Williamson, TX (CT)",0,2259,2259,0,6921,6921
48491020510,"Williamson, TX (CT)",0,3364,3364,0,9220,9220
48491020602,"Williamson, TX (CT)",0,1795,1795,0,5175,5175
48491020603,"Williamson, TX (CT)",70,2526,2596,228,8368,8596
48491020604,"Williamson, TX (CT)",434,1238,1672,1310,3383,4693
48491020605,"Williamson, TX (CT)",26,2184,2210,83,6364,6447
48491020701,"Williamson, TX (CT)",0,959,959,0,2533,2533
48491020703,"Williamson, TX (CT)",0,3826,3826,0,9998,9998
48491020704,"Williamson, TX (CT)",0,2377,2377,0,5873,5873
48491020706,"Williamson, TX (CT)",0,1175,1175,0,3908,3908
48491020707,"Williamson, TX (CT)",0,1771,1771,0,4509,4509
48491020708,"Williamson, TX (CT)",0,2327,2327,0,7271,7271
48491020803,"Williamson, TX (CT)",896,647,1543,2257,1780,4037
48491020804,"Williamson, TX (CT)",56,2833,2889,90,7621,7711
48491020805,"Williamson, TX (CT)",640,1554,2194,1866,4668,6534
48491020806,"Williamson, TX (CT)",307,429,736,863,1263,2126
48491020807,"Williamson, TX (CT)",175,2112,2287,516,6356,6872
48491020808,"Williamson, TX (CT)",501,137,638,1165,314,1479
48491020809,"Williamson, TX (CT)",320,1660,1980,895,4990,5885
48491020900,"Williamson, TX (CT)",1942,0,1942,4601,0,4601
48491021000,"Williamson, TX (CT)",243,882,1125,530,2895,3425
48491021100,"Williamson, TX (CT)",0,1052,1052,0,2628,2628
48491021201,"Williamson, TX (CT)",0,1161,1161,0,2862,2862
48491021202,"Williamson, TX (CT)",0,1355,1355,0,3229,3229
48491021203,"Williamson, TX (CT)",52,1075,1127,89,2508,2597
48491021300,"Williamson, TX (CT)",1212,353,1565,2745,1952,4697
48491021401,"Williamson, TX (CT)",217,2357,2574,608,7995,8603
48491021402,"Williamson, TX (CT)",0,1688,1688,0,4689,4689
48491021403,"Williamson, TX (CT)",151,1083,1234,373,2911,3284
48491021502,"Williamson, TX (CT)",0,1696,1696,0,4911,4911
48491021503,"Williamson, TX (CT)",0,1783,1783,0,4198,4198
48491021504,"Williamson, TX (CT)",14,2181,2195,36,5533,5569
48491021505,"Williamson, TX (CT)",0,2599,2599,0,7488,7488
48491021506,"Williamson, TX (CT)",0,1045,1045,0,3019,3019
48491021507,"Williamson, TX (CT)",106,3585,3691,349,8847,9196
48491021508,"Williamson, TX (CT)",0,2540,2540,0,6531,6531
48491021601,"Williamson, TX (CT)",1246,0,1246,3278,0,3278
48491021602,"Williamson, TX (CT)",1057,0,1057,2857,0,2857
48491021603,"Williamson, TX (CT)",627,0,627,1653,0,1653
48493000102,"Wilson, TX (CT)",1477,0,1477,3616,0,3616
48493000103,"Wilson, TX (CT)",1186,0,1186,2919,0,2919
48493000104,"Wilson, TX (CT)",1571,0,1571,4497,0,4497
48493000201,"Wilson, TX (CT)",1010,0,1010,2498,0,2498
48493000202,"Wilson, TX (CT)",914,0,914,2078,0,2078
48493000300,"Wilson, TX (CT)",227,1673,1900,509,4616,5125
48493000402,"Wilson, TX (CT)",537,443,980,1310,1367,2677
48493000403,"Wilson, TX (CT)",2387,0,2387,6572,0,6572
48493000404,"Wilson, TX (CT)",1927,26,1953,5180,85,5265
48493000500,"Wilson, TX (CT)",1813,0,1813,3954,0,3954
48493000600,"Wilson, TX (CT)",1575,0,1575,3717,0,3717
48495950200,"Winkler, TX (CT)",3,949,952,4,2285,2289
48495950300,"Winkler, TX (CT)",0,1494,1494,0,3397,3397
48495950400,"Winkler, TX (CT)",526,55,581,1285,139,1424
48497150101,"Wise, TX (CT)",1429,0,1429,3382,0,3382
48497150102,"Wise, TX (CT)",2261,206,2467,6071,498,6569
48497150200,"Wise, TX (CT)",311,2185,2496,813,5412,6225
48497150300,"Wise, TX (CT)",1224,0,1224,2897,0,2897
48497150401,"Wise, TX (CT)",2836,8,2844,5658,567,6225
48497150402,"Wise, TX (CT)",2395,0,2395,5514,0,5514
48497150403,"Wise, TX (CT)",1467,0,1467,3757,0,3757
48497150500,"Wise, TX (CT)",340,1729,2069,871,5079,5950
48497150601,"Wise, TX (CT)",3281,0,3281,7962,0,7962
48497150602,"Wise, TX (CT)",1728,760,2488,4460,1999,6459
48497150603,"Wise, TX (CT)",435,1186,1621,1250,2937,4187
48499950100,"Wood, TX (CT)",2442,4,2446,4904,13,4917
48499950200,"Wood, TX (CT)",189,1186,1375,453,2701,3154
48499950301,"Wood, TX (CT)",1643,116,1759,3234,257,3491
48499950302,"Wood, TX (CT)",3067,0,3067,5248,0,5248
48499950400,"Wood, TX (CT)",2175,0,2175,4448,0,4448
48499950500,"Wood, TX (CT)",55,1047,1102,113,2248,2361
48499950601,"Wood, TX (CT)",1862,0,1862,4150,0,4150
48499950602,"Wood, TX (CT)",2648,0,2648,4256,0,4256
48499950700,"Wood, TX (CT)",1740,518,2258,3958,1124,5082
48499950800,"Wood, TX (CT)",160,2009,2169,373,4484,4857
48501950100,"Yoakum, TX (CT)",837,0,837,2025,0,2025
48501950200,"Yoakum, TX (CT)",338,1803,2141,916,4938,5854
48503950200,"Young, TX (CT)",643,1539,2182,1211,3282,4493
48503950400,"Young, TX (CT)",2480,304,2784,4975,745,5720
48503950500,"Young, TX (CT)",21,1225,1246,40,2715,2755
48503950600,"Young, TX (CT)",1,2409,2410,1,5581,5582
48505950301,"Zapata, TX (CT)",0,1421,1421,0,4384,4384
48505950302,"Zapata, TX (CT)",812,1205,2017,991,3033,4024
48505950400,"Zapata, TX (CT)",1399,1366,2765,2308,3302,5610
48507950100,"Zavala, TX (CT)",549,0,549,1232,0,1232
48507950200,"Zavala, TX (CT)",731,0,731,1880,0,1880
48507950301,"Zavala, TX (CT)",231,532,763,759,1495,2254
48507950302,"Zavala, TX (CT)",186,2054,2240,570,5741,6311
49001100100,"Beaver, UT (CT)",595,1169,1764,936,2882,3818
49001100200,"Beaver, UT (CT)",1144,0,1144,2811,0,2811
49003960100,"Box Elder, UT (CT)",1256,80,1336,2892,260,3152
49003960200,"Box Elder, UT (CT)",1556,747,2303,4576,2325,6901
49003960300,"Box Elder, UT (CT)",269,2479,2748,881,7305,8186
49003960400,"Box Elder, UT (CT)",1632,0,1632,4872,0,4872
49003960500,"Box Elder, UT (CT)",152,1587,1739,579,4444,5023
49003960601,"Box Elder, UT (CT)",0,1395,1395,0,3720,3720
49003960602,"Box Elder, UT (CT)",122,671,793,355,2074,2429
49003960701,"Box Elder, UT (CT)",0,1661,1661,0,4765,4765
49003960702,"Box Elder, UT (CT)",0,861,861,0,2281,2281
49003960801,"Box Elder, UT (CT)",423,1024,1447,1172,3034,4206
49003960802,"Box Elder, UT (CT)",65,1346,1411,215,4225,4440
49005000101,"Cache, UT (CT)",1493,0,1493,4599,0,4599
49005000102,"Cache, UT (CT)",541,0,541,1563,0,1563
49005000201,"Cache, UT (CT)",139,931,1070,469,2759,3228
49005000202,"Cache, UT (CT)",133,1996,2129,376,6577,6953
49005000300,"Cache, UT (CT)",1129,1031,2160,3921,3571,7492
49005000401,"Cache, UT (CT)",0,1224,1224,0,3338,3338
49005000402,"Cache, UT (CT)",197,748,945,703,2415,3118
49005000403,"Cache, UT (CT)",100,1521,1621,320,5434,5754
49005000501,"Cache, UT (CT)",0,2028,2028,0,5128,5128
49005000502,"Cache, UT (CT)",0,1933,1933,0,5231,5231
49005000600,"Cache, UT (CT)",0,2321,2321,0,7068,7068
49005000701,"Cache, UT (CT)",0,1405,1405,0,4520,4520
49005000702,"Cache, UT (CT)",0,500,500,0,2720,2720
49005000800,"Cache, UT (CT)",0,2132,2132,0,4795,4795
49005000900,"Cache, UT (CT)",0,1383,1383,0,3374,3374
49005001001,"Cache, UT (CT)",0,869,869,0,3026,3026
49005001002,"Cache, UT (CT)",0,1848,1848,0,4560,4560
49005001101,"Cache, UT (CT)",0,1988,1988,0,5596,5596
49005001102,"Cache, UT (CT)",0,1406,1406,0,4230,4230
49005001201,"Cache, UT (CT)",50,1363,1413,159,4796,4955
49005001202,"Cache, UT (CT)",97,1353,1450,282,5105,5387
49005001300,"Cache, UT (CT)",842,943,1785,3053,3064,6117
49005001401,"Cache, UT (CT)",64,1094,1158,180,3916,4096
49005001402,"Cache, UT (CT)",32,1054,1086,94,3571,3665
49005001500,"Cache, UT (CT)",598,42,640,1919,119,2038
49005980100,"Cache, UT (CT)",479,17,496,35,70,105
49007000100,"Carbon, UT (CT)",870,520,1390,2231,1578,3809
49007000200,"Carbon, UT (CT)",113,1798,1911,254,4215,4469
49007000300,"Carbon, UT (CT)",0,1843,1843,0,4461,4461
49007000500,"Carbon, UT (CT)",1057,1335,2392,1174,3074,4248
49007000600,"Carbon, UT (CT)",1677,338,2015,3557,859,4416
49009960100,"Daggett, UT (CT)",1141,0,1141,1059,0,1059
49011125102,"Davis, UT (CT)",32,1272,1304,81,4062,4143
49011125103,"Davis, UT (CT)",61,1247,1308,195,4098,4293
49011125104,"Davis, UT (CT)",29,1595,1624,318,5470,5788
49011125200,"Davis, UT (CT)",0,1004,1004,0,3319,3319
49011125301,"Davis, UT (CT)",0,1821,1821,0,5108,5108
49011125303,"Davis, UT (CT)",162,2875,3037,536,10121,10657
49011125304,"Davis, UT (CT)",0,1547,1547,0,4901,4901
49011125305,"Davis, UT (CT)",0,1931,1931,0,6152,6152
49011125401,"Davis, UT (CT)",86,3113,3199,234,11075,11309
49011125403,"Davis, UT (CT)",115,2995,3110,329,11110,11439
49011125405,"Davis, UT (CT)",0,2496,2496,0,9412,9412
49011125406,"Davis, UT (CT)",0,1947,1947,0,7491,7491
49011125501,"Davis, UT (CT)",0,1768,1768,0,5759,5759
49011125502,"Davis, UT (CT)",0,1684,1684,0,5411,5411
49011125503,"Davis, UT (CT)",0,1326,1326,0,4695,4695
49011125600,"Davis, UT (CT)",0,60,60,0,1217,1217
49011125701,"Davis, UT (CT)",0,1485,1485,0,3657,3657
49011125702,"Davis, UT (CT)",0,1452,1452,0,3839,3839
49011125801,"Davis, UT (CT)",0,2528,2528,0,6703,6703
49011125804,"Davis, UT (CT)",0,1956,1956,0,6377,6377
49011125805,"Davis, UT (CT)",0,2165,2165,0,6167,6167
49011125807,"Davis, UT (CT)",0,1255,1255,0,3114,3114
49011125808,"Davis, UT (CT)",0,2776,2776,0,5616,5616
49011125905,"Davis, UT (CT)",0,2199,2199,0,6156,6156
49011125906,"Davis, UT (CT)",0,2181,2181,0,6987,6987
49011125907,"Davis, UT (CT)",0,640,640,0,2034,2034
49011125908,"Davis, UT (CT)",0,1538,1538,0,4770,4770
49011126001,"Davis, UT (CT)",0,1737,1737,0,4901,4901
49011126002,"Davis, UT (CT)",3,1392,1395,13,5045,5058
49011126101,"Davis, UT (CT)",0,2095,2095,0,6367,6367
49011126104,"Davis, UT (CT)",45,2496,2541,162,10596,10758
49011126105,"Davis, UT (CT)",0,1771,1771,0,6834,6834
49011126202,"Davis, UT (CT)",63,2367,2430,226,8354,8580
49011126203,"Davis, UT (CT)",0,1160,1160,0,4023,4023
49011126204,"Davis, UT (CT)",47,1369,1416,54,4346,4400
49011126303,"Davis, UT (CT)",8,1239,1247,22,4386,4408
49011126304,"Davis, UT (CT)",16,1711,1727,48,5914,5962
49011126305,"Davis, UT (CT)",0,684,684,0,2153,2153
49011126306,"Davis, UT (CT)",0,2622,2622,0,6883,6883
49011126402,"Davis, UT (CT)",73,989,1062,234,3147,3381
49011126404,"Davis, UT (CT)",76,1879,1955,268,5745,6013
49011126405,"Davis, UT (CT)",0,1156,1156,0,3992,3992
49011126406,"Davis, UT (CT)",0,1476,1476,0,4311,4311
49011126500,"Davis, UT (CT)",0,2035,2035,0,6128,6128
49011126600,"Davis, UT (CT)",0,1981,1981,0,5056,5056
49011126700,"Davis, UT (CT)",0,1688,1688,0,3900,3900
49011126801,"Davis, UT (CT)",0,1077,1077,0,3213,3213
49011126802,"Davis, UT (CT)",0,1593,1593,0,4892,4892
49011126901,"Davis, UT (CT)",0,2358,2358,0,5824,5824
49011126902,"Davis, UT (CT)",0,2307,2307,0,6318,6318
49011127002,"Davis, UT (CT)",0,2402,2402,0,6738,6738
49011127003,"Davis, UT (CT)",35,1663,1698,98,5061,5159
49011127004,"Davis, UT (CT)",0,2309,2309,0,7756,7756
49011127100,"Davis, UT (CT)",0,2307,2307,0,6957,6957
49013940300,"Duchesne, UT (CT)",4101,0,4101,3847,0,3847
49013940500,"Duchesne, UT (CT)",562,2014,2576,1719,5913,7632
49013940600,"Duchesne, UT (CT)",2815,1,2816,7126,2,7128
49015976200,"Emery, UT (CT)",1619,0,1619,4185,0,4185
49015976300,"Emery, UT (CT)",317,1162,1479,436,2893,3329
49015976500,"Emery, UT (CT)",1391,0,1391,3462,0,3462
49017000300,"Garfield, UT (CT)",1966,0,1966,2377,0,2377
49017000400,"Garfield, UT (CT)",1760,0,1760,2795,0,2795
49019000200,"Grand, UT (CT)",106,1998,2104,175,4217,4392
49019000300,"Grand, UT (CT)",1562,1150,2712,2167,2666,4833
49021110100,"Iron, UT (CT)",2484,1137,3621,1400,2551,3951
49021110200,"Iron, UT (CT)",733,1564,2297,2090,5297,7387
49021110300,"Iron, UT (CT)",1150,368,1518,2285,1223,3508
49021110400,"Iron, UT (CT)",0,1532,1532,0,4657,4657
49021110500,"Iron, UT (CT)",239,3407,3646,572,9126,9698
49021110600,"Iron, UT (CT)",403,2396,2799,444,5585,6029
49021110701,"Iron, UT (CT)",380,2044,2424,908,5630,6538
49021110702,"Iron, UT (CT)",1146,684,1830,2713,1682,4395
49023010100,"Juab, UT (CT)",112,1809,1921,316,5249,5565
49023010200,"Juab, UT (CT)",1488,93,1581,4138,543,4681
49025130100,"Kane, UT (CT)",3512,0,3512,2297,0,2297
49025130200,"Kane, UT (CT)",843,1460,2303,1616,3212,4828
49027974100,"Millard, UT (CT)",585,1210,1795,1569,3258,4827
49027974200,"Millard, UT (CT)",1210,0,1210,3037,0,3037
49027974300,"Millard, UT (CT)",1934,0,1934,4639,0,4639
49029970100,"Morgan, UT (CT)",1374,1151,2525,4524,3518,8042
49029970200,"Morgan, UT (CT)",481,0,481,1427,0,1427
49031960100,"Piute, UT (CT)",898,0,898,1556,0,1556
49033950100,"Rich, UT (CT)",2834,0,2834,2264,0,2264
49035100100,"Salt Lake, UT (CT)",0,669,669,0,1529,1529
49035100200,"Salt Lake, UT (CT)",133,432,565,347,942,1289
49035100306,"Salt Lake, UT (CT)",0,1474,1474,0,5062,5062
49035100307,"Salt Lake, UT (CT)",0,1266,1266,0,5223,5223
49035100308,"Salt Lake, UT (CT)",0,1294,1294,0,4222,4222
49035100500,"Salt Lake, UT (CT)",0,2272,2272,0,6379,6379
49035100600,"Salt Lake, UT (CT)",0,2251,2251,0,6556,6556
49035100700,"Salt Lake, UT (CT)",0,1564,1564,0,2704,2704
49035100800,"Salt Lake, UT (CT)",0,1670,1670,0,2491,2491
49035101000,"Salt Lake, UT (CT)",0,1429,1429,0,2959,2959
49035101101,"Salt Lake, UT (CT)",0,1172,1172,0,1969,1969
49035101102,"Salt Lake, UT (CT)",0,2358,2358,0,3422,3422
49035101200,"Salt Lake, UT (CT)",0,2235,2235,0,3877,3877
49035101400,"Salt Lake, UT (CT)",23,1353,1376,69,4747,4816
49035101500,"Salt Lake, UT (CT)",0,1807,1807,0,3214,3214
49035101600,"Salt Lake, UT (CT)",0,1932,1932,0,3628,3628
49035101700,"Salt Lake, UT (CT)",0,2042,2042,0,3534,3534
49035101800,"Salt Lake, UT (CT)",0,1697,1697,0,3086,3086
49035101900,"Salt Lake, UT (CT)",0,1630,1630,0,2497,2497
49035102000,"Salt Lake, UT (CT)",0,1406,1406,0,2620,2620
49035102100,"Salt Lake, UT (CT)",0,1080,1080,0,1457,1457
49035102300,"Salt Lake, UT (CT)",0,1664,1664,0,2760,2760
49035102500,"Salt Lake, UT (CT)",0,1939,1939,0,3460,3460
49035102600,"Salt Lake, UT (CT)",0,1368,1368,0,4420,4420
49035102701,"Salt Lake, UT (CT)",0,1680,1680,0,5099,5099
49035102702,"Salt Lake, UT (CT)",0,1146,1146,0,3835,3835
49035102801,"Salt Lake, UT (CT)",0,1782,1782,0,6106,6106
49035102802,"Salt Lake, UT (CT)",0,1294,1294,0,5063,5063
49035102900,"Salt Lake, UT (CT)",0,2175,2175,0,4500,4500
49035103000,"Salt Lake, UT (CT)",0,1271,1271,0,2954,2954
49035103100,"Salt Lake, UT (CT)",0,1885,1885,0,4163,4163
49035103200,"Salt Lake, UT (CT)",0,2314,2314,0,4536,4536
49035103300,"Salt Lake, UT (CT)",0,2087,2087,0,4267,4267
49035103400,"Salt Lake, UT (CT)",0,1914,1914,0,4080,4080
49035103500,"Salt Lake, UT (CT)",0,1840,1840,0,4045,4045
49035103600,"Salt Lake, UT (CT)",0,1058,1058,0,2670,2670
49035103700,"Salt Lake, UT (CT)",0,1137,1137,0,2581,2581
49035103800,"Salt Lake, UT (CT)",0,1056,1056,0,2382,2382
49035103900,"Salt Lake, UT (CT)",0,1535,1535,0,3786,3786
49035104000,"Salt Lake, UT (CT)",0,1262,1262,0,3267,3267
49035104100,"Salt Lake, UT (CT)",0,1139,1139,0,2968,2968
49035104200,"Salt Lake, UT (CT)",0,2803,2803,0,6367,6367
49035104300,"Salt Lake, UT (CT)",0,1354,1354,0,2821,2821
49035104400,"Salt Lake, UT (CT)",0,694,694,0,2010,2010
49035104700,"Salt Lake, UT (CT)",0,2167,2167,0,4774,4774
49035104800,"Salt Lake, UT (CT)",0,2239,2239,0,5022,5022
49035104900,"Salt Lake, UT (CT)",0,1358,1358,0,3147,3147
49035110102,"Salt Lake, UT (CT)",1439,1355,2794,1038,3389,4427
49035110103,"Salt Lake, UT (CT)",979,674,1653,1845,1775,3620
49035110104,"Salt Lake, UT (CT)",65,2018,2083,51,5237,5288
49035110200,"Salt Lake, UT (CT)",0,1875,1875,0,5077,5077
49035110300,"Salt Lake, UT (CT)",0,2317,2317,0,5477,5477
49035110401,"Salt Lake, UT (CT)",0,1527,1527,0,3476,3476
49035110402,"Salt Lake, UT (CT)",0,1394,1394,0,3653,3653
49035110500,"Salt Lake, UT (CT)",0,2160,2160,0,6164,6164
49035110600,"Salt Lake, UT (CT)",0,1997,1997,0,5376,5376
49035110701,"Salt Lake, UT (CT)",0,1514,1514,0,3628,3628
49035110702,"Salt Lake, UT (CT)",0,1878,1878,0,4896,4896
49035110800,"Salt Lake, UT (CT)",0,2398,2398,0,5425,5425
49035110900,"Salt Lake, UT (CT)",0,1622,1622,0,4562,4562
49035111001,"Salt Lake, UT (CT)",0,1646,1646,0,4470,4470
49035111002,"Salt Lake, UT (CT)",0,2307,2307,0,5659,5659
49035111101,"Salt Lake, UT (CT)",0,2720,2720,0,6279,6279
49035111102,"Salt Lake, UT (CT)",0,2890,2890,0,6104,6104
49035111103,"Salt Lake, UT (CT)",0,2563,2563,0,5903,5903
49035111201,"Salt Lake, UT (CT)",0,1170,1170,0,2761,2761
49035111202,"Salt Lake, UT (CT)",0,1930,1930,0,4687,4687
49035111302,"Salt Lake, UT (CT)",0,2228,2228,0,5979,5979
49035111304,"Salt Lake, UT (CT)",0,1281,1281,0,3676,3676
49035111305,"Salt Lake, UT (CT)",0,1435,1435,0,3872,3872
49035111306,"Salt Lake, UT (CT)",0,1068,1068,0,2536,2536
49035111400,"Salt Lake, UT (CT)",0,2805,2805,0,6555,6555
49035111500,"Salt Lake, UT (CT)",0,752,752,0,1794,1794
49035111600,"Salt Lake, UT (CT)",0,2562,2562,0,7472,7472
49035111701,"Salt Lake, UT (CT)",0,2085,2085,0,5194,5194
49035111702,"Salt Lake, UT (CT)",0,1783,1783,0,4361,4361
49035111801,"Salt Lake, UT (CT)",0,2375,2375,0,5276,5276
49035111802,"Salt Lake, UT (CT)",0,1184,1184,0,2408,2408
49035111903,"Salt Lake, UT (CT)",0,1790,1790,0,3916,3916
49035111904,"Salt Lake, UT (CT)",0,1897,1897,0,3509,3509
49035111905,"Salt Lake, UT (CT)",0,1723,1723,0,3583,3583
49035111906,"Salt Lake, UT (CT)",0,1834,1834,0,4186,4186
49035112001,"Salt Lake, UT (CT)",0,1609,1609,0,3281,3281
49035112002,"Salt Lake, UT (CT)",0,2157,2157,0,4505,4505
49035112100,"Salt Lake, UT (CT)",0,2823,2823,0,7264,7264
49035112201,"Salt Lake, UT (CT)",0,1756,1756,0,5249,5249
49035112202,"Salt Lake, UT (CT)",0,1581,1581,0,3909,3909
49035112301,"Salt Lake, UT (CT)",0,1564,1564,0,3823,3823
49035112302,"Salt Lake, UT (CT)",0,1428,1428,0,3573,3573
49035112402,"Salt Lake, UT (CT)",0,2279,2279,0,6449,6449
49035112403,"Salt Lake, UT (CT)",0,1807,1807,0,4473,4473
49035112404,"Salt Lake, UT (CT)",0,1799,1799,0,3903,3903
49035112501,"Salt Lake, UT (CT)",0,1526,1526,0,3735,3735
49035112502,"Salt Lake, UT (CT)",0,3072,3072,0,6155,6155
49035112503,"Salt Lake, UT (CT)",0,1764,1764,0,4633,4633
49035112604,"Salt Lake, UT (CT)",0,1587,1587,0,5101,5101
49035112605,"Salt Lake, UT (CT)",0,2813,2813,0,6795,6795
49035112608,"Salt Lake, UT (CT)",0,1669,1669,0,5276,5276
49035112609,"Salt Lake, UT (CT)",0,1761,1761,0,5553,5553
49035112610,"Salt Lake, UT (CT)",0,1845,1845,0,4316,4316
49035112611,"Salt Lake, UT (CT)",0,2360,2360,0,6655,6655
49035112612,"Salt Lake, UT (CT)",0,1642,1642,0,4096,4096
49035112613,"Salt Lake, UT (CT)",0,1591,1591,0,4915,4915
49035112614,"Salt Lake, UT (CT)",0,1147,1147,0,3380,3380
49035112615,"Salt Lake, UT (CT)",0,756,756,0,2419,2419
49035112616,"Salt Lake, UT (CT)",0,1454,1454,0,4533,4533
49035112617,"Salt Lake, UT (CT)",0,1051,1051,0,3551,3551
49035112618,"Salt Lake, UT (CT)",0,1153,1153,0,3261,3261
49035112619,"Salt Lake, UT (CT)",0,1040,1040,0,3110,3110
49035112700,"Salt Lake, UT (CT)",0,1759,1759,0,4821,4821
49035112804,"Salt Lake, UT (CT)",0,1770,1770,0,5602,5602
49035112805,"Salt Lake, UT (CT)",0,1618,1618,0,5343,5343
49035112810,"Salt Lake, UT (CT)",120,1797,1917,446,6620,7066
49035112812,"Salt Lake, UT (CT)",0,1807,1807,0,5670,5670
49035112813,"Salt Lake, UT (CT)",0,1669,1669,0,5449,5449
49035112814,"Salt Lake, UT (CT)",0,1473,1473,0,4696,4696
49035112815,"Salt Lake, UT (CT)",133,1408,1541,364,4680,5044
49035112816,"Salt Lake, UT (CT)",0,1401,1401,0,4852,4852
49035112817,"Salt Lake, UT (CT)",0,2208,2208,0,6374,6374
49035112818,"Salt Lake, UT (CT)",0,0,0,0,3840,3840
49035112819,"Salt Lake, UT (CT)",0,2147,2147,0,7040,7040
49035112820,"Salt Lake, UT (CT)",47,2460,2507,151,7193,7344
49035112821,"Salt Lake, UT (CT)",154,1717,1871,421,5836,6257
49035112822,"Salt Lake, UT (CT)",0,1773,1773,0,4709,4709
49035112823,"Salt Lake, UT (CT)",0,1522,1522,0,4493,4493
49035112904,"Salt Lake, UT (CT)",0,2045,2045,0,6731,6731
49035112905,"Salt Lake, UT (CT)",0,1648,1648,0,5391,5391
49035112907,"Salt Lake, UT (CT)",0,1404,1404,0,4648,4648
49035112912,"Salt Lake, UT (CT)",0,721,721,0,2769,2769
49035112913,"Salt Lake, UT (CT)",0,1505,1505,0,5129,5129
49035112914,"Salt Lake, UT (CT)",0,2268,2268,0,6293,6293
49035112916,"Salt Lake, UT (CT)",0,1410,1410,0,4567,4567
49035112917,"Salt Lake, UT (CT)",0,1202,1202,0,3864,3864
49035112918,"Salt Lake, UT (CT)",0,1670,1670,0,5242,5242
49035112920,"Salt Lake, UT (CT)",0,1606,1606,0,4309,4309
49035112921,"Salt Lake, UT (CT)",0,1125,1125,0,3444,3444
49035113007,"Salt Lake, UT (CT)",0,1325,1325,0,5005,5005
49035113008,"Salt Lake, UT (CT)",0,1615,1615,0,6174,6174
49035113010,"Salt Lake, UT (CT)",0,2189,2189,0,6343,6343
49035113011,"Salt Lake, UT (CT)",0,1731,1731,0,5806,5806
49035113012,"Salt Lake, UT (CT)",0,1385,1385,0,4854,4854
49035113013,"Salt Lake, UT (CT)",0,1249,1249,0,4990,4990
49035113014,"Salt Lake, UT (CT)",0,1164,1164,0,3930,3930
49035113016,"Salt Lake, UT (CT)",0,1521,1521,0,6079,6079
49035113017,"Salt Lake, UT (CT)",0,1893,1893,0,6689,6689
49035113019,"Salt Lake, UT (CT)",0,1748,1748,0,5973,5973
49035113020,"Salt Lake, UT (CT)",0,3447,3447,0,11672,11672
49035113101,"Salt Lake, UT (CT)",0,1940,1940,0,7158,7158
49035113102,"Salt Lake, UT (CT)",0,1003,1003,0,3892,3892
49035113105,"Salt Lake, UT (CT)",539,668,1207,1501,2734,4235
49035113107,"Salt Lake, UT (CT)",0,6183,6183,0,21591,21591
49035113108,"Salt Lake, UT (CT)",0,1170,1170,0,4444,4444
49035113305,"Salt Lake, UT (CT)",0,2783,2783,0,7665,7665
49035113306,"Salt Lake, UT (CT)",0,2448,2448,0,6082,6082
49035113307,"Salt Lake, UT (CT)",0,1983,1983,0,6979,6979
49035113308,"Salt Lake, UT (CT)",0,1579,1579,0,5079,5079
49035113309,"Salt Lake, UT (CT)",0,1554,1554,0,4928,4928
49035113310,"Salt Lake, UT (CT)",0,1097,1097,0,3015,3015
49035113406,"Salt Lake, UT (CT)",0,1921,1921,0,6746,6746
49035113407,"Salt Lake, UT (CT)",0,2955,2955,0,10940,10940
49035113408,"Salt Lake, UT (CT)",0,1814,1814,0,6644,6644
49035113409,"Salt Lake, UT (CT)",0,1507,1507,0,5458,5458
49035113410,"Salt Lake, UT (CT)",0,1892,1892,0,6508,6508
49035113411,"Salt Lake, UT (CT)",0,776,776,0,2689,2689
49035113412,"Salt Lake, UT (CT)",0,756,756,0,2847,2847
49035113413,"Salt Lake, UT (CT)",0,1680,1680,0,5605,5605
49035113505,"Salt Lake, UT (CT)",0,2062,2062,0,6796,6796
49035113509,"Salt Lake, UT (CT)",0,2348,2348,0,6332,6332
49035113510,"Salt Lake, UT (CT)",0,1121,1121,0,3251,3251
49035113511,"Salt Lake, UT (CT)",0,1279,1279,0,3675,3675
49035113512,"Salt Lake, UT (CT)",0,1836,1836,0,3510,3510
49035113513,"Salt Lake, UT (CT)",0,2042,2042,0,5631,5631
49035113514,"Salt Lake, UT (CT)",0,2480,2480,0,5741,5741
49035113515,"Salt Lake, UT (CT)",0,2251,2251,0,5788,5788
49035113520,"Salt Lake, UT (CT)",0,1428,1428,0,3983,3983
49035113521,"Salt Lake, UT (CT)",0,1900,1900,0,6489,6489
49035113522,"Salt Lake, UT (CT)",0,1072,1072,0,3293,3293
49035113523,"Salt Lake, UT (CT)",0,1814,1814,0,6255,6255
49035113525,"Salt Lake, UT (CT)",1,1707,1708,6,7096,7102
49035113526,"Salt Lake, UT (CT)",0,1423,1423,0,5266,5266
49035113527,"Salt Lake, UT (CT)",0,1231,1231,0,4566,4566
49035113528,"Salt Lake, UT (CT)",0,1409,1409,0,5320,5320
49035113532,"Salt Lake, UT (CT)",0,1003,1003,0,3177,3177
49035113533,"Salt Lake, UT (CT)",0,1543,1543,0,4787,4787
49035113534,"Salt Lake, UT (CT)",0,1960,1960,0,7303,7303
49035113535,"Salt Lake, UT (CT)",0,1767,1767,0,7020,7020
49035113536,"Salt Lake, UT (CT)",0,1228,1228,0,4158,4158
49035113537,"Salt Lake, UT (CT)",0,1064,1064,0,3582,3582
49035113538,"Salt Lake, UT (CT)",0,845,845,0,3277,3277
49035113539,"Salt Lake, UT (CT)",0,1255,1255,0,4723,4723
49035113600,"Salt Lake, UT (CT)",0,1679,1679,0,5291,5291
49035113701,"Salt Lake, UT (CT)",0,1193,1193,0,4074,4074
49035113702,"Salt Lake, UT (CT)",0,842,842,0,2760,2760
49035113801,"Salt Lake, UT (CT)",0,1494,1494,0,5775,5775
49035113802,"Salt Lake, UT (CT)",0,1292,1292,0,4015,4015
49035113803,"Salt Lake, UT (CT)",0,2316,2316,0,8675,8675
49035113903,"Salt Lake, UT (CT)",0,1442,1442,0,4933,4933
49035113904,"Salt Lake, UT (CT)",0,1726,1726,0,5657,5657
49035113905,"Salt Lake, UT (CT)",0,1990,1990,0,7316,7316
49035113906,"Salt Lake, UT (CT)",23,1439,1462,31,3938,3969
49035113907,"Salt Lake, UT (CT)",151,2028,2179,238,6600,6838
49035114000,"Salt Lake, UT (CT)",0,1219,1219,0,1501,1501
49035114100,"Salt Lake, UT (CT)",0,1043,1043,0,2389,2389
49035114200,"Salt Lake, UT (CT)",0,1529,1529,0,4419,4419
49035114300,"Salt Lake, UT (CT)",11,5531,5542,40,15925,15965
49035114500,"Salt Lake, UT (CT)",5,1717,1722,15,6022,6037
49035114600,"Salt Lake, UT (CT)",0,2090,2090,0,6998,6998
49035114700,"Salt Lake, UT (CT)",58,1429,1487,178,4536,4714
49035114800,"Salt Lake, UT (CT)",200,1062,1262,547,3003,3550
49035115106,"Salt Lake, UT (CT)",391,1752,2143,1427,6431,7858
49035115209,"Salt Lake, UT (CT)",157,1427,1584,586,5524,6110
49035980000,"Salt Lake, UT (CT)",0,0,0,0,0,0
49037942000,"San Juan, UT (CT)",1373,0,1373,3882,0,3882
49037942100,"San Juan, UT (CT)",800,0,800,2187,0,2187
49037978100,"San Juan, UT (CT)",1678,0,1678,3773,0,3773
49037978200,"San Juan, UT (CT)",824,1059,1883,1640,3264,4904
49039972100,"Sanpete, UT (CT)",3002,1119,4121,4423,3207,7630
49039972200,"Sanpete, UT (CT)",1409,0,1409,3770,0,3770
49039972300,"Sanpete, UT (CT)",460,901,1361,1283,4157,5440
49039972400,"Sanpete, UT (CT)",200,1636,1836,623,5781,6404
49039972500,"Sanpete, UT (CT)",533,1119,1652,1288,3290,4578
49041975100,"Sevier, UT (CT)",2018,0,2018,4705,0,4705
49041975200,"Sevier, UT (CT)",1325,0,1325,2757,0,2757
49041975300,"Sevier, UT (CT)",15,1841,1856,34,4925,4959
49041975400,"Sevier, UT (CT)",367,891,1258,1064,2415,3479
49041975500,"Sevier, UT (CT)",1992,0,1992,4902,0,4902
49043964101,"Summit, UT (CT)",990,0,990,2052,0,2052
49043964102,"Summit, UT (CT)",1361,0,1361,2813,0,2813
49043964201,"Summit, UT (CT)",878,809,1687,1344,2261,3605
49043964202,"Summit, UT (CT)",1119,165,1284,2671,384,3055
49043964203,"Summit, UT (CT)",1974,0,1974,103,0,103
49043964303,"Summit, UT (CT)",177,925,1102,492,2423,2915
49043964304,"Summit, UT (CT)",519,1561,2080,1173,3665,4838
49043964305,"Summit, UT (CT)",1986,835,2821,925,601,1526
49043964306,"Summit, UT (CT)",936,555,1491,1550,1043,2593
49043964307,"Summit, UT (CT)",303,1810,2113,260,4656,4916
49043964308,"Summit, UT (CT)",30,1776,1806,55,2905,2960
49043964401,"Summit, UT (CT)",1298,1392,2690,313,1003,1316
49043964402,"Summit, UT (CT)",2644,2502,5146,488,3144,3632
49045130600,"Tooele, UT (CT)",798,455,1253,1356,1121,2477
49045130701,"Tooele, UT (CT)",646,332,978,2099,1237,3336
49045130702,"Tooele, UT (CT)",485,3351,3836,1636,11997,13633
49045130703,"Tooele, UT (CT)",1417,839,2256,4144,2853,6997
49045130800,"Tooele, UT (CT)",331,1563,1894,1019,4347,5366
49045130900,"Tooele, UT (CT)",0,1699,1699,0,4618,4618
49045131001,"Tooele, UT (CT)",0,730,730,0,2654,2654
49045131002,"Tooele, UT (CT)",0,2856,2856,0,8322,8322
49045131100,"Tooele, UT (CT)",19,2662,2681,51,7364,7415
49045131200,"Tooele, UT (CT)",0,1272,1272,0,3400,3400
49045980000,"Tooele, UT (CT)",0,0,0,0,0,0
49047940201,"Uintah, UT (CT)",2063,0,2063,5753,0,5753
49047968200,"Uintah, UT (CT)",2184,435,2619,6002,1448,7450
49047968301,"Uintah, UT (CT)",103,1749,1852,281,5025,5306
49047968302,"Uintah, UT (CT)",913,678,1591,2507,2061,4568
49047968401,"Uintah, UT (CT)",0,1585,1585,0,3732,3732
49047968402,"Uintah, UT (CT)",255,2007,2262,724,5055,5779
49049000102,"Utah, UT (CT)",0,1350,1350,0,4488,4488
49049000103,"Utah, UT (CT)",0,1204,1204,0,3805,3805
49049000104,"Utah, UT (CT)",0,829,829,0,3058,3058
49049000105,"Utah, UT (CT)",0,1069,1069,0,4117,4117
49049000203,"Utah, UT (CT)",0,1396,1396,0,4345,4345
49049000204,"Utah, UT (CT)",0,1711,1711,0,5628,5628
49049000205,"Utah, UT (CT)",0,871,871,0,3739,3739
49049000206,"Utah, UT (CT)",0,881,881,0,3473,3473
49049000400,"Utah, UT (CT)",0,1188,1188,0,3484,3484
49049000504,"Utah, UT (CT)",0,1247,1247,0,4076,4076
49049000505,"Utah, UT (CT)",0,787,787,0,3049,3049
49049000506,"Utah, UT (CT)",0,1083,1083,0,3652,3652
49049000507,"Utah, UT (CT)",0,577,577,0,2207,2207
49049000508,"Utah, UT (CT)",0,1412,1412,0,5004,5004
49049000509,"Utah, UT (CT)",0,2617,2617,0,6193,6193
49049000601,"Utah, UT (CT)",0,794,794,0,3105,3105
49049000603,"Utah, UT (CT)",0,1089,1089,0,3976,3976
49049000604,"Utah, UT (CT)",0,742,742,0,3068,3068
49049000703,"Utah, UT (CT)",0,1635,1635,0,5307,5307
49049000706,"Utah, UT (CT)",0,1858,1858,0,5830,5830
49049000707,"Utah, UT (CT)",0,1010,1010,0,3645,3645
49049000708,"Utah, UT (CT)",0,715,715,0,2838,2838
49049000709,"Utah, UT (CT)",0,798,798,0,2917,2917
49049000710,"Utah, UT (CT)",0,778,778,0,3070,3070
49049000711,"Utah, UT (CT)",0,600,600,0,2317,2317
49049000801,"Utah, UT (CT)",0,1696,1696,0,5505,5505
49049000802,"Utah, UT (CT)",0,1724,1724,0,5167,5167
49049000901,"Utah, UT (CT)",0,1934,1934,0,5600,5600
49049000903,"Utah, UT (CT)",0,966,966,0,3535,3535
49049000904,"Utah, UT (CT)",0,919,919,0,3075,3075
49049001001,"Utah, UT (CT)",0,1092,1092,0,3631,3631
49049001002,"Utah, UT (CT)",0,828,828,0,2621,2621
49049001103,"Utah, UT (CT)",0,768,768,0,2674,2674
49049001105,"Utah, UT (CT)",0,1005,1005,0,3564,3564
49049001106,"Utah, UT (CT)",0,906,906,0,2946,2946
49049001107,"Utah, UT (CT)",0,1084,1084,0,3585,3585
49049001108,"Utah, UT (CT)",0,1214,1214,0,3219,3219
49049001201,"Utah, UT (CT)",0,1404,1404,0,4252,4252
49049001202,"Utah, UT (CT)",0,1576,1576,0,4708,4708
49049001300,"Utah, UT (CT)",0,1192,1192,0,3529,3529
49049001401,"Utah, UT (CT)",0,1154,1154,0,3797,3797
49049001402,"Utah, UT (CT)",0,2008,2008,0,6590,6590
49049001501,"Utah, UT (CT)",20,1216,1236,50,3777,3827
49049001503,"Utah, UT (CT)",0,1228,1228,0,3660,3660
49049001504,"Utah, UT (CT)",0,1482,1482,0,4567,4567
49049001601,"Utah, UT (CT)",0,1033,1033,0,6122,6122
49049001602,"Utah, UT (CT)",0,105,105,0,3729,3729
49049001603,"Utah, UT (CT)",0,893,893,0,4328,4328
49049001701,"Utah, UT (CT)",0,1189,1189,0,3625,3625
49049001702,"Utah, UT (CT)",0,1273,1273,0,4586,4586
49049001801,"Utah, UT (CT)",0,1716,1716,0,6008,6008
49049001802,"Utah, UT (CT)",0,1864,1864,0,6008,6008
49049001803,"Utah, UT (CT)",0,809,809,0,2177,2177
49049001900,"Utah, UT (CT)",0,1494,1494,0,4186,4186
49049002000,"Utah, UT (CT)",0,2149,2149,0,6128,6128
49049002101,"Utah, UT (CT)",0,1174,1174,0,3850,3850
49049002102,"Utah, UT (CT)",0,967,967,0,2975,2975
49049002201,"Utah, UT (CT)",33,1297,1330,82,4890,4972
49049002204,"Utah, UT (CT)",0,961,961,0,3688,3688
49049002205,"Utah, UT (CT)",0,1279,1279,0,4129,4129
49049002206,"Utah, UT (CT)",0,960,960,0,3296,3296
49049002207,"Utah, UT (CT)",173,717,890,594,3010,3604
49049002300,"Utah, UT (CT)",0,1250,1250,0,3637,3637
49049002400,"Utah, UT (CT)",0,448,448,0,1138,1138
49049002500,"Utah, UT (CT)",0,1658,1658,0,4297,4297
49049002701,"Utah, UT (CT)",0,874,874,0,3160,3160
49049002702,"Utah, UT (CT)",12,1333,1345,45,4383,4428
49049002801,"Utah, UT (CT)",0,1304,1304,0,3584,3584
49049002802,"Utah, UT (CT)",0,501,501,0,1446,1446
49049002901,"Utah, UT (CT)",1,1499,1500,52,5019,5071
49049002902,"Utah, UT (CT)",0,1148,1148,0,3616,3616
49049003001,"Utah, UT (CT)",0,1275,1275,0,4165,4165
49049003002,"Utah, UT (CT)",0,709,709,0,2256,2256
49049003103,"Utah, UT (CT)",0,763,763,0,2734,2734
49049003104,"Utah, UT (CT)",0,971,971,0,3868,3868
49049003105,"Utah, UT (CT)",0,1319,1319,0,3629,3629
49049003106,"Utah, UT (CT)",0,832,832,0,2723,2723
49049003201,"Utah, UT (CT)",0,902,902,0,2598,2598
49049003203,"Utah, UT (CT)",0,1069,1069,0,4097,4097
49049003204,"Utah, UT (CT)",0,951,951,0,2734,2734
49049003205,"Utah, UT (CT)",0,1136,1136,0,4279,4279
49049003300,"Utah, UT (CT)",0,1786,1786,0,6042,6042
49049003401,"Utah, UT (CT)",33,1144,1177,124,3614,3738
49049003402,"Utah, UT (CT)",0,1783,1783,0,6035,6035
49049003403,"Utah, UT (CT)",0,1527,1527,0,5206,5206
49049010103,"Utah, UT (CT)",106,1564,1670,461,6277,6738
49049010104,"Utah, UT (CT)",38,1758,1796,139,6860,6999
49049010105,"Utah, UT (CT)",264,1820,2084,960,6604,7564
49049010106,"Utah, UT (CT)",54,1004,1058,146,3959,4105
49049010107,"Utah, UT (CT)",323,282,605,1078,1403,2481
49049010108,"Utah, UT (CT)",6,1792,1798,17,6487,6504
49049010109,"Utah, UT (CT)",46,1866,1912,86,6850,6936
49049010110,"Utah, UT (CT)",0,352,352,0,1397,1397
49049010111,"Utah, UT (CT)",70,1769,1839,250,6565,6815
49049010112,"Utah, UT (CT)",195,1122,1317,689,4195,4884
49049010113,"Utah, UT (CT)",32,1216,1248,99,4626,4725
49049010208,"Utah, UT (CT)",0,916,916,0,3934,3934
49049010209,"Utah, UT (CT)",0,1433,1433,0,5475,5475
49049010210,"Utah, UT (CT)",9,1487,1496,36,6034,6070
49049010211,"Utah, UT (CT)",93,829,922,305,2941,3246
49049010212,"Utah, UT (CT)",126,959,1085,464,3418,3882
49049010213,"Utah, UT (CT)",0,582,582,0,2610,2610
49049010214,"Utah, UT (CT)",0,1645,1645,0,6084,6084
49049010215,"Utah, UT (CT)",0,1716,1716,0,7171,7171
49049010216,"Utah, UT (CT)",0,702,702,0,2699,2699
49049010217,"Utah, UT (CT)",301,765,1066,920,2955,3875
49049010218,"Utah, UT (CT)",0,1262,1262,0,5615,5615
49049010219,"Utah, UT (CT)",0,1165,1165,0,4591,4591
49049010220,"Utah, UT (CT)",1,1477,1478,3,5969,5972
49049010303,"Utah, UT (CT)",35,1100,1135,110,4146,4256
49049010304,"Utah, UT (CT)",43,1789,1832,156,6434,6590
49049010305,"Utah, UT (CT)",105,627,732,351,2449,2800
49049010404,"Utah, UT (CT)",0,1081,1081,0,4531,4531
49049010405,"Utah, UT (CT)",0,927,927,0,4113,4113
49049010406,"Utah, UT (CT)",215,362,577,716,1283,1999
49049010407,"Utah, UT (CT)",0,755,755,0,2560,2560
49049010408,"Utah, UT (CT)",0,967,967,0,3530,3530
49049010409,"Utah, UT (CT)",2,690,692,2,2675,2677
49049010410,"Utah, UT (CT)",86,748,834,232,3007,3239
49049010411,"Utah, UT (CT)",335,868,1203,1042,3412,4454
49049010503,"Utah, UT (CT)",606,132,738,1945,968,2913
49049010504,"Utah, UT (CT)",693,199,892,2453,519,2972
49049010505,"Utah, UT (CT)",0,1068,1068,0,3972,3972
49049010506,"Utah, UT (CT)",0,530,530,0,1829,1829
49049010600,"Utah, UT (CT)",784,250,1034,2593,917,3510
49049010700,"Utah, UT (CT)",0,1357,1357,0,4853,4853
49049010900,"Utah, UT (CT)",852,26,878,986,73,1059
49049980100,"Utah, UT (CT)",0,0,0,0,0,0
49051940500,"Wasatch, UT (CT)",3266,1145,4411,4729,3885,8614
49051960100,"Wasatch, UT (CT)",23,1305,1328,53,3851,3904
49051960200,"Wasatch, UT (CT)",22,1833,1855,49,5871,5920
49051960400,"Wasatch, UT (CT)",1101,1882,2983,1487,3605,5092
49053270100,"Washington, UT (CT)",3193,324,3517,6223,2616,8839
49053270200,"Washington, UT (CT)",1718,0,1718,3074,0,3074
49053270300,"Washington, UT (CT)",1391,1705,3096,3906,4242,8148
49053270400,"Washington, UT (CT)",624,2102,2726,1017,5201,6218
49053270500,"Washington, UT (CT)",147,2420,2567,159,7264,7423
49053270600,"Washington, UT (CT)",1307,3367,4674,760,6964,7724
49053270700,"Washington, UT (CT)",437,3988,4425,518,9207,9725
49053270801,"Washington, UT (CT)",515,4563,5078,1242,12274,13516
49053270802,"Washington, UT (CT)",199,2189,2388,499,4620,5119
49053270901,"Washington, UT (CT)",150,1184,1334,477,3319,3796
49053270902,"Washington, UT (CT)",530,3508,4038,1042,9071,10113
49053271000,"Washington, UT (CT)",158,1287,1445,386,3727,4113
49053271100,"Washington, UT (CT)",0,4076,4076,0,10304,10304
49053271200,"Washington, UT (CT)",0,1435,1435,0,3375,3375
49053271300,"Washington, UT (CT)",0,1304,1304,0,4013,4013
49053271400,"Washington, UT (CT)",0,1907,1907,0,3815,3815
49053271500,"Washington, UT (CT)",0,2933,2933,0,6263,6263
49053271600,"Washington, UT (CT)",196,2704,2900,297,5465,5762
49053271701,"Washington, UT (CT)",88,2769,2857,194,7900,8094
49053271702,"Washington, UT (CT)",458,1373,1831,1218,4265,5483
49053271800,"Washington, UT (CT)",0,1485,1485,0,3198,3198
49055979100,"Wayne, UT (CT)",1591,0,1591,2778,0,2778
49057200100,"Weber, UT (CT)",0,1605,1605,0,4306,4306
49057200202,"Weber, UT (CT)",0,1568,1568,0,3592,3592
49057200203,"Weber, UT (CT)",0,1705,1705,0,4926,4926
49057200204,"Weber, UT (CT)",0,1588,1588,0,4592,4592
49057200300,"Weber, UT (CT)",0,2424,2424,0,6790,6790
49057200400,"Weber, UT (CT)",0,679,679,0,1806,1806
49057200500,"Weber, UT (CT)",0,2633,2633,0,6206,6206
49057200600,"Weber, UT (CT)",0,1743,1743,0,4176,4176
49057200700,"Weber, UT (CT)",0,1405,1405,0,3144,3144
49057200800,"Weber, UT (CT)",0,1892,1892,0,4656,4656
49057200900,"Weber, UT (CT)",0,2046,2046,0,4319,4319
49057201100,"Weber, UT (CT)",0,1062,1062,0,1676,1676
49057201200,"Weber, UT (CT)",0,873,873,0,2302,2302
49057201301,"Weber, UT (CT)",0,1209,1209,0,2940,2940
49057201302,"Weber, UT (CT)",0,1270,1270,0,3691,3691
49057201400,"Weber, UT (CT)",0,1305,1305,0,3187,3187
49057201500,"Weber, UT (CT)",0,1571,1571,0,4054,4054
49057201600,"Weber, UT (CT)",0,1627,1627,0,4060,4060
49057201700,"Weber, UT (CT)",0,1139,1139,0,3174,3174
49057201800,"Weber, UT (CT)",0,787,787,0,2145,2145
49057201900,"Weber, UT (CT)",0,464,464,0,1382,1382
49057202000,"Weber, UT (CT)",0,2076,2076,0,5509,5509
49057210100,"Weber, UT (CT)",4832,92,4924,6689,253,6942
49057210201,"Weber, UT (CT)",0,1357,1357,0,4395,4395
49057210203,"Weber, UT (CT)",0,891,891,0,2695,2695
49057210204,"Weber, UT (CT)",0,1511,1511,0,4402,4402
49057210302,"Weber, UT (CT)",0,2758,2758,0,7864,7864
49057210303,"Weber, UT (CT)",69,2135,2204,224,6735,6959
49057210304,"Weber, UT (CT)",0,1166,1166,0,3552,3552
49057210402,"Weber, UT (CT)",0,1803,1803,0,6740,6740
49057210403,"Weber, UT (CT)",717,1809,2526,2138,5483,7621
49057210404,"Weber, UT (CT)",472,249,721,1356,806,2162
49057210504,"Weber, UT (CT)",375,2202,2577,1179,7529,8708
49057210505,"Weber, UT (CT)",510,1843,2353,1481,5888,7369
49057210506,"Weber, UT (CT)",0,3425,3425,0,10379,10379
49057210508,"Weber, UT (CT)",0,674,674,0,2213,2213
49057210509,"Weber, UT (CT)",0,1489,1489,0,4626,4626
49057210510,"Weber, UT (CT)",0,1020,1020,0,3532,3532
49057210511,"Weber, UT (CT)",0,1459,1459,0,3909,3909
49057210512,"Weber, UT (CT)",0,1797,1797,0,4541,4541
49057210600,"Weber, UT (CT)",0,2515,2515,0,6643,6643
49057210701,"Weber, UT (CT)",0,2139,2139,0,5342,5342
49057210703,"Weber, UT (CT)",0,815,815,0,2577,2577
49057210704,"Weber, UT (CT)",0,2059,2059,0,6028,6028
49057210800,"Weber, UT (CT)",0,1195,1195,0,3247,3247
49057210900,"Weber, UT (CT)",0,2424,2424,0,6316,6316
49057211000,"Weber, UT (CT)",0,1129,1129,0,3073,3073
49057211100,"Weber, UT (CT)",0,2180,2180,0,5785,5785
49057211201,"Weber, UT (CT)",126,1571,1697,342,4110,4452
49057211202,"Weber, UT (CT)",1,2707,2708,5,6526,6531
50001960100,"Addison, VT (CT)",1624,0,1624,3757,0,3757
50001960200,"Addison, VT (CT)",1490,1,1491,2771,4,2775
50001960300,"Addison, VT (CT)",0,1072,1072,0,2588,2588
50001960400,"Addison, VT (CT)",2311,14,2325,5061,33,5094
50001960500,"Addison, VT (CT)",1691,0,1691,3894,0,3894
50001960600,"Addison, VT (CT)",1545,0,1545,2644,0,2644
50001960700,"Addison, VT (CT)",1051,809,1860,2396,1561,3957
50001960800,"Addison, VT (CT)",423,785,1208,783,3756,4539
50001960900,"Addison, VT (CT)",2590,0,2590,5337,0,5337
50001961000,"Addison, VT (CT)",1354,0,1354,2236,0,2236
50003970200,"Bennington, VT (CT)",1450,0,1450,2031,0,2031
50003970300,"Bennington, VT (CT)",769,0,769,1119,0,1119
50003970400,"Bennington, VT (CT)",2864,0,2864,4391,0,4391
50003970500,"Bennington, VT (CT)",2610,0,2610,1302,0,1302
50003970600,"Bennington, VT (CT)",1863,28,1891,3014,70,3084
50003970700,"Bennington, VT (CT)",1285,0,1285,2317,0,2317
50003970800,"Bennington, VT (CT)",1273,403,1676,2641,949,3590
50003970900,"Bennington, VT (CT)",535,373,908,1297,967,2264
50003971000,"Bennington, VT (CT)",909,515,1424,2045,1655,3700
50003971100,"Bennington, VT (CT)",293,1630,1923,718,4009,4727
50003971200,"Bennington, VT (CT)",0,2508,2508,0,5073,5073
50003971300,"Bennington, VT (CT)",1427,187,1614,3075,452,3527
50005957000,"Caledonia, VT (CT)",2649,0,2649,4275,0,4275
50005957100,"Caledonia, VT (CT)",1343,0,1343,2246,0,2246
50005957200,"Caledonia, VT (CT)",566,691,1257,1261,1385,2646
50005957300,"Caledonia, VT (CT)",757,392,1149,1796,1539,3335
50005957400,"Caledonia, VT (CT)",529,1354,1883,1382,2470,3852
50005957500,"Caledonia, VT (CT)",526,1113,1639,1249,2502,3751
50005957600,"Caledonia, VT (CT)",1268,0,1268,2196,0,2196
50005957700,"Caledonia, VT (CT)",1423,0,1423,3010,0,3010
50005957800,"Caledonia, VT (CT)",1801,0,1801,2928,0,2928
50005957900,"Caledonia, VT (CT)",1486,44,1530,2887,101,2988
50007000100,"Chittenden, VT (CT)",0,1917,1917,0,4580,4580
50007000200,"Chittenden, VT (CT)",0,2427,2427,0,5625,5625
50007000300,"Chittenden, VT (CT)",0,1494,1494,0,3399,3399
50007000400,"Chittenden, VT (CT)",0,1582,1582,0,3148,3148
50007000500,"Chittenden, VT (CT)",0,1831,1831,0,4211,4211
50007000600,"Chittenden, VT (CT)",0,2045,2045,0,5169,5169
50007000800,"Chittenden, VT (CT)",0,1129,1129,0,2454,2454
50007000900,"Chittenden, VT (CT)",0,1252,1252,0,2839,2839
50007001000,"Chittenden, VT (CT)",0,1440,1440,0,2371,2371
50007001100,"Chittenden, VT (CT)",0,1127,1127,0,2421,2421
50007002101,"Chittenden, VT (CT)",692,503,1195,1429,1394,2823
50007002102,"Chittenden, VT (CT)",733,2219,2952,1798,5731,7529
50007002200,"Chittenden, VT (CT)",1046,1945,2991,2150,6164,8314
50007002301,"Chittenden, VT (CT)",522,551,1073,984,1226,2210
50007002302,"Chittenden, VT (CT)",431,2609,3040,817,5726,6543
50007002400,"Chittenden, VT (CT)",0,1395,1395,0,3241,3241
50007002500,"Chittenden, VT (CT)",0,1998,1998,0,4026,4026
50007002601,"Chittenden, VT (CT)",0,2300,2300,0,5188,5188
50007002602,"Chittenden, VT (CT)",0,1711,1711,0,4088,4088
50007002701,"Chittenden, VT (CT)",363,1878,2241,919,4457,5376
50007002702,"Chittenden, VT (CT)",586,1308,1894,1594,3341,4935
50007002800,"Chittenden, VT (CT)",1122,826,1948,2891,2118,5009
50007002900,"Chittenden, VT (CT)",2551,37,2588,6133,94,6227
50007003000,"Chittenden, VT (CT)",1653,0,1653,4081,0,4081
50007003100,"Chittenden, VT (CT)",1389,2263,3652,3531,5167,8698
50007003301,"Chittenden, VT (CT)",620,716,1336,1550,2012,3562
50007003304,"Chittenden, VT (CT)",1,2765,2766,0,5728,5728
50007003400,"Chittenden, VT (CT)",837,2248,3085,2011,5133,7144
50007003501,"Chittenden, VT (CT)",1706,0,1706,3754,0,3754
50007003502,"Chittenden, VT (CT)",2139,0,2139,5070,0,5070
50007003503,"Chittenden, VT (CT)",835,0,835,1968,0,1968
50007003600,"Chittenden, VT (CT)",0,2109,2109,0,4058,4058
50007003900,"Chittenden, VT (CT)",0,653,653,0,6200,6200
50007004002,"Chittenden, VT (CT)",0,2218,2218,0,4556,4556
50007980000,"Chittenden, VT (CT)",0,0,0,0,0,0
50009950100,"Essex, VT (CT)",1902,0,1902,1846,0,1846
50009950200,"Essex, VT (CT)",947,0,947,1222,0,1222
50009950500,"Essex, VT (CT)",2170,0,2170,3238,0,3238
50011010100,"Franklin, VT (CT)",3261,17,3278,7080,50,7130
50011010200,"Franklin, VT (CT)",1919,0,1919,4473,0,4473
50011010300,"Franklin, VT (CT)",1864,0,1864,3509,0,3509
50011010400,"Franklin, VT (CT)",1453,0,1453,3213,0,3213
50011010500,"Franklin, VT (CT)",1619,1334,2953,3422,3005,6427
50011010600,"Franklin, VT (CT)",1918,874,2792,3863,2136,5999
50011010700,"Franklin, VT (CT)",0,1628,1628,0,3451,3451
50011010800,"Franklin, VT (CT)",0,1603,1603,0,3467,3467
50011010900,"Franklin, VT (CT)",1355,491,1846,3119,1396,4515
50011011000,"Franklin, VT (CT)",2252,0,2252,5562,0,5562
50013020100,"Grand Isle, VT (CT)",2790,0,2790,3272,0,3272
50013020200,"Grand Isle, VT (CT)",2258,0,2258,3698,0,3698
50015953000,"Lamoille, VT (CT)",1241,0,1241,2344,0,2344
50015953100,"Lamoille, VT (CT)",1698,0,1698,3659,0,3659
50015953200,"Lamoille, VT (CT)",1345,0,1345,3446,0,3446
50015953300,"Lamoille, VT (CT)",1372,0,1372,2954,0,2954
50015953400,"Lamoille, VT (CT)",1299,0,1299,2531,0,2531
50015953500,"Lamoille, VT (CT)",2488,0,2488,5227,0,5227
50015953600,"Lamoille, VT (CT)",3526,0,3526,4314,0,4314
50017959000,"Orange, VT (CT)",1378,0,1378,2216,0,2216
50017959101,"Orange, VT (CT)",1059,0,1059,2111,0,2111
50017959102,"Orange, VT (CT)",1464,0,1464,2540,0,2540
50017959200,"Orange, VT (CT)",1080,399,1479,2590,799,3389
50017959300,"Orange, VT (CT)",1347,0,1347,2538,0,2538
50017959400,"Orange, VT (CT)",2076,0,2076,4778,0,4778
50017959500,"Orange, VT (CT)",2480,0,2480,4350,0,4350
50017959600,"Orange, VT (CT)",1288,0,1288,2588,0,2588
50017959700,"Orange, VT (CT)",993,0,993,1629,0,1629
50017959800,"Orange, VT (CT)",1281,0,1281,2797,0,2797
50019951100,"Orleans, VT (CT)",1914,0,1914,2401,0,2401
50019951200,"Orleans, VT (CT)",1472,0,1472,2850,0,2850
50019951300,"Orleans, VT (CT)",936,2,938,1769,2,1771
50019951400,"Orleans, VT (CT)",128,665,793,259,1768,2027
50019951500,"Orleans, VT (CT)",254,1175,1429,328,2234,2562
50019951600,"Orleans, VT (CT)",2768,0,2768,4313,0,4313
50019951700,"Orleans, VT (CT)",2209,0,2209,4189,0,4189
50019951800,"Orleans, VT (CT)",1531,0,1531,2810,0,2810
50019951900,"Orleans, VT (CT)",1584,0,1584,2424,0,2424
50019952000,"Orleans, VT (CT)",1524,0,1524,1884,0,1884
50021962100,"Rutland, VT (CT)",1080,0,1080,1804,0,1804
50021962200,"Rutland, VT (CT)",1854,0,1854,3966,0,3966
50021962300,"Rutland, VT (CT)",1708,0,1708,2586,0,2586
50021962400,"Rutland, VT (CT)",1426,0,1426,2991,0,2991
50021962500,"Rutland, VT (CT)",780,0,780,1741,0,1741
50021962600,"Rutland, VT (CT)",400,676,1076,911,1415,2326
50021962700,"Rutland, VT (CT)",1189,682,1871,2703,1351,4054
50021962800,"Rutland, VT (CT)",3859,1,3860,2925,1,2926
50021963000,"Rutland, VT (CT)",0,2092,2092,0,4371,4371
50021963100,"Rutland, VT (CT)",0,1825,1825,0,3408,3408
50021963200,"Rutland, VT (CT)",0,1483,1483,0,3174,3174
50021963300,"Rutland, VT (CT)",0,2682,2682,0,5542,5542
50021963400,"Rutland, VT (CT)",894,272,1166,1993,578,2571
50021963500,"Rutland, VT (CT)",981,0,981,1790,0,1790
50021963600,"Rutland, VT (CT)",1614,602,2216,2503,2214,4717
50021963700,"Rutland, VT (CT)",342,940,1282,767,1967,2734
50021963800,"Rutland, VT (CT)",2597,0,2597,4582,0,4582
50021964000,"Rutland, VT (CT)",2131,0,2131,3316,0,3316
50021964200,"Rutland, VT (CT)",887,0,887,1566,0,1566
50021964300,"Rutland, VT (CT)",764,7,771,1466,11,1477
50023954000,"Washington, VT (CT)",2065,0,2065,4264,0,4264
50023954100,"Washington, VT (CT)",1555,0,1555,2513,0,2513
50023954200,"Washington, VT (CT)",1195,14,1209,2699,30,2729
50023954300,"Washington, VT (CT)",1102,1283,2385,2438,2626,5064
50023954400,"Washington, VT (CT)",1274,162,1436,2650,345,2995
50023954500,"Washington, VT (CT)",962,274,1236,2314,573,2887
50023954600,"Washington, VT (CT)",327,757,1084,704,1517,2221
50023954700,"Washington, VT (CT)",239,516,755,494,1011,1505
50023954800,"Washington, VT (CT)",0,1195,1195,0,2239,2239
50023954900,"Washington, VT (CT)",0,1000,1000,0,1890,1890
50023955000,"Washington, VT (CT)",1129,0,1129,2576,0,2576
50023955100,"Washington, VT (CT)",0,2380,2380,0,4530,4530
50023955200,"Washington, VT (CT)",0,2124,2124,0,4522,4522
50023955300,"Washington, VT (CT)",928,747,1675,2229,1825,4054
50023955400,"Washington, VT (CT)",411,1316,1727,1016,2854,3870
50023955500,"Washington, VT (CT)",1429,1113,2542,2763,4135,6898
50023955600,"Washington, VT (CT)",2232,0,2232,1705,0,1705
50023955700,"Washington, VT (CT)",1011,0,1011,1719,0,1719
50023955800,"Washington, VT (CT)",1201,0,1201,1353,0,1353
50025967000,"Windham, VT (CT)",42,1509,1551,85,3166,3251
50025967100,"Windham, VT (CT)",823,177,1000,1625,406,2031
50025967200,"Windham, VT (CT)",2191,0,2191,3302,0,3302
50025967300,"Windham, VT (CT)",1476,0,1476,1769,0,1769
50025967400,"Windham, VT (CT)",1055,0,1055,1035,0,1035
50025967500,"Windham, VT (CT)",2317,0,2317,1119,0,1119
50025967600,"Windham, VT (CT)",1223,243,1466,2586,592,3178
50025967700,"Windham, VT (CT)",1146,0,1146,2702,0,2702
50025967800,"Windham, VT (CT)",1090,0,1090,1726,0,1726
50025967900,"Windham, VT (CT)",3054,0,3054,1124,0,1124
50025968000,"Windham, VT (CT)",2493,0,2493,1876,0,1876
50025968100,"Windham, VT (CT)",918,0,918,1357,0,1357
50025968200,"Windham, VT (CT)",1068,0,1068,1806,0,1806
50025968300,"Windham, VT (CT)",950,0,950,1864,0,1864
50025968400,"Windham, VT (CT)",623,1345,1968,1301,2642,3943
50025968500,"Windham, VT (CT)",52,2883,2935,124,5683,5807
50025968600,"Windham, VT (CT)",325,770,1095,756,1540,2296
50025968700,"Windham, VT (CT)",1913,49,1962,4221,106,4327
50027965000,"Windsor, VT (CT)",1162,391,1553,2561,853,3414
50027965100,"Windsor, VT (CT)",1471,0,1471,2773,0,2773
50027965200,"Windsor, VT (CT)",1691,0,1691,2870,0,2870
50027965300,"Windsor, VT (CT)",184,0,184,299,0,299
50027965400,"Windsor, VT (CT)",2548,0,2548,4089,0,4089
50027965501,"Windsor, VT (CT)",2175,171,2346,2622,376,2998
50027965502,"Windsor, VT (CT)",825,608,1433,1722,1089,2811
50027965600,"Windsor, VT (CT)",86,1951,2037,174,3969,4143
50027965700,"Windsor, VT (CT)",1584,0,1584,3393,0,3393
50027965800,"Windsor, VT (CT)",1893,0,1893,3048,0,3048
50027965900,"Windsor, VT (CT)",2799,0,2799,3320,0,3320
50027966000,"Windsor, VT (CT)",495,1217,1712,1150,2403,3553
50027966100,"Windsor, VT (CT)",1261,166,1427,2553,272,2825
50027966200,"Windsor, VT (CT)",1065,0,1065,1611,0,1611
50027966300,"Windsor, VT (CT)",3285,0,3285,1963,0,1963
50027966500,"Windsor, VT (CT)",2766,0,2766,4187,0,4187
50027966600,"Windsor, VT (CT)",925,1498,2423,1897,3178,5075
50027966700,"Windsor, VT (CT)",1064,837,1901,2604,1694,4298
51001090100,"Accomack, VA (CT)",4517,0,4517,2941,0,2941
51001090200,"Accomack, VA (CT)",4259,0,4259,6156,0,6156
51001090300,"Accomack, VA (CT)",1221,0,1221,2335,0,2335
51001090400,"Accomack, VA (CT)",2687,0,2687,6234,0,6234
51001090500,"Accomack, VA (CT)",1361,0,1361,2849,0,2849
51001090600,"Accomack, VA (CT)",2558,0,2558,4401,0,4401
51001090700,"Accomack, VA (CT)",2571,0,2571,4907,0,4907
51001090800,"Accomack, VA (CT)",1825,0,1825,3336,0,3336
51001980100,"Accomack, VA (CT)",2,0,2,0,0,0
51001980200,"Accomack, VA (CT)",1,0,1,5,0,5
51001990100,"Accomack, VA (CT)",0,0,0,0,0,0
51001990200,"Accomack, VA (CT)",0,0,0,0,0,0
51003010100,"Albemarle, VA (CT)",2273,0,2273,5190,0,5190
51003010201,"Albemarle, VA (CT)",1370,451,1821,3539,1125,4664
51003010202,"Albemarle, VA (CT)",1333,15,1348,3037,40,3077
51003010300,"Albemarle, VA (CT)",425,2779,3204,858,7240,8098
51003010401,"Albemarle, VA (CT)",2062,0,2062,4331,0,4331
51003010402,"Albemarle, VA (CT)",1358,24,1382,3275,39,3314
51003010500,"Albemarle, VA (CT)",600,1897,2497,1393,3150,4543
51003010601,"Albemarle, VA (CT)",0,2665,2665,0,5817,5817
51003010602,"Albemarle, VA (CT)",0,1298,1298,0,2697,2697
51003010700,"Albemarle, VA (CT)",0,2814,2814,0,6145,6145
51003010800,"Albemarle, VA (CT)",386,2484,2870,884,4441,5325
51003010901,"Albemarle, VA (CT)",0,840,840,0,1900,1900
51003010902,"Albemarle, VA (CT)",0,514,514,0,3191,3191
51003010903,"Albemarle, VA (CT)",0,25,25,0,2613,2613
51003011000,"Albemarle, VA (CT)",1915,763,2678,4344,1948,6292
51003011100,"Albemarle, VA (CT)",638,2215,2853,1497,5527,7024
51003011201,"Albemarle, VA (CT)",1884,0,1884,4092,0,4092
51003011202,"Albemarle, VA (CT)",1208,205,1413,2848,565,3413
51003011301,"Albemarle, VA (CT)",2153,212,2365,4920,470,5390
51003011302,"Albemarle, VA (CT)",0,1700,1700,0,3765,3765
51003011303,"Albemarle, VA (CT)",0,1544,1544,0,3738,3738
51003011400,"Albemarle, VA (CT)",2072,0,2072,4351,0,4351
51005070100,"Alleghany, VA (CT)",0,2069,2069,0,3959,3959
51005080100,"Alleghany, VA (CT)",1109,590,1699,2054,1308,3362
51005080201,"Alleghany, VA (CT)",685,686,1371,1438,1404,2842
51005080202,"Alleghany, VA (CT)",726,487,1213,1564,1065,2629
51005080301,"Alleghany, VA (CT)",892,0,892,1905,0,1905
51005080302,"Alleghany, VA (CT)",830,0,830,1553,0,1553
51007930100,"Amelia, VA (CT)",2915,0,2915,6913,0,6913
51007930200,"Amelia, VA (CT)",2444,0,2444,5777,0,5777
51009010100,"Amherst, VA (CT)",2604,0,2604,5288,0,5288
51009010200,"Amherst, VA (CT)",2752,96,2848,6459,779,7238
51009010300,"Amherst, VA (CT)",1488,11,1499,3455,22,3477
51009010401,"Amherst, VA (CT)",772,690,1462,1814,1561,3375
51009010402,"Amherst, VA (CT)",273,1090,1363,603,2430,3033
51009010502,"Amherst, VA (CT)",86,100,186,160,663,823
51009010503,"Amherst, VA (CT)",258,809,1067,530,1793,2323
51009010504,"Amherst, VA (CT)",1,1750,1751,1,4037,4038
51009010600,"Amherst, VA (CT)",1001,195,1196,2287,471,2758
51011040100,"Appomattox, VA (CT)",2975,0,2975,6450,0,6450
51011040200,"Appomattox, VA (CT)",1929,0,1929,4202,0,4202
51011040300,"Appomattox, VA (CT)",2017,0,2017,4321,0,4321
51013100100,"Arlington, VA (CT)",0,1702,1702,0,4672,4672
51013100200,"Arlington, VA (CT)",0,2189,2189,0,6019,6019
51013100300,"Arlington, VA (CT)",0,2116,2116,0,6213,6213
51013100400,"Arlington, VA (CT)",0,1319,1319,0,3502,3502
51013100500,"Arlington, VA (CT)",0,1637,1637,0,4305,4305
51013100600,"Arlington, VA (CT)",0,1306,1306,0,3076,3076
51013100700,"Arlington, VA (CT)",0,2216,2216,0,5149,5149
51013100800,"Arlington, VA (CT)",0,529,529,0,1525,1525
51013100900,"Arlington, VA (CT)",0,1747,1747,0,4092,4092
51013101000,"Arlington, VA (CT)",0,1248,1248,0,3078,3078
51013101100,"Arlington, VA (CT)",0,2040,2040,0,5159,5159
51013101200,"Arlington, VA (CT)",0,1330,1330,0,3537,3537
51013101300,"Arlington, VA (CT)",0,2325,2325,0,6091,6091
51013101401,"Arlington, VA (CT)",0,762,762,0,1225,1225
51013101402,"Arlington, VA (CT)",0,1459,1459,0,2712,2712
51013101403,"Arlington, VA (CT)",0,3971,3971,0,5609,5609
51013101404,"Arlington, VA (CT)",0,2849,2849,0,4255,4255
51013101500,"Arlington, VA (CT)",0,3762,3762,0,7101,7101
51013101601,"Arlington, VA (CT)",0,707,707,0,1313,1313
51013101602,"Arlington, VA (CT)",0,1061,1061,0,1580,1580
51013101603,"Arlington, VA (CT)",0,2203,2203,0,3526,3526
51013101701,"Arlington, VA (CT)",0,2232,2232,0,4166,4166
51013101702,"Arlington, VA (CT)",0,3510,3510,0,4965,4965
51013101703,"Arlington, VA (CT)",0,1548,1548,0,2324,2324
51013101801,"Arlington, VA (CT)",0,1664,1664,0,2662,2662
51013101802,"Arlington, VA (CT)",0,3660,3660,0,6072,6072
51013101803,"Arlington, VA (CT)",0,2141,2141,0,3882,3882
51013101900,"Arlington, VA (CT)",0,1174,1174,0,2755,2755
51013102001,"Arlington, VA (CT)",0,1160,1160,0,2248,2248
51013102002,"Arlington, VA (CT)",0,619,619,0,1334,1334
51013102003,"Arlington, VA (CT)",0,2361,2361,0,4370,4370
51013102100,"Arlington, VA (CT)",0,929,929,0,2266,2266
51013102200,"Arlington, VA (CT)",0,2697,2697,0,7575,7575
51013102301,"Arlington, VA (CT)",0,614,614,0,1464,1464
51013102302,"Arlington, VA (CT)",0,1497,1497,0,3913,3913
51013102400,"Arlington, VA (CT)",0,1640,1640,0,3519,3519
51013102500,"Arlington, VA (CT)",0,2251,2251,0,4173,4173
51013102600,"Arlington, VA (CT)",0,1162,1162,0,3179,3179
51013102701,"Arlington, VA (CT)",0,1503,1503,0,3383,3383
51013102702,"Arlington, VA (CT)",0,836,836,0,1764,1764
51013102801,"Arlington, VA (CT)",0,3121,3121,0,6390,6390
51013102802,"Arlington, VA (CT)",0,507,507,0,1234,1234
51013102901,"Arlington, VA (CT)",0,1714,1714,0,2740,2740
51013102902,"Arlington, VA (CT)",0,2737,2737,0,4461,4461
51013103000,"Arlington, VA (CT)",0,1730,1730,0,3093,3093
51013103100,"Arlington, VA (CT)",0,2132,2132,0,5198,5198
51013103200,"Arlington, VA (CT)",0,2933,2933,0,5306,5306
51013103300,"Arlington, VA (CT)",0,1202,1202,0,2237,2237
51013103401,"Arlington, VA (CT)",0,60,60,0,646,646
51013103402,"Arlington, VA (CT)",0,4211,4211,0,5231,5231
51013103501,"Arlington, VA (CT)",0,2517,2517,0,3456,3456
51013103502,"Arlington, VA (CT)",0,2610,2610,0,3350,3350
51013103503,"Arlington, VA (CT)",0,2884,2884,0,4109,4109
51013103601,"Arlington, VA (CT)",0,1034,1034,0,2458,2458
51013103602,"Arlington, VA (CT)",0,829,829,0,1210,1210
51013103700,"Arlington, VA (CT)",0,1021,1021,0,2416,2416
51013103800,"Arlington, VA (CT)",0,2480,2480,0,4333,4333
51013980100,"Arlington, VA (CT)",0,1,1,0,2,2
51013980200,"Arlington, VA (CT)",0,5,5,0,4,4
51015070100,"Augusta, VA (CT)",1522,0,1522,3968,0,3968
51015070200,"Augusta, VA (CT)",1596,0,1596,3754,0,3754
51015070300,"Augusta, VA (CT)",1464,938,2402,3566,2522,6088
51015070400,"Augusta, VA (CT)",1934,315,2249,4512,795,5307
51015070500,"Augusta, VA (CT)",1938,340,2278,4454,786,5240
51015070600,"Augusta, VA (CT)",1268,2566,3834,3012,6206,9218
51015070700,"Augusta, VA (CT)",1483,1168,2651,3282,3407,6689
51015070800,"Augusta, VA (CT)",2499,226,2725,5739,527,6266
51015070900,"Augusta, VA (CT)",1538,752,2290,3464,1472,4936
51015071000,"Augusta, VA (CT)",2481,0,2481,5939,0,5939
51015071101,"Augusta, VA (CT)",377,1610,1987,915,3715,4630
51015071102,"Augusta, VA (CT)",875,1463,2338,1944,3791,5735
51015071200,"Augusta, VA (CT)",2196,645,2841,4449,1531,5980
51017920100,"Bath, VA (CT)",3270,0,3270,4731,0,4731
51019030101,"Bedford, VA (CT)",1993,656,2649,4867,1772,6639
51019030103,"Bedford, VA (CT)",89,2156,2245,196,5023,5219
51019030104,"Bedford, VA (CT)",0,1901,1901,0,4374,4374
51019030201,"Bedford, VA (CT)",2161,776,2937,5712,2349,8061
51019030202,"Bedford, VA (CT)",2452,33,2485,5511,81,5592
51019030300,"Bedford, VA (CT)",1837,0,1837,3739,0,3739
51019030401,"Bedford, VA (CT)",1350,80,1430,2747,158,2905
51019030402,"Bedford, VA (CT)",2706,267,2973,6213,577,6790
51019030501,"Bedford, VA (CT)",1937,0,1937,4075,0,4075
51019030503,"Bedford, VA (CT)",2519,0,2519,2410,0,2410
51019030504,"Bedford, VA (CT)",1847,0,1847,3018,0,3018
51019030601,"Bedford, VA (CT)",1575,0,1575,3502,0,3502
51019030602,"Bedford, VA (CT)",1447,200,1647,3269,399,3668
51019030603,"Bedford, VA (CT)",1170,30,1200,2618,67,2685
51019030604,"Bedford, VA (CT)",1247,0,1247,2688,0,2688
51019030605,"Bedford, VA (CT)",1504,4,1508,3299,12,3311
51021040100,"Bland, VA (CT)",1653,0,1653,3901,0,3901
51021040200,"Bland, VA (CT)",1612,0,1612,2923,0,2923
51023040100,"Botetourt, VA (CT)",1885,19,1904,3454,44,3498
51023040200,"Botetourt, VA (CT)",2099,0,2099,4294,0,4294
51023040301,"Botetourt, VA (CT)",1247,0,1247,2954,0,2954
51023040302,"Botetourt, VA (CT)",2099,1027,3126,5004,2563,7567
51023040401,"Botetourt, VA (CT)",856,207,1063,1812,389,2201
51023040402,"Botetourt, VA (CT)",308,1769,2077,683,4215,4898
51023040501,"Botetourt, VA (CT)",727,1704,2431,1837,4493,6330
51023040502,"Botetourt, VA (CT)",510,105,615,1209,197,1406
51025930100,"Brunswick, VA (CT)",1902,0,1902,3663,0,3663
51025930201,"Brunswick, VA (CT)",952,24,976,1961,360,2321
51025930202,"Brunswick, VA (CT)",0,1,1,0,1715,1715
51025930203,"Brunswick, VA (CT)",1187,822,2009,2421,1957,4378
51025930300,"Brunswick, VA (CT)",3167,111,3278,5119,238,5357
51027010100,"Buchanan, VA (CT)",2392,0,2392,5163,0,5163
51027010200,"Buchanan, VA (CT)",1550,0,1550,3137,0,3137
51027010300,"Buchanan, VA (CT)",1602,0,1602,3286,0,3286
51027010400,"Buchanan, VA (CT)",1288,0,1288,2344,0,2344
51027010500,"Buchanan, VA (CT)",758,0,758,1516,0,1516
51027010600,"Buchanan, VA (CT)",1960,0,1960,4623,0,4623
51027010700,"Buchanan, VA (CT)",2026,0,2026,4029,0,4029
51029930101,"Buckingham, VA (CT)",1933,0,1933,3945,0,3945
51029930102,"Buckingham, VA (CT)",1460,0,1460,3077,0,3077
51029930201,"Buckingham, VA (CT)",1594,0,1594,5669,0,5669
51029930202,"Buckingham, VA (CT)",2257,0,2257,4455,0,4455
51031020101,"Campbell, VA (CT)",2189,400,2589,5110,754,5864
51031020102,"Campbell, VA (CT)",1998,0,1998,4727,0,4727
51031020200,"Campbell, VA (CT)",1440,791,2231,3165,1814,4979
51031020300,"Campbell, VA (CT)",0,1680,1680,0,3857,3857
51031020401,"Campbell, VA (CT)",0,2533,2533,0,5304,5304
51031020402,"Campbell, VA (CT)",0,1288,1288,0,2915,2915
51031020403,"Campbell, VA (CT)",1008,1284,2292,2322,3103,5425
51031020500,"Campbell, VA (CT)",3163,0,3163,7163,0,7163
51031020600,"Campbell, VA (CT)",1757,97,1854,3695,218,3913
51031020700,"Campbell, VA (CT)",53,1617,1670,91,3361,3452
51031020800,"Campbell, VA (CT)",1592,0,1592,3413,0,3413
51031020900,"Campbell, VA (CT)",1879,0,1879,3830,0,3830
51033030100,"Caroline, VA (CT)",1620,0,1620,3966,0,3966
51033030201,"Caroline, VA (CT)",993,0,993,2565,0,2565
51033030202,"Caroline, VA (CT)",839,0,839,1915,0,1915
51033030300,"Caroline, VA (CT)",1306,0,1306,3170,0,3170
51033030400,"Caroline, VA (CT)",790,0,790,1899,0,1899
51033030500,"Caroline, VA (CT)",2316,2517,4833,5587,6165,11752
51033030600,"Caroline, VA (CT)",1348,0,1348,3278,0,3278
51035080100,"Carroll, VA (CT)",1964,0,1964,3695,0,3695
51035080200,"Carroll, VA (CT)",2354,0,2354,4962,0,4962
51035080300,"Carroll, VA (CT)",2484,29,2513,4865,60,4925
51035080400,"Carroll, VA (CT)",2635,327,2962,4671,651,5322
51035080500,"Carroll, VA (CT)",3011,0,3011,4767,0,4767
51035080601,"Carroll, VA (CT)",1209,49,1258,1908,109,2017
51035080602,"Carroll, VA (CT)",2490,17,2507,4316,38,4354
51036600100,"Charles City, VA (CT)",1227,0,1227,2726,0,2726
51036600200,"Charles City, VA (CT)",995,0,995,2338,0,2338
51036600300,"Charles City, VA (CT)",1007,0,1007,2192,0,2192
51037930100,"Charlotte, VA (CT)",2928,0,2928,6032,0,6032
51037930200,"Charlotte, VA (CT)",1469,0,1469,2888,0,2888
51037930300,"Charlotte, VA (CT)",1876,0,1876,3666,0,3666
51041100106,"Chesterfield, VA (CT)",0,1198,1198,0,3010,3010
51041100107,"Chesterfield, VA (CT)",0,1177,1177,0,2240,2240
51041100205,"Chesterfield, VA (CT)",0,2939,2939,0,7278,7278
51041100206,"Chesterfield, VA (CT)",0,2367,2367,0,6231,6231
51041100208,"Chesterfield, VA (CT)",0,1062,1062,0,2584,2584
51041100209,"Chesterfield, VA (CT)",0,2534,2534,0,6269,6269
51041100210,"Chesterfield, VA (CT)",0,656,656,0,1637,1637
51041100300,"Chesterfield, VA (CT)",0,1055,1055,0,2457,2457
51041100403,"Chesterfield, VA (CT)",309,2100,2409,760,4749,5509
51041100404,"Chesterfield, VA (CT)",0,1043,1043,0,2384,2384
51041100405,"Chesterfield, VA (CT)",0,837,837,0,2352,2352
51041100406,"Chesterfield, VA (CT)",0,626,626,0,1272,1272
51041100407,"Chesterfield, VA (CT)",0,1341,1341,0,3299,3299
51041100409,"Chesterfield, VA (CT)",0,2429,2429,0,6369,6369
51041100410,"Chesterfield, VA (CT)",0,1135,1135,0,2188,2188
51041100505,"Chesterfield, VA (CT)",0,2104,2104,0,5040,5040
51041100506,"Chesterfield, VA (CT)",5,2312,2317,6,6593,6599
51041100507,"Chesterfield, VA (CT)",178,1950,2128,450,5384,5834
51041100508,"Chesterfield, VA (CT)",21,1884,1905,44,4997,5041
51041100509,"Chesterfield, VA (CT)",5,2193,2198,17,6561,6578
51041100510,"Chesterfield, VA (CT)",0,1538,1538,0,3242,3242
51041100600,"Chesterfield, VA (CT)",0,786,786,0,3893,3893
51041100701,"Chesterfield, VA (CT)",30,2130,2160,65,5609,5674
51041100702,"Chesterfield, VA (CT)",477,316,793,1156,855,2011
51041100703,"Chesterfield, VA (CT)",2337,475,2812,6132,1237,7369
51041100804,"Chesterfield, VA (CT)",0,1818,1818,0,4498,4498
51041100805,"Chesterfield, VA (CT)",0,1903,1903,0,5053,5053
51041100806,"Chesterfield, VA (CT)",0,1573,1573,0,3909,3909
51041100807,"Chesterfield, VA (CT)",0,618,618,0,1510,1510
51041100812,"Chesterfield, VA (CT)",54,2106,2160,125,5682,5807
51041100814,"Chesterfield, VA (CT)",0,1322,1322,0,3524,3524
51041100815,"Chesterfield, VA (CT)",0,1457,1457,0,3970,3970
51041100816,"Chesterfield, VA (CT)",0,1676,1676,0,4636,4636
51041100817,"Chesterfield, VA (CT)",0,1296,1296,0,3530,3530
51041100818,"Chesterfield, VA (CT)",0,1351,1351,0,3770,3770
51041100819,"Chesterfield, VA (CT)",0,2470,2470,0,6273,6273
51041100820,"Chesterfield, VA (CT)",2,877,879,3,2577,2580
51041100821,"Chesterfield, VA (CT)",779,945,1724,2320,2353,4673
51041100822,"Chesterfield, VA (CT)",478,1464,1942,1176,3908,5084
51041100823,"Chesterfield, VA (CT)",0,2108,2108,0,5075,5075
51041100902,"Chesterfield, VA (CT)",0,1600,1600,0,3804,3804
51041100907,"Chesterfield, VA (CT)",0,1234,1234,0,2694,2694
51041100910,"Chesterfield, VA (CT)",0,2052,2052,0,5351,5351
51041100912,"Chesterfield, VA (CT)",0,2541,2541,0,6268,6268
51041100915,"Chesterfield, VA (CT)",0,1861,1861,0,4084,4084
51041100919,"Chesterfield, VA (CT)",0,2510,2510,0,6332,6332
51041100920,"Chesterfield, VA (CT)",0,495,495,0,813,813
51041100921,"Chesterfield, VA (CT)",0,2762,2762,0,6365,6365
51041100922,"Chesterfield, VA (CT)",0,2044,2044,0,5164,5164
51041100923,"Chesterfield, VA (CT)",0,1147,1147,0,2782,2782
51041100924,"Chesterfield, VA (CT)",65,1506,1571,182,4172,4354
51041100926,"Chesterfield, VA (CT)",0,2341,2341,0,6063,6063
51041100927,"Chesterfield, VA (CT)",371,2492,2863,999,6325,7324
51041100928,"Chesterfield, VA (CT)",178,2154,2332,322,4755,5077
51041100929,"Chesterfield, VA (CT)",0,2411,2411,0,6206,6206
51041100930,"Chesterfield, VA (CT)",0,1191,1191,0,3508,3508
51041100931,"Chesterfield, VA (CT)",0,2096,2096,0,5383,5383
51041100932,"Chesterfield, VA (CT)",0,1261,1261,0,3508,3508
51041100933,"Chesterfield, VA (CT)",0,1183,1183,0,2720,2720
51041100934,"Chesterfield, VA (CT)",0,2530,2530,0,6316,6316
51041100935,"Chesterfield, VA (CT)",0,1403,1403,0,3720,3720
51041100936,"Chesterfield, VA (CT)",0,1377,1377,0,3873,3873
51041101003,"Chesterfield, VA (CT)",877,574,1451,2589,1926,4515
51041101004,"Chesterfield, VA (CT)",809,857,1666,2179,2548,4727
51041101007,"Chesterfield, VA (CT)",0,2435,2435,0,6264,6264
51041101008,"Chesterfield, VA (CT)",0,1373,1373,0,4146,4146
51041101009,"Chesterfield, VA (CT)",46,1848,1894,48,5793,5841
51041101010,"Chesterfield, VA (CT)",0,2603,2603,0,7077,7077
51041101011,"Chesterfield, VA (CT)",0,1074,1074,0,3200,3200
51041101012,"Chesterfield, VA (CT)",0,2266,2266,0,5216,5216
51041101013,"Chesterfield, VA (CT)",79,1063,1142,176,3113,3289
51043010100,"Clarke, VA (CT)",1640,1839,3479,4041,4277,8318
51043010200,"Clarke, VA (CT)",1421,0,1421,3055,0,3055
51043010300,"Clarke, VA (CT)",1335,0,1335,2661,0,2661
51045050100,"Craig, VA (CT)",2809,0,2809,5190,0,5190
51047930101,"Culpeper, VA (CT)",1328,255,1583,3359,684,4043
51047930102,"Culpeper, VA (CT)",3062,0,3062,8301,0,8301
51047930201,"Culpeper, VA (CT)",389,2199,2588,952,6222,7174
51047930202,"Culpeper, VA (CT)",2325,0,2325,5820,0,5820
51047930300,"Culpeper, VA (CT)",281,2232,2513,798,5734,6532
51047930400,"Culpeper, VA (CT)",1558,305,1863,4064,723,4787
51047930501,"Culpeper, VA (CT)",1429,126,1555,4931,296,5227
51047930502,"Culpeper, VA (CT)",301,1867,2168,686,4119,4805
51049930100,"Cumberland, VA (CT)",2970,0,2970,6516,0,6516
51049930200,"Cumberland, VA (CT)",1448,208,1656,3134,402,3536
51051040100,"Dickenson, VA (CT)",2032,0,2032,4459,0,4459
51051040200,"Dickenson, VA (CT)",1415,0,1415,2895,0,2895
51051040300,"Dickenson, VA (CT)",2609,0,2609,5393,0,5393
51051040400,"Dickenson, VA (CT)",1523,0,1523,3156,0,3156
51053840100,"Dinwiddie, VA (CT)",2519,0,2519,5720,0,5720
51053840200,"Dinwiddie, VA (CT)",1800,0,1800,4309,0,4309
51053840300,"Dinwiddie, VA (CT)",27,2505,2532,59,6417,6476
51053840400,"Dinwiddie, VA (CT)",0,235,235,0,1079,1079
51053840500,"Dinwiddie, VA (CT)",1221,275,1496,3012,566,3578
51053840600,"Dinwiddie, VA (CT)",2840,0,2840,6839,0,6839
51053980100,"Dinwiddie, VA (CT)",0,0,0,0,0,0
51057950600,"Essex, VA (CT)",1735,0,1735,3865,0,3865
51057950700,"Essex, VA (CT)",800,1231,2031,1627,2534,4161
51057950800,"Essex, VA (CT)",1991,0,1991,3125,0,3125
51059415100,"Fairfax, VA (CT)",0,1294,1294,0,3411,3411
51059415200,"Fairfax, VA (CT)",0,1946,1946,0,3107,3107
51059415300,"Fairfax, VA (CT)",0,1502,1502,0,3763,3763
51059415401,"Fairfax, VA (CT)",0,2153,2153,0,5135,5135
51059415402,"Fairfax, VA (CT)",0,1135,1135,0,2691,2691
51059415500,"Fairfax, VA (CT)",0,2347,2347,0,5806,5806
51059415600,"Fairfax, VA (CT)",0,1063,1063,0,2640,2640
51059415700,"Fairfax, VA (CT)",0,1373,1373,0,3821,3821
51059415800,"Fairfax, VA (CT)",0,1717,1717,0,4752,4752
51059415900,"Fairfax, VA (CT)",0,1207,1207,0,3160,3160
51059416000,"Fairfax, VA (CT)",0,2082,2082,0,5522,5522
51059416100,"Fairfax, VA (CT)",0,1484,1484,0,3734,3734
51059416200,"Fairfax, VA (CT)",158,1254,1412,622,4658,5280
51059416300,"Fairfax, VA (CT)",605,195,800,1502,503,2005
51059420100,"Fairfax, VA (CT)",0,1170,1170,0,4158,4158
51059420201,"Fairfax, VA (CT)",0,1290,1290,0,3672,3672
51059420202,"Fairfax, VA (CT)",0,1136,1136,0,1941,1941
51059420203,"Fairfax, VA (CT)",0,980,980,0,2637,2637
51059420300,"Fairfax, VA (CT)",0,2137,2137,0,5814,5814
51059420400,"Fairfax, VA (CT)",0,1992,1992,0,2958,2958
51059420501,"Fairfax, VA (CT)",0,1129,1129,0,1578,1578
51059420502,"Fairfax, VA (CT)",0,1059,1059,0,1700,1700
51059420503,"Fairfax, VA (CT)",0,1219,1219,0,2506,2506
51059420600,"Fairfax, VA (CT)",0,1728,1728,0,4334,4334
51059420700,"Fairfax, VA (CT)",0,1442,1442,0,4095,4095
51059420800,"Fairfax, VA (CT)",0,1212,1212,0,3661,3661
51059421001,"Fairfax, VA (CT)",0,979,979,0,2663,2663
51059421002,"Fairfax, VA (CT)",0,2091,2091,0,4947,4947
51059421101,"Fairfax, VA (CT)",0,2158,2158,0,5683,5683
51059421102,"Fairfax, VA (CT)",0,1480,1480,0,3296,3296
51059421103,"Fairfax, VA (CT)",0,2029,2029,0,5261,5261
51059421200,"Fairfax, VA (CT)",0,692,692,0,1926,1926
51059421300,"Fairfax, VA (CT)",0,1459,1459,0,3690,3690
51059421400,"Fairfax, VA (CT)",0,2673,2673,0,7158,7158
51059421500,"Fairfax, VA (CT)",0,2385,2385,0,7001,7001
51059421600,"Fairfax, VA (CT)",0,2211,2211,0,6342,6342
51059421701,"Fairfax, VA (CT)",0,1491,1491,0,4546,4546
51059421702,"Fairfax, VA (CT)",0,1260,1260,0,4054,4054
51059421800,"Fairfax, VA (CT)",0,2529,2529,0,5862,5862
51059421900,"Fairfax, VA (CT)",0,815,815,0,2216,2216
51059422000,"Fairfax, VA (CT)",0,1352,1352,0,3439,3439
51059422101,"Fairfax, VA (CT)",0,2542,2542,0,6674,6674
51059422102,"Fairfax, VA (CT)",0,2083,2083,0,6101,6101
51059422201,"Fairfax, VA (CT)",0,1002,1002,0,3394,3394
51059422202,"Fairfax, VA (CT)",0,1956,1956,0,5518,5518
51059422301,"Fairfax, VA (CT)",0,1356,1356,0,3085,3085
51059422302,"Fairfax, VA (CT)",0,2669,2669,0,5572,5572
51059422401,"Fairfax, VA (CT)",0,1307,1307,0,2475,2475
51059422402,"Fairfax, VA (CT)",0,2114,2114,0,4805,4805
51059422403,"Fairfax, VA (CT)",0,972,972,0,2695,2695
51059430101,"Fairfax, VA (CT)",0,1545,1545,0,4569,4569
51059430102,"Fairfax, VA (CT)",0,1034,1034,0,2939,2939
51059430201,"Fairfax, VA (CT)",0,1416,1416,0,4176,4176
51059430202,"Fairfax, VA (CT)",0,1631,1631,0,5048,5048
51059430203,"Fairfax, VA (CT)",0,909,909,0,2691,2691
51059430400,"Fairfax, VA (CT)",0,2310,2310,0,6799,6799
51059430500,"Fairfax, VA (CT)",0,571,571,0,1690,1690
51059430600,"Fairfax, VA (CT)",0,1814,1814,0,7048,7048
51059430700,"Fairfax, VA (CT)",0,928,928,0,2729,2729
51059430801,"Fairfax, VA (CT)",0,1599,1599,0,4452,4452
51059430802,"Fairfax, VA (CT)",0,2010,2010,0,4197,4197
51059430901,"Fairfax, VA (CT)",0,1428,1428,0,4203,4203
51059430902,"Fairfax, VA (CT)",0,1088,1088,0,3399,3399
51059431001,"Fairfax, VA (CT)",0,1657,1657,0,4914,4914
51059431002,"Fairfax, VA (CT)",0,754,754,0,2192,2192
51059431300,"Fairfax, VA (CT)",0,1424,1424,0,4234,4234
51059431400,"Fairfax, VA (CT)",0,1486,1486,0,4283,4283
51059431500,"Fairfax, VA (CT)",0,2033,2033,0,5325,5325
51059431600,"Fairfax, VA (CT)",0,3485,3485,0,8219,8219
51059431801,"Fairfax, VA (CT)",0,1446,1446,0,4061,4061
51059431802,"Fairfax, VA (CT)",0,1031,1031,0,3216,3216
51059431900,"Fairfax, VA (CT)",0,1058,1058,0,3187,3187
51059432000,"Fairfax, VA (CT)",0,1163,1163,0,3430,3430
51059432100,"Fairfax, VA (CT)",0,1496,1496,0,3518,3518
51059432201,"Fairfax, VA (CT)",0,1056,1056,0,2536,2536
51059432202,"Fairfax, VA (CT)",0,1614,1614,0,4535,4535
51059432300,"Fairfax, VA (CT)",0,1735,1735,0,4997,4997
51059432401,"Fairfax, VA (CT)",0,1179,1179,0,3539,3539
51059432402,"Fairfax, VA (CT)",0,1666,1666,0,4932,4932
51059432500,"Fairfax, VA (CT)",0,1888,1888,0,5417,5417
51059432600,"Fairfax, VA (CT)",0,1551,1551,0,4783,4783
51059432701,"Fairfax, VA (CT)",0,1088,1088,0,3210,3210
51059432702,"Fairfax, VA (CT)",0,1499,1499,0,4325,4325
51059432800,"Fairfax, VA (CT)",0,768,768,0,2241,2241
51059440100,"Fairfax, VA (CT)",0,2766,2766,0,7135,7135
51059440201,"Fairfax, VA (CT)",0,1091,1091,0,2233,2233
51059440202,"Fairfax, VA (CT)",0,2289,2289,0,5815,5815
51059440300,"Fairfax, VA (CT)",0,945,945,0,2665,2665
51059440501,"Fairfax, VA (CT)",0,1659,1659,0,4942,4942
51059440502,"Fairfax, VA (CT)",0,783,783,0,7906,7906
51059440600,"Fairfax, VA (CT)",0,949,949,0,2846,2846
51059440701,"Fairfax, VA (CT)",0,985,985,0,2901,2901
51059440702,"Fairfax, VA (CT)",0,1810,1810,0,5151,5151
51059440800,"Fairfax, VA (CT)",0,2129,2129,0,5874,5874
51059450100,"Fairfax, VA (CT)",0,2331,2331,0,5442,5442
51059450200,"Fairfax, VA (CT)",0,1331,1331,0,4608,4608
51059450300,"Fairfax, VA (CT)",0,1735,1735,0,4806,4806
51059450400,"Fairfax, VA (CT)",0,967,967,0,2631,2631
51059450500,"Fairfax, VA (CT)",0,884,884,0,3016,3016
51059450601,"Fairfax, VA (CT)",0,1413,1413,0,4023,4023
51059450602,"Fairfax, VA (CT)",0,1976,1976,0,4639,4639
51059450701,"Fairfax, VA (CT)",0,979,979,0,2779,2779
51059450702,"Fairfax, VA (CT)",0,1476,1476,0,4399,4399
51059450800,"Fairfax, VA (CT)",0,1211,1211,0,3321,3321
51059450900,"Fairfax, VA (CT)",0,600,600,0,1688,1688
51059451000,"Fairfax, VA (CT)",0,907,907,0,2711,2711
51059451100,"Fairfax, VA (CT)",0,843,843,0,2307,2307
51059451200,"Fairfax, VA (CT)",0,646,646,0,1699,1699
51059451300,"Fairfax, VA (CT)",0,922,922,0,2397,2397
51059451400,"Fairfax, VA (CT)",0,1344,1344,0,3218,3218
51059451501,"Fairfax, VA (CT)",0,2423,2423,0,6037,6037
51059451502,"Fairfax, VA (CT)",0,2060,2060,0,4288,4288
51059451601,"Fairfax, VA (CT)",0,1591,1591,0,6047,6047
51059451602,"Fairfax, VA (CT)",0,1138,1138,0,2803,2803
51059451800,"Fairfax, VA (CT)",0,1108,1108,0,3395,3395
51059451900,"Fairfax, VA (CT)",0,2391,2391,0,6215,6215
51059452000,"Fairfax, VA (CT)",0,1116,1116,0,2831,2831
51059452101,"Fairfax, VA (CT)",0,1708,1708,0,4864,4864
51059452102,"Fairfax, VA (CT)",0,1142,1142,0,3149,3149
51059452200,"Fairfax, VA (CT)",0,2197,2197,0,6767,6767
51059452301,"Fairfax, VA (CT)",0,1596,1596,0,3659,3659
51059452302,"Fairfax, VA (CT)",0,1732,1732,0,4882,4882
51059452400,"Fairfax, VA (CT)",0,2415,2415,0,7093,7093
51059452501,"Fairfax, VA (CT)",0,1394,1394,0,3873,3873
51059452502,"Fairfax, VA (CT)",0,1598,1598,0,5130,5130
51059452600,"Fairfax, VA (CT)",0,2700,2700,0,6116,6116
51059452700,"Fairfax, VA (CT)",0,1990,1990,0,5539,5539
51059452801,"Fairfax, VA (CT)",0,2598,2598,0,5185,5185
51059452802,"Fairfax, VA (CT)",0,1625,1625,0,2936,2936
51059460100,"Fairfax, VA (CT)",0,1427,1427,0,4286,4286
51059460200,"Fairfax, VA (CT)",0,1341,1341,0,3973,3973
51059460300,"Fairfax, VA (CT)",0,967,967,0,2830,2830
51059460400,"Fairfax, VA (CT)",0,2001,2001,0,4882,4882
51059460501,"Fairfax, VA (CT)",0,872,872,0,2599,2599
51059460502,"Fairfax, VA (CT)",0,2772,2772,0,6708,6708
51059460600,"Fairfax, VA (CT)",0,1318,1318,0,3849,3849
51059460701,"Fairfax, VA (CT)",0,1167,1167,0,3528,3528
51059460702,"Fairfax, VA (CT)",0,1587,1587,0,4294,4294
51059460800,"Fairfax, VA (CT)",0,1165,1165,0,3034,3034
51059460900,"Fairfax, VA (CT)",0,886,886,0,2387,2387
51059461000,"Fairfax, VA (CT)",0,881,881,0,2444,2444
51059461100,"Fairfax, VA (CT)",0,2734,2734,0,7336,7336
51059461201,"Fairfax, VA (CT)",0,1538,1538,0,4424,4424
51059461202,"Fairfax, VA (CT)",0,2089,2089,0,4660,4660
51059461500,"Fairfax, VA (CT)",0,2511,2511,0,6380,6380
51059461601,"Fairfax, VA (CT)",0,2567,2567,0,6237,6237
51059461602,"Fairfax, VA (CT)",0,2057,2057,0,3916,3916
51059461700,"Fairfax, VA (CT)",0,2449,2449,0,6594,6594
51059461801,"Fairfax, VA (CT)",0,613,613,0,1370,1370
51059461802,"Fairfax, VA (CT)",0,2505,2505,0,5167,5167
51059461901,"Fairfax, VA (CT)",0,1410,1410,0,3708,3708
51059461902,"Fairfax, VA (CT)",0,620,620,0,1775,1775
51059470100,"Fairfax, VA (CT)",0,982,982,0,2732,2732
51059470300,"Fairfax, VA (CT)",0,1178,1178,0,3253,3253
51059470400,"Fairfax, VA (CT)",0,1750,1750,0,4843,4843
51059470500,"Fairfax, VA (CT)",0,2221,2221,0,5403,5403
51059470600,"Fairfax, VA (CT)",0,1155,1155,0,2676,2676
51059470700,"Fairfax, VA (CT)",0,1943,1943,0,5392,5392
51059470800,"Fairfax, VA (CT)",0,1116,1116,0,2988,2988
51059470900,"Fairfax, VA (CT)",0,2744,2744,0,7263,7263
51059471000,"Fairfax, VA (CT)",0,909,909,0,2106,2106
51059471100,"Fairfax, VA (CT)",0,2458,2458,0,6477,6477
51059471201,"Fairfax, VA (CT)",0,1728,1728,0,3164,3164
51059471202,"Fairfax, VA (CT)",0,2389,2389,0,4593,4593
51059471301,"Fairfax, VA (CT)",0,1628,1628,0,3985,3985
51059471303,"Fairfax, VA (CT)",0,1896,1896,0,3887,3887
51059471304,"Fairfax, VA (CT)",0,661,661,0,1803,1803
51059471401,"Fairfax, VA (CT)",0,1434,1434,0,3647,3647
51059471402,"Fairfax, VA (CT)",0,1234,1234,0,3495,3495
51059480100,"Fairfax, VA (CT)",806,695,1501,2286,1953,4239
51059480201,"Fairfax, VA (CT)",0,1555,1555,0,4592,4592
51059480202,"Fairfax, VA (CT)",0,2263,2263,0,2971,2971
51059480203,"Fairfax, VA (CT)",0,1156,1156,0,2054,2054
51059480300,"Fairfax, VA (CT)",321,2075,2396,834,6271,7105
51059480401,"Fairfax, VA (CT)",0,1427,1427,0,4526,4526
51059480402,"Fairfax, VA (CT)",0,1973,1973,0,5936,5936
51059480501,"Fairfax, VA (CT)",0,1102,1102,0,3604,3604
51059480502,"Fairfax, VA (CT)",0,1960,1960,0,5784,5784
51059480503,"Fairfax, VA (CT)",0,1226,1226,0,3401,3401
51059480504,"Fairfax, VA (CT)",0,864,864,0,2047,2047
51059480505,"Fairfax, VA (CT)",0,1553,1553,0,3136,3136
51059480801,"Fairfax, VA (CT)",0,1587,1587,0,5051,5051
51059480802,"Fairfax, VA (CT)",0,1384,1384,0,3685,3685
51059480901,"Fairfax, VA (CT)",0,1945,1945,0,6641,6641
51059480902,"Fairfax, VA (CT)",0,1369,1369,0,3578,3578
51059480903,"Fairfax, VA (CT)",0,1528,1528,0,4337,4337
51059481000,"Fairfax, VA (CT)",0,1942,1942,0,5843,5843
51059481101,"Fairfax, VA (CT)",0,1178,1178,0,1961,1961
51059481102,"Fairfax, VA (CT)",0,1382,1382,0,3064,3064
51059481103,"Fairfax, VA (CT)",0,1257,1257,0,3324,3324
51059481104,"Fairfax, VA (CT)",0,1175,1175,0,2567,2567
51059481105,"Fairfax, VA (CT)",0,1706,1706,0,5539,5539
51059481106,"Fairfax, VA (CT)",0,1722,1722,0,5355,5355
51059481201,"Fairfax, VA (CT)",0,393,393,0,1220,1220
51059481202,"Fairfax, VA (CT)",0,2061,2061,0,6438,6438
51059481400,"Fairfax, VA (CT)",0,2786,2786,0,6298,6298
51059481500,"Fairfax, VA (CT)",0,828,828,0,2289,2289
51059481600,"Fairfax, VA (CT)",0,1147,1147,0,3392,3392
51059481701,"Fairfax, VA (CT)",0,2032,2032,0,6078,6078
51059481702,"Fairfax, VA (CT)",0,2021,2021,0,4136,4136
51059481900,"Fairfax, VA (CT)",0,2286,2286,0,5567,5567
51059482001,"Fairfax, VA (CT)",0,1740,1740,0,4801,4801
51059482002,"Fairfax, VA (CT)",0,1872,1872,0,3587,3587
51059482100,"Fairfax, VA (CT)",0,1603,1603,0,3240,3240
51059482201,"Fairfax, VA (CT)",0,956,956,0,2114,2114
51059482202,"Fairfax, VA (CT)",0,2098,2098,0,3500,3500
51059482203,"Fairfax, VA (CT)",0,2468,2468,0,3960,3960
51059482301,"Fairfax, VA (CT)",0,2288,2288,0,4609,4609
51059482302,"Fairfax, VA (CT)",0,1823,1823,0,4585,4585
51059482303,"Fairfax, VA (CT)",0,1803,1803,0,3430,3430
51059482400,"Fairfax, VA (CT)",0,783,783,0,2378,2378
51059482501,"Fairfax, VA (CT)",0,3133,3133,0,7560,7560
51059482502,"Fairfax, VA (CT)",0,1038,1038,0,3078,3078
51059482503,"Fairfax, VA (CT)",0,1551,1551,0,4947,4947
51059482504,"Fairfax, VA (CT)",0,1668,1668,0,5416,5416
51059482601,"Fairfax, VA (CT)",0,2399,2399,0,7229,7229
51059482602,"Fairfax, VA (CT)",0,2312,2312,0,6971,6971
51059490101,"Fairfax, VA (CT)",0,1907,1907,0,5250,5250
51059490103,"Fairfax, VA (CT)",12,1858,1870,33,5478,5511
51059490501,"Fairfax, VA (CT)",0,1357,1357,0,3281,3281
51059490502,"Fairfax, VA (CT)",0,2133,2133,0,6312,6312
51059491000,"Fairfax, VA (CT)",267,327,594,861,1053,1914
51059491101,"Fairfax, VA (CT)",0,1180,1180,0,3847,3847
51059491102,"Fairfax, VA (CT)",0,1134,1134,0,3507,3507
51059491103,"Fairfax, VA (CT)",0,2148,2148,0,6424,6424
51059491201,"Fairfax, VA (CT)",0,2332,2332,0,6213,6213
51059491202,"Fairfax, VA (CT)",0,894,894,0,1549,1549
51059491301,"Fairfax, VA (CT)",118,2012,2130,343,6334,6677
51059491302,"Fairfax, VA (CT)",0,1442,1442,0,3359,3359
51059491303,"Fairfax, VA (CT)",0,1579,1579,0,3838,3838
51059491401,"Fairfax, VA (CT)",0,1950,1950,0,4863,4863
51059491402,"Fairfax, VA (CT)",0,1420,1420,0,4116,4116
51059491403,"Fairfax, VA (CT)",0,1155,1155,0,3689,3689
51059491404,"Fairfax, VA (CT)",0,1338,1338,0,3960,3960
51059491405,"Fairfax, VA (CT)",0,839,839,0,2790,2790
51059491501,"Fairfax, VA (CT)",0,2423,2423,0,7015,7015
51059491502,"Fairfax, VA (CT)",0,2114,2114,0,7079,7079
51059491601,"Fairfax, VA (CT)",0,1675,1675,0,4942,4942
51059491602,"Fairfax, VA (CT)",0,1592,1592,0,5210,5210
51059491701,"Fairfax, VA (CT)",0,1841,1841,0,3588,3588
51059491702,"Fairfax, VA (CT)",0,3506,3506,0,6967,6967
51059491703,"Fairfax, VA (CT)",0,2433,2433,0,4548,4548
51059491704,"Fairfax, VA (CT)",0,2265,2265,0,4969,4969
51059491705,"Fairfax, VA (CT)",0,924,924,0,3327,3327
51059491801,"Fairfax, VA (CT)",0,1171,1171,0,2349,2349
51059491802,"Fairfax, VA (CT)",0,1161,1161,0,2861,2861
51059491803,"Fairfax, VA (CT)",0,2737,2737,0,6798,6798
51059492000,"Fairfax, VA (CT)",83,2101,2184,230,6219,6449
51059492100,"Fairfax, VA (CT)",828,1372,2200,2316,3997,6313
51059492201,"Fairfax, VA (CT)",930,48,978,2606,155,2761
51059492202,"Fairfax, VA (CT)",0,2208,2208,0,6844,6844
51059492203,"Fairfax, VA (CT)",0,1253,1253,0,4065,4065
51059492300,"Fairfax, VA (CT)",0,1092,1092,0,3330,3330
51059492400,"Fairfax, VA (CT)",0,1784,1784,0,4603,4603
51059492500,"Fairfax, VA (CT)",1231,210,1441,3446,618,4064
51059980100,"Fairfax, VA (CT)",0,2,2,0,10,10
51059980200,"Fairfax, VA (CT)",0,0,0,0,0,0
51059980300,"Fairfax, VA (CT)",0,2,2,0,4,4
51061930100,"Fauquier, VA (CT)",2679,0,2679,5551,0,5551
51061930203,"Fauquier, VA (CT)",1311,1,1312,2698,4,2702
51061930204,"Fauquier, VA (CT)",1417,0,1417,3367,0,3367
51061930205,"Fauquier, VA (CT)",724,0,724,1678,0,1678
51061930206,"Fauquier, VA (CT)",854,0,854,2133,0,2133
51061930207,"Fauquier, VA (CT)",595,1,596,1658,2,1660
51061930302,"Fauquier, VA (CT)",523,2509,3032,1337,6112,7449
51061930303,"Fauquier, VA (CT)",259,1190,1449,651,2962,3613
51061930304,"Fauquier, VA (CT)",752,137,889,1837,384,2221
51061930401,"Fauquier, VA (CT)",704,894,1598,1877,2690,4567
51061930402,"Fauquier, VA (CT)",311,1635,1946,866,4848,5714
51061930403,"Fauquier, VA (CT)",1073,1467,2540,2624,4091,6715
51061930703,"Fauquier, VA (CT)",948,0,948,2521,0,2521
51061930704,"Fauquier, VA (CT)",1452,0,1452,3799,0,3799
51061930705,"Fauquier, VA (CT)",755,642,1397,1943,1709,3652
51061930706,"Fauquier, VA (CT)",424,1548,1972,1193,4409,5602
51061930707,"Fauquier, VA (CT)",657,138,795,1756,503,2259
51063920101,"Floyd, VA (CT)",2977,0,2977,6177,0,6177
51063920102,"Floyd, VA (CT)",1933,0,1933,3753,0,3753
51063920200,"Floyd, VA (CT)",2880,0,2880,5349,0,5349
51065020101,"Fluvanna, VA (CT)",1558,240,1798,4939,632,5571
51065020102,"Fluvanna, VA (CT)",182,3864,4046,445,8896,9341
51065020200,"Fluvanna, VA (CT)",2351,0,2351,5468,0,5468
51065020300,"Fluvanna, VA (CT)",2188,0,2188,5311,0,5311
51067020101,"Franklin, VA (CT)",4301,0,4301,5194,0,5194
51067020102,"Franklin, VA (CT)",2556,0,2556,2508,0,2508
51067020200,"Franklin, VA (CT)",2320,147,2467,5194,335,5529
51067020300,"Franklin, VA (CT)",3053,0,3053,6127,0,6127
51067020400,"Franklin, VA (CT)",2011,474,2485,4513,935,5448
51067020500,"Franklin, VA (CT)",3605,64,3669,8039,96,8135
51067020600,"Franklin, VA (CT)",1725,0,1725,3774,0,3774
51067020700,"Franklin, VA (CT)",2874,3,2877,5906,8,5914
51067020800,"Franklin, VA (CT)",882,2117,2999,2047,4519,6566
51067020900,"Franklin, VA (CT)",3123,60,3183,6809,155,6964
51069050100,"Frederick, VA (CT)",1292,368,1660,3250,839,4089
51069050200,"Frederick, VA (CT)",1467,79,1546,3719,161,3880
51069050300,"Frederick, VA (CT)",2535,3,2538,5983,16,5999
51069050400,"Frederick, VA (CT)",3021,17,3038,6707,41,6748
51069050500,"Frederick, VA (CT)",1575,442,2017,3840,1119,4959
51069050600,"Frederick, VA (CT)",1025,798,1823,2694,1745,4439
51069050700,"Frederick, VA (CT)",1182,0,1182,2740,0,2740
51069050801,"Frederick, VA (CT)",986,616,1602,2371,1515,3886
51069050802,"Frederick, VA (CT)",381,2395,2776,935,6339,7274
51069050803,"Frederick, VA (CT)",0,2620,2620,0,6921,6921
51069050900,"Frederick, VA (CT)",764,1130,1894,1796,2561,4357
51069051000,"Frederick, VA (CT)",0,3656,3656,0,9391,9391
51069051101,"Frederick, VA (CT)",249,2152,2401,685,6420,7105
51069051102,"Frederick, VA (CT)",150,2443,2593,339,6178,6517
51071930100,"Giles, VA (CT)",1053,0,1053,2176,0,2176
51071930200,"Giles, VA (CT)",2005,0,2005,3856,0,3856
51071930300,"Giles, VA (CT)",1051,1565,2616,2190,3378,5568
51071930400,"Giles, VA (CT)",1480,1165,2645,3236,2450,5686
51073100100,"Gloucester, VA (CT)",3209,0,3209,7565,0,7565
51073100201,"Gloucester, VA (CT)",1790,483,2273,4365,1444,5809
51073100202,"Gloucester, VA (CT)",1047,451,1498,2593,1065,3658
51073100203,"Gloucester, VA (CT)",1188,621,1809,2427,1668,4095
51073100301,"Gloucester, VA (CT)",43,2537,2580,100,5446,5546
51073100302,"Gloucester, VA (CT)",1237,779,2016,3034,1950,4984
51073100400,"Gloucester, VA (CT)",677,3,680,1341,3,1344
51073100500,"Gloucester, VA (CT)",1124,663,1787,2395,1462,3857
51075400100,"Goochland, VA (CT)",2359,268,2627,5575,653,6228
51075400200,"Goochland, VA (CT)",1795,0,1795,4264,0,4264
51075400300,"Goochland, VA (CT)",66,0,66,1406,0,1406
51075400400,"Goochland, VA (CT)",2274,0,2274,5556,0,5556
51075400500,"Goochland, VA (CT)",1856,0,1856,4263,0,4263
51077060101,"Grayson, VA (CT)",1759,5,1764,3087,8,3095
51077060102,"Grayson, VA (CT)",2117,4,2121,4146,11,4157
51077060201,"Grayson, VA (CT)",1857,0,1857,3004,0,3004
51077060202,"Grayson, VA (CT)",2047,0,2047,3158,0,3158
51077060300,"Grayson, VA (CT)",1367,0,1367,2119,0,2119
51079030101,"Greene, VA (CT)",1347,469,1816,2718,1147,3865
51079030102,"Greene, VA (CT)",1655,537,2192,3908,1485,5393
51079030200,"Greene, VA (CT)",1152,2349,3501,2804,6341,9145
51081880101,"Greensville, VA (CT)",1639,298,1937,3435,885,4320
51081880102,"Greensville, VA (CT)",0,0,0,3276,0,3276
51081880200,"Greensville, VA (CT)",1871,282,2153,3942,705,4647
51083930100,"Halifax, VA (CT)",1603,0,1603,2969,0,2969
51083930201,"Halifax, VA (CT)",2657,0,2657,5164,0,5164
51083930202,"Halifax, VA (CT)",1292,0,1292,2516,0,2516
51083930301,"Halifax, VA (CT)",1313,0,1313,2576,0,2576
51083930302,"Halifax, VA (CT)",2190,52,2242,4533,104,4637
51083930400,"Halifax, VA (CT)",1931,4,1935,3778,18,3796
51083930500,"Halifax, VA (CT)",1628,356,1984,3278,821,4099
51083930600,"Halifax, VA (CT)",1258,1555,2813,2819,3374,6193
51083930800,"Halifax, VA (CT)",147,2018,2165,302,3989,4291
51085320100,"Hanover, VA (CT)",2509,0,2509,6367,0,6367
51085320200,"Hanover, VA (CT)",2227,0,2227,5891,0,5891
51085320300,"Hanover, VA (CT)",1575,0,1575,4061,0,4061
51085320400,"Hanover, VA (CT)",979,945,1924,2315,2113,4428
51085320500,"Hanover, VA (CT)",1137,128,1265,2777,224,3001
51085320601,"Hanover, VA (CT)",143,1319,1462,339,3904,4243
51085320602,"Hanover, VA (CT)",66,1346,1412,126,2972,3098
51085320701,"Hanover, VA (CT)",929,263,1192,2181,653,2834
51085320702,"Hanover, VA (CT)",973,0,973,2999,0,2999
51085320801,"Hanover, VA (CT)",419,520,939,1053,1524,2577
51085320803,"Hanover, VA (CT)",49,1657,1706,124,5157,5281
51085320804,"Hanover, VA (CT)",0,1736,1736,0,5058,5058
51085320805,"Hanover, VA (CT)",0,1000,1000,0,2938,2938
51085320900,"Hanover, VA (CT)",63,2856,2919,164,7397,7561
51085321001,"Hanover, VA (CT)",0,1452,1452,0,3461,3461
51085321002,"Hanover, VA (CT)",455,2304,2759,1203,6317,7520
51085321100,"Hanover, VA (CT)",0,2327,2327,0,5504,5504
51085321201,"Hanover, VA (CT)",66,1742,1808,138,4417,4555
51085321202,"Hanover, VA (CT)",149,1556,1705,375,3540,3915
51085321300,"Hanover, VA (CT)",280,2020,2300,687,5649,6336
51085321401,"Hanover, VA (CT)",825,1,826,2100,3,2103
51085321402,"Hanover, VA (CT)",1292,0,1292,3270,0,3270
51085321403,"Hanover, VA (CT)",1052,0,1052,2862,0,2862
51087200104,"Henrico, VA (CT)",0,2466,2466,0,5186,5186
51087200105,"Henrico, VA (CT)",0,2693,2693,0,6130,6130
51087200106,"Henrico, VA (CT)",0,1997,1997,0,4516,4516
51087200107,"Henrico, VA (CT)",0,3371,3371,0,7854,7854
51087200108,"Henrico, VA (CT)",32,961,993,80,2608,2688
51087200109,"Henrico, VA (CT)",0,1402,1402,0,3636,3636
51087200112,"Henrico, VA (CT)",0,2391,2391,0,5181,5181
51087200116,"Henrico, VA (CT)",0,2723,2723,0,5689,5689
51087200119,"Henrico, VA (CT)",0,3746,3746,0,9108,9108
51087200120,"Henrico, VA (CT)",0,3274,3274,0,7805,7805
51087200121,"Henrico, VA (CT)",0,2709,2709,0,6839,6839
51087200122,"Henrico, VA (CT)",0,1574,1574,0,4379,4379
51087200123,"Henrico, VA (CT)",0,1434,1434,0,3032,3032
51087200124,"Henrico, VA (CT)",0,2196,2196,0,4457,4457
51087200125,"Henrico, VA (CT)",0,1885,1885,0,3897,3897
51087200126,"Henrico, VA (CT)",0,2212,2212,0,3627,3627
51087200127,"Henrico, VA (CT)",0,2577,2577,0,5419,5419
51087200128,"Henrico, VA (CT)",0,1991,1991,0,4531,4531
51087200129,"Henrico, VA (CT)",52,3946,3998,125,11639,11764
51087200130,"Henrico, VA (CT)",0,2521,2521,0,7140,7140
51087200201,"Henrico, VA (CT)",0,1151,1151,0,2645,2645
51087200202,"Henrico, VA (CT)",0,1574,1574,0,3914,3914
51087200301,"Henrico, VA (CT)",0,676,676,0,1250,1250
51087200302,"Henrico, VA (CT)",0,1526,1526,0,3115,3115
51087200303,"Henrico, VA (CT)",0,1583,1583,0,3639,3639
51087200305,"Henrico, VA (CT)",0,1759,1759,0,4136,4136
51087200404,"Henrico, VA (CT)",0,1345,1345,0,2959,2959
51087200406,"Henrico, VA (CT)",0,3832,3832,0,8986,8986
51087200407,"Henrico, VA (CT)",0,2067,2067,0,4791,4791
51087200409,"Henrico, VA (CT)",0,701,701,0,2397,2397
51087200410,"Henrico, VA (CT)",0,2473,2473,0,4713,4713
51087200411,"Henrico, VA (CT)",0,2616,2616,0,5435,5435
51087200412,"Henrico, VA (CT)",0,1093,1093,0,2130,2130
51087200413,"Henrico, VA (CT)",0,1917,1917,0,4566,4566
51087200414,"Henrico, VA (CT)",0,2062,2062,0,5815,5815
51087200501,"Henrico, VA (CT)",0,845,845,0,2154,2154
51087200502,"Henrico, VA (CT)",0,936,936,0,2061,2061
51087200503,"Henrico, VA (CT)",0,1631,1631,0,3769,3769
51087200600,"Henrico, VA (CT)",0,2402,2402,0,4839,4839
51087200700,"Henrico, VA (CT)",0,2103,2103,0,3586,3586
51087200801,"Henrico, VA (CT)",0,1581,1581,0,3167,3167
51087200802,"Henrico, VA (CT)",0,909,909,0,1924,1924
51087200804,"Henrico, VA (CT)",0,2786,2786,0,5759,5759
51087200805,"Henrico, VA (CT)",0,1625,1625,0,4091,4091
51087200903,"Henrico, VA (CT)",0,2836,2836,0,6706,6706
51087200904,"Henrico, VA (CT)",0,2765,2765,0,6057,6057
51087200905,"Henrico, VA (CT)",0,2105,2105,0,5046,5046
51087200906,"Henrico, VA (CT)",0,1756,1756,0,4300,4300
51087201001,"Henrico, VA (CT)",241,2281,2522,674,5173,5847
51087201002,"Henrico, VA (CT)",0,1244,1244,0,2929,2929
51087201003,"Henrico, VA (CT)",0,2529,2529,0,6020,6020
51087201101,"Henrico, VA (CT)",0,3091,3091,0,6920,6920
51087201102,"Henrico, VA (CT)",0,1908,1908,0,4277,4277
51087201201,"Henrico, VA (CT)",607,2221,2828,1265,5238,6503
51087201202,"Henrico, VA (CT)",0,2562,2562,0,6091,6091
51087201401,"Henrico, VA (CT)",0,2194,2194,0,4942,4942
51087201403,"Henrico, VA (CT)",358,2078,2436,721,5095,5816
51087201404,"Henrico, VA (CT)",1343,484,1827,3251,1037,4288
51087201501,"Henrico, VA (CT)",18,3826,3844,32,9840,9872
51087201502,"Henrico, VA (CT)",649,1226,1875,1527,3198,4725
51087201601,"Henrico, VA (CT)",1273,0,1273,3151,0,3151
51087201602,"Henrico, VA (CT)",989,1200,2189,2277,2639,4916
51087201701,"Henrico, VA (CT)",0,1648,1648,0,3810,3810
51087980100,"Henrico, VA (CT)",0,0,0,0,0,0
51089010100,"Henry, VA (CT)",12,1994,2006,21,3944,3965
51089010200,"Henry, VA (CT)",215,2279,2494,583,4529,5112
51089010300,"Henry, VA (CT)",1572,1070,2642,3232,2411,5643
51089010400,"Henry, VA (CT)",1677,89,1766,3690,185,3875
51089010500,"Henry, VA (CT)",1867,145,2012,3789,325,4114
51089010601,"Henry, VA (CT)",216,1115,1331,485,2314,2799
51089010602,"Henry, VA (CT)",986,990,1976,2021,2004,4025
51089010700,"Henry, VA (CT)",1559,106,1665,3337,182,3519
51089010800,"Henry, VA (CT)",740,587,1327,1405,1159,2564
51089010900,"Henry, VA (CT)",1343,0,1343,2755,0,2755
51089011000,"Henry, VA (CT)",2491,0,2491,5147,0,5147
51089011100,"Henry, VA (CT)",433,965,1398,873,1823,2696
51089011200,"Henry, VA (CT)",924,863,1787,1831,1937,3768
51089011300,"Henry, VA (CT)",1814,216,2030,3712,457,4169
51091970100,"Highland, VA (CT)",1837,0,1837,2321,0,2321
51093280101,"Isle of Wight, VA (CT)",1471,269,1740,3208,799,4007
51093280103,"Isle of Wight, VA (CT)",758,2048,2806,1796,4894,6690
51093280104,"Isle of Wight, VA (CT)",0,1737,1737,0,4454,4454
51093280105,"Isle of Wight, VA (CT)",721,1030,1751,1849,2187,4036
51093280106,"Isle of Wight, VA (CT)",233,835,1068,595,2168,2763
51093280200,"Isle of Wight, VA (CT)",1563,0,1563,3791,0,3791
51093280300,"Isle of Wight, VA (CT)",2238,0,2238,5490,0,5490
51093280400,"Isle of Wight, VA (CT)",1488,242,1730,3511,528,4039
51095080101,"James City, VA (CT)",5,3090,3095,6,5557,5563
51095080102,"James City, VA (CT)",64,1345,1409,208,3806,4014
51095080202,"James City, VA (CT)",0,2275,2275,0,5426,5426
51095080203,"James City, VA (CT)",130,1616,1746,334,3176,3510
51095080205,"James City, VA (CT)",0,1450,1450,0,3040,3040
51095080206,"James City, VA (CT)",47,4900,4947,107,9614,9721
51095080301,"James City, VA (CT)",848,2835,3683,1754,7109,8863
51095080303,"James City, VA (CT)",223,2991,3214,542,7103,7645
51095080304,"James City, VA (CT)",415,2001,2416,880,4777,5657
51095080401,"James City, VA (CT)",2237,432,2669,5646,1179,6825
51095080402,"James City, VA (CT)",448,2445,2893,1145,5600,6745
51097950400,"King and Queen, VA (CT)",1906,0,1906,3881,0,3881
51097950500,"King and Queen, VA (CT)",1508,0,1508,3064,0,3064
51099040100,"King George, VA (CT)",883,1273,2156,1957,3020,4977
51099040200,"King George, VA (CT)",1618,0,1618,4130,0,4130
51099040300,"King George, VA (CT)",2608,315,2923,6561,1028,7589
51099040400,"King George, VA (CT)",733,852,1585,1680,2262,3942
51099040500,"King George, VA (CT)",1190,5,1195,2933,13,2946
51101950101,"King William, VA (CT)",1647,0,1647,4194,0,4194
51101950102,"King William, VA (CT)",2395,0,2395,5985,0,5985
51101950200,"King William, VA (CT)",1045,0,1045,2341,0,2341
51101950300,"King William, VA (CT)",302,1133,1435,740,2675,3415
51103030100,"Lancaster, VA (CT)",2357,0,2357,3500,0,3500
51103030200,"Lancaster, VA (CT)",2303,0,2303,4098,0,4098
51103030300,"Lancaster, VA (CT)",2742,0,2742,3793,0,3793
51103990100,"Lancaster, VA (CT)",0,0,0,0,0,0
51105950100,"Lee, VA (CT)",1658,0,1658,3438,0,3438
51105950200,"Lee, VA (CT)",1828,60,1888,4102,112,4214
51105950300,"Lee, VA (CT)",1956,0,1956,5532,0,5532
51105950400,"Lee, VA (CT)",1634,0,1634,3309,0,3309
51105950500,"Lee, VA (CT)",2492,0,2492,4914,0,4914
51105950600,"Lee, VA (CT)",2117,0,2117,4180,0,4180
51107610101,"Loudoun, VA (CT)",1174,262,1436,3170,673,3843
51107610102,"Loudoun, VA (CT)",953,401,1354,2638,1102,3740
51107610201,"Loudoun, VA (CT)",1484,37,1521,4122,146,4268
51107610202,"Loudoun, VA (CT)",618,824,1442,1704,2572,4276
51107610300,"Loudoun, VA (CT)",2345,24,2369,6564,78,6642
51107610400,"Loudoun, VA (CT)",123,1516,1639,334,4113,4447
51107610503,"Loudoun, VA (CT)",22,2127,2149,80,7024,7104
51107610504,"Loudoun, VA (CT)",0,2516,2516,0,6850,6850
51107610505,"Loudoun, VA (CT)",0,2111,2111,0,5887,5887
51107610506,"Loudoun, VA (CT)",0,1454,1454,0,4581,4581
51107610507,"Loudoun, VA (CT)",0,2136,2136,0,6305,6305
51107610601,"Loudoun, VA (CT)",93,2430,2523,281,6649,6930
51107610602,"Loudoun, VA (CT)",265,340,605,821,1340,2161
51107610603,"Loudoun, VA (CT)",0,1303,1303,0,2700,2700
51107610604,"Loudoun, VA (CT)",11,2174,2185,289,6258,6547
51107610701,"Loudoun, VA (CT)",397,1075,1472,1236,3426,4662
51107610702,"Loudoun, VA (CT)",107,1791,1898,331,5374,5705
51107610703,"Loudoun, VA (CT)",954,817,1771,2556,2192,4748
51107610800,"Loudoun, VA (CT)",2476,0,2476,5940,0,5940
51107610900,"Loudoun, VA (CT)",1252,0,1252,2292,0,2292
51107611002,"Loudoun, VA (CT)",0,1795,1795,0,3869,3869
51107611004,"Loudoun, VA (CT)",7,2290,2297,21,6871,6892
51107611005,"Loudoun, VA (CT)",0,1842,1842,0,5389,5389
51107611006,"Loudoun, VA (CT)",0,1619,1619,0,4997,4997
51107611009,"Loudoun, VA (CT)",0,1585,1585,0,5410,5410
51107611010,"Loudoun, VA (CT)",0,1165,1165,0,1617,1617
51107611011,"Loudoun, VA (CT)",0,1475,1475,0,3450,3450
51107611012,"Loudoun, VA (CT)",0,1325,1325,0,4313,4313
51107611013,"Loudoun, VA (CT)",0,1399,1399,0,3956,3956
51107611014,"Loudoun, VA (CT)",0,1607,1607,0,4397,4397
51107611015,"Loudoun, VA (CT)",0,818,818,0,2170,2170
51107611016,"Loudoun, VA (CT)",0,1022,1022,0,2305,2305
51107611017,"Loudoun, VA (CT)",0,1333,1333,0,3148,3148
51107611018,"Loudoun, VA (CT)",0,1133,1133,0,2228,2228
51107611019,"Loudoun, VA (CT)",0,1698,1698,0,5593,5593
51107611020,"Loudoun, VA (CT)",0,1831,1831,0,4832,4832
51107611021,"Loudoun, VA (CT)",0,1778,1778,0,5051,5051
51107611022,"Loudoun, VA (CT)",0,1800,1800,0,5872,5872
51107611023,"Loudoun, VA (CT)",0,1799,1799,0,5746,5746
51107611024,"Loudoun, VA (CT)",1477,15,1492,4402,54,4456
51107611025,"Loudoun, VA (CT)",35,1838,1873,112,4655,4767
51107611101,"Loudoun, VA (CT)",0,1761,1761,0,4329,4329
51107611102,"Loudoun, VA (CT)",0,2084,2084,0,6053,6053
51107611202,"Loudoun, VA (CT)",0,1816,1816,0,4744,4744
51107611204,"Loudoun, VA (CT)",0,1758,1758,0,5503,5503
51107611205,"Loudoun, VA (CT)",0,1768,1768,0,5774,5774
51107611206,"Loudoun, VA (CT)",0,1624,1624,0,4226,4226
51107611207,"Loudoun, VA (CT)",0,1413,1413,0,3979,3979
51107611208,"Loudoun, VA (CT)",0,1334,1334,0,4253,4253
51107611209,"Loudoun, VA (CT)",0,2293,2293,0,6503,6503
51107611300,"Loudoun, VA (CT)",0,2092,2092,0,5913,5913
51107611400,"Loudoun, VA (CT)",0,1646,1646,0,5273,5273
51107611501,"Loudoun, VA (CT)",0,1325,1325,0,3164,3164
51107611502,"Loudoun, VA (CT)",0,1916,1916,0,5702,5702
51107611601,"Loudoun, VA (CT)",0,1502,1502,0,3995,3995
51107611602,"Loudoun, VA (CT)",0,1311,1311,0,3850,3850
51107611700,"Loudoun, VA (CT)",0,2161,2161,0,6329,6329
51107611801,"Loudoun, VA (CT)",132,1757,1889,323,5248,5571
51107611802,"Loudoun, VA (CT)",0,2706,2706,0,8426,8426
51107611803,"Loudoun, VA (CT)",0,1926,1926,0,5775,5775
51107611804,"Loudoun, VA (CT)",1,1534,1535,2,4952,4954
51107611805,"Loudoun, VA (CT)",0,1490,1490,0,5110,5110
51107611806,"Loudoun, VA (CT)",404,1543,1947,1133,4802,5935
51107611900,"Loudoun, VA (CT)",260,1586,1846,1003,5859,6862
51107980100,"Loudoun, VA (CT)",0,1,1,0,2,2
51109950100,"Louisa, VA (CT)",4058,0,4058,7040,0,7040
51109950201,"Louisa, VA (CT)",2109,0,2109,4629,0,4629
51109950202,"Louisa, VA (CT)",2122,0,2122,3682,0,3682
51109950300,"Louisa, VA (CT)",4165,0,4165,8551,0,8551
51109950400,"Louisa, VA (CT)",1209,0,1209,2911,0,2911
51109950500,"Louisa, VA (CT)",2656,0,2656,6340,0,6340
51111930100,"Lunenburg, VA (CT)",2299,0,2299,5877,0,5877
51111930200,"Lunenburg, VA (CT)",2381,0,2381,4583,0,4583
51111930300,"Lunenburg, VA (CT)",1255,0,1255,2454,0,2454
51113930100,"Madison, VA (CT)",3017,0,3017,7333,0,7333
51113930200,"Madison, VA (CT)",2915,0,2915,5975,0,5975
51115951300,"Mathews, VA (CT)",2856,0,2856,4401,0,4401
51115951400,"Mathews, VA (CT)",2813,0,2813,4577,0,4577
51115990100,"Mathews, VA (CT)",0,0,0,0,0,0
51117930101,"Mecklenburg, VA (CT)",1149,301,1450,2537,606,3143
51117930102,"Mecklenburg, VA (CT)",2922,0,2922,2933,0,2933
51117930200,"Mecklenburg, VA (CT)",953,1896,2849,1989,3990,5979
51117930300,"Mecklenburg, VA (CT)",1360,0,1360,3276,0,3276
51117930400,"Mecklenburg, VA (CT)",1480,1271,2751,2896,2666,5562
51117930500,"Mecklenburg, VA (CT)",1281,0,1281,1886,0,1886
51117930600,"Mecklenburg, VA (CT)",1603,0,1603,3613,0,3613
51117930700,"Mecklenburg, VA (CT)",2196,0,2196,2478,0,2478
51117930800,"Mecklenburg, VA (CT)",2179,0,2179,3857,0,3857
51119950900,"Middlesex, VA (CT)",917,0,917,1600,0,1600
51119951000,"Middlesex, VA (CT)",2285,0,2285,3906,0,3906
51119951100,"Middlesex, VA (CT)",1604,0,1604,2880,0,2880
51119951200,"Middlesex, VA (CT)",2327,0,2327,2573,0,2573
51119990100,"Middlesex, VA (CT)",0,0,0,0,0,0
51121020100,"Montgomery, VA (CT)",0,2,2,0,8485,8485
51121020201,"Montgomery, VA (CT)",0,2627,2627,0,5567,5567
51121020202,"Montgomery, VA (CT)",0,1145,1145,0,2218,2218
51121020300,"Montgomery, VA (CT)",326,2669,2995,740,5836,6576
51121020400,"Montgomery, VA (CT)",0,2973,2973,0,7774,7774
51121020500,"Montgomery, VA (CT)",510,2063,2573,1174,4814,5988
51121020600,"Montgomery, VA (CT)",321,2233,2554,687,4522,5209
51121020700,"Montgomery, VA (CT)",226,2686,2912,485,5371,5856
51121020800,"Montgomery, VA (CT)",368,2694,3062,873,5726,6599
51121020900,"Montgomery, VA (CT)",324,1887,2211,775,4237,5012
51121021000,"Montgomery, VA (CT)",194,1932,2126,511,4119,4630
51121021100,"Montgomery, VA (CT)",0,3225,3225,0,7281,7281
51121021200,"Montgomery, VA (CT)",1764,1062,2826,3873,2438,6311
51121021300,"Montgomery, VA (CT)",1488,12,1500,3539,32,3571
51121021400,"Montgomery, VA (CT)",1908,400,2308,4193,910,5103
51121021500,"Montgomery, VA (CT)",2855,675,3530,6678,1534,8212
51125950100,"Nelson, VA (CT)",2849,0,2849,5696,0,5696
51125950200,"Nelson, VA (CT)",4641,0,4641,4911,0,4911
51125950300,"Nelson, VA (CT)",2441,0,2441,4413,0,4413
51127700100,"New Kent, VA (CT)",2276,0,2276,5734,0,5734
51127700200,"New Kent, VA (CT)",1748,0,1748,4377,0,4377
51127700300,"New Kent, VA (CT)",3271,0,3271,8318,0,8318
51131930100,"Northampton, VA (CT)",2487,0,2487,4376,0,4376
51131930200,"Northampton, VA (CT)",2080,0,2080,3820,0,3820
51131930300,"Northampton, VA (CT)",2734,0,2734,4193,0,4193
51131990100,"Northampton, VA (CT)",0,0,0,0,0,0
51133020100,"Northumberland, VA (CT)",2420,0,2420,3903,0,3903
51133020200,"Northumberland, VA (CT)",2209,0,2209,3135,0,3135
51133020300,"Northumberland, VA (CT)",4366,0,4366,5292,0,5292
51133990100,"Northumberland, VA (CT)",0,0,0,0,0,0
51135000100,"Nottoway, VA (CT)",1334,1476,2810,2804,3232,6036
51135000200,"Nottoway, VA (CT)",1197,57,1254,2606,113,2719
51135000300,"Nottoway, VA (CT)",1385,1190,2575,2854,4210,7064
51135980100,"Nottoway, VA (CT)",11,0,11,34,0,34
51137110102,"Orange, VA (CT)",3599,2,3601,8818,4,8822
51137110103,"Orange, VA (CT)",206,4368,4574,550,9231,9781
51137110104,"Orange, VA (CT)",1171,0,1171,2968,0,2968
51137110200,"Orange, VA (CT)",479,1786,2265,985,3949,4934
51137110300,"Orange, VA (CT)",2739,266,3005,6024,952,6976
51139030100,"Page, VA (CT)",854,377,1231,1761,821,2582
51139030200,"Page, VA (CT)",1613,698,2311,2566,1611,4177
51139030300,"Page, VA (CT)",1276,1149,2425,2667,2338,5005
51139030400,"Page, VA (CT)",2913,0,2913,6321,0,6321
51139030500,"Page, VA (CT)",2720,0,2720,5957,0,5957
51141030100,"Patrick, VA (CT)",2978,0,2978,5060,0,5060
51141030200,"Patrick, VA (CT)",3593,0,3593,6202,0,6202
51141030301,"Patrick, VA (CT)",1482,0,1482,3056,0,3056
51141030302,"Patrick, VA (CT)",2030,0,2030,4172,0,4172
51143010100,"Pittsylvania, VA (CT)",2177,0,2177,4315,0,4315
51143010200,"Pittsylvania, VA (CT)",1748,520,2268,3403,1084,4487
51143010300,"Pittsylvania, VA (CT)",2749,0,2749,4193,0,4193
51143010400,"Pittsylvania, VA (CT)",2140,0,2140,4054,0,4054
51143010500,"Pittsylvania, VA (CT)",2433,0,2433,5115,0,5115
51143010600,"Pittsylvania, VA (CT)",1640,0,1640,3034,0,3034
51143010700,"Pittsylvania, VA (CT)",1109,0,1109,1833,0,1833
51143010801,"Pittsylvania, VA (CT)",913,198,1111,2042,468,2510
51143010802,"Pittsylvania, VA (CT)",2974,28,3002,6298,71,6369
51143010900,"Pittsylvania, VA (CT)",1408,0,1408,2984,0,2984
51143011001,"Pittsylvania, VA (CT)",2056,0,2056,4539,0,4539
51143011002,"Pittsylvania, VA (CT)",1718,343,2061,3868,793,4661
51143011100,"Pittsylvania, VA (CT)",1401,0,1401,2929,0,2929
51143011200,"Pittsylvania, VA (CT)",1023,152,1175,1993,325,2318
51143011300,"Pittsylvania, VA (CT)",465,2262,2727,1091,5091,6182
51143011400,"Pittsylvania, VA (CT)",1263,587,1850,2689,1294,3983
51145500101,"Powhatan, VA (CT)",2392,54,2446,5814,91,5905
51145500102,"Powhatan, VA (CT)",2060,0,2060,5519,0,5519
51145500200,"Powhatan, VA (CT)",3410,0,3410,8844,0,8844
51145500300,"Powhatan, VA (CT)",171,0,171,2773,0,2773
51145500400,"Powhatan, VA (CT)",1956,0,1956,5005,0,5005
51147930100,"Prince Edward, VA (CT)",1422,1690,3112,3147,3532,6679
51147930201,"Prince Edward, VA (CT)",452,992,1444,1000,2666,3666
51147930202,"Prince Edward, VA (CT)",1614,0,1614,3571,0,3571
51147930203,"Prince Edward, VA (CT)",0,39,39,0,2399,2399
51147930300,"Prince Edward, VA (CT)",2940,0,2940,7053,0,7053
51149850100,"Prince George, VA (CT)",211,67,278,471,4612,5083
51149850200,"Prince George, VA (CT)",37,861,898,160,3300,3460
51149850301,"Prince George, VA (CT)",710,1995,2705,1602,5021,6623
51149850302,"Prince George, VA (CT)",1110,519,1629,2849,1281,4130
51149850400,"Prince George, VA (CT)",2117,0,2117,5182,0,5182
51149850501,"Prince George, VA (CT)",2339,34,2373,5898,86,5984
51149850502,"Prince George, VA (CT)",1174,882,2056,2916,2347,5263
51153900100,"Prince William, VA (CT)",0,1478,1478,0,3107,3107
51153900201,"Prince William, VA (CT)",0,687,687,0,2050,2050
51153900202,"Prince William, VA (CT)",0,1204,1204,0,3764,3764
51153900203,"Prince William, VA (CT)",0,1629,1629,0,4273,4273
51153900300,"Prince William, VA (CT)",0,3410,3410,0,7656,7656
51153900403,"Prince William, VA (CT)",0,1866,1866,0,5108,5108
51153900404,"Prince William, VA (CT)",0,1724,1724,0,5345,5345
51153900407,"Prince William, VA (CT)",0,2234,2234,0,6115,6115
51153900408,"Prince William, VA (CT)",0,1389,1389,0,4279,4279
51153900409,"Prince William, VA (CT)",0,1481,1481,0,4634,4634
51153900410,"Prince William, VA (CT)",0,1596,1596,0,4659,4659
51153900501,"Prince William, VA (CT)",0,2333,2333,0,7251,7251
51153900502,"Prince William, VA (CT)",0,820,820,0,2047,2047
51153900600,"Prince William, VA (CT)",0,2381,2381,0,7386,7386
51153900701,"Prince William, VA (CT)",0,1950,1950,0,4976,4976
51153900702,"Prince William, VA (CT)",0,2523,2523,0,7355,7355
51153900801,"Prince William, VA (CT)",0,1745,1745,0,5385,5385
51153900802,"Prince William, VA (CT)",0,2455,2455,0,6612,6612
51153900901,"Prince William, VA (CT)",0,2057,2057,0,5631,5631
51153900904,"Prince William, VA (CT)",0,1538,1538,0,5177,5177
51153900905,"Prince William, VA (CT)",0,1741,1741,0,4964,4964
51153901001,"Prince William, VA (CT)",112,2182,2294,285,5943,6228
51153901005,"Prince William, VA (CT)",0,1277,1277,0,4363,4363
51153901008,"Prince William, VA (CT)",0,2104,2104,0,5956,5956
51153901009,"Prince William, VA (CT)",0,2247,2247,0,6829,6829
51153901010,"Prince William, VA (CT)",0,1397,1397,0,4158,4158
51153901011,"Prince William, VA (CT)",0,1766,1766,0,5456,5456
51153901012,"Prince William, VA (CT)",0,1421,1421,0,3127,3127
51153901100,"Prince William, VA (CT)",0,1378,1378,117,4815,4932
51153901203,"Prince William, VA (CT)",0,1192,1192,0,3800,3800
51153901208,"Prince William, VA (CT)",0,1542,1542,0,3418,3418
51153901209,"Prince William, VA (CT)",0,2027,2027,0,6179,6179
51153901211,"Prince William, VA (CT)",0,1349,1349,0,4376,4376
51153901212,"Prince William, VA (CT)",0,2217,2217,0,7184,7184
51153901219,"Prince William, VA (CT)",169,1698,1867,460,5059,5519
51153901221,"Prince William, VA (CT)",0,2180,2180,0,5080,5080
51153901222,"Prince William, VA (CT)",0,889,889,0,2604,2604
51153901223,"Prince William, VA (CT)",0,2399,2399,0,6265,6265
51153901224,"Prince William, VA (CT)",0,1382,1382,0,4212,4212
51153901225,"Prince William, VA (CT)",0,1567,1567,0,4525,4525
51153901226,"Prince William, VA (CT)",0,1558,1558,0,5493,5493
51153901227,"Prince William, VA (CT)",0,1498,1498,0,4988,4988
51153901228,"Prince William, VA (CT)",0,1888,1888,0,6036,6036
51153901229,"Prince William, VA (CT)",0,1150,1150,0,3888,3888
51153901230,"Prince William, VA (CT)",0,1269,1269,0,4296,4296
51153901231,"Prince William, VA (CT)",74,1728,1802,186,5407,5593
51153901232,"Prince William, VA (CT)",0,1172,1172,0,4417,4417
51153901233,"Prince William, VA (CT)",0,2202,2202,0,7077,7077
51153901234,"Prince William, VA (CT)",288,623,911,919,1855,2774
51153901235,"Prince William, VA (CT)",0,1092,1092,0,3052,3052
51153901236,"Prince William, VA (CT)",0,1407,1407,0,4102,4102
51153901237,"Prince William, VA (CT)",0,1266,1266,0,3076,3076
51153901303,"Prince William, VA (CT)",0,1368,1368,0,4585,4585
51153901304,"Prince William, VA (CT)",0,948,948,0,2451,2451
51153901305,"Prince William, VA (CT)",1026,21,1047,2938,61,2999
51153901306,"Prince William, VA (CT)",671,1180,1851,2009,3202,5211
51153901403,"Prince William, VA (CT)",0,2706,2706,0,6438,6438
51153901407,"Prince William, VA (CT)",0,1444,1444,0,3727,3727
51153901408,"Prince William, VA (CT)",0,2758,2758,0,7291,7291
51153901409,"Prince William, VA (CT)",2,1870,1872,4,6131,6135
51153901410,"Prince William, VA (CT)",0,2020,2020,0,7472,7472
51153901411,"Prince William, VA (CT)",50,1734,1784,120,5371,5491
51153901412,"Prince William, VA (CT)",0,1688,1688,0,5768,5768
51153901413,"Prince William, VA (CT)",0,1233,1233,0,4100,4100
51153901414,"Prince William, VA (CT)",0,1616,1616,0,4809,4809
51153901415,"Prince William, VA (CT)",0,1143,1143,0,3853,3853
51153901416,"Prince William, VA (CT)",0,1381,1381,0,4659,4659
51153901417,"Prince William, VA (CT)",587,235,822,1577,645,2222
51153901503,"Prince William, VA (CT)",1000,906,1906,2916,2865,5781
51153901504,"Prince William, VA (CT)",458,1580,2038,577,2883,3460
51153901505,"Prince William, VA (CT)",0,2001,2001,0,6860,6860
51153901506,"Prince William, VA (CT)",0,1648,1648,0,5261,5261
51153901507,"Prince William, VA (CT)",0,943,943,0,2564,2564
51153901508,"Prince William, VA (CT)",0,1480,1480,0,4218,4218
51153901509,"Prince William, VA (CT)",1553,248,1801,4241,647,4888
51153901510,"Prince William, VA (CT)",4,1550,1554,13,4895,4908
51153901511,"Prince William, VA (CT)",128,760,888,386,1465,1851
51153901601,"Prince William, VA (CT)",0,1199,1199,0,3552,3552
51153901602,"Prince William, VA (CT)",0,2641,2641,0,7539,7539
51153901701,"Prince William, VA (CT)",0,2525,2525,0,7943,7943
51153901702,"Prince William, VA (CT)",0,1092,1092,0,3806,3806
51153901900,"Prince William, VA (CT)",0,1766,1766,0,5383,5383
51153980100,"Prince William, VA (CT)",1,0,1,0,0,0
51155210100,"Pulaski, VA (CT)",1774,1614,3388,3643,3349,6992
51155210201,"Pulaski, VA (CT)",89,1886,1975,227,3860,4087
51155210202,"Pulaski, VA (CT)",1106,692,1798,2417,1319,3736
51155210300,"Pulaski, VA (CT)",904,1395,2299,1918,2685,4603
51155210400,"Pulaski, VA (CT)",1520,1082,2602,2963,2189,5152
51155210500,"Pulaski, VA (CT)",1668,0,1668,2701,0,2701
51155210600,"Pulaski, VA (CT)",1424,433,1857,2487,1599,4086
51155210700,"Pulaski, VA (CT)",0,1648,1648,0,3515,3515
51155980100,"Pulaski, VA (CT)",0,0,0,0,0,0
51155980200,"Pulaski, VA (CT)",0,0,0,0,0,0
51157950100,"Rappahannock, VA (CT)",1447,0,1447,2692,0,2692
51157950200,"Rappahannock, VA (CT)",2392,0,2392,4681,0,4681
51159040100,"Richmond, VA (CT)",2616,0,2616,5416,0,5416
51159040200,"Richmond, VA (CT)",1234,0,1234,3838,0,3838
51161030100,"Roanoke, VA (CT)",1617,3,1620,3791,11,3802
51161030201,"Roanoke, VA (CT)",0,1769,1769,0,4533,4533
51161030203,"Roanoke, VA (CT)",0,1569,1569,0,3975,3975
51161030204,"Roanoke, VA (CT)",0,3080,3080,0,6671,6671
51161030205,"Roanoke, VA (CT)",0,1714,1714,0,3875,3875
51161030300,"Roanoke, VA (CT)",788,2250,3038,1795,5328,7123
51161030500,"Roanoke, VA (CT)",495,883,1378,1137,3124,4261
51161030600,"Roanoke, VA (CT)",2220,627,2847,5473,1825,7298
51161030701,"Roanoke, VA (CT)",0,2720,2720,0,6715,6715
51161030702,"Roanoke, VA (CT)",0,2743,2743,0,5668,5668
51161030801,"Roanoke, VA (CT)",0,2783,2783,0,5284,5284
51161030802,"Roanoke, VA (CT)",0,2102,2102,0,4713,4713
51161030900,"Roanoke, VA (CT)",864,1862,2726,1899,3487,5386
51161031000,"Roanoke, VA (CT)",941,738,1679,2131,1725,3856
51161031101,"Roanoke, VA (CT)",0,2138,2138,0,4452,4452
51161031102,"Roanoke, VA (CT)",0,1633,1633,0,3641,3641
51161031201,"Roanoke, VA (CT)",322,1684,2006,806,4165,4971
51161031202,"Roanoke, VA (CT)",39,2432,2471,95,6057,6152
51163930100,"Rockbridge, VA (CT)",2789,710,3499,5884,1464,7348
51163930200,"Rockbridge, VA (CT)",2368,92,2460,4321,259,4580
51163930300,"Rockbridge, VA (CT)",3221,79,3300,6292,142,6434
51163930400,"Rockbridge, VA (CT)",1893,0,1893,3945,0,3945
51165010100,"Rockingham, VA (CT)",1335,60,1395,3155,144,3299
51165010200,"Rockingham, VA (CT)",531,1150,1681,1169,2299,3468
51165010300,"Rockingham, VA (CT)",2568,306,2874,4059,754,4813
51165010400,"Rockingham, VA (CT)",1044,0,1044,2531,0,2531
51165010500,"Rockingham, VA (CT)",841,120,961,2002,354,2356
51165010600,"Rockingham, VA (CT)",1293,139,1432,3348,303,3651
51165010700,"Rockingham, VA (CT)",946,425,1371,2243,1075,3318
51165010800,"Rockingham, VA (CT)",850,1971,2821,2020,4377,6397
51165010900,"Rockingham, VA (CT)",754,344,1098,1805,776,2581
51165011000,"Rockingham, VA (CT)",1611,0,1611,3034,0,3034
51165011100,"Rockingham, VA (CT)",1290,36,1326,3094,89,3183
51165011200,"Rockingham, VA (CT)",1947,0,1947,4929,0,4929
51165011400,"Rockingham, VA (CT)",328,1800,2128,911,4681,5592
51165011500,"Rockingham, VA (CT)",60,2162,2222,162,5733,5895
51165011600,"Rockingham, VA (CT)",628,250,878,1551,613,2164
51165011700,"Rockingham, VA (CT)",687,656,1343,1726,1510,3236
51165011800,"Rockingham, VA (CT)",1333,1903,3236,3261,4572,7833
51165011900,"Rockingham, VA (CT)",1949,194,2143,2531,475,3006
51165012000,"Rockingham, VA (CT)",752,1397,2149,1748,3280,5028
51167030100,"Russell, VA (CT)",2182,18,2200,4633,39,4672
51167030200,"Russell, VA (CT)",2078,636,2714,4204,1265,5469
51167030300,"Russell, VA (CT)",1851,0,1851,4018,0,4018
51167030401,"Russell, VA (CT)",1580,1013,2593,3572,2110,5682
51167030402,"Russell, VA (CT)",1354,0,1354,3065,0,3065
51167030500,"Russell, VA (CT)",984,0,984,2115,0,2115
51167030600,"Russell, VA (CT)",1788,0,1788,3876,0,3876
51169030100,"Scott, VA (CT)",698,1032,1730,1457,1905,3362
51169030200,"Scott, VA (CT)",1933,0,1933,4167,0,4167
51169030300,"Scott, VA (CT)",2134,0,2134,3674,0,3674
51169030400,"Scott, VA (CT)",2096,0,2096,3922,0,3922
51169030500,"Scott, VA (CT)",1997,67,2064,3888,127,4015
51169030600,"Scott, VA (CT)",894,1065,1959,1926,2111,4037
51171040100,"Shenandoah, VA (CT)",904,3159,4063,2053,7015,9068
51171040201,"Shenandoah, VA (CT)",2522,0,2522,2580,0,2580
51171040202,"Shenandoah, VA (CT)",1503,0,1503,3130,0,3130
51171040300,"Shenandoah, VA (CT)",1377,281,1658,3137,600,3737
51171040400,"Shenandoah, VA (CT)",1451,0,1451,2427,0,2427
51171040500,"Shenandoah, VA (CT)",1434,2376,3810,3409,5038,8447
51171040600,"Shenandoah, VA (CT)",988,689,1677,2240,1379,3619
51171040700,"Shenandoah, VA (CT)",1907,0,1907,4264,0,4264
51171040800,"Shenandoah, VA (CT)",2285,0,2285,4721,0,4721
51173030100,"Smyth, VA (CT)",1316,405,1721,2664,763,3427
51173030200,"Smyth, VA (CT)",2225,0,2225,4658,0,4658
51173030301,"Smyth, VA (CT)",752,710,1462,1580,1585,3165
51173030302,"Smyth, VA (CT)",441,1454,1895,913,3000,3913
51173030400,"Smyth, VA (CT)",954,51,1005,1956,112,2068
51173030500,"Smyth, VA (CT)",1233,160,1393,2218,581,2799
51173030600,"Smyth, VA (CT)",621,1019,1640,1273,1918,3191
51173030701,"Smyth, VA (CT)",2102,1,2103,4767,1,4768
51173030702,"Smyth, VA (CT)",1983,0,1983,4219,0,4219
51175200100,"Southampton, VA (CT)",1839,0,1839,4251,0,4251
51175200200,"Southampton, VA (CT)",1285,0,1285,2882,0,2882
51175200300,"Southampton, VA (CT)",5,0,5,1395,0,1395
51175200400,"Southampton, VA (CT)",2517,159,2676,5983,378,6361
51175200500,"Southampton, VA (CT)",1668,0,1668,3681,0,3681
51177020104,"Spotsylvania, VA (CT)",851,678,1529,2496,2093,4589
51177020105,"Spotsylvania, VA (CT)",785,0,785,2284,0,2284
51177020106,"Spotsylvania, VA (CT)",1209,864,2073,3339,2442,5781
51177020107,"Spotsylvania, VA (CT)",0,604,604,0,1806,1806
51177020108,"Spotsylvania, VA (CT)",0,1557,1557,0,4096,4096
51177020109,"Spotsylvania, VA (CT)",0,1472,1472,0,3691,3691
51177020110,"Spotsylvania, VA (CT)",0,1366,1366,0,3721,3721
51177020111,"Spotsylvania, VA (CT)",0,740,740,0,2380,2380
51177020112,"Spotsylvania, VA (CT)",0,881,881,0,2774,2774
51177020113,"Spotsylvania, VA (CT)",621,817,1438,1776,2565,4341
51177020114,"Spotsylvania, VA (CT)",0,1967,1967,0,5770,5770
51177020201,"Spotsylvania, VA (CT)",56,2089,2145,109,5734,5843
51177020202,"Spotsylvania, VA (CT)",0,1891,1891,0,4981,4981
51177020203,"Spotsylvania, VA (CT)",0,1663,1663,0,4844,4844
51177020204,"Spotsylvania, VA (CT)",0,1597,1597,0,3963,3963
51177020205,"Spotsylvania, VA (CT)",639,896,1535,1742,2829,4571
51177020304,"Spotsylvania, VA (CT)",0,1822,1822,0,4180,4180
51177020305,"Spotsylvania, VA (CT)",0,1366,1366,0,3266,3266
51177020306,"Spotsylvania, VA (CT)",272,1566,1838,696,4551,5247
51177020307,"Spotsylvania, VA (CT)",0,1204,1204,0,3580,3580
51177020308,"Spotsylvania, VA (CT)",0,1249,1249,0,3756,3756
51177020309,"Spotsylvania, VA (CT)",0,2099,2099,0,5649,5649
51177020310,"Spotsylvania, VA (CT)",374,1112,1486,974,3277,4251
51177020311,"Spotsylvania, VA (CT)",1599,356,1955,4162,881,5043
51177020403,"Spotsylvania, VA (CT)",1374,0,1374,3785,0,3785
51177020404,"Spotsylvania, VA (CT)",1558,0,1558,3426,0,3426
51177020405,"Spotsylvania, VA (CT)",1870,0,1870,3443,0,3443
51177020406,"Spotsylvania, VA (CT)",1301,0,1301,3470,0,3470
51177020407,"Spotsylvania, VA (CT)",1877,0,1877,5071,0,5071
51177020408,"Spotsylvania, VA (CT)",943,0,943,2795,0,2795
51179010103,"Stafford, VA (CT)",0,1364,1364,0,3532,3532
51179010105,"Stafford, VA (CT)",556,1724,2280,1502,5281,6783
51179010106,"Stafford, VA (CT)",1058,0,1058,2890,0,2890
51179010107,"Stafford, VA (CT)",543,624,1167,1388,1877,3265
51179010108,"Stafford, VA (CT)",0,1938,1938,0,5686,5686
51179010201,"Stafford, VA (CT)",4,21,25,303,1671,1974
51179010202,"Stafford, VA (CT)",413,1577,1990,1215,4744,5959
51179010204,"Stafford, VA (CT)",876,1424,2300,2562,5526,8088
51179010205,"Stafford, VA (CT)",0,2049,2049,0,6770,6770
51179010206,"Stafford, VA (CT)",0,1676,1676,0,5208,5208
51179010207,"Stafford, VA (CT)",0,2813,2813,0,7521,7521
51179010210,"Stafford, VA (CT)",203,2068,2271,680,6001,6681
51179010211,"Stafford, VA (CT)",0,1471,1471,0,4245,4245
51179010212,"Stafford, VA (CT)",0,1479,1479,0,4680,4680
51179010213,"Stafford, VA (CT)",0,760,760,0,2581,2581
51179010214,"Stafford, VA (CT)",0,1226,1226,0,3756,3756
51179010301,"Stafford, VA (CT)",1281,0,1281,3786,0,3786
51179010303,"Stafford, VA (CT)",1200,1804,3004,3387,5195,8582
51179010304,"Stafford, VA (CT)",143,2329,2472,365,4932,5297
51179010305,"Stafford, VA (CT)",622,1288,1910,1800,3874,5674
51179010403,"Stafford, VA (CT)",610,391,1001,1673,1204,2877
51179010404,"Stafford, VA (CT)",0,2178,2178,0,5894,5894
51179010405,"Stafford, VA (CT)",0,2079,2079,0,6064,6064
51179010406,"Stafford, VA (CT)",0,1150,1150,0,3144,3144
51179010502,"Stafford, VA (CT)",200,1390,1590,471,3740,4211
51179010503,"Stafford, VA (CT)",658,116,774,1719,359,2078
51179010504,"Stafford, VA (CT)",672,0,672,1735,0,1735
51181860100,"Surry, VA (CT)",1785,0,1785,3407,0,3407
51181860200,"Surry, VA (CT)",1659,0,1659,3651,0,3651
51183870100,"Sussex, VA (CT)",1415,0,1415,2697,0,2697
51183870201,"Sussex, VA (CT)",1133,0,1133,3680,0,3680
51183870202,"Sussex, VA (CT)",0,0,0,1082,0,1082
51183870300,"Sussex, VA (CT)",1303,0,1303,2861,0,2861
51183870400,"Sussex, VA (CT)",845,0,845,1767,0,1767
51185020100,"Tazewell, VA (CT)",1314,39,1353,3589,101,3690
51185020200,"Tazewell, VA (CT)",222,2202,2424,510,4844,5354
51185020300,"Tazewell, VA (CT)",2501,659,3160,5310,1391,6701
51185020400,"Tazewell, VA (CT)",946,1147,2093,1975,2410,4385
51185020500,"Tazewell, VA (CT)",375,1100,1475,828,2324,3152
51185020600,"Tazewell, VA (CT)",1958,18,1976,4323,35,4358
51185020700,"Tazewell, VA (CT)",783,644,1427,1393,1492,2885
51185020800,"Tazewell, VA (CT)",726,269,995,1613,578,2191
51185020900,"Tazewell, VA (CT)",246,794,1040,534,1545,2079
51185021000,"Tazewell, VA (CT)",463,1555,2018,999,3235,4234
51185021100,"Tazewell, VA (CT)",1066,1799,2865,2316,3733,6049
51187020100,"Warren, VA (CT)",2787,710,3497,6103,1878,7981
51187020200,"Warren, VA (CT)",1231,0,1231,2766,0,2766
51187020300,"Warren, VA (CT)",1942,690,2632,4634,1759,6393
51187020400,"Warren, VA (CT)",0,2063,2063,0,4764,4764
51187020500,"Warren, VA (CT)",0,1839,1839,0,4009,4009
51187020601,"Warren, VA (CT)",156,1929,2085,473,5089,5562
51187020602,"Warren, VA (CT)",752,472,1224,1792,1094,2886
51187020700,"Warren, VA (CT)",1439,24,1463,3173,41,3214
51191010100,"Washington, VA (CT)",1448,1700,3148,3268,3638,6906
51191010200,"Washington, VA (CT)",2049,286,2335,4508,672,5180
51191010300,"Washington, VA (CT)",3213,2,3215,6944,5,6949
51191010401,"Washington, VA (CT)",536,563,1099,1207,1174,2381
51191010402,"Washington, VA (CT)",409,1149,1558,954,2284,3238
51191010501,"Washington, VA (CT)",370,1632,2002,763,3049,3812
51191010502,"Washington, VA (CT)",99,1730,1829,195,3925,4120
51191010601,"Washington, VA (CT)",1610,322,1932,3503,777,4280
51191010602,"Washington, VA (CT)",974,6,980,2729,19,2748
51191010700,"Washington, VA (CT)",2130,0,2130,4480,0,4480
51191010800,"Washington, VA (CT)",1537,0,1537,3133,0,3133
51191010900,"Washington, VA (CT)",2045,0,2045,4233,0,4233
51191011000,"Washington, VA (CT)",1791,0,1791,3416,0,3416
51193010100,"Westmoreland, VA (CT)",3555,0,3555,5234,0,5234
51193010200,"Westmoreland, VA (CT)",1996,0,1996,3498,0,3498
51193010300,"Westmoreland, VA (CT)",1483,0,1483,2979,0,2979
51193010400,"Westmoreland, VA (CT)",1127,2457,3584,2050,3693,5743
51195930700,"Wise, VA (CT)",1293,0,1293,3628,0,3628
51195930800,"Wise, VA (CT)",973,0,973,2081,0,2081
51195930900,"Wise, VA (CT)",653,1495,2148,1459,3045,4504
51195931000,"Wise, VA (CT)",868,269,1137,1961,543,2504
51195931100,"Wise, VA (CT)",730,696,1426,1555,1363,2918
51195931200,"Wise, VA (CT)",647,1833,2480,1540,5109,6649
51195931300,"Wise, VA (CT)",972,801,1773,2095,1656,3751
51195931400,"Wise, VA (CT)",1119,976,2095,2532,2726,5258
51195931500,"Wise, VA (CT)",1069,1108,2177,2532,2530,5062
51195931600,"Wise, VA (CT)",1022,456,1478,2150,989,3139
51195931700,"Wise, VA (CT)",960,0,960,1958,0,1958
51197050100,"Wythe, VA (CT)",1627,1052,2679,3652,1959,5611
51197050200,"Wythe, VA (CT)",1311,2147,3458,2725,4048,6773
51197050301,"Wythe, VA (CT)",1541,576,2117,3249,1205,4454
51197050302,"Wythe, VA (CT)",1550,0,1550,3200,0,3200
51197050401,"Wythe, VA (CT)",1836,0,1836,4010,0,4010
51197050402,"Wythe, VA (CT)",2439,0,2439,5187,0,5187
51199050203,"York, VA (CT)",0,2417,2417,0,6652,6652
51199050204,"York, VA (CT)",0,2144,2144,0,5831,5831
51199050205,"York, VA (CT)",0,1719,1719,0,4628,4628
51199050206,"York, VA (CT)",0,2358,2358,0,6582,6582
51199050303,"York, VA (CT)",0,2291,2291,0,5775,5775
51199050304,"York, VA (CT)",0,2095,2095,0,5348,5348
51199050305,"York, VA (CT)",0,1258,1258,0,3214,3214
51199050306,"York, VA (CT)",66,2249,2315,163,4730,4893
51199050401,"York, VA (CT)",15,1311,1326,29,3271,3300
51199050402,"York, VA (CT)",172,1262,1434,368,3159,3527
51199050500,"York, VA (CT)",100,1033,1133,279,2681,2960
51199050900,"York, VA (CT)",162,578,740,354,1811,2165
51199051000,"York, VA (CT)",1726,1309,3035,2591,1019,3610
51199051100,"York, VA (CT)",98,2486,2584,209,6770,6979
51199990100,"York, VA (CT)",0,0,0,0,0,0
51510200102,"Alexandria city, VA (CT)",0,1751,1751,0,4429,4429
51510200103,"Alexandria city, VA (CT)",0,3116,3116,0,7151,7151
51510200104,"Alexandria city, VA (CT)",0,1674,1674,0,3963,3963
51510200105,"Alexandria city, VA (CT)",0,2294,2294,0,3777,3777
51510200106,"Alexandria city, VA (CT)",0,1775,1775,0,3176,3176
51510200107,"Alexandria city, VA (CT)",0,3802,3802,0,5766,5766
51510200201,"Alexandria city, VA (CT)",0,1709,1709,0,3571,3571
51510200202,"Alexandria city, VA (CT)",0,663,663,0,1572,1572
51510200301,"Alexandria city, VA (CT)",0,1488,1488,0,3103,3103
51510200302,"Alexandria city, VA (CT)",0,1463,1463,0,4222,4222
51510200303,"Alexandria city, VA (CT)",0,3012,3012,0,4720,4720
51510200403,"Alexandria city, VA (CT)",0,821,821,0,1364,1364
51510200404,"Alexandria city, VA (CT)",0,1764,1764,0,3468,3468
51510200405,"Alexandria city, VA (CT)",0,3716,3716,0,6744,6744
51510200406,"Alexandria city, VA (CT)",0,2377,2377,0,4482,4482
51510200407,"Alexandria city, VA (CT)",0,2340,2340,0,3948,3948
51510200500,"Alexandria city, VA (CT)",0,2735,2735,0,4272,4272
51510200600,"Alexandria city, VA (CT)",0,1930,1930,0,4490,4490
51510200701,"Alexandria city, VA (CT)",0,459,459,0,653,653
51510200702,"Alexandria city, VA (CT)",0,2742,2742,0,3910,3910
51510200703,"Alexandria city, VA (CT)",0,1655,1655,0,2769,2769
51510200801,"Alexandria city, VA (CT)",0,986,986,0,2553,2553
51510200802,"Alexandria city, VA (CT)",0,1427,1427,0,2909,2909
51510200900,"Alexandria city, VA (CT)",0,1852,1852,0,4693,4693
51510201000,"Alexandria city, VA (CT)",0,1974,1974,0,2797,2797
51510201100,"Alexandria city, VA (CT)",0,1198,1198,0,2871,2871
51510201202,"Alexandria city, VA (CT)",0,1447,1447,0,3049,3049
51510201203,"Alexandria city, VA (CT)",0,2860,2860,0,7165,7165
51510201204,"Alexandria city, VA (CT)",0,1534,1534,0,2844,2844
51510201300,"Alexandria city, VA (CT)",0,1491,1491,0,3105,3105
51510201400,"Alexandria city, VA (CT)",0,1857,1857,0,4199,4199
51510201500,"Alexandria city, VA (CT)",0,1445,1445,0,3602,3602
51510201600,"Alexandria city, VA (CT)",0,2510,2510,0,4893,4893
51510201801,"Alexandria city, VA (CT)",0,3660,3660,0,5606,5606
51510201802,"Alexandria city, VA (CT)",0,1039,1039,0,1992,1992
51510201900,"Alexandria city, VA (CT)",0,1043,1043,0,1679,1679
51510202001,"Alexandria city, VA (CT)",0,1151,1151,0,2167,2167
51510202002,"Alexandria city, VA (CT)",0,1616,1616,0,2292,2292
51515050100,"Bedford city, VA (CT)",75,2845,2920,128,6094,6222
51520020100,"Bristol city, VA (CT)",0,1991,1991,0,3853,3853
51520020200,"Bristol city, VA (CT)",0,2753,2753,0,5331,5331
51520020300,"Bristol city, VA (CT)",0,1372,1372,0,2864,2864
51520020400,"Bristol city, VA (CT)",2,2713,2715,7,5780,5787
51530930600,"Buena Vista city, VA (CT)",113,2823,2936,259,6391,6650
51540000201,"Charlottesville city, VA (CT)",0,1244,1244,0,2791,2791
51540000202,"Charlottesville city, VA (CT)",0,1799,1799,0,5617,5617
51540000302,"Charlottesville city, VA (CT)",0,1225,1225,0,2461,2461
51540000401,"Charlottesville city, VA (CT)",0,1455,1455,0,3324,3324
51540000402,"Charlottesville city, VA (CT)",0,2079,2079,0,3983,3983
51540000501,"Charlottesville city, VA (CT)",0,1520,1520,0,3305,3305
51540000502,"Charlottesville city, VA (CT)",0,2180,2180,0,4675,4675
51540000600,"Charlottesville city, VA (CT)",0,1675,1675,0,4351,4351
51540000700,"Charlottesville city, VA (CT)",0,1726,1726,0,4278,4278
51540000800,"Charlottesville city, VA (CT)",0,1554,1554,0,3642,3642
51540000900,"Charlottesville city, VA (CT)",0,1109,1109,0,2265,2265
51540001000,"Charlottesville city, VA (CT)",0,1623,1623,0,2783,2783
51550020001,"Chesapeake city, VA (CT)",0,648,648,0,1530,1530
51550020002,"Chesapeake city, VA (CT)",0,1788,1788,0,4607,4607
51550020003,"Chesapeake city, VA (CT)",0,2202,2202,0,5634,5634
51550020100,"Chesapeake city, VA (CT)",0,1830,1830,0,4532,4532
51550020200,"Chesapeake city, VA (CT)",0,1519,1519,0,4121,4121
51550020300,"Chesapeake city, VA (CT)",0,649,649,0,1695,1695
51550020400,"Chesapeake city, VA (CT)",0,1222,1222,0,2973,2973
51550020500,"Chesapeake city, VA (CT)",0,557,557,0,1429,1429
51550020600,"Chesapeake city, VA (CT)",0,1624,1624,0,4053,4053
51550020700,"Chesapeake city, VA (CT)",0,2428,2428,0,5318,5318
51550020804,"Chesapeake city, VA (CT)",206,2353,2559,599,6215,6814
51550020805,"Chesapeake city, VA (CT)",0,2117,2117,0,5373,5373
51550020806,"Chesapeake city, VA (CT)",0,3292,3292,0,6839,6839
51550020807,"Chesapeake city, VA (CT)",0,3090,3090,0,7456,7456
51550020808,"Chesapeake city, VA (CT)",0,1555,1555,0,3751,3751
51550020809,"Chesapeake city, VA (CT)",0,1845,1845,0,4894,4894
51550020903,"Chesapeake city, VA (CT)",0,955,955,0,2795,2795
51550020904,"Chesapeake city, VA (CT)",0,3829,3829,0,8638,8638
51550020905,"Chesapeake city, VA (CT)",0,1227,1227,0,2701,2701
51550020906,"Chesapeake city, VA (CT)",0,3234,3234,0,7081,7081
51550021004,"Chesapeake city, VA (CT)",573,1437,2010,1671,3937,5608
51550021005,"Chesapeake city, VA (CT)",0,1574,1574,0,5482,5482
51550021006,"Chesapeake city, VA (CT)",154,2652,2806,407,7526,7933
51550021009,"Chesapeake city, VA (CT)",301,1100,1401,819,3443,4262
51550021010,"Chesapeake city, VA (CT)",0,2163,2163,0,5665,5665
51550021011,"Chesapeake city, VA (CT)",0,1112,1112,0,3483,3483
51550021012,"Chesapeake city, VA (CT)",0,2155,2155,0,6109,6109
51550021013,"Chesapeake city, VA (CT)",0,1394,1394,0,4670,4670
51550021101,"Chesapeake city, VA (CT)",143,1630,1773,389,4690,5079
51550021102,"Chesapeake city, VA (CT)",1567,581,2148,5886,2012,7898
51550021200,"Chesapeake city, VA (CT)",1840,22,1862,5678,52,5730
51550021301,"Chesapeake city, VA (CT)",394,1516,1910,974,4422,5396
51550021302,"Chesapeake city, VA (CT)",28,3031,3059,87,9571,9658
51550021401,"Chesapeake city, VA (CT)",0,696,696,0,2028,2028
51550021402,"Chesapeake city, VA (CT)",0,2337,2337,0,6317,6317
51550021403,"Chesapeake city, VA (CT)",0,1846,1846,0,4890,4890
51550021404,"Chesapeake city, VA (CT)",0,2797,2797,0,7671,7671
51550021501,"Chesapeake city, VA (CT)",160,3360,3520,438,9712,10150
51550021502,"Chesapeake city, VA (CT)",0,2813,2813,0,7173,7173
51550021601,"Chesapeake city, VA (CT)",0,3087,3087,0,8183,8183
51550021602,"Chesapeake city, VA (CT)",0,2563,2563,0,6590,6590
51570830100,"Colonial Heights city, VA (CT)",0,1992,1992,0,4811,4811
51570830200,"Colonial Heights city, VA (CT)",0,1665,1665,0,3525,3525
51570830300,"Colonial Heights city, VA (CT)",0,1137,1137,0,2485,2485
51570830400,"Colonial Heights city, VA (CT)",0,1204,1204,0,2629,2629
51570830500,"Colonial Heights city, VA (CT)",0,1833,1833,0,3961,3961
51580060100,"Covington city, VA (CT)",0,1622,1622,0,3098,3098
51580060200,"Covington city, VA (CT)",0,1445,1445,0,2863,2863
51590000100,"Danville city, VA (CT)",0,2747,2747,0,5703,5703
51590000200,"Danville city, VA (CT)",0,2097,2097,0,3814,3814
51590000300,"Danville city, VA (CT)",0,1902,1902,0,3506,3506
51590000400,"Danville city, VA (CT)",0,1929,1929,0,3767,3767
51590000500,"Danville city, VA (CT)",0,1131,1131,0,1637,1637
51590000600,"Danville city, VA (CT)",0,1501,1501,0,2349,2349
51590000700,"Danville city, VA (CT)",0,1683,1683,0,3341,3341
51590000800,"Danville city, VA (CT)",11,1288,1299,19,2671,2690
51590000900,"Danville city, VA (CT)",35,1863,1898,69,3702,3771
51590001000,"Danville city, VA (CT)",0,1861,1861,0,3703,3703
51590001100,"Danville city, VA (CT)",0,758,758,0,1401,1401
51590001200,"Danville city, VA (CT)",161,691,852,315,1451,1766
51590001301,"Danville city, VA (CT)",222,502,724,412,884,1296
51590001302,"Danville city, VA (CT)",109,319,428,241,836,1077
51590001400,"Danville city, VA (CT)",448,1178,1626,886,2346,3232
51590980100,"Danville city, VA (CT)",2,0,2,2,0,2
51595890100,"Emporia city, VA (CT)",155,1081,1236,374,2565,2939
51595890200,"Emporia city, VA (CT)",0,1329,1329,0,2988,2988
51600300100,"Fairfax city, VA (CT)",0,2005,2005,0,5129,5129
51600300200,"Fairfax city, VA (CT)",0,1733,1733,0,4775,4775
51600300300,"Fairfax city, VA (CT)",0,2227,2227,0,5470,5470
51600300400,"Fairfax city, VA (CT)",0,1319,1319,0,3715,3715
51600300500,"Fairfax city, VA (CT)",0,1396,1396,0,3476,3476
51610500100,"Falls Church city, VA (CT)",0,1293,1293,0,2909,2909
51610500200,"Falls Church city, VA (CT)",0,2289,2289,0,5426,5426
51610500300,"Falls Church city, VA (CT)",0,1907,1907,0,3997,3997
51620090100,"Franklin city, VA (CT)",132,2006,2138,279,4491,4770
51620090200,"Franklin city, VA (CT)",0,1763,1763,0,3812,3812
51630000100,"Fredericksburg city, VA (CT)",0,1702,1702,0,3018,3018
51630000200,"Fredericksburg city, VA (CT)",0,2867,2867,0,5209,5209
51630000301,"Fredericksburg city, VA (CT)",0,127,127,0,2647,2647
51630000302,"Fredericksburg city, VA (CT)",0,2064,2064,0,4424,4424
51630000400,"Fredericksburg city, VA (CT)",0,1424,1424,0,3143,3143
51630000500,"Fredericksburg city, VA (CT)",98,2185,2283,283,5562,5845
51640070101,"Galax city, VA (CT)",228,1864,2092,454,4033,4487
51640070102,"Galax city, VA (CT)",194,966,1160,512,2043,2555
51650010103,"Hampton city, VA (CT)",30,2810,2840,63,7045,7108
51650010104,"Hampton city, VA (CT)",0,2441,2441,0,6536,6536
51650010200,"Hampton city, VA (CT)",0,249,249,0,1343,1343
51650010304,"Hampton city, VA (CT)",0,3181,3181,0,7638,7638
51650010306,"Hampton city, VA (CT)",0,2790,2790,0,6355,6355
51650010307,"Hampton city, VA (CT)",0,2103,2103,0,5339,5339
51650010309,"Hampton city, VA (CT)",0,1970,1970,0,4479,4479
51650010310,"Hampton city, VA (CT)",0,1949,1949,0,4310,4310
51650010311,"Hampton city, VA (CT)",0,1906,1906,0,4421,4421
51650010312,"Hampton city, VA (CT)",0,1317,1317,0,3374,3374
51650010313,"Hampton city, VA (CT)",0,4013,4013,0,6673,6673
51650010314,"Hampton city, VA (CT)",0,845,845,0,1852,1852
51650010400,"Hampton city, VA (CT)",0,2864,2864,0,6628,6628
51650010501,"Hampton city, VA (CT)",0,2713,2713,0,5805,5805
51650010502,"Hampton city, VA (CT)",0,1399,1399,0,3214,3214
51650010601,"Hampton city, VA (CT)",0,1253,1253,0,2729,2729
51650010602,"Hampton city, VA (CT)",0,1392,1392,0,3091,3091
51650010701,"Hampton city, VA (CT)",0,1613,1613,0,3634,3634
51650010702,"Hampton city, VA (CT)",0,1555,1555,0,3730,3730
51650010703,"Hampton city, VA (CT)",0,1292,1292,0,3176,3176
51650010800,"Hampton city, VA (CT)",0,2429,2429,0,5317,5317
51650010900,"Hampton city, VA (CT)",0,876,876,0,2092,2092
51650011000,"Hampton city, VA (CT)",0,2870,2870,0,6109,6109
51650011100,"Hampton city, VA (CT)",0,329,329,0,696,696
51650011200,"Hampton city, VA (CT)",0,1415,1415,0,2839,2839
51650011300,"Hampton city, VA (CT)",0,924,924,0,2207,2207
51650011400,"Hampton city, VA (CT)",0,294,294,0,2784,2784
51650011500,"Hampton city, VA (CT)",0,1969,1969,0,4060,4060
51650011600,"Hampton city, VA (CT)",0,1280,1280,0,2712,2712
51650011800,"Hampton city, VA (CT)",0,2140,2140,0,4880,4880
51650011900,"Hampton city, VA (CT)",0,1437,1437,0,3178,3178
51650012000,"Hampton city, VA (CT)",0,1450,1450,0,3217,3217
51650012100,"Hampton city, VA (CT)",122,2346,2468,279,5631,5910
51650990100,"Hampton city, VA (CT)",0,0,0,0,0,0
51660000101,"Harrisonburg city, VA (CT)",0,1825,1825,0,4345,4345
51660000102,"Harrisonburg city, VA (CT)",0,1800,1800,0,4671,4671
51660000203,"Harrisonburg city, VA (CT)",0,726,726,0,1696,1696
51660000204,"Harrisonburg city, VA (CT)",0,1447,1447,0,3542,3542
51660000205,"Harrisonburg city, VA (CT)",0,2226,2226,0,5087,5087
51660000206,"Harrisonburg city, VA (CT)",0,49,49,0,4699,4699
51660000207,"Harrisonburg city, VA (CT)",0,1980,1980,0,6931,6931
51660000301,"Harrisonburg city, VA (CT)",0,1301,1301,0,3124,3124
51660000302,"Harrisonburg city, VA (CT)",0,2122,2122,0,5898,5898
51660000401,"Harrisonburg city, VA (CT)",0,1425,1425,0,3106,3106
51660000402,"Harrisonburg city, VA (CT)",0,2543,2543,0,5815,5815
51670820100,"Hopewell city, VA (CT)",0,761,761,0,1555,1555
51670820300,"Hopewell city, VA (CT)",0,1223,1223,0,2711,2711
51670820400,"Hopewell city, VA (CT)",0,2478,2478,0,5317,5317
51670820500,"Hopewell city, VA (CT)",0,2173,2173,0,4891,4891
51670820600,"Hopewell city, VA (CT)",0,2457,2457,0,5674,5674
51670820700,"Hopewell city, VA (CT)",0,1029,1029,0,2443,2443
51670980100,"Hopewell city, VA (CT)",0,0,0,0,0,0
51678930500,"Lexington city, VA (CT)",0,2546,2546,0,7042,7042
51680000100,"Lynchburg city, VA (CT)",102,1887,1989,243,4247,4490
51680000201,"Lynchburg city, VA (CT)",390,2323,2713,1014,5167,6181
51680000202,"Lynchburg city, VA (CT)",0,3191,3191,0,6783,6783
51680000203,"Lynchburg city, VA (CT)",0,122,122,0,1783,1783
51680000300,"Lynchburg city, VA (CT)",0,2010,2010,0,3933,3933
51680000400,"Lynchburg city, VA (CT)",0,1550,1550,0,3099,3099
51680000500,"Lynchburg city, VA (CT)",0,304,304,0,367,367
51680000600,"Lynchburg city, VA (CT)",0,1409,1409,0,3220,3220
51680000700,"Lynchburg city, VA (CT)",0,1624,1624,0,3483,3483
51680000801,"Lynchburg city, VA (CT)",0,930,930,0,2115,2115
51680000802,"Lynchburg city, VA (CT)",0,1474,1474,0,2870,2870
51680000900,"Lynchburg city, VA (CT)",0,2795,2795,0,6140,6140
51680001000,"Lynchburg city, VA (CT)",0,1487,1487,0,3070,3070
51680001100,"Lynchburg city, VA (CT)",0,943,943,0,1752,1752
51680001400,"Lynchburg city, VA (CT)",59,203,262,115,6855,6970
51680001600,"Lynchburg city, VA (CT)",0,3468,3468,0,7097,7097
51680001700,"Lynchburg city, VA (CT)",0,2236,2236,0,4871,4871
51680001800,"Lynchburg city, VA (CT)",0,1083,1083,0,2003,2003
51680001900,"Lynchburg city, VA (CT)",319,2083,2402,662,4679,5341
51683910100,"Manassas city, VA (CT)",0,1483,1483,0,4213,4213
51683910201,"Manassas city, VA (CT)",0,1728,1728,0,4566,4566
51683910202,"Manassas city, VA (CT)",0,2349,2349,0,7678,7678
51683910301,"Manassas city, VA (CT)",0,1795,1795,0,4429,4429
51683910302,"Manassas city, VA (CT)",0,2157,2157,0,5598,5598
51683910401,"Manassas city, VA (CT)",0,1901,1901,0,6324,6324
51683910402,"Manassas city, VA (CT)",0,1710,1710,0,5013,5013
51685920100,"Manassas Park city, VA (CT)",0,1794,1794,0,6248,6248
51685920200,"Manassas Park city, VA (CT)",0,3110,3110,0,8025,8025
51690000100,"Martinsville city, VA (CT)",0,1732,1732,0,3518,3518
51690000200,"Martinsville city, VA (CT)",0,1280,1280,0,2247,2247
51690000300,"Martinsville city, VA (CT)",0,1444,1444,0,2501,2501
51690000400,"Martinsville city, VA (CT)",0,1302,1302,0,2648,2648
51690000500,"Martinsville city, VA (CT)",0,1447,1447,0,2907,2907
51700030100,"Newport News city, VA (CT)",0,1718,1718,0,4468,4468
51700030300,"Newport News city, VA (CT)",0,2747,2747,0,6217,6217
51700030400,"Newport News city, VA (CT)",0,1523,1523,0,3764,3764
51700030500,"Newport News city, VA (CT)",0,879,879,0,2071,2071
51700030600,"Newport News city, VA (CT)",0,1171,1171,0,2560,2560
51700030800,"Newport News city, VA (CT)",0,1016,1016,0,2286,2286
51700030900,"Newport News city, VA (CT)",0,1055,1055,0,2138,2138
51700031100,"Newport News city, VA (CT)",0,1449,1449,0,2739,2739
51700031200,"Newport News city, VA (CT)",0,1209,1209,0,2170,2170
51700031300,"Newport News city, VA (CT)",0,2041,2041,0,4312,4312
51700031400,"Newport News city, VA (CT)",0,2604,2604,0,6276,6276
51700031500,"Newport News city, VA (CT)",0,2804,2804,0,5843,5843
51700031601,"Newport News city, VA (CT)",0,2795,2795,0,6211,6211
51700031602,"Newport News city, VA (CT)",0,1974,1974,0,4452,4452
51700031701,"Newport News city, VA (CT)",0,1237,1237,0,4224,4224
51700031702,"Newport News city, VA (CT)",0,1684,1684,0,4754,4754
51700031800,"Newport News city, VA (CT)",0,1694,1694,0,3960,3960
51700031901,"Newport News city, VA (CT)",0,1501,1501,0,3734,3734
51700031902,"Newport News city, VA (CT)",0,1924,1924,0,4016,4016
51700032001,"Newport News city, VA (CT)",0,1174,1174,0,2850,2850
51700032002,"Newport News city, VA (CT)",0,2252,2252,0,6155,6155
51700032005,"Newport News city, VA (CT)",0,1036,1036,0,2731,2731
51700032006,"Newport News city, VA (CT)",0,1687,1687,0,3890,3890
51700032007,"Newport News city, VA (CT)",0,1403,1403,0,3598,3598
51700032113,"Newport News city, VA (CT)",0,1521,1521,0,2756,2756
51700032114,"Newport News city, VA (CT)",0,759,759,0,1742,1742
51700032117,"Newport News city, VA (CT)",0,2212,2212,0,4358,4358
51700032123,"Newport News city, VA (CT)",0,2246,2246,0,5680,5680
51700032124,"Newport News city, VA (CT)",0,1512,1512,0,3874,3874
51700032126,"Newport News city, VA (CT)",0,1497,1497,0,3436,3436
51700032127,"Newport News city, VA (CT)",0,2233,2233,0,4169,4169
51700032128,"Newport News city, VA (CT)",0,1724,1724,0,3302,3302
51700032129,"Newport News city, VA (CT)",0,1330,1330,0,3027,3027
51700032130,"Newport News city, VA (CT)",0,2281,2281,0,5262,5262
51700032131,"Newport News city, VA (CT)",0,1726,1726,0,4783,4783
51700032132,"Newport News city, VA (CT)",0,2473,2473,0,5536,5536
51700032211,"Newport News city, VA (CT)",0,2474,2474,0,6312,6312
51700032212,"Newport News city, VA (CT)",0,1759,1759,0,3941,3941
51700032223,"Newport News city, VA (CT)",0,1312,1312,0,3144,3144
51700032224,"Newport News city, VA (CT)",0,3086,3086,0,7130,7130
51700032225,"Newport News city, VA (CT)",0,1556,1556,0,3752,3752
51700032226,"Newport News city, VA (CT)",0,1599,1599,0,4037,4037
51700032300,"Newport News city, VA (CT)",5,894,899,13,5707,5720
51700032400,"Newport News city, VA (CT)",19,1403,1422,38,3301,3339
51710000100,"Norfolk city, VA (CT)",0,1289,1289,0,2356,2356
51710000201,"Norfolk city, VA (CT)",0,1477,1477,0,2742,2742
51710000202,"Norfolk city, VA (CT)",0,1666,1666,0,3869,3869
51710000300,"Norfolk city, VA (CT)",0,1698,1698,0,2985,2985
51710000400,"Norfolk city, VA (CT)",0,2149,2149,0,3241,3241
51710000500,"Norfolk city, VA (CT)",0,1479,1479,0,3181,3181
51710000600,"Norfolk city, VA (CT)",0,1862,1862,0,4327,4327
51710000700,"Norfolk city, VA (CT)",0,1258,1258,0,2864,2864
51710000800,"Norfolk city, VA (CT)",0,959,959,0,2075,2075
51710000901,"Norfolk city, VA (CT)",0,1058,1058,0,5472,5472
51710000902,"Norfolk city, VA (CT)",0,469,469,0,3541,3541
51710001100,"Norfolk city, VA (CT)",0,1326,1326,0,2593,2593
51710001200,"Norfolk city, VA (CT)",0,1802,1802,0,3490,3490
51710001300,"Norfolk city, VA (CT)",0,1252,1252,0,2378,2378
51710001400,"Norfolk city, VA (CT)",0,1372,1372,0,2470,2470
51710001500,"Norfolk city, VA (CT)",0,957,957,0,1995,1995
51710001600,"Norfolk city, VA (CT)",0,812,812,0,1678,1678
51710001700,"Norfolk city, VA (CT)",0,1309,1309,0,2246,2246
51710002000,"Norfolk city, VA (CT)",0,541,541,0,1320,1320
51710002100,"Norfolk city, VA (CT)",0,687,687,0,1414,1414
51710002200,"Norfolk city, VA (CT)",0,851,851,0,1905,1905
51710002300,"Norfolk city, VA (CT)",0,857,857,0,2028,2028
51710002400,"Norfolk city, VA (CT)",0,1322,1322,0,3461,3461
51710002500,"Norfolk city, VA (CT)",0,887,887,0,4748,4748
51710002600,"Norfolk city, VA (CT)",0,903,903,0,3835,3835
51710002700,"Norfolk city, VA (CT)",0,1209,1209,0,2900,2900
51710002800,"Norfolk city, VA (CT)",0,2117,2117,0,4151,4151
51710002900,"Norfolk city, VA (CT)",0,1645,1645,0,3973,3973
51710003000,"Norfolk city, VA (CT)",0,860,860,0,1934,1934
51710003100,"Norfolk city, VA (CT)",0,1311,1311,0,3116,3116
51710003200,"Norfolk city, VA (CT)",0,1089,1089,0,2642,2642
51710003300,"Norfolk city, VA (CT)",0,1057,1057,0,2651,2651
51710003400,"Norfolk city, VA (CT)",0,899,899,0,2068,2068
51710003501,"Norfolk city, VA (CT)",0,1350,1350,0,3419,3419
51710003600,"Norfolk city, VA (CT)",0,896,896,0,1357,1357
51710003700,"Norfolk city, VA (CT)",0,1347,1347,0,2166,2166
51710003800,"Norfolk city, VA (CT)",0,1321,1321,0,22065,22065
51710004001,"Norfolk city, VA (CT)",0,562,562,0,1037,1037
51710004002,"Norfolk city, VA (CT)",0,1974,1974,0,3097,3097
51710004100,"Norfolk city, VA (CT)",0,772,772,0,2029,2029
51710004200,"Norfolk city, VA (CT)",0,655,655,0,1744,1744
51710004300,"Norfolk city, VA (CT)",0,1551,1551,0,3499,3499
51710004400,"Norfolk city, VA (CT)",0,593,593,0,1460,1460
51710004500,"Norfolk city, VA (CT)",0,574,574,0,1374,1374
51710004600,"Norfolk city, VA (CT)",0,802,802,0,2193,2193
51710004700,"Norfolk city, VA (CT)",0,185,185,0,2768,2768
51710004800,"Norfolk city, VA (CT)",0,464,464,0,1402,1402
51710004900,"Norfolk city, VA (CT)",0,2050,2050,0,3930,3930
51710005000,"Norfolk city, VA (CT)",0,1264,1264,0,3271,3271
51710005100,"Norfolk city, VA (CT)",0,1610,1610,0,4522,4522
51710005500,"Norfolk city, VA (CT)",0,1219,1219,0,2855,2855
51710005601,"Norfolk city, VA (CT)",0,1675,1675,0,3996,3996
51710005602,"Norfolk city, VA (CT)",0,1399,1399,0,3397,3397
51710005701,"Norfolk city, VA (CT)",0,2099,2099,0,4663,4663
51710005702,"Norfolk city, VA (CT)",0,1113,1113,0,2602,2602
51710005800,"Norfolk city, VA (CT)",0,1930,1930,0,4591,4591
51710005901,"Norfolk city, VA (CT)",0,1941,1941,0,4678,4678
51710005902,"Norfolk city, VA (CT)",0,1675,1675,0,3907,3907
51710005903,"Norfolk city, VA (CT)",0,672,672,0,1623,1623
51710006000,"Norfolk city, VA (CT)",0,1489,1489,0,3578,3578
51710006100,"Norfolk city, VA (CT)",0,3133,3133,0,7740,7740
51710006200,"Norfolk city, VA (CT)",0,1312,1312,0,3305,3305
51710006400,"Norfolk city, VA (CT)",0,1399,1399,0,3277,3277
51710006501,"Norfolk city, VA (CT)",0,1555,1555,0,2692,2692
51710006502,"Norfolk city, VA (CT)",0,1362,1362,0,2579,2579
51710006601,"Norfolk city, VA (CT)",0,279,279,0,723,723
51710006602,"Norfolk city, VA (CT)",0,1004,1004,0,2441,2441
51710006603,"Norfolk city, VA (CT)",0,976,976,0,2400,2400
51710006604,"Norfolk city, VA (CT)",0,886,886,0,1892,1892
51710006605,"Norfolk city, VA (CT)",0,1190,1190,0,2672,2672
51710006606,"Norfolk city, VA (CT)",0,1882,1882,0,4177,4177
51710006607,"Norfolk city, VA (CT)",0,1152,1152,0,3030,3030
51710006800,"Norfolk city, VA (CT)",0,681,681,0,1765,1765
51710006901,"Norfolk city, VA (CT)",0,1410,1410,0,3384,3384
51710006902,"Norfolk city, VA (CT)",0,1090,1090,0,2734,2734
51710007001,"Norfolk city, VA (CT)",0,574,574,0,1555,1555
51710007002,"Norfolk city, VA (CT)",0,1517,1517,0,3559,3559
51710980100,"Norfolk city, VA (CT)",0,0,0,0,0,0
51710980200,"Norfolk city, VA (CT)",0,4,4,0,5,5
51710980300,"Norfolk city, VA (CT)",0,1,1,0,1,1
51710990000,"Norfolk city, VA (CT)",0,0,0,0,0,0
51720960100,"Norton city, VA (CT)",54,1891,1945,102,3856,3958
51730810100,"Petersburg city, VA (CT)",0,1306,1306,0,2934,2934
51730810300,"Petersburg city, VA (CT)",0,1409,1409,0,2613,2613
51730810400,"Petersburg city, VA (CT)",0,820,820,0,1384,1384
51730810500,"Petersburg city, VA (CT)",0,2311,2311,0,4455,4455
51730810600,"Petersburg city, VA (CT)",0,925,925,0,1884,1884
51730810700,"Petersburg city, VA (CT)",0,1278,1278,0,2223,2223
51730810900,"Petersburg city, VA (CT)",0,1485,1485,0,3461,3461
51730811000,"Petersburg city, VA (CT)",115,2077,2192,241,4022,4263
51730811100,"Petersburg city, VA (CT)",201,1317,1518,426,2457,2883
51730811200,"Petersburg city, VA (CT)",9,1700,1709,16,3739,3755
51730811300,"Petersburg city, VA (CT)",0,1373,1373,0,2565,2565
51735340100,"Poquoson city, VA (CT)",0,1418,1418,0,3754,3754
51735340200,"Poquoson city, VA (CT)",0,2125,2125,0,5233,5233
51735340300,"Poquoson city, VA (CT)",310,873,1183,790,2373,3163
51735990100,"Poquoson city, VA (CT)",0,0,0,0,0,0
51740210200,"Portsmouth city, VA (CT)",0,1137,1137,0,2355,2355
51740210300,"Portsmouth city, VA (CT)",0,1016,1016,0,2288,2288
51740210400,"Portsmouth city, VA (CT)",0,763,763,0,1490,1490
51740210500,"Portsmouth city, VA (CT)",0,748,748,0,1924,1924
51740210600,"Portsmouth city, VA (CT)",0,797,797,0,1692,1692
51740210900,"Portsmouth city, VA (CT)",0,1963,1963,0,3266,3266
51740211100,"Portsmouth city, VA (CT)",0,811,811,0,1693,1693
51740211400,"Portsmouth city, VA (CT)",0,591,591,0,1326,1326
51740211500,"Portsmouth city, VA (CT)",0,663,663,0,1803,1803
51740211600,"Portsmouth city, VA (CT)",0,1844,1844,0,4141,4141
51740211700,"Portsmouth city, VA (CT)",0,1417,1417,0,3070,3070
51740211800,"Portsmouth city, VA (CT)",0,1468,1468,0,3873,3873
51740211900,"Portsmouth city, VA (CT)",0,687,687,0,1688,1688
51740212000,"Portsmouth city, VA (CT)",0,858,858,0,2078,2078
51740212100,"Portsmouth city, VA (CT)",0,630,630,0,1366,1366
51740212300,"Portsmouth city, VA (CT)",0,2066,2066,0,4743,4743
51740212400,"Portsmouth city, VA (CT)",0,1457,1457,0,3289,3289
51740212500,"Portsmouth city, VA (CT)",0,893,893,0,2142,2142
51740212600,"Portsmouth city, VA (CT)",0,474,474,0,1141,1141
51740212701,"Portsmouth city, VA (CT)",0,1901,1901,0,6069,6069
51740212702,"Portsmouth city, VA (CT)",0,1406,1406,0,3438,3438
51740212801,"Portsmouth city, VA (CT)",0,2148,2148,0,4616,4616
51740212802,"Portsmouth city, VA (CT)",0,1273,1273,0,2765,2765
51740212900,"Portsmouth city, VA (CT)",0,2339,2339,0,5392,5392
51740213001,"Portsmouth city, VA (CT)",0,2361,2361,0,5814,5814
51740213002,"Portsmouth city, VA (CT)",0,1957,1957,0,4179,4179
51740213101,"Portsmouth city, VA (CT)",0,2075,2075,0,4844,4844
51740213103,"Portsmouth city, VA (CT)",0,2725,2725,0,6649,6649
51740213104,"Portsmouth city, VA (CT)",0,1418,1418,0,4253,4253
51740213200,"Portsmouth city, VA (CT)",0,920,920,0,2070,2070
51740980100,"Portsmouth city, VA (CT)",0,0,0,0,78,78
51750010101,"Radford city, VA (CT)",0,1910,1910,0,4148,4148
51750010102,"Radford city, VA (CT)",0,1430,1430,0,5672,5672
51750010200,"Radford city, VA (CT)",204,2883,3087,481,6107,6588
51760010200,"Richmond city, VA (CT)",0,2414,2414,0,3988,3988
51760010300,"Richmond city, VA (CT)",0,616,616,0,1266,1266
51760010401,"Richmond city, VA (CT)",0,1642,1642,0,2821,2821
51760010402,"Richmond city, VA (CT)",0,1658,1658,0,3163,3163
51760010500,"Richmond city, VA (CT)",0,723,723,0,1439,1439
51760010600,"Richmond city, VA (CT)",0,899,899,0,1978,1978
51760010700,"Richmond city, VA (CT)",0,1120,1120,0,2338,2338
51760010800,"Richmond city, VA (CT)",0,1793,1793,0,4016,4016
51760010900,"Richmond city, VA (CT)",0,1306,1306,0,2957,2957
51760011000,"Richmond city, VA (CT)",0,914,914,0,1997,1997
51760011100,"Richmond city, VA (CT)",0,1108,1108,0,2932,2932
51760020100,"Richmond city, VA (CT)",0,656,656,0,1669,1669
51760020200,"Richmond city, VA (CT)",0,1530,1530,0,3811,3811
51760020300,"Richmond city, VA (CT)",0,855,855,0,1630,1630
51760020400,"Richmond city, VA (CT)",0,1547,1547,0,5115,5115
51760020500,"Richmond city, VA (CT)",0,2845,2845,0,3851,3851
51760020600,"Richmond city, VA (CT)",0,953,953,0,1544,1544
51760020700,"Richmond city, VA (CT)",0,701,701,0,1155,1155
51760020800,"Richmond city, VA (CT)",0,804,804,0,1410,1410
51760020900,"Richmond city, VA (CT)",0,1627,1627,0,2619,2619
51760021000,"Richmond city, VA (CT)",0,735,735,0,1567,1567
51760021100,"Richmond city, VA (CT)",0,545,545,0,1432,1432
51760021200,"Richmond city, VA (CT)",0,688,688,0,1575,1575
51760030100,"Richmond city, VA (CT)",0,1214,1214,0,2895,2895
51760030200,"Richmond city, VA (CT)",0,1047,1047,0,2055,2055
51760030500,"Richmond city, VA (CT)",0,2393,2393,0,4029,4029
51760040200,"Richmond city, VA (CT)",0,1697,1697,0,3900,3900
51760040300,"Richmond city, VA (CT)",0,573,573,0,4101,4101
51760040400,"Richmond city, VA (CT)",0,2375,2375,0,4032,4032
51760040500,"Richmond city, VA (CT)",0,1995,1995,0,3152,3152
51760040600,"Richmond city, VA (CT)",0,1171,1171,0,1810,1810
51760040700,"Richmond city, VA (CT)",0,1483,1483,0,2373,2373
51760040800,"Richmond city, VA (CT)",0,874,874,0,1364,1364
51760040900,"Richmond city, VA (CT)",0,1518,1518,0,2544,2544
51760041000,"Richmond city, VA (CT)",0,1514,1514,0,2625,2625
51760041100,"Richmond city, VA (CT)",0,2043,2043,0,3724,3724
51760041200,"Richmond city, VA (CT)",0,578,578,0,1179,1179
51760041300,"Richmond city, VA (CT)",0,1461,1461,0,3100,3100
51760041400,"Richmond city, VA (CT)",0,1057,1057,0,2252,2252
51760041600,"Richmond city, VA (CT)",0,688,688,0,1440,1440
51760050100,"Richmond city, VA (CT)",0,1549,1549,0,2577,2577
51760050200,"Richmond city, VA (CT)",0,1565,1565,0,3006,3006
51760050300,"Richmond city, VA (CT)",0,816,816,0,1267,1267
51760050400,"Richmond city, VA (CT)",0,1315,1315,0,2907,2907
51760050500,"Richmond city, VA (CT)",0,1302,1302,0,5439,5439
51760050600,"Richmond city, VA (CT)",0,979,979,0,2378,2378
51760060200,"Richmond city, VA (CT)",0,885,885,0,2078,2078
51760060400,"Richmond city, VA (CT)",0,2315,2315,0,5148,5148
51760060500,"Richmond city, VA (CT)",0,3139,3139,0,5858,5858
51760060600,"Richmond city, VA (CT)",0,1198,1198,0,2416,2416
51760060700,"Richmond city, VA (CT)",0,2094,2094,0,5010,5010
51760060800,"Richmond city, VA (CT)",0,1403,1403,0,3585,3585
51760060900,"Richmond city, VA (CT)",0,570,570,0,1311,1311
51760061000,"Richmond city, VA (CT)",0,2051,2051,0,3284,3284
51760070100,"Richmond city, VA (CT)",0,2438,2438,0,4706,4706
51760070300,"Richmond city, VA (CT)",0,1686,1686,0,3410,3410
51760070400,"Richmond city, VA (CT)",0,1947,1947,0,3836,3836
51760070601,"Richmond city, VA (CT)",0,2489,2489,0,5660,5660
51760070602,"Richmond city, VA (CT)",0,887,887,0,2398,2398
51760070700,"Richmond city, VA (CT)",0,2147,2147,0,4754,4754
51760070801,"Richmond city, VA (CT)",0,3005,3005,0,7291,7291
51760070802,"Richmond city, VA (CT)",0,1089,1089,0,2703,2703
51760070900,"Richmond city, VA (CT)",0,2921,2921,0,6635,6635
51760071001,"Richmond city, VA (CT)",0,2761,2761,0,5325,5325
51760071002,"Richmond city, VA (CT)",0,1613,1613,0,3423,3423
51760071100,"Richmond city, VA (CT)",0,2825,2825,0,4961,4961
51770000100,"Roanoke city, VA (CT)",0,1731,1731,0,3794,3794
51770000300,"Roanoke city, VA (CT)",0,2180,2180,0,4842,4842
51770000400,"Roanoke city, VA (CT)",0,2521,2521,0,4761,4761
51770000500,"Roanoke city, VA (CT)",0,2308,2308,0,4615,4615
51770000601,"Roanoke city, VA (CT)",0,2254,2254,0,4905,4905
51770000602,"Roanoke city, VA (CT)",0,1739,1739,0,3508,3508
51770000900,"Roanoke city, VA (CT)",0,2481,2481,0,5361,5361
51770001000,"Roanoke city, VA (CT)",0,1017,1017,0,2192,2192
51770001100,"Roanoke city, VA (CT)",0,517,517,0,1204,1204
51770001200,"Roanoke city, VA (CT)",0,2114,2114,0,3405,3405
51770001800,"Roanoke city, VA (CT)",0,2027,2027,0,3958,3958
51770001900,"Roanoke city, VA (CT)",0,2541,2541,0,4936,4936
51770002100,"Roanoke city, VA (CT)",0,1932,1932,0,3468,3468
51770002200,"Roanoke city, VA (CT)",0,1517,1517,0,2844,2844
51770002300,"Roanoke city, VA (CT)",0,3187,3187,0,6971,6971
51770002400,"Roanoke city, VA (CT)",0,1684,1684,0,3816,3816
51770002500,"Roanoke city, VA (CT)",0,2599,2599,0,5641,5641
51770002600,"Roanoke city, VA (CT)",0,1160,1160,0,3215,3215
51770002700,"Roanoke city, VA (CT)",0,2449,2449,0,5395,5395
51770002800,"Roanoke city, VA (CT)",5,2567,2572,6,5408,5414
51770002900,"Roanoke city, VA (CT)",0,2801,2801,0,5130,5130
51770003000,"Roanoke city, VA (CT)",0,2207,2207,0,3820,3820
51770003100,"Roanoke city, VA (CT)",0,1915,1915,0,3837,3837
51775010100,"Salem city, VA (CT)",0,2509,2509,0,5766,5766
51775010200,"Salem city, VA (CT)",0,2402,2402,0,6344,6344
51775010300,"Salem city, VA (CT)",0,2200,2200,0,4658,4658
51775010501,"Salem city, VA (CT)",0,1750,1750,0,3357,3357
51775010502,"Salem city, VA (CT)",0,1971,1971,0,4677,4677
51790000100,"Staunton city, VA (CT)",0,737,737,0,1054,1054
51790000200,"Staunton city, VA (CT)",0,1992,1992,0,3755,3755
51790000300,"Staunton city, VA (CT)",0,2438,2438,0,5126,5126
51790000400,"Staunton city, VA (CT)",411,3129,3540,749,6366,7115
51790000500,"Staunton city, VA (CT)",51,1184,1235,102,2888,2990
51790000600,"Staunton city, VA (CT)",11,1785,1796,26,3680,3706
51800065100,"Suffolk city, VA (CT)",0,933,933,0,2269,2269
51800065200,"Suffolk city, VA (CT)",0,991,991,0,2049,2049
51800065300,"Suffolk city, VA (CT)",0,1541,1541,0,3361,3361
51800065400,"Suffolk city, VA (CT)",0,1540,1540,0,3739,3739
51800065500,"Suffolk city, VA (CT)",0,1112,1112,0,2772,2772
51800075101,"Suffolk city, VA (CT)",0,2443,2443,0,7351,7351
51800075102,"Suffolk city, VA (CT)",101,1631,1732,254,3928,4182
51800075201,"Suffolk city, VA (CT)",33,1678,1711,89,4629,4718
51800075202,"Suffolk city, VA (CT)",26,410,436,82,1178,1260
51800075203,"Suffolk city, VA (CT)",0,1091,1091,0,3284,3284
51800075204,"Suffolk city, VA (CT)",0,2002,2002,0,4795,4795
51800075301,"Suffolk city, VA (CT)",32,893,925,68,2092,2160
51800075302,"Suffolk city, VA (CT)",1014,0,1014,2333,0,2333
51800075401,"Suffolk city, VA (CT)",76,614,690,171,2373,2544
51800075402,"Suffolk city, VA (CT)",0,1334,1334,0,3614,3614
51800075403,"Suffolk city, VA (CT)",94,1586,1680,237,3945,4182
51800075404,"Suffolk city, VA (CT)",411,0,411,935,0,935
51800075405,"Suffolk city, VA (CT)",861,37,898,2141,95,2236
51800075501,"Suffolk city, VA (CT)",4,1885,1889,7,4704,4711
51800075502,"Suffolk city, VA (CT)",365,1022,1387,1020,2982,4002
51800075601,"Suffolk city, VA (CT)",359,973,1332,988,2586,3574
51800075602,"Suffolk city, VA (CT)",591,0,591,1397,0,1397
51800075701,"Suffolk city, VA (CT)",80,656,736,150,1534,1684
51800075702,"Suffolk city, VA (CT)",260,1132,1392,661,2913,3574
51800075703,"Suffolk city, VA (CT)",628,32,660,1457,94,1551
51800075801,"Suffolk city, VA (CT)",1225,0,1225,3098,0,3098
51800075802,"Suffolk city, VA (CT)",761,0,761,1755,0,1755
51800075803,"Suffolk city, VA (CT)",578,0,578,1455,0,1455
51810040000,"Virginia Beach city, VA (CT)",0,405,405,0,3976,3976
51810040200,"Virginia Beach city, VA (CT)",0,1944,1944,0,5283,5283
51810040402,"Virginia Beach city, VA (CT)",0,3320,3320,0,6995,6995
51810040403,"Virginia Beach city, VA (CT)",0,1787,1787,0,3810,3810
51810040404,"Virginia Beach city, VA (CT)",0,2963,2963,0,6718,6718
51810040600,"Virginia Beach city, VA (CT)",0,2596,2596,0,5879,5879
51810040801,"Virginia Beach city, VA (CT)",0,1724,1724,0,4107,4107
51810040802,"Virginia Beach city, VA (CT)",0,1810,1810,0,4771,4771
51810041002,"Virginia Beach city, VA (CT)",0,879,879,0,2043,2043
51810041003,"Virginia Beach city, VA (CT)",0,1400,1400,0,3512,3512
51810041004,"Virginia Beach city, VA (CT)",0,1458,1458,0,3963,3963
51810041200,"Virginia Beach city, VA (CT)",0,2824,2824,0,5997,5997
51810041400,"Virginia Beach city, VA (CT)",0,1961,1961,0,5145,5145
51810041600,"Virginia Beach city, VA (CT)",0,1431,1431,0,3325,3325
51810041801,"Virginia Beach city, VA (CT)",0,2175,2175,0,4334,4334
51810041802,"Virginia Beach city, VA (CT)",0,3010,3010,0,5788,5788
51810042000,"Virginia Beach city, VA (CT)",0,1285,1285,0,3502,3502
51810042201,"Virginia Beach city, VA (CT)",0,1464,1464,0,3625,3625
51810042202,"Virginia Beach city, VA (CT)",0,1748,1748,0,4468,4468
51810042400,"Virginia Beach city, VA (CT)",0,1945,1945,0,4837,4837
51810042600,"Virginia Beach city, VA (CT)",0,1132,1132,0,2488,2488
51810042801,"Virginia Beach city, VA (CT)",0,2055,2055,0,5775,5775
51810042802,"Virginia Beach city, VA (CT)",0,2082,2082,0,4549,4549
51810043002,"Virginia Beach city, VA (CT)",0,1558,1558,0,4259,4259
51810043003,"Virginia Beach city, VA (CT)",0,3127,3127,0,4228,4228
51810043004,"Virginia Beach city, VA (CT)",0,1847,1847,0,3803,3803
51810043200,"Virginia Beach city, VA (CT)",23,270,293,43,1091,1134
51810043400,"Virginia Beach city, VA (CT)",0,1497,1497,0,2055,2055
51810043600,"Virginia Beach city, VA (CT)",0,1071,1071,0,1724,1724
51810043800,"Virginia Beach city, VA (CT)",0,2242,2242,0,3714,3714
51810044001,"Virginia Beach city, VA (CT)",0,3136,3136,0,5535,5535
51810044003,"Virginia Beach city, VA (CT)",0,3394,3394,0,5469,5469
51810044004,"Virginia Beach city, VA (CT)",0,1475,1475,0,2069,2069
51810044200,"Virginia Beach city, VA (CT)",0,3037,3037,0,6587,6587
51810044401,"Virginia Beach city, VA (CT)",0,1402,1402,0,3628,3628
51810044402,"Virginia Beach city, VA (CT)",0,2616,2616,0,5881,5881
51810044600,"Virginia Beach city, VA (CT)",0,2422,2422,0,5999,5999
51810044805,"Virginia Beach city, VA (CT)",0,1704,1704,0,3277,3277
51810044806,"Virginia Beach city, VA (CT)",0,1697,1697,0,3758,3758
51810044807,"Virginia Beach city, VA (CT)",0,2608,2608,0,5762,5762
51810044808,"Virginia Beach city, VA (CT)",0,1971,1971,0,3986,3986
51810045000,"Virginia Beach city, VA (CT)",2,25,27,6,1292,1298
51810045200,"Virginia Beach city, VA (CT)",0,906,906,0,3734,3734
51810045405,"Virginia Beach city, VA (CT)",0,1797,1797,0,4651,4651
51810045406,"Virginia Beach city, VA (CT)",0,3383,3383,0,9254,9254
51810045407,"Virginia Beach city, VA (CT)",0,1556,1556,0,4434,4434
51810045408,"Virginia Beach city, VA (CT)",0,2418,2418,0,6415,6415
51810045412,"Virginia Beach city, VA (CT)",590,1137,1727,917,741,1658
51810045414,"Virginia Beach city, VA (CT)",0,2271,2271,0,6161,6161
51810045415,"Virginia Beach city, VA (CT)",0,646,646,0,1974,1974
51810045417,"Virginia Beach city, VA (CT)",0,3097,3097,0,9169,9169
51810045420,"Virginia Beach city, VA (CT)",0,1666,1666,0,4636,4636
51810045421,"Virginia Beach city, VA (CT)",0,1170,1170,0,3656,3656
51810045422,"Virginia Beach city, VA (CT)",0,1598,1598,0,4972,4972
51810045423,"Virginia Beach city, VA (CT)",181,2612,2793,517,8288,8805
51810045424,"Virginia Beach city, VA (CT)",88,1412,1500,240,4202,4442
51810045425,"Virginia Beach city, VA (CT)",0,1002,1002,0,2976,2976
51810045426,"Virginia Beach city, VA (CT)",0,2335,2335,0,6739,6739
51810045427,"Virginia Beach city, VA (CT)",0,2303,2303,0,6281,6281
51810045428,"Virginia Beach city, VA (CT)",0,886,886,0,1462,1462
51810045601,"Virginia Beach city, VA (CT)",0,1115,1115,0,2795,2795
51810045603,"Virginia Beach city, VA (CT)",0,1037,1037,0,1689,1689
51810045604,"Virginia Beach city, VA (CT)",0,3200,3200,0,6335,6335
51810045801,"Virginia Beach city, VA (CT)",0,1744,1744,0,4525,4525
51810045803,"Virginia Beach city, VA (CT)",0,1464,1464,0,3202,3202
51810045805,"Virginia Beach city, VA (CT)",0,489,489,0,1344,1344
51810045806,"Virginia Beach city, VA (CT)",0,1465,1465,0,4086,4086
51810045807,"Virginia Beach city, VA (CT)",0,756,756,0,1518,1518
51810045808,"Virginia Beach city, VA (CT)",0,868,868,0,2330,2330
51810045809,"Virginia Beach city, VA (CT)",0,2633,2633,0,6293,6293
51810045810,"Virginia Beach city, VA (CT)",0,759,759,0,2067,2067
51810046002,"Virginia Beach city, VA (CT)",0,1962,1962,0,5126,5126
51810046005,"Virginia Beach city, VA (CT)",0,3031,3031,0,6605,6605
51810046006,"Virginia Beach city, VA (CT)",0,1628,1628,0,4510,4510
51810046009,"Virginia Beach city, VA (CT)",0,1906,1906,0,4932,4932
51810046010,"Virginia Beach city, VA (CT)",0,1137,1137,0,3132,3132
51810046011,"Virginia Beach city, VA (CT)",0,622,622,0,1515,1515
51810046012,"Virginia Beach city, VA (CT)",0,2854,2854,0,7772,7772
51810046013,"Virginia Beach city, VA (CT)",0,1789,1789,0,4397,4397
51810046014,"Virginia Beach city, VA (CT)",0,1387,1387,0,4342,4342
51810046015,"Virginia Beach city, VA (CT)",0,1775,1775,0,5403,5403
51810046016,"Virginia Beach city, VA (CT)",0,1076,1076,0,3447,3447
51810046204,"Virginia Beach city, VA (CT)",0,1864,1864,0,4639,4639
51810046206,"Virginia Beach city, VA (CT)",0,1891,1891,0,5185,5185
51810046207,"Virginia Beach city, VA (CT)",0,2597,2597,0,7044,7044
51810046211,"Virginia Beach city, VA (CT)",0,1111,1111,0,3063,3063
51810046212,"Virginia Beach city, VA (CT)",0,1472,1472,0,4062,4062
51810046213,"Virginia Beach city, VA (CT)",0,2586,2586,0,6149,6149
51810046214,"Virginia Beach city, VA (CT)",0,1765,1765,0,5208,5208
51810046216,"Virginia Beach city, VA (CT)",0,1971,1971,0,5939,5939
51810046217,"Virginia Beach city, VA (CT)",0,1456,1456,0,4354,4354
51810046219,"Virginia Beach city, VA (CT)",0,1369,1369,0,3733,3733
51810046220,"Virginia Beach city, VA (CT)",0,2019,2019,0,4683,4683
51810046221,"Virginia Beach city, VA (CT)",0,1494,1494,0,3716,3716
51810046222,"Virginia Beach city, VA (CT)",0,1932,1932,0,5424,5424
51810046223,"Virginia Beach city, VA (CT)",0,1009,1009,0,2731,2731
51810046224,"Virginia Beach city, VA (CT)",0,1522,1522,0,4446,4446
51810046225,"Virginia Beach city, VA (CT)",0,1612,1612,0,4780,4780
51810046400,"Virginia Beach city, VA (CT)",1936,0,1936,4998,0,4998
51810990100,"Virginia Beach city, VA (CT)",0,0,0,0,0,0
51820003100,"Waynesboro city, VA (CT)",0,591,591,0,1217,1217
51820003200,"Waynesboro city, VA (CT)",220,2124,2344,511,4729,5240
51820003300,"Waynesboro city, VA (CT)",0,2117,2117,0,4538,4538
51820003400,"Waynesboro city, VA (CT)",0,2487,2487,0,5365,5365
51820003500,"Waynesboro city, VA (CT)",8,2170,2178,20,4626,4646
51830370100,"Williamsburg city, VA (CT)",0,1846,1846,0,4138,4138
51830370200,"Williamsburg city, VA (CT)",0,1381,1381,0,2708,2708
51830370300,"Williamsburg city, VA (CT)",0,1949,1949,0,7222,7222
51840000100,"Winchester city, VA (CT)",0,2934,2934,0,6657,6657
51840000201,"Winchester city, VA (CT)",0,1756,1756,0,3417,3417
51840000202,"Winchester city, VA (CT)",0,2862,2862,0,5736,5736
51840000301,"Winchester city, VA (CT)",0,1819,1819,0,5066,5066
51840000302,"Winchester city, VA (CT)",0,2501,2501,0,5327,5327
53001950100,"Adams, WA (CT)",1228,0,1228,2447,0,2447
53001950200,"Adams, WA (CT)",844,0,844,1738,0,1738
53001950300,"Adams, WA (CT)",1008,902,1910,3284,3650,6934
53001950400,"Adams, WA (CT)",0,921,921,0,2856,2856
53001950500,"Adams, WA (CT)",24,1315,1339,52,4701,4753
53003960100,"Asotin, WA (CT)",636,1305,1941,1166,3138,4304
53003960200,"Asotin, WA (CT)",137,1935,2072,273,4269,4542
53003960300,"Asotin, WA (CT)",0,1814,1814,0,3775,3775
53003960400,"Asotin, WA (CT)",0,970,970,0,2165,2165
53003960500,"Asotin, WA (CT)",0,1584,1584,0,3424,3424
53003960600,"Asotin, WA (CT)",0,1491,1491,0,3413,3413
53005010100,"Benton, WA (CT)",0,1870,1870,0,4448,4448
53005010201,"Benton, WA (CT)",42,1790,1832,77,4218,4295
53005010202,"Benton, WA (CT)",0,3073,3073,0,6060,6060
53005010300,"Benton, WA (CT)",0,2251,2251,0,5010,5010
53005010400,"Benton, WA (CT)",0,1563,1563,0,3617,3617
53005010500,"Benton, WA (CT)",0,1130,1130,0,3022,3022
53005010600,"Benton, WA (CT)",0,1832,1832,0,4296,4296
53005010701,"Benton, WA (CT)",541,262,803,1451,687,2138
53005010703,"Benton, WA (CT)",261,921,1182,618,2185,2803
53005010705,"Benton, WA (CT)",0,1816,1816,0,5268,5268
53005010707,"Benton, WA (CT)",0,860,860,0,2491,2491
53005010708,"Benton, WA (CT)",211,738,949,589,1851,2440
53005010803,"Benton, WA (CT)",34,2591,2625,86,6604,6690
53005010805,"Benton, WA (CT)",0,2576,2576,0,5917,5917
53005010807,"Benton, WA (CT)",274,98,372,761,321,1082
53005010809,"Benton, WA (CT)",0,2614,2614,0,6015,6015
53005010810,"Benton, WA (CT)",0,2058,2058,0,4548,4548
53005010811,"Benton, WA (CT)",143,955,1098,402,2698,3100
53005010813,"Benton, WA (CT)",95,3670,3765,268,9020,9288
53005010814,"Benton, WA (CT)",545,376,921,1641,1203,2844
53005010901,"Benton, WA (CT)",0,2376,2376,0,6177,6177
53005010902,"Benton, WA (CT)",0,1896,1896,0,4907,4907
53005011001,"Benton, WA (CT)",0,2166,2166,0,4975,4975
53005011002,"Benton, WA (CT)",0,1923,1923,0,4475,4475
53005011100,"Benton, WA (CT)",0,2722,2722,0,7365,7365
53005011200,"Benton, WA (CT)",0,2981,2981,0,8552,8552
53005011300,"Benton, WA (CT)",0,1881,1881,0,5067,5067
53005011401,"Benton, WA (CT)",0,1392,1392,0,3810,3810
53005011402,"Benton, WA (CT)",0,1845,1845,0,5016,5016
53005011501,"Benton, WA (CT)",677,1761,2438,1836,4904,6740
53005011503,"Benton, WA (CT)",51,3453,3504,150,9230,9380
53005011504,"Benton, WA (CT)",263,750,1013,722,2253,2975
53005011600,"Benton, WA (CT)",377,0,377,931,0,931
53005011700,"Benton, WA (CT)",278,2335,2613,722,6354,7076
53005011800,"Benton, WA (CT)",1912,166,2078,5931,615,6546
53005011900,"Benton, WA (CT)",905,1315,2220,2328,3480,5808
53005012000,"Benton, WA (CT)",3,0,3,5,0,5
53007960100,"Chelan, WA (CT)",1399,0,1399,2369,0,2369
53007960200,"Chelan, WA (CT)",3562,1899,5461,2969,3282,6251
53007960300,"Chelan, WA (CT)",2343,2227,4570,2692,3704,6396
53007960400,"Chelan, WA (CT)",972,1222,2194,1813,2000,3813
53007960500,"Chelan, WA (CT)",2390,500,2890,5537,1294,6831
53007960600,"Chelan, WA (CT)",165,1449,1614,380,3684,4064
53007960700,"Chelan, WA (CT)",289,1037,1326,687,2768,3455
53007960801,"Chelan, WA (CT)",125,990,1115,287,2379,2666
53007960802,"Chelan, WA (CT)",0,3199,3199,0,7202,7202
53007961000,"Chelan, WA (CT)",0,2875,2875,0,6800,6800
53007961100,"Chelan, WA (CT)",0,3256,3256,0,9596,9596
53007961200,"Chelan, WA (CT)",1131,376,1507,2738,1024,3762
53007961301,"Chelan, WA (CT)",45,540,585,96,1231,1327
53007961302,"Chelan, WA (CT)",65,3409,3474,157,7764,7921
53009000200,"Clallam, WA (CT)",668,0,668,1783,0,1783
53009000300,"Clallam, WA (CT)",321,1528,1849,755,3940,4695
53009000400,"Clallam, WA (CT)",958,0,958,1758,0,1758
53009000600,"Clallam, WA (CT)",1982,0,1982,3370,0,3370
53009000700,"Clallam, WA (CT)",122,1398,1520,224,3310,3534
53009000800,"Clallam, WA (CT)",0,2007,2007,0,4181,4181
53009000900,"Clallam, WA (CT)",0,1508,1508,0,2806,2806
53009001000,"Clallam, WA (CT)",0,1269,1269,0,2477,2477
53009001100,"Clallam, WA (CT)",98,1279,1377,199,2770,2969
53009001200,"Clallam, WA (CT)",0,1922,1922,0,3771,3771
53009001300,"Clallam, WA (CT)",8,1490,1498,19,3071,3090
53009001400,"Clallam, WA (CT)",1863,187,2050,4073,437,4510
53009001500,"Clallam, WA (CT)",922,20,942,2032,40,2072
53009001600,"Clallam, WA (CT)",1026,557,1583,1988,1176,3164
53009001700,"Clallam, WA (CT)",615,1819,2434,1147,3523,4670
53009001800,"Clallam, WA (CT)",1068,205,1273,2306,433,2739
53009001900,"Clallam, WA (CT)",351,2707,3058,622,5071,5693
53009002000,"Clallam, WA (CT)",211,2699,2910,410,4792,5202
53009002100,"Clallam, WA (CT)",0,1902,1902,0,3523,3523
53009002300,"Clallam, WA (CT)",1910,399,2309,3215,768,3983
53009940000,"Clallam, WA (CT)",563,0,563,1414,0,1414
53009990100,"Clallam, WA (CT)",0,0,0,0,0,0
53011040101,"Clark, WA (CT)",1720,0,1720,5154,0,5154
53011040102,"Clark, WA (CT)",1157,0,1157,3590,0,3590
53011040201,"Clark, WA (CT)",1200,965,2165,3117,2553,5670
53011040202,"Clark, WA (CT)",1361,0,1361,3658,0,3658
53011040203,"Clark, WA (CT)",1728,126,1854,5019,423,5442
53011040301,"Clark, WA (CT)",579,0,579,1471,0,1471
53011040302,"Clark, WA (CT)",727,1486,2213,1997,4259,6256
53011040403,"Clark, WA (CT)",1009,477,1486,2629,1219,3848
53011040407,"Clark, WA (CT)",0,1918,1918,0,5343,5343
53011040408,"Clark, WA (CT)",399,788,1187,1170,2284,3454
53011040409,"Clark, WA (CT)",239,495,734,630,1204,1834
53011040411,"Clark, WA (CT)",0,934,934,0,1874,1874
53011040412,"Clark, WA (CT)",0,1725,1725,0,4333,4333
53011040413,"Clark, WA (CT)",0,971,971,0,2707,2707
53011040414,"Clark, WA (CT)",337,1465,1802,940,4995,5935
53011040415,"Clark, WA (CT)",0,1354,1354,0,3839,3839
53011040416,"Clark, WA (CT)",667,462,1129,1850,1349,3199
53011040504,"Clark, WA (CT)",1600,0,1600,4883,0,4883
53011040505,"Clark, WA (CT)",1882,16,1898,5541,43,5584
53011040507,"Clark, WA (CT)",173,673,846,416,1582,1998
53011040508,"Clark, WA (CT)",0,2356,2356,0,6310,6310
53011040509,"Clark, WA (CT)",0,1312,1312,0,2990,2990
53011040510,"Clark, WA (CT)",1164,823,1987,3034,1998,5032
53011040511,"Clark, WA (CT)",795,0,795,2188,0,2188
53011040603,"Clark, WA (CT)",1579,83,1662,4432,251,4683
53011040604,"Clark, WA (CT)",516,1290,1806,1354,4132,5486
53011040605,"Clark, WA (CT)",463,1401,1864,1243,3437,4680
53011040608,"Clark, WA (CT)",30,1279,1309,3,3814,3817
53011040609,"Clark, WA (CT)",0,1443,1443,0,4508,4508
53011040610,"Clark, WA (CT)",0,1075,1075,0,3193,3193
53011040703,"Clark, WA (CT)",0,2176,2176,0,6384,6384
53011040706,"Clark, WA (CT)",0,1401,1401,0,3702,3702
53011040707,"Clark, WA (CT)",0,1102,1102,0,3245,3245
53011040709,"Clark, WA (CT)",131,1317,1448,360,3836,4196
53011040710,"Clark, WA (CT)",593,1138,1731,1698,3007,4705
53011040711,"Clark, WA (CT)",0,1051,1051,0,3098,3098
53011040712,"Clark, WA (CT)",0,1774,1774,0,5413,5413
53011040803,"Clark, WA (CT)",0,1873,1873,0,5035,5035
53011040805,"Clark, WA (CT)",0,2119,2119,0,5735,5735
53011040806,"Clark, WA (CT)",0,1548,1548,0,4611,4611
53011040808,"Clark, WA (CT)",0,626,626,0,1605,1605
53011040809,"Clark, WA (CT)",0,2162,2162,0,6176,6176
53011040810,"Clark, WA (CT)",0,1074,1074,0,2728,2728
53011040904,"Clark, WA (CT)",0,2426,2426,0,5797,5797
53011040905,"Clark, WA (CT)",725,498,1223,1836,1321,3157
53011040907,"Clark, WA (CT)",0,1570,1570,0,4661,4661
53011040908,"Clark, WA (CT)",0,2265,2265,0,6161,6161
53011040909,"Clark, WA (CT)",0,2270,2270,0,5088,5088
53011040910,"Clark, WA (CT)",0,1426,1426,0,4369,4369
53011041003,"Clark, WA (CT)",0,1642,1642,0,3968,3968
53011041005,"Clark, WA (CT)",157,842,999,353,2017,2370
53011041007,"Clark, WA (CT)",0,1318,1318,0,3066,3066
53011041008,"Clark, WA (CT)",0,1487,1487,0,3754,3754
53011041009,"Clark, WA (CT)",0,1700,1700,0,3578,3578
53011041010,"Clark, WA (CT)",0,1781,1781,0,3385,3385
53011041011,"Clark, WA (CT)",0,1219,1219,0,2994,2994
53011041104,"Clark, WA (CT)",0,1343,1343,0,3799,3799
53011041105,"Clark, WA (CT)",0,2054,2054,0,5206,5206
53011041107,"Clark, WA (CT)",0,980,980,0,2504,2504
53011041108,"Clark, WA (CT)",0,3452,3452,0,6626,6626
53011041110,"Clark, WA (CT)",0,2278,2278,0,5849,5849
53011041111,"Clark, WA (CT)",0,1371,1371,0,3096,3096
53011041112,"Clark, WA (CT)",0,2314,2314,0,5249,5249
53011041201,"Clark, WA (CT)",0,2990,2990,0,6339,6339
53011041203,"Clark, WA (CT)",0,1785,1785,0,4543,4543
53011041205,"Clark, WA (CT)",0,2071,2071,0,4649,4649
53011041206,"Clark, WA (CT)",0,2085,2085,0,5535,5535
53011041309,"Clark, WA (CT)",0,2053,2053,0,4802,4802
53011041310,"Clark, WA (CT)",0,2553,2553,0,4746,4746
53011041312,"Clark, WA (CT)",0,1797,1797,0,4038,4038
53011041313,"Clark, WA (CT)",0,1095,1095,0,2534,2534
53011041317,"Clark, WA (CT)",0,1856,1856,0,4080,4080
53011041318,"Clark, WA (CT)",0,1998,1998,0,4733,4733
53011041319,"Clark, WA (CT)",0,2165,2165,0,6022,6022
53011041320,"Clark, WA (CT)",0,2278,2278,0,5941,5941
53011041321,"Clark, WA (CT)",0,1065,1065,0,2808,2808
53011041322,"Clark, WA (CT)",0,2064,2064,0,4386,4386
53011041323,"Clark, WA (CT)",0,2305,2305,0,5458,5458
53011041325,"Clark, WA (CT)",0,1879,1879,0,5059,5059
53011041326,"Clark, WA (CT)",0,836,836,0,2499,2499
53011041327,"Clark, WA (CT)",0,2571,2571,0,8381,8381
53011041328,"Clark, WA (CT)",0,2441,2441,0,5558,5558
53011041329,"Clark, WA (CT)",0,1548,1548,0,3951,3951
53011041330,"Clark, WA (CT)",0,1593,1593,0,4436,4436
53011041331,"Clark, WA (CT)",0,1004,1004,0,2565,2565
53011041332,"Clark, WA (CT)",0,1227,1227,0,3622,3622
53011041333,"Clark, WA (CT)",0,1092,1092,0,3270,3270
53011041400,"Clark, WA (CT)",0,2029,2029,0,5075,5075
53011041500,"Clark, WA (CT)",0,1158,1158,0,2732,2732
53011041600,"Clark, WA (CT)",0,1593,1593,0,3603,3603
53011041700,"Clark, WA (CT)",0,1683,1683,0,3919,3919
53011041800,"Clark, WA (CT)",0,1711,1711,0,4037,4037
53011041900,"Clark, WA (CT)",0,1036,1036,0,2056,2056
53011042000,"Clark, WA (CT)",0,717,717,0,1603,1603
53011042100,"Clark, WA (CT)",0,1360,1360,0,3155,3155
53011042300,"Clark, WA (CT)",0,1482,1482,0,2858,2858
53011042400,"Clark, WA (CT)",0,922,922,0,1995,1995
53011042500,"Clark, WA (CT)",0,702,702,0,1176,1176
53011042600,"Clark, WA (CT)",0,2740,2740,0,4653,4653
53011042700,"Clark, WA (CT)",0,2075,2075,0,4320,4320
53011042800,"Clark, WA (CT)",0,1273,1273,0,2772,2772
53011042900,"Clark, WA (CT)",0,628,628,0,1545,1545
53011043000,"Clark, WA (CT)",0,752,752,0,1756,1756
53011043100,"Clark, WA (CT)",0,1756,1756,0,3884,3884
53013960200,"Columbia, WA (CT)",861,1275,2136,1397,2681,4078
53015000300,"Cowlitz, WA (CT)",0,300,300,0,509,509
53015000400,"Cowlitz, WA (CT)",0,2140,2140,0,3612,3612
53015000501,"Cowlitz, WA (CT)",0,1245,1245,0,2826,2826
53015000502,"Cowlitz, WA (CT)",0,1778,1778,0,4858,4858
53015000601,"Cowlitz, WA (CT)",0,1790,1790,0,3867,3867
53015000602,"Cowlitz, WA (CT)",0,1368,1368,0,3017,3017
53015000702,"Cowlitz, WA (CT)",0,1183,1183,0,3079,3079
53015000703,"Cowlitz, WA (CT)",0,723,723,0,1601,1601
53015000704,"Cowlitz, WA (CT)",0,2970,2970,0,7029,7029
53015000800,"Cowlitz, WA (CT)",153,2538,2691,425,6302,6727
53015000900,"Cowlitz, WA (CT)",44,2657,2701,130,6878,7008
53015001000,"Cowlitz, WA (CT)",0,641,641,0,1226,1226
53015001100,"Cowlitz, WA (CT)",0,2464,2464,0,5856,5856
53015001200,"Cowlitz, WA (CT)",511,1353,1864,1348,3038,4386
53015001300,"Cowlitz, WA (CT)",202,1239,1441,515,3091,3606
53015001501,"Cowlitz, WA (CT)",1380,0,1380,3005,0,3005
53015001502,"Cowlitz, WA (CT)",851,2130,2981,2272,5646,7918
53015001600,"Cowlitz, WA (CT)",1219,1483,2702,2949,3381,6330
53015001700,"Cowlitz, WA (CT)",1937,106,2043,4913,256,5169
53015001800,"Cowlitz, WA (CT)",748,0,748,1689,0,1689
53015001900,"Cowlitz, WA (CT)",1929,109,2038,4836,282,5118
53015002001,"Cowlitz, WA (CT)",1402,179,1581,3206,403,3609
53015002002,"Cowlitz, WA (CT)",1682,878,2560,4054,2008,6062
53015002100,"Cowlitz, WA (CT)",0,2118,2118,0,4303,4303
53017950100,"Douglas, WA (CT)",3085,0,3085,6499,0,6499
53017950200,"Douglas, WA (CT)",1336,0,1336,2224,0,2224
53017950300,"Douglas, WA (CT)",629,1729,2358,1384,4673,6057
53017950400,"Douglas, WA (CT)",45,2495,2540,114,6278,6392
53017950500,"Douglas, WA (CT)",0,1455,1455,0,3264,3264
53017950600,"Douglas, WA (CT)",0,1647,1647,0,4453,4453
53017950700,"Douglas, WA (CT)",0,1692,1692,0,4350,4350
53017950800,"Douglas, WA (CT)",0,1891,1891,0,5192,5192
53019940000,"Ferry, WA (CT)",989,0,989,1731,0,1731
53019970100,"Ferry, WA (CT)",1554,0,1554,2694,0,2694
53019970200,"Ferry, WA (CT)",1860,0,1860,3126,0,3126
53021020100,"Franklin, WA (CT)",26,2399,2425,53,9601,9654
53021020200,"Franklin, WA (CT)",0,1772,1772,0,6021,6021
53021020300,"Franklin, WA (CT)",0,1627,1627,0,5727,5727
53021020400,"Franklin, WA (CT)",0,2916,2916,0,9393,9393
53021020501,"Franklin, WA (CT)",0,1794,1794,0,4668,4668
53021020502,"Franklin, WA (CT)",0,3074,3074,0,8403,8403
53021020601,"Franklin, WA (CT)",1601,868,2469,4717,2695,7412
53021020603,"Franklin, WA (CT)",0,1230,1230,0,3907,3907
53021020605,"Franklin, WA (CT)",0,2275,2275,0,6786,6786
53021020606,"Franklin, WA (CT)",7,2190,2197,20,6464,6484
53021020700,"Franklin, WA (CT)",551,0,551,1412,0,1412
53021020800,"Franklin, WA (CT)",1210,883,2093,4220,4076,8296
53021980100,"Franklin, WA (CT)",0,0,0,0,0,0
53023970300,"Garfield, WA (CT)",1233,0,1233,2266,0,2266
53025010100,"Grant, WA (CT)",2278,0,2278,3638,0,3638
53025010200,"Grant, WA (CT)",1151,0,1151,2965,0,2965
53025010300,"Grant, WA (CT)",2113,0,2113,4095,0,4095
53025010400,"Grant, WA (CT)",397,2840,3237,1084,6956,8040
53025010500,"Grant, WA (CT)",1769,67,1836,2745,218,2963
53025010600,"Grant, WA (CT)",26,2020,2046,80,6768,6848
53025010700,"Grant, WA (CT)",1498,1,1499,2749,6,2755
53025010800,"Grant, WA (CT)",75,1426,1501,221,4488,4709
53025010901,"Grant, WA (CT)",175,346,521,459,847,1306
53025010902,"Grant, WA (CT)",4,3816,3820,9,9903,9912
53025011000,"Grant, WA (CT)",423,3746,4169,1153,9934,11087
53025011100,"Grant, WA (CT)",0,3216,3216,0,7029,7029
53025011200,"Grant, WA (CT)",1555,324,1879,4194,771,4965
53025011300,"Grant, WA (CT)",497,796,1293,1259,2679,3938
53025011401,"Grant, WA (CT)",822,0,822,1845,0,1845
53025011402,"Grant, WA (CT)",2749,953,3702,8037,4988,13025
53027000200,"Grays Harbor, WA (CT)",2323,4183,6506,2381,5218,7599
53027000300,"Grays Harbor, WA (CT)",1559,0,1559,3334,0,3334
53027000400,"Grays Harbor, WA (CT)",1013,1858,2871,2407,4366,6773
53027000500,"Grays Harbor, WA (CT)",1049,1700,2749,2647,4156,6803
53027000600,"Grays Harbor, WA (CT)",1571,0,1571,3667,0,3667
53027000700,"Grays Harbor, WA (CT)",1898,0,1898,4538,0,4538
53027000800,"Grays Harbor, WA (CT)",377,1376,1753,857,3198,4055
53027000900,"Grays Harbor, WA (CT)",130,2476,2606,340,5912,6252
53027001000,"Grays Harbor, WA (CT)",0,1688,1688,0,3600,3600
53027001100,"Grays Harbor, WA (CT)",0,1942,1942,0,4284,4284
53027001200,"Grays Harbor, WA (CT)",0,1846,1846,0,4448,4448
53027001300,"Grays Harbor, WA (CT)",239,1310,1549,563,3000,3563
53027001400,"Grays Harbor, WA (CT)",66,895,961,114,1982,2096
53027001500,"Grays Harbor, WA (CT)",201,1606,1807,474,3432,3906
53027001600,"Grays Harbor, WA (CT)",3424,0,3424,6661,0,6661
53027940000,"Grays Harbor, WA (CT)",436,0,436,1218,0,1218
53027990000,"Grays Harbor, WA (CT)",0,0,0,0,0,0
53029970100,"Island, WA (CT)",692,505,1197,1452,1152,2604
53029970200,"Island, WA (CT)",4,320,324,7,1626,1633
53029970300,"Island, WA (CT)",1094,1190,2284,2376,2613,4989
53029970400,"Island, WA (CT)",212,2325,2537,488,5643,6131
53029970500,"Island, WA (CT)",346,2041,2387,842,4652,5494
53029970601,"Island, WA (CT)",0,1551,1551,0,3186,3186
53029970602,"Island, WA (CT)",0,1578,1578,0,3291,3291
53029970700,"Island, WA (CT)",0,1190,1190,0,1922,1922
53029970800,"Island, WA (CT)",0,1220,1220,0,2706,2706
53029970900,"Island, WA (CT)",42,1467,1509,136,4665,4801
53029971000,"Island, WA (CT)",1690,701,2391,3228,1548,4776
53029971100,"Island, WA (CT)",1866,0,1866,3289,0,3289
53029971300,"Island, WA (CT)",3024,0,3024,4393,0,4393
53029971400,"Island, WA (CT)",1112,1155,2267,2570,1830,4400
53029971500,"Island, WA (CT)",925,1009,1934,1688,1706,3394
53029971600,"Island, WA (CT)",593,1253,1846,1193,2624,3817
53029971700,"Island, WA (CT)",938,1500,2438,1524,2526,4050
53029971800,"Island, WA (CT)",1881,0,1881,2452,0,2452
53029971900,"Island, WA (CT)",2362,0,2362,3750,0,3750
53029972000,"Island, WA (CT)",2311,0,2311,3938,0,3938
53029972100,"Island, WA (CT)",2137,0,2137,3490,0,3490
53029992201,"Island, WA (CT)",0,0,0,0,0,0
53031950202,"Jefferson, WA (CT)",1239,0,1239,1816,0,1816
53031950300,"Jefferson, WA (CT)",3730,38,3768,6054,94,6148
53031950400,"Jefferson, WA (CT)",684,1393,2077,1023,2921,3944
53031950500,"Jefferson, WA (CT)",2942,783,3725,5224,1290,6514
53031950601,"Jefferson, WA (CT)",39,3748,3787,69,6230,6299
53031950602,"Jefferson, WA (CT)",438,1067,1505,850,2170,3020
53031950702,"Jefferson, WA (CT)",1666,0,1666,2131,0,2131
53031990000,"Jefferson, WA (CT)",0,0,0,0,0,0
53033000100,"King, WA (CT)",0,3443,3443,0,6255,6255
53033000200,"King, WA (CT)",0,3698,3698,0,7646,7646
53033000300,"King, WA (CT)",0,1161,1161,0,2603,2603
53033000401,"King, WA (CT)",0,3714,3714,0,5551,5551
53033000402,"King, WA (CT)",0,2453,2453,0,4841,4841
53033000500,"King, WA (CT)",0,1347,1347,0,3165,3165
53033000600,"King, WA (CT)",0,3538,3538,0,7626,7626
53033000700,"King, WA (CT)",0,2293,2293,0,4438,4438
53033000800,"King, WA (CT)",0,1086,1086,0,2583,2583
53033000900,"King, WA (CT)",0,906,906,0,2019,2019
53033001000,"King, WA (CT)",0,802,802,0,1941,1941
53033001100,"King, WA (CT)",0,1135,1135,0,2503,2503
53033001200,"King, WA (CT)",0,3681,3681,0,6494,6494
53033001300,"King, WA (CT)",0,2288,2288,0,4340,4340
53033001400,"King, WA (CT)",0,2307,2307,0,4848,4848
53033001500,"King, WA (CT)",0,1125,1125,0,2454,2454
53033001600,"King, WA (CT)",0,1847,1847,0,4131,4131
53033001701,"King, WA (CT)",0,2051,2051,0,3818,3818
53033001702,"King, WA (CT)",0,2008,2008,0,4234,4234
53033001800,"King, WA (CT)",0,2292,2292,0,4535,4535
53033001900,"King, WA (CT)",0,2248,2248,0,4157,4157
53033002000,"King, WA (CT)",0,1679,1679,0,3406,3406
53033002100,"King, WA (CT)",0,1770,1770,0,3807,3807
53033002200,"King, WA (CT)",0,2271,2271,0,5286,5286
53033002400,"King, WA (CT)",0,1294,1294,0,2972,2972
53033002500,"King, WA (CT)",0,1300,1300,0,2802,2802
53033002600,"King, WA (CT)",0,2052,2052,0,4660,4660
53033002700,"King, WA (CT)",0,2408,2408,0,5289,5289
53033002800,"King, WA (CT)",0,2229,2229,0,4481,4481
53033002900,"King, WA (CT)",0,1923,1923,0,4177,4177
53033003000,"King, WA (CT)",0,2502,2502,0,5637,5637
53033003100,"King, WA (CT)",0,2726,2726,0,6219,6219
53033003200,"King, WA (CT)",0,4250,4250,0,7683,7683
53033003300,"King, WA (CT)",0,3219,3219,0,6224,6224
53033003400,"King, WA (CT)",0,1543,1543,0,3302,3302
53033003500,"King, WA (CT)",0,1910,1910,0,3936,3936
53033003600,"King, WA (CT)",0,3361,3361,0,5672,5672
53033003800,"King, WA (CT)",0,952,952,0,2058,2058
53033003900,"King, WA (CT)",0,1191,1191,0,2772,2772
53033004000,"King, WA (CT)",0,1340,1340,0,2690,2690
53033004100,"King, WA (CT)",0,3280,3280,0,7789,7789
53033004200,"King, WA (CT)",0,3285,3285,0,7618,7618
53033004301,"King, WA (CT)",0,1540,1540,0,3531,3531
53033004302,"King, WA (CT)",0,1648,1648,0,3518,3518
53033004400,"King, WA (CT)",0,2709,2709,0,6260,6260
53033004500,"King, WA (CT)",0,1038,1038,0,2676,2676
53033004600,"King, WA (CT)",0,1465,1465,0,3251,3251
53033004700,"King, WA (CT)",0,4697,4697,0,6739,6739
53033004800,"King, WA (CT)",0,2273,2273,0,4539,4539
53033004900,"King, WA (CT)",0,3727,3727,0,6139,6139
53033005000,"King, WA (CT)",0,2018,2018,0,3600,3600
53033005100,"King, WA (CT)",0,1715,1715,0,3662,3662
53033005200,"King, WA (CT)",0,3159,3159,0,6076,6076
53033005301,"King, WA (CT)",0,3061,3061,0,7085,7085
53033005302,"King, WA (CT)",0,216,216,0,5706,5706
53033005400,"King, WA (CT)",0,2819,2819,0,4948,4948
53033005600,"King, WA (CT)",0,2766,2766,0,6382,6382
53033005700,"King, WA (CT)",0,2903,2903,0,6001,6001
53033005801,"King, WA (CT)",0,2768,2768,0,4743,4743
53033005802,"King, WA (CT)",0,2717,2717,0,5059,5059
53033005900,"King, WA (CT)",0,2734,2734,0,6836,6836
53033006000,"King, WA (CT)",0,2734,2734,0,5150,5150
53033006100,"King, WA (CT)",0,3093,3093,0,4796,4796
53033006200,"King, WA (CT)",0,1597,1597,0,3848,3848
53033006300,"King, WA (CT)",0,2829,2829,0,4962,4962
53033006400,"King, WA (CT)",0,1308,1308,0,3207,3207
53033006500,"King, WA (CT)",0,2520,2520,0,4157,4157
53033006600,"King, WA (CT)",0,2317,2317,0,3540,3540
53033006700,"King, WA (CT)",0,4371,4371,0,6544,6544
53033006800,"King, WA (CT)",0,1477,1477,0,2834,2834
53033006900,"King, WA (CT)",0,2249,2249,0,4080,4080
53033007000,"King, WA (CT)",0,5324,5324,0,6959,6959
53033007100,"King, WA (CT)",0,2271,2271,0,3055,3055
53033007200,"King, WA (CT)",0,4677,4677,0,5318,5318
53033007300,"King, WA (CT)",0,3840,3840,0,4668,4668
53033007401,"King, WA (CT)",0,3188,3188,0,4115,4115
53033007402,"King, WA (CT)",0,3666,3666,0,4921,4921
53033007500,"King, WA (CT)",0,4508,4508,0,6282,6282
53033007600,"King, WA (CT)",0,1994,1994,0,3498,3498
53033007700,"King, WA (CT)",0,2316,2316,0,4476,4476
53033007800,"King, WA (CT)",0,2241,2241,0,5145,5145
53033007900,"King, WA (CT)",0,3128,3128,0,5147,5147
53033008001,"King, WA (CT)",0,4589,4589,0,5588,5588
53033008002,"King, WA (CT)",0,2324,2324,0,3013,3013
53033008100,"King, WA (CT)",0,3100,3100,0,4070,4070
53033008200,"King, WA (CT)",0,2805,2805,0,3280,3280
53033008300,"King, WA (CT)",0,2111,2111,0,2505,2505
53033008400,"King, WA (CT)",0,2971,2971,0,3760,3760
53033008500,"King, WA (CT)",0,2020,2020,0,4341,4341
53033008600,"King, WA (CT)",0,2223,2223,0,5055,5055
53033008700,"King, WA (CT)",0,1843,1843,0,3843,3843
53033008800,"King, WA (CT)",0,1592,1592,0,3503,3503
53033008900,"King, WA (CT)",0,2281,2281,0,4829,4829
53033009000,"King, WA (CT)",0,1775,1775,0,2925,2925
53033009100,"King, WA (CT)",0,1560,1560,0,2508,2508
53033009200,"King, WA (CT)",0,1838,1838,0,2825,2825
53033009300,"King, WA (CT)",0,1104,1104,0,2354,2354
53033009400,"King, WA (CT)",0,2679,2679,0,5700,5700
53033009500,"King, WA (CT)",0,2558,2558,0,5906,5906
53033009600,"King, WA (CT)",0,3027,3027,0,5252,5252
53033009701,"King, WA (CT)",0,3041,3041,0,5290,5290
53033009702,"King, WA (CT)",0,2314,2314,0,5173,5173
53033009800,"King, WA (CT)",0,3042,3042,0,6198,6198
53033009900,"King, WA (CT)",0,2618,2618,0,4787,4787
53033010001,"King, WA (CT)",0,1528,1528,0,3769,3769
53033010002,"King, WA (CT)",0,1840,1840,0,4313,4313
53033010100,"King, WA (CT)",0,2695,2695,0,6553,6553
53033010200,"King, WA (CT)",0,2017,2017,0,4835,4835
53033010300,"King, WA (CT)",0,2512,2512,0,5940,5940
53033010401,"King, WA (CT)",0,1482,1482,0,4432,4432
53033010402,"King, WA (CT)",0,1684,1684,0,4669,4669
53033010500,"King, WA (CT)",0,3533,3533,0,6342,6342
53033010600,"King, WA (CT)",0,3826,3826,0,7310,7310
53033010701,"King, WA (CT)",0,1393,1393,0,3385,3385
53033010702,"King, WA (CT)",0,1412,1412,0,3679,3679
53033010800,"King, WA (CT)",0,1759,1759,0,4596,4596
53033010900,"King, WA (CT)",0,675,675,0,1287,1287
53033011001,"King, WA (CT)",0,1653,1653,0,4534,4534
53033011002,"King, WA (CT)",0,1298,1298,0,4479,4479
53033011101,"King, WA (CT)",0,1513,1513,0,4390,4390
53033011102,"King, WA (CT)",0,1590,1590,0,4419,4419
53033011200,"King, WA (CT)",0,1490,1490,0,3906,3906
53033011300,"King, WA (CT)",0,2863,2863,0,5984,5984
53033011401,"King, WA (CT)",0,1783,1783,0,4027,4027
53033011402,"King, WA (CT)",0,1898,1898,0,4174,4174
53033011500,"King, WA (CT)",0,1997,1997,0,4191,4191
53033011600,"King, WA (CT)",0,3094,3094,0,6413,6413
53033011700,"King, WA (CT)",0,1728,1728,0,5538,5538
53033011800,"King, WA (CT)",0,2928,2928,0,7383,7383
53033011900,"King, WA (CT)",0,2571,2571,0,7108,7108
53033012000,"King, WA (CT)",0,1517,1517,0,3349,3349
53033012100,"King, WA (CT)",0,1235,1235,0,2681,2681
53033020100,"King, WA (CT)",0,1322,1322,0,3156,3156
53033020200,"King, WA (CT)",0,2309,2309,0,5566,5566
53033020300,"King, WA (CT)",0,3129,3129,0,6434,6434
53033020401,"King, WA (CT)",0,1495,1495,0,3426,3426
53033020402,"King, WA (CT)",0,2263,2263,0,5368,5368
53033020500,"King, WA (CT)",0,2811,2811,0,6327,6327
53033020600,"King, WA (CT)",0,1355,1355,0,3661,3661
53033020700,"King, WA (CT)",0,1559,1559,0,3569,3569
53033020800,"King, WA (CT)",0,1821,1821,0,4309,4309
53033020900,"King, WA (CT)",0,1499,1499,0,3240,3240
53033021000,"King, WA (CT)",0,2275,2275,0,5594,5594
53033021100,"King, WA (CT)",0,1662,1662,0,4125,4125
53033021300,"King, WA (CT)",0,1755,1755,0,3759,3759
53033021400,"King, WA (CT)",0,1452,1452,0,3690,3690
53033021500,"King, WA (CT)",0,1723,1723,0,4294,4294
53033021600,"King, WA (CT)",0,1854,1854,0,4513,4513
53033021700,"King, WA (CT)",0,3476,3476,0,7681,7681
53033021802,"King, WA (CT)",0,2209,2209,0,5401,5401
53033021803,"King, WA (CT)",0,1922,1922,0,4348,4348
53033021804,"King, WA (CT)",0,1766,1766,0,4374,4374
53033021903,"King, WA (CT)",0,2606,2606,0,5695,5695
53033021904,"King, WA (CT)",0,1822,1822,0,5043,5043
53033021905,"King, WA (CT)",0,2169,2169,0,4950,4950
53033021906,"King, WA (CT)",0,1654,1654,0,3911,3911
53033022001,"King, WA (CT)",0,2226,2226,0,4738,4738
53033022003,"King, WA (CT)",0,2035,2035,0,5031,5031
53033022005,"King, WA (CT)",0,2257,2257,0,4725,4725
53033022006,"King, WA (CT)",0,1738,1738,0,3686,3686
53033022101,"King, WA (CT)",0,1941,1941,0,4734,4734
53033022102,"King, WA (CT)",0,2245,2245,0,5871,5871
53033022201,"King, WA (CT)",0,1753,1753,0,4268,4268
53033022202,"King, WA (CT)",0,3360,3360,0,7073,7073
53033022203,"King, WA (CT)",0,1952,1952,0,4865,4865
53033022300,"King, WA (CT)",0,1114,1114,0,2681,2681
53033022400,"King, WA (CT)",0,3972,3972,0,7935,7935
53033022500,"King, WA (CT)",0,4129,4129,0,7143,7143
53033022603,"King, WA (CT)",0,2379,2379,0,5324,5324
53033022604,"King, WA (CT)",0,1761,1761,0,4233,4233
53033022605,"King, WA (CT)",0,2550,2550,0,5410,5410
53033022606,"King, WA (CT)",0,2469,2469,0,5430,5430
53033022701,"King, WA (CT)",0,1668,1668,0,2546,2546
53033022702,"King, WA (CT)",0,1414,1414,0,3729,3729
53033022703,"King, WA (CT)",0,920,920,0,2373,2373
53033022801,"King, WA (CT)",0,3940,3940,0,8314,8314
53033022802,"King, WA (CT)",0,2022,2022,0,4791,4791
53033022803,"King, WA (CT)",0,2361,2361,0,4987,4987
53033022901,"King, WA (CT)",0,1039,1039,0,2924,2924
53033022902,"King, WA (CT)",0,2671,2671,0,6299,6299
53033023000,"King, WA (CT)",0,1935,1935,0,5190,5190
53033023100,"King, WA (CT)",0,1481,1481,0,3792,3792
53033023201,"King, WA (CT)",0,2729,2729,0,6223,6223
53033023202,"King, WA (CT)",0,1902,1902,0,4345,4345
53033023300,"King, WA (CT)",0,2267,2267,0,6217,6217
53033023401,"King, WA (CT)",0,1562,1562,0,3546,3546
53033023403,"King, WA (CT)",0,1644,1644,0,3888,3888
53033023404,"King, WA (CT)",0,1214,1214,0,3321,3321
53033023500,"King, WA (CT)",0,1564,1564,0,3667,3667
53033023601,"King, WA (CT)",0,1785,1785,0,3812,3812
53033023603,"King, WA (CT)",0,2599,2599,0,5963,5963
53033023604,"King, WA (CT)",0,2751,2751,0,5838,5838
53033023700,"King, WA (CT)",0,1765,1765,0,3971,3971
53033023801,"King, WA (CT)",0,1277,1277,0,2536,2536
53033023803,"King, WA (CT)",0,3052,3052,0,3501,3501
53033023804,"King, WA (CT)",0,4099,4099,0,3646,3646
53033023900,"King, WA (CT)",0,2976,2976,0,6924,6924
53033024000,"King, WA (CT)",0,3677,3677,0,7612,7612
53033024100,"King, WA (CT)",0,1687,1687,0,4379,4379
53033024200,"King, WA (CT)",0,1154,1154,0,2953,2953
53033024300,"King, WA (CT)",0,3785,3785,0,7255,7255
53033024400,"King, WA (CT)",0,1466,1466,0,2885,2885
53033024500,"King, WA (CT)",0,1757,1757,0,4595,4595
53033024601,"King, WA (CT)",0,1632,1632,0,4302,4302
53033024602,"King, WA (CT)",0,1290,1290,0,3662,3662
53033024701,"King, WA (CT)",0,1497,1497,0,3598,3598
53033024702,"King, WA (CT)",0,2873,2873,0,7058,7058
53033024800,"King, WA (CT)",0,2388,2388,0,5668,5668
53033024901,"King, WA (CT)",0,1814,1814,0,5017,5017
53033024902,"King, WA (CT)",0,1393,1393,0,3795,3795
53033024903,"King, WA (CT)",0,2389,2389,0,6864,6864
53033025001,"King, WA (CT)",0,1780,1780,0,4635,4635
53033025003,"King, WA (CT)",0,2703,2703,0,6817,6817
53033025005,"King, WA (CT)",0,1911,1911,0,4645,4645
53033025006,"King, WA (CT)",279,1926,2205,715,4373,5088
53033025101,"King, WA (CT)",0,2151,2151,0,5797,5797
53033025102,"King, WA (CT)",0,2673,2673,0,7456,7456
53033025200,"King, WA (CT)",0,3175,3175,0,7929,7929
53033025301,"King, WA (CT)",0,3005,3005,0,5004,5004
53033025302,"King, WA (CT)",0,2842,2842,0,4366,4366
53033025400,"King, WA (CT)",0,3016,3016,0,6925,6925
53033025500,"King, WA (CT)",0,2030,2030,0,4841,4841
53033025601,"King, WA (CT)",0,1976,1976,0,4941,4941
53033025602,"King, WA (CT)",0,1963,1963,0,5474,5474
53033025701,"King, WA (CT)",0,2967,2967,0,5545,5545
53033025702,"King, WA (CT)",0,1321,1321,0,3495,3495
53033025803,"King, WA (CT)",0,1858,1858,0,4676,4676
53033025804,"King, WA (CT)",0,1330,1330,0,3714,3714
53033025805,"King, WA (CT)",0,2033,2033,0,4551,4551
53033025806,"King, WA (CT)",0,1870,1870,0,4954,4954
53033026001,"King, WA (CT)",0,2086,2086,0,5274,5274
53033026002,"King, WA (CT)",0,3132,3132,0,7911,7911
53033026100,"King, WA (CT)",0,2647,2647,0,6712,6712
53033026200,"King, WA (CT)",0,2473,2473,0,4998,4998
53033026300,"King, WA (CT)",0,649,649,0,1626,1626
53033026400,"King, WA (CT)",0,2473,2473,0,5745,5745
53033026500,"King, WA (CT)",0,1346,1346,0,3459,3459
53033026600,"King, WA (CT)",0,902,902,0,2306,2306
53033026700,"King, WA (CT)",0,2191,2191,0,5472,5472
53033026801,"King, WA (CT)",0,2104,2104,0,5385,5385
53033026802,"King, WA (CT)",0,1734,1734,0,4906,4906
53033027000,"King, WA (CT)",0,1231,1231,0,3489,3489
53033027100,"King, WA (CT)",0,1360,1360,0,3431,3431
53033027200,"King, WA (CT)",0,931,931,0,2558,2558
53033027300,"King, WA (CT)",0,2062,2062,0,6327,6327
53033027400,"King, WA (CT)",0,1906,1906,0,5421,5421
53033027500,"King, WA (CT)",0,1868,1868,0,4718,4718
53033027600,"King, WA (CT)",0,1813,1813,0,4648,4648
53033027701,"King, WA (CT)",2803,0,2803,5679,0,5679
53033027702,"King, WA (CT)",2749,0,2749,4945,0,4945
53033027800,"King, WA (CT)",0,1497,1497,0,3290,3290
53033027900,"King, WA (CT)",0,3293,3293,0,6514,6514
53033028000,"King, WA (CT)",0,1587,1587,0,3366,3366
53033028100,"King, WA (CT)",0,868,868,0,2477,2477
53033028200,"King, WA (CT)",0,2001,2001,0,4718,4718
53033028300,"King, WA (CT)",0,1900,1900,0,4580,4580
53033028402,"King, WA (CT)",0,1905,1905,0,5097,5097
53033028403,"King, WA (CT)",0,2388,2388,0,4986,4986
53033028500,"King, WA (CT)",0,1701,1701,0,3847,3847
53033028600,"King, WA (CT)",0,2778,2778,0,6214,6214
53033028700,"King, WA (CT)",0,1944,1944,0,5055,5055
53033028801,"King, WA (CT)",0,886,886,0,3095,3095
53033028802,"King, WA (CT)",0,2422,2422,0,6128,6128
53033028901,"King, WA (CT)",0,1687,1687,0,3368,3368
53033028902,"King, WA (CT)",0,2572,2572,0,6495,6495
53033029001,"King, WA (CT)",0,2105,2105,0,4230,4230
53033029003,"King, WA (CT)",0,2195,2195,0,5466,5466
53033029004,"King, WA (CT)",0,1424,1424,0,3751,3751
53033029101,"King, WA (CT)",0,1261,1261,0,2990,2990
53033029102,"King, WA (CT)",0,1535,1535,0,4329,4329
53033029203,"King, WA (CT)",0,1274,1274,0,3537,3537
53033029204,"King, WA (CT)",0,2612,2612,0,6666,6666
53033029205,"King, WA (CT)",0,2280,2280,0,4602,4602
53033029206,"King, WA (CT)",0,2077,2077,0,3853,3853
53033029303,"King, WA (CT)",0,3126,3126,0,7517,7517
53033029304,"King, WA (CT)",0,1802,1802,0,4836,4836
53033029305,"King, WA (CT)",0,1338,1338,0,3914,3914
53033029306,"King, WA (CT)",0,1332,1332,0,3283,3283
53033029307,"King, WA (CT)",0,1332,1332,0,3883,3883
53033029403,"King, WA (CT)",0,1997,1997,0,5535,5535
53033029405,"King, WA (CT)",0,1852,1852,0,5861,5861
53033029406,"King, WA (CT)",0,1662,1662,0,5004,5004
53033029407,"King, WA (CT)",0,1693,1693,0,4885,4885
53033029408,"King, WA (CT)",0,1622,1622,0,4376,4376
53033029502,"King, WA (CT)",0,2164,2164,0,6780,6780
53033029503,"King, WA (CT)",0,3182,3182,0,7896,7896
53033029504,"King, WA (CT)",0,2299,2299,0,5292,5292
53033029601,"King, WA (CT)",0,2218,2218,0,7153,7153
53033029602,"King, WA (CT)",0,1628,1628,0,5462,5462
53033029700,"King, WA (CT)",0,3147,3147,0,7056,7056
53033029801,"King, WA (CT)",0,3149,3149,0,7914,7914
53033029802,"King, WA (CT)",0,3095,3095,0,8969,8969
53033029901,"King, WA (CT)",0,1568,1568,0,4823,4823
53033029902,"King, WA (CT)",0,1558,1558,0,4427,4427
53033030003,"King, WA (CT)",0,2480,2480,0,5877,5877
53033030004,"King, WA (CT)",0,3294,3294,0,8055,8055
53033030005,"King, WA (CT)",0,1859,1859,0,5530,5530
53033030006,"King, WA (CT)",0,1703,1703,0,3736,3736
53033030100,"King, WA (CT)",0,3018,3018,0,7323,7323
53033030201,"King, WA (CT)",0,2070,2070,0,5327,5327
53033030202,"King, WA (CT)",0,2554,2554,0,6484,6484
53033030304,"King, WA (CT)",0,1042,1042,0,2987,2987
53033030305,"King, WA (CT)",0,2152,2152,0,4906,4906
53033030306,"King, WA (CT)",0,2007,2007,0,5681,5681
53033030308,"King, WA (CT)",0,2370,2370,0,6266,6266
53033030309,"King, WA (CT)",0,2521,2521,0,5730,5730
53033030310,"King, WA (CT)",0,1948,1948,0,5551,5551
53033030311,"King, WA (CT)",0,1716,1716,0,5034,5034
53033030312,"King, WA (CT)",0,1832,1832,0,4736,4736
53033030313,"King, WA (CT)",0,1796,1796,0,3612,3612
53033030314,"King, WA (CT)",0,1969,1969,0,3795,3795
53033030401,"King, WA (CT)",0,3016,3016,0,8134,8134
53033030403,"King, WA (CT)",0,1635,1635,0,4270,4270
53033030404,"King, WA (CT)",0,1537,1537,0,4208,4208
53033030501,"King, WA (CT)",0,965,965,0,1686,1686
53033030503,"King, WA (CT)",0,2104,2104,0,4181,4181
53033030504,"King, WA (CT)",0,2017,2017,0,4484,4484
53033030600,"King, WA (CT)",0,2231,2231,0,5331,5331
53033030700,"King, WA (CT)",0,1619,1619,0,3796,3796
53033030801,"King, WA (CT)",0,2457,2457,0,6575,6575
53033030802,"King, WA (CT)",0,1438,1438,0,3683,3683
53033030901,"King, WA (CT)",0,1199,1199,0,3606,3606
53033030902,"King, WA (CT)",0,2066,2066,0,5605,5605
53033031000,"King, WA (CT)",221,1054,1275,637,2710,3347
53033031100,"King, WA (CT)",0,2723,2723,0,6718,6718
53033031202,"King, WA (CT)",1872,373,2245,5145,1256,6401
53033031204,"King, WA (CT)",842,1438,2280,2150,3888,6038
53033031205,"King, WA (CT)",0,2365,2365,0,6673,6673
53033031206,"King, WA (CT)",0,1841,1841,0,4877,4877
53033031301,"King, WA (CT)",728,250,978,1822,665,2487
53033031302,"King, WA (CT)",164,1645,1809,421,3950,4371
53033031400,"King, WA (CT)",0,2555,2555,0,5780,5780
53033031501,"King, WA (CT)",1468,0,1468,3616,0,3616
53033031502,"King, WA (CT)",1027,673,1700,2457,1419,3876
53033031601,"King, WA (CT)",125,1776,1901,373,4761,5134
53033031603,"King, WA (CT)",640,1431,2071,1480,4248,5728
53033031604,"King, WA (CT)",0,1591,1591,0,4797,4797
53033031605,"King, WA (CT)",188,1193,1381,522,3067,3589
53033031703,"King, WA (CT)",0,2745,2745,0,6649,6649
53033031704,"King, WA (CT)",0,1868,1868,0,5539,5539
53033031705,"King, WA (CT)",0,1299,1299,0,3744,3744
53033031706,"King, WA (CT)",0,2178,2178,0,6310,6310
53033031800,"King, WA (CT)",400,1340,1740,936,3841,4777
53033031903,"King, WA (CT)",106,2336,2442,264,6147,6411
53033031904,"King, WA (CT)",158,1079,1237,414,2915,3329
53033031906,"King, WA (CT)",295,1043,1338,790,2804,3594
53033031907,"King, WA (CT)",0,2786,2786,0,7399,7399
53033031908,"King, WA (CT)",0,1922,1922,0,4266,4266
53033031909,"King, WA (CT)",0,1143,1143,0,3037,3037
53033032002,"King, WA (CT)",1107,61,1168,2766,140,2906
53033032003,"King, WA (CT)",937,983,1920,2271,2483,4754
53033032005,"King, WA (CT)",0,2240,2240,0,6457,6457
53033032006,"King, WA (CT)",0,1668,1668,0,4275,4275
53033032007,"King, WA (CT)",360,964,1324,944,2513,3457
53033032008,"King, WA (CT)",0,1505,1505,0,4090,4090
53033032010,"King, WA (CT)",0,1971,1971,0,5175,5175
53033032011,"King, WA (CT)",0,1346,1346,0,4117,4117
53033032102,"King, WA (CT)",1013,841,1854,2431,2115,4546
53033032103,"King, WA (CT)",0,2153,2153,0,4280,4280
53033032104,"King, WA (CT)",425,2152,2577,1105,4928,6033
53033032203,"King, WA (CT)",0,2478,2478,0,6638,6638
53033032207,"King, WA (CT)",0,1196,1196,0,3254,3254
53033032208,"King, WA (CT)",0,4062,4062,0,7936,7936
53033032210,"King, WA (CT)",682,3429,4111,1698,8874,10572
53033032211,"King, WA (CT)",0,1717,1717,0,4803,4803
53033032212,"King, WA (CT)",0,2859,2859,0,7787,7787
53033032213,"King, WA (CT)",0,1434,1434,0,4376,4376
53033032214,"King, WA (CT)",0,1992,1992,0,6264,6264
53033032215,"King, WA (CT)",96,1280,1376,258,4371,4629
53033032307,"King, WA (CT)",0,2247,2247,0,6368,6368
53033032309,"King, WA (CT)",0,2928,2928,0,5212,5212
53033032311,"King, WA (CT)",206,1885,2091,512,5325,5837
53033032313,"King, WA (CT)",0,2545,2545,0,5576,5576
53033032315,"King, WA (CT)",449,1562,2011,1097,4159,5256
53033032316,"King, WA (CT)",0,1857,1857,0,5495,5495
53033032317,"King, WA (CT)",0,2185,2185,0,6038,6038
53033032318,"King, WA (CT)",0,1936,1936,0,5646,5646
53033032319,"King, WA (CT)",0,2698,2698,0,4703,4703
53033032320,"King, WA (CT)",0,1474,1474,0,4205,4205
53033032321,"King, WA (CT)",0,1689,1689,0,4959,4959
53033032322,"King, WA (CT)",0,1149,1149,0,3344,3344
53033032323,"King, WA (CT)",0,2155,2155,0,5483,5483
53033032324,"King, WA (CT)",0,2222,2222,0,5053,5053
53033032325,"King, WA (CT)",0,2495,2495,0,5791,5791
53033032326,"King, WA (CT)",0,1388,1388,0,3762,3762
53033032327,"King, WA (CT)",61,1849,1910,168,3666,3834
53033032328,"King, WA (CT)",0,1121,1121,0,3245,3245
53033032329,"King, WA (CT)",8,2606,2614,28,6571,6599
53033032401,"King, WA (CT)",1117,1032,2149,2808,3051,5859
53033032402,"King, WA (CT)",924,1256,2180,2432,3578,6010
53033032500,"King, WA (CT)",1050,1002,2052,2581,2656,5237
53033032601,"King, WA (CT)",412,725,1137,993,1792,2785
53033032602,"King, WA (CT)",411,3461,3872,1002,10039,11041
53033032702,"King, WA (CT)",1524,1272,2796,3285,3260,6545
53033032703,"King, WA (CT)",66,775,841,185,1835,2020
53033032704,"King, WA (CT)",230,2230,2460,556,5458,6014
53033032800,"King, WA (CT)",1555,146,1701,2452,399,2851
53033990100,"King, WA (CT)",0,0,0,0,0,0
53035080101,"Kitsap, WA (CT)",0,1254,1254,0,2417,2417
53035080102,"Kitsap, WA (CT)",0,1977,1977,0,4615,4615
53035080200,"Kitsap, WA (CT)",0,1619,1619,0,3511,3511
53035080300,"Kitsap, WA (CT)",0,1739,1739,0,3149,3149
53035080400,"Kitsap, WA (CT)",0,1773,1773,0,3361,3361
53035080500,"Kitsap, WA (CT)",0,1662,1662,0,2900,2900
53035080600,"Kitsap, WA (CT)",0,2305,2305,0,4921,4921
53035080700,"Kitsap, WA (CT)",0,1680,1680,0,3236,3236
53035080800,"Kitsap, WA (CT)",0,915,915,0,1921,1921
53035080900,"Kitsap, WA (CT)",169,1935,2104,409,4021,4430
53035081000,"Kitsap, WA (CT)",0,2030,2030,0,3652,3652
53035081100,"Kitsap, WA (CT)",0,1317,1317,0,2897,2897
53035081200,"Kitsap, WA (CT)",0,1496,1496,0,3017,3017
53035081400,"Kitsap, WA (CT)",0,41,41,0,3513,3513
53035090101,"Kitsap, WA (CT)",2153,566,2719,4197,1414,5611
53035090102,"Kitsap, WA (CT)",1200,1507,2707,2757,3024,5781
53035090201,"Kitsap, WA (CT)",203,1565,1768,481,4092,4573
53035090202,"Kitsap, WA (CT)",1280,790,2070,3062,2017,5079
53035090300,"Kitsap, WA (CT)",2,1279,1281,1,6053,6054
53035090400,"Kitsap, WA (CT)",106,1670,1776,283,4291,4574
53035090501,"Kitsap, WA (CT)",0,2120,2120,0,3955,3955
53035090502,"Kitsap, WA (CT)",0,1818,1818,0,4559,4559
53035090700,"Kitsap, WA (CT)",267,1941,2208,559,4624,5183
53035090800,"Kitsap, WA (CT)",473,1329,1802,1106,3063,4169
53035090900,"Kitsap, WA (CT)",0,3699,3699,0,7032,7032
53035091000,"Kitsap, WA (CT)",413,2462,2875,996,5645,6641
53035091100,"Kitsap, WA (CT)",0,2083,2083,0,4866,4866
53035091201,"Kitsap, WA (CT)",0,1869,1869,0,3886,3886
53035091203,"Kitsap, WA (CT)",0,3190,3190,0,7182,7182
53035091204,"Kitsap, WA (CT)",0,1569,1569,0,3135,3135
53035091301,"Kitsap, WA (CT)",1488,310,1798,3794,533,4327
53035091302,"Kitsap, WA (CT)",879,1250,2129,2280,3329,5609
53035091400,"Kitsap, WA (CT)",86,1258,1344,220,2873,3093
53035091500,"Kitsap, WA (CT)",0,1433,1433,0,3968,3968
53035091600,"Kitsap, WA (CT)",0,2847,2847,0,6356,6356
53035091700,"Kitsap, WA (CT)",0,2943,2943,0,7944,7944
53035091800,"Kitsap, WA (CT)",0,1251,1251,0,2944,2944
53035091900,"Kitsap, WA (CT)",0,1645,1645,0,4160,4160
53035092000,"Kitsap, WA (CT)",2451,5,2456,5667,16,5683
53035092100,"Kitsap, WA (CT)",348,2284,2632,841,5724,6565
53035092200,"Kitsap, WA (CT)",0,2879,2879,0,6804,6804
53035092300,"Kitsap, WA (CT)",0,2500,2500,0,6123,6123
53035092400,"Kitsap, WA (CT)",0,2555,2555,0,6029,6029
53035092500,"Kitsap, WA (CT)",0,2344,2344,0,5609,5609
53035092600,"Kitsap, WA (CT)",0,2602,2602,0,6035,6035
53035092701,"Kitsap, WA (CT)",715,1102,1817,1840,2799,4639
53035092704,"Kitsap, WA (CT)",532,878,1410,1246,1969,3215
53035092801,"Kitsap, WA (CT)",0,1675,1675,0,4311,4311
53035092802,"Kitsap, WA (CT)",911,741,1652,2343,2052,4395
53035092803,"Kitsap, WA (CT)",675,471,1146,1651,1137,2788
53035092901,"Kitsap, WA (CT)",2073,225,2298,5057,588,5645
53035092902,"Kitsap, WA (CT)",649,1385,2034,1626,3796,5422
53035940000,"Kitsap, WA (CT)",0,1623,1623,0,3500,3500
53035940100,"Kitsap, WA (CT)",731,2157,2888,1628,4521,6149
53035990100,"Kitsap, WA (CT)",0,0,0,0,0,0
53037975100,"Kittitas, WA (CT)",3944,2172,6116,2800,3539,6339
53037975200,"Kittitas, WA (CT)",3228,0,3228,5238,0,5238
53037975300,"Kittitas, WA (CT)",1752,174,1926,3910,449,4359
53037975401,"Kittitas, WA (CT)",0,2590,2590,0,7501,7501
53037975402,"Kittitas, WA (CT)",25,2516,2541,47,4808,4855
53037975500,"Kittitas, WA (CT)",71,2488,2559,158,5595,5753
53037975600,"Kittitas, WA (CT)",18,1140,1158,38,2577,2615
53037975700,"Kittitas, WA (CT)",1757,25,1782,4198,57,4255
53039950100,"Klickitat, WA (CT)",2517,1594,4111,4996,3329,8325
53039950200,"Klickitat, WA (CT)",1783,340,2123,3435,789,4224
53039950300,"Klickitat, WA (CT)",1747,1805,3552,3803,3966,7769
53041970100,"Lewis, WA (CT)",1349,0,1349,3379,0,3379
53041970200,"Lewis, WA (CT)",562,964,1526,1323,1925,3248
53041970300,"Lewis, WA (CT)",106,2158,2264,254,4719,4973
53041970400,"Lewis, WA (CT)",440,1857,2297,1115,4588,5703
53041970500,"Lewis, WA (CT)",0,893,893,0,2099,2099
53041970600,"Lewis, WA (CT)",0,890,890,0,2005,2005
53041970700,"Lewis, WA (CT)",123,1645,1768,313,3871,4184
53041970800,"Lewis, WA (CT)",314,1484,1798,804,3305,4109
53041970900,"Lewis, WA (CT)",0,727,727,0,1799,1799
53041971000,"Lewis, WA (CT)",51,1175,1226,123,2826,2949
53041971100,"Lewis, WA (CT)",1412,128,1540,3490,329,3819
53041971200,"Lewis, WA (CT)",1462,0,1462,3303,0,3303
53041971300,"Lewis, WA (CT)",1642,573,2215,4046,1525,5571
53041971400,"Lewis, WA (CT)",736,315,1051,1911,697,2608
53041971500,"Lewis, WA (CT)",2884,0,2884,7092,0,7092
53041971600,"Lewis, WA (CT)",1656,0,1656,3945,0,3945
53041971700,"Lewis, WA (CT)",2307,0,2307,4652,0,4652
53041971800,"Lewis, WA (CT)",2183,0,2183,4175,0,4175
53041971900,"Lewis, WA (CT)",1425,0,1425,2931,0,2931
53041972000,"Lewis, WA (CT)",2589,0,2589,2911,0,2911
53043960100,"Lincoln, WA (CT)",754,0,754,1743,0,1743
53043960200,"Lincoln, WA (CT)",1862,0,1862,3115,0,3115
53043960300,"Lincoln, WA (CT)",1608,0,1608,2714,0,2714
53043960400,"Lincoln, WA (CT)",1552,0,1552,2998,0,2998
53045940000,"Mason, WA (CT)",292,0,292,730,0,730
53045960100,"Mason, WA (CT)",1115,0,1115,724,0,724
53045960200,"Mason, WA (CT)",4178,16,4194,5700,43,5743
53045960300,"Mason, WA (CT)",2515,1338,3853,3361,2783,6144
53045960400,"Mason, WA (CT)",4251,240,4491,8269,548,8817
53045960500,"Mason, WA (CT)",2354,688,3042,3751,1137,4888
53045960600,"Mason, WA (CT)",346,1092,1438,869,4560,5429
53045960700,"Mason, WA (CT)",0,621,621,0,1754,1754
53045960800,"Mason, WA (CT)",0,1725,1725,0,4014,4014
53045960900,"Mason, WA (CT)",0,1845,1845,0,4794,4794
53045961000,"Mason, WA (CT)",1717,406,2123,3855,997,4852
53045961100,"Mason, WA (CT)",3876,2,3878,5789,2,5791
53045961200,"Mason, WA (CT)",2056,332,2388,2892,851,3743
53045961300,"Mason, WA (CT)",1203,310,1513,2723,553,3276
53047940100,"Okanogan, WA (CT)",1174,0,1174,2825,0,2825
53047940200,"Okanogan, WA (CT)",954,336,1290,2290,839,3129
53047970300,"Okanogan, WA (CT)",5286,0,5286,7308,0,7308
53047970400,"Okanogan, WA (CT)",1720,0,1720,3717,0,3717
53047970500,"Okanogan, WA (CT)",1374,0,1374,2321,0,2321
53047970600,"Okanogan, WA (CT)",782,2140,2922,1948,4766,6714
53047970700,"Okanogan, WA (CT)",739,1084,1823,1662,2624,4286
53047970800,"Okanogan, WA (CT)",1880,0,1880,4930,0,4930
53047970900,"Okanogan, WA (CT)",2349,0,2349,2220,0,2220
53047971000,"Okanogan, WA (CT)",2427,0,2427,3670,0,3670
53049950200,"Pacific, WA (CT)",976,968,1944,2100,2167,4267
53049950300,"Pacific, WA (CT)",1502,903,2405,1710,1915,3625
53049950400,"Pacific, WA (CT)",1962,0,1962,3921,0,3921
53049950500,"Pacific, WA (CT)",1948,0,1948,2475,0,2475
53049950600,"Pacific, WA (CT)",1289,0,1289,1263,0,1263
53049950700,"Pacific, WA (CT)",1365,1654,3019,1467,1528,2995
53049950800,"Pacific, WA (CT)",774,2206,2980,614,1760,2374
53049990100,"Pacific, WA (CT)",0,0,0,0,0,0
53051970100,"Pend Oreille, WA (CT)",1453,0,1453,2099,0,2099
53051970200,"Pend Oreille, WA (CT)",1951,0,1951,2649,0,2649
53051970300,"Pend Oreille, WA (CT)",575,985,1560,1104,2196,3300
53051970400,"Pend Oreille, WA (CT)",1563,0,1563,2682,0,2682
53051970500,"Pend Oreille, WA (CT)",1409,0,1409,2271,0,2271
53053060200,"Pierce, WA (CT)",0,636,636,0,1928,1928
53053060300,"Pierce, WA (CT)",0,2054,2054,0,4106,4106
53053060400,"Pierce, WA (CT)",0,1746,1746,0,3896,3896
53053060500,"Pierce, WA (CT)",0,1758,1758,0,3923,3923
53053060600,"Pierce, WA (CT)",0,2851,2851,0,5262,5262
53053060700,"Pierce, WA (CT)",0,2471,2471,0,6523,6523
53053060800,"Pierce, WA (CT)",0,2243,2243,0,4940,4940
53053060903,"Pierce, WA (CT)",0,1440,1440,0,3043,3043
53053060904,"Pierce, WA (CT)",0,2383,2383,0,5015,5015
53053060905,"Pierce, WA (CT)",0,3216,3216,0,6359,6359
53053060906,"Pierce, WA (CT)",0,918,918,0,2045,2045
53053061001,"Pierce, WA (CT)",0,1891,1891,0,3791,3791
53053061002,"Pierce, WA (CT)",0,2362,2362,0,4187,4187
53053061100,"Pierce, WA (CT)",0,2940,2940,0,6200,6200
53053061200,"Pierce, WA (CT)",0,2099,2099,0,4968,4968
53053061300,"Pierce, WA (CT)",0,2050,2050,0,4808,4808
53053061400,"Pierce, WA (CT)",0,1573,1573,0,4442,4442
53053061500,"Pierce, WA (CT)",0,3590,3590,0,4742,4742
53053061601,"Pierce, WA (CT)",0,1383,1383,0,1824,1824
53053061602,"Pierce, WA (CT)",0,564,564,0,956,956
53053061700,"Pierce, WA (CT)",0,1961,1961,0,4578,4578
53053061800,"Pierce, WA (CT)",0,1157,1157,0,2880,2880
53053061900,"Pierce, WA (CT)",0,876,876,0,1961,1961
53053062000,"Pierce, WA (CT)",0,1757,1757,0,4228,4228
53053062300,"Pierce, WA (CT)",0,1768,1768,0,5244,5244
53053062400,"Pierce, WA (CT)",0,2316,2316,0,5471,5471
53053062500,"Pierce, WA (CT)",0,2934,2934,0,7073,7073
53053062600,"Pierce, WA (CT)",0,1345,1345,0,2977,2977
53053062801,"Pierce, WA (CT)",0,2926,2926,0,6130,6130
53053062802,"Pierce, WA (CT)",0,1548,1548,0,4112,4112
53053062900,"Pierce, WA (CT)",0,3338,3338,0,7365,7365
53053063000,"Pierce, WA (CT)",0,1223,1223,0,2956,2956
53053063100,"Pierce, WA (CT)",0,1656,1656,0,4270,4270
53053063200,"Pierce, WA (CT)",0,1940,1940,0,4855,4855
53053063300,"Pierce, WA (CT)",0,2541,2541,0,7857,7857
53053063400,"Pierce, WA (CT)",0,2865,2865,0,7592,7592
53053063501,"Pierce, WA (CT)",0,1662,1662,0,4164,4164
53053063502,"Pierce, WA (CT)",0,1732,1732,0,5179,5179
53053070100,"Pierce, WA (CT)",1405,348,1753,2419,987,3406
53053070203,"Pierce, WA (CT)",475,1317,1792,1419,3784,5203
53053070204,"Pierce, WA (CT)",0,1380,1380,0,3598,3598
53053070205,"Pierce, WA (CT)",359,865,1224,1031,2427,3458
53053070206,"Pierce, WA (CT)",1055,509,1564,2757,1415,4172
53053070207,"Pierce, WA (CT)",313,1585,1898,821,4127,4948
53053070307,"Pierce, WA (CT)",559,1217,1776,1382,3494,4876
53053070308,"Pierce, WA (CT)",0,1414,1414,0,3782,3782
53053070309,"Pierce, WA (CT)",81,2112,2193,219,5382,5601
53053070310,"Pierce, WA (CT)",0,1766,1766,0,5178,5178
53053070311,"Pierce, WA (CT)",0,1615,1615,0,4624,4624
53053070312,"Pierce, WA (CT)",20,1665,1685,45,4824,4869
53053070313,"Pierce, WA (CT)",0,2274,2274,0,6029,6029
53053070314,"Pierce, WA (CT)",0,1113,1113,0,2880,2880
53053070315,"Pierce, WA (CT)",0,1734,1734,0,4597,4597
53053070316,"Pierce, WA (CT)",0,2362,2362,0,5207,5207
53053070401,"Pierce, WA (CT)",15,806,821,33,2013,2046
53053070403,"Pierce, WA (CT)",157,1267,1424,371,3322,3693
53053070404,"Pierce, WA (CT)",0,1520,1520,0,4465,4465
53053070703,"Pierce, WA (CT)",0,2695,2695,0,6065,6065
53053071100,"Pierce, WA (CT)",0,1018,1018,0,2362,2362
53053071205,"Pierce, WA (CT)",0,1872,1872,0,4668,4668
53053071206,"Pierce, WA (CT)",0,2741,2741,0,6589,6589
53053071207,"Pierce, WA (CT)",0,2625,2625,0,5671,5671
53053071208,"Pierce, WA (CT)",0,3097,3097,0,7128,7128
53053071209,"Pierce, WA (CT)",0,1435,1435,0,4205,4205
53053071210,"Pierce, WA (CT)",0,1641,1641,0,4515,4515
53053071304,"Pierce, WA (CT)",0,2530,2530,0,5895,5895
53053071305,"Pierce, WA (CT)",0,1463,1463,0,3705,3705
53053071306,"Pierce, WA (CT)",0,2368,2368,0,6166,6166
53053071307,"Pierce, WA (CT)",0,1810,1810,0,4629,4629
53053071309,"Pierce, WA (CT)",0,1521,1521,0,4335,4335
53053071310,"Pierce, WA (CT)",0,1627,1627,0,4571,4571
53053071403,"Pierce, WA (CT)",0,1674,1674,0,3994,3994
53053071406,"Pierce, WA (CT)",0,2221,2221,0,6126,6126
53053071407,"Pierce, WA (CT)",0,2224,2224,0,6632,6632
53053071408,"Pierce, WA (CT)",0,1489,1489,0,4005,4005
53053071409,"Pierce, WA (CT)",0,1605,1605,0,4409,4409
53053071410,"Pierce, WA (CT)",0,2160,2160,0,5724,5724
53053071411,"Pierce, WA (CT)",0,1610,1610,0,4725,4725
53053071503,"Pierce, WA (CT)",0,2242,2242,0,5115,5115
53053071504,"Pierce, WA (CT)",0,1709,1709,0,5539,5539
53053071505,"Pierce, WA (CT)",0,2098,2098,0,5202,5202
53053071506,"Pierce, WA (CT)",0,1976,1976,0,5314,5314
53053071601,"Pierce, WA (CT)",0,1856,1856,0,4920,4920
53053071602,"Pierce, WA (CT)",0,3173,3173,0,7355,7355
53053071703,"Pierce, WA (CT)",0,1661,1661,0,3670,3670
53053071704,"Pierce, WA (CT)",0,1812,1812,0,4360,4360
53053071705,"Pierce, WA (CT)",0,1383,1383,0,3768,3768
53053071706,"Pierce, WA (CT)",0,805,805,0,1909,1909
53053071707,"Pierce, WA (CT)",0,1161,1161,0,2853,2853
53053071803,"Pierce, WA (CT)",0,2643,2643,0,5254,5254
53053071805,"Pierce, WA (CT)",0,1497,1497,0,3625,3625
53053071806,"Pierce, WA (CT)",0,1970,1970,0,4213,4213
53053071807,"Pierce, WA (CT)",0,1655,1655,0,3480,3480
53053071808,"Pierce, WA (CT)",0,1621,1621,0,3920,3920
53053071901,"Pierce, WA (CT)",0,2260,2260,0,4713,4713
53053071902,"Pierce, WA (CT)",0,2409,2409,0,5183,5183
53053072000,"Pierce, WA (CT)",0,2333,2333,0,4779,4779
53053072105,"Pierce, WA (CT)",0,1965,1965,0,5230,5230
53053072106,"Pierce, WA (CT)",0,3046,3046,0,5921,5921
53053072107,"Pierce, WA (CT)",0,1789,1789,0,4197,4197
53053072108,"Pierce, WA (CT)",0,2430,2430,0,5648,5648
53053072109,"Pierce, WA (CT)",19,1653,1672,17,3451,3468
53053072111,"Pierce, WA (CT)",0,1076,1076,0,2514,2514
53053072112,"Pierce, WA (CT)",0,1972,1972,0,4369,4369
53053072305,"Pierce, WA (CT)",0,2624,2624,0,5903,5903
53053072307,"Pierce, WA (CT)",0,1974,1974,0,4357,4357
53053072308,"Pierce, WA (CT)",0,2895,2895,0,6886,6886
53053072309,"Pierce, WA (CT)",0,2688,2688,0,5892,5892
53053072310,"Pierce, WA (CT)",0,1683,1683,0,3803,3803
53053072311,"Pierce, WA (CT)",0,2031,2031,0,4231,4231
53053072312,"Pierce, WA (CT)",0,2404,2404,0,5612,5612
53053072313,"Pierce, WA (CT)",0,1465,1465,0,3797,3797
53053072405,"Pierce, WA (CT)",0,1694,1694,0,4107,4107
53053072406,"Pierce, WA (CT)",0,2142,2142,0,5831,5831
53053072407,"Pierce, WA (CT)",0,2106,2106,0,4790,4790
53053072408,"Pierce, WA (CT)",0,2489,2489,0,5919,5919
53053072409,"Pierce, WA (CT)",0,1033,1033,0,2510,2510
53053072410,"Pierce, WA (CT)",0,1565,1565,0,3633,3633
53053072503,"Pierce, WA (CT)",248,1454,1702,584,3602,4186
53053072504,"Pierce, WA (CT)",119,1447,1566,225,4413,4638
53053072505,"Pierce, WA (CT)",6,2894,2900,10,6894,6904
53053072506,"Pierce, WA (CT)",0,1525,1525,0,3438,3438
53053072507,"Pierce, WA (CT)",0,1516,1516,0,2643,2643
53053072601,"Pierce, WA (CT)",1208,940,2148,2826,2409,5235
53053072602,"Pierce, WA (CT)",1694,484,2178,2715,1183,3898
53053072603,"Pierce, WA (CT)",3139,0,3139,6462,0,6462
53053072800,"Pierce, WA (CT)",28,3243,3271,65,8202,8267
53053072901,"Pierce, WA (CT)",0,742,742,0,2507,2507
53053072903,"Pierce, WA (CT)",44,517,561,158,2558,2716
53053072905,"Pierce, WA (CT)",0,1587,1587,0,5214,5214
53053072906,"Pierce, WA (CT)",7,17,24,21,1371,1392
53053072907,"Pierce, WA (CT)",0,1298,1298,134,4545,4679
53053073001,"Pierce, WA (CT)",1634,734,2368,4133,1949,6082
53053073005,"Pierce, WA (CT)",2120,4,2124,5418,13,5431
53053073006,"Pierce, WA (CT)",1435,73,1508,3650,178,3828
53053073108,"Pierce, WA (CT)",0,2504,2504,0,7451,7451
53053073110,"Pierce, WA (CT)",0,1393,1393,0,3864,3864
53053073111,"Pierce, WA (CT)",0,1585,1585,0,4346,4346
53053073113,"Pierce, WA (CT)",413,1767,2180,1154,5210,6364
53053073114,"Pierce, WA (CT)",0,1946,1946,0,5610,5610
53053073115,"Pierce, WA (CT)",0,1580,1580,0,4449,4449
53053073116,"Pierce, WA (CT)",663,625,1288,1747,1605,3352
53053073117,"Pierce, WA (CT)",1362,77,1439,3608,183,3791
53053073118,"Pierce, WA (CT)",827,846,1673,2191,2410,4601
53053073119,"Pierce, WA (CT)",1322,0,1322,3154,0,3154
53053073120,"Pierce, WA (CT)",0,1236,1236,0,3412,3412
53053073121,"Pierce, WA (CT)",0,1591,1591,0,4708,4708
53053073122,"Pierce, WA (CT)",0,1536,1536,0,4392,4392
53053073123,"Pierce, WA (CT)",57,1460,1517,223,4326,4549
53053073124,"Pierce, WA (CT)",0,1028,1028,0,2793,2793
53053073125,"Pierce, WA (CT)",0,3328,3328,0,9584,9584
53053073126,"Pierce, WA (CT)",0,1167,1167,0,3616,3616
53053073200,"Pierce, WA (CT)",1834,1117,2951,3419,2801,6220
53053073301,"Pierce, WA (CT)",0,2474,2474,0,5467,5467
53053073302,"Pierce, WA (CT)",0,1827,1827,0,4033,4033
53053073404,"Pierce, WA (CT)",0,2704,2704,0,6099,6099
53053073405,"Pierce, WA (CT)",0,1688,1688,0,3649,3649
53053073406,"Pierce, WA (CT)",0,2117,2117,0,4775,4775
53053073407,"Pierce, WA (CT)",0,1642,1642,0,3608,3608
53053073408,"Pierce, WA (CT)",0,1773,1773,0,4124,4124
53053073500,"Pierce, WA (CT)",0,2835,2835,0,7030,7030
53053940001,"Pierce, WA (CT)",0,1194,1194,0,2760,2760
53053940002,"Pierce, WA (CT)",0,1595,1595,0,3945,3945
53053940003,"Pierce, WA (CT)",0,2821,2821,0,6790,6790
53053940004,"Pierce, WA (CT)",0,2699,2699,0,6504,6504
53053940005,"Pierce, WA (CT)",0,2020,2020,0,5839,5839
53053940006,"Pierce, WA (CT)",0,788,788,0,2447,2447
53053940007,"Pierce, WA (CT)",0,1103,1103,0,3150,3150
53053940008,"Pierce, WA (CT)",0,2347,2347,0,5902,5902
53053940009,"Pierce, WA (CT)",0,1176,1176,0,2845,2845
53053940010,"Pierce, WA (CT)",0,2051,2051,0,3985,3985
53053940011,"Pierce, WA (CT)",0,1646,1646,0,4106,4106
53055960100,"San Juan, WA (CT)",4515,0,4515,5354,0,5354
53055960300,"San Juan, WA (CT)",3787,0,3787,4761,0,4761
53055960400,"San Juan, WA (CT)",1762,0,1762,2901,0,2901
53055960500,"San Juan, WA (CT)",3249,0,3249,2753,0,2753
53055990100,"San Juan, WA (CT)",0,0,0,0,0,0
53057940200,"Skagit, WA (CT)",0,1226,1226,0,2181,2181
53057940300,"Skagit, WA (CT)",1154,1242,2396,2473,2407,4880
53057940400,"Skagit, WA (CT)",159,2901,3060,361,6478,6839
53057940500,"Skagit, WA (CT)",0,1225,1225,0,2467,2467
53057940600,"Skagit, WA (CT)",0,884,884,0,1530,1530
53057940700,"Skagit, WA (CT)",0,791,791,0,1562,1562
53057940800,"Skagit, WA (CT)",277,1279,1556,604,2406,3010
53057950100,"Skagit, WA (CT)",954,41,995,786,87,873
53057950800,"Skagit, WA (CT)",2664,0,2664,6015,0,6015
53057950900,"Skagit, WA (CT)",1387,111,1498,3317,754,4071
53057951000,"Skagit, WA (CT)",1250,0,1250,2821,0,2821
53057951100,"Skagit, WA (CT)",2948,0,2948,4715,0,4715
53057951200,"Skagit, WA (CT)",1078,719,1797,1499,1490,2989
53057951300,"Skagit, WA (CT)",407,412,819,908,945,1853
53057951400,"Skagit, WA (CT)",29,1629,1658,67,3962,4029
53057951500,"Skagit, WA (CT)",437,3425,3862,1120,8206,9326
53057951600,"Skagit, WA (CT)",281,1318,1599,685,3667,4352
53057951700,"Skagit, WA (CT)",0,1400,1400,0,3689,3689
53057951800,"Skagit, WA (CT)",28,1862,1890,67,4351,4418
53057951900,"Skagit, WA (CT)",678,846,1524,1514,2005,3519
53057952100,"Skagit, WA (CT)",965,593,1558,2245,1065,3310
53057952200,"Skagit, WA (CT)",0,1676,1676,0,4144,4144
53057952301,"Skagit, WA (CT)",0,1529,1529,0,4562,4562
53057952302,"Skagit, WA (CT)",116,3081,3197,287,8435,8722
53057952401,"Skagit, WA (CT)",0,1163,1163,0,2831,2831
53057952402,"Skagit, WA (CT)",142,2759,2901,338,7070,7408
53057952500,"Skagit, WA (CT)",0,1295,1295,0,3290,3290
53057952600,"Skagit, WA (CT)",171,1370,1541,430,3391,3821
53057952700,"Skagit, WA (CT)",1571,0,1571,3674,0,3674
53057990100,"Skagit, WA (CT)",0,0,0,0,0,0
53059950100,"Skamania, WA (CT)",472,0,472,98,0,98
53059950200,"Skamania, WA (CT)",2008,0,2008,4264,0,4264
53059950300,"Skamania, WA (CT)",940,0,940,2010,0,2010
53059950400,"Skamania, WA (CT)",1089,0,1089,2234,0,2234
53059950500,"Skamania, WA (CT)",1119,0,1119,2460,0,2460
53061040100,"Snohomish, WA (CT)",0,1813,1813,0,5382,5382
53061040200,"Snohomish, WA (CT)",0,2767,2767,0,5925,5925
53061040300,"Snohomish, WA (CT)",0,1400,1400,0,2937,2937
53061040400,"Snohomish, WA (CT)",0,2049,2049,0,3867,3867
53061040500,"Snohomish, WA (CT)",0,1015,1015,0,2402,2402
53061040700,"Snohomish, WA (CT)",0,2039,2039,0,4726,4726
53061040800,"Snohomish, WA (CT)",0,1269,1269,0,2418,2418
53061040900,"Snohomish, WA (CT)",0,1255,1255,0,2810,2810
53061041000,"Snohomish, WA (CT)",0,2556,2556,0,5380,5380
53061041100,"Snohomish, WA (CT)",0,1965,1965,0,4570,4570
53061041201,"Snohomish, WA (CT)",0,1243,1243,0,3439,3439
53061041202,"Snohomish, WA (CT)",0,2390,2390,0,5791,5791
53061041301,"Snohomish, WA (CT)",0,2216,2216,0,5117,5117
53061041303,"Snohomish, WA (CT)",0,1874,1874,0,4502,4502
53061041304,"Snohomish, WA (CT)",0,1142,1142,0,2870,2870
53061041400,"Snohomish, WA (CT)",0,2261,2261,0,5534,5534
53061041500,"Snohomish, WA (CT)",0,574,574,0,1396,1396
53061041601,"Snohomish, WA (CT)",0,2013,2013,0,5498,5498
53061041605,"Snohomish, WA (CT)",0,2092,2092,0,5826,5826
53061041606,"Snohomish, WA (CT)",0,1972,1972,0,5287,5287
53061041607,"Snohomish, WA (CT)",0,1235,1235,0,3657,3657
53061041608,"Snohomish, WA (CT)",0,2146,2146,0,6264,6264
53061041701,"Snohomish, WA (CT)",0,2107,2107,0,4359,4359
53061041703,"Snohomish, WA (CT)",0,1857,1857,0,5039,5039
53061041704,"Snohomish, WA (CT)",0,2287,2287,0,5024,5024
53061041805,"Snohomish, WA (CT)",0,2452,2452,0,5573,5573
53061041806,"Snohomish, WA (CT)",0,3194,3194,0,7971,7971
53061041808,"Snohomish, WA (CT)",0,1812,1812,0,4114,4114
53061041809,"Snohomish, WA (CT)",0,2137,2137,0,5007,5007
53061041810,"Snohomish, WA (CT)",0,2353,2353,0,5035,5035
53061041811,"Snohomish, WA (CT)",0,2447,2447,0,6403,6403
53061041812,"Snohomish, WA (CT)",0,2531,2531,0,5550,5550
53061041901,"Snohomish, WA (CT)",0,1549,1549,0,4073,4073
53061041903,"Snohomish, WA (CT)",0,3183,3183,0,6981,6981
53061041904,"Snohomish, WA (CT)",0,2258,2258,0,5600,5600
53061041905,"Snohomish, WA (CT)",0,2431,2431,0,5174,5174
53061042001,"Snohomish, WA (CT)",0,2357,2357,0,5921,5921
53061042003,"Snohomish, WA (CT)",0,1217,1217,0,3336,3336
53061042004,"Snohomish, WA (CT)",0,1583,1583,0,4166,4166
53061042005,"Snohomish, WA (CT)",0,1842,1842,0,5177,5177
53061042006,"Snohomish, WA (CT)",0,2333,2333,0,4544,4544
53061050101,"Snohomish, WA (CT)",0,952,952,0,2686,2686
53061050102,"Snohomish, WA (CT)",0,2259,2259,0,5361,5361
53061050200,"Snohomish, WA (CT)",0,1635,1635,0,4154,4154
53061050300,"Snohomish, WA (CT)",0,2158,2158,0,5327,5327
53061050401,"Snohomish, WA (CT)",0,3031,3031,0,7052,7052
53061050402,"Snohomish, WA (CT)",0,2450,2450,0,5352,5352
53061050500,"Snohomish, WA (CT)",0,3898,3898,0,6594,6594
53061050600,"Snohomish, WA (CT)",0,454,454,0,1271,1271
53061050700,"Snohomish, WA (CT)",0,2657,2657,0,5863,5863
53061050800,"Snohomish, WA (CT)",0,2624,2624,0,6090,6090
53061050900,"Snohomish, WA (CT)",0,1548,1548,0,3233,3233
53061051000,"Snohomish, WA (CT)",0,1900,1900,0,4382,4382
53061051100,"Snohomish, WA (CT)",0,1606,1606,0,3748,3748
53061051200,"Snohomish, WA (CT)",0,1839,1839,0,4208,4208
53061051300,"Snohomish, WA (CT)",0,3086,3086,0,7157,7157
53061051400,"Snohomish, WA (CT)",0,3403,3403,0,7491,7491
53061051500,"Snohomish, WA (CT)",0,2387,2387,0,5601,5601
53061051601,"Snohomish, WA (CT)",0,1758,1758,0,4767,4767
53061051602,"Snohomish, WA (CT)",0,1624,1624,0,4129,4129
53061051701,"Snohomish, WA (CT)",0,2572,2572,0,5597,5597
53061051702,"Snohomish, WA (CT)",0,1871,1871,0,4707,4707
53061051802,"Snohomish, WA (CT)",0,2015,2015,0,5176,5176
53061051803,"Snohomish, WA (CT)",0,2734,2734,0,5636,5636
53061051804,"Snohomish, WA (CT)",0,1416,1416,0,3748,3748
53061051905,"Snohomish, WA (CT)",0,3068,3068,0,8009,8009
53061051912,"Snohomish, WA (CT)",465,399,864,1209,1077,2286
53061051913,"Snohomish, WA (CT)",0,1516,1516,0,4202,4202
53061051914,"Snohomish, WA (CT)",0,1563,1563,0,4052,4052
53061051915,"Snohomish, WA (CT)",0,2428,2428,0,6863,6863
53061051916,"Snohomish, WA (CT)",0,1360,1360,0,3677,3677
53061051917,"Snohomish, WA (CT)",0,1633,1633,0,4045,4045
53061051918,"Snohomish, WA (CT)",0,2095,2095,0,4973,4973
53061051921,"Snohomish, WA (CT)",0,1696,1696,0,3882,3882
53061051922,"Snohomish, WA (CT)",0,1684,1684,0,4687,4687
53061051923,"Snohomish, WA (CT)",0,1911,1911,0,4745,4745
53061051924,"Snohomish, WA (CT)",0,2569,2569,0,5974,5974
53061051925,"Snohomish, WA (CT)",0,2606,2606,0,6295,6295
53061051926,"Snohomish, WA (CT)",0,1589,1589,0,4611,4611
53061051927,"Snohomish, WA (CT)",0,1639,1639,0,4714,4714
53061051928,"Snohomish, WA (CT)",0,1913,1913,0,4783,4783
53061052003,"Snohomish, WA (CT)",0,2466,2466,0,7273,7273
53061052004,"Snohomish, WA (CT)",0,2491,2491,0,5746,5746
53061052005,"Snohomish, WA (CT)",0,2611,2611,0,5491,5491
53061052006,"Snohomish, WA (CT)",0,1442,1442,0,4248,4248
53061052007,"Snohomish, WA (CT)",0,1603,1603,0,4663,4663
53061052104,"Snohomish, WA (CT)",416,1080,1496,307,3052,3359
53061052105,"Snohomish, WA (CT)",591,156,747,1527,368,1895
53061052107,"Snohomish, WA (CT)",0,1474,1474,0,3975,3975
53061052108,"Snohomish, WA (CT)",317,1857,2174,836,4978,5814
53061052112,"Snohomish, WA (CT)",460,496,956,1224,1383,2607
53061052113,"Snohomish, WA (CT)",420,653,1073,1179,1827,3006
53061052114,"Snohomish, WA (CT)",0,1559,1559,0,4988,4988
53061052115,"Snohomish, WA (CT)",0,2295,2295,0,6726,6726
53061052118,"Snohomish, WA (CT)",73,2280,2353,192,6651,6843
53061052203,"Snohomish, WA (CT)",178,1619,1797,425,4788,5213
53061052204,"Snohomish, WA (CT)",13,1686,1699,32,5313,5345
53061052206,"Snohomish, WA (CT)",1593,31,1624,4176,74,4250
53061052207,"Snohomish, WA (CT)",1213,824,2037,3133,2336,5469
53061052208,"Snohomish, WA (CT)",0,1660,1660,0,4096,4096
53061052209,"Snohomish, WA (CT)",1,981,982,3,5026,5029
53061052301,"Snohomish, WA (CT)",1672,111,1783,4379,303,4682
53061052302,"Snohomish, WA (CT)",922,456,1378,2451,1226,3677
53061052401,"Snohomish, WA (CT)",0,1645,1645,0,4066,4066
53061052402,"Snohomish, WA (CT)",0,1921,1921,0,3939,3939
53061052502,"Snohomish, WA (CT)",0,1667,1667,0,4334,4334
53061052503,"Snohomish, WA (CT)",0,2459,2459,0,6788,6788
53061052504,"Snohomish, WA (CT)",0,949,949,0,2503,2503
53061052603,"Snohomish, WA (CT)",0,915,915,0,2434,2434
53061052604,"Snohomish, WA (CT)",0,1783,1783,0,4240,4240
53061052605,"Snohomish, WA (CT)",0,2150,2150,0,5842,5842
53061052606,"Snohomish, WA (CT)",220,1625,1845,544,4581,5125
53061052607,"Snohomish, WA (CT)",29,2006,2035,81,5770,5851
53061052701,"Snohomish, WA (CT)",563,48,611,1385,133,1518
53061052705,"Snohomish, WA (CT)",350,2140,2490,935,6271,7206
53061052706,"Snohomish, WA (CT)",0,1914,1914,0,5311,5311
53061052707,"Snohomish, WA (CT)",0,1207,1207,0,3554,3554
53061052708,"Snohomish, WA (CT)",0,1744,1744,0,5344,5344
53061052709,"Snohomish, WA (CT)",650,528,1178,1687,1650,3337
53061052803,"Snohomish, WA (CT)",105,1808,1913,211,4892,5103
53061052804,"Snohomish, WA (CT)",0,2432,2432,0,6971,6971
53061052805,"Snohomish, WA (CT)",0,1803,1803,0,4332,4332
53061052806,"Snohomish, WA (CT)",0,2403,2403,0,7049,7049
53061052903,"Snohomish, WA (CT)",0,1797,1797,0,4079,4079
53061052904,"Snohomish, WA (CT)",0,2079,2079,0,5442,5442
53061052905,"Snohomish, WA (CT)",0,1964,1964,0,4239,4239
53061052906,"Snohomish, WA (CT)",0,1713,1713,0,4445,4445
53061053101,"Snohomish, WA (CT)",720,669,1389,1894,1821,3715
53061053102,"Snohomish, WA (CT)",699,1184,1883,1705,2929,4634
53061053201,"Snohomish, WA (CT)",1054,647,1701,2585,1333,3918
53061053202,"Snohomish, WA (CT)",681,1190,1871,1614,2553,4167
53061053301,"Snohomish, WA (CT)",130,2503,2633,327,5946,6273
53061053302,"Snohomish, WA (CT)",2033,104,2137,5212,343,5555
53061053400,"Snohomish, WA (CT)",2102,0,2102,5528,0,5528
53061053504,"Snohomish, WA (CT)",196,2510,2706,515,5868,6383
53061053505,"Snohomish, WA (CT)",1310,624,1934,3442,1546,4988
53061053506,"Snohomish, WA (CT)",2129,116,2245,5115,205,5320
53061053507,"Snohomish, WA (CT)",0,1651,1651,0,4726,4726
53061053508,"Snohomish, WA (CT)",101,1129,1230,243,3166,3409
53061053509,"Snohomish, WA (CT)",0,1545,1545,0,3909,3909
53061053602,"Snohomish, WA (CT)",1959,646,2605,4103,1537,5640
53061053603,"Snohomish, WA (CT)",1191,374,1565,2909,939,3848
53061053604,"Snohomish, WA (CT)",503,1138,1641,1257,2863,4120
53061053700,"Snohomish, WA (CT)",1588,0,1588,3065,0,3065
53061053801,"Snohomish, WA (CT)",2042,0,2042,3639,0,3639
53061053802,"Snohomish, WA (CT)",287,1784,2071,663,4731,5394
53061053803,"Snohomish, WA (CT)",837,1371,2208,2002,3251,5253
53061940001,"Snohomish, WA (CT)",713,1799,2512,1663,4799,6462
53061940002,"Snohomish, WA (CT)",1721,135,1856,3782,387,4169
53061990002,"Snohomish, WA (CT)",0,0,0,0,0,0
53061990100,"Snohomish, WA (CT)",0,0,0,0,0,0
53063000200,"Spokane, WA (CT)",0,1972,1972,0,4654,4654
53063000300,"Spokane, WA (CT)",0,2189,2189,0,5408,5408
53063000400,"Spokane, WA (CT)",0,1826,1826,0,4110,4110
53063000500,"Spokane, WA (CT)",0,1523,1523,0,3403,3403
53063000600,"Spokane, WA (CT)",0,1280,1280,0,3014,3014
53063000700,"Spokane, WA (CT)",0,2212,2212,0,4978,4978
53063000800,"Spokane, WA (CT)",0,1969,1969,0,4776,4776
53063000900,"Spokane, WA (CT)",0,2528,2528,0,6066,6066
53063001000,"Spokane, WA (CT)",0,2463,2463,0,5522,5522
53063001100,"Spokane, WA (CT)",0,1427,1427,0,3278,3278
53063001200,"Spokane, WA (CT)",0,987,987,0,2216,2216
53063001300,"Spokane, WA (CT)",0,1617,1617,0,3443,3443
53063001400,"Spokane, WA (CT)",0,2718,2718,0,6244,6244
53063001500,"Spokane, WA (CT)",0,2205,2205,0,5587,5587
53063001600,"Spokane, WA (CT)",0,1497,1497,0,3738,3738
53063001800,"Spokane, WA (CT)",0,1418,1418,0,2762,2762
53063001900,"Spokane, WA (CT)",0,1615,1615,0,3527,3527
53063002000,"Spokane, WA (CT)",0,1910,1910,0,4205,4205
53063002100,"Spokane, WA (CT)",0,1087,1087,0,2474,2474
53063002300,"Spokane, WA (CT)",0,2242,2242,0,5073,5073
53063002400,"Spokane, WA (CT)",0,1181,1181,0,2484,2484
53063002500,"Spokane, WA (CT)",0,2647,2647,0,8679,8679
53063002600,"Spokane, WA (CT)",0,2187,2187,0,5236,5236
53063002900,"Spokane, WA (CT)",0,1281,1281,0,3387,3387
53063003000,"Spokane, WA (CT)",0,1024,1024,0,2759,2759
53063003100,"Spokane, WA (CT)",0,2178,2178,0,4954,4954
53063003200,"Spokane, WA (CT)",0,1821,1821,0,2566,2566
53063003500,"Spokane, WA (CT)",0,2003,2003,0,2604,2604
53063003600,"Spokane, WA (CT)",0,2752,2752,0,3906,3906
53063003800,"Spokane, WA (CT)",0,980,980,0,1746,1746
53063003900,"Spokane, WA (CT)",52,1027,1079,95,1948,2043
53063004000,"Spokane, WA (CT)",0,2900,2900,0,4953,4953
53063004100,"Spokane, WA (CT)",0,1146,1146,0,2098,2098
53063004200,"Spokane, WA (CT)",0,2038,2038,0,4739,4739
53063004300,"Spokane, WA (CT)",0,1470,1470,0,3328,3328
53063004400,"Spokane, WA (CT)",0,2138,2138,0,4318,4318
53063004500,"Spokane, WA (CT)",0,1529,1529,0,3564,3564
53063004601,"Spokane, WA (CT)",0,2010,2010,0,3471,3471
53063004602,"Spokane, WA (CT)",0,1231,1231,0,3132,3132
53063004700,"Spokane, WA (CT)",0,2994,2994,0,6572,6572
53063004800,"Spokane, WA (CT)",0,1507,1507,0,3326,3326
53063004900,"Spokane, WA (CT)",0,2477,2477,0,5550,5550
53063005000,"Spokane, WA (CT)",145,1651,1796,421,3113,3534
53063010100,"Spokane, WA (CT)",2589,172,2761,5617,511,6128
53063010201,"Spokane, WA (CT)",1646,0,1646,4046,0,4046
53063010202,"Spokane, WA (CT)",1563,862,2425,4281,2702,6983
53063010301,"Spokane, WA (CT)",332,1436,1768,803,3463,4266
53063010303,"Spokane, WA (CT)",1158,0,1158,3022,0,3022
53063010304,"Spokane, WA (CT)",2358,0,2358,5805,0,5805
53063010305,"Spokane, WA (CT)",1439,722,2161,3769,2210,5979
53063010401,"Spokane, WA (CT)",43,1746,1789,90,6156,6246
53063010402,"Spokane, WA (CT)",2654,47,2701,6795,142,6937
53063010501,"Spokane, WA (CT)",22,3105,3127,48,7857,7905
53063010503,"Spokane, WA (CT)",524,1903,2427,1381,5320,6701
53063010504,"Spokane, WA (CT)",41,1329,1370,91,3455,3546
53063010601,"Spokane, WA (CT)",0,1387,1387,0,3490,3490
53063010602,"Spokane, WA (CT)",0,2887,2887,0,7418,7418
53063010700,"Spokane, WA (CT)",48,1990,2038,136,5787,5923
53063010800,"Spokane, WA (CT)",0,1044,1044,0,2207,2207
53063010900,"Spokane, WA (CT)",0,1514,1514,0,4939,4939
53063011000,"Spokane, WA (CT)",0,1534,1534,0,3583,3583
53063011101,"Spokane, WA (CT)",0,3052,3052,0,5744,5744
53063011102,"Spokane, WA (CT)",0,1693,1693,0,3768,3768
53063011201,"Spokane, WA (CT)",0,3758,3758,0,7211,7211
53063011202,"Spokane, WA (CT)",545,1126,1671,1441,2589,4030
53063011300,"Spokane, WA (CT)",155,2909,3064,373,6742,7115
53063011400,"Spokane, WA (CT)",147,2030,2177,364,5109,5473
53063011500,"Spokane, WA (CT)",0,618,618,0,1456,1456
53063011600,"Spokane, WA (CT)",0,793,793,0,1786,1786
53063011701,"Spokane, WA (CT)",0,1112,1112,0,2316,2316
53063011702,"Spokane, WA (CT)",0,2745,2745,0,5690,5690
53063011800,"Spokane, WA (CT)",0,2675,2675,0,5018,5018
53063011900,"Spokane, WA (CT)",0,1885,1885,0,4352,4352
53063012000,"Spokane, WA (CT)",0,1779,1779,0,3973,3973
53063012100,"Spokane, WA (CT)",0,1175,1175,0,2610,2610
53063012200,"Spokane, WA (CT)",0,1039,1039,0,2369,2369
53063012300,"Spokane, WA (CT)",0,2630,2630,0,5562,5562
53063012401,"Spokane, WA (CT)",109,1653,1762,306,3823,4129
53063012402,"Spokane, WA (CT)",288,1946,2234,765,5263,6028
53063012500,"Spokane, WA (CT)",0,1400,1400,0,3373,3373
53063012600,"Spokane, WA (CT)",0,1596,1596,0,3608,3608
53063012701,"Spokane, WA (CT)",0,1709,1709,0,3582,3582
53063012702,"Spokane, WA (CT)",0,831,831,0,2139,2139
53063012801,"Spokane, WA (CT)",0,1666,1666,0,4110,4110
53063012802,"Spokane, WA (CT)",0,1286,1286,0,3293,3293
53063012901,"Spokane, WA (CT)",0,1244,1244,0,2994,2994
53063012902,"Spokane, WA (CT)",0,2591,2591,0,6891,6891
53063013000,"Spokane, WA (CT)",34,2922,2956,90,7397,7487
53063013100,"Spokane, WA (CT)",103,3995,4098,311,9367,9678
53063013201,"Spokane, WA (CT)",197,2655,2852,613,6790,7403
53063013202,"Spokane, WA (CT)",395,3531,3926,1062,8155,9217
53063013300,"Spokane, WA (CT)",1127,1,1128,2909,4,2913
53063013401,"Spokane, WA (CT)",366,1395,1761,937,3719,4656
53063013500,"Spokane, WA (CT)",2129,918,3047,5206,2447,7653
53063013600,"Spokane, WA (CT)",599,1153,1752,1516,2585,4101
53063013700,"Spokane, WA (CT)",673,871,1544,1416,1660,3076
53063013800,"Spokane, WA (CT)",0,858,858,0,2776,2776
53063013900,"Spokane, WA (CT)",597,1609,2206,1400,4352,5752
53063014001,"Spokane, WA (CT)",0,1951,1951,0,5433,5433
53063014002,"Spokane, WA (CT)",65,2020,2085,158,4647,4805
53063014100,"Spokane, WA (CT)",1337,835,2172,3124,2383,5507
53063014200,"Spokane, WA (CT)",1335,201,1536,2838,489,3327
53063014300,"Spokane, WA (CT)",1356,0,1356,3195,0,3195
53063014400,"Spokane, WA (CT)",0,1869,1869,0,4967,4967
53063014500,"Spokane, WA (CT)",0,1003,1003,0,2104,2104
53065941000,"Stevens, WA (CT)",777,0,777,2094,0,2094
53065950100,"Stevens, WA (CT)",4019,0,4019,7292,0,7292
53065950200,"Stevens, WA (CT)",1639,5,1644,3907,16,3923
53065950300,"Stevens, WA (CT)",0,1209,1209,0,2573,2573
53065950500,"Stevens, WA (CT)",0,1100,1100,0,2352,2352
53065950600,"Stevens, WA (CT)",1256,7,1263,2240,25,2265
53065950700,"Stevens, WA (CT)",1228,0,1228,2543,0,2543
53065950800,"Stevens, WA (CT)",1526,0,1526,3277,0,3277
53065950900,"Stevens, WA (CT)",928,0,928,1548,0,1548
53065951100,"Stevens, WA (CT)",1804,0,1804,3596,0,3596
53065951300,"Stevens, WA (CT)",2612,0,2612,4287,0,4287
53065951400,"Stevens, WA (CT)",1614,1432,3046,3695,4086,7781
53067010100,"Thurston, WA (CT)",0,2064,2064,0,3100,3100
53067010200,"Thurston, WA (CT)",0,2269,2269,0,5141,5141
53067010300,"Thurston, WA (CT)",0,2495,2495,0,5064,5064
53067010400,"Thurston, WA (CT)",0,1497,1497,0,3513,3513
53067010510,"Thurston, WA (CT)",0,1026,1026,0,1703,1703
53067010520,"Thurston, WA (CT)",0,2917,2917,0,6035,6035
53067010600,"Thurston, WA (CT)",0,2698,2698,0,5960,5960
53067010700,"Thurston, WA (CT)",0,2110,2110,0,5422,5422
53067010800,"Thurston, WA (CT)",18,3000,3018,34,6275,6309
53067010910,"Thurston, WA (CT)",0,3057,3057,0,6567,6567
53067010920,"Thurston, WA (CT)",0,2011,2011,0,4122,4122
53067011000,"Thurston, WA (CT)",446,1661,2107,1101,3778,4879
53067011100,"Thurston, WA (CT)",0,1550,1550,0,3568,3568
53067011200,"Thurston, WA (CT)",0,2397,2397,0,4960,4960
53067011300,"Thurston, WA (CT)",0,2253,2253,0,4336,4336
53067011410,"Thurston, WA (CT)",0,2076,2076,0,5159,5159
53067011420,"Thurston, WA (CT)",0,2718,2718,0,6707,6707
53067011500,"Thurston, WA (CT)",0,2306,2306,0,5759,5759
53067011610,"Thurston, WA (CT)",0,3038,3038,0,7501,7501
53067011621,"Thurston, WA (CT)",0,3253,3253,0,6863,6863
53067011622,"Thurston, WA (CT)",0,1639,1639,0,4414,4414
53067011623,"Thurston, WA (CT)",0,2405,2405,0,5581,5581
53067011624,"Thurston, WA (CT)",132,1343,1475,325,3383,3708
53067011710,"Thurston, WA (CT)",6,3066,3072,14,7488,7502
53067011720,"Thurston, WA (CT)",293,1468,1761,800,3740,4540
53067011810,"Thurston, WA (CT)",1214,198,1412,3017,504,3521
53067011821,"Thurston, WA (CT)",744,969,1713,1843,2381,4224
53067011822,"Thurston, WA (CT)",985,627,1612,2459,1668,4127
53067011900,"Thurston, WA (CT)",3166,293,3459,6229,538,6767
53067012000,"Thurston, WA (CT)",1,2648,2649,1,7157,7158
53067012100,"Thurston, WA (CT)",841,1026,1867,1946,2229,4175
53067012211,"Thurston, WA (CT)",469,546,1015,1126,1437,2563
53067012212,"Thurston, WA (CT)",0,3301,3301,0,7005,7005
53067012221,"Thurston, WA (CT)",1259,855,2114,3036,2183,5219
53067012222,"Thurston, WA (CT)",197,2860,3057,454,6674,7128
53067012310,"Thurston, WA (CT)",41,3434,3475,108,9117,9225
53067012320,"Thurston, WA (CT)",330,819,1149,861,1978,2839
53067012330,"Thurston, WA (CT)",0,1872,1872,0,4246,4246
53067012411,"Thurston, WA (CT)",375,2479,2854,873,6481,7354
53067012412,"Thurston, WA (CT)",535,1270,1805,1287,3507,4794
53067012420,"Thurston, WA (CT)",531,1163,1694,1314,2707,4021
53067012510,"Thurston, WA (CT)",339,1085,1424,622,2611,3233
53067012520,"Thurston, WA (CT)",2895,107,3002,6882,272,7154
53067012530,"Thurston, WA (CT)",1613,0,1613,3909,0,3909
53067012610,"Thurston, WA (CT)",2006,407,2413,4695,987,5682
53067012620,"Thurston, WA (CT)",1906,1,1907,4517,2,4519
53067012710,"Thurston, WA (CT)",208,659,867,509,1737,2246
53067012720,"Thurston, WA (CT)",761,1628,2389,1866,4534,6400
53067012730,"Thurston, WA (CT)",1088,1219,2307,3119,3223,6342
53067990100,"Thurston, WA (CT)",0,0,0,0,0,0
53069950100,"Wahkiakum, WA (CT)",2067,0,2067,3978,0,3978
53071920000,"Walla Walla, WA (CT)",1253,631,1884,3489,1735,5224
53071920100,"Walla Walla, WA (CT)",2069,39,2108,4774,106,4880
53071920200,"Walla Walla, WA (CT)",188,1249,1437,449,3412,3861
53071920300,"Walla Walla, WA (CT)",0,3682,3682,0,8585,8585
53071920400,"Walla Walla, WA (CT)",0,5,5,0,2317,2317
53071920500,"Walla Walla, WA (CT)",0,1020,1020,0,2839,2839
53071920600,"Walla Walla, WA (CT)",0,2597,2597,0,5874,5874
53071920701,"Walla Walla, WA (CT)",0,1927,1927,0,3735,3735
53071920702,"Walla Walla, WA (CT)",0,2015,2015,0,4649,4649
53071920801,"Walla Walla, WA (CT)",0,2160,2160,0,4915,4915
53071920802,"Walla Walla, WA (CT)",0,1192,1192,0,3394,3394
53071920900,"Walla Walla, WA (CT)",548,2876,3424,1354,7154,8508
53073000100,"Whatcom, WA (CT)",1417,2773,4190,3491,5507,8998
53073000200,"Whatcom, WA (CT)",438,4240,4678,1127,8610,9737
53073000300,"Whatcom, WA (CT)",0,3509,3509,0,7430,7430
53073000400,"Whatcom, WA (CT)",0,2989,2989,0,6349,6349
53073000501,"Whatcom, WA (CT)",0,2303,2303,0,5189,5189
53073000502,"Whatcom, WA (CT)",0,1309,1309,0,2668,2668
53073000600,"Whatcom, WA (CT)",0,832,832,0,1638,1638
53073000700,"Whatcom, WA (CT)",0,2764,2764,0,6489,6489
53073000803,"Whatcom, WA (CT)",0,2782,2782,0,6275,6275
53073000804,"Whatcom, WA (CT)",280,2274,2554,759,5883,6642
53073000805,"Whatcom, WA (CT)",166,1956,2122,415,4551,4966
53073000806,"Whatcom, WA (CT)",1168,2533,3701,2395,5588,7983
53073000901,"Whatcom, WA (CT)",0,3035,3035,0,6638,6638
53073000902,"Whatcom, WA (CT)",97,2303,2400,249,5584,5833
53073001000,"Whatcom, WA (CT)",0,1728,1728,0,7138,7138
53073001100,"Whatcom, WA (CT)",0,3485,3485,0,6637,6637
53073001201,"Whatcom, WA (CT)",0,3283,3283,0,6489,6489
53073001202,"Whatcom, WA (CT)",804,1239,2043,1441,2074,3515
53073010100,"Whatcom, WA (CT)",3020,1378,4398,4870,3025,7895
53073010200,"Whatcom, WA (CT)",2187,899,3086,5607,2472,8079
53073010301,"Whatcom, WA (CT)",1263,1292,2555,3617,3175,6792
53073010302,"Whatcom, WA (CT)",0,1963,1963,0,4483,4483
53073010303,"Whatcom, WA (CT)",215,1607,1822,678,4425,5103
53073010401,"Whatcom, WA (CT)",1601,1800,3401,4108,3941,8049
53073010403,"Whatcom, WA (CT)",17,3238,3255,33,5097,5130
53073010404,"Whatcom, WA (CT)",1042,2465,3507,2649,3603,6252
53073010501,"Whatcom, WA (CT)",1025,1767,2792,2871,4403,7274
53073010502,"Whatcom, WA (CT)",370,2530,2900,967,6459,7426
53073010600,"Whatcom, WA (CT)",918,1508,2426,2476,4004,6480
53073010701,"Whatcom, WA (CT)",1680,583,2263,4564,1633,6197
53073010702,"Whatcom, WA (CT)",1063,506,1569,2741,1641,4382
53073010900,"Whatcom, WA (CT)",964,0,964,964,0,964
53073011000,"Whatcom, WA (CT)",2068,0,2068,1314,0,1314
53073940000,"Whatcom, WA (CT)",1989,0,1989,4706,0,4706
53075000100,"Whitman, WA (CT)",0,1358,1358,0,6520,6520
53075000200,"Whitman, WA (CT)",478,2570,3048,959,5584,6543
53075000300,"Whitman, WA (CT)",185,1904,2089,403,4101,4504
53075000400,"Whitman, WA (CT)",236,1678,1914,521,3217,3738
53075000500,"Whitman, WA (CT)",0,485,485,0,3212,3212
53075000600,"Whitman, WA (CT)",96,3933,4029,288,7095,7383
53075000700,"Whitman, WA (CT)",1711,0,1711,3507,0,3507
53075000800,"Whitman, WA (CT)",339,1369,1708,801,2720,3521
53075000900,"Whitman, WA (CT)",1935,0,1935,3733,0,3733
53075001000,"Whitman, WA (CT)",1046,0,1046,2115,0,2115
53077000100,"Yakima, WA (CT)",0,988,988,0,3095,3095
53077000200,"Yakima, WA (CT)",0,1752,1752,0,5553,5553
53077000300,"Yakima, WA (CT)",0,2253,2253,0,4521,4521
53077000400,"Yakima, WA (CT)",42,3222,3264,117,7306,7423
53077000500,"Yakima, WA (CT)",0,2207,2207,0,5202,5202
53077000600,"Yakima, WA (CT)",0,2096,2096,0,6953,6953
53077000700,"Yakima, WA (CT)",0,2776,2776,0,7072,7072
53077000800,"Yakima, WA (CT)",0,1931,1931,0,4495,4495
53077000901,"Yakima, WA (CT)",0,3241,3241,0,7411,7411
53077000902,"Yakima, WA (CT)",0,1609,1609,0,3805,3805
53077001000,"Yakima, WA (CT)",0,2488,2488,0,5885,5885
53077001100,"Yakima, WA (CT)",25,2655,2680,86,6845,6931
53077001201,"Yakima, WA (CT)",0,1388,1388,0,3928,3928
53077001202,"Yakima, WA (CT)",0,2189,2189,0,6318,6318
53077001300,"Yakima, WA (CT)",72,943,1015,185,2546,2731
53077001400,"Yakima, WA (CT)",0,1250,1250,0,3444,3444
53077001501,"Yakima, WA (CT)",0,2071,2071,0,6991,6991
53077001502,"Yakima, WA (CT)",0,834,834,0,2804,2804
53077001601,"Yakima, WA (CT)",725,175,900,1974,439,2413
53077001602,"Yakima, WA (CT)",226,2612,2838,578,6276,6854
53077001701,"Yakima, WA (CT)",875,273,1148,2409,674,3083
53077001702,"Yakima, WA (CT)",822,1175,1997,2239,3784,6023
53077001800,"Yakima, WA (CT)",1810,465,2275,5655,1485,7140
53077001901,"Yakima, WA (CT)",0,1059,1059,0,3834,3834
53077001902,"Yakima, WA (CT)",0,1852,1852,0,6417,6417
53077002001,"Yakima, WA (CT)",56,2247,2303,219,8182,8401
53077002002,"Yakima, WA (CT)",69,2488,2557,195,8405,8600
53077002101,"Yakima, WA (CT)",580,20,600,1875,75,1950
53077002102,"Yakima, WA (CT)",1191,874,2065,4138,3440,7578
53077002200,"Yakima, WA (CT)",1306,1362,2668,3723,4022,7745
53077002701,"Yakima, WA (CT)",275,606,881,906,2534,3440
53077002801,"Yakima, WA (CT)",1660,306,1966,4465,894,5359
53077002802,"Yakima, WA (CT)",498,2487,2985,1301,6581,7882
53077002900,"Yakima, WA (CT)",2172,124,2296,6265,305,6570
53077003001,"Yakima, WA (CT)",2683,0,2683,4584,0,4584
53077003002,"Yakima, WA (CT)",659,789,1448,1681,1987,3668
53077003100,"Yakima, WA (CT)",429,1591,2020,1184,4048,5232
53077003200,"Yakima, WA (CT)",103,2393,2496,295,6387,6682
53077003400,"Yakima, WA (CT)",231,1498,1729,594,3788,4382
53077940001,"Yakima, WA (CT)",1593,292,1885,5381,1028,6409
53077940002,"Yakima, WA (CT)",1012,336,1348,3474,956,4430
53077940003,"Yakima, WA (CT)",1179,14,1193,3644,38,3682
53077940004,"Yakima, WA (CT)",10,1734,1744,39,6738,6777
53077940005,"Yakima, WA (CT)",0,1316,1316,0,4695,4695
53077940006,"Yakima, WA (CT)",0,1190,1190,0,4839,4839
54001965500,"Barbour, WV (CT)",1826,58,1884,3837,142,3979
54001965600,"Barbour, WV (CT)",531,1134,1665,1125,2439,3564
54001965700,"Barbour, WV (CT)",2565,61,2626,5157,119,5276
54001965800,"Barbour, WV (CT)",1674,0,1674,3770,0,3770
54003971101,"Berkeley, WV (CT)",117,1900,2017,271,4343,4614
54003971102,"Berkeley, WV (CT)",667,2950,3617,1761,6793,8554
54003971201,"Berkeley, WV (CT)",1778,2067,3845,4445,5392,9837
54003971202,"Berkeley, WV (CT)",3326,0,3326,5845,0,5845
54003971300,"Berkeley, WV (CT)",121,3534,3655,327,8036,8363
54003971400,"Berkeley, WV (CT)",1388,2358,3746,3345,5545,8890
54003971500,"Berkeley, WV (CT)",0,1832,1832,0,3660,3660
54003971600,"Berkeley, WV (CT)",0,2242,2242,0,4546,4546
54003971700,"Berkeley, WV (CT)",0,2735,2735,0,5416,5416
54003971800,"Berkeley, WV (CT)",3350,0,3350,8175,0,8175
54003971900,"Berkeley, WV (CT)",1099,2935,4034,2801,7078,9879
54003972000,"Berkeley, WV (CT)",682,3797,4479,1607,10149,11756
54003972101,"Berkeley, WV (CT)",1013,948,1961,2701,2223,4924
54003972102,"Berkeley, WV (CT)",686,3237,3923,1666,8044,9710
54005958200,"Boone, WV (CT)",1798,42,1840,4091,94,4185
54005958300,"Boone, WV (CT)",1629,161,1790,3637,355,3992
54005958400,"Boone, WV (CT)",337,639,976,748,1397,2145
54005958501,"Boone, WV (CT)",1496,0,1496,3238,0,3238
54005958502,"Boone, WV (CT)",932,721,1653,2211,1535,3746
54005958600,"Boone, WV (CT)",969,0,969,2153,0,2153
54005958700,"Boone, WV (CT)",950,0,950,2042,0,2042
54005958800,"Boone, WV (CT)",834,562,1396,1930,1198,3128
54007967900,"Braxton, WV (CT)",2684,0,2684,5303,0,5303
54007968000,"Braxton, WV (CT)",2346,0,2346,4596,0,4596
54007968100,"Braxton, WV (CT)",2385,0,2385,4624,0,4624
54009031101,"Brooke, WV (CT)",672,1950,2622,1444,3769,5213
54009031102,"Brooke, WV (CT)",420,1581,2001,1028,3485,4513
54009031200,"Brooke, WV (CT)",0,1539,1539,0,3308,3308
54009031400,"Brooke, WV (CT)",654,1484,2138,1461,2843,4304
54009031600,"Brooke, WV (CT)",1377,0,1377,3875,0,3875
54009031700,"Brooke, WV (CT)",1047,243,1290,2332,524,2856
54011000101,"Cabell, WV (CT)",0,779,779,0,1723,1723
54011000102,"Cabell, WV (CT)",0,976,976,0,2022,2022
54011000200,"Cabell, WV (CT)",0,1594,1594,0,3055,3055
54011000300,"Cabell, WV (CT)",0,1349,1349,0,2578,2578
54011000400,"Cabell, WV (CT)",0,1234,1234,0,2418,2418
54011000500,"Cabell, WV (CT)",0,600,600,0,2842,2842
54011000600,"Cabell, WV (CT)",0,1044,1044,0,1627,1627
54011000900,"Cabell, WV (CT)",0,922,922,0,1642,1642
54011001000,"Cabell, WV (CT)",0,1147,1147,0,2244,2244
54011001100,"Cabell, WV (CT)",0,1135,1135,0,2047,2047
54011001200,"Cabell, WV (CT)",0,1399,1399,0,2645,2645
54011001300,"Cabell, WV (CT)",0,1737,1737,0,2740,2740
54011001400,"Cabell, WV (CT)",0,1359,1359,0,2549,2549
54011001500,"Cabell, WV (CT)",0,1315,1315,0,2366,2366
54011001600,"Cabell, WV (CT)",0,600,600,0,1191,1191
54011001800,"Cabell, WV (CT)",0,1898,1898,0,3856,3856
54011001900,"Cabell, WV (CT)",0,1025,1025,0,2119,2119
54011002000,"Cabell, WV (CT)",0,1505,1505,0,3194,3194
54011002100,"Cabell, WV (CT)",77,1499,1576,154,3017,3171
54011010102,"Cabell, WV (CT)",1847,720,2567,4280,1774,6054
54011010201,"Cabell, WV (CT)",0,2843,2843,0,5648,5648
54011010202,"Cabell, WV (CT)",384,1591,1975,823,3246,4069
54011010300,"Cabell, WV (CT)",784,515,1299,1840,1141,2981
54011010400,"Cabell, WV (CT)",479,2146,2625,1046,5118,6164
54011010500,"Cabell, WV (CT)",1807,617,2424,4120,1717,5837
54011010600,"Cabell, WV (CT)",1253,590,1843,2733,1356,4089
54011010700,"Cabell, WV (CT)",2138,1013,3151,4958,2499,7457
54011010800,"Cabell, WV (CT)",385,2439,2824,811,5136,5947
54011010900,"Cabell, WV (CT)",0,1424,1424,0,2044,2044
54013962600,"Calhoun, WV (CT)",1905,0,1905,3503,0,3503
54013962700,"Calhoun, WV (CT)",2058,0,2058,4124,0,4124
54015957900,"Clay, WV (CT)",1606,0,1606,3433,0,3433
54015958000,"Clay, WV (CT)",1846,0,1846,3535,0,3535
54015958100,"Clay, WV (CT)",1120,0,1120,2418,0,2418
54017965000,"Doddridge, WV (CT)",2020,0,2020,4104,0,4104
54017965100,"Doddridge, WV (CT)",1926,0,1926,4098,0,4098
54019020100,"Fayette, WV (CT)",1421,1377,2798,3258,2988,6246
54019020201,"Fayette, WV (CT)",626,1368,1994,1351,3017,4368
54019020202,"Fayette, WV (CT)",451,1465,1916,1037,3022,4059
54019020300,"Fayette, WV (CT)",0,1485,1485,0,3000,3000
54019020400,"Fayette, WV (CT)",939,1096,2035,1980,2429,4409
54019020500,"Fayette, WV (CT)",164,865,1029,336,1681,2017
54019020600,"Fayette, WV (CT)",1096,0,1096,2291,0,2291
54019020700,"Fayette, WV (CT)",1431,502,1933,3162,1072,4234
54019020800,"Fayette, WV (CT)",908,1190,2098,2808,2186,4994
54019020900,"Fayette, WV (CT)",2158,0,2158,4430,0,4430
54019021000,"Fayette, WV (CT)",1486,0,1486,3036,0,3036
54019021100,"Fayette, WV (CT)",1590,0,1590,2955,0,2955
54021967700,"Gilmer, WV (CT)",2467,3,2470,4610,1780,6390
54021967800,"Gilmer, WV (CT)",301,677,978,668,1635,2303
54023969400,"Grant, WV (CT)",2059,0,2059,3444,0,3444
54023969500,"Grant, WV (CT)",1889,1,1890,3890,2,3892
54023969600,"Grant, WV (CT)",1069,1348,2417,2058,2543,4601
54025950100,"Greenbrier, WV (CT)",1770,1534,3304,2609,2674,5283
54025950200,"Greenbrier, WV (CT)",2150,0,2150,3891,0,3891
54025950300,"Greenbrier, WV (CT)",2172,0,2172,4162,0,4162
54025950400,"Greenbrier, WV (CT)",3195,399,3594,6405,874,7279
54025950500,"Greenbrier, WV (CT)",1196,540,1736,2332,1065,3397
54025950600,"Greenbrier, WV (CT)",462,2167,2629,926,3918,4844
54025950700,"Greenbrier, WV (CT)",2284,1111,3395,4417,2207,6624
54027968200,"Hampshire, WV (CT)",3223,0,3223,5398,0,5398
54027968300,"Hampshire, WV (CT)",3028,0,3028,5311,0,5311
54027968400,"Hampshire, WV (CT)",2348,0,2348,4221,0,4221
54027968500,"Hampshire, WV (CT)",1790,0,1790,3565,0,3565
54027968600,"Hampshire, WV (CT)",3299,0,3299,5469,0,5469
54029020600,"Hancock, WV (CT)",0,2116,2116,0,4257,4257
54029020700,"Hancock, WV (CT)",0,2146,2146,0,4457,4457
54029020900,"Hancock, WV (CT)",739,636,1375,1570,1337,2907
54029021100,"Hancock, WV (CT)",1255,358,1613,2889,828,3717
54029021200,"Hancock, WV (CT)",1650,85,1735,3521,185,3706
54029021300,"Hancock, WV (CT)",0,1579,1579,0,3376,3376
54029021400,"Hancock, WV (CT)",0,1706,1706,0,3637,3637
54029021500,"Hancock, WV (CT)",610,1661,2271,1318,3301,4619
54031970100,"Hardy, WV (CT)",2954,0,2954,4820,0,4820
54031970200,"Hardy, WV (CT)",1904,1076,2980,2900,2210,5110
54031970300,"Hardy, WV (CT)",1918,226,2144,3573,522,4095
54033030100,"Harrison, WV (CT)",0,1900,1900,0,3365,3365
54033030200,"Harrison, WV (CT)",0,1322,1322,0,2779,2779
54033030300,"Harrison, WV (CT)",0,1084,1084,0,2388,2388
54033030400,"Harrison, WV (CT)",0,1520,1520,0,3169,3169
54033030500,"Harrison, WV (CT)",1133,1059,2192,2840,2214,5054
54033030601,"Harrison, WV (CT)",34,1193,1227,78,2584,2662
54033030602,"Harrison, WV (CT)",461,2142,2603,1018,4658,5676
54033030700,"Harrison, WV (CT)",709,438,1147,1690,942,2632
54033030800,"Harrison, WV (CT)",916,1175,2091,2173,2603,4776
54033031000,"Harrison, WV (CT)",0,1622,1622,0,3451,3451
54033031100,"Harrison, WV (CT)",413,552,965,1068,1281,2349
54033031200,"Harrison, WV (CT)",632,275,907,1468,680,2148
54033031300,"Harrison, WV (CT)",1195,0,1195,2797,0,2797
54033031400,"Harrison, WV (CT)",1133,0,1133,2596,0,2596
54033031500,"Harrison, WV (CT)",633,0,633,1367,0,1367
54033031600,"Harrison, WV (CT)",1135,0,1135,2392,0,2392
54033031700,"Harrison, WV (CT)",870,0,870,2040,0,2040
54033031800,"Harrison, WV (CT)",791,238,1029,1828,596,2424
54033031900,"Harrison, WV (CT)",0,1087,1087,0,2201,2201
54033032000,"Harrison, WV (CT)",871,381,1252,1919,856,2775
54033032101,"Harrison, WV (CT)",116,1523,1639,254,3418,3672
54033032102,"Harrison, WV (CT)",29,2849,2878,73,6313,6386
54035963200,"Jackson, WV (CT)",2183,34,2217,4549,71,4620
54035963300,"Jackson, WV (CT)",383,1794,2177,899,3799,4698
54035963400,"Jackson, WV (CT)",1725,117,1842,3854,280,4134
54035963500,"Jackson, WV (CT)",755,496,1251,1828,1074,2902
54035963600,"Jackson, WV (CT)",675,1565,2240,1545,3119,4664
54035963700,"Jackson, WV (CT)",3578,0,3578,8193,0,8193
54037972201,"Jefferson, WV (CT)",1079,626,1705,2468,2211,4679
54037972203,"Jefferson, WV (CT)",946,64,1010,2194,137,2331
54037972204,"Jefferson, WV (CT)",430,701,1131,1042,1796,2838
54037972300,"Jefferson, WV (CT)",1542,195,1737,3954,562,4516
54037972401,"Jefferson, WV (CT)",0,1158,1158,0,2538,2538
54037972402,"Jefferson, WV (CT)",496,1180,1676,1200,2861,4061
54037972501,"Jefferson, WV (CT)",10,1780,1790,18,4639,4657
54037972503,"Jefferson, WV (CT)",0,1218,1218,0,3154,3154
54037972505,"Jefferson, WV (CT)",0,1352,1352,0,2585,2585
54037972506,"Jefferson, WV (CT)",377,1007,1384,928,2482,3410
54037972601,"Jefferson, WV (CT)",1040,21,1061,1967,80,2047
54037972602,"Jefferson, WV (CT)",907,494,1401,2276,1578,3854
54037972701,"Jefferson, WV (CT)",1249,0,1249,2752,0,2752
54037972702,"Jefferson, WV (CT)",693,1136,1829,1438,2577,4015
54037972800,"Jefferson, WV (CT)",2208,128,2336,5642,419,6061
54039000100,"Kanawha, WV (CT)",0,727,727,0,1361,1361
54039000200,"Kanawha, WV (CT)",148,921,1069,291,1979,2270
54039000300,"Kanawha, WV (CT)",354,1109,1463,769,2267,3036
54039000500,"Kanawha, WV (CT)",0,1339,1339,0,2367,2367
54039000600,"Kanawha, WV (CT)",0,2287,2287,0,4404,4404
54039000700,"Kanawha, WV (CT)",0,1329,1329,0,2486,2486
54039000800,"Kanawha, WV (CT)",0,1205,1205,0,2056,2056
54039000900,"Kanawha, WV (CT)",0,757,757,0,1258,1258
54039001100,"Kanawha, WV (CT)",54,2609,2663,93,5257,5350
54039001200,"Kanawha, WV (CT)",0,993,993,0,1647,1647
54039001300,"Kanawha, WV (CT)",0,1877,1877,0,2532,2532
54039001500,"Kanawha, WV (CT)",0,2135,2135,0,4505,4505
54039001700,"Kanawha, WV (CT)",0,978,978,0,1761,1761
54039001800,"Kanawha, WV (CT)",204,946,1150,489,2288,2777
54039001901,"Kanawha, WV (CT)",0,1647,1647,0,3733,3733
54039001902,"Kanawha, WV (CT)",212,1453,1665,489,3146,3635
54039002000,"Kanawha, WV (CT)",0,1477,1477,0,2915,2915
54039002100,"Kanawha, WV (CT)",0,2203,2203,0,4702,4702
54039010100,"Kanawha, WV (CT)",90,1984,2074,194,3908,4102
54039010200,"Kanawha, WV (CT)",0,1217,1217,0,2175,2175
54039010300,"Kanawha, WV (CT)",0,1263,1263,0,2432,2432
54039010400,"Kanawha, WV (CT)",148,530,678,309,1391,1700
54039010500,"Kanawha, WV (CT)",508,1925,2433,1182,4155,5337
54039010600,"Kanawha, WV (CT)",98,2598,2696,231,5162,5393
54039010701,"Kanawha, WV (CT)",2,2354,2356,4,5128,5132
54039010702,"Kanawha, WV (CT)",1046,1033,2079,2394,2319,4713
54039010801,"Kanawha, WV (CT)",1843,1106,2949,4073,2586,6659
54039010802,"Kanawha, WV (CT)",1351,112,1463,3021,228,3249
54039010900,"Kanawha, WV (CT)",1037,77,1114,2307,174,2481
54039011000,"Kanawha, WV (CT)",541,1722,2263,1233,3360,4593
54039011100,"Kanawha, WV (CT)",1559,645,2204,3428,1316,4744
54039011200,"Kanawha, WV (CT)",1438,693,2131,3140,1479,4619
54039011301,"Kanawha, WV (CT)",1020,400,1420,2297,866,3163
54039011302,"Kanawha, WV (CT)",868,1640,2508,2048,3827,5875
54039011401,"Kanawha, WV (CT)",867,185,1052,1828,374,2202
54039011402,"Kanawha, WV (CT)",1349,489,1838,2905,954,3859
54039011500,"Kanawha, WV (CT)",0,2061,2061,0,4134,4134
54039011800,"Kanawha, WV (CT)",1223,1205,2428,2687,2761,5448
54039012100,"Kanawha, WV (CT)",1040,1210,2250,2262,2470,4732
54039012200,"Kanawha, WV (CT)",784,1804,2588,1700,3625,5325
54039012300,"Kanawha, WV (CT)",1805,1165,2970,3845,3050,6895
54039012800,"Kanawha, WV (CT)",0,2077,2077,0,4341,4341
54039012900,"Kanawha, WV (CT)",0,818,818,0,1399,1399
54039013000,"Kanawha, WV (CT)",18,2450,2468,42,4433,4475
54039013100,"Kanawha, WV (CT)",164,1799,1963,556,3861,4417
54039013200,"Kanawha, WV (CT)",1089,564,1653,2637,1366,4003
54039013300,"Kanawha, WV (CT)",0,1166,1166,0,2498,2498
54039013400,"Kanawha, WV (CT)",0,1094,1094,0,2222,2222
54039013500,"Kanawha, WV (CT)",0,1430,1430,0,2953,2953
54039013600,"Kanawha, WV (CT)",63,2233,2296,152,4525,4677
54039013701,"Kanawha, WV (CT)",342,559,901,778,1373,2151
54039013702,"Kanawha, WV (CT)",481,2129,2610,1081,4608,5689
54039013800,"Kanawha, WV (CT)",78,1065,1143,164,2317,2481
54041967200,"Lewis, WV (CT)",1586,160,1746,3256,294,3550
54041967300,"Lewis, WV (CT)",1427,124,1551,3280,254,3534
54041967400,"Lewis, WV (CT)",396,1136,1532,718,2013,2731
54041967500,"Lewis, WV (CT)",284,1088,1372,656,2487,3143
54041967600,"Lewis, WV (CT)",1745,12,1757,3385,29,3414
54043955400,"Lincoln, WV (CT)",2795,0,2795,6419,0,6419
54043955500,"Lincoln, WV (CT)",1613,0,1613,3430,0,3430
54043955600,"Lincoln, WV (CT)",2209,0,2209,4682,0,4682
54043955700,"Lincoln, WV (CT)",1580,0,1580,3536,0,3536
54043955800,"Lincoln, WV (CT)",1690,0,1690,3653,0,3653
54045956101,"Logan, WV (CT)",2572,519,3091,5756,1220,6976
54045956102,"Logan, WV (CT)",833,711,1544,1891,1377,3268
54045956200,"Logan, WV (CT)",709,1069,1778,1825,2096,3921
54045956400,"Logan, WV (CT)",1318,348,1666,2961,707,3668
54045956500,"Logan, WV (CT)",920,0,920,2180,0,2180
54045956600,"Logan, WV (CT)",1717,472,2189,4034,1040,5074
54045956700,"Logan, WV (CT)",1030,789,1819,2319,1813,4132
54045956800,"Logan, WV (CT)",2102,254,2356,4473,545,5018
54045956900,"Logan, WV (CT)",260,1120,1380,557,1949,2506
54047953600,"McDowell, WV (CT)",775,0,775,1487,0,1487
54047953800,"McDowell, WV (CT)",1249,334,1583,2530,713,3243
54047953900,"McDowell, WV (CT)",1100,0,1100,2224,0,2224
54047954000,"McDowell, WV (CT)",1208,0,1208,2449,0,2449
54047954200,"McDowell, WV (CT)",968,0,968,1886,0,1886
54047954501,"McDowell, WV (CT)",1067,79,1146,1863,258,2121
54047954503,"McDowell, WV (CT)",1056,1077,2133,1851,1976,3827
54047954504,"McDowell, WV (CT)",2325,84,2409,4725,151,4876
54049020100,"Marion, WV (CT)",0,827,827,0,1312,1312
54049020200,"Marion, WV (CT)",0,1421,1421,0,3386,3386
54049020300,"Marion, WV (CT)",0,1897,1897,0,3721,3721
54049020400,"Marion, WV (CT)",366,361,727,961,717,1678
54049020500,"Marion, WV (CT)",0,959,959,0,1981,1981
54049020600,"Marion, WV (CT)",89,708,797,229,1443,1672
54049020700,"Marion, WV (CT)",43,1799,1842,97,3690,3787
54049020800,"Marion, WV (CT)",0,1536,1536,0,3000,3000
54049020900,"Marion, WV (CT)",291,1601,1892,603,3297,3900
54049021000,"Marion, WV (CT)",2015,283,2298,4598,677,5275
54049021100,"Marion, WV (CT)",0,1152,1152,0,2567,2567
54049021200,"Marion, WV (CT)",707,1788,2495,1621,3812,5433
54049021300,"Marion, WV (CT)",1247,480,1727,2704,1045,3749
54049021400,"Marion, WV (CT)",303,588,891,648,1293,1941
54049021500,"Marion, WV (CT)",1169,468,1637,2480,1022,3502
54049021600,"Marion, WV (CT)",2058,0,2058,4482,0,4482
54049021700,"Marion, WV (CT)",930,0,930,1979,0,1979
54049021800,"Marion, WV (CT)",1350,27,1377,3002,51,3053
54051020200,"Marshall, WV (CT)",0,1158,1158,0,2119,2119
54051020500,"Marshall, WV (CT)",0,590,590,0,1132,1132
54051020601,"Marshall, WV (CT)",150,1001,1151,334,1969,2303
54051020702,"Marshall, WV (CT)",0,694,694,0,1426,1426
54051020800,"Marshall, WV (CT)",2544,140,2684,4469,272,4741
54051020900,"Marshall, WV (CT)",2201,94,2295,4874,425,5299
54051021000,"Marshall, WV (CT)",668,2325,2993,1624,4913,6537
54051021100,"Marshall, WV (CT)",812,1514,2326,1835,3261,5096
54051021300,"Marshall, WV (CT)",1402,625,2027,3084,1370,4454
54053954801,"Mason, WV (CT)",418,1088,1506,909,2343,3252
54053954802,"Mason, WV (CT)",1078,869,1947,2363,1770,4133
54053954900,"Mason, WV (CT)",3109,257,3366,6679,712,7391
54053955000,"Mason, WV (CT)",103,2325,2428,212,4483,4695
54053955101,"Mason, WV (CT)",1213,122,1335,2540,253,2793
54053955102,"Mason, WV (CT)",2424,0,2424,5060,0,5060
54055000900,"Mercer, WV (CT)",1937,0,1937,3518,0,3518
54055001000,"Mercer, WV (CT)",2146,1,2147,4787,2,4789
54055001100,"Mercer, WV (CT)",1447,1126,2573,3169,2970,6139
54055001200,"Mercer, WV (CT)",150,1583,1733,346,3393,3739
54055001300,"Mercer, WV (CT)",0,1990,1990,0,3751,3751
54055001400,"Mercer, WV (CT)",0,1106,1106,0,1979,1979
54055001500,"Mercer, WV (CT)",578,1974,2552,1361,4085,5446
54055001600,"Mercer, WV (CT)",880,0,880,1745,0,1745
54055001700,"Mercer, WV (CT)",1267,1246,2513,2742,2584,5326
54055001800,"Mercer, WV (CT)",972,1748,2720,2102,3672,5774
54055001900,"Mercer, WV (CT)",311,740,1051,625,1232,1857
54055002000,"Mercer, WV (CT)",0,1478,1478,0,2834,2834
54055002100,"Mercer, WV (CT)",0,1496,1496,0,2894,2894
54055002200,"Mercer, WV (CT)",86,2202,2288,179,4470,4649
54055002300,"Mercer, WV (CT)",891,1411,2302,2058,2871,4929
54055002400,"Mercer, WV (CT)",1272,77,1349,2729,166,2895
54057010100,"Mineral, WV (CT)",189,1125,1314,440,2242,2682
54057010200,"Mineral, WV (CT)",1494,2,1496,3364,7,3371
54057010300,"Mineral, WV (CT)",2272,0,2272,5134,0,5134
54057010400,"Mineral, WV (CT)",2197,0,2197,4700,0,4700
54057010500,"Mineral, WV (CT)",1291,1078,2369,2845,2081,4926
54057010600,"Mineral, WV (CT)",231,2061,2292,483,4720,5203
54057010700,"Mineral, WV (CT)",593,506,1099,1257,939,2196
54059957100,"Mingo, WV (CT)",1867,0,1867,4275,0,4275
54059957200,"Mingo, WV (CT)",1581,0,1581,3617,0,3617
54059957300,"Mingo, WV (CT)",1759,52,1811,3995,119,4114
54059957400,"Mingo, WV (CT)",659,1574,2233,1297,2635,3932
54059957500,"Mingo, WV (CT)",1810,0,1810,3732,0,3732
54059957600,"Mingo, WV (CT)",1536,0,1536,3327,0,3327
54059957700,"Mingo, WV (CT)",1861,0,1861,3842,0,3842
54061010101,"Monongalia, WV (CT)",0,312,312,0,1424,1424
54061010102,"Monongalia, WV (CT)",0,1939,1939,0,5686,5686
54061010201,"Monongalia, WV (CT)",0,2648,2648,0,4878,4878
54061010202,"Monongalia, WV (CT)",0,2078,2078,0,3823,3823
54061010400,"Monongalia, WV (CT)",0,2199,2199,0,3891,3891
54061010600,"Monongalia, WV (CT)",0,3077,3077,0,6179,6179
54061010700,"Monongalia, WV (CT)",0,2040,2040,0,3849,3849
54061010800,"Monongalia, WV (CT)",12,1947,1959,30,4284,4314
54061010901,"Monongalia, WV (CT)",0,1606,1606,0,3073,3073
54061010902,"Monongalia, WV (CT)",0,1491,1491,0,3014,3014
54061011000,"Monongalia, WV (CT)",0,1755,1755,0,4659,4659
54061011100,"Monongalia, WV (CT)",114,1234,1348,243,2319,2562
54061011200,"Monongalia, WV (CT)",0,1313,1313,0,2680,2680
54061011300,"Monongalia, WV (CT)",1585,193,1778,3529,460,3989
54061011400,"Monongalia, WV (CT)",1655,0,1655,3829,0,3829
54061011500,"Monongalia, WV (CT)",1967,134,2101,4437,271,4708
54061011600,"Monongalia, WV (CT)",792,1597,2389,1729,3368,5097
54061011700,"Monongalia, WV (CT)",950,651,1601,2026,1322,3348
54061011803,"Monongalia, WV (CT)",834,523,1357,2051,1167,3218
54061011804,"Monongalia, WV (CT)",1441,0,1441,3448,0,3448
54061011805,"Monongalia, WV (CT)",198,1576,1774,458,3798,4256
54061011806,"Monongalia, WV (CT)",195,1801,1996,464,4312,4776
54061011900,"Monongalia, WV (CT)",1439,167,1606,3595,422,4017
54061012000,"Monongalia, WV (CT)",0,1775,1775,0,5471,5471
54063950100,"Monroe, WV (CT)",2302,0,2302,3117,0,3117
54063950200,"Monroe, WV (CT)",2389,154,2543,4248,265,4513
54063950300,"Monroe, WV (CT)",2125,631,2756,4587,1285,5872
54065970700,"Morgan, WV (CT)",2893,0,2893,6355,0,6355
54065970800,"Morgan, WV (CT)",1872,0,1872,3569,0,3569
54065970900,"Morgan, WV (CT)",2108,0,2108,2562,0,2562
54065971000,"Morgan, WV (CT)",2880,0,2880,5055,0,5055
54067950100,"Nicholas, WV (CT)",1463,0,1463,3114,0,3114
54067950200,"Nicholas, WV (CT)",1530,1683,3213,3153,3369,6522
54067950300,"Nicholas, WV (CT)",710,0,710,1566,0,1566
54067950400,"Nicholas, WV (CT)",2214,0,2214,4825,0,4825
54067950500,"Nicholas, WV (CT)",1069,0,1069,1607,0,1607
54067950600,"Nicholas, WV (CT)",2574,0,2574,5238,0,5238
54067950700,"Nicholas, WV (CT)",1821,0,1821,3361,0,3361
54069000200,"Ohio, WV (CT)",0,1672,1672,0,3396,3396
54069000300,"Ohio, WV (CT)",0,860,860,0,1737,1737
54069000400,"Ohio, WV (CT)",0,835,835,0,1161,1161
54069000500,"Ohio, WV (CT)",0,720,720,0,1416,1416
54069000600,"Ohio, WV (CT)",0,607,607,0,1100,1100
54069000700,"Ohio, WV (CT)",0,549,549,0,990,990
54069001300,"Ohio, WV (CT)",0,657,657,0,1405,1405
54069001400,"Ohio, WV (CT)",0,1561,1561,0,3459,3459
54069001500,"Ohio, WV (CT)",0,1227,1227,0,2589,2589
54069001600,"Ohio, WV (CT)",0,1131,1131,0,2315,2315
54069001700,"Ohio, WV (CT)",0,794,794,0,1601,1601
54069001800,"Ohio, WV (CT)",127,2380,2507,290,4971,5261
54069001901,"Ohio, WV (CT)",163,990,1153,326,2148,2474
54069002000,"Ohio, WV (CT)",1360,764,2124,3276,1784,5060
54069002100,"Ohio, WV (CT)",1355,132,1487,4107,239,4346
54069002200,"Ohio, WV (CT)",972,250,1222,2264,559,2823
54069002600,"Ohio, WV (CT)",0,1371,1371,0,2240,2240
54069002700,"Ohio, WV (CT)",0,695,695,0,1070,1070
54071970400,"Pendleton, WV (CT)",1207,0,1207,1786,0,1786
54071970500,"Pendleton, WV (CT)",2465,0,2465,3775,0,3775
54071970600,"Pendleton, WV (CT)",1460,0,1460,2134,0,2134
54073962100,"Pleasants, WV (CT)",1212,205,1417,2436,1013,3449
54073962200,"Pleasants, WV (CT)",764,1209,1973,1706,2450,4156
54075960101,"Pocahontas, WV (CT)",1173,0,1173,1242,0,1242
54075960102,"Pocahontas, WV (CT)",2965,0,2965,1253,0,1253
54075960200,"Pocahontas, WV (CT)",3005,0,3005,3728,0,3728
54075960300,"Pocahontas, WV (CT)",1704,0,1704,2496,0,2496
54077963800,"Preston, WV (CT)",2189,0,2189,6763,0,6763
54077963900,"Preston, WV (CT)",1756,0,1756,3811,0,3811
54077964000,"Preston, WV (CT)",647,1270,1917,1528,2646,4174
54077964100,"Preston, WV (CT)",2528,0,2528,4563,0,4563
54077964200,"Preston, WV (CT)",1929,0,1929,3878,0,3878
54077964300,"Preston, WV (CT)",1696,251,1947,3794,555,4349
54077964400,"Preston, WV (CT)",1474,0,1474,3224,0,3224
54077964500,"Preston, WV (CT)",1357,0,1357,2758,0,2758
54079020100,"Putnam, WV (CT)",1580,929,2509,3517,2153,5670
54079020200,"Putnam, WV (CT)",1541,861,2402,3435,1928,5363
54079020300,"Putnam, WV (CT)",1639,197,1836,4074,496,4570
54079020400,"Putnam, WV (CT)",1120,1484,2604,2926,3437,6363
54079020500,"Putnam, WV (CT)",346,2343,2689,807,5308,6115
54079020601,"Putnam, WV (CT)",208,1970,2178,453,4697,5150
54079020603,"Putnam, WV (CT)",752,2412,3164,1807,5668,7475
54079020604,"Putnam, WV (CT)",0,1119,1119,0,2817,2817
54079020605,"Putnam, WV (CT)",0,3055,3055,0,7493,7493
54079020700,"Putnam, WV (CT)",1235,647,1882,2836,1634,4470
54081000200,"Raleigh, WV (CT)",0,1960,1960,0,3613,3613
54081000300,"Raleigh, WV (CT)",142,2021,2163,314,3767,4081
54081000400,"Raleigh, WV (CT)",0,1628,1628,0,3762,3762
54081000500,"Raleigh, WV (CT)",0,2341,2341,0,4529,4529
54081000600,"Raleigh, WV (CT)",0,2156,2156,0,4196,4196
54081000700,"Raleigh, WV (CT)",228,1249,1477,493,2640,3133
54081000802,"Raleigh, WV (CT)",1870,37,1907,3968,2301,6269
54081000803,"Raleigh, WV (CT)",657,1286,1943,1554,2812,4366
54081000804,"Raleigh, WV (CT)",1212,1421,2633,3184,2869,6053
54081000900,"Raleigh, WV (CT)",2938,0,2938,5854,0,5854
54081001001,"Raleigh, WV (CT)",573,1741,2314,1233,3864,5097
54081001002,"Raleigh, WV (CT)",332,1190,1522,739,2487,3226
54081001100,"Raleigh, WV (CT)",2455,0,2455,5649,0,5649
54081001200,"Raleigh, WV (CT)",2107,0,2107,4623,0,4623
54081001300,"Raleigh, WV (CT)",476,1700,2176,986,3989,4975
54081001400,"Raleigh, WV (CT)",595,1708,2303,1362,3933,5295
54081001500,"Raleigh, WV (CT)",473,1435,1908,1000,3138,4138
54083965900,"Randolph, WV (CT)",1866,0,1866,4053,0,4053
54083966000,"Randolph, WV (CT)",417,1593,2010,811,3389,4200
54083966100,"Randolph, WV (CT)",0,1806,1806,0,3716,3716
54083966200,"Randolph, WV (CT)",986,745,1731,2102,1633,3735
54083966300,"Randolph, WV (CT)",1989,25,2014,2986,71,3057
54083966400,"Randolph, WV (CT)",1766,995,2761,3834,2252,6086
54083966500,"Randolph, WV (CT)",2001,0,2001,4558,0,4558
54085962300,"Ritchie, WV (CT)",2052,0,2052,4168,0,4168
54085962400,"Ritchie, WV (CT)",2200,0,2200,3258,0,3258
54085962500,"Ritchie, WV (CT)",1591,0,1591,3023,0,3023
54087962800,"Roane, WV (CT)",1246,18,1264,2531,43,2574
54087962900,"Roane, WV (CT)",2202,15,2217,4436,26,4462
54087963000,"Roane, WV (CT)",433,1464,1897,932,2917,3849
54087963100,"Roane, WV (CT)",1973,0,1973,4041,0,4041
54089000500,"Summers, WV (CT)",1236,423,1659,2240,766,3006
54089000600,"Summers, WV (CT)",2783,225,3008,4092,1573,5665
54089000700,"Summers, WV (CT)",4,958,962,0,1515,1515
54089000800,"Summers, WV (CT)",2035,16,2051,3713,28,3741
54091964600,"Taylor, WV (CT)",1039,1528,2567,2284,3122,5406
54091964700,"Taylor, WV (CT)",1398,519,1917,3322,1168,4490
54091964800,"Taylor, WV (CT)",1367,751,2118,3108,1971,5079
54091964900,"Taylor, WV (CT)",682,257,939,1373,547,1920
54093965200,"Tucker, WV (CT)",1228,0,1228,1897,0,1897
54093965300,"Tucker, WV (CT)",2614,0,2614,2239,0,2239
54093965400,"Tucker, WV (CT)",1504,0,1504,3005,0,3005
54095961800,"Tyler, WV (CT)",1202,386,1588,2433,824,3257
54095961900,"Tyler, WV (CT)",2064,0,2064,3808,0,3808
54095962000,"Tyler, WV (CT)",1348,0,1348,2143,0,2143
54097966600,"Upshur, WV (CT)",1761,165,1926,4033,335,4368
54097966700,"Upshur, WV (CT)",0,1261,1261,0,3576,3576
54097966800,"Upshur, WV (CT)",473,1302,1775,1075,2794,3869
54097966900,"Upshur, WV (CT)",461,1003,1464,980,2026,3006
54097967000,"Upshur, WV (CT)",2500,0,2500,4920,0,4920
54097967100,"Upshur, WV (CT)",2173,0,2173,4515,0,4515
54099005100,"Wayne, WV (CT)",0,1032,1032,0,2068,2068
54099005200,"Wayne, WV (CT)",0,1006,1006,0,2009,2009
54099020100,"Wayne, WV (CT)",223,875,1098,516,1902,2418
54099020300,"Wayne, WV (CT)",0,2373,2373,0,4733,4733
54099020400,"Wayne, WV (CT)",1503,1095,2598,3554,2678,6232
54099020500,"Wayne, WV (CT)",2169,97,2266,4866,203,5069
54099020600,"Wayne, WV (CT)",1954,274,2228,4484,574,5058
54099020700,"Wayne, WV (CT)",1731,1,1732,4001,6,4007
54099020800,"Wayne, WV (CT)",1633,335,1968,3821,616,4437
54099020900,"Wayne, WV (CT)",1426,0,1426,3052,0,3052
54099021000,"Wayne, WV (CT)",1500,0,1500,3398,0,3398
54101970100,"Webster, WV (CT)",2634,0,2634,4742,0,4742
54101970200,"Webster, WV (CT)",1566,0,1566,2143,0,2143
54101970300,"Webster, WV (CT)",1228,0,1228,2269,0,2269
54103004900,"Wetzel, WV (CT)",106,1631,1737,235,3333,3568
54103030400,"Wetzel, WV (CT)",1543,27,1570,2984,61,3045
54103030500,"Wetzel, WV (CT)",2084,0,2084,4215,0,4215
54103030700,"Wetzel, WV (CT)",443,1669,2112,953,3384,4337
54103030800,"Wetzel, WV (CT)",272,398,670,544,874,1418
54105030101,"Wirt, WV (CT)",1761,0,1761,3369,0,3369
54105030102,"Wirt, WV (CT)",1470,0,1470,2348,0,2348
54107000100,"Wood, WV (CT)",0,1748,1748,0,3424,3424
54107000300,"Wood, WV (CT)",0,1421,1421,0,2961,2961
54107000400,"Wood, WV (CT)",0,1153,1153,0,2162,2162
54107000500,"Wood, WV (CT)",0,2155,2155,0,4331,4331
54107000701,"Wood, WV (CT)",0,1492,1492,0,2726,2726
54107000702,"Wood, WV (CT)",0,791,791,0,1707,1707
54107000801,"Wood, WV (CT)",0,703,703,0,1533,1533
54107000802,"Wood, WV (CT)",0,1559,1559,0,3453,3453
54107000901,"Wood, WV (CT)",0,702,702,0,1423,1423
54107000902,"Wood, WV (CT)",0,655,655,0,1488,1488
54107000903,"Wood, WV (CT)",0,2044,2044,0,4298,4298
54107010101,"Wood, WV (CT)",401,466,867,887,1056,1943
54107010102,"Wood, WV (CT)",120,672,792,281,1609,1890
54107010200,"Wood, WV (CT)",0,1380,1380,0,2968,2968
54107010300,"Wood, WV (CT)",0,2053,2053,0,4512,4512
54107010400,"Wood, WV (CT)",0,854,854,0,1721,1721
54107010501,"Wood, WV (CT)",0,788,788,0,1614,1614
54107010502,"Wood, WV (CT)",0,2212,2212,0,4462,4462
54107010601,"Wood, WV (CT)",1634,418,2052,3822,1063,4885
54107010602,"Wood, WV (CT)",1332,477,1809,3177,1038,4215
54107010701,"Wood, WV (CT)",1756,909,2665,3820,2262,6082
54107010702,"Wood, WV (CT)",1910,1599,3509,4489,3747,8236
54107010800,"Wood, WV (CT)",1363,0,1363,3153,0,3153
54107010901,"Wood, WV (CT)",1354,640,1994,3142,1534,4676
54107010902,"Wood, WV (CT)",241,1525,1766,511,3458,3969
54107011000,"Wood, WV (CT)",0,1688,1688,0,3124,3124
54109002800,"Wyoming, WV (CT)",1180,14,1194,2730,33,2763
54109002901,"Wyoming, WV (CT)",1549,423,1972,3652,940,4592
54109002902,"Wyoming, WV (CT)",1064,708,1772,2394,1544,3938
54109003000,"Wyoming, WV (CT)",1238,0,1238,2499,0,2499
54109003100,"Wyoming, WV (CT)",2332,71,2403,4965,128,5093
54109003200,"Wyoming, WV (CT)",2379,0,2379,4911,0,4911
55001950100,"Adams, WI (CT)",3498,0,3498,2973,0,2973
55001950201,"Adams, WI (CT)",1518,0,1518,1379,0,1379
55001950202,"Adams, WI (CT)",2954,0,2954,2674,0,2674
55001950400,"Adams, WI (CT)",2652,0,2652,4767,0,4767
55001950501,"Adams, WI (CT)",1971,0,1971,1469,0,1469
55001950502,"Adams, WI (CT)",2199,0,2199,4112,0,4112
55001950700,"Adams, WI (CT)",2644,0,2644,3501,0,3501
55003940000,"Ashland, WI (CT)",851,0,851,1867,0,1867
55003950300,"Ashland, WI (CT)",0,1177,1177,0,2696,2696
55003950400,"Ashland, WI (CT)",179,1029,1208,419,1991,2410
55003950500,"Ashland, WI (CT)",993,0,993,2201,0,2201
55003950600,"Ashland, WI (CT)",1175,0,1175,1391,0,1391
55003950700,"Ashland, WI (CT)",1901,0,1901,2206,0,2206
55003950800,"Ashland, WI (CT)",1105,1246,2351,780,2606,3386
55003990000,"Ashland, WI (CT)",0,0,0,0,0,0
55005000100,"Barron, WI (CT)",2569,28,2597,3778,51,3829
55005000200,"Barron, WI (CT)",2520,0,2520,3933,0,3933
55005000300,"Barron, WI (CT)",2396,0,2396,4215,0,4215
55005000400,"Barron, WI (CT)",861,1469,2330,2173,3292,5465
55005000500,"Barron, WI (CT)",293,1784,2077,491,3751,4242
55005000600,"Barron, WI (CT)",250,2797,3047,592,5590,6182
55005000800,"Barron, WI (CT)",2298,47,2345,5311,124,5435
55005000900,"Barron, WI (CT)",2187,0,2187,5123,0,5123
55005001001,"Barron, WI (CT)",800,0,800,1874,0,1874
55005001002,"Barron, WI (CT)",1700,1615,3315,2751,2821,5572
55007960100,"Bayfield, WI (CT)",2080,0,2080,2713,0,2713
55007960200,"Bayfield, WI (CT)",1933,0,1933,1679,0,1679
55007960300,"Bayfield, WI (CT)",1868,0,1868,3661,0,3661
55007960400,"Bayfield, WI (CT)",3824,0,3824,4926,0,4926
55007960600,"Bayfield, WI (CT)",3294,0,3294,2035,0,2035
55007990000,"Bayfield, WI (CT)",0,0,0,0,0,0
55009000100,"Brown, WI (CT)",0,1086,1086,0,2690,2690
55009000200,"Brown, WI (CT)",0,2781,2781,0,5963,5963
55009000302,"Brown, WI (CT)",0,2313,2313,0,4553,4553
55009000303,"Brown, WI (CT)",0,1265,1265,0,2811,2811
55009000401,"Brown, WI (CT)",0,2464,2464,0,4632,4632
55009000402,"Brown, WI (CT)",0,1039,1039,0,2343,2343
55009000500,"Brown, WI (CT)",0,1247,1247,0,2953,2953
55009000600,"Brown, WI (CT)",0,1826,1826,0,4097,4097
55009000700,"Brown, WI (CT)",0,2239,2239,0,4945,4945
55009000800,"Brown, WI (CT)",0,864,864,0,1835,1835
55009000900,"Brown, WI (CT)",0,1587,1587,0,4029,4029
55009001000,"Brown, WI (CT)",0,902,902,0,1538,1538
55009001100,"Brown, WI (CT)",0,830,830,0,2081,2081
55009001200,"Brown, WI (CT)",0,1009,1009,0,2323,2323
55009001300,"Brown, WI (CT)",0,1413,1413,0,3022,3022
55009001400,"Brown, WI (CT)",0,1682,1682,0,3804,3804
55009001600,"Brown, WI (CT)",0,2702,2702,0,6505,6505
55009001701,"Brown, WI (CT)",0,1594,1594,0,3528,3528
55009001702,"Brown, WI (CT)",0,1698,1698,0,3529,3529
55009001801,"Brown, WI (CT)",61,1956,2017,135,4836,4971
55009001802,"Brown, WI (CT)",78,1552,1630,193,5256,5449
55009002001,"Brown, WI (CT)",0,3557,3557,0,8222,8222
55009002002,"Brown, WI (CT)",0,2154,2154,0,5157,5157
55009002003,"Brown, WI (CT)",247,1057,1304,650,2628,3278
55009010100,"Brown, WI (CT)",0,2759,2759,0,6254,6254
55009010201,"Brown, WI (CT)",0,1483,1483,0,4581,4581
55009010202,"Brown, WI (CT)",0,2129,2129,0,5002,5002
55009010300,"Brown, WI (CT)",119,2900,3019,271,6621,6892
55009020100,"Brown, WI (CT)",2040,377,2417,5041,604,5645
55009020203,"Brown, WI (CT)",870,1574,2444,2162,4205,6367
55009020204,"Brown, WI (CT)",1017,774,1791,2797,2182,4979
55009020502,"Brown, WI (CT)",100,2397,2497,206,5100,5306
55009020503,"Brown, WI (CT)",0,3170,3170,0,7705,7705
55009020504,"Brown, WI (CT)",266,1290,1556,673,3715,4388
55009020600,"Brown, WI (CT)",2132,0,2132,5172,0,5172
55009020702,"Brown, WI (CT)",1102,1013,2115,3154,2730,5884
55009020703,"Brown, WI (CT)",150,2501,2651,395,6568,6963
55009020704,"Brown, WI (CT)",220,3504,3724,316,7394,7710
55009020800,"Brown, WI (CT)",0,1098,1098,0,2230,2230
55009020900,"Brown, WI (CT)",0,1201,1201,0,2771,2771
55009021000,"Brown, WI (CT)",0,1261,1261,0,2731,2731
55009021100,"Brown, WI (CT)",0,0,0,0,1092,1092
55009021200,"Brown, WI (CT)",0,2147,2147,0,5151,5151
55009021301,"Brown, WI (CT)",0,1468,1468,0,3305,3305
55009021302,"Brown, WI (CT)",0,2581,2581,0,6183,6183
55009021303,"Brown, WI (CT)",0,2070,2070,0,3955,3955
55009021304,"Brown, WI (CT)",0,1057,1057,0,2117,2117
55009021400,"Brown, WI (CT)",1528,1157,2685,4114,2924,7038
55009021500,"Brown, WI (CT)",1174,0,1174,3118,0,3118
55009021600,"Brown, WI (CT)",1006,1430,2436,2655,3274,5929
55009940001,"Brown, WI (CT)",1724,4085,5809,4622,9963,14585
55009940002,"Brown, WI (CT)",103,1598,1701,273,4456,4729
55009940003,"Brown, WI (CT)",0,1481,1481,0,3298,3298
55009940004,"Brown, WI (CT)",0,1112,1112,0,2669,2669
55011960100,"Buffalo, WI (CT)",1147,0,1147,2726,0,2726
55011960200,"Buffalo, WI (CT)",1363,0,1363,2900,0,2900
55011960300,"Buffalo, WI (CT)",1216,0,1216,2163,0,2163
55011960400,"Buffalo, WI (CT)",1378,0,1378,2518,0,2518
55011960500,"Buffalo, WI (CT)",1560,0,1560,3280,0,3280
55013970400,"Burnett, WI (CT)",5929,0,5929,3780,0,3780
55013970600,"Burnett, WI (CT)",1889,0,1889,1913,0,1913
55013970700,"Burnett, WI (CT)",2741,0,2741,2489,0,2489
55013970800,"Burnett, WI (CT)",1619,0,1619,2329,0,2329
55013970900,"Burnett, WI (CT)",1583,0,1583,3019,0,3019
55013971000,"Burnett, WI (CT)",1517,0,1517,1927,0,1927
55015020100,"Calumet, WI (CT)",673,1256,1929,1666,2968,4634
55015020200,"Calumet, WI (CT)",1474,47,1521,3787,121,3908
55015020303,"Calumet, WI (CT)",0,1517,1517,0,3878,3878
55015020304,"Calumet, WI (CT)",0,1541,1541,0,3827,3827
55015020306,"Calumet, WI (CT)",526,1852,2378,1220,5233,6453
55015020308,"Calumet, WI (CT)",67,1135,1202,180,2817,2997
55015020400,"Calumet, WI (CT)",1694,0,1694,3421,0,3421
55015020500,"Calumet, WI (CT)",633,1622,2255,1637,3469,5106
55015020600,"Calumet, WI (CT)",652,1628,2280,1573,3480,5053
55015020700,"Calumet, WI (CT)",0,1312,1312,0,4136,4136
55015020800,"Calumet, WI (CT)",0,2066,2066,0,5558,5558
55017010100,"Chippewa, WI (CT)",0,1209,1209,0,3004,3004
55017010200,"Chippewa, WI (CT)",45,2804,2849,123,6644,6767
55017010300,"Chippewa, WI (CT)",0,2521,2521,0,5465,5465
55017010400,"Chippewa, WI (CT)",1675,257,1932,4267,609,4876
55017010500,"Chippewa, WI (CT)",123,2299,2422,190,5188,5378
55017010700,"Chippewa, WI (CT)",770,2381,3151,1899,5327,7226
55017010800,"Chippewa, WI (CT)",2200,124,2324,5285,1776,7061
55017010900,"Chippewa, WI (CT)",1405,918,2323,2902,1918,4820
55017011000,"Chippewa, WI (CT)",3038,146,3184,6749,336,7085
55017011100,"Chippewa, WI (CT)",2465,0,2465,4077,0,4077
55017011200,"Chippewa, WI (CT)",1239,1566,2805,3308,3348,6656
55019950100,"Clark, WI (CT)",842,1188,2030,2087,2863,4950
55019950200,"Clark, WI (CT)",1741,0,1741,4520,0,4520
55019950300,"Clark, WI (CT)",1700,2,1702,4344,6,4350
55019950400,"Clark, WI (CT)",1767,0,1767,3988,0,3988
55019950500,"Clark, WI (CT)",1915,0,1915,5277,0,5277
55019950600,"Clark, WI (CT)",1981,0,1981,4797,0,4797
55019950700,"Clark, WI (CT)",1758,0,1758,3635,0,3635
55019950800,"Clark, WI (CT)",2182,0,2182,3173,0,3173
55021970100,"Columbia, WI (CT)",1657,0,1657,4153,0,4153
55021970200,"Columbia, WI (CT)",2600,0,2600,5868,0,5868
55021970300,"Columbia, WI (CT)",913,1243,2156,1577,2431,4008
55021970400,"Columbia, WI (CT)",325,2685,3010,541,6016,6557
55021970500,"Columbia, WI (CT)",158,1677,1835,382,3934,4316
55021970600,"Columbia, WI (CT)",2100,189,2289,4226,406,4632
55021970700,"Columbia, WI (CT)",2096,0,2096,4206,0,4206
55021970800,"Columbia, WI (CT)",1430,1262,2692,2591,3014,5605
55021970900,"Columbia, WI (CT)",2247,0,2247,4695,0,4695
55021971000,"Columbia, WI (CT)",1730,0,1730,3971,0,3971
55021971100,"Columbia, WI (CT)",747,694,1441,1893,1729,3622
55021971200,"Columbia, WI (CT)",191,2193,2384,378,4822,5200
55023960100,"Crawford, WI (CT)",1529,0,1529,2802,0,2802
55023960200,"Crawford, WI (CT)",1545,0,1545,2291,0,2291
55023960300,"Crawford, WI (CT)",1343,0,1343,2486,0,2486
55023960400,"Crawford, WI (CT)",1408,477,1885,2367,866,3233
55023960500,"Crawford, WI (CT)",0,971,971,0,1994,1994
55023960600,"Crawford, WI (CT)",211,1318,1529,443,3395,3838
55025000100,"Dane, WI (CT)",0,1375,1375,0,2604,2604
55025000201,"Dane, WI (CT)",0,1045,1045,0,2149,2149
55025000202,"Dane, WI (CT)",0,1495,1495,0,3016,3016
55025000204,"Dane, WI (CT)",0,2569,2569,0,5012,5012
55025000205,"Dane, WI (CT)",0,2469,2469,0,5131,5131
55025000300,"Dane, WI (CT)",0,3130,3130,0,5380,5380
55025000401,"Dane, WI (CT)",0,1473,1473,0,3148,3148
55025000402,"Dane, WI (CT)",0,1090,1090,0,2451,2451
55025000405,"Dane, WI (CT)",0,3079,3079,0,5761,5761
55025000406,"Dane, WI (CT)",0,1657,1657,0,2968,2968
55025000407,"Dane, WI (CT)",0,2296,2296,0,5661,5661
55025000408,"Dane, WI (CT)",0,1400,1400,0,1685,1685
55025000501,"Dane, WI (CT)",0,2109,2109,0,4670,4670
55025000503,"Dane, WI (CT)",0,3015,3015,0,7033,7033
55025000504,"Dane, WI (CT)",0,3060,3060,0,6738,6738
55025000600,"Dane, WI (CT)",0,2296,2296,0,5647,5647
55025000700,"Dane, WI (CT)",0,1447,1447,0,3211,3211
55025000800,"Dane, WI (CT)",0,1847,1847,0,3557,3557
55025000901,"Dane, WI (CT)",0,877,877,0,2142,2142
55025000902,"Dane, WI (CT)",0,2515,2515,0,5310,5310
55025001000,"Dane, WI (CT)",0,862,862,0,2301,2301
55025001101,"Dane, WI (CT)",0,1533,1533,0,4197,4197
55025001102,"Dane, WI (CT)",0,55,55,0,3150,3150
55025001200,"Dane, WI (CT)",0,2521,2521,0,5890,5890
55025001300,"Dane, WI (CT)",0,1317,1317,0,2401,2401
55025001401,"Dane, WI (CT)",0,2587,2587,0,5941,5941
55025001402,"Dane, WI (CT)",0,2533,2533,0,5373,5373
55025001403,"Dane, WI (CT)",3,3506,3509,8,7664,7672
55025001501,"Dane, WI (CT)",0,1015,1015,0,1999,1999
55025001502,"Dane, WI (CT)",0,2465,2465,0,5399,5399
55025001603,"Dane, WI (CT)",0,1700,1700,0,3414,3414
55025001604,"Dane, WI (CT)",0,2191,2191,0,5053,5053
55025001605,"Dane, WI (CT)",0,1518,1518,0,2389,2389
55025001606,"Dane, WI (CT)",0,1233,1233,0,5463,5463
55025001704,"Dane, WI (CT)",0,1891,1891,0,3434,3434
55025001705,"Dane, WI (CT)",0,2735,2735,0,4073,4073
55025001802,"Dane, WI (CT)",0,1451,1451,0,2784,2784
55025001804,"Dane, WI (CT)",0,1963,1963,0,3326,3326
55025001900,"Dane, WI (CT)",0,3375,3375,0,6114,6114
55025002000,"Dane, WI (CT)",0,2952,2952,0,5875,5875
55025002100,"Dane, WI (CT)",0,2601,2601,0,4850,4850
55025002200,"Dane, WI (CT)",0,2273,2273,0,4254,4254
55025002301,"Dane, WI (CT)",0,1254,1254,0,2994,2994
55025002302,"Dane, WI (CT)",0,705,705,0,1810,1810
55025002401,"Dane, WI (CT)",0,1461,1461,0,3417,3417
55025002402,"Dane, WI (CT)",0,1553,1553,0,3407,3407
55025002500,"Dane, WI (CT)",5,955,960,12,1723,1735
55025002601,"Dane, WI (CT)",0,843,843,0,1809,1809
55025002602,"Dane, WI (CT)",0,2590,2590,0,5576,5576
55025002603,"Dane, WI (CT)",0,2282,2282,0,5249,5249
55025002700,"Dane, WI (CT)",0,1624,1624,0,3166,3166
55025002800,"Dane, WI (CT)",0,1044,1044,0,2233,2233
55025002900,"Dane, WI (CT)",0,1577,1577,0,3175,3175
55025003001,"Dane, WI (CT)",0,2032,2032,0,5134,5134
55025003002,"Dane, WI (CT)",0,1561,1561,0,3732,3732
55025003100,"Dane, WI (CT)",1,2577,2578,2,6420,6422
55025003200,"Dane, WI (CT)",0,1256,1256,0,2778,2778
55025010100,"Dane, WI (CT)",0,649,649,0,1538,1538
55025010200,"Dane, WI (CT)",0,559,559,0,1268,1268
55025010300,"Dane, WI (CT)",0,1765,1765,0,3404,3404
55025010400,"Dane, WI (CT)",0,1765,1765,0,3299,3299
55025010501,"Dane, WI (CT)",5,1040,1045,13,2804,2817
55025010502,"Dane, WI (CT)",77,3105,3182,166,7600,7766
55025010600,"Dane, WI (CT)",1211,1170,2381,2837,2304,5141
55025010701,"Dane, WI (CT)",41,2442,2483,101,5851,5952
55025010702,"Dane, WI (CT)",970,1625,2595,2218,4072,6290
55025010800,"Dane, WI (CT)",70,4342,4412,166,10459,10625
55025010901,"Dane, WI (CT)",9,2898,2907,22,5630,5652
55025010903,"Dane, WI (CT)",259,861,1120,473,2068,2541
55025010904,"Dane, WI (CT)",1408,1628,3036,3729,4346,8075
55025011000,"Dane, WI (CT)",0,1975,1975,0,4172,4172
55025011101,"Dane, WI (CT)",0,2282,2282,0,4573,4573
55025011102,"Dane, WI (CT)",287,3560,3847,629,7402,8031
55025011200,"Dane, WI (CT)",933,2536,3469,2336,6104,8440
55025011301,"Dane, WI (CT)",70,2255,2325,173,6144,6317
55025011302,"Dane, WI (CT)",0,1385,1385,0,3015,3015
55025011401,"Dane, WI (CT)",57,3104,3161,105,6542,6647
55025011402,"Dane, WI (CT)",590,3355,3945,1304,7744,9048
55025011503,"Dane, WI (CT)",25,3188,3213,56,8471,8527
55025011504,"Dane, WI (CT)",0,1487,1487,0,3770,3770
55025011505,"Dane, WI (CT)",0,1836,1836,0,4264,4264
55025011506,"Dane, WI (CT)",0,2321,2321,0,4785,4785
55025011600,"Dane, WI (CT)",92,2721,2813,229,6028,6257
55025011700,"Dane, WI (CT)",1308,142,1450,3506,394,3900
55025011800,"Dane, WI (CT)",803,1483,2286,2056,3834,5890
55025011900,"Dane, WI (CT)",2116,560,2676,5490,1211,6701
55025012001,"Dane, WI (CT)",385,2706,3091,1028,7293,8321
55025012002,"Dane, WI (CT)",1453,531,1984,3701,1103,4804
55025012100,"Dane, WI (CT)",1143,58,1201,2494,143,2637
55025012201,"Dane, WI (CT)",43,909,952,110,1891,2001
55025012202,"Dane, WI (CT)",0,2806,2806,0,6774,6774
55025012300,"Dane, WI (CT)",247,2023,2270,612,4692,5304
55025012400,"Dane, WI (CT)",1414,409,1823,3687,1118,4805
55025012501,"Dane, WI (CT)",253,2561,2814,643,5908,6551
55025012502,"Dane, WI (CT)",284,1351,1635,1478,3688,5166
55025012600,"Dane, WI (CT)",1849,0,1849,4389,0,4389
55025012700,"Dane, WI (CT)",1583,0,1583,3867,0,3867
55025012800,"Dane, WI (CT)",242,2822,3064,691,6997,7688
55025012900,"Dane, WI (CT)",1500,145,1645,3367,379,3746
55025013000,"Dane, WI (CT)",251,1469,1720,645,3575,4220
55025013100,"Dane, WI (CT)",703,1296,1999,1603,2960,4563
55025013200,"Dane, WI (CT)",1998,1385,3383,5361,3212,8573
55025013301,"Dane, WI (CT)",159,1594,1753,449,3983,4432
55025013302,"Dane, WI (CT)",47,2113,2160,156,5464,5620
55025013700,"Dane, WI (CT)",97,1979,2076,267,4377,4644
55025991702,"Dane, WI (CT)",0,0,0,0,0,0
55025991703,"Dane, WI (CT)",0,0,0,0,0,0
55027960100,"Dodge, WI (CT)",2598,0,2598,6008,0,6008
55027960200,"Dodge, WI (CT)",1241,44,1285,3071,100,3171
55027960300,"Dodge, WI (CT)",30,2248,2278,63,7940,8003
55027960400,"Dodge, WI (CT)",1357,430,1787,3328,1023,4351
55027960500,"Dodge, WI (CT)",1631,0,1631,3885,0,3885
55027960600,"Dodge, WI (CT)",1800,13,1813,3959,29,3988
55027960700,"Dodge, WI (CT)",0,2207,2207,0,4606,4606
55027960800,"Dodge, WI (CT)",0,1481,1481,0,3537,3537
55027960900,"Dodge, WI (CT)",0,1839,1839,0,4167,4167
55027961000,"Dodge, WI (CT)",0,2094,2094,0,4473,4473
55027961100,"Dodge, WI (CT)",731,996,1727,1563,2987,4550
55027961200,"Dodge, WI (CT)",110,1384,1494,274,3068,3342
55027961300,"Dodge, WI (CT)",80,2311,2391,211,5134,5345
55027961400,"Dodge, WI (CT)",1590,29,1619,3946,74,4020
55027961500,"Dodge, WI (CT)",2037,0,2037,5220,0,5220
55027961600,"Dodge, WI (CT)",2004,0,2004,4412,0,4412
55027961700,"Dodge, WI (CT)",1228,54,1282,2974,84,3058
55027961800,"Dodge, WI (CT)",1847,75,1922,4243,169,4412
55027961900,"Dodge, WI (CT)",8,2292,2300,17,5767,5784
55027962000,"Dodge, WI (CT)",0,1216,1216,0,2427,2427
55029100100,"Door, WI (CT)",3185,0,3185,2212,0,2212
55029100300,"Door, WI (CT)",3716,0,3716,2384,0,2384
55029100400,"Door, WI (CT)",3879,0,3879,2559,0,2559
55029100500,"Door, WI (CT)",2721,0,2721,3287,0,3287
55029100600,"Door, WI (CT)",1683,0,1683,3337,0,3337
55029100700,"Door, WI (CT)",184,2347,2531,276,4431,4707
55029100800,"Door, WI (CT)",802,2343,3145,1087,4176,5263
55029100900,"Door, WI (CT)",1287,3,1290,1842,10,1852
55029101000,"Door, WI (CT)",1816,0,1816,2184,0,2184
55029990000,"Door, WI (CT)",0,0,0,0,0,0
55031020300,"Douglas, WI (CT)",0,1370,1370,0,2870,2870
55031020400,"Douglas, WI (CT)",0,1404,1404,0,3189,3189
55031020500,"Douglas, WI (CT)",0,1039,1039,0,3090,3090
55031020600,"Douglas, WI (CT)",0,2195,2195,0,4438,4438
55031020700,"Douglas, WI (CT)",131,1745,1876,266,3881,4147
55031020800,"Douglas, WI (CT)",318,1095,1413,886,2591,3477
55031020900,"Douglas, WI (CT)",0,1164,1164,0,2396,2396
55031021000,"Douglas, WI (CT)",118,778,896,246,1709,1955
55031021100,"Douglas, WI (CT)",0,1224,1224,0,2257,2257
55031030100,"Douglas, WI (CT)",3099,0,3099,6247,0,6247
55031030200,"Douglas, WI (CT)",2028,285,2313,4403,624,5027
55031030300,"Douglas, WI (CT)",4832,0,4832,5066,0,5066
55031990000,"Douglas, WI (CT)",0,0,0,0,0,0
55033970100,"Dunn, WI (CT)",1730,0,1730,3879,0,3879
55033970200,"Dunn, WI (CT)",2062,0,2062,4737,0,4737
55033970300,"Dunn, WI (CT)",2109,470,2579,4799,826,5625
55033970400,"Dunn, WI (CT)",2376,0,2376,6094,0,6094
55033970500,"Dunn, WI (CT)",303,2592,2895,767,5606,6373
55033970600,"Dunn, WI (CT)",1764,0,1764,4128,0,4128
55033970700,"Dunn, WI (CT)",471,2121,2592,1194,5639,6833
55033970800,"Dunn, WI (CT)",178,1788,1966,415,5773,6188
55035000100,"Eau Claire, WI (CT)",2221,0,2221,4817,0,4817
55035000200,"Eau Claire, WI (CT)",1924,0,1924,4806,0,4806
55035000301,"Eau Claire, WI (CT)",546,992,1538,1414,2215,3629
55035000302,"Eau Claire, WI (CT)",1533,1417,2950,3812,2826,6638
55035000400,"Eau Claire, WI (CT)",15,3453,3468,39,7220,7259
55035000501,"Eau Claire, WI (CT)",0,2047,2047,0,4864,4864
55035000502,"Eau Claire, WI (CT)",42,1819,1861,100,4576,4676
55035000600,"Eau Claire, WI (CT)",0,2343,2343,0,5107,5107
55035000700,"Eau Claire, WI (CT)",0,2466,2466,0,4999,4999
55035000801,"Eau Claire, WI (CT)",0,1504,1504,0,3544,3544
55035000802,"Eau Claire, WI (CT)",0,1631,1631,0,3801,3801
55035000803,"Eau Claire, WI (CT)",0,2738,2738,0,5737,5737
55035000900,"Eau Claire, WI (CT)",0,2290,2290,0,4815,4815
55035001101,"Eau Claire, WI (CT)",0,873,873,0,1939,1939
55035001200,"Eau Claire, WI (CT)",0,2262,2262,0,5424,5424
55035001300,"Eau Claire, WI (CT)",208,2044,2252,380,4751,5131
55035001400,"Eau Claire, WI (CT)",0,3282,3282,0,6896,6896
55035001500,"Eau Claire, WI (CT)",710,663,1373,1893,1395,3288
55035001600,"Eau Claire, WI (CT)",2152,0,2152,5449,0,5449
55035001700,"Eau Claire, WI (CT)",0,976,976,0,5917,5917
55037190100,"Florence, WI (CT)",2753,0,2753,2603,0,2603
55037190200,"Florence, WI (CT)",2027,0,2027,1820,0,1820
55039040100,"Fond du Lac, WI (CT)",0,1901,1901,0,4237,4237
55039040200,"Fond du Lac, WI (CT)",0,1195,1195,0,3021,3021
55039040300,"Fond du Lac, WI (CT)",0,2917,2917,0,5619,5619
55039040400,"Fond du Lac, WI (CT)",0,1238,1238,0,2849,2849
55039040500,"Fond du Lac, WI (CT)",0,1936,1936,0,3875,3875
55039040700,"Fond du Lac, WI (CT)",338,1481,1819,833,3430,4263
55039040800,"Fond du Lac, WI (CT)",0,1993,1993,0,4571,4571
55039040900,"Fond du Lac, WI (CT)",0,1340,1340,0,3263,3263
55039041000,"Fond du Lac, WI (CT)",0,1364,1364,0,2814,2814
55039041100,"Fond du Lac, WI (CT)",213,3936,4149,362,9383,9745
55039041300,"Fond du Lac, WI (CT)",86,2857,2943,211,6362,6573
55039041400,"Fond du Lac, WI (CT)",2175,214,2389,5518,375,5893
55039041500,"Fond du Lac, WI (CT)",217,1182,1399,519,2577,3096
55039041600,"Fond du Lac, WI (CT)",287,2199,2486,684,5353,6037
55039041700,"Fond du Lac, WI (CT)",1552,0,1552,3986,0,3986
55039041800,"Fond du Lac, WI (CT)",539,1470,2009,1420,3431,4851
55039041900,"Fond du Lac, WI (CT)",2783,365,3148,6288,892,7180
55039042000,"Fond du Lac, WI (CT)",2012,1380,3392,4840,3878,8718
55039042100,"Fond du Lac, WI (CT)",2184,0,2184,4927,0,4927
55039042200,"Fond du Lac, WI (CT)",2556,0,2556,6115,0,6115
55041950100,"Forest, WI (CT)",2197,0,2197,1260,0,1260
55041950200,"Forest, WI (CT)",2200,0,2200,2806,0,2806
55041950300,"Forest, WI (CT)",1824,0,1824,2608,0,2608
55041950400,"Forest, WI (CT)",2749,0,2749,2630,0,2630
55043960100,"Grant, WI (CT)",1730,0,1730,3656,0,3656
55043960200,"Grant, WI (CT)",540,1322,1862,1115,3261,4376
55043960300,"Grant, WI (CT)",1799,0,1799,4116,0,4116
55043960400,"Grant, WI (CT)",2008,0,2008,3509,0,3509
55043960500,"Grant, WI (CT)",1848,0,1848,3864,0,3864
55043960600,"Grant, WI (CT)",1395,23,1418,3739,45,3784
55043960700,"Grant, WI (CT)",152,1722,1874,432,3643,4075
55043960800,"Grant, WI (CT)",1273,0,1273,3037,0,3037
55043960900,"Grant, WI (CT)",116,1840,1956,235,4010,4245
55043961000,"Grant, WI (CT)",187,2004,2191,523,7226,7749
55043961100,"Grant, WI (CT)",1904,0,1904,4462,0,4462
55043961200,"Grant, WI (CT)",1718,0,1718,4335,0,4335
55045960100,"Green, WI (CT)",2464,141,2605,6029,350,6379
55045960200,"Green, WI (CT)",2337,0,2337,5684,0,5684
55045960300,"Green, WI (CT)",1983,0,1983,4828,0,4828
55045960400,"Green, WI (CT)",76,2105,2181,183,4197,4380
55045960500,"Green, WI (CT)",156,1604,1760,383,3567,3950
55045960600,"Green, WI (CT)",62,1412,1474,163,3119,3282
55045960700,"Green, WI (CT)",1663,0,1663,3997,0,3997
55045960800,"Green, WI (CT)",385,1468,1853,918,3424,4342
55047100100,"Green Lake, WI (CT)",416,1069,1485,886,2322,3208
55047100200,"Green Lake, WI (CT)",211,1161,1372,427,2569,2996
55047100300,"Green Lake, WI (CT)",1553,0,1553,3039,0,3039
55047100400,"Green Lake, WI (CT)",2000,0,2000,2837,0,2837
55047100500,"Green Lake, WI (CT)",2153,0,2153,3073,0,3073
55047100600,"Green Lake, WI (CT)",2053,0,2053,3898,0,3898
55049950100,"Iowa, WI (CT)",1805,0,1805,3753,0,3753
55049950200,"Iowa, WI (CT)",1561,0,1561,3147,0,3147
55049950300,"Iowa, WI (CT)",1347,0,1347,3248,0,3248
55049950400,"Iowa, WI (CT)",223,2123,2346,532,4756,5288
55049950500,"Iowa, WI (CT)",1988,0,1988,4755,0,4755
55049950600,"Iowa, WI (CT)",1672,0,1672,3496,0,3496
55051180100,"Iron, WI (CT)",353,1270,1623,609,1905,2514
55051180200,"Iron, WI (CT)",1312,0,1312,1493,0,1493
55051180300,"Iron, WI (CT)",3064,0,3064,1909,0,1909
55051990000,"Iron, WI (CT)",0,0,0,0,0,0
55053960100,"Jackson, WI (CT)",1469,266,1735,2494,1493,3987
55053960200,"Jackson, WI (CT)",1829,14,1843,3257,36,3293
55053960300,"Jackson, WI (CT)",2007,0,2007,4077,0,4077
55053960400,"Jackson, WI (CT)",1886,0,1886,4268,0,4268
55053960500,"Jackson, WI (CT)",302,1954,2256,676,4148,4824
55055100100,"Jefferson, WI (CT)",312,2143,2455,627,5167,5794
55055100200,"Jefferson, WI (CT)",0,1464,1464,0,3660,3660
55055100300,"Jefferson, WI (CT)",47,2276,2323,84,6228,6312
55055100400,"Jefferson, WI (CT)",1074,1327,2401,2694,3122,5816
55055100500,"Jefferson, WI (CT)",243,2810,3053,281,6069,6350
55055100601,"Jefferson, WI (CT)",503,173,676,1183,352,1535
55055100602,"Jefferson, WI (CT)",854,852,1706,1933,1366,3299
55055100700,"Jefferson, WI (CT)",783,1077,1860,1987,2643,4630
55055100800,"Jefferson, WI (CT)",1704,0,1704,4006,0,4006
55055100900,"Jefferson, WI (CT)",1636,0,1636,3868,0,3868
55055101000,"Jefferson, WI (CT)",184,1560,1744,384,3497,3881
55055101100,"Jefferson, WI (CT)",59,1724,1783,191,4286,4477
55055101201,"Jefferson, WI (CT)",1190,51,1241,2031,159,2190
55055101202,"Jefferson, WI (CT)",559,58,617,1451,161,1612
55055101300,"Jefferson, WI (CT)",75,2447,2522,205,5590,5795
55055101400,"Jefferson, WI (CT)",0,1433,1433,0,3453,3453
55055101500,"Jefferson, WI (CT)",0,1822,1822,0,3959,3959
55055101600,"Jefferson, WI (CT)",1676,607,2283,3692,3233,6925
55055101701,"Jefferson, WI (CT)",530,33,563,1312,73,1385
55055101702,"Jefferson, WI (CT)",973,888,1861,2567,2172,4739
55057100100,"Juneau, WI (CT)",2134,0,2134,2874,0,2874
55057100200,"Juneau, WI (CT)",1778,0,1778,3669,0,3669
55057100300,"Juneau, WI (CT)",2901,0,2901,3246,0,3246
55057100400,"Juneau, WI (CT)",1913,212,2125,4754,415,5169
55057100500,"Juneau, WI (CT)",137,1769,1906,300,3986,4286
55057100600,"Juneau, WI (CT)",1624,0,1624,3383,0,3383
55057100700,"Juneau, WI (CT)",2201,0,2201,4037,0,4037
55059000100,"Kenosha, WI (CT)",145,2613,2758,303,5467,5770
55059000300,"Kenosha, WI (CT)",0,1661,1661,0,4973,4973
55059000400,"Kenosha, WI (CT)",0,1554,1554,0,3620,3620
55059000500,"Kenosha, WI (CT)",0,2632,2632,0,5267,5267
55059000601,"Kenosha, WI (CT)",1034,1200,2234,2520,4082,6602
55059000602,"Kenosha, WI (CT)",0,3474,3474,0,7910,7910
55059000700,"Kenosha, WI (CT)",0,1952,1952,0,5530,5530
55059000800,"Kenosha, WI (CT)",0,1052,1052,0,2704,2704
55059000900,"Kenosha, WI (CT)",0,1618,1618,0,4251,4251
55059001000,"Kenosha, WI (CT)",0,1462,1462,0,2313,2313
55059001100,"Kenosha, WI (CT)",0,1297,1297,0,3219,3219
55059001200,"Kenosha, WI (CT)",0,1656,1656,0,4078,4078
55059001300,"Kenosha, WI (CT)",0,1606,1606,0,4136,4136
55059001400,"Kenosha, WI (CT)",0,2913,2913,0,7144,7144
55059001500,"Kenosha, WI (CT)",0,1550,1550,0,3738,3738
55059001600,"Kenosha, WI (CT)",0,1286,1286,0,3436,3436
55059001700,"Kenosha, WI (CT)",0,1068,1068,0,2665,2665
55059001800,"Kenosha, WI (CT)",0,927,927,0,2298,2298
55059001900,"Kenosha, WI (CT)",0,1115,1115,0,2351,2351
55059002000,"Kenosha, WI (CT)",0,2222,2222,0,5870,5870
55059002100,"Kenosha, WI (CT)",0,2216,2216,0,5246,5246
55059002200,"Kenosha, WI (CT)",0,1493,1493,0,3562,3562
55059002300,"Kenosha, WI (CT)",0,2547,2547,0,5955,5955
55059002400,"Kenosha, WI (CT)",0,2069,2069,0,4720,4720
55059002500,"Kenosha, WI (CT)",0,1356,1356,0,3478,3478
55059002601,"Kenosha, WI (CT)",0,3046,3046,0,8493,8493
55059002602,"Kenosha, WI (CT)",340,3021,3361,911,7691,8602
55059002700,"Kenosha, WI (CT)",1539,733,2272,3626,1891,5517
55059002800,"Kenosha, WI (CT)",2251,428,2679,5617,718,6335
55059002903,"Kenosha, WI (CT)",214,1242,1456,510,2700,3210
55059002904,"Kenosha, WI (CT)",619,1769,2388,1437,4063,5500
55059002905,"Kenosha, WI (CT)",251,1411,1662,605,3269,3874
55059002906,"Kenosha, WI (CT)",329,1588,1917,885,3999,4884
55059003001,"Kenosha, WI (CT)",271,2106,2377,610,3702,4312
55059003002,"Kenosha, WI (CT)",334,2078,2412,822,4041,4863
55059990000,"Kenosha, WI (CT)",0,0,0,0,0,0
55061960100,"Kewaunee, WI (CT)",66,1630,1696,138,3024,3162
55061960200,"Kewaunee, WI (CT)",1228,25,1253,2601,46,2647
55061960400,"Kewaunee, WI (CT)",3553,0,3553,8589,0,8589
55061960500,"Kewaunee, WI (CT)",1515,1287,2802,3554,2622,6176
55061990000,"Kewaunee, WI (CT)",0,0,0,0,0,0
55063000100,"La Crosse, WI (CT)",0,2220,2220,0,4712,4712
55063000200,"La Crosse, WI (CT)",0,2468,2468,0,5077,5077
55063000300,"La Crosse, WI (CT)",0,1240,1240,0,2292,2292
55063000400,"La Crosse, WI (CT)",0,2291,2291,0,5498,5498
55063000500,"La Crosse, WI (CT)",0,787,787,0,4773,4773
55063000600,"La Crosse, WI (CT)",0,912,912,0,2142,2142
55063000700,"La Crosse, WI (CT)",0,1951,1951,0,4430,4430
55063000800,"La Crosse, WI (CT)",0,1299,1299,0,3049,3049
55063000900,"La Crosse, WI (CT)",0,1875,1875,0,3742,3742
55063001000,"La Crosse, WI (CT)",0,1701,1701,0,3790,3790
55063001101,"La Crosse, WI (CT)",0,1003,1003,0,2131,2131
55063001102,"La Crosse, WI (CT)",0,2104,2104,0,3910,3910
55063001200,"La Crosse, WI (CT)",0,1911,1911,0,4172,4172
55063010101,"La Crosse, WI (CT)",2201,95,2296,5273,293,5566
55063010102,"La Crosse, WI (CT)",87,1723,1810,248,4350,4598
55063010201,"La Crosse, WI (CT)",1213,2433,3646,3170,6333,9503
55063010202,"La Crosse, WI (CT)",495,2026,2521,1248,5440,6688
55063010203,"La Crosse, WI (CT)",195,556,751,471,1416,1887
55063010300,"La Crosse, WI (CT)",0,2082,2082,0,4488,4488
55063010401,"La Crosse, WI (CT)",433,1548,1981,1181,4033,5214
55063010402,"La Crosse, WI (CT)",0,3833,3833,0,9163,9163
55063010500,"La Crosse, WI (CT)",77,2607,2684,108,5653,5761
55063010600,"La Crosse, WI (CT)",1000,317,1317,2539,727,3266
55063010700,"La Crosse, WI (CT)",689,1786,2475,1796,3688,5484
55063010800,"La Crosse, WI (CT)",1226,18,1244,3257,45,3302
55065970100,"Lafayette, WI (CT)",1371,0,1371,3035,0,3035
55065970200,"Lafayette, WI (CT)",1637,0,1637,3895,0,3895
55065970300,"Lafayette, WI (CT)",1345,0,1345,3433,0,3433
55065970400,"Lafayette, WI (CT)",1427,0,1427,3196,0,3196
55065970500,"Lafayette, WI (CT)",1450,0,1450,3277,0,3277
55067960100,"Langlade, WI (CT)",3256,0,3256,2703,0,2703
55067960300,"Langlade, WI (CT)",1298,1,1299,2614,6,2620
55067960400,"Langlade, WI (CT)",1775,27,1802,3863,67,3930
55067960500,"Langlade, WI (CT)",1759,0,1759,1880,0,1880
55067960600,"Langlade, WI (CT)",86,2167,2253,178,4540,4718
55067960700,"Langlade, WI (CT)",270,1721,1991,581,3545,4126
55069960100,"Lincoln, WI (CT)",2303,0,2303,2286,0,2286
55069960200,"Lincoln, WI (CT)",258,1128,1386,459,2164,2623
55069960300,"Lincoln, WI (CT)",1854,29,1883,1723,52,1775
55069960400,"Lincoln, WI (CT)",1449,0,1449,1929,0,1929
55069960500,"Lincoln, WI (CT)",799,315,1114,1122,710,1832
55069960600,"Lincoln, WI (CT)",1878,89,1967,4257,189,4446
55069960700,"Lincoln, WI (CT)",1638,331,1969,3175,732,3907
55069960800,"Lincoln, WI (CT)",113,1560,1673,238,3201,3439
55069960900,"Lincoln, WI (CT)",0,1344,1344,0,2898,2898
55069961000,"Lincoln, WI (CT)",143,1553,1696,346,3262,3608
55071000100,"Manitowoc, WI (CT)",141,2592,2733,360,4876,5236
55071000200,"Manitowoc, WI (CT)",0,1120,1120,0,2404,2404
55071000300,"Manitowoc, WI (CT)",218,2233,2451,539,5076,5615
55071000400,"Manitowoc, WI (CT)",0,1995,1995,0,4176,4176
55071000500,"Manitowoc, WI (CT)",0,1341,1341,0,2850,2850
55071000600,"Manitowoc, WI (CT)",188,2455,2643,429,4940,5369
55071000700,"Manitowoc, WI (CT)",86,2592,2678,183,5718,5901
55071000800,"Manitowoc, WI (CT)",0,1885,1885,0,4046,4046
55071005100,"Manitowoc, WI (CT)",0,1221,1221,0,2430,2430
55071005200,"Manitowoc, WI (CT)",107,2055,2162,225,4326,4551
55071005300,"Manitowoc, WI (CT)",0,1048,1048,0,2071,2071
55071005400,"Manitowoc, WI (CT)",63,1412,1475,121,2995,3116
55071010100,"Manitowoc, WI (CT)",1927,68,1995,4374,133,4507
55071010200,"Manitowoc, WI (CT)",2510,0,2510,5891,0,5891
55071010300,"Manitowoc, WI (CT)",1870,0,1870,4493,0,4493
55071010400,"Manitowoc, WI (CT)",2623,0,2623,6182,0,6182
55071010500,"Manitowoc, WI (CT)",1378,21,1399,3317,319,3636
55071010600,"Manitowoc, WI (CT)",2306,0,2306,5103,0,5103
55071010700,"Manitowoc, WI (CT)",177,1557,1734,433,3432,3865
55071990000,"Manitowoc, WI (CT)",0,0,0,0,0,0
55073000100,"Marathon, WI (CT)",0,1440,1440,0,3138,3138
55073000200,"Marathon, WI (CT)",0,1250,1250,0,2932,2932
55073000300,"Marathon, WI (CT)",90,2162,2252,227,4961,5188
55073000400,"Marathon, WI (CT)",0,2910,2910,0,6150,6150
55073000500,"Marathon, WI (CT)",0,1336,1336,0,2970,2970
55073000601,"Marathon, WI (CT)",0,910,910,0,2066,2066
55073000602,"Marathon, WI (CT)",0,1808,1808,0,4083,4083
55073000700,"Marathon, WI (CT)",118,2532,2650,322,5060,5382
55073000800,"Marathon, WI (CT)",0,1482,1482,0,3463,3463
55073000900,"Marathon, WI (CT)",0,1143,1143,0,2240,2240
55073001000,"Marathon, WI (CT)",0,1566,1566,0,3626,3626
55073001102,"Marathon, WI (CT)",1378,1775,3153,3283,4713,7996
55073001103,"Marathon, WI (CT)",77,2113,2190,176,4907,5083
55073001104,"Marathon, WI (CT)",7,2751,2758,15,5911,5926
55073001201,"Marathon, WI (CT)",814,2435,3249,1860,6236,8096
55073001202,"Marathon, WI (CT)",873,1361,2234,2185,3136,5321
55073001300,"Marathon, WI (CT)",1006,1745,2751,2511,4300,6811
55073001400,"Marathon, WI (CT)",903,2423,3326,2263,4372,6635
55073001500,"Marathon, WI (CT)",1547,176,1723,3766,368,4134
55073001600,"Marathon, WI (CT)",2494,0,2494,6057,0,6057
55073001700,"Marathon, WI (CT)",1718,0,1718,3696,0,3696
55073001800,"Marathon, WI (CT)",2421,0,2421,5449,0,5449
55073001900,"Marathon, WI (CT)",2432,0,2432,5933,0,5933
55073002000,"Marathon, WI (CT)",1599,0,1599,3839,0,3839
55073002100,"Marathon, WI (CT)",2591,341,2932,6496,694,7190
55073002200,"Marathon, WI (CT)",878,428,1306,2387,1103,3490
55073002300,"Marathon, WI (CT)",2701,0,2701,7169,0,7169
55075960100,"Marinette, WI (CT)",1255,799,2054,1404,1634,3038
55075960200,"Marinette, WI (CT)",5871,0,5871,4232,0,4232
55075960600,"Marinette, WI (CT)",2473,0,2473,2428,0,2428
55075960700,"Marinette, WI (CT)",5114,0,5114,2847,0,2847
55075960800,"Marinette, WI (CT)",1726,0,1726,2490,0,2490
55075960900,"Marinette, WI (CT)",1610,0,1610,2758,0,2758
55075961000,"Marinette, WI (CT)",2064,0,2064,4131,0,4131
55075961100,"Marinette, WI (CT)",835,1608,2443,2020,3441,5461
55075961200,"Marinette, WI (CT)",1282,0,1282,2822,0,2822
55075961300,"Marinette, WI (CT)",114,1379,1493,225,2855,3080
55075961400,"Marinette, WI (CT)",175,2194,2369,456,4072,4528
55075961500,"Marinette, WI (CT)",0,1880,1880,0,3934,3934
55075990000,"Marinette, WI (CT)",0,0,0,0,0,0
55077960100,"Marquette, WI (CT)",2277,0,2277,2823,0,2823
55077960200,"Marquette, WI (CT)",1860,0,1860,2493,0,2493
55077960300,"Marquette, WI (CT)",2340,0,2340,3831,0,3831
55077960400,"Marquette, WI (CT)",1473,0,1473,2602,0,2602
55077960500,"Marquette, WI (CT)",1946,0,1946,3655,0,3655
55078940101,"Menominee, WI (CT)",404,0,404,1375,0,1375
55078940102,"Menominee, WI (CT)",1849,0,1849,2857,0,2857
55079000101,"Milwaukee, WI (CT)",0,2530,2530,0,4822,4822
55079000102,"Milwaukee, WI (CT)",0,1906,1906,0,3507,3507
55079000201,"Milwaukee, WI (CT)",0,2388,2388,0,5450,5450
55079000202,"Milwaukee, WI (CT)",0,2455,2455,0,6101,6101
55079000301,"Milwaukee, WI (CT)",0,694,694,0,1483,1483
55079000302,"Milwaukee, WI (CT)",0,1060,1060,0,3028,3028
55079000303,"Milwaukee, WI (CT)",0,699,699,0,1873,1873
55079000304,"Milwaukee, WI (CT)",0,1180,1180,0,3382,3382
55079000400,"Milwaukee, WI (CT)",0,1204,1204,0,2439,2439
55079000501,"Milwaukee, WI (CT)",0,1372,1372,0,3450,3450
55079000502,"Milwaukee, WI (CT)",0,1730,1730,0,4878,4878
55079000600,"Milwaukee, WI (CT)",0,2321,2321,0,6290,6290
55079000700,"Milwaukee, WI (CT)",0,1546,1546,0,3580,3580
55079000800,"Milwaukee, WI (CT)",0,2049,2049,0,5129,5129
55079000900,"Milwaukee, WI (CT)",0,1439,1439,0,3694,3694
55079001000,"Milwaukee, WI (CT)",0,1453,1453,0,3654,3654
55079001100,"Milwaukee, WI (CT)",0,1163,1163,0,2800,2800
55079001200,"Milwaukee, WI (CT)",0,1055,1055,0,2985,2985
55079001300,"Milwaukee, WI (CT)",0,1364,1364,0,3733,3733
55079001400,"Milwaukee, WI (CT)",0,957,957,0,2595,2595
55079001500,"Milwaukee, WI (CT)",0,1191,1191,0,3173,3173
55079001600,"Milwaukee, WI (CT)",0,1103,1103,0,2990,2990
55079001700,"Milwaukee, WI (CT)",0,1792,1792,0,4458,4458
55079001800,"Milwaukee, WI (CT)",0,1240,1240,0,3153,3153
55079001900,"Milwaukee, WI (CT)",0,1347,1347,0,3518,3518
55079002000,"Milwaukee, WI (CT)",0,1051,1051,0,2470,2470
55079002100,"Milwaukee, WI (CT)",0,1138,1138,0,2474,2474
55079002200,"Milwaukee, WI (CT)",0,748,748,0,1790,1790
55079002300,"Milwaukee, WI (CT)",0,1865,1865,0,4406,4406
55079002400,"Milwaukee, WI (CT)",0,976,976,0,2244,2244
55079002500,"Milwaukee, WI (CT)",0,928,928,0,2195,2195
55079002600,"Milwaukee, WI (CT)",0,1180,1180,0,2829,2829
55079002700,"Milwaukee, WI (CT)",0,817,817,0,1995,1995
55079002800,"Milwaukee, WI (CT)",0,903,903,0,2252,2252
55079002900,"Milwaukee, WI (CT)",0,811,811,0,2179,2179
55079003000,"Milwaukee, WI (CT)",0,1450,1450,0,3782,3782
55079003100,"Milwaukee, WI (CT)",0,1363,1363,0,3572,3572
55079003200,"Milwaukee, WI (CT)",0,1048,1048,0,2819,2819
55079003300,"Milwaukee, WI (CT)",0,2046,2046,0,5182,5182
55079003400,"Milwaukee, WI (CT)",0,2656,2656,0,5533,5533
55079003500,"Milwaukee, WI (CT)",0,1327,1327,0,3410,3410
55079003600,"Milwaukee, WI (CT)",0,785,785,0,1893,1893
55079003700,"Milwaukee, WI (CT)",0,977,977,0,2315,2315
55079003800,"Milwaukee, WI (CT)",0,979,979,0,2196,2196
55079003900,"Milwaukee, WI (CT)",0,1174,1174,0,2630,2630
55079004000,"Milwaukee, WI (CT)",0,1077,1077,0,2662,2662
55079004100,"Milwaukee, WI (CT)",0,1098,1098,0,2565,2565
55079004200,"Milwaukee, WI (CT)",0,1342,1342,0,3047,3047
55079004300,"Milwaukee, WI (CT)",0,2339,2339,0,5349,5349
55079004400,"Milwaukee, WI (CT)",0,1752,1752,0,3333,3333
55079004500,"Milwaukee, WI (CT)",0,1065,1065,0,2478,2478
55079004600,"Milwaukee, WI (CT)",0,1303,1303,0,2984,2984
55079004700,"Milwaukee, WI (CT)",0,1758,1758,0,4021,4021
55079004800,"Milwaukee, WI (CT)",0,1629,1629,0,4002,4002
55079004900,"Milwaukee, WI (CT)",0,1878,1878,0,4506,4506
55079005000,"Milwaukee, WI (CT)",0,2176,2176,0,4707,4707
55079005100,"Milwaukee, WI (CT)",0,1631,1631,0,3401,3401
55079005200,"Milwaukee, WI (CT)",0,732,732,0,1657,1657
55079005300,"Milwaukee, WI (CT)",0,901,901,0,1920,1920
55079005400,"Milwaukee, WI (CT)",0,1879,1879,0,3690,3690
55079005500,"Milwaukee, WI (CT)",0,1478,1478,0,3318,3318
55079005600,"Milwaukee, WI (CT)",0,971,971,0,2198,2198
55079005700,"Milwaukee, WI (CT)",0,1144,1144,0,2371,2371
55079005800,"Milwaukee, WI (CT)",0,1624,1624,0,3430,3430
55079005900,"Milwaukee, WI (CT)",0,1535,1535,0,3614,3614
55079006000,"Milwaukee, WI (CT)",0,1046,1046,0,2658,2658
55079006100,"Milwaukee, WI (CT)",0,861,861,0,2320,2320
55079006200,"Milwaukee, WI (CT)",0,1105,1105,0,2923,2923
55079006300,"Milwaukee, WI (CT)",0,1008,1008,0,2462,2462
55079006400,"Milwaukee, WI (CT)",0,970,970,0,2510,2510
55079006500,"Milwaukee, WI (CT)",0,1057,1057,0,2628,2628
55079006600,"Milwaukee, WI (CT)",0,1289,1289,0,3053,3053
55079006700,"Milwaukee, WI (CT)",0,629,629,0,1492,1492
55079006800,"Milwaukee, WI (CT)",0,1107,1107,0,2813,2813
55079006900,"Milwaukee, WI (CT)",0,1002,1002,0,2585,2585
55079007000,"Milwaukee, WI (CT)",0,1251,1251,0,3020,3020
55079007100,"Milwaukee, WI (CT)",0,1030,1030,0,1912,1912
55079007200,"Milwaukee, WI (CT)",0,1598,1598,0,2791,2791
55079007300,"Milwaukee, WI (CT)",0,1179,1179,0,2477,2477
55079007400,"Milwaukee, WI (CT)",0,595,595,0,4122,4122
55079007500,"Milwaukee, WI (CT)",0,1069,1069,0,2706,2706
55079007600,"Milwaukee, WI (CT)",0,1926,1926,0,3275,3275
55079007700,"Milwaukee, WI (CT)",0,2369,2369,0,3807,3807
55079007800,"Milwaukee, WI (CT)",0,1673,1673,0,3446,3446
55079007900,"Milwaukee, WI (CT)",0,1027,1027,0,2224,2224
55079008000,"Milwaukee, WI (CT)",0,1036,1036,0,1951,1951
55079008100,"Milwaukee, WI (CT)",0,634,634,0,1331,1331
55079008400,"Milwaukee, WI (CT)",0,507,507,0,1315,1315
55079008500,"Milwaukee, WI (CT)",0,555,555,0,1309,1309
55079008600,"Milwaukee, WI (CT)",0,559,559,0,1500,1500
55079008700,"Milwaukee, WI (CT)",0,560,560,0,1410,1410
55079008800,"Milwaukee, WI (CT)",0,898,898,0,2121,2121
55079008900,"Milwaukee, WI (CT)",0,541,541,0,1462,1462
55079009000,"Milwaukee, WI (CT)",0,960,960,0,2544,2544
55079009100,"Milwaukee, WI (CT)",0,939,939,0,2425,2425
55079009200,"Milwaukee, WI (CT)",0,734,734,0,1901,1901
55079009300,"Milwaukee, WI (CT)",0,1138,1138,0,2535,2535
55079009400,"Milwaukee, WI (CT)",0,1204,1204,0,2423,2423
55079009500,"Milwaukee, WI (CT)",0,947,947,0,2121,2121
55079009600,"Milwaukee, WI (CT)",0,824,824,0,2317,2317
55079009700,"Milwaukee, WI (CT)",0,568,568,0,1939,1939
55079009800,"Milwaukee, WI (CT)",0,533,533,0,1433,1433
55079009900,"Milwaukee, WI (CT)",0,536,536,0,1458,1458
55079010600,"Milwaukee, WI (CT)",0,530,530,0,1192,1192
55079010700,"Milwaukee, WI (CT)",0,1224,1224,0,2208,2208
55079010800,"Milwaukee, WI (CT)",0,1584,1584,0,2469,2469
55079011000,"Milwaukee, WI (CT)",0,2535,2535,0,3428,3428
55079011100,"Milwaukee, WI (CT)",0,1102,1102,0,1481,1481
55079011200,"Milwaukee, WI (CT)",0,1510,1510,0,2219,2219
55079011300,"Milwaukee, WI (CT)",0,1101,1101,0,1829,1829
55079011400,"Milwaukee, WI (CT)",0,746,746,0,1137,1137
55079012200,"Milwaukee, WI (CT)",0,916,916,0,2557,2557
55079012300,"Milwaukee, WI (CT)",0,589,589,0,1122,1122
55079012400,"Milwaukee, WI (CT)",0,1304,1304,0,2592,2592
55079012500,"Milwaukee, WI (CT)",0,978,978,0,2014,2014
55079012600,"Milwaukee, WI (CT)",0,1193,1193,0,2169,2169
55079012700,"Milwaukee, WI (CT)",0,573,573,0,1189,1189
55079012800,"Milwaukee, WI (CT)",0,1228,1228,0,2958,2958
55079012900,"Milwaukee, WI (CT)",0,1408,1408,0,2942,2942
55079013000,"Milwaukee, WI (CT)",0,875,875,0,1800,1800
55079013300,"Milwaukee, WI (CT)",0,522,522,0,1066,1066
55079013400,"Milwaukee, WI (CT)",0,1260,1260,0,2335,2335
55079013500,"Milwaukee, WI (CT)",0,1419,1419,0,1911,1911
55079013600,"Milwaukee, WI (CT)",0,1321,1321,0,2489,2489
55079013700,"Milwaukee, WI (CT)",0,1010,1010,0,1578,1578
55079014100,"Milwaukee, WI (CT)",0,687,687,0,1551,1551
55079014300,"Milwaukee, WI (CT)",0,1995,1995,0,2297,2297
55079014400,"Milwaukee, WI (CT)",0,1583,1583,0,2612,2612
55079014600,"Milwaukee, WI (CT)",0,1216,1216,0,3946,3946
55079014700,"Milwaukee, WI (CT)",0,1137,1137,0,3291,3291
55079014800,"Milwaukee, WI (CT)",0,1223,1223,0,2403,2403
55079014900,"Milwaukee, WI (CT)",0,923,923,0,1483,1483
55079015700,"Milwaukee, WI (CT)",0,1044,1044,0,3231,3231
55079015800,"Milwaukee, WI (CT)",0,1044,1044,0,3058,3058
55079015900,"Milwaukee, WI (CT)",0,1338,1338,0,3819,3819
55079016000,"Milwaukee, WI (CT)",0,1089,1089,0,3310,3310
55079016100,"Milwaukee, WI (CT)",0,1078,1078,0,3574,3574
55079016200,"Milwaukee, WI (CT)",0,1022,1022,0,3366,3366
55079016300,"Milwaukee, WI (CT)",0,1526,1526,0,5124,5124
55079016400,"Milwaukee, WI (CT)",0,1378,1378,0,4948,4948
55079016500,"Milwaukee, WI (CT)",0,850,850,0,2695,2695
55079016600,"Milwaukee, WI (CT)",0,869,869,0,2313,2313
55079016700,"Milwaukee, WI (CT)",0,1233,1233,0,3355,3355
55079016800,"Milwaukee, WI (CT)",0,1060,1060,0,3450,3450
55079016900,"Milwaukee, WI (CT)",0,1439,1439,0,4130,4130
55079017000,"Milwaukee, WI (CT)",0,2000,2000,0,6112,6112
55079017100,"Milwaukee, WI (CT)",0,886,886,0,2937,2937
55079017200,"Milwaukee, WI (CT)",0,781,781,0,2509,2509
55079017300,"Milwaukee, WI (CT)",0,1150,1150,0,3894,3894
55079017400,"Milwaukee, WI (CT)",0,960,960,0,2953,2953
55079017500,"Milwaukee, WI (CT)",0,1382,1382,0,4185,4185
55079017600,"Milwaukee, WI (CT)",0,991,991,0,3195,3195
55079017900,"Milwaukee, WI (CT)",0,1565,1565,0,3003,3003
55079018000,"Milwaukee, WI (CT)",0,1522,1522,0,2749,2749
55079018100,"Milwaukee, WI (CT)",0,939,939,0,1637,1637
55079018200,"Milwaukee, WI (CT)",0,826,826,0,1608,1608
55079018300,"Milwaukee, WI (CT)",0,1204,1204,0,2344,2344
55079018400,"Milwaukee, WI (CT)",0,665,665,0,1404,1404
55079018500,"Milwaukee, WI (CT)",0,740,740,0,1633,1633
55079018600,"Milwaukee, WI (CT)",0,985,985,0,3000,3000
55079018700,"Milwaukee, WI (CT)",0,1310,1310,0,3876,3876
55079018800,"Milwaukee, WI (CT)",0,661,661,0,2066,2066
55079018900,"Milwaukee, WI (CT)",0,598,598,0,1635,1635
55079019000,"Milwaukee, WI (CT)",0,2060,2060,0,4545,4545
55079019100,"Milwaukee, WI (CT)",0,1575,1575,0,3584,3584
55079019200,"Milwaukee, WI (CT)",0,1529,1529,0,3186,3186
55079019300,"Milwaukee, WI (CT)",0,1158,1158,0,2557,2557
55079019400,"Milwaukee, WI (CT)",0,1818,1818,0,3732,3732
55079019500,"Milwaukee, WI (CT)",0,1332,1332,0,3350,3350
55079019600,"Milwaukee, WI (CT)",0,1842,1842,0,3616,3616
55079019700,"Milwaukee, WI (CT)",0,2351,2351,0,5344,5344
55079019800,"Milwaukee, WI (CT)",0,2330,2330,0,4913,4913
55079019900,"Milwaukee, WI (CT)",0,1540,1540,0,3479,3479
55079020000,"Milwaukee, WI (CT)",0,1580,1580,0,3411,3411
55079020100,"Milwaukee, WI (CT)",0,1552,1552,0,3529,3529
55079020200,"Milwaukee, WI (CT)",0,1263,1263,0,3024,3024
55079020300,"Milwaukee, WI (CT)",0,1531,1531,0,3773,3773
55079020400,"Milwaukee, WI (CT)",0,1089,1089,0,3216,3216
55079020500,"Milwaukee, WI (CT)",0,1056,1056,0,2921,2921
55079020600,"Milwaukee, WI (CT)",0,1690,1690,0,3525,3525
55079020700,"Milwaukee, WI (CT)",0,2079,2079,0,4311,4311
55079020800,"Milwaukee, WI (CT)",0,1577,1577,0,3009,3009
55079020900,"Milwaukee, WI (CT)",0,1137,1137,0,2553,2553
55079021000,"Milwaukee, WI (CT)",0,932,932,0,2189,2189
55079021100,"Milwaukee, WI (CT)",0,619,619,0,1364,1364
55079021200,"Milwaukee, WI (CT)",0,1048,1048,0,2097,2097
55079021300,"Milwaukee, WI (CT)",0,803,803,0,1631,1631
55079021400,"Milwaukee, WI (CT)",0,1477,1477,0,3288,3288
55079021500,"Milwaukee, WI (CT)",0,1065,1065,0,2824,2824
55079021600,"Milwaukee, WI (CT)",0,1675,1675,0,4365,4365
55079021700,"Milwaukee, WI (CT)",0,2461,2461,0,6142,6142
55079021800,"Milwaukee, WI (CT)",0,892,892,0,2223,2223
55079030100,"Milwaukee, WI (CT)",0,1907,1907,0,4300,4300
55079035100,"Milwaukee, WI (CT)",0,906,906,0,2257,2257
55079035200,"Milwaukee, WI (CT)",0,2017,2017,0,4435,4435
55079040100,"Milwaukee, WI (CT)",0,647,647,0,1597,1597
55079050101,"Milwaukee, WI (CT)",0,2544,2544,0,5990,5990
55079050102,"Milwaukee, WI (CT)",0,3035,3035,0,6009,6009
55079060101,"Milwaukee, WI (CT)",0,1862,1862,0,4038,4038
55079060102,"Milwaukee, WI (CT)",0,1561,1561,0,3138,3138
55079060200,"Milwaukee, WI (CT)",0,2773,2773,0,5705,5705
55079070100,"Milwaukee, WI (CT)",0,1641,1641,0,4373,4373
55079070200,"Milwaukee, WI (CT)",0,1839,1839,0,5172,5172
55079070300,"Milwaukee, WI (CT)",0,2067,2067,0,4541,4541
55079080100,"Milwaukee, WI (CT)",0,1378,1378,0,2680,2680
55079080200,"Milwaukee, WI (CT)",0,1762,1762,0,3368,3368
55079080300,"Milwaukee, WI (CT)",0,1592,1592,0,3884,3884
55079080400,"Milwaukee, WI (CT)",0,2024,2024,0,3254,3254
55079090100,"Milwaukee, WI (CT)",0,2142,2142,0,4558,4558
55079090200,"Milwaukee, WI (CT)",0,804,804,0,1800,1800
55079090300,"Milwaukee, WI (CT)",0,1682,1682,0,3297,3297
55079090600,"Milwaukee, WI (CT)",0,2336,2336,0,4642,4642
55079090700,"Milwaukee, WI (CT)",0,1298,1298,0,3159,3159
55079090800,"Milwaukee, WI (CT)",0,1036,1036,0,2363,2363
55079090900,"Milwaukee, WI (CT)",0,1724,1724,0,3837,3837
55079091000,"Milwaukee, WI (CT)",0,2039,2039,0,4438,4438
55079091100,"Milwaukee, WI (CT)",0,1729,1729,0,4250,4250
55079091200,"Milwaukee, WI (CT)",0,2505,2505,0,4699,4699
55079091300,"Milwaukee, WI (CT)",0,1631,1631,0,3737,3737
55079091400,"Milwaukee, WI (CT)",0,995,995,0,2195,2195
55079100100,"Milwaukee, WI (CT)",0,1700,1700,0,3693,3693
55079100200,"Milwaukee, WI (CT)",0,1933,1933,0,3724,3724
55079100300,"Milwaukee, WI (CT)",0,1528,1528,0,3067,3067
55079100400,"Milwaukee, WI (CT)",0,1409,1409,0,2801,2801
55079100500,"Milwaukee, WI (CT)",0,1662,1662,0,3557,3557
55079100600,"Milwaukee, WI (CT)",0,967,967,0,2103,2103
55079100700,"Milwaukee, WI (CT)",0,1276,1276,0,2834,2834
55079100800,"Milwaukee, WI (CT)",0,1352,1352,0,2975,2975
55079100900,"Milwaukee, WI (CT)",0,2060,2060,0,3662,3662
55079101000,"Milwaukee, WI (CT)",0,2437,2437,0,5121,5121
55079101100,"Milwaukee, WI (CT)",0,965,965,0,1812,1812
55079101200,"Milwaukee, WI (CT)",0,1570,1570,0,3240,3240
55079101300,"Milwaukee, WI (CT)",0,1471,1471,0,3142,3142
55079101400,"Milwaukee, WI (CT)",0,1828,1828,0,3660,3660
55079101500,"Milwaukee, WI (CT)",0,2134,2134,0,4420,4420
55079101600,"Milwaukee, WI (CT)",0,2139,2139,0,4582,4582
55079101700,"Milwaukee, WI (CT)",0,1591,1591,0,3369,3369
55079101800,"Milwaukee, WI (CT)",0,1331,1331,0,2649,2649
55079110100,"Milwaukee, WI (CT)",0,2176,2176,0,4305,4305
55079120101,"Milwaukee, WI (CT)",0,1822,1822,0,3953,3953
55079120102,"Milwaukee, WI (CT)",0,1770,1770,0,3891,3891
55079120201,"Milwaukee, WI (CT)",0,1919,1919,0,3606,3606
55079120202,"Milwaukee, WI (CT)",0,1723,1723,0,3173,3173
55079120203,"Milwaukee, WI (CT)",0,1837,1837,0,3529,3529
55079120300,"Milwaukee, WI (CT)",0,881,881,0,1987,1987
55079120400,"Milwaukee, WI (CT)",0,3367,3367,0,7312,7312
55079120501,"Milwaukee, WI (CT)",0,1635,1635,0,3960,3960
55079120502,"Milwaukee, WI (CT)",0,2879,2879,0,5246,5246
55079130100,"Milwaukee, WI (CT)",0,2173,2173,0,4869,4869
55079130200,"Milwaukee, WI (CT)",0,1331,1331,0,2822,2822
55079140100,"Milwaukee, WI (CT)",0,1442,1442,0,2999,2999
55079140201,"Milwaukee, WI (CT)",0,2481,2481,0,5235,5235
55079140202,"Milwaukee, WI (CT)",0,2371,2371,0,5812,5812
55079150100,"Milwaukee, WI (CT)",0,3744,3744,0,8972,8972
55079150301,"Milwaukee, WI (CT)",423,2061,2484,893,5013,5906
55079150303,"Milwaukee, WI (CT)",0,2221,2221,0,4856,4856
55079150304,"Milwaukee, WI (CT)",0,2055,2055,0,4041,4041
55079160100,"Milwaukee, WI (CT)",0,3054,3054,0,6528,6528
55079160202,"Milwaukee, WI (CT)",0,3127,3127,0,7310,7310
55079160203,"Milwaukee, WI (CT)",0,2541,2541,0,6069,6069
55079160204,"Milwaukee, WI (CT)",0,2782,2782,0,4962,4962
55079160300,"Milwaukee, WI (CT)",103,3147,3250,291,9291,9582
55079170100,"Milwaukee, WI (CT)",0,1221,1221,0,2689,2689
55079170200,"Milwaukee, WI (CT)",0,1872,1872,0,3869,3869
55079170300,"Milwaukee, WI (CT)",0,1240,1240,0,2662,2662
55079170400,"Milwaukee, WI (CT)",0,1317,1317,0,3362,3362
55079170500,"Milwaukee, WI (CT)",0,1102,1102,0,2471,2471
55079170600,"Milwaukee, WI (CT)",0,1774,1774,0,3384,3384
55079170700,"Milwaukee, WI (CT)",0,1196,1196,0,2719,2719
55079180100,"Milwaukee, WI (CT)",0,1455,1455,0,3029,3029
55079180200,"Milwaukee, WI (CT)",0,2287,2287,0,4536,4536
55079180300,"Milwaukee, WI (CT)",0,1483,1483,0,3371,3371
55079180400,"Milwaukee, WI (CT)",0,1338,1338,0,2735,2735
55079180500,"Milwaukee, WI (CT)",0,2099,2099,0,4596,4596
55079185100,"Milwaukee, WI (CT)",0,2319,2319,0,4210,4210
55079185200,"Milwaukee, WI (CT)",0,2505,2505,0,5149,5149
55079185300,"Milwaukee, WI (CT)",0,1605,1605,0,3438,3438
55079185400,"Milwaukee, WI (CT)",0,674,674,0,1639,1639
55079185500,"Milwaukee, WI (CT)",0,735,735,0,1709,1709
55079185600,"Milwaukee, WI (CT)",0,881,881,0,1776,1776
55079185700,"Milwaukee, WI (CT)",0,941,941,0,2124,2124
55079185800,"Milwaukee, WI (CT)",0,592,592,0,1606,1606
55079185900,"Milwaukee, WI (CT)",0,436,436,0,1213,1213
55079186000,"Milwaukee, WI (CT)",0,883,883,0,1451,1451
55079186100,"Milwaukee, WI (CT)",0,941,941,0,2275,2275
55079186200,"Milwaukee, WI (CT)",0,517,517,0,1422,1422
55079186300,"Milwaukee, WI (CT)",0,863,863,0,3268,3268
55079186400,"Milwaukee, WI (CT)",0,437,437,0,1643,1643
55079186500,"Milwaukee, WI (CT)",0,917,917,0,1667,1667
55079186600,"Milwaukee, WI (CT)",0,791,791,0,2152,2152
55079186800,"Milwaukee, WI (CT)",0,735,735,0,1614,1614
55079186900,"Milwaukee, WI (CT)",0,1648,1648,0,2213,2213
55079187000,"Milwaukee, WI (CT)",0,2576,2576,0,3288,3288
55079187200,"Milwaukee, WI (CT)",281,1282,1563,636,4748,5384
55079187300,"Milwaukee, WI (CT)",0,2290,2290,0,6293,6293
55079187400,"Milwaukee, WI (CT)",0,1802,1802,0,2341,2341
55079980000,"Milwaukee, WI (CT)",0,0,0,0,0,0
55079990000,"Milwaukee, WI (CT)",0,0,0,0,0,0
55081950100,"Monroe, WI (CT)",2148,56,2204,4471,92,4563
55081950200,"Monroe, WI (CT)",2007,11,2018,4863,29,4892
55081950300,"Monroe, WI (CT)",248,2453,2701,615,5502,6117
55081950400,"Monroe, WI (CT)",123,1844,1967,295,4315,4610
55081950500,"Monroe, WI (CT)",394,2156,2550,881,4888,5769
55081950600,"Monroe, WI (CT)",126,1932,2058,299,4022,4321
55081950700,"Monroe, WI (CT)",1810,0,1810,4511,0,4511
55081950800,"Monroe, WI (CT)",1716,0,1716,4421,0,4421
55081950900,"Monroe, WI (CT)",2159,21,2180,5408,61,5469
55083100300,"Oconto, WI (CT)",5381,0,5381,2756,0,2756
55083100500,"Oconto, WI (CT)",2948,0,2948,2218,0,2218
55083100600,"Oconto, WI (CT)",1809,0,1809,2828,0,2828
55083100700,"Oconto, WI (CT)",1407,0,1407,2963,0,2963
55083100800,"Oconto, WI (CT)",1437,0,1437,2507,0,2507
55083100900,"Oconto, WI (CT)",552,820,1372,1056,1868,2924
55083101000,"Oconto, WI (CT)",673,1137,1810,1534,2405,3939
55083101100,"Oconto, WI (CT)",2137,0,2137,4588,0,4588
55083101200,"Oconto, WI (CT)",687,1207,1894,1531,2621,4152
55083101300,"Oconto, WI (CT)",3283,59,3342,8653,132,8785
55083990000,"Oconto, WI (CT)",0,0,0,0,0,0
55085970101,"Oneida, WI (CT)",2760,0,2760,1554,0,1554
55085970102,"Oneida, WI (CT)",3254,0,3254,3629,0,3629
55085970400,"Oneida, WI (CT)",1591,211,1802,2506,520,3026
55085970500,"Oneida, WI (CT)",1132,7,1139,1747,14,1761
55085970601,"Oneida, WI (CT)",1108,100,1208,1746,181,1927
55085970602,"Oneida, WI (CT)",2738,398,3136,2962,699,3661
55085970800,"Oneida, WI (CT)",1956,0,1956,2390,0,2390
55085970900,"Oneida, WI (CT)",2728,0,2728,2363,0,2363
55085971001,"Oneida, WI (CT)",1536,0,1536,1181,0,1181
55085971002,"Oneida, WI (CT)",2603,0,2603,2337,0,2337
55085971100,"Oneida, WI (CT)",1803,0,1803,2006,0,2006
55085971300,"Oneida, WI (CT)",1935,0,1935,1875,0,1875
55085971400,"Oneida, WI (CT)",113,1801,1914,255,3413,3668
55085971500,"Oneida, WI (CT)",209,2142,2351,437,4183,4620
55087010100,"Outagamie, WI (CT)",0,1165,1165,0,2762,2762
55087010200,"Outagamie, WI (CT)",0,1876,1876,0,4048,4048
55087010300,"Outagamie, WI (CT)",0,1248,1248,0,2391,2391
55087010500,"Outagamie, WI (CT)",0,1527,1527,0,4451,4451
55087010601,"Outagamie, WI (CT)",0,1527,1527,0,3629,3629
55087010602,"Outagamie, WI (CT)",0,1579,1579,0,3971,3971
55087010700,"Outagamie, WI (CT)",0,1911,1911,0,4339,4339
55087010800,"Outagamie, WI (CT)",0,698,698,0,1557,1557
55087010900,"Outagamie, WI (CT)",0,889,889,0,2134,2134
55087011000,"Outagamie, WI (CT)",0,2845,2845,0,5665,5665
55087011101,"Outagamie, WI (CT)",0,2188,2188,0,4971,4971
55087011102,"Outagamie, WI (CT)",0,3093,3093,0,7305,7305
55087011200,"Outagamie, WI (CT)",0,1245,1245,0,2912,2912
55087011300,"Outagamie, WI (CT)",0,1412,1412,0,3008,3008
55087011400,"Outagamie, WI (CT)",0,2393,2393,0,5306,5306
55087011501,"Outagamie, WI (CT)",0,1397,1397,0,3353,3353
55087011502,"Outagamie, WI (CT)",0,1963,1963,0,4496,4496
55087011600,"Outagamie, WI (CT)",0,2687,2687,0,6552,6552
55087011700,"Outagamie, WI (CT)",0,1158,1158,0,2605,2605
55087011800,"Outagamie, WI (CT)",0,827,827,0,1832,1832
55087011900,"Outagamie, WI (CT)",0,3284,3284,0,7952,7952
55087012000,"Outagamie, WI (CT)",0,2433,2433,0,6543,6543
55087012100,"Outagamie, WI (CT)",154,3049,3203,406,7284,7690
55087012200,"Outagamie, WI (CT)",0,951,951,0,1952,1952
55087012300,"Outagamie, WI (CT)",0,703,703,0,1647,1647
55087012400,"Outagamie, WI (CT)",0,1158,1158,0,2654,2654
55087012503,"Outagamie, WI (CT)",0,1146,1146,0,3654,3654
55087012504,"Outagamie, WI (CT)",131,1178,1309,335,2696,3031
55087012505,"Outagamie, WI (CT)",489,872,1361,1286,1808,3094
55087012506,"Outagamie, WI (CT)",0,2173,2173,0,4078,4078
55087012601,"Outagamie, WI (CT)",425,2591,3016,1157,7176,8333
55087012602,"Outagamie, WI (CT)",1717,12,1729,4674,33,4707
55087012700,"Outagamie, WI (CT)",1881,665,2546,4778,1504,6282
55087012800,"Outagamie, WI (CT)",2948,0,2948,7399,0,7399
55087012901,"Outagamie, WI (CT)",2192,32,2224,5881,94,5975
55087012902,"Outagamie, WI (CT)",1311,0,1311,3425,0,3425
55087013100,"Outagamie, WI (CT)",858,1581,2439,2314,3500,5814
55087013200,"Outagamie, WI (CT)",1633,0,1633,3949,0,3949
55087013300,"Outagamie, WI (CT)",1240,1184,2424,3430,3121,6551
55087940000,"Outagamie, WI (CT)",1530,0,1530,4678,0,4678
55089610101,"Ozaukee, WI (CT)",1712,0,1712,4331,0,4331
55089610102,"Ozaukee, WI (CT)",1544,0,1544,3660,0,3660
55089620100,"Ozaukee, WI (CT)",766,1773,2539,1902,4177,6079
55089630100,"Ozaukee, WI (CT)",0,1339,1339,0,2655,2655
55089630201,"Ozaukee, WI (CT)",379,1677,2056,892,3851,4743
55089630202,"Ozaukee, WI (CT)",109,2063,2172,299,4903,5202
55089640100,"Ozaukee, WI (CT)",0,2676,2676,0,5700,5700
55089640200,"Ozaukee, WI (CT)",1099,2191,3290,2644,5146,7790
55089650101,"Ozaukee, WI (CT)",0,2639,2639,0,6516,6516
55089650102,"Ozaukee, WI (CT)",0,1210,1210,0,2761,2761
55089650200,"Ozaukee, WI (CT)",0,2259,2259,0,5038,5038
55089650300,"Ozaukee, WI (CT)",1511,421,1932,4095,1276,5371
55089660100,"Ozaukee, WI (CT)",0,1644,1644,0,3235,3235
55089660201,"Ozaukee, WI (CT)",768,662,1430,2068,1886,3954
55089660202,"Ozaukee, WI (CT)",639,1388,2027,1587,4091,5678
55089660301,"Ozaukee, WI (CT)",7,2416,2423,23,5676,5699
55089660303,"Ozaukee, WI (CT)",0,2209,2209,0,4822,4822
55089660304,"Ozaukee, WI (CT)",0,1166,1166,0,3161,3161
55089990000,"Ozaukee, WI (CT)",0,0,0,0,0,0
55091950100,"Pepin, WI (CT)",1713,0,1713,4051,0,4051
55091950200,"Pepin, WI (CT)",1866,0,1866,3418,0,3418
55093960100,"Pierce, WI (CT)",1270,0,1270,2843,0,2843
55093960200,"Pierce, WI (CT)",1944,472,2416,4897,1099,5996
55093960300,"Pierce, WI (CT)",0,1358,1358,0,5667,5667
55093960400,"Pierce, WI (CT)",0,2140,2140,0,5192,5192
55093960500,"Pierce, WI (CT)",1364,1847,3211,3660,4232,7892
55093960600,"Pierce, WI (CT)",2053,0,2053,4857,0,4857
55093960700,"Pierce, WI (CT)",799,1247,2046,2051,2823,4874
55093960800,"Pierce, WI (CT)",1638,0,1638,3698,0,3698
55095960100,"Polk, WI (CT)",2124,0,2124,3722,0,3722
55095960200,"Polk, WI (CT)",2166,0,2166,3796,0,3796
55095960300,"Polk, WI (CT)",3851,0,3851,5236,0,5236
55095960500,"Polk, WI (CT)",1570,0,1570,2951,0,2951
55095960600,"Polk, WI (CT)",1801,0,1801,2344,0,2344
55095960700,"Polk, WI (CT)",2639,352,2991,4989,814,5803
55095960800,"Polk, WI (CT)",1448,1326,2774,3686,2779,6465
55095960900,"Polk, WI (CT)",2899,0,2899,5215,0,5215
55095961000,"Polk, WI (CT)",944,1412,2356,1934,2832,4766
55095961100,"Polk, WI (CT)",1716,0,1716,3907,0,3907
55097960100,"Portage, WI (CT)",2132,0,2132,4495,0,4495
55097960200,"Portage, WI (CT)",1857,165,2022,4175,365,4540
55097960300,"Portage, WI (CT)",0,1863,1863,0,3918,3918
55097960400,"Portage, WI (CT)",0,1942,1942,0,7212,7212
55097960500,"Portage, WI (CT)",855,2143,2998,2105,4882,6987
55097960600,"Portage, WI (CT)",2185,0,2185,5249,0,5249
55097960701,"Portage, WI (CT)",134,1890,2024,373,5012,5385
55097960702,"Portage, WI (CT)",30,1433,1463,72,3288,3360
55097960800,"Portage, WI (CT)",0,2477,2477,0,5312,5312
55097960900,"Portage, WI (CT)",0,1520,1520,0,3420,3420
55097961000,"Portage, WI (CT)",0,1354,1354,0,2753,2753
55097961100,"Portage, WI (CT)",593,2432,3025,1415,4906,6321
55097961200,"Portage, WI (CT)",1020,1700,2720,2314,3722,6036
55097961300,"Portage, WI (CT)",2329,0,2329,5031,0,5031
55099970100,"Price, WI (CT)",2650,0,2650,2664,0,2664
55099970200,"Price, WI (CT)",1480,0,1480,2740,0,2740
55099970400,"Price, WI (CT)",1819,0,1819,1861,0,1861
55099970500,"Price, WI (CT)",1566,0,1566,2112,0,2112
55099970600,"Price, WI (CT)",1838,0,1838,2268,0,2268
55099970700,"Price, WI (CT)",1767,0,1767,2514,0,2514
55101000100,"Racine, WI (CT)",0,772,772,0,918,918
55101000200,"Racine, WI (CT)",0,2466,2466,0,5962,5962
55101000300,"Racine, WI (CT)",0,1429,1429,0,3648,3648
55101000400,"Racine, WI (CT)",0,1560,1560,0,3924,3924
55101000500,"Racine, WI (CT)",0,2063,2063,0,5269,5269
55101000600,"Racine, WI (CT)",0,2351,2351,0,5515,5515
55101000700,"Racine, WI (CT)",0,2435,2435,0,5608,5608
55101000800,"Racine, WI (CT)",0,1936,1936,0,4531,4531
55101000901,"Racine, WI (CT)",0,1589,1589,0,3783,3783
55101000903,"Racine, WI (CT)",0,1793,1793,0,4093,4093
55101000904,"Racine, WI (CT)",0,2211,2211,0,5392,5392
55101001001,"Racine, WI (CT)",0,1273,1273,0,2705,2705
55101001002,"Racine, WI (CT)",0,1170,1170,0,2635,2635
55101001003,"Racine, WI (CT)",0,1597,1597,0,3800,3800
55101001100,"Racine, WI (CT)",0,2727,2727,0,6192,6192
55101001201,"Racine, WI (CT)",0,1799,1799,0,3744,3744
55101001202,"Racine, WI (CT)",0,2514,2514,0,6512,6512
55101001301,"Racine, WI (CT)",0,1589,1589,0,3609,3609
55101001302,"Racine, WI (CT)",0,1795,1795,0,3997,3997
55101001400,"Racine, WI (CT)",0,3122,3122,0,6732,6732
55101001501,"Racine, WI (CT)",36,1436,1472,92,3687,3779
55101001502,"Racine, WI (CT)",177,2711,2888,322,6772,7094
55101001504,"Racine, WI (CT)",0,1039,1039,0,2781,2781
55101001505,"Racine, WI (CT)",0,1955,1955,0,4432,4432
55101001601,"Racine, WI (CT)",1590,929,2519,3724,2330,6054
55101001602,"Racine, WI (CT)",211,940,1151,565,2384,2949
55101001701,"Racine, WI (CT)",232,1508,1740,547,2898,3445
55101001702,"Racine, WI (CT)",80,2015,2095,190,6517,6707
55101001703,"Racine, WI (CT)",313,1516,1829,737,3634,4371
55101001705,"Racine, WI (CT)",0,2297,2297,0,5337,5337
55101001706,"Racine, WI (CT)",0,1910,1910,0,3675,3675
55101001801,"Racine, WI (CT)",153,1923,2076,310,4888,5198
55101001802,"Racine, WI (CT)",892,208,1100,2360,428,2788
55101001900,"Racine, WI (CT)",1476,0,1476,3870,0,3870
55101002001,"Racine, WI (CT)",160,1002,1162,440,2547,2987
55101002002,"Racine, WI (CT)",924,1037,1961,2472,2489,4961
55101002100,"Racine, WI (CT)",805,675,1480,1966,1358,3324
55101002401,"Racine, WI (CT)",98,2264,2362,210,5517,5727
55101002402,"Racine, WI (CT)",8,2377,2385,23,5093,5116
55101002600,"Racine, WI (CT)",813,1780,2593,2054,3685,5739
55101002701,"Racine, WI (CT)",0,1694,1694,0,4048,4048
55101002702,"Racine, WI (CT)",740,1605,2345,1965,3874,5839
55101002800,"Racine, WI (CT)",849,1524,2373,2145,3746,5891
55101980000,"Racine, WI (CT)",0,71,71,0,727,727
55101990000,"Racine, WI (CT)",0,0,0,0,0,0
55103970100,"Richland, WI (CT)",1496,0,1496,2858,0,2858
55103970200,"Richland, WI (CT)",2304,41,2345,4816,95,4911
55103970300,"Richland, WI (CT)",122,974,1096,290,2138,2428
55103970400,"Richland, WI (CT)",345,1520,1865,796,2788,3584
55103970500,"Richland, WI (CT)",2066,0,2066,4240,0,4240
55105000100,"Rock, WI (CT)",0,664,664,0,897,897
55105000200,"Rock, WI (CT)",0,1334,1334,0,2864,2864
55105000300,"Rock, WI (CT)",0,1163,1163,0,2705,2705
55105000400,"Rock, WI (CT)",0,1618,1618,0,3736,3736
55105000500,"Rock, WI (CT)",0,1967,1967,0,4287,4287
55105000600,"Rock, WI (CT)",0,1479,1479,0,3295,3295
55105000700,"Rock, WI (CT)",0,1935,1935,0,3960,3960
55105000800,"Rock, WI (CT)",0,1738,1738,0,3856,3856
55105000900,"Rock, WI (CT)",0,1332,1332,0,2790,2790
55105001000,"Rock, WI (CT)",0,1568,1568,0,3279,3279
55105001100,"Rock, WI (CT)",0,2241,2241,0,5479,5479
55105001201,"Rock, WI (CT)",658,1509,2167,1605,3936,5541
55105001202,"Rock, WI (CT)",1240,975,2215,2961,2797,5758
55105001302,"Rock, WI (CT)",280,2529,2809,623,6041,6664
55105001303,"Rock, WI (CT)",564,1102,1666,1533,3070,4603
55105001304,"Rock, WI (CT)",37,3687,3724,85,7999,8084
55105001400,"Rock, WI (CT)",531,1912,2443,1265,4545,5810
55105001500,"Rock, WI (CT)",0,714,714,0,2326,2326
55105001600,"Rock, WI (CT)",0,2064,2064,0,5050,5050
55105001700,"Rock, WI (CT)",0,2104,2104,0,5385,5385
55105001800,"Rock, WI (CT)",0,1643,1643,0,4147,4147
55105001900,"Rock, WI (CT)",0,1101,1101,0,2734,2734
55105002000,"Rock, WI (CT)",0,1611,1611,0,3848,3848
55105002100,"Rock, WI (CT)",0,1645,1645,0,3834,3834
55105002200,"Rock, WI (CT)",651,277,928,1654,653,2307
55105002300,"Rock, WI (CT)",0,852,852,0,1871,1871
55105002400,"Rock, WI (CT)",53,1505,1558,124,3406,3530
55105002500,"Rock, WI (CT)",0,1195,1195,0,2595,2595
55105002601,"Rock, WI (CT)",76,2244,2320,185,5287,5472
55105002602,"Rock, WI (CT)",553,1198,1751,1314,2603,3917
55105002700,"Rock, WI (CT)",1026,0,1026,2571,0,2571
55105002800,"Rock, WI (CT)",2082,48,2130,5119,82,5201
55105002900,"Rock, WI (CT)",964,2313,3277,2389,5669,8058
55105003001,"Rock, WI (CT)",48,2227,2275,120,4917,5037
55105003002,"Rock, WI (CT)",1335,1084,2419,2848,2148,4996
55105003100,"Rock, WI (CT)",921,2365,3286,2075,5506,7581
55105003200,"Rock, WI (CT)",1054,0,1054,2663,0,2663
55105003300,"Rock, WI (CT)",1406,0,1406,3600,0,3600
55107960100,"Rusk, WI (CT)",2378,71,2449,3633,159,3792
55107960200,"Rusk, WI (CT)",1377,0,1377,2028,0,2028
55107960300,"Rusk, WI (CT)",1813,0,1813,2245,0,2245
55107960400,"Rusk, WI (CT)",1458,0,1458,2981,0,2981
55107960500,"Rusk, WI (CT)",176,1610,1786,419,3290,3709
55109120100,"St. Croix, WI (CT)",0,932,932,0,2033,2033
55109120201,"St. Croix, WI (CT)",0,2448,2448,0,5861,5861
55109120202,"St. Croix, WI (CT)",1209,421,1630,3827,1334,5161
55109120300,"St. Croix, WI (CT)",416,1837,2253,1165,4629,5794
55109120400,"St. Croix, WI (CT)",2906,1186,4092,7758,2755,10513
55109120501,"St. Croix, WI (CT)",484,1832,2316,1292,4153,5445
55109120502,"St. Croix, WI (CT)",405,1817,2222,1079,4122,5201
55109120600,"St. Croix, WI (CT)",2935,52,2987,7444,125,7569
55109120700,"St. Croix, WI (CT)",1912,0,1912,4569,0,4569
55109120800,"St. Croix, WI (CT)",1737,1699,3436,4451,3890,8341
55109120901,"St. Croix, WI (CT)",324,1519,1843,808,3313,4121
55109120903,"St. Croix, WI (CT)",1255,2455,3710,3269,5340,8609
55109120904,"St. Croix, WI (CT)",1464,1,1465,4032,4,4036
55109121000,"St. Croix, WI (CT)",1962,775,2737,5151,1941,7092
55111000100,"Sauk, WI (CT)",1754,2260,4014,3539,3077,6616
55111000200,"Sauk, WI (CT)",2191,0,2191,4901,0,4901
55111000300,"Sauk, WI (CT)",392,2799,3191,916,5869,6785
55111000401,"Sauk, WI (CT)",127,2269,2396,283,4864,5147
55111000402,"Sauk, WI (CT)",250,1257,1507,554,2910,3464
55111000500,"Sauk, WI (CT)",1794,55,1849,3222,116,3338
55111000600,"Sauk, WI (CT)",743,2085,2828,1758,4820,6578
55111000700,"Sauk, WI (CT)",81,1142,1223,195,2530,2725
55111000800,"Sauk, WI (CT)",1822,0,1822,3873,0,3873
55111000900,"Sauk, WI (CT)",2507,172,2679,4467,325,4792
55111001001,"Sauk, WI (CT)",216,2725,2941,502,6240,6742
55111001002,"Sauk, WI (CT)",98,1205,1303,256,2625,2881
55111001100,"Sauk, WI (CT)",1764,0,1764,4134,0,4134
55113100300,"Sawyer, WI (CT)",909,1373,2282,1968,2616,4584
55113100400,"Sawyer, WI (CT)",3039,0,3039,2205,0,2205
55113100500,"Sawyer, WI (CT)",4436,0,4436,3394,0,3394
55113100700,"Sawyer, WI (CT)",1372,0,1372,1654,0,1654
55113100800,"Sawyer, WI (CT)",2263,0,2263,1658,0,1658
55113940000,"Sawyer, WI (CT)",2583,0,2583,3062,0,3062
55115100100,"Shawano, WI (CT)",984,410,1394,2260,537,2797
55115100200,"Shawano, WI (CT)",1205,572,1777,1274,522,1796
55115100300,"Shawano, WI (CT)",1723,251,1974,3185,487,3672
55115100400,"Shawano, WI (CT)",66,2130,2196,112,4537,4649
55115100500,"Shawano, WI (CT)",312,1947,2259,457,4442,4899
55115100600,"Shawano, WI (CT)",2089,0,2089,4240,0,4240
55115100700,"Shawano, WI (CT)",1722,0,1722,3423,0,3423
55115100800,"Shawano, WI (CT)",2228,0,2228,4860,0,4860
55115100900,"Shawano, WI (CT)",1996,0,1996,3820,0,3820
55115101000,"Shawano, WI (CT)",1523,1,1524,3799,2,3801
55115101100,"Shawano, WI (CT)",1496,65,1561,3777,215,3992
55117000100,"Sheboygan, WI (CT)",0,1558,1558,0,3827,3827
55117000201,"Sheboygan, WI (CT)",0,1214,1214,0,2912,2912
55117000202,"Sheboygan, WI (CT)",0,2008,2008,0,4149,4149
55117000300,"Sheboygan, WI (CT)",0,3236,3236,0,7111,7111
55117000400,"Sheboygan, WI (CT)",0,2026,2026,0,4412,4412
55117000500,"Sheboygan, WI (CT)",0,1969,1969,0,3898,3898
55117000800,"Sheboygan, WI (CT)",0,2374,2374,0,5397,5397
55117000900,"Sheboygan, WI (CT)",0,2379,2379,0,5126,5126
55117001000,"Sheboygan, WI (CT)",0,3187,3187,0,7415,7415
55117001100,"Sheboygan, WI (CT)",0,1657,1657,0,3627,3627
55117010100,"Sheboygan, WI (CT)",612,18,630,1489,42,1531
55117010200,"Sheboygan, WI (CT)",386,1234,1620,1523,3075,4598
55117010300,"Sheboygan, WI (CT)",1771,0,1771,3101,0,3101
55117010400,"Sheboygan, WI (CT)",1054,0,1054,2622,0,2622
55117010501,"Sheboygan, WI (CT)",680,2834,3514,1627,6287,7914
55117010502,"Sheboygan, WI (CT)",318,1336,1654,966,2512,3478
55117010601,"Sheboygan, WI (CT)",0,2589,2589,0,5594,5594
55117010602,"Sheboygan, WI (CT)",699,1085,1784,1651,2142,3793
55117010700,"Sheboygan, WI (CT)",261,3061,3322,691,7511,8202
55117010800,"Sheboygan, WI (CT)",425,1083,1508,877,2630,3507
55117010900,"Sheboygan, WI (CT)",1185,75,1260,3067,141,3208
55117011000,"Sheboygan, WI (CT)",1192,0,1192,2754,0,2754
55117011100,"Sheboygan, WI (CT)",1238,0,1238,4171,0,4171
55117011200,"Sheboygan, WI (CT)",1541,0,1541,3615,0,3615
55117011300,"Sheboygan, WI (CT)",2056,1034,3090,4517,2604,7121
55117011400,"Sheboygan, WI (CT)",0,1391,1391,0,2424,2424
55117990000,"Sheboygan, WI (CT)",0,0,0,0,0,0
55119960100,"Taylor, WI (CT)",2299,0,2299,4290,0,4290
55119960200,"Taylor, WI (CT)",1711,0,1711,2331,0,2331
55119960300,"Taylor, WI (CT)",1596,0,1596,3001,0,3001
55119960400,"Taylor, WI (CT)",1461,842,2303,3271,1582,4853
55119960500,"Taylor, WI (CT)",158,1142,1300,325,2464,2789
55119960600,"Taylor, WI (CT)",1373,0,1373,3425,0,3425
55121100100,"Trempealeau, WI (CT)",1408,0,1408,3262,0,3262
55121100200,"Trempealeau, WI (CT)",1405,0,1405,3309,0,3309
55121100300,"Trempealeau, WI (CT)",1152,0,1152,2455,0,2455
55121100400,"Trempealeau, WI (CT)",1638,0,1638,3912,0,3912
55121100500,"Trempealeau, WI (CT)",1373,0,1373,3091,0,3091
55121100600,"Trempealeau, WI (CT)",434,1235,1669,1079,2993,4072
55121100700,"Trempealeau, WI (CT)",2295,0,2295,5045,0,5045
55121100800,"Trempealeau, WI (CT)",1679,0,1679,3670,0,3670
55123960100,"Vernon, WI (CT)",1828,0,1828,4266,0,4266
55123960200,"Vernon, WI (CT)",1814,0,1814,4186,0,4186
55123960300,"Vernon, WI (CT)",1861,0,1861,4307,0,4307
55123960400,"Vernon, WI (CT)",360,2043,2403,793,4083,4876
55123960500,"Vernon, WI (CT)",1713,0,1713,3507,0,3507
55123960600,"Vernon, WI (CT)",1959,4,1963,4600,14,4614
55123960700,"Vernon, WI (CT)",2077,61,2138,3854,163,4017
55125940000,"Vilas, WI (CT)",3441,0,3441,3473,0,3473
55125950200,"Vilas, WI (CT)",5045,0,5045,4140,0,4140
55125950500,"Vilas, WI (CT)",5481,0,5481,5772,0,5772
55125950600,"Vilas, WI (CT)",7404,0,7404,3739,0,3739
55125950700,"Vilas, WI (CT)",3745,0,3745,4306,0,4306
55127000101,"Walworth, WI (CT)",641,2124,2765,1061,4942,6003
55127000102,"Walworth, WI (CT)",641,406,1047,1470,928,2398
55127000200,"Walworth, WI (CT)",2379,311,2690,5768,788,6556
55127000301,"Walworth, WI (CT)",1757,1,1758,3140,0,3140
55127000302,"Walworth, WI (CT)",2745,695,3440,4546,1679,6225
55127000400,"Walworth, WI (CT)",64,1680,1744,158,3697,3855
55127000501,"Walworth, WI (CT)",0,1212,1212,0,3766,3766
55127000502,"Walworth, WI (CT)",48,1553,1601,144,3531,3675
55127000600,"Walworth, WI (CT)",1537,751,2288,3696,1945,5641
55127000701,"Walworth, WI (CT)",160,1459,1619,301,3820,4121
55127000702,"Walworth, WI (CT)",77,1958,2035,97,4516,4613
55127000800,"Walworth, WI (CT)",1891,1604,3495,2685,1889,4574
55127000901,"Walworth, WI (CT)",229,2259,2488,596,5381,5977
55127000902,"Walworth, WI (CT)",0,1432,1432,0,3430,3430
55127001000,"Walworth, WI (CT)",1712,288,2000,4047,1194,5241
55127001501,"Walworth, WI (CT)",1066,1181,2247,1049,2026,3075
55127001502,"Walworth, WI (CT)",19,3023,3042,40,5339,5379
55127001602,"Walworth, WI (CT)",1036,3393,4429,1081,4562,5643
55127001603,"Walworth, WI (CT)",299,1266,1565,519,2168,2687
55127001604,"Walworth, WI (CT)",1214,2707,3921,699,4357,5056
55127001701,"Walworth, WI (CT)",705,1886,2591,1680,4131,5811
55127001702,"Walworth, WI (CT)",897,1225,2122,2182,3180,5362
55129950100,"Washburn, WI (CT)",2421,0,2421,2044,0,2044
55129950200,"Washburn, WI (CT)",2157,0,2157,1767,0,1767
55129950300,"Washburn, WI (CT)",2348,0,2348,2691,0,2691
55129950500,"Washburn, WI (CT)",2080,1256,3336,2492,2608,5100
55129950600,"Washburn, WI (CT)",2692,25,2717,4244,65,4309
55131400102,"Washington, WI (CT)",57,1458,1515,163,3768,3931
55131400103,"Washington, WI (CT)",1543,0,1543,4014,0,4014
55131400104,"Washington, WI (CT)",1490,753,2243,3869,1846,5715
55131410100,"Washington, WI (CT)",426,1696,2122,1051,4006,5057
55131420103,"Washington, WI (CT)",654,2202,2856,1583,4456,6039
55131420104,"Washington, WI (CT)",853,1451,2304,2213,2883,5096
55131420105,"Washington, WI (CT)",0,1845,1845,0,4671,4671
55131420106,"Washington, WI (CT)",0,1402,1402,0,3619,3619
55131420200,"Washington, WI (CT)",0,2418,2418,0,5408,5408
55131420300,"Washington, WI (CT)",0,2398,2398,0,5873,5873
55131420401,"Washington, WI (CT)",0,993,993,0,1933,1933
55131420402,"Washington, WI (CT)",0,1117,1117,0,2093,2093
55131430100,"Washington, WI (CT)",2144,0,2144,5664,0,5664
55131440103,"Washington, WI (CT)",263,1645,1908,644,4183,4827
55131440104,"Washington, WI (CT)",175,2161,2336,393,5221,5614
55131440105,"Washington, WI (CT)",575,812,1387,1304,2034,3338
55131440106,"Washington, WI (CT)",1485,0,1485,3747,0,3747
55131440200,"Washington, WI (CT)",0,1846,1846,0,4040,4040
55131450103,"Washington, WI (CT)",493,1695,2188,1321,3788,5109
55131450104,"Washington, WI (CT)",959,1618,2577,2593,3671,6264
55131450105,"Washington, WI (CT)",860,201,1061,2185,403,2588
55131450106,"Washington, WI (CT)",525,1960,2485,1396,4548,5944
55131460101,"Washington, WI (CT)",1274,1111,2385,3428,2834,6262
55131460102,"Washington, WI (CT)",861,1092,1953,2210,2828,5038
55131470100,"Washington, WI (CT)",873,1208,2081,2260,2897,5157
55131470202,"Washington, WI (CT)",0,2493,2493,0,6278,6278
55131470203,"Washington, WI (CT)",178,2042,2220,432,3810,4242
55131470204,"Washington, WI (CT)",50,1340,1390,131,4195,4326
55133200101,"Waukesha, WI (CT)",0,1894,1894,0,4480,4480
55133200102,"Waukesha, WI (CT)",0,2385,2385,0,4852,4852
55133200103,"Waukesha, WI (CT)",0,1327,1327,0,3122,3122
55133200201,"Waukesha, WI (CT)",0,1920,1920,0,3595,3595
55133200202,"Waukesha, WI (CT)",0,1989,1989,0,4206,4206
55133200300,"Waukesha, WI (CT)",773,910,1683,1977,2201,4178
55133200400,"Waukesha, WI (CT)",144,2275,2419,349,6233,6582
55133200500,"Waukesha, WI (CT)",0,2023,2023,0,5667,5667
55133200600,"Waukesha, WI (CT)",0,925,925,0,1841,1841
55133200700,"Waukesha, WI (CT)",0,1530,1530,0,3808,3808
55133200801,"Waukesha, WI (CT)",61,1715,1776,154,4960,5114
55133200803,"Waukesha, WI (CT)",59,1773,1832,181,4312,4493
55133200804,"Waukesha, WI (CT)",0,1747,1747,0,3624,3624
55133200901,"Waukesha, WI (CT)",0,1578,1578,0,3932,3932
55133200902,"Waukesha, WI (CT)",0,1533,1533,0,4005,4005
55133201000,"Waukesha, WI (CT)",0,2559,2559,0,6027,6027
55133201101,"Waukesha, WI (CT)",0,2012,2012,0,4656,4656
55133201102,"Waukesha, WI (CT)",0,1144,1144,0,2867,2867
55133201201,"Waukesha, WI (CT)",0,772,772,0,2119,2119
55133201202,"Waukesha, WI (CT)",0,2551,2551,0,6032,6032
55133201203,"Waukesha, WI (CT)",0,1452,1452,0,3233,3233
55133201300,"Waukesha, WI (CT)",343,1756,2099,850,4005,4855
55133201402,"Waukesha, WI (CT)",0,2199,2199,0,4656,4656
55133201403,"Waukesha, WI (CT)",0,2021,2021,0,4265,4265
55133201404,"Waukesha, WI (CT)",0,1675,1675,0,3844,3844
55133201503,"Waukesha, WI (CT)",0,2674,2674,0,6647,6647
55133201504,"Waukesha, WI (CT)",0,2367,2367,0,6210,6210
55133201505,"Waukesha, WI (CT)",0,1128,1128,0,2936,2936
55133201506,"Waukesha, WI (CT)",0,2193,2193,0,4697,4697
55133201600,"Waukesha, WI (CT)",566,1358,1924,1473,3644,5117
55133201701,"Waukesha, WI (CT)",0,1921,1921,0,4594,4594
55133201703,"Waukesha, WI (CT)",0,2515,2515,0,6097,6097
55133201704,"Waukesha, WI (CT)",190,1735,1925,541,4665,5206
55133201800,"Waukesha, WI (CT)",0,572,572,0,1503,1503
55133201900,"Waukesha, WI (CT)",374,1536,1910,1011,4158,5169
55133202001,"Waukesha, WI (CT)",1294,594,1888,3438,1557,4995
55133202002,"Waukesha, WI (CT)",537,991,1528,1442,2588,4030
55133202101,"Waukesha, WI (CT)",98,1341,1439,303,3791,4094
55133202102,"Waukesha, WI (CT)",137,1658,1795,376,4274,4650
55133202103,"Waukesha, WI (CT)",151,1144,1295,408,3001,3409
55133202201,"Waukesha, WI (CT)",0,1528,1528,0,4329,4329
55133202202,"Waukesha, WI (CT)",0,2840,2840,0,5774,5774
55133202301,"Waukesha, WI (CT)",0,1797,1797,0,4494,4494
55133202302,"Waukesha, WI (CT)",0,2787,2787,0,6832,6832
55133202400,"Waukesha, WI (CT)",0,1871,1871,0,5003,5003
55133202500,"Waukesha, WI (CT)",0,1734,1734,0,3998,3998
55133202600,"Waukesha, WI (CT)",0,1198,1198,0,3498,3498
55133202700,"Waukesha, WI (CT)",0,1144,1144,0,1552,1552
55133202800,"Waukesha, WI (CT)",0,1663,1663,0,4219,4219
55133202901,"Waukesha, WI (CT)",0,1978,1978,0,4452,4452
55133202902,"Waukesha, WI (CT)",0,1830,1830,0,3513,3513
55133203000,"Waukesha, WI (CT)",0,1033,1033,0,2641,2641
55133203101,"Waukesha, WI (CT)",0,2784,2784,0,6536,6536
55133203102,"Waukesha, WI (CT)",99,2780,2879,169,6532,6701
55133203103,"Waukesha, WI (CT)",0,2034,2034,0,4528,4528
55133203200,"Waukesha, WI (CT)",0,1844,1844,0,4106,4106
55133203303,"Waukesha, WI (CT)",219,1557,1776,647,3102,3749
55133203304,"Waukesha, WI (CT)",0,1705,1705,0,4037,4037
55133203305,"Waukesha, WI (CT)",0,1950,1950,0,4328,4328
55133203306,"Waukesha, WI (CT)",0,2972,2972,0,5889,5889
55133203402,"Waukesha, WI (CT)",0,1653,1653,0,4011,4011
55133203403,"Waukesha, WI (CT)",50,2042,2092,164,5340,5504
55133203404,"Waukesha, WI (CT)",0,1466,1466,0,3035,3035
55133203405,"Waukesha, WI (CT)",48,1240,1288,160,3979,4139
55133203406,"Waukesha, WI (CT)",560,1697,2257,1504,4921,6425
55133203500,"Waukesha, WI (CT)",905,1799,2704,1882,4681,6563
55133203601,"Waukesha, WI (CT)",30,1936,1966,82,4020,4102
55133203602,"Waukesha, WI (CT)",0,2178,2178,0,5897,5897
55133203702,"Waukesha, WI (CT)",1005,855,1860,2768,2278,5046
55133203703,"Waukesha, WI (CT)",18,1222,1240,47,3772,3819
55133203704,"Waukesha, WI (CT)",28,1830,1858,74,4395,4469
55133203802,"Waukesha, WI (CT)",732,1372,2104,2041,4104,6145
55133203803,"Waukesha, WI (CT)",535,930,1465,1416,2529,3945
55133203804,"Waukesha, WI (CT)",836,1874,2710,2183,5027,7210
55133203901,"Waukesha, WI (CT)",111,1718,1829,327,4205,4532
55133203902,"Waukesha, WI (CT)",33,1801,1834,93,4215,4308
55133204002,"Waukesha, WI (CT)",949,1120,2069,2513,2966,5479
55133204003,"Waukesha, WI (CT)",352,1193,1545,884,2942,3826
55133204004,"Waukesha, WI (CT)",1334,385,1719,3414,965,4379
55133204100,"Waukesha, WI (CT)",957,1123,2080,2314,2718,5032
55133204200,"Waukesha, WI (CT)",38,2857,2895,93,7104,7197
55133204301,"Waukesha, WI (CT)",137,1906,2043,338,4514,4852
55133204302,"Waukesha, WI (CT)",0,1674,1674,0,3755,3755
55133204400,"Waukesha, WI (CT)",86,980,1066,223,1856,2079
55133204501,"Waukesha, WI (CT)",873,53,926,2351,144,2495
55133204502,"Waukesha, WI (CT)",122,2755,2877,255,5806,6061
55135100100,"Waupaca, WI (CT)",1652,32,1684,3745,112,3857
55135100200,"Waupaca, WI (CT)",1473,0,1473,2813,0,2813
55135100300,"Waupaca, WI (CT)",2007,0,2007,3847,0,3847
55135100400,"Waupaca, WI (CT)",2211,0,2211,4413,0,4413
55135100500,"Waupaca, WI (CT)",810,677,1487,1548,1472,3020
55135100600,"Waupaca, WI (CT)",2492,385,2877,4615,533,5148
55135100700,"Waupaca, WI (CT)",1450,91,1541,3194,165,3359
55135100800,"Waupaca, WI (CT)",2126,111,2237,4404,307,4711
55135100900,"Waupaca, WI (CT)",170,2624,2794,400,5703,6103
55135101000,"Waupaca, WI (CT)",276,2626,2902,657,5585,6242
55135101100,"Waupaca, WI (CT)",267,2167,2434,619,4369,4988
55135101200,"Waupaca, WI (CT)",1691,58,1749,3780,129,3909
55137960100,"Waushara, WI (CT)",1680,0,1680,2927,0,2927
55137960200,"Waushara, WI (CT)",3374,0,3374,3841,0,3841
55137960300,"Waushara, WI (CT)",1765,0,1765,3249,0,3249
55137960400,"Waushara, WI (CT)",2252,0,2252,3456,0,3456
55137960600,"Waushara, WI (CT)",1745,22,1767,2015,34,2049
55137960700,"Waushara, WI (CT)",1713,0,1713,4459,0,4459
55137960800,"Waushara, WI (CT)",1102,1190,2292,1976,2539,4515
55139000100,"Winnebago, WI (CT)",0,1309,1309,0,2935,2935
55139000200,"Winnebago, WI (CT)",0,1397,1397,0,2559,2559
55139000300,"Winnebago, WI (CT)",0,1881,1881,0,4151,4151
55139000400,"Winnebago, WI (CT)",0,1324,1324,0,2701,2701
55139000500,"Winnebago, WI (CT)",0,2947,2947,0,6131,6131
55139000700,"Winnebago, WI (CT)",0,872,872,0,5503,5503
55139000800,"Winnebago, WI (CT)",0,1576,1576,0,3117,3117
55139000900,"Winnebago, WI (CT)",0,1499,1499,0,3276,3276
55139001000,"Winnebago, WI (CT)",0,1400,1400,0,2718,2718
55139001100,"Winnebago, WI (CT)",0,2121,2121,0,4215,4215
55139001200,"Winnebago, WI (CT)",0,991,991,0,2028,2028
55139001300,"Winnebago, WI (CT)",0,1207,1207,0,2664,2664
55139001400,"Winnebago, WI (CT)",0,1965,1965,0,3983,3983
55139001500,"Winnebago, WI (CT)",0,1541,1541,0,3168,3168
55139001600,"Winnebago, WI (CT)",92,1221,1313,189,3850,4039
55139001700,"Winnebago, WI (CT)",445,847,1292,989,4321,5310
55139001801,"Winnebago, WI (CT)",101,2055,2156,220,5273,5493
55139001803,"Winnebago, WI (CT)",130,2689,2819,341,5396,5737
55139001804,"Winnebago, WI (CT)",2,1649,1651,5,4470,4475
55139001900,"Winnebago, WI (CT)",1175,1170,2345,2814,2202,5016
55139002000,"Winnebago, WI (CT)",1445,1566,3011,3343,3589,6932
55139002100,"Winnebago, WI (CT)",1687,0,1687,3572,0,3572
55139002201,"Winnebago, WI (CT)",624,1746,2370,1204,3529,4733
55139002202,"Winnebago, WI (CT)",1599,0,1599,2952,0,2952
55139002300,"Winnebago, WI (CT)",1936,119,2055,5030,258,5288
55139002400,"Winnebago, WI (CT)",152,4308,4460,337,9537,9874
55139002500,"Winnebago, WI (CT)",0,2478,2478,0,5045,5045
55139002601,"Winnebago, WI (CT)",0,1812,1812,0,3916,3916
55139002602,"Winnebago, WI (CT)",0,2018,2018,0,4543,4543
55139002700,"Winnebago, WI (CT)",0,1090,1090,0,2504,2504
55139002800,"Winnebago, WI (CT)",0,2136,2136,0,4594,4594
55139002900,"Winnebago, WI (CT)",0,1195,1195,0,2341,2341
55139003000,"Winnebago, WI (CT)",0,727,727,0,1601,1601
55139003100,"Winnebago, WI (CT)",0,956,956,0,2108,2108
55139003200,"Winnebago, WI (CT)",0,990,990,0,2305,2305
55139003300,"Winnebago, WI (CT)",0,1336,1336,0,2816,2816
55139003400,"Winnebago, WI (CT)",0,1828,1828,0,3911,3911
55139003500,"Winnebago, WI (CT)",0,1543,1543,0,3064,3064
55139003600,"Winnebago, WI (CT)",0,1585,1585,0,4138,4138
55139003701,"Winnebago, WI (CT)",0,1635,1635,0,3690,3690
55139003702,"Winnebago, WI (CT)",593,2619,3212,1433,6415,7848
55141010100,"Wood, WI (CT)",1872,0,1872,4710,0,4710
55141010200,"Wood, WI (CT)",404,1916,2320,1002,3965,4967
55141010300,"Wood, WI (CT)",0,1549,1549,0,2963,2963
55141010400,"Wood, WI (CT)",49,1587,1636,134,3266,3400
55141010500,"Wood, WI (CT)",0,1548,1548,0,3311,3311
55141010600,"Wood, WI (CT)",0,2353,2353,0,4469,4469
55141010700,"Wood, WI (CT)",1702,302,2004,4323,753,5076
55141010800,"Wood, WI (CT)",1482,0,1482,2888,0,2888
55141010900,"Wood, WI (CT)",1716,2,1718,4084,4,4088
55141011000,"Wood, WI (CT)",354,2263,2617,763,4932,5695
55141011100,"Wood, WI (CT)",833,735,1568,1916,1607,3523
55141011200,"Wood, WI (CT)",217,1769,1986,477,3434,3911
55141011300,"Wood, WI (CT)",48,2130,2178,108,4499,4607
55141011400,"Wood, WI (CT)",50,2614,2664,104,5204,5308
55141011500,"Wood, WI (CT)",383,1973,2356,998,4947,5945
55141011600,"Wood, WI (CT)",2211,0,2211,5148,0,5148
55141011700,"Wood, WI (CT)",334,1692,2026,765,3975,4740
56001962700,"Albany, WY (CT)",838,646,1484,1903,1465,3368
56001962800,"Albany, WY (CT)",0,1563,1563,0,3285,3285
56001962900,"Albany, WY (CT)",0,924,924,0,1809,1809
56001963000,"Albany, WY (CT)",0,1307,1307,0,2509,2509
56001963100,"Albany, WY (CT)",0,3342,3342,0,7020,7020
56001963400,"Albany, WY (CT)",0,1904,1904,0,3498,3498
56001963500,"Albany, WY (CT)",0,498,498,0,2826,2826
56001963600,"Albany, WY (CT)",0,2286,2286,0,4617,4617
56001963700,"Albany, WY (CT)",115,2346,2461,290,4936,5226
56001963900,"Albany, WY (CT)",2170,0,2170,2141,0,2141
56003962600,"Big Horn, WY (CT)",1348,0,1348,2542,0,2542
56003962700,"Big Horn, WY (CT)",1641,0,1641,3555,0,3555
56003962800,"Big Horn, WY (CT)",2390,0,2390,5571,0,5571
56005000100,"Campbell, WY (CT)",2651,1069,3720,6558,2366,8924
56005000200,"Campbell, WY (CT)",383,2069,2452,1018,5423,6441
56005000300,"Campbell, WY (CT)",21,2256,2277,46,5441,5487
56005000400,"Campbell, WY (CT)",0,2086,2086,0,4394,4394
56005000500,"Campbell, WY (CT)",258,2065,2323,753,5612,6365
56005000600,"Campbell, WY (CT)",145,2338,2483,395,5299,5694
56005000700,"Campbell, WY (CT)",1907,1707,3614,4642,4186,8828
56007967600,"Carbon, WY (CT)",1048,0,1048,1683,643,2326
56007967700,"Carbon, WY (CT)",1,1915,1916,2,4411,4413
56007967800,"Carbon, WY (CT)",59,2075,2134,108,4218,4326
56007968000,"Carbon, WY (CT)",2239,0,2239,3181,0,3181
56007968100,"Carbon, WY (CT)",1239,0,1239,1639,0,1639
56009956400,"Converse, WY (CT)",344,1956,2300,762,4217,4979
56009956500,"Converse, WY (CT)",372,812,1184,924,1883,2807
56009956600,"Converse, WY (CT)",1564,35,1599,3119,75,3194
56009956700,"Converse, WY (CT)",1320,0,1320,2853,0,2853
56011950200,"Crook, WY (CT)",2222,0,2222,4481,0,4481
56011950300,"Crook, WY (CT)",1373,0,1373,2602,0,2602
56013000100,"Fremont, WY (CT)",399,1293,1692,912,3061,3973
56013000200,"Fremont, WY (CT)",105,1597,1702,229,3366,3595
56013000300,"Fremont, WY (CT)",2077,384,2461,3624,798,4422
56013000400,"Fremont, WY (CT)",1492,0,1492,1803,0,1803
56013940100,"Fremont, WY (CT)",1345,0,1345,3951,0,3951
56013940201,"Fremont, WY (CT)",1648,28,1676,3796,96,3892
56013940202,"Fremont, WY (CT)",1565,0,1565,4832,0,4832
56013940300,"Fremont, WY (CT)",227,2003,2230,520,4995,5515
56013940400,"Fremont, WY (CT)",420,1950,2370,966,4599,5565
56013940500,"Fremont, WY (CT)",0,1263,1263,0,2575,2575
56015957700,"Goshen, WY (CT)",932,0,932,1796,0,1796
56015957800,"Goshen, WY (CT)",323,1253,1576,740,2837,3577
56015957900,"Goshen, WY (CT)",228,1816,2044,986,3875,4861
56015958000,"Goshen, WY (CT)",1219,201,1420,2572,443,3015
56017967800,"Hot Springs, WY (CT)",0,1583,1583,0,2956,2956
56017967900,"Hot Springs, WY (CT)",800,199,999,1515,341,1856
56019955100,"Johnson, WY (CT)",1569,0,1569,2475,0,2475
56019955200,"Johnson, WY (CT)",876,2108,2984,1726,4368,6094
56021000200,"Laramie, WY (CT)",0,2208,2208,0,4588,4588
56021000300,"Laramie, WY (CT)",0,1442,1442,0,3769,3769
56021000401,"Laramie, WY (CT)",184,1757,1941,470,4156,4626
56021000402,"Laramie, WY (CT)",1,2197,2198,1,5107,5108
56021000501,"Laramie, WY (CT)",0,3221,3221,0,8164,8164
56021000600,"Laramie, WY (CT)",0,2839,2839,0,5968,5968
56021000700,"Laramie, WY (CT)",0,2501,2501,0,4338,4338
56021000800,"Laramie, WY (CT)",0,868,868,0,1835,1835
56021000900,"Laramie, WY (CT)",0,1458,1458,0,2768,2768
56021001000,"Laramie, WY (CT)",0,1654,1654,0,3026,3026
56021001100,"Laramie, WY (CT)",0,935,935,0,3072,3072
56021001200,"Laramie, WY (CT)",0,2307,2307,0,5030,5030
56021001300,"Laramie, WY (CT)",155,3005,3160,389,6690,7079
56021001401,"Laramie, WY (CT)",0,1629,1629,0,3984,3984
56021001402,"Laramie, WY (CT)",328,682,1010,868,1648,2516
56021001501,"Laramie, WY (CT)",294,1746,2040,737,4028,4765
56021001502,"Laramie, WY (CT)",0,2347,2347,0,4899,4899
56021001901,"Laramie, WY (CT)",1762,57,1819,4749,142,4891
56021001902,"Laramie, WY (CT)",1722,118,1840,3900,282,4182
56021002000,"Laramie, WY (CT)",2998,47,3045,7036,94,7130
56021980801,"Laramie, WY (CT)",0,0,0,0,0,0
56023978000,"Lincoln, WY (CT)",3721,0,3721,6801,0,6801
56023978100,"Lincoln, WY (CT)",2395,0,2395,5777,0,5777
56023978200,"Lincoln, WY (CT)",1143,0,1143,1994,0,1994
56023978400,"Lincoln, WY (CT)",161,1526,1687,407,3127,3534
56025000200,"Natrona, WY (CT)",0,2303,2303,0,4385,4385
56025000300,"Natrona, WY (CT)",0,2176,2176,0,3946,3946
56025000400,"Natrona, WY (CT)",0,1909,1909,0,4185,4185
56025000501,"Natrona, WY (CT)",0,2571,2571,0,5180,5180
56025000502,"Natrona, WY (CT)",0,1183,1183,0,2776,2776
56025000600,"Natrona, WY (CT)",44,3151,3195,96,7239,7335
56025000700,"Natrona, WY (CT)",0,1326,1326,0,2773,2773
56025000800,"Natrona, WY (CT)",0,1776,1776,0,3771,3771
56025000901,"Natrona, WY (CT)",0,1951,1951,0,4708,4708
56025000902,"Natrona, WY (CT)",0,1497,1497,0,3933,3933
56025001000,"Natrona, WY (CT)",0,1863,1863,0,4786,4786
56025001100,"Natrona, WY (CT)",171,972,1143,401,2024,2425
56025001200,"Natrona, WY (CT)",54,875,929,373,1823,2196
56025001401,"Natrona, WY (CT)",2107,143,2250,5227,393,5620
56025001602,"Natrona, WY (CT)",41,2279,2320,97,5499,5596
56025001603,"Natrona, WY (CT)",321,898,1219,771,2446,3217
56025001700,"Natrona, WY (CT)",101,1631,1732,223,4259,4482
56025001800,"Natrona, WY (CT)",2289,175,2464,3714,422,4136
56027957200,"Niobrara, WY (CT)",1338,0,1338,2484,0,2484
56029965100,"Park, WY (CT)",2030,82,2112,4789,210,4999
56029965200,"Park, WY (CT)",38,2578,2616,79,6179,6258
56029965300,"Park, WY (CT)",3995,64,4059,7012,143,7155
56029965400,"Park, WY (CT)",207,2537,2744,466,5303,5769
56029965500,"Park, WY (CT)",79,1952,2031,132,3892,4024
56031959100,"Platte, WY (CT)",1361,0,1361,2092,0,2092
56031959400,"Platte, WY (CT)",1477,1829,3306,2991,3584,6575
56033000100,"Sheridan, WY (CT)",47,2424,2471,97,5314,5411
56033000200,"Sheridan, WY (CT)",0,1641,1641,0,3206,3206
56033000300,"Sheridan, WY (CT)",0,1928,1928,0,3586,3586
56033000400,"Sheridan, WY (CT)",0,2454,2454,0,5675,5675
56033000500,"Sheridan, WY (CT)",3416,14,3430,6523,18,6541
56033000600,"Sheridan, WY (CT)",1728,287,2015,3710,987,4697
56035000101,"Sublette, WY (CT)",2160,0,2160,4321,0,4321
56035000102,"Sublette, WY (CT)",3610,0,3610,5926,0,5926
56037970500,"Sweetwater, WY (CT)",259,1074,1333,509,2211,2720
56037970601,"Sweetwater, WY (CT)",35,1792,1827,225,4450,4675
56037970602,"Sweetwater, WY (CT)",0,1180,1180,0,3471,3471
56037970700,"Sweetwater, WY (CT)",263,1279,1542,476,3233,3709
56037970800,"Sweetwater, WY (CT)",338,2236,2574,778,5101,5879
56037970901,"Sweetwater, WY (CT)",248,2269,2517,554,5751,6305
56037970902,"Sweetwater, WY (CT)",0,1760,1760,0,4105,4105
56037970903,"Sweetwater, WY (CT)",4,1170,1174,6,2835,2841
56037971000,"Sweetwater, WY (CT)",57,940,997,138,2026,2164
56037971100,"Sweetwater, WY (CT)",2,1528,1530,4,3317,3321
56037971200,"Sweetwater, WY (CT)",0,1138,1138,0,2524,2524
56037971600,"Sweetwater, WY (CT)",1163,0,1163,2092,0,2092
56039967600,"Teton, WY (CT)",3768,0,3768,4600,0,4600
56039967701,"Teton, WY (CT)",10,1124,1134,9,2262,2271
56039967702,"Teton, WY (CT)",2888,1099,3987,3989,2422,6411
56039967800,"Teton, WY (CT)",640,3284,3924,1289,6723,8012
56041975200,"Uinta, WY (CT)",2599,0,2599,6505,0,6505
56041975300,"Uinta, WY (CT)",659,2467,3126,1304,6457,7761
56041975400,"Uinta, WY (CT)",472,2516,2988,1292,5560,6852
56043000200,"Washakie, WY (CT)",1241,255,1496,2795,531,3326
56043000301,"Washakie, WY (CT)",0,1253,1253,0,2665,2665
56043000302,"Washakie, WY (CT)",118,966,1084,273,2269,2542
56045951100,"Weston, WY (CT)",1584,0,1584,3314,0,3314
56045951300,"Weston, WY (CT)",295,1654,1949,617,3277,3894
